2020  1 28 20  6 33.566  97013193  31.71713 -104.10020   4.060  2.36       1      15       1     0     0     0  0.00  0.00  -1.000  -1.000  -1.000    31.71713 -104.10020   4.060
2020  1 28 20  8 14.426  97013294  31.71910 -104.04247   4.841  2.57       2      13       1     0     0     0  0.00  0.00  -1.000  -1.000  -1.000    31.71910 -104.04247   4.841
2020  1 28 21 56  5.757  97019765  31.71818 -104.03379   5.383  1.75       3       3       3     2     3     7  0.00  0.00   0.051   0.280   0.010    31.71722 -104.02815   4.433
2020  1 29  0 29 17.711  97028957  31.71828 -104.03359   5.492  1.55       4       3       3     2     2     7  0.00  0.00   0.061   0.327   0.012    31.71706 -104.03696   6.979
2020  1 29  3 13  7.865  97038788  31.71390 -104.03893   6.809  1.33       5       1      30     2     4     4  0.06  0.09   0.000   0.000   0.000    31.72119 -104.04977   5.639
2020  1 29  3 39  1.734  97040341  31.71285 -104.03336   4.157  0.94       6      18       1     0     0     0  0.00  0.00  -1.000  -1.000  -1.000    31.71285 -104.03336   4.157
2020  1 29  3 47 49.641  97040869  31.68324 -104.05845   4.646  1.05       7       8       1     0     0     0  0.00  0.00  -1.000  -1.000  -1.000    31.68324 -104.05845   4.646
2020  1 29  4  0  5.656  97041605  31.71294 -104.04406   7.329  1.32       8       1      30     9    18    26  0.04  0.06   0.219   1.065   0.046    31.71629 -104.03335   5.453
2020  1 29  5 37 33.560  97047453  31.71334 -104.04189   4.130  1.53       9       1      30     6     6    21  0.09  0.10   0.232   0.818   0.082    31.71051 -104.04543   4.342
2020  1 29  5 56 13.478  97048573  31.68823 -104.07414   4.977  1.06      10      19       1     0     0     0  0.00  0.00  -1.000  -1.000  -1.000    31.68823 -104.07414   4.977
2020  1 29  5 59 47.209  97048787  31.71288 -104.04277   6.142  1.46      11       1      30     4     6    15  0.02  0.05   0.227   1.072   0.046    31.71118 -104.04497   4.901
2020  1 29  6 32 27.182  97050747  31.71251 -104.04427   5.831  1.49      12       1      30     8    21    27  0.01  0.01   0.166   0.311   0.042    31.71448 -104.04574   6.157
2020  1 29  6 39 48.160  97051188  31.71282 -104.04265   3.674  1.20      13       1      30     4     4    13  0.07  0.07   0.206   0.683   0.127    31.70885 -104.04330   4.031
2020  1 29  6 47 22.439  97051642  31.71247 -104.04635   6.203  1.65      14       1      30     4     6    11  0.03  0.04   0.188   1.251   0.113    31.71235 -104.04723   4.280
2020  1 29  7 19 30.540  97053570  31.71247 -104.04647   6.119  1.35      15       1      30     5    11    10  0.01  0.03   0.247   0.711   0.059    31.71995 -104.05547   6.655
2020  1 29  7 35  6.596  97054506  31.71316 -104.04401   5.876  2.45      16       1      30     7    34    23  0.01  0.09   0.165   0.326   0.040    31.71451 -104.03604   6.363
2020  1 29  7 39 50.800  97054791  31.71344 -104.04153   5.423  1.31      17       1      30     3     5     8  0.07  0.09   0.177   0.806   0.177    31.71229 -104.04168   2.986
2020  1 29  8  2 43.675  97056163  31.71329 -104.04370   5.932  1.92      18       1      30    11    48    33  0.01  0.08   0.167   0.308   0.040    31.71172 -104.04572   6.157
2020  1 29  8 10 28.539  97056628  31.71414 -104.03909   5.935  1.68      19       1      30     9    26    23  0.01  0.02   0.186   0.343   0.040    31.71594 -104.02259   6.106
2020  1 29  9 22 44.975  97060964  31.70179 -104.03914   0.417  1.45      20      22       1     0     0     0  0.00  0.00  -1.000  -1.000  -1.000    31.70179 -104.03914   0.417
2020  1 29  9 54 49.519  97062889  31.71278 -104.04277   7.238  1.54      21       1      30     3     7     9  0.02  0.04   0.296   1.134   0.074    31.70101 -104.04498   3.949
2020  1 29 10  1 25.382  97063285  31.70477 -104.03844   4.019  1.27      22      20       1     0     0     0  0.00  0.00  -1.000  -1.000  -1.000    31.70477 -104.03844   4.019
2020  1 29 10 24 48.438  97064688  31.71227 -104.04652   6.169  1.32      23       1      30     3    12     8  0.01  0.01   0.210   0.372   0.037    31.71311 -104.04304   6.209
2020  1 29 10 33  6.374  97065186  31.71202 -104.04567   4.717  1.45      24       1      30     4     8    10  0.02  0.03   0.428   0.726   0.103    31.70857 -104.05452   4.566
2020  1 31  3 25 51.733  97212351  31.71014 -104.02811   5.028  3.77      25       1      30     8    33    49  0.10  0.10   0.480   0.413   0.071    31.70349 -104.03383   6.157
2020  1 31  3 27 37.254  97212457  31.71577 -104.03639   4.123  3.71      26       1      30     1     3     6  0.01  0.34   0.621   0.074   0.071    31.70766 -104.02578   6.209
2020  1 31  4 52  9.038  97217528  31.71223 -104.04350   6.284  1.54      27       1      30     7    24    18  0.01  0.02   0.222   0.340   0.038    31.71358 -104.03927   6.157
2020  1 31  4 58 46.233  97217926  31.71823 -104.03406   5.085  1.11      28       3       3     2     3     6  0.00  0.00   0.061   0.510   0.013    31.72042 -104.03632   4.548
2020  1 31  5 30 45.601  97219845  31.71323 -104.04397   5.814  1.62      29       1      30    10    27    23  0.02  0.04   0.161   0.304   0.042    31.71910 -104.03930   6.466
2020  1 31  6 26 13.437  97223173  31.71624 -104.07071  11.291  1.12      30      16       1     0     0     0  0.00  0.00  -1.000  -1.000  -1.000    31.71624 -104.07071  11.291
2020  1 31  7 33 17.773  97227197  31.71144 -104.02855   5.362  1.37      31       1      30     4    13    15  0.01  0.02   0.497   0.389   0.074    31.71640 -104.02421   6.157
2020  1 31  9 27  2.776  97234022  31.69279 -104.05790   5.000  1.62      32      14       1     0     0     0  0.00  0.00  -1.000  -1.000  -1.000    31.69279 -104.05790   5.000
2020  1 31  9 49 53.807  97235393  31.71227 -104.04720   6.299  1.46      33       1      30     8    23    17  0.01  0.01   0.227   0.448   0.047    31.71541 -104.04143   6.157
2020  1 31  9 53 25.710  97235605  31.71502 -104.02600   4.740  1.29      34       7       1     0     0     0  0.00  0.00  -1.000  -1.000  -1.000    31.71502 -104.02600   4.740
2020  1 31 12 49 53.580  97246193  31.71388 -104.02850   5.782  1.64      35       1      30     4    16     3  0.01  0.00   0.201   0.302   0.048    31.71500 -104.02797   6.209
2020  1 31 12 57 51.583  97246671  31.71388 -104.02934   5.812  1.97      36       1      30     5    17     6  0.01  0.00   0.192   0.307   0.042    31.71594 -104.02259   6.106
2020  2  1 22 58 10.466  97369090  31.70149 -104.03901   2.885  1.40      37      17       1     0     0     0  0.00  0.00  -1.000  -1.000  -1.000    31.70149 -104.03901   2.885
2020  2  7 10 53 39.743  97844019  31.71239 -104.02563   5.172  2.14      38       1      30     5    21    32  0.01  0.05   0.501   0.400   0.072    31.70853 -104.03978   6.929
2020  2  8  1 12  4.843  97895524  31.71247 -104.04647   6.072  1.54      39       1      30     4     9     9  0.01  0.02   0.242   0.796   0.056    31.71716 -104.04760   6.979
2020  2  8 12 18 20.182  97935500  31.70582 -104.02577   6.209  1.32      40       9       1     0     0     0  0.00  0.00  -1.000  -1.000  -1.000    31.70582 -104.02577   6.209
2020  2 11 21 42  1.357  98228521  31.69799 -104.02225   3.658  1.70      41       4       2     1     0     4  0.00  0.05   0.409   0.356   0.155    31.70107 -104.02743   3.313
2020  2 14 16 58 17.826  98470697  31.71866 -104.08572   5.473  2.00      42      21       1     0     0     0  0.00  0.00  -1.000  -1.000  -1.000    31.71866 -104.08572   5.473
2020  2 18 13 28  7.532  98803686  31.71054 -104.04218   3.832  4.12      43       1      30     2     9    14  0.19  0.23   0.474   0.354   0.160    31.70802 -104.05109   6.157
2020  2 18 14 27 44.435  98807264  31.71334 -104.04426   5.888  1.98      44       1      30     4    14    12  0.01  0.00   0.168   0.292   0.040    31.71271 -104.02742   5.746
2020  2 18 14 34 37.619  98807677  31.70115 -104.00847   5.185  2.07      45      10       1     0     0     0  0.00  0.00  -1.000  -1.000  -1.000    31.70115 -104.00847   5.185
2020  2 22  0 21 33.592  99102093  31.69875 -104.02264   1.640  1.69      46       4       2     1     0     4  0.00  0.05   0.496   0.077   0.057    31.69567 -104.01746   1.985
2020  2 26 23 24  3.998  99530643  31.71177 -104.02281   5.176  2.12      47       1      30     4    21    30  0.01  0.01   0.476   0.413   0.076    31.70350 -104.03276   6.157
2020  3  3 16  6 39.438 100022799  31.71012 -104.04353   5.000  1.66      48      12       1     0     0     0  0.00  0.00  -1.000  -1.000  -1.000    31.71012 -104.04353   5.000
2020  3 12  8 41 39.236 100773699  31.71110 -104.02445   5.199  1.53      49       1      30     4    13    28  0.01  0.04   0.491   0.428   0.073    31.70859 -104.02255   6.106
2020  3 21  3 31 17.971 101532677  31.70060 -104.04257   0.637  1.11      50      11       1     0     0     0  0.00  0.00  -1.000  -1.000  -1.000    31.70060 -104.04257   0.637
2020  3 26  8 52 41.688 101983961  31.70837 -104.04954   6.280  4.06      51       5       2     1     4     4  0.32  0.09   0.000   0.000   0.000    31.70990 -104.04141   6.157
2020  3 26  9  6 37.305 101984797  31.70691 -104.05139   6.220  1.46      52       2       7     6    16    25  0.00  0.01   0.026   0.082   0.002    31.70896 -104.04571   6.157
2020  3 26  9 13 59.191 101985239  31.70773 -104.04767   6.354  1.71      53       2       7     6    15    17  0.00  0.01   0.031   0.151   0.004    31.71448 -104.04574   6.157
2020  3 26  9 15 40.824 101985340  31.70695 -104.05115   6.252  1.62      54       2       7     5     9    21  0.00  0.01   0.023   0.080   0.002    31.70894 -104.05217   6.363
2020  3 26  9 56 39.115 101987798  31.70691 -104.05127   6.184  1.30      55       2       7     6    16    22  0.00  0.01   0.024   0.078   0.003    31.70255 -104.03921   6.157
2020  3 26 10 23 25.310 101989405  31.70711 -104.05142   5.860  1.57      56       2       7     5    16    11  0.00  0.02   0.073   0.164   0.004    31.70435 -104.04999   6.157
2020  3 26 10 36 47.402 101990207  31.71268 -104.04501   8.376  1.42      57       1      30     2     5     3  0.03  0.03   0.000   0.000   0.000    31.72454 -104.05764   6.260
2020  3 26 10 45  4.369 101990704  31.70727 -104.04866   6.183  1.21      58       2       7     6    15    20  0.00  0.01   0.025   0.132   0.002    31.71076 -104.05757   6.157
2020  3 26 10 58 29.459 101991509  31.68510 -104.05877   5.807  1.55      59       6       2     1     3     3  0.01  0.00   0.048   0.198   0.005    31.68501 -104.06066   6.157
2020  3 26 12 58 58.190 101998738  31.68491 -104.06363   6.816  1.86      60       6       2     1     3     3  0.01  0.00   0.062   0.193   0.005    31.68500 -104.06174   6.466
2020  3 26 14 38  3.010 102004683  31.70688 -104.05063   6.251  2.00      61       2       7     6    19    18  0.00  0.02   0.033   0.113   0.003    31.69971 -104.06181   6.157
2020  3 26 15 16 28.079 102006987  31.70403 -104.04401   6.034  4.91      62       5       2     1     4     4  0.32  0.09   0.000   0.000   0.000    31.70250 -104.05214   6.157
