   6.1000000e-01   9.6963023e-01   0.0000000e+00
   6.3000000e-01   9.5678375e-01   0.0000000e+00
   6.5000000e-01   9.3812685e-01   0.0000000e+00
   6.7000000e-01   9.1624054e-01   0.0000000e+00
   6.9000000e-01   8.9112482e-01   0.0000000e+00
   7.1000000e-01   8.7056167e-01   0.0000000e+00
   7.3000000e-01   8.5124060e-01   0.0000000e+00
   7.5000000e-01   8.3316162e-01   0.0000000e+00
   7.7000000e-01   8.1717119e-01   0.0000000e+00
   7.9000000e-01   8.0211978e-01   0.0000000e+00
   8.1000000e-01   7.8800739e-01   0.0000000e+00
   8.3000000e-01   7.7518234e-01   0.0000000e+00
   8.5000000e-01   7.6209581e-01   0.0000000e+00
   8.7000000e-01   7.4874778e-01   0.0000000e+00
   8.9000000e-01   7.3741991e-01   0.0000000e+00
   9.1000000e-01   7.2699150e-01   0.0000000e+00
   9.3000000e-01   7.1746255e-01   0.0000000e+00
   9.5000000e-01   7.0908550e-01   0.0000000e+00
   9.7000000e-01   7.0091730e-01   0.0000000e+00
   9.9000000e-01   6.9295796e-01   0.0000000e+00
   1.0100000e+00   6.8547668e-01   0.0000000e+00
   1.0300000e+00   6.7870645e-01   0.0000000e+00
   1.0500000e+00   6.7264726e-01   0.0000000e+00
   1.0700000e+00   6.6748384e-01   0.0000000e+00
   1.0900000e+00   6.6285849e-01   0.0000000e+00
   1.1100000e+00   6.5877120e-01   0.0000000e+00
   1.1300000e+00   6.5568897e-01   0.0000000e+00
   1.1500000e+00   6.5279717e-01   0.0000000e+00
   1.1700000e+00   6.5009580e-01   0.0000000e+00
   1.1900000e+00   6.4528641e-01   0.0000000e+00
   1.2100000e+00   6.4068956e-01   0.0000000e+00
   1.2300000e+00   6.3630525e-01   0.0000000e+00
   1.2500000e+00   6.3079655e-01   0.0000000e+00
   1.2700000e+00   6.2531533e-01   0.0000000e+00
   1.2900000e+00   6.1986158e-01   0.0000000e+00
   1.3100000e+00   6.1612094e-01   0.0000000e+00
   1.3300000e+00   6.1238030e-01   0.0000000e+00
   1.3500000e+00   6.0863966e-01   0.0000000e+00
   1.3700000e+00   6.0342062e-01   0.0000000e+00
   1.3900000e+00   5.9832728e-01   0.0000000e+00
   1.4100000e+00   5.9335964e-01   0.0000000e+00
   1.4300000e+00   5.8855025e-01   0.0000000e+00
   1.4500000e+00   5.8381226e-01   0.0000000e+00
   1.4700000e+00   5.7914568e-01   0.0000000e+00
   1.4900000e+00   5.7487066e-01   0.0000000e+00
   1.5100000e+00   5.7059564e-01   0.0000000e+00
   1.5300000e+00   5.6632063e-01   0.0000000e+00
   1.5500000e+00   5.6248947e-01   0.0000000e+00
   1.5700000e+00   5.5886716e-01   0.0000000e+00
   1.5900000e+00   5.5545372e-01   0.0000000e+00
   1.6100000e+00   5.5224745e-01   0.0000000e+00
   1.6300000e+00   5.4913505e-01   0.0000000e+00
   1.6500000e+00   5.4611652e-01   0.0000000e+00
   1.6700000e+00   5.4397901e-01   0.0000000e+00
   1.6900000e+00   5.4209729e-01   0.0000000e+00
   1.7100000e+00   5.4047135e-01   0.0000000e+00
   1.7300000e+00   5.3926313e-01   0.0000000e+00
   1.7500000e+00   5.3798552e-01   0.0000000e+00
   1.7700000e+00   5.3663852e-01   0.0000000e+00
   1.7900000e+00   5.3519697e-01   0.0000000e+00
   1.8100000e+00   5.3396428e-01   0.0000000e+00
   1.8300000e+00   5.3294044e-01   0.0000000e+00
   1.8500000e+00   5.3240606e-01   0.0000000e+00
   1.8700000e+00   5.3164037e-01   0.0000000e+00
   1.8900000e+00   5.3064336e-01   0.0000000e+00
   1.9100000e+00   5.2957461e-01   0.0000000e+00
   1.9300000e+00   5.2850586e-01   0.0000000e+00
   1.9500000e+00   5.2743710e-01   0.0000000e+00
   1.9700000e+00   5.2636835e-01   0.0000000e+00
   1.9900000e+00   5.2529959e-01   0.0000000e+00
   2.0100000e+00   5.2423084e-01   0.0000000e+00
   2.0300000e+00   5.2316209e-01   0.0000000e+00
   2.0500000e+00   5.2167965e-01   0.0000000e+00
   2.0700000e+00   5.1978353e-01   0.0000000e+00
   2.0900000e+00   5.1764602e-01   0.0000000e+00
   2.1100000e+00   5.1559869e-01   0.0000000e+00
   2.1300000e+00   5.1364154e-01   0.0000000e+00
   2.1500000e+00   5.1210209e-01   0.0000000e+00
   2.1700000e+00   5.1079800e-01   0.0000000e+00
   2.1900000e+00   5.0972924e-01   0.0000000e+00
   2.2100000e+00   5.0769769e-01   0.0000000e+00
   2.2300000e+00   5.0579552e-01   0.0000000e+00
   2.2500000e+00   5.0402275e-01   0.0000000e+00
   2.2700000e+00   5.0241962e-01   0.0000000e+00
   2.2900000e+00   5.0081649e-01   0.0000000e+00
   2.3100000e+00   4.9921336e-01   0.0000000e+00
   2.3300000e+00   4.9761022e-01   0.0000000e+00
   2.3500000e+00   4.9600709e-01   0.0000000e+00
   2.3700000e+00   4.9440396e-01   0.0000000e+00
   2.3900000e+00   4.9280083e-01   0.0000000e+00
   2.4100000e+00   4.9119770e-01   0.0000000e+00
   2.4300000e+00   4.8959457e-01   0.0000000e+00
   2.4500000e+00   4.8799144e-01   0.0000000e+00
   2.4700000e+00   4.8642954e-01   0.0000000e+00
   2.4900000e+00   4.8490887e-01   0.0000000e+00
   2.5100000e+00   4.8384011e-01   0.0000000e+00
   2.5300000e+00   4.8227119e-01   0.0000000e+00
   2.5500000e+00   4.8020209e-01   0.0000000e+00
   2.5700000e+00   4.7921510e-01   0.0000000e+00
   2.5900000e+00   4.7832100e-01   0.0000000e+00
   2.6100000e+00   4.7751978e-01   0.0000000e+00
   2.6300000e+00   4.7645103e-01   0.0000000e+00
   2.6500000e+00   4.7538227e-01   0.0000000e+00
   2.6700000e+00   4.7431352e-01   0.0000000e+00
   2.6900000e+00   4.7324476e-01   0.0000000e+00
   2.7100000e+00   4.7240162e-01   0.0000000e+00
   2.7300000e+00   4.7178410e-01   0.0000000e+00
   2.7500000e+00   4.7091516e-01   0.0000000e+00
   2.7700000e+00   4.6994631e-01   0.0000000e+00
   2.7900000e+00   4.6887756e-01   0.0000000e+00
   2.8100000e+00   4.6780880e-01   0.0000000e+00
   2.8300000e+00   4.6674005e-01   0.0000000e+00
   2.8500000e+00   4.6567129e-01   0.0000000e+00
   2.8700000e+00   4.6460254e-01   0.0000000e+00
   2.8900000e+00   4.6373493e-01   0.0000000e+00
   2.9100000e+00   4.6306845e-01   0.0000000e+00
   2.9300000e+00   4.6196284e-01   0.0000000e+00
   2.9500000e+00   4.6077742e-01   0.0000000e+00
   2.9700000e+00   4.5951220e-01   0.0000000e+00
   2.9900000e+00   4.5887325e-01   0.0000000e+00
   3.0100000e+00   4.5775220e-01   0.0000000e+00
   3.0300000e+00   4.5614907e-01   0.0000000e+00
   3.0500000e+00   4.5501594e-01   0.0000000e+00
   3.0700000e+00   4.5391500e-01   0.0000000e+00
   3.0900000e+00   4.5284625e-01   0.0000000e+00
   3.1100000e+00   4.5177749e-01   0.0000000e+00
   3.1300000e+00   4.5076874e-01   0.0000000e+00
   3.1500000e+00   4.4981999e-01   0.0000000e+00
   3.1700000e+00   4.4928227e-01   0.0000000e+00
   3.1900000e+00   4.4847904e-01   0.0000000e+00
   3.2100000e+00   4.4741028e-01   0.0000000e+00
   3.2300000e+00   4.4634153e-01   0.0000000e+00
   3.2500000e+00   4.4557716e-01   0.0000000e+00
   3.2700000e+00   4.4511719e-01   0.0000000e+00
   3.2900000e+00   4.4474174e-01   0.0000000e+00
   3.3100000e+00   4.4405517e-01   0.0000000e+00
   3.3300000e+00   4.4305747e-01   0.0000000e+00
   3.3500000e+00   4.4252310e-01   0.0000000e+00
   3.3700000e+00   4.4198872e-01   0.0000000e+00
   3.3900000e+00   4.4145434e-01   0.0000000e+00
   3.4100000e+00   4.4091996e-01   0.0000000e+00
   3.4300000e+00   4.4038559e-01   0.0000000e+00
   3.4500000e+00   4.3985121e-01   0.0000000e+00
   3.4700000e+00   4.3931683e-01   0.0000000e+00
   3.4900000e+00   4.3878246e-01   0.0000000e+00
   3.5100000e+00   4.3824808e-01   0.0000000e+00
   3.5300000e+00   4.3771370e-01   0.0000000e+00
   3.5500000e+00   4.3739924e-01   0.0000000e+00
   3.5700000e+00   4.3730469e-01   0.0000000e+00
   3.5900000e+00   4.3730469e-01   0.0000000e+00
   3.6100000e+00   4.3720144e-01   0.0000000e+00
   3.6300000e+00   4.3699494e-01   0.0000000e+00
   3.6500000e+00   4.3655040e-01   0.0000000e+00
   3.6700000e+00   4.3632813e-01   0.0000000e+00
   3.6900000e+00   4.3632813e-01   0.0000000e+00
   3.7100000e+00   4.3582058e-01   0.0000000e+00
   3.7300000e+00   4.3529962e-01   0.0000000e+00
   3.7500000e+00   4.3476524e-01   0.0000000e+00
   3.7700000e+00   4.3395665e-01   0.0000000e+00
   2.0100000e+00   8.2508463e-01   1.0000000e+00
   2.0300000e+00   8.2290682e-01   1.0000000e+00
   2.0500000e+00   8.2074916e-01   1.0000000e+00
   2.0700000e+00   8.1861166e-01   1.0000000e+00
   2.0900000e+00   8.1647415e-01   1.0000000e+00
   2.1100000e+00   8.1442682e-01   1.0000000e+00
   2.1300000e+00   8.1246966e-01   1.0000000e+00
   2.1500000e+00   8.1080284e-01   1.0000000e+00
   2.1700000e+00   8.0890068e-01   1.0000000e+00
   2.1900000e+00   8.0676317e-01   1.0000000e+00
   2.2100000e+00   8.0462566e-01   1.0000000e+00
   2.2300000e+00   8.0248815e-01   1.0000000e+00
   2.2500000e+00   8.0035064e-01   1.0000000e+00
   2.2700000e+00   7.9846121e-01   1.0000000e+00
   2.2900000e+00   7.9658352e-01   1.0000000e+00
   2.3100000e+00   7.9471757e-01   1.0000000e+00
   2.3300000e+00   7.9207517e-01   1.0000000e+00
   2.3500000e+00   7.8995241e-01   1.0000000e+00
   2.3700000e+00   7.8834928e-01   1.0000000e+00
   2.3900000e+00   7.8674614e-01   1.0000000e+00
   2.4100000e+00   7.8482722e-01   1.0000000e+00
   2.4300000e+00   7.8259251e-01   1.0000000e+00
   2.4500000e+00   7.7932325e-01   1.0000000e+00
   2.4700000e+00   7.7563357e-01   1.0000000e+00
   2.4900000e+00   7.7152348e-01   1.0000000e+00
   2.5100000e+00   7.6831721e-01   1.0000000e+00
   2.5300000e+00   7.6586121e-01   1.0000000e+00
   2.5500000e+00   7.6415547e-01   1.0000000e+00
   2.5700000e+00   7.6255234e-01   1.0000000e+00
   2.5900000e+00   7.6108263e-01   1.0000000e+00
   2.6100000e+00   7.5974634e-01   1.0000000e+00
   2.6300000e+00   7.5867759e-01   1.0000000e+00
   2.6500000e+00   7.5759208e-01   1.0000000e+00
   2.6700000e+00   7.5648981e-01   1.0000000e+00
   2.6900000e+00   7.5488668e-01   1.0000000e+00
   2.7100000e+00   7.5373477e-01   1.0000000e+00
   2.7300000e+00   7.5303410e-01   1.0000000e+00
   2.7500000e+00   7.5183060e-01   1.0000000e+00
   2.7700000e+00   7.5042728e-01   1.0000000e+00
   2.7900000e+00   7.4882415e-01   1.0000000e+00
   2.8100000e+00   7.4722102e-01   1.0000000e+00
   2.8300000e+00   7.4561788e-01   1.0000000e+00
   2.8500000e+00   7.4401475e-01   1.0000000e+00
   2.8700000e+00   7.4137373e-01   1.0000000e+00
   2.8900000e+00   7.3932070e-01   1.0000000e+00
   2.9100000e+00   7.3785566e-01   1.0000000e+00
   2.9300000e+00   7.3650129e-01   1.0000000e+00
   2.9500000e+00   7.3502254e-01   1.0000000e+00
   2.9700000e+00   7.3341940e-01   1.0000000e+00
   2.9900000e+00   7.3181627e-01   1.0000000e+00
   3.0100000e+00   7.3021314e-01   1.0000000e+00
   3.0300000e+00   7.2861001e-01   1.0000000e+00
   3.0500000e+00   7.2794688e-01   1.0000000e+00
   3.0700000e+00   7.2717146e-01   1.0000000e+00
   3.0900000e+00   7.2628374e-01   1.0000000e+00
   3.1100000e+00   7.2521499e-01   1.0000000e+00
   3.1300000e+00   7.2414624e-01   1.0000000e+00
   3.1500000e+00   7.2307748e-01   1.0000000e+00
   3.1700000e+00   7.2200539e-01   1.0000000e+00
   3.1900000e+00   7.2066777e-01   1.0000000e+00
   3.2100000e+00   7.1906464e-01   1.0000000e+00
   3.2300000e+00   7.1704046e-01   1.0000000e+00
   3.2500000e+00   7.1450303e-01   1.0000000e+00
   3.2700000e+00   7.1145235e-01   1.0000000e+00
   3.2900000e+00   7.0771172e-01   1.0000000e+00
