   6.0000000e-01   9.6092028e-01   0.0000000e+00
   6.2000000e-01   9.4533018e-01   0.0000000e+00
   6.4000000e-01   9.2740511e-01   0.0000000e+00
   6.6000000e-01   9.0714507e-01   0.0000000e+00
   6.8000000e-01   8.8042622e-01   0.0000000e+00
   7.0000000e-01   8.5575603e-01   0.0000000e+00
   7.2000000e-01   8.3313449e-01   0.0000000e+00
   7.4000000e-01   8.1325659e-01   0.0000000e+00
   7.6000000e-01   7.9474279e-01   0.0000000e+00
   7.8000000e-01   7.7759309e-01   0.0000000e+00
   8.0000000e-01   7.6305158e-01   0.0000000e+00
   8.2000000e-01   7.4936831e-01   0.0000000e+00
   8.4000000e-01   7.3654326e-01   0.0000000e+00
   8.6000000e-01   7.2476416e-01   0.0000000e+00
   8.8000000e-01   7.1380909e-01   0.0000000e+00
   9.0000000e-01   7.0367804e-01   0.0000000e+00
   9.2000000e-01   6.9521784e-01   0.0000000e+00
   9.4000000e-01   6.8742008e-01   0.0000000e+00
   9.6000000e-01   6.8028476e-01   0.0000000e+00
   9.8000000e-01   6.7404119e-01   0.0000000e+00
   1.0000000e+00   6.6851471e-01   0.0000000e+00
   1.0200000e+00   6.6370531e-01   0.0000000e+00
   1.0400000e+00   6.6031801e-01   0.0000000e+00
   1.0600000e+00   6.5612781e-01   0.0000000e+00
   1.0800000e+00   6.5113473e-01   0.0000000e+00
   1.1000000e+00   6.4900407e-01   0.0000000e+00
   1.1200000e+00   6.4626882e-01   0.0000000e+00
   1.1400000e+00   6.4292896e-01   0.0000000e+00
   1.1600000e+00   6.3958910e-01   0.0000000e+00
   1.1800000e+00   6.3624925e-01   0.0000000e+00
   1.2000000e+00   6.3290939e-01   0.0000000e+00
   1.2200000e+00   6.2956954e-01   0.0000000e+00
   1.2400000e+00   6.2626823e-01   0.0000000e+00
   1.2600000e+00   6.2300548e-01   0.0000000e+00
   1.2800000e+00   6.1979922e-01   0.0000000e+00
   1.3000000e+00   6.1659296e-01   0.0000000e+00
   1.3200000e+00   6.1338669e-01   0.0000000e+00
   1.3400000e+00   6.1018043e-01   0.0000000e+00
   1.3600000e+00   6.0697417e-01   0.0000000e+00
   1.3800000e+00   6.0376791e-01   0.0000000e+00
   1.4000000e+00   6.0056164e-01   0.0000000e+00
   1.4200000e+00   5.9722565e-01   0.0000000e+00
   1.4400000e+00   5.9375991e-01   0.0000000e+00
   1.4600000e+00   5.9001927e-01   0.0000000e+00
   1.4800000e+00   5.8629170e-01   0.0000000e+00
   1.5000000e+00   5.8257721e-01   0.0000000e+00
   1.5200000e+00   5.7937095e-01   0.0000000e+00
   1.5400000e+00   5.7616468e-01   0.0000000e+00
   1.5600000e+00   5.7295842e-01   0.0000000e+00
   1.5800000e+00   5.7007935e-01   0.0000000e+00
   1.6000000e+00   5.6730387e-01   0.0000000e+00
   1.6200000e+00   5.6463199e-01   0.0000000e+00
   1.6400000e+00   5.6196010e-01   0.0000000e+00
   1.6600000e+00   5.5928822e-01   0.0000000e+00
   1.6800000e+00   5.5661633e-01   0.0000000e+00
   1.7000000e+00   5.5445602e-01   0.0000000e+00
   1.7200000e+00   5.5230711e-01   0.0000000e+00
   1.7400000e+00   5.5016960e-01   0.0000000e+00
   1.7600000e+00   5.4831034e-01   0.0000000e+00
   1.7800000e+00   5.4665993e-01   0.0000000e+00
   1.8000000e+00   5.4521838e-01   0.0000000e+00
   1.8200000e+00   5.4410471e-01   0.0000000e+00
   1.8400000e+00   5.4274631e-01   0.0000000e+00
   1.8600000e+00   5.4114318e-01   0.0000000e+00
   1.8800000e+00   5.3954005e-01   0.0000000e+00
   1.9000000e+00   5.3776394e-01   0.0000000e+00
   1.9200000e+00   5.3581484e-01   0.0000000e+00
   1.9400000e+00   5.3413593e-01   0.0000000e+00
   1.9600000e+00   5.3270578e-01   0.0000000e+00
   1.9800000e+00   5.3152440e-01   0.0000000e+00
   2.0000000e+00   5.2992126e-01   0.0000000e+00
   2.0200000e+00   5.2805296e-01   0.0000000e+00
   2.0400000e+00   5.2591948e-01   0.0000000e+00
   2.0600000e+00   5.2378197e-01   0.0000000e+00
   2.0800000e+00   5.2164446e-01   0.0000000e+00
   2.1000000e+00   5.1950696e-01   0.0000000e+00
   2.1200000e+00   5.1754980e-01   0.0000000e+00
   2.1400000e+00   5.1573781e-01   0.0000000e+00
   2.1600000e+00   5.1407099e-01   0.0000000e+00
   2.1800000e+00   5.1193349e-01   0.0000000e+00
   2.2000000e+00   5.1003668e-01   0.0000000e+00
   2.2200000e+00   5.0838057e-01   0.0000000e+00
   2.2400000e+00   5.0641270e-01   0.0000000e+00
   2.2600000e+00   5.0423598e-01   0.0000000e+00
   2.2800000e+00   5.0185040e-01   0.0000000e+00
   2.3000000e+00   4.9930992e-01   0.0000000e+00
   2.3200000e+00   4.9697830e-01   0.0000000e+00
   2.3400000e+00   4.9485553e-01   0.0000000e+00
   2.3600000e+00   4.9325240e-01   0.0000000e+00
   2.3800000e+00   4.9143305e-01   0.0000000e+00
   2.4000000e+00   4.8939746e-01   0.0000000e+00
   2.4200000e+00   4.8757574e-01   0.0000000e+00
   2.4400000e+00   4.8596288e-01   0.0000000e+00
   2.4600000e+00   4.8455887e-01   0.0000000e+00
   2.4800000e+00   4.8340766e-01   0.0000000e+00
   2.5000000e+00   4.8203049e-01   0.0000000e+00
   2.5200000e+00   4.8042735e-01   0.0000000e+00
   2.5400000e+00   4.7932440e-01   0.0000000e+00
   2.5600000e+00   4.7804679e-01   0.0000000e+00
   2.5800000e+00   4.7659452e-01   0.0000000e+00
   2.6000000e+00   4.7552508e-01   0.0000000e+00
   2.6200000e+00   4.7457299e-01   0.0000000e+00
   2.6400000e+00   4.7373825e-01   0.0000000e+00
   2.6600000e+00   4.7216864e-01   0.0000000e+00
   2.6800000e+00   4.7084945e-01   0.0000000e+00
   2.7000000e+00   4.6978070e-01   0.0000000e+00
   2.7200000e+00   4.6871195e-01   0.0000000e+00
   2.7400000e+00   4.6747591e-01   0.0000000e+00
   2.7600000e+00   4.6607259e-01   0.0000000e+00
   2.7800000e+00   4.6468736e-01   0.0000000e+00
   2.8000000e+00   4.6340975e-01   0.0000000e+00
   2.8200000e+00   4.6223976e-01   0.0000000e+00
   2.8400000e+00   4.6063663e-01   0.0000000e+00
   2.8600000e+00   4.5929297e-01   0.0000000e+00
   2.8800000e+00   4.5820879e-01   0.0000000e+00
   2.9000000e+00   4.5714003e-01   0.0000000e+00
   2.9200000e+00   4.5607128e-01   0.0000000e+00
   2.9400000e+00   4.5500253e-01   0.0000000e+00
   2.9600000e+00   4.5393377e-01   0.0000000e+00
   2.9800000e+00   4.5286502e-01   0.0000000e+00
   3.0000000e+00   4.5179626e-01   0.0000000e+00
   3.0200000e+00   4.5072751e-01   0.0000000e+00
   3.0400000e+00   4.4965875e-01   0.0000000e+00
   3.0600000e+00   4.4859000e-01   0.0000000e+00
   3.0800000e+00   4.4716791e-01   0.0000000e+00
   3.1000000e+00   4.4589197e-01   0.0000000e+00
   3.1200000e+00   4.4476218e-01   0.0000000e+00
   3.1400000e+00   4.4422780e-01   0.0000000e+00
   3.1600000e+00   4.4369343e-01   0.0000000e+00
   3.1800000e+00   4.4315905e-01   0.0000000e+00
   3.2000000e+00   4.4262467e-01   0.0000000e+00
   3.2200000e+00   4.4209030e-01   0.0000000e+00
   3.2400000e+00   4.4155592e-01   0.0000000e+00
   3.2600000e+00   4.4132593e-01   0.0000000e+00
   3.2800000e+00   4.4139866e-01   0.0000000e+00
   3.3000000e+00   4.4177411e-01   0.0000000e+00
   2.0700000e+00   8.1284384e-01   1.0000000e+00
   2.0900000e+00   8.1029127e-01   1.0000000e+00
   2.1100000e+00   8.0821342e-01   1.0000000e+00
   2.1300000e+00   8.0661029e-01   1.0000000e+00
   2.1500000e+00   8.0500716e-01   1.0000000e+00
   2.1700000e+00   8.0340402e-01   1.0000000e+00
   2.1900000e+00   8.0180089e-01   1.0000000e+00
   2.2100000e+00   7.9875356e-01   1.0000000e+00
   2.2300000e+00   7.9544439e-01   1.0000000e+00
   2.2500000e+00   7.9187339e-01   1.0000000e+00
   2.2700000e+00   7.8788468e-01   1.0000000e+00
   2.2900000e+00   7.8394993e-01   1.0000000e+00
   2.3100000e+00   7.8006914e-01   1.0000000e+00
   2.3300000e+00   7.7744148e-01   1.0000000e+00
   2.3500000e+00   7.7559327e-01   1.0000000e+00
   2.3700000e+00   7.7452452e-01   1.0000000e+00
   2.3900000e+00   7.7259085e-01   1.0000000e+00
   2.4100000e+00   7.7087106e-01   1.0000000e+00
   2.4300000e+00   7.6936513e-01   1.0000000e+00
   2.4500000e+00   7.6789812e-01   1.0000000e+00
   2.4700000e+00   7.6617833e-01   1.0000000e+00
   2.4900000e+00   7.6420574e-01   1.0000000e+00
   2.5100000e+00   7.6313699e-01   1.0000000e+00
   2.5300000e+00   7.6156806e-01   1.0000000e+00
   2.5500000e+00   7.5949896e-01   1.0000000e+00
   2.5700000e+00   7.5774496e-01   1.0000000e+00
   2.5900000e+00   7.5606640e-01   1.0000000e+00
   2.6100000e+00   7.5446326e-01   1.0000000e+00
   2.6300000e+00   7.5270995e-01   1.0000000e+00
   2.6500000e+00   7.5074779e-01   1.0000000e+00
   2.6700000e+00   7.4857676e-01   1.0000000e+00
   2.6900000e+00   7.4590488e-01   1.0000000e+00
   2.7100000e+00   7.4345861e-01   1.0000000e+00
   2.7300000e+00   7.4123795e-01   1.0000000e+00
   2.7500000e+00   7.3876588e-01   1.0000000e+00
   2.7700000e+00   7.3641180e-01   1.0000000e+00
   2.7900000e+00   7.3417571e-01   1.0000000e+00
   2.8100000e+00   7.3257258e-01   1.0000000e+00
   2.8300000e+00   7.3096945e-01   1.0000000e+00
   2.8500000e+00   7.2936632e-01   1.0000000e+00
   2.8700000e+00   7.2724424e-01   1.0000000e+00
   2.8900000e+00   7.2571787e-01   1.0000000e+00
   2.9100000e+00   7.2478720e-01   1.0000000e+00
   2.9300000e+00   7.2396721e-01   1.0000000e+00
   2.9500000e+00   7.2293836e-01   1.0000000e+00
   2.9700000e+00   7.2170065e-01   1.0000000e+00
   2.9900000e+00   7.2004524e-01   1.0000000e+00
   3.0100000e+00   7.1814877e-01   1.0000000e+00
   3.0300000e+00   7.1601127e-01   1.0000000e+00
   3.0500000e+00   7.1387376e-01   1.0000000e+00
   3.0700000e+00   7.1155958e-01   1.0000000e+00
   3.0900000e+00   7.0906874e-01   1.0000000e+00
   3.1100000e+00   7.0639685e-01   1.0000000e+00
   3.1300000e+00   7.0390498e-01   1.0000000e+00
   3.1500000e+00   7.0159311e-01   1.0000000e+00
   3.1700000e+00   7.0051767e-01   1.0000000e+00
   3.1900000e+00   6.9891120e-01   1.0000000e+00
   3.2100000e+00   6.9677369e-01   1.0000000e+00
   3.2300000e+00   6.9589934e-01   1.0000000e+00
   3.2500000e+00   6.9519498e-01   1.0000000e+00
   3.2700000e+00   6.9466060e-01   1.0000000e+00
   3.2900000e+00   6.9412623e-01   1.0000000e+00
   3.3100000e+00   6.9359185e-01   1.0000000e+00
   3.3300000e+00   6.9305747e-01   1.0000000e+00
   3.3500000e+00   6.9252310e-01   1.0000000e+00
