   6.0000000e-01   9.5384198e-01   0.0000000e+00
   6.2000000e-01   9.3649453e-01   0.0000000e+00
   6.4000000e-01   9.1686608e-01   0.0000000e+00
   6.6000000e-01   8.9495662e-01   0.0000000e+00
   6.8000000e-01   8.7304716e-01   0.0000000e+00
   7.0000000e-01   8.5136533e-01   0.0000000e+00
   7.2000000e-01   8.2991113e-01   0.0000000e+00
   7.4000000e-01   8.1192197e-01   0.0000000e+00
   7.6000000e-01   7.9602138e-01   0.0000000e+00
   7.8000000e-01   7.8220935e-01   0.0000000e+00
   8.0000000e-01   7.7141654e-01   0.0000000e+00
   8.2000000e-01   7.6040918e-01   0.0000000e+00
   8.4000000e-01   7.4918726e-01   0.0000000e+00
   8.6000000e-01   7.3953427e-01   0.0000000e+00
   8.8000000e-01   7.3091416e-01   0.0000000e+00
   9.0000000e-01   7.2332693e-01   0.0000000e+00
   9.2000000e-01   7.1724897e-01   0.0000000e+00
   9.4000000e-01   7.1145161e-01   0.0000000e+00
   9.6000000e-01   7.0593486e-01   0.0000000e+00
   9.8000000e-01   7.0022567e-01   0.0000000e+00
   1.0000000e+00   6.9523356e-01   0.0000000e+00
   1.0200000e+00   6.9095854e-01   0.0000000e+00
   1.0400000e+00   6.8573547e-01   0.0000000e+00
   1.0600000e+00   6.8080941e-01   0.0000000e+00
   1.0800000e+00   6.7618037e-01   0.0000000e+00
   1.1000000e+00   6.7166465e-01   0.0000000e+00
   1.1200000e+00   6.6706412e-01   0.0000000e+00
   1.1400000e+00   6.6237876e-01   0.0000000e+00
   1.1600000e+00   6.5810374e-01   0.0000000e+00
   1.1800000e+00   6.5382872e-01   0.0000000e+00
   1.2000000e+00   6.4955371e-01   0.0000000e+00
   1.2200000e+00   6.4612886e-01   0.0000000e+00
   1.2400000e+00   6.4250488e-01   0.0000000e+00
   1.2600000e+00   6.3868178e-01   0.0000000e+00
   1.2800000e+00   6.3440677e-01   0.0000000e+00
   1.3000000e+00   6.3013175e-01   0.0000000e+00
   1.3200000e+00   6.2585674e-01   0.0000000e+00
   1.3400000e+00   6.2158172e-01   0.0000000e+00
   1.3600000e+00   6.1730670e-01   0.0000000e+00
   1.3800000e+00   6.1303169e-01   0.0000000e+00
   1.4000000e+00   6.0913281e-01   0.0000000e+00
   1.4200000e+00   6.0518331e-01   0.0000000e+00
   1.4400000e+00   6.0118320e-01   0.0000000e+00
   1.4600000e+00   5.9705099e-01   0.0000000e+00
   1.4800000e+00   5.9312764e-01   0.0000000e+00
   1.5000000e+00   5.8941314e-01   0.0000000e+00
   1.5200000e+00   5.8620688e-01   0.0000000e+00
   1.5400000e+00   5.8277869e-01   0.0000000e+00
   1.5600000e+00   5.7912857e-01   0.0000000e+00
   1.5800000e+00   5.7571513e-01   0.0000000e+00
   1.6000000e+00   5.7251054e-01   0.0000000e+00
   1.6200000e+00   5.6951480e-01   0.0000000e+00
   1.6400000e+00   5.6684291e-01   0.0000000e+00
   1.6600000e+00   5.6417103e-01   0.0000000e+00
   1.6800000e+00   5.6149914e-01   0.0000000e+00
   1.7000000e+00   5.5882726e-01   0.0000000e+00
   1.7200000e+00   5.5615537e-01   0.0000000e+00
   1.7400000e+00   5.5348349e-01   0.0000000e+00
   1.7600000e+00   5.5108985e-01   0.0000000e+00
   1.7800000e+00   5.4890506e-01   0.0000000e+00
   1.8000000e+00   5.4692914e-01   0.0000000e+00
   1.8200000e+00   5.4528109e-01   0.0000000e+00
   1.8400000e+00   5.4338831e-01   0.0000000e+00
   1.8600000e+00   5.4125080e-01   0.0000000e+00
   1.8800000e+00   5.3911330e-01   0.0000000e+00
   1.9000000e+00   5.3697579e-01   0.0000000e+00
   1.9200000e+00   5.3483828e-01   0.0000000e+00
   1.9400000e+00   5.3293007e-01   0.0000000e+00
   1.9600000e+00   5.3111808e-01   0.0000000e+00
   1.9800000e+00   5.2940232e-01   0.0000000e+00
   2.0000000e+00   5.2726481e-01   0.0000000e+00
   2.0200000e+00   5.2459695e-01   0.0000000e+00
   2.0400000e+00   5.2139875e-01   0.0000000e+00
   2.0600000e+00   5.1901985e-01   0.0000000e+00
   2.0800000e+00   5.1676165e-01   0.0000000e+00
   2.1000000e+00   5.1462414e-01   0.0000000e+00
   2.1200000e+00   5.1248664e-01   0.0000000e+00
   2.1400000e+00   5.1034913e-01   0.0000000e+00
   2.1600000e+00   5.0821162e-01   0.0000000e+00
   2.1800000e+00   5.0607411e-01   0.0000000e+00
   2.2000000e+00   5.0369590e-01   0.0000000e+00
   2.2200000e+00   5.0107699e-01   0.0000000e+00
   2.2400000e+00   4.9876984e-01   0.0000000e+00
   2.2600000e+00   4.9654752e-01   0.0000000e+00
   2.2800000e+00   4.9441001e-01   0.0000000e+00
   2.3000000e+00   4.9227250e-01   0.0000000e+00
   2.3200000e+00   4.9014973e-01   0.0000000e+00
   2.3400000e+00   4.8804171e-01   0.0000000e+00
   2.3600000e+00   4.8697296e-01   0.0000000e+00
   2.3800000e+00   4.8547175e-01   0.0000000e+00
   2.4000000e+00   4.8353808e-01   0.0000000e+00
   2.4200000e+00   4.8171637e-01   0.0000000e+00
   2.4400000e+00   4.8010350e-01   0.0000000e+00
   2.4600000e+00   4.7869950e-01   0.0000000e+00
   2.4800000e+00   4.7763074e-01   0.0000000e+00
   2.5000000e+00   4.7656199e-01   0.0000000e+00
   2.5200000e+00   4.7549324e-01   0.0000000e+00
   2.5400000e+00   4.7442448e-01   0.0000000e+00
   2.5600000e+00   4.7335573e-01   0.0000000e+00
   2.5800000e+00   4.7228697e-01   0.0000000e+00
   2.6000000e+00   4.7121822e-01   0.0000000e+00
   2.6200000e+00   4.7014947e-01   0.0000000e+00
   2.6400000e+00   4.6908071e-01   0.0000000e+00
   2.6600000e+00   4.6797844e-01   0.0000000e+00
   2.6800000e+00   4.6662574e-01   0.0000000e+00
   2.7000000e+00   4.6502261e-01   0.0000000e+00
   2.7200000e+00   4.6387071e-01   0.0000000e+00
   2.7400000e+00   4.6259310e-01   0.0000000e+00
   2.7600000e+00   4.6118978e-01   0.0000000e+00
   2.7800000e+00   4.5958665e-01   0.0000000e+00
   2.8000000e+00   4.5798352e-01   0.0000000e+00
   2.8200000e+00   4.5638039e-01   0.0000000e+00
   2.8400000e+00   4.5477726e-01   0.0000000e+00
   2.8600000e+00   4.5343360e-01   0.0000000e+00
   2.8800000e+00   4.5234941e-01   0.0000000e+00
   2.9000000e+00   4.5087838e-01   0.0000000e+00
   2.9200000e+00   4.4934129e-01   0.0000000e+00
   2.9400000e+00   4.4773816e-01   0.0000000e+00
   2.9600000e+00   4.4630398e-01   0.0000000e+00
   2.9800000e+00   4.4500023e-01   0.0000000e+00
   3.0000000e+00   4.4382690e-01   0.0000000e+00
   3.0200000e+00   4.4168939e-01   0.0000000e+00
   3.0400000e+00   4.4002189e-01   0.0000000e+00
   3.0600000e+00   4.3882438e-01   0.0000000e+00
   3.0800000e+00   4.3775562e-01   0.0000000e+00
   3.1000000e+00   4.3645020e-01   0.0000000e+00
   3.1200000e+00   4.3490810e-01   0.0000000e+00
   3.1400000e+00   4.3313061e-01   0.0000000e+00
   3.1600000e+00   4.3197468e-01   0.0000000e+00
   3.1800000e+00   4.3144030e-01   0.0000000e+00
   3.2000000e+00   4.3090592e-01   0.0000000e+00
   3.2200000e+00   4.3016102e-01   0.0000000e+00
   3.2400000e+00   4.2920559e-01   0.0000000e+00
   3.2600000e+00   4.2935439e-01   0.0000000e+00
   2.0100000e+00   7.9185128e-01   1.0000000e+00
   2.0300000e+00   7.8810258e-01   1.0000000e+00
   2.0500000e+00   7.8415107e-01   1.0000000e+00
   2.0700000e+00   7.7999675e-01   1.0000000e+00
   2.0900000e+00   7.7631577e-01   1.0000000e+00
   2.1100000e+00   7.7287215e-01   1.0000000e+00
   2.1300000e+00   7.6966588e-01   1.0000000e+00
   2.1500000e+00   7.6645962e-01   1.0000000e+00
   2.1700000e+00   7.6325336e-01   1.0000000e+00
   2.1900000e+00   7.6004710e-01   1.0000000e+00
   2.2100000e+00   7.5684084e-01   1.0000000e+00
   2.2300000e+00   7.5363457e-01   1.0000000e+00
   2.2500000e+00   7.5042831e-01   1.0000000e+00
   2.2700000e+00   7.4747012e-01   1.0000000e+00
   2.2900000e+00   7.4472079e-01   1.0000000e+00
   2.3100000e+00   7.4218031e-01   1.0000000e+00
   2.3300000e+00   7.4002806e-01   1.0000000e+00
   2.3500000e+00   7.3761599e-01   1.0000000e+00
   2.3700000e+00   7.3494411e-01   1.0000000e+00
   2.3900000e+00   7.3270467e-01   1.0000000e+00
   2.4100000e+00   7.3051620e-01   1.0000000e+00
   2.4300000e+00   7.2837870e-01   1.0000000e+00
   2.4500000e+00   7.2624119e-01   1.0000000e+00
   2.4700000e+00   7.2414491e-01   1.0000000e+00
   2.4900000e+00   7.2208986e-01   1.0000000e+00
   2.5100000e+00   7.2048673e-01   1.0000000e+00
   2.5300000e+00   7.1863351e-01   1.0000000e+00
   2.5500000e+00   7.1653021e-01   1.0000000e+00
   2.5700000e+00   7.1515972e-01   1.0000000e+00
   2.5900000e+00   7.1394010e-01   1.0000000e+00
   2.6100000e+00   7.1287134e-01   1.0000000e+00
   2.6300000e+00   7.1225313e-01   1.0000000e+00
   2.6500000e+00   7.1219445e-01   1.0000000e+00
   2.6700000e+00   7.1269531e-01   1.0000000e+00
   2.6900000e+00   7.1269531e-01   1.0000000e+00
