   6.0000000e-01   9.6906066e-01   0.0000000e+00
   6.2000000e-01   9.5179568e-01   0.0000000e+00
   6.4000000e-01   9.3287861e-01   0.0000000e+00
   6.6000000e-01   9.1230947e-01   0.0000000e+00
   6.8000000e-01   8.8826251e-01   0.0000000e+00
   7.0000000e-01   8.6444317e-01   0.0000000e+00
   7.2000000e-01   8.4085146e-01   0.0000000e+00
   7.4000000e-01   8.1733887e-01   0.0000000e+00
   7.6000000e-01   7.9593460e-01   0.0000000e+00
   7.8000000e-01   7.7663864e-01   0.0000000e+00
   8.0000000e-01   7.6285816e-01   0.0000000e+00
   8.2000000e-01   7.4821945e-01   0.0000000e+00
   8.4000000e-01   7.3272252e-01   0.0000000e+00
   8.6000000e-01   7.1931749e-01   0.0000000e+00
   8.8000000e-01   7.0674788e-01   0.0000000e+00
   9.0000000e-01   6.9501370e-01   0.0000000e+00
   9.2000000e-01   6.8552966e-01   0.0000000e+00
   9.4000000e-01   6.7712578e-01   0.0000000e+00
   9.6000000e-01   6.6980205e-01   0.0000000e+00
   9.8000000e-01   6.6386758e-01   0.0000000e+00
   1.0000000e+00   6.5769409e-01   0.0000000e+00
   1.0200000e+00   6.5128157e-01   0.0000000e+00
   1.0400000e+00   6.4534307e-01   0.0000000e+00
   1.0600000e+00   6.3997080e-01   0.0000000e+00
   1.0800000e+00   6.3516474e-01   0.0000000e+00
   1.1000000e+00   6.3016763e-01   0.0000000e+00
   1.1200000e+00   6.2485403e-01   0.0000000e+00
   1.1400000e+00   6.1922395e-01   0.0000000e+00
   1.1600000e+00   6.1440719e-01   0.0000000e+00
   1.1800000e+00   6.0932692e-01   0.0000000e+00
   1.2000000e+00   6.0398315e-01   0.0000000e+00
   1.2200000e+00   5.9863938e-01   0.0000000e+00
   1.2400000e+00   5.9344982e-01   0.0000000e+00
   1.2600000e+00   5.8841447e-01   0.0000000e+00
   1.2800000e+00   5.8341332e-01   0.0000000e+00
   1.3000000e+00   5.7824086e-01   0.0000000e+00
   1.3200000e+00   5.7289709e-01   0.0000000e+00
   1.3400000e+00   5.6755332e-01   0.0000000e+00
   1.3600000e+00   5.6245595e-01   0.0000000e+00
   1.3800000e+00   5.5760498e-01   0.0000000e+00
   1.4000000e+00   5.5279559e-01   0.0000000e+00
   1.4200000e+00   5.4798620e-01   0.0000000e+00
   1.4400000e+00   5.4317680e-01   0.0000000e+00
   1.4600000e+00   5.3836741e-01   0.0000000e+00
   1.4800000e+00   5.3358416e-01   0.0000000e+00
   1.5000000e+00   5.2882705e-01   0.0000000e+00
   1.5200000e+00   5.2508642e-01   0.0000000e+00
   1.5400000e+00   5.2134578e-01   0.0000000e+00
   1.5600000e+00   5.1760514e-01   0.0000000e+00
   1.5800000e+00   5.1419169e-01   0.0000000e+00
   1.6000000e+00   5.1098710e-01   0.0000000e+00
   1.6200000e+00   5.0799136e-01   0.0000000e+00
   1.6400000e+00   5.0541334e-01   0.0000000e+00
   1.6600000e+00   5.0305557e-01   0.0000000e+00
   1.6800000e+00   5.0091806e-01   0.0000000e+00
   1.7000000e+00   4.9878056e-01   0.0000000e+00
   1.7200000e+00   4.9684050e-01   0.0000000e+00
   1.7400000e+00   4.9509791e-01   0.0000000e+00
   1.7600000e+00   4.9349477e-01   0.0000000e+00
   1.7800000e+00   4.9181085e-01   0.0000000e+00
   1.8000000e+00   4.9004614e-01   0.0000000e+00
   1.8200000e+00   4.8799846e-01   0.0000000e+00
   1.8400000e+00   4.8644025e-01   0.0000000e+00
   1.8600000e+00   4.8537150e-01   0.0000000e+00
   1.8800000e+00   4.8430274e-01   0.0000000e+00
   1.9000000e+00   4.8288802e-01   0.0000000e+00
   1.9200000e+00   4.8112734e-01   0.0000000e+00
   1.9400000e+00   4.7944843e-01   0.0000000e+00
   1.9600000e+00   4.7801828e-01   0.0000000e+00
   1.9800000e+00   4.7683690e-01   0.0000000e+00
   2.0000000e+00   4.7523376e-01   0.0000000e+00
   2.0200000e+00   4.7363063e-01   0.0000000e+00
   2.0400000e+00   4.7202750e-01   0.0000000e+00
   2.0600000e+00   4.7042437e-01   0.0000000e+00
   2.0800000e+00   4.6867273e-01   0.0000000e+00
   2.1000000e+00   4.6677258e-01   0.0000000e+00
   2.1200000e+00   4.6481543e-01   0.0000000e+00
   2.1400000e+00   4.6303528e-01   0.0000000e+00
   2.1600000e+00   4.6143215e-01   0.0000000e+00
   2.1800000e+00   4.5982902e-01   0.0000000e+00
   2.2000000e+00   4.5798519e-01   0.0000000e+00
   2.2200000e+00   4.5590066e-01   0.0000000e+00
   2.2400000e+00   4.5376315e-01   0.0000000e+00
   2.2600000e+00   4.5187371e-01   0.0000000e+00
   2.2800000e+00   4.5023235e-01   0.0000000e+00
   2.3000000e+00   4.4903219e-01   0.0000000e+00
   2.3200000e+00   4.4763791e-01   0.0000000e+00
   2.3400000e+00   4.4604952e-01   0.0000000e+00
   2.3600000e+00   4.4498077e-01   0.0000000e+00
   2.3800000e+00   4.4347956e-01   0.0000000e+00
   2.4000000e+00   4.4154590e-01   0.0000000e+00
   2.4200000e+00   4.4035576e-01   0.0000000e+00
   2.4400000e+00   4.3929438e-01   0.0000000e+00
   2.4600000e+00   4.3836175e-01   0.0000000e+00
   2.4800000e+00   4.3692354e-01   0.0000000e+00
   2.5000000e+00   4.3593725e-01   0.0000000e+00
   2.5200000e+00   4.3540287e-01   0.0000000e+00
   2.5400000e+00   4.3436832e-01   0.0000000e+00
   2.5600000e+00   4.3370017e-01   0.0000000e+00
   2.5800000e+00   4.3339844e-01   0.0000000e+00
   2.6000000e+00   4.3286475e-01   0.0000000e+00
   2.6200000e+00   4.3221371e-01   0.0000000e+00
   2.6400000e+00   4.3144531e-01   0.0000000e+00
   2.6600000e+00   4.3137828e-01   0.0000000e+00
   2.6800000e+00   4.3081039e-01   0.0000000e+00
   2.7000000e+00   4.2974164e-01   0.0000000e+00
   2.7200000e+00   4.2957534e-01   0.0000000e+00
   2.7400000e+00   4.2932491e-01   0.0000000e+00
   2.7600000e+00   4.2899034e-01   0.0000000e+00
   2.7800000e+00   4.2845597e-01   0.0000000e+00
   2.8000000e+00   4.2797221e-01   0.0000000e+00
   2.8200000e+00   4.2753906e-01   0.0000000e+00
   2.8400000e+00   4.2753906e-01   0.0000000e+00
   2.8600000e+00   4.2727959e-01   0.0000000e+00
   2.8800000e+00   4.2676064e-01   0.0000000e+00
   2.9000000e+00   4.2622627e-01   0.0000000e+00
   2.9200000e+00   4.2569189e-01   0.0000000e+00
   2.9400000e+00   4.2515751e-01   0.0000000e+00
   2.9600000e+00   4.2462314e-01   0.0000000e+00
   2.9800000e+00   4.2406262e-01   0.0000000e+00
   3.0000000e+00   4.2347595e-01   0.0000000e+00
   3.0200000e+00   4.2240720e-01   0.0000000e+00
   3.0400000e+00   4.2157344e-01   0.0000000e+00
   3.0600000e+00   4.2097469e-01   0.0000000e+00
   3.0800000e+00   4.2044031e-01   0.0000000e+00
   3.1000000e+00   4.1978760e-01   0.0000000e+00
   3.1200000e+00   4.1901655e-01   0.0000000e+00
   3.1400000e+00   4.1806780e-01   0.0000000e+00
   3.1600000e+00   4.1732624e-01   0.0000000e+00
   3.1800000e+00   4.1679186e-01   0.0000000e+00
   3.2000000e+00   4.1625749e-01   0.0000000e+00
   3.2200000e+00   4.1551258e-01   0.0000000e+00
   3.2400000e+00   4.1455715e-01   0.0000000e+00
   3.2600000e+00   4.1379279e-01   0.0000000e+00
   3.2800000e+00   4.1323728e-01   0.0000000e+00
   3.3000000e+00   4.1289063e-01   0.0000000e+00
   3.3200000e+00   4.1267745e-01   0.0000000e+00
   3.3400000e+00   4.1176929e-01   0.0000000e+00
   3.3600000e+00   4.1016616e-01   0.0000000e+00
   3.3800000e+00   4.1002935e-01   0.0000000e+00
   3.4000000e+00   4.0977488e-01   0.0000000e+00
   3.4200000e+00   4.0940278e-01   0.0000000e+00
   3.4400000e+00   4.0937928e-01   0.0000000e+00
   3.4600000e+00   4.0984289e-01   0.0000000e+00
   3.4800000e+00   4.1079361e-01   0.0000000e+00
   2.0100000e+00   7.1270136e-01   1.0000000e+00
   2.0300000e+00   7.1163663e-01   1.0000000e+00
   2.0500000e+00   7.1077674e-01   1.0000000e+00
   2.0700000e+00   7.1012166e-01   1.0000000e+00
   2.0900000e+00   7.0958729e-01   1.0000000e+00
   2.1100000e+00   7.0914309e-01   1.0000000e+00
   2.1300000e+00   7.0878906e-01   1.0000000e+00
   2.1500000e+00   7.0872537e-01   1.0000000e+00
   2.1700000e+00   7.0842634e-01   1.0000000e+00
   2.1900000e+00   7.0789196e-01   1.0000000e+00
   2.2100000e+00   7.0735759e-01   1.0000000e+00
   2.2300000e+00   7.0682321e-01   1.0000000e+00
   2.2500000e+00   7.0628883e-01   1.0000000e+00
   2.2700000e+00   7.0501024e-01   1.0000000e+00
   2.2900000e+00   7.0343360e-01   1.0000000e+00
   2.3100000e+00   7.0155890e-01   1.0000000e+00
   2.3300000e+00   7.0047541e-01   1.0000000e+00
   2.3500000e+00   6.9913209e-01   1.0000000e+00
   2.3700000e+00   6.9752896e-01   1.0000000e+00
   2.3900000e+00   6.9592583e-01   1.0000000e+00
   2.4100000e+00   6.9432270e-01   1.0000000e+00
   2.4300000e+00   6.9271957e-01   1.0000000e+00
   2.4500000e+00   6.9111644e-01   1.0000000e+00
   2.4700000e+00   6.8947208e-01   1.0000000e+00
   2.4900000e+00   6.8778648e-01   1.0000000e+00
   2.5100000e+00   6.8564898e-01   1.0000000e+00
   2.5300000e+00   6.8376156e-01   1.0000000e+00
   2.5500000e+00   6.8212422e-01   1.0000000e+00
   2.5700000e+00   6.8013758e-01   1.0000000e+00
   2.5900000e+00   6.7820893e-01   1.0000000e+00
   2.6100000e+00   6.7633826e-01   1.0000000e+00
   2.6300000e+00   6.7458495e-01   1.0000000e+00
   2.6500000e+00   6.7263954e-01   1.0000000e+00
   2.6700000e+00   6.7050204e-01   1.0000000e+00
   2.6900000e+00   6.6836453e-01   1.0000000e+00
   2.7100000e+00   6.6645263e-01   1.0000000e+00
   2.7300000e+00   6.6476635e-01   1.0000000e+00
   2.7500000e+00   6.6349778e-01   1.0000000e+00
   2.7700000e+00   6.6222017e-01   1.0000000e+00
   2.7900000e+00   6.6093352e-01   1.0000000e+00
   2.8100000e+00   6.5933039e-01   1.0000000e+00
   2.8300000e+00   6.5772726e-01   1.0000000e+00
   2.8500000e+00   6.5612413e-01   1.0000000e+00
   2.8700000e+00   6.5503994e-01   1.0000000e+00
   2.8900000e+00   6.5396347e-01   1.0000000e+00
   2.9100000e+00   6.5289472e-01   1.0000000e+00
   2.9300000e+00   6.5211158e-01   1.0000000e+00
   2.9500000e+00   6.5136835e-01   1.0000000e+00
   2.9700000e+00   6.5066502e-01   1.0000000e+00
   2.9900000e+00   6.4959627e-01   1.0000000e+00
   3.0100000e+00   6.4852751e-01   1.0000000e+00
   3.0300000e+00   6.4745876e-01   1.0000000e+00
   3.0500000e+00   6.4639000e-01   1.0000000e+00
   3.0700000e+00   6.4514458e-01   1.0000000e+00
   3.0900000e+00   6.4372249e-01   1.0000000e+00
   3.1100000e+00   6.4235603e-01   1.0000000e+00
   3.1300000e+00   6.4113842e-01   1.0000000e+00
   3.1500000e+00   6.4006967e-01   1.0000000e+00
   3.1700000e+00   6.3900092e-01   1.0000000e+00
   3.1900000e+00   6.3793216e-01   1.0000000e+00
   3.2100000e+00   6.3686341e-01   1.0000000e+00
   3.2300000e+00   6.3579465e-01   1.0000000e+00
   3.2500000e+00   6.3457371e-01   1.0000000e+00
   3.2700000e+00   6.3320056e-01   1.0000000e+00
   3.2900000e+00   6.3178516e-01   1.0000000e+00
