   6.0000000e-01   9.7524084e-01   0.0000000e+00
   6.2000000e-01   9.6178824e-01   0.0000000e+00
   6.4000000e-01   9.4613209e-01   0.0000000e+00
   6.6000000e-01   9.2827238e-01   0.0000000e+00
   6.8000000e-01   9.0743167e-01   0.0000000e+00
   7.0000000e-01   8.8659097e-01   0.0000000e+00
   7.2000000e-01   8.6575026e-01   0.0000000e+00
   7.4000000e-01   8.4423237e-01   0.0000000e+00
   7.6000000e-01   8.2385027e-01   0.0000000e+00
   7.8000000e-01   8.0460394e-01   0.0000000e+00
   8.0000000e-01   7.8879122e-01   0.0000000e+00
   8.2000000e-01   7.7233483e-01   0.0000000e+00
   8.4000000e-01   7.5523476e-01   0.0000000e+00
   8.6000000e-01   7.4284148e-01   0.0000000e+00
   8.8000000e-01   7.3131212e-01   0.0000000e+00
   9.0000000e-01   7.2064670e-01   0.0000000e+00
   9.2000000e-01   7.1165212e-01   0.0000000e+00
   9.4000000e-01   7.0349296e-01   0.0000000e+00
   9.6000000e-01   6.9616924e-01   0.0000000e+00
   9.8000000e-01   6.9029109e-01   0.0000000e+00
   1.0000000e+00   6.8441294e-01   0.0000000e+00
   1.0200000e+00   6.7853479e-01   0.0000000e+00
   1.0400000e+00   6.7407874e-01   0.0000000e+00
   1.0600000e+00   6.6953452e-01   0.0000000e+00
   1.0800000e+00   6.6490213e-01   0.0000000e+00
   1.1000000e+00   6.6057414e-01   0.0000000e+00
   1.1200000e+00   6.5647781e-01   0.0000000e+00
   1.1400000e+00   6.5261313e-01   0.0000000e+00
   1.1600000e+00   6.4834549e-01   0.0000000e+00
   1.1800000e+00   6.4434135e-01   0.0000000e+00
   1.2000000e+00   6.4060071e-01   0.0000000e+00
   1.2200000e+00   6.3728515e-01   0.0000000e+00
   1.2400000e+00   6.3387003e-01   0.0000000e+00
   1.2600000e+00   6.3035535e-01   0.0000000e+00
   1.2800000e+00   6.2680647e-01   0.0000000e+00
   1.3000000e+00   6.2339135e-01   0.0000000e+00
   1.3200000e+00   6.2011000e-01   0.0000000e+00
   1.3400000e+00   6.1636936e-01   0.0000000e+00
   1.3600000e+00   6.1262872e-01   0.0000000e+00
   1.3800000e+00   6.0888808e-01   0.0000000e+00
   1.4000000e+00   6.0477130e-01   0.0000000e+00
   1.4200000e+00   6.0070514e-01   0.0000000e+00
   1.4400000e+00   5.9668960e-01   0.0000000e+00
   1.4600000e+00   5.9280615e-01   0.0000000e+00
   1.4800000e+00   5.8873999e-01   0.0000000e+00
   1.5000000e+00   5.8449112e-01   0.0000000e+00
   1.5200000e+00   5.8075048e-01   0.0000000e+00
   1.5400000e+00   5.7700984e-01   0.0000000e+00
   1.5600000e+00   5.7326920e-01   0.0000000e+00
   1.5800000e+00   5.6920137e-01   0.0000000e+00
   1.6000000e+00   5.6513521e-01   0.0000000e+00
   1.6200000e+00   5.6107072e-01   0.0000000e+00
   1.6400000e+00   5.5733008e-01   0.0000000e+00
   1.6600000e+00   5.5358944e-01   0.0000000e+00
   1.6800000e+00   5.4984880e-01   0.0000000e+00
   1.7000000e+00   5.4661974e-01   0.0000000e+00
   1.7200000e+00   5.4359953e-01   0.0000000e+00
   1.7400000e+00   5.4078818e-01   0.0000000e+00
   1.7600000e+00   5.3783805e-01   0.0000000e+00
   1.7800000e+00   5.3484064e-01   0.0000000e+00
   1.8000000e+00   5.3179596e-01   0.0000000e+00
   1.8200000e+00   5.2907916e-01   0.0000000e+00
   1.8400000e+00   5.2611763e-01   0.0000000e+00
   1.8600000e+00   5.2291136e-01   0.0000000e+00
   1.8800000e+00   5.2063036e-01   0.0000000e+00
   1.9000000e+00   5.1842110e-01   0.0000000e+00
   1.9200000e+00   5.1628359e-01   0.0000000e+00
   1.9400000e+00   5.1414608e-01   0.0000000e+00
   1.9600000e+00   5.1200858e-01   0.0000000e+00
   1.9800000e+00   5.0987107e-01   0.0000000e+00
   2.0000000e+00   5.0773356e-01   0.0000000e+00
   2.0200000e+00   5.0586123e-01   0.0000000e+00
   2.0400000e+00   5.0425406e-01   0.0000000e+00
   2.0600000e+00   5.0223725e-01   0.0000000e+00
   2.0800000e+00   5.0030860e-01   0.0000000e+00
   2.1000000e+00   4.9846811e-01   0.0000000e+00
   2.1200000e+00   4.9686498e-01   0.0000000e+00
   2.1400000e+00   4.9523000e-01   0.0000000e+00
   2.1600000e+00   4.9356318e-01   0.0000000e+00
   2.1800000e+00   4.9142567e-01   0.0000000e+00
   2.2000000e+00   4.8952887e-01   0.0000000e+00
   2.2200000e+00   4.8787276e-01   0.0000000e+00
   2.2400000e+00   4.8626963e-01   0.0000000e+00
   2.2600000e+00   4.8466650e-01   0.0000000e+00
   2.2800000e+00   4.8306336e-01   0.0000000e+00
   2.3000000e+00   4.8159164e-01   0.0000000e+00
   2.3200000e+00   4.8030666e-01   0.0000000e+00
   2.3400000e+00   4.7920842e-01   0.0000000e+00
   2.3600000e+00   4.7707091e-01   0.0000000e+00
   2.3800000e+00   4.7536586e-01   0.0000000e+00
   2.4000000e+00   4.7409326e-01   0.0000000e+00
   2.4200000e+00   4.7270872e-01   0.0000000e+00
   2.4400000e+00   4.7121488e-01   0.0000000e+00
   2.4600000e+00   4.6961175e-01   0.0000000e+00
   2.4800000e+00   4.6809108e-01   0.0000000e+00
   2.5000000e+00   4.6679636e-01   0.0000000e+00
   2.5200000e+00   4.6572761e-01   0.0000000e+00
   2.5400000e+00   4.6465886e-01   0.0000000e+00
   2.5600000e+00   4.6320659e-01   0.0000000e+00
   2.5800000e+00   4.6137082e-01   0.0000000e+00
   2.6000000e+00   4.5976700e-01   0.0000000e+00
   2.6200000e+00   4.5843072e-01   0.0000000e+00
   2.6400000e+00   4.5736196e-01   0.0000000e+00
   2.6600000e+00   4.5629321e-01   0.0000000e+00
   2.6800000e+00   4.5522445e-01   0.0000000e+00
   2.7000000e+00   4.5415570e-01   0.0000000e+00
   2.7200000e+00   4.5308695e-01   0.0000000e+00
   2.7400000e+00   4.5201819e-01   0.0000000e+00
   2.7600000e+00   4.5094944e-01   0.0000000e+00
   2.7800000e+00   4.4988068e-01   0.0000000e+00
   2.8000000e+00   4.4886255e-01   0.0000000e+00
   2.8200000e+00   4.4789503e-01   0.0000000e+00
   2.8400000e+00   4.4736065e-01   0.0000000e+00
   2.8600000e+00   4.4656680e-01   0.0000000e+00
   2.8800000e+00   4.4551348e-01   0.0000000e+00
   2.9000000e+00   4.4444472e-01   0.0000000e+00
   2.9200000e+00   4.4337597e-01   0.0000000e+00
   2.9400000e+00   4.4230721e-01   0.0000000e+00
   2.9600000e+00   4.4140741e-01   0.0000000e+00
   2.9800000e+00   4.4066418e-01   0.0000000e+00
   3.0000000e+00   4.4007751e-01   0.0000000e+00
   3.0200000e+00   4.3900876e-01   0.0000000e+00
   3.0400000e+00   4.3794000e-01   0.0000000e+00
   3.0600000e+00   4.3687125e-01   0.0000000e+00
   3.0800000e+00   4.3580250e-01   0.0000000e+00
   3.1000000e+00   4.3485208e-01   0.0000000e+00
   3.1200000e+00   4.3401999e-01   0.0000000e+00
   3.1400000e+00   4.3336561e-01   0.0000000e+00
   3.1600000e+00   4.3250404e-01   0.0000000e+00
   3.1800000e+00   4.3143529e-01   0.0000000e+00
   3.2000000e+00   4.3036653e-01   0.0000000e+00
   3.2200000e+00   4.2971883e-01   0.0000000e+00
   3.2400000e+00   4.2949219e-01   0.0000000e+00
   3.2600000e+00   4.2888341e-01   0.0000000e+00
   3.2800000e+00   4.2813851e-01   0.0000000e+00
   3.3000000e+00   4.2725748e-01   0.0000000e+00
   3.3200000e+00   4.2665204e-01   0.0000000e+00
   3.3400000e+00   4.2581494e-01   0.0000000e+00
   3.3600000e+00   4.2474619e-01   0.0000000e+00
   3.3800000e+00   4.2416621e-01   0.0000000e+00
   3.4000000e+00   4.2360903e-01   0.0000000e+00
   3.4200000e+00   4.2307465e-01   0.0000000e+00
   3.4400000e+00   4.2279572e-01   0.0000000e+00
   2.0400000e+00   7.6969802e-01   1.0000000e+00
   2.0600000e+00   7.6780190e-01   1.0000000e+00
   2.0800000e+00   7.6563658e-01   1.0000000e+00
   2.1000000e+00   7.6320205e-01   1.0000000e+00
   2.1200000e+00   7.6071052e-01   1.0000000e+00
   2.1400000e+00   7.5836416e-01   1.0000000e+00
   2.1600000e+00   7.5616296e-01   1.0000000e+00
   2.1800000e+00   7.5349108e-01   1.0000000e+00
   2.2000000e+00   7.5081919e-01   1.0000000e+00
   2.2200000e+00   7.4814731e-01   1.0000000e+00
   2.2400000e+00   7.4547542e-01   1.0000000e+00
   2.2600000e+00   7.4292757e-01   1.0000000e+00
   2.2800000e+00   7.4050376e-01   1.0000000e+00
   2.3000000e+00   7.3849766e-01   1.0000000e+00
   2.3200000e+00   7.3669304e-01   1.0000000e+00
   2.3400000e+00   7.3508991e-01   1.0000000e+00
   2.3600000e+00   7.3348678e-01   1.0000000e+00
   2.3800000e+00   7.3209987e-01   1.0000000e+00
   2.4000000e+00   7.3092920e-01   1.0000000e+00
   2.4200000e+00   7.2986044e-01   1.0000000e+00
   2.4400000e+00   7.2899082e-01   1.0000000e+00
   2.4600000e+00   7.2832031e-01   1.0000000e+00
   2.4800000e+00   7.2815539e-01   1.0000000e+00
   2.5000000e+00   7.2753855e-01   1.0000000e+00
   2.5200000e+00   7.2646980e-01   1.0000000e+00
   2.5400000e+00   7.2590122e-01   1.0000000e+00
   2.5600000e+00   7.2496623e-01   1.0000000e+00
   2.5800000e+00   7.2366484e-01   1.0000000e+00
   2.6000000e+00   7.2232855e-01   1.0000000e+00
   2.6200000e+00   7.2105094e-01   1.0000000e+00
   2.6400000e+00   7.1983200e-01   1.0000000e+00
   2.6600000e+00   7.1819536e-01   1.0000000e+00
   2.6800000e+00   7.1630828e-01   1.0000000e+00
   2.7000000e+00   7.1417077e-01   1.0000000e+00
   2.7200000e+00   7.1203327e-01   1.0000000e+00
   2.7400000e+00   7.0989576e-01   1.0000000e+00
   2.7600000e+00   7.0775825e-01   1.0000000e+00
   2.7800000e+00   7.0540284e-01   1.0000000e+00
   2.8000000e+00   7.0293982e-01   1.0000000e+00
   2.8200000e+00   7.0036916e-01   1.0000000e+00
   2.8400000e+00   6.9823166e-01   1.0000000e+00
   2.8600000e+00   6.9635362e-01   1.0000000e+00
   2.8800000e+00   6.9473506e-01   1.0000000e+00
   2.9000000e+00   6.9313193e-01   1.0000000e+00
   2.9200000e+00   6.9167160e-01   1.0000000e+00
   2.9400000e+00   6.9035409e-01   1.0000000e+00
   2.9600000e+00   6.8894743e-01   1.0000000e+00
   2.9800000e+00   6.8720149e-01   1.0000000e+00
   3.0000000e+00   6.8511627e-01   1.0000000e+00
   3.0200000e+00   6.8351314e-01   1.0000000e+00
   3.0400000e+00   6.8144001e-01   1.0000000e+00
   3.0600000e+00   6.7889688e-01   1.0000000e+00
   3.0800000e+00   6.7622499e-01   1.0000000e+00
   3.1000000e+00   6.7343477e-01   1.0000000e+00
   3.1200000e+00   6.7052622e-01   1.0000000e+00
   3.1400000e+00   6.6743996e-01   1.0000000e+00
   3.1600000e+00   6.6455755e-01   1.0000000e+00
   3.1800000e+00   6.6187898e-01   1.0000000e+00
   3.2000000e+00   6.5813834e-01   1.0000000e+00
   3.2200000e+00   6.5460823e-01   1.0000000e+00
   3.2400000e+00   6.5128864e-01   1.0000000e+00
   3.2600000e+00   6.4899555e-01   1.0000000e+00
   3.2800000e+00   6.4685971e-01   1.0000000e+00
   3.3000000e+00   6.4488113e-01   1.0000000e+00
   3.3200000e+00   6.4242242e-01   1.0000000e+00
   3.3400000e+00   6.4065869e-01   1.0000000e+00
   3.3600000e+00   6.3958994e-01   1.0000000e+00
   3.3800000e+00   6.3412224e-01   1.0000000e+00
