   6.0000000e-01   9.8419384e-01   0.0000000e+00
   6.2000000e-01   9.7028933e-01   0.0000000e+00
   6.4000000e-01   9.5497914e-01   0.0000000e+00
   6.6000000e-01   9.3826327e-01   0.0000000e+00
   6.8000000e-01   9.1956007e-01   0.0000000e+00
   7.0000000e-01   8.9994636e-01   0.0000000e+00
   7.2000000e-01   8.7942214e-01   0.0000000e+00
   7.4000000e-01   8.5756566e-01   0.0000000e+00
   7.6000000e-01   8.3685803e-01   0.0000000e+00
   7.8000000e-01   8.1729926e-01   0.0000000e+00
   8.0000000e-01   8.0138127e-01   0.0000000e+00
   8.2000000e-01   7.8460505e-01   0.0000000e+00
   8.4000000e-01   7.6697061e-01   0.0000000e+00
   8.6000000e-01   7.5561188e-01   0.0000000e+00
   8.8000000e-01   7.4472787e-01   0.0000000e+00
   9.0000000e-01   7.3431857e-01   0.0000000e+00
   9.2000000e-01   7.2532399e-01   0.0000000e+00
   9.4000000e-01   7.1699186e-01   0.0000000e+00
   9.6000000e-01   7.0932217e-01   0.0000000e+00
   9.8000000e-01   7.0260053e-01   0.0000000e+00
   1.0000000e+00   6.9683502e-01   0.0000000e+00
   1.0200000e+00   6.9202563e-01   0.0000000e+00
   1.0400000e+00   6.8769026e-01   0.0000000e+00
   1.0600000e+00   6.8320639e-01   0.0000000e+00
   1.0800000e+00   6.7857401e-01   0.0000000e+00
   1.1000000e+00   6.7424602e-01   0.0000000e+00
   1.1200000e+00   6.7021170e-01   0.0000000e+00
   1.1400000e+00   6.6647106e-01   0.0000000e+00
   1.1600000e+00   6.6273042e-01   0.0000000e+00
   1.1800000e+00   6.5898978e-01   0.0000000e+00
   1.2000000e+00   6.5524914e-01   0.0000000e+00
   1.2200000e+00   6.5193359e-01   0.0000000e+00
   1.2400000e+00   6.4867268e-01   0.0000000e+00
   1.2600000e+00   6.4546642e-01   0.0000000e+00
   1.2800000e+00   6.4206840e-01   0.0000000e+00
   1.3000000e+00   6.3849907e-01   0.0000000e+00
   1.3200000e+00   6.3475843e-01   0.0000000e+00
   1.3400000e+00   6.3101779e-01   0.0000000e+00
   1.3600000e+00   6.2727715e-01   0.0000000e+00
   1.3800000e+00   6.2353651e-01   0.0000000e+00
   1.4000000e+00   6.1979588e-01   0.0000000e+00
   1.4200000e+00   6.1605524e-01   0.0000000e+00
   1.4400000e+00   6.1231460e-01   0.0000000e+00
   1.4600000e+00   6.0857396e-01   0.0000000e+00
   1.4800000e+00   6.0483332e-01   0.0000000e+00
   1.5000000e+00   6.0109268e-01   0.0000000e+00
   1.5200000e+00   5.9735204e-01   0.0000000e+00
   1.5400000e+00   5.9361140e-01   0.0000000e+00
   1.5600000e+00   5.8987076e-01   0.0000000e+00
   1.5800000e+00   5.8613012e-01   0.0000000e+00
   1.6000000e+00   5.8238948e-01   0.0000000e+00
   1.6200000e+00   5.7864884e-01   0.0000000e+00
   1.6400000e+00   5.7500207e-01   0.0000000e+00
   1.6600000e+00   5.7157555e-01   0.0000000e+00
   1.6800000e+00   5.6836928e-01   0.0000000e+00
   1.7000000e+00   5.6465145e-01   0.0000000e+00
   1.7200000e+00   5.6131712e-01   0.0000000e+00
   1.7400000e+00   5.5836630e-01   0.0000000e+00
   1.7600000e+00   5.5569442e-01   0.0000000e+00
   1.7800000e+00   5.5294174e-01   0.0000000e+00
   1.8000000e+00   5.5010827e-01   0.0000000e+00
   1.8200000e+00   5.4699184e-01   0.0000000e+00
   1.8400000e+00   5.4436488e-01   0.0000000e+00
   1.8600000e+00   5.4222737e-01   0.0000000e+00
   1.8800000e+00   5.4008986e-01   0.0000000e+00
   1.9000000e+00   5.3795235e-01   0.0000000e+00
   1.9200000e+00   5.3581484e-01   0.0000000e+00
   1.9400000e+00   5.3367733e-01   0.0000000e+00
   1.9600000e+00   5.3148351e-01   0.0000000e+00
   1.9800000e+00   5.2923337e-01   0.0000000e+00
   2.0000000e+00   5.2656148e-01   0.0000000e+00
   2.0200000e+00   5.2415477e-01   0.0000000e+00
   2.0400000e+00   5.2201323e-01   0.0000000e+00
   2.0600000e+00   5.1987572e-01   0.0000000e+00
   2.0800000e+00   5.1773821e-01   0.0000000e+00
   2.1000000e+00   5.1560071e-01   0.0000000e+00
   2.1200000e+00   5.1364355e-01   0.0000000e+00
   2.1400000e+00   5.1183156e-01   0.0000000e+00
   2.1600000e+00   5.1016474e-01   0.0000000e+00
   2.1800000e+00   5.0802724e-01   0.0000000e+00
   2.2000000e+00   5.0613043e-01   0.0000000e+00
   2.2200000e+00   5.0447432e-01   0.0000000e+00
   2.2400000e+00   5.0287119e-01   0.0000000e+00
   2.2600000e+00   5.0126806e-01   0.0000000e+00
   2.2800000e+00   4.9966493e-01   0.0000000e+00
   2.3000000e+00   4.9806180e-01   0.0000000e+00
   2.3200000e+00   4.9645867e-01   0.0000000e+00
   2.3400000e+00   4.9485553e-01   0.0000000e+00
   2.3600000e+00   4.9325240e-01   0.0000000e+00
   2.3800000e+00   4.9143305e-01   0.0000000e+00
   2.4000000e+00   4.8939746e-01   0.0000000e+00
   2.4200000e+00   4.8757574e-01   0.0000000e+00
   2.4400000e+00   4.8596288e-01   0.0000000e+00
   2.4600000e+00   4.8455887e-01   0.0000000e+00
   2.4800000e+00   4.8349012e-01   0.0000000e+00
   2.5000000e+00   4.8242136e-01   0.0000000e+00
   2.5200000e+00   4.8135261e-01   0.0000000e+00
   2.5400000e+00   4.7978368e-01   0.0000000e+00
   2.5600000e+00   4.7838941e-01   0.0000000e+00
   2.5800000e+00   4.7716979e-01   0.0000000e+00
   2.6000000e+00   4.7610103e-01   0.0000000e+00
   2.6200000e+00   4.7503228e-01   0.0000000e+00
   2.6400000e+00   4.7396352e-01   0.0000000e+00
   2.6600000e+00   4.7292828e-01   0.0000000e+00
   2.6800000e+00   4.7214348e-01   0.0000000e+00
   2.7000000e+00   4.7160910e-01   0.0000000e+00
   2.7200000e+00   4.7107472e-01   0.0000000e+00
   2.7400000e+00   4.7020578e-01   0.0000000e+00
   2.7600000e+00   4.6900228e-01   0.0000000e+00
   2.7800000e+00   4.6761705e-01   0.0000000e+00
   2.8000000e+00   4.6639005e-01   0.0000000e+00
   2.8200000e+00   4.6532130e-01   0.0000000e+00
   2.8400000e+00   4.6425255e-01   0.0000000e+00
   2.8600000e+00   4.6318379e-01   0.0000000e+00
   2.8800000e+00   4.6211504e-01   0.0000000e+00
   2.9000000e+00   4.6104628e-01   0.0000000e+00
   2.9200000e+00   4.5983472e-01   0.0000000e+00
   2.9400000e+00   4.5848035e-01   0.0000000e+00
   2.9600000e+00   4.5704617e-01   0.0000000e+00
   2.9800000e+00   4.5576856e-01   0.0000000e+00
   3.0000000e+00   4.5464752e-01   0.0000000e+00
   3.0200000e+00   4.5304439e-01   0.0000000e+00
   3.0400000e+00   4.5191126e-01   0.0000000e+00
   3.0600000e+00   4.5124813e-01   0.0000000e+00
   3.0800000e+00   4.5036041e-01   0.0000000e+00
   3.1000000e+00   4.4938218e-01   0.0000000e+00
   3.1200000e+00   4.4831343e-01   0.0000000e+00
   3.1400000e+00   4.4724467e-01   0.0000000e+00
   3.1600000e+00   4.4617926e-01   0.0000000e+00
   3.1800000e+00   4.4511719e-01   0.0000000e+00
   3.2000000e+00   4.4511719e-01   0.0000000e+00
   3.2200000e+00   4.4469613e-01   0.0000000e+00
   3.2400000e+00   4.4385403e-01   0.0000000e+00
   3.2600000e+00   4.4278527e-01   0.0000000e+00
   3.2800000e+00   4.4181038e-01   0.0000000e+00
   3.3000000e+00   4.4092935e-01   0.0000000e+00
   3.3200000e+00   4.4032391e-01   0.0000000e+00
   3.3400000e+00   4.3948682e-01   0.0000000e+00
   3.3600000e+00   4.3841807e-01   0.0000000e+00
   3.3800000e+00   4.3734931e-01   0.0000000e+00
   3.4000000e+00   4.3646661e-01   0.0000000e+00
   3.4200000e+00   4.3576996e-01   0.0000000e+00
   3.4400000e+00   4.3498014e-01   0.0000000e+00
   3.4600000e+00   4.3418964e-01   0.0000000e+00
   3.4800000e+00   4.3339844e-01   0.0000000e+00
   3.5000000e+00   4.3335421e-01   0.0000000e+00
   3.5200000e+00   4.3279772e-01   0.0000000e+00
   3.5400000e+00   4.3172897e-01   0.0000000e+00
   3.5600000e+00   4.3110004e-01   0.0000000e+00
   3.5800000e+00   4.3067997e-01   0.0000000e+00
   3.6000000e+00   4.3046875e-01   0.0000000e+00
   3.6200000e+00   4.3046875e-01   0.0000000e+00
   3.6400000e+00   4.3046875e-01   0.0000000e+00
   3.6600000e+00   4.3046875e-01   0.0000000e+00
   3.6800000e+00   4.3046875e-01   0.0000000e+00
   3.7000000e+00   4.3021498e-01   0.0000000e+00
   3.7200000e+00   4.2970743e-01   0.0000000e+00
   3.7400000e+00   4.2917306e-01   0.0000000e+00
   3.7600000e+00   4.2891289e-01   0.0000000e+00
   3.7800000e+00   4.2892695e-01   0.0000000e+00
   3.8000000e+00   4.2914622e-01   0.0000000e+00
   2.0400000e+00   8.0076698e-01   1.0000000e+00
   2.0600000e+00   7.9940524e-01   1.0000000e+00
   2.0800000e+00   7.9777429e-01   1.0000000e+00
   2.1000000e+00   7.9587414e-01   1.0000000e+00
   2.1200000e+00   7.9391699e-01   1.0000000e+00
   2.1400000e+00   7.9210500e-01   1.0000000e+00
   2.1600000e+00   7.9043818e-01   1.0000000e+00
   2.1800000e+00   7.8830067e-01   1.0000000e+00
   2.2000000e+00   7.8616317e-01   1.0000000e+00
   2.2200000e+00   7.8402566e-01   1.0000000e+00
   2.2400000e+00   7.8152341e-01   1.0000000e+00
   2.2600000e+00   7.7906038e-01   1.0000000e+00
   2.2800000e+00   7.7663657e-01   1.0000000e+00
   2.3000000e+00   7.7436766e-01   1.0000000e+00
   2.3200000e+00   7.7189726e-01   1.0000000e+00
   2.3400000e+00   7.6922537e-01   1.0000000e+00
   2.3600000e+00   7.6655348e-01   1.0000000e+00
   2.3800000e+00   7.6409783e-01   1.0000000e+00
   2.4000000e+00   7.6185840e-01   1.0000000e+00
   2.4200000e+00   7.6003668e-01   1.0000000e+00
   2.4400000e+00   7.5822469e-01   1.0000000e+00
   2.4600000e+00   7.5642243e-01   1.0000000e+00
   2.4800000e+00   7.5444985e-01   1.0000000e+00
   2.5000000e+00   7.5292918e-01   1.0000000e+00
   2.5200000e+00   7.5186042e-01   1.0000000e+00
   2.5400000e+00   7.5029150e-01   1.0000000e+00
   2.5600000e+00   7.4908898e-01   1.0000000e+00
   2.5800000e+00   7.4825286e-01   1.0000000e+00
   2.6000000e+00   7.4745164e-01   1.0000000e+00
   2.6200000e+00   7.4644156e-01   1.0000000e+00
   2.6400000e+00   7.4522263e-01   1.0000000e+00
   2.6600000e+00   7.4365301e-01   1.0000000e+00
   2.6800000e+00   7.4233383e-01   1.0000000e+00
   2.7000000e+00   7.4126508e-01   1.0000000e+00
   2.7200000e+00   7.3974509e-01   1.0000000e+00
   2.7400000e+00   7.3835082e-01   1.0000000e+00
   2.7600000e+00   7.3708225e-01   1.0000000e+00
   2.7800000e+00   7.3579560e-01   1.0000000e+00
   2.8000000e+00   7.3435071e-01   1.0000000e+00
   2.8200000e+00   7.3274757e-01   1.0000000e+00
   2.8400000e+00   7.3114444e-01   1.0000000e+00
   2.8600000e+00   7.2954131e-01   1.0000000e+00
   2.8800000e+00   7.2793818e-01   1.0000000e+00
   2.9000000e+00   7.2673733e-01   1.0000000e+00
   2.9200000e+00   7.2531691e-01   1.0000000e+00
   2.9400000e+00   7.2367693e-01   1.0000000e+00
   2.9600000e+00   7.2170837e-01   1.0000000e+00
   2.9800000e+00   7.1992253e-01   1.0000000e+00
   3.0000000e+00   7.1831939e-01   1.0000000e+00
   3.0200000e+00   7.1671626e-01   1.0000000e+00
   3.0400000e+00   7.1487813e-01   1.0000000e+00
   3.0600000e+00   7.1280500e-01   1.0000000e+00
   3.0800000e+00   7.1066749e-01   1.0000000e+00
   3.1000000e+00   7.0829332e-01   1.0000000e+00
   3.1200000e+00   7.0568247e-01   1.0000000e+00
