   6.0000000e-01   9.9224872e-01   0.0000000e+00
   6.2000000e-01   9.7963891e-01   0.0000000e+00
   6.4000000e-01   9.6514940e-01   0.0000000e+00
   6.6000000e-01   9.4878019e-01   0.0000000e+00
   6.8000000e-01   9.2793948e-01   0.0000000e+00
   7.0000000e-01   9.0732641e-01   0.0000000e+00
   7.2000000e-01   8.8694096e-01   0.0000000e+00
   7.4000000e-01   8.6595745e-01   0.0000000e+00
   7.6000000e-01   8.4599876e-01   0.0000000e+00
   7.8000000e-01   8.2706488e-01   0.0000000e+00
   8.0000000e-01   8.1104163e-01   0.0000000e+00
   8.2000000e-01   7.9394560e-01   0.0000000e+00
   8.4000000e-01   7.7577678e-01   0.0000000e+00
   8.6000000e-01   7.6336069e-01   0.0000000e+00
   8.8000000e-01   7.5161678e-01   0.0000000e+00
   9.0000000e-01   7.4054504e-01   0.0000000e+00
   9.2000000e-01   7.3130573e-01   0.0000000e+00
   9.4000000e-01   7.2267825e-01   0.0000000e+00
   9.6000000e-01   7.1466259e-01   0.0000000e+00
   9.8000000e-01   7.0698484e-01   0.0000000e+00
   1.0000000e+00   7.0074127e-01   0.0000000e+00
   1.0200000e+00   6.9593188e-01   0.0000000e+00
   1.0400000e+00   6.9159651e-01   0.0000000e+00
   1.0600000e+00   6.8729132e-01   0.0000000e+00
   1.0800000e+00   6.8301631e-01   0.0000000e+00
   1.1000000e+00   6.7898199e-01   0.0000000e+00
   1.1200000e+00   6.7503250e-01   0.0000000e+00
   1.1400000e+00   6.7116782e-01   0.0000000e+00
   1.1600000e+00   6.6689280e-01   0.0000000e+00
   1.1800000e+00   6.6261779e-01   0.0000000e+00
   1.2000000e+00   6.5834277e-01   0.0000000e+00
   1.2200000e+00   6.5491792e-01   0.0000000e+00
   1.2400000e+00   6.5144816e-01   0.0000000e+00
   1.2600000e+00   6.4793348e-01   0.0000000e+00
   1.2800000e+00   6.4419284e-01   0.0000000e+00
   1.3000000e+00   6.4041465e-01   0.0000000e+00
   1.3200000e+00   6.3659892e-01   0.0000000e+00
   1.3400000e+00   6.3232391e-01   0.0000000e+00
   1.3600000e+00   6.2829529e-01   0.0000000e+00
   1.3800000e+00   6.2451308e-01   0.0000000e+00
   1.4000000e+00   6.2077244e-01   0.0000000e+00
   1.4200000e+00   6.1716154e-01   0.0000000e+00
   1.4400000e+00   6.1368037e-01   0.0000000e+00
   1.4600000e+00   6.1018849e-01   0.0000000e+00
   1.4800000e+00   6.0631811e-01   0.0000000e+00
   1.5000000e+00   6.0206924e-01   0.0000000e+00
   1.5200000e+00   5.9832860e-01   0.0000000e+00
   1.5400000e+00   5.9436604e-01   0.0000000e+00
   1.5600000e+00   5.9018154e-01   0.0000000e+00
   1.5800000e+00   5.8623372e-01   0.0000000e+00
   1.6000000e+00   5.8238948e-01   0.0000000e+00
   1.6200000e+00   5.7864884e-01   0.0000000e+00
   1.6400000e+00   5.7500207e-01   0.0000000e+00
   1.6600000e+00   5.7157555e-01   0.0000000e+00
   1.6800000e+00   5.6836928e-01   0.0000000e+00
   1.7000000e+00   5.6516302e-01   0.0000000e+00
   1.7200000e+00   5.6215422e-01   0.0000000e+00
   1.7400000e+00   5.5934286e-01   0.0000000e+00
   1.7600000e+00   5.5667098e-01   0.0000000e+00
   1.7800000e+00   5.5407988e-01   0.0000000e+00
   1.8000000e+00   5.5156958e-01   0.0000000e+00
   1.8200000e+00   5.4943207e-01   0.0000000e+00
   1.8400000e+00   5.4729456e-01   0.0000000e+00
   1.8600000e+00   5.4515705e-01   0.0000000e+00
   1.8800000e+00   5.4301955e-01   0.0000000e+00
   1.9000000e+00   5.4088204e-01   0.0000000e+00
   1.9200000e+00   5.3874453e-01   0.0000000e+00
   1.9400000e+00   5.3660702e-01   0.0000000e+00
   1.9600000e+00   5.3446951e-01   0.0000000e+00
   1.9800000e+00   5.3233200e-01   0.0000000e+00
   2.0000000e+00   5.3019450e-01   0.0000000e+00
   2.0200000e+00   5.2779182e-01   0.0000000e+00
   2.0400000e+00   5.2512396e-01   0.0000000e+00
   2.0600000e+00   5.2286576e-01   0.0000000e+00
   2.0800000e+00   5.2051939e-01   0.0000000e+00
   2.1000000e+00   5.1808487e-01   0.0000000e+00
   2.1200000e+00   5.1559333e-01   0.0000000e+00
   2.1400000e+00   5.1334250e-01   0.0000000e+00
   2.1600000e+00   5.1133237e-01   0.0000000e+00
   2.1800000e+00   5.1026362e-01   0.0000000e+00
   2.2000000e+00   5.0895416e-01   0.0000000e+00
   2.2200000e+00   5.0740401e-01   0.0000000e+00
   2.2400000e+00   5.0543614e-01   0.0000000e+00
   2.2600000e+00   5.0363153e-01   0.0000000e+00
   2.2800000e+00   5.0199016e-01   0.0000000e+00
   2.3000000e+00   5.0079000e-01   0.0000000e+00
   2.3200000e+00   4.9938835e-01   0.0000000e+00
   2.3400000e+00   4.9778522e-01   0.0000000e+00
   2.3600000e+00   4.9618209e-01   0.0000000e+00
   2.3800000e+00   4.9457896e-01   0.0000000e+00
   2.4000000e+00   4.9297583e-01   0.0000000e+00
   2.4200000e+00   4.9105691e-01   0.0000000e+00
   2.4400000e+00   4.8922782e-01   0.0000000e+00
   2.4600000e+00   4.8748856e-01   0.0000000e+00
   2.4800000e+00   4.8633735e-01   0.0000000e+00
   2.5000000e+00   4.8496017e-01   0.0000000e+00
   2.5200000e+00   4.8335704e-01   0.0000000e+00
   2.5400000e+00   4.8225408e-01   0.0000000e+00
   2.5600000e+00   4.8116823e-01   0.0000000e+00
   2.5800000e+00   4.8009947e-01   0.0000000e+00
   2.6000000e+00   4.7929756e-01   0.0000000e+00
   2.6200000e+00   4.7855433e-01   0.0000000e+00
   2.6400000e+00   4.7786977e-01   0.0000000e+00
   2.6600000e+00   4.7680102e-01   0.0000000e+00
   2.6800000e+00   4.7573227e-01   0.0000000e+00
   2.7000000e+00   4.7466351e-01   0.0000000e+00
   2.7200000e+00   4.7359476e-01   0.0000000e+00
   2.7400000e+00   4.7269329e-01   0.0000000e+00
   2.7600000e+00   4.7195909e-01   0.0000000e+00
   2.7800000e+00   4.7098892e-01   0.0000000e+00
   2.8000000e+00   4.6970227e-01   0.0000000e+00
   2.8200000e+00   4.6809914e-01   0.0000000e+00
   2.8400000e+00   4.6649601e-01   0.0000000e+00
   2.8600000e+00   4.6515235e-01   0.0000000e+00
   2.8800000e+00   4.6406816e-01   0.0000000e+00
   2.9000000e+00   4.6299941e-01   0.0000000e+00
   2.9200000e+00   4.6193065e-01   0.0000000e+00
   2.9400000e+00   4.6086190e-01   0.0000000e+00
   2.9600000e+00   4.5962419e-01   0.0000000e+00
   2.9800000e+00   4.5822992e-01   0.0000000e+00
   3.0000000e+00   4.5667908e-01   0.0000000e+00
   3.0200000e+00   4.5561032e-01   0.0000000e+00
   3.0400000e+00   4.5430657e-01   0.0000000e+00
   3.0600000e+00   4.5276781e-01   0.0000000e+00
   3.0800000e+00   4.5187135e-01   0.0000000e+00
   3.1000000e+00   4.5103760e-01   0.0000000e+00
   3.1200000e+00   4.5026655e-01   0.0000000e+00
   3.1400000e+00   4.4919780e-01   0.0000000e+00
   3.1600000e+00   4.4812904e-01   0.0000000e+00
   3.1800000e+00   4.4706029e-01   0.0000000e+00
   3.2000000e+00   4.4599153e-01   0.0000000e+00
   3.2200000e+00   4.4513331e-01   0.0000000e+00
   3.2400000e+00   4.4448561e-01   0.0000000e+00
   3.2600000e+00   4.4364684e-01   0.0000000e+00
   3.2800000e+00   4.4269308e-01   0.0000000e+00
   3.3000000e+00   4.4162433e-01   0.0000000e+00
   3.3200000e+00   4.4055557e-01   0.0000000e+00
   3.3400000e+00   4.3948682e-01   0.0000000e+00
   3.3600000e+00   4.3841806e-01   0.0000000e+00
   3.3800000e+00   4.3734931e-01   0.0000000e+00
   3.4000000e+00   4.3628056e-01   0.0000000e+00
   3.4200000e+00   4.3521180e-01   0.0000000e+00
   3.4400000e+00   4.3414305e-01   0.0000000e+00
   3.4600000e+00   4.3314368e-01   0.0000000e+00
   3.4800000e+00   4.3221371e-01   0.0000000e+00
   3.5000000e+00   4.3167933e-01   0.0000000e+00
   3.5200000e+00   4.3114495e-01   0.0000000e+00
   3.5400000e+00   4.3061058e-01   0.0000000e+00
   3.5600000e+00   4.3007620e-01   0.0000000e+00
   3.5800000e+00   4.2970340e-01   0.0000000e+00
   3.6000000e+00   4.2949219e-01   0.0000000e+00
   3.6200000e+00   4.2969868e-01   0.0000000e+00
   3.6400000e+00   4.3002420e-01   0.0000000e+00
   3.6600000e+00   4.3046875e-01   0.0000000e+00
   3.6800000e+00   4.3046875e-01   0.0000000e+00
   3.7000000e+00   4.3046875e-01   0.0000000e+00
   3.7200000e+00   4.3046875e-01   0.0000000e+00
   3.7400000e+00   4.3007787e-01   0.0000000e+00
   3.7600000e+00   4.2961524e-01   0.0000000e+00
   3.7800000e+00   4.2908087e-01   0.0000000e+00
   2.0700000e+00   8.0129802e-01   1.0000000e+00
   2.0900000e+00   7.9963523e-01   1.0000000e+00
   2.1100000e+00   7.9782525e-01   1.0000000e+00
   2.1300000e+00   7.9586810e-01   1.0000000e+00
   2.1500000e+00   7.9420128e-01   1.0000000e+00
   2.1700000e+00   7.9229912e-01   1.0000000e+00
   2.1900000e+00   7.9016161e-01   1.0000000e+00
   2.2100000e+00   7.8898690e-01   1.0000000e+00
   2.2300000e+00   7.8731807e-01   1.0000000e+00
   2.2500000e+00   7.8515510e-01   1.0000000e+00
   2.2700000e+00   7.8273129e-01   1.0000000e+00
   2.2900000e+00   7.8038493e-01   1.0000000e+00
   2.3100000e+00   7.7811601e-01   1.0000000e+00
   2.3300000e+00   7.7544412e-01   1.0000000e+00
   2.3500000e+00   7.7277224e-01   1.0000000e+00
   2.3700000e+00   7.7010036e-01   1.0000000e+00
   2.3900000e+00   7.6786092e-01   1.0000000e+00
   2.4100000e+00   7.6598824e-01   1.0000000e+00
   2.4300000e+00   7.6448232e-01   1.0000000e+00
   2.4500000e+00   7.6301531e-01   1.0000000e+00
   2.4700000e+00   7.6125429e-01   1.0000000e+00
   2.4900000e+00   7.5919924e-01   1.0000000e+00
   2.5100000e+00   7.5759611e-01   1.0000000e+00
   2.5300000e+00   7.5624306e-01   1.0000000e+00
   2.5500000e+00   7.5514010e-01   1.0000000e+00
   2.5700000e+00   7.5368784e-01   1.0000000e+00
   2.5900000e+00   7.5229357e-01   1.0000000e+00
   2.6100000e+00   7.5095728e-01   1.0000000e+00
   2.6300000e+00   7.4973835e-01   1.0000000e+00
   2.6500000e+00   7.4832731e-01   1.0000000e+00
   2.6700000e+00   7.4672418e-01   1.0000000e+00
   2.6900000e+00   7.4512105e-01   1.0000000e+00
   2.7100000e+00   7.4374353e-01   1.0000000e+00
   2.7300000e+00   7.4259163e-01   1.0000000e+00
   2.7500000e+00   7.4118831e-01   1.0000000e+00
   2.7700000e+00   7.3990299e-01   1.0000000e+00
   2.7900000e+00   7.3873565e-01   1.0000000e+00
   2.8100000e+00   7.3789758e-01   1.0000000e+00
   2.8300000e+00   7.3640978e-01   1.0000000e+00
   2.8500000e+00   7.3427228e-01   1.0000000e+00
   2.8700000e+00   7.3317266e-01   1.0000000e+00
   2.8900000e+00   7.3168619e-01   1.0000000e+00
   2.9100000e+00   7.2981288e-01   1.0000000e+00
   2.9300000e+00   7.2796098e-01   1.0000000e+00
   2.9500000e+00   7.2631795e-01   1.0000000e+00
   2.9700000e+00   7.2488377e-01   1.0000000e+00
