   6.0000000e-01   9.9794415e-01   0.0000000e+00
   6.2000000e-01   9.8655731e-01   0.0000000e+00
   6.4000000e-01   9.7333067e-01   0.0000000e+00
   6.6000000e-01   9.5826423e-01   0.0000000e+00
   6.8000000e-01   9.3475164e-01   0.0000000e+00
   7.0000000e-01   9.1283245e-01   0.0000000e+00
   7.2000000e-01   8.9250666e-01   0.0000000e+00
   7.4000000e-01   8.7341189e-01   0.0000000e+00
   7.6000000e-01   8.5551159e-01   0.0000000e+00
   7.8000000e-01   8.3880575e-01   0.0000000e+00
   8.0000000e-01   8.2480668e-01   0.0000000e+00
   8.2000000e-01   8.1059306e-01   0.0000000e+00
   8.4000000e-01   7.9616488e-01   0.0000000e+00
   8.6000000e-01   7.8173670e-01   0.0000000e+00
   8.8000000e-01   7.6852745e-01   0.0000000e+00
   9.0000000e-01   7.5653714e-01   0.0000000e+00
   9.2000000e-01   7.4647380e-01   0.0000000e+00
   9.4000000e-01   7.3689993e-01   0.0000000e+00
   9.6000000e-01   7.2781552e-01   0.0000000e+00
   9.8000000e-01   7.1878743e-01   0.0000000e+00
   1.0000000e+00   7.0999837e-01   0.0000000e+00
   1.0200000e+00   7.0144834e-01   0.0000000e+00
   1.0400000e+00   6.9479442e-01   0.0000000e+00
   1.0600000e+00   6.8843989e-01   0.0000000e+00
   1.0800000e+00   6.8238473e-01   0.0000000e+00
   1.1000000e+00   6.7674728e-01   0.0000000e+00
   1.1200000e+00   6.7125667e-01   0.0000000e+00
   1.1400000e+00   6.6591290e-01   0.0000000e+00
   1.1600000e+00   6.6056176e-01   0.0000000e+00
   1.1800000e+00   6.5494711e-01   0.0000000e+00
   1.2000000e+00   6.4906897e-01   0.0000000e+00
   1.2200000e+00   6.4446607e-01   0.0000000e+00
   1.2400000e+00   6.3879344e-01   0.0000000e+00
   1.2600000e+00   6.3205107e-01   0.0000000e+00
   1.2800000e+00   6.2100823e-01   0.0000000e+00
   1.3000000e+00   6.0837661e-01   0.0000000e+00
   1.3200000e+00   5.9415620e-01   0.0000000e+00
   1.3400000e+00   5.8774367e-01   0.0000000e+00
   1.3600000e+00   5.8305596e-01   0.0000000e+00
   1.3800000e+00   5.8009305e-01   0.0000000e+00
   1.4000000e+00   5.7704502e-01   0.0000000e+00
   1.4200000e+00   5.7339894e-01   0.0000000e+00
   1.4400000e+00   5.6915478e-01   0.0000000e+00
   1.4600000e+00   5.6438224e-01   0.0000000e+00
   1.4800000e+00   5.6036670e-01   0.0000000e+00
   1.5000000e+00   5.5710815e-01   0.0000000e+00
   1.5200000e+00   5.5283314e-01   0.0000000e+00
   1.5400000e+00   5.4878005e-01   0.0000000e+00
   1.5600000e+00   5.4494889e-01   0.0000000e+00
   1.5800000e+00   5.4186263e-01   0.0000000e+00
   1.6000000e+00   5.3898356e-01   0.0000000e+00
   1.6200000e+00   5.3631167e-01   0.0000000e+00
   1.6400000e+00   5.3363979e-01   0.0000000e+00
   1.6600000e+00   5.3096790e-01   0.0000000e+00
   1.6800000e+00   5.2829602e-01   0.0000000e+00
   1.7000000e+00   5.2664728e-01   0.0000000e+00
   1.7200000e+00   5.2521880e-01   0.0000000e+00
   1.7400000e+00   5.2401058e-01   0.0000000e+00
   1.7600000e+00   5.2322007e-01   0.0000000e+00
   1.7800000e+00   5.2255763e-01   0.0000000e+00
   1.8000000e+00   5.2202325e-01   0.0000000e+00
   1.8200000e+00   5.2148888e-01   0.0000000e+00
   1.8400000e+00   5.2095450e-01   0.0000000e+00
   1.8600000e+00   5.2042012e-01   0.0000000e+00
   1.8800000e+00   5.1942312e-01   0.0000000e+00
   1.9000000e+00   5.1873620e-01   0.0000000e+00
   1.9200000e+00   5.1835937e-01   0.0000000e+00
   1.9400000e+00   5.1835937e-01   0.0000000e+00
   1.9600000e+00   5.1835937e-01   0.0000000e+00
   1.9800000e+00   5.1835937e-01   0.0000000e+00
   2.0000000e+00   5.1835937e-01   0.0000000e+00
   2.0200000e+00   5.1809420e-01   0.0000000e+00
   2.0400000e+00   5.1756386e-01   0.0000000e+00
   2.0600000e+00   5.1620211e-01   0.0000000e+00
   2.0800000e+00   5.1486819e-01   0.0000000e+00
   2.1000000e+00   5.1356207e-01   0.0000000e+00
   2.1200000e+00   5.1249332e-01   0.0000000e+00
   2.1400000e+00   5.1139272e-01   0.0000000e+00
   2.1600000e+00   5.1026028e-01   0.0000000e+00
   2.1800000e+00   5.0865715e-01   0.0000000e+00
   2.2000000e+00   5.0729472e-01   0.0000000e+00
   2.2200000e+00   5.0617298e-01   0.0000000e+00
   2.2400000e+00   5.0437476e-01   0.0000000e+00
   2.2600000e+00   5.0253093e-01   0.0000000e+00
   2.2800000e+00   5.0064149e-01   0.0000000e+00
   2.3000000e+00   4.9916977e-01   0.0000000e+00
   2.3200000e+00   4.9788478e-01   0.0000000e+00
   2.3400000e+00   4.9678655e-01   0.0000000e+00
   2.3600000e+00   4.9464904e-01   0.0000000e+00
   2.3800000e+00   4.9251153e-01   0.0000000e+00
   2.4000000e+00   4.9037402e-01   0.0000000e+00
   2.4200000e+00   4.8886809e-01   0.0000000e+00
   2.4400000e+00   4.8738163e-01   0.0000000e+00
   2.4600000e+00   4.8591462e-01   0.0000000e+00
   2.4800000e+00   4.8394204e-01   0.0000000e+00
   2.5000000e+00   4.8242136e-01   0.0000000e+00
   2.5200000e+00   4.8135261e-01   0.0000000e+00
   2.5400000e+00   4.8028386e-01   0.0000000e+00
   2.5600000e+00   4.7902335e-01   0.0000000e+00
   2.5800000e+00   4.7757109e-01   0.0000000e+00
   2.6000000e+00   4.7623480e-01   0.0000000e+00
   2.6200000e+00   4.7503228e-01   0.0000000e+00
   2.6400000e+00   4.7396352e-01   0.0000000e+00
   2.6600000e+00   4.7289477e-01   0.0000000e+00
   2.6800000e+00   4.7182602e-01   0.0000000e+00
   2.7000000e+00   4.7075726e-01   0.0000000e+00
   2.7200000e+00   4.6968851e-01   0.0000000e+00
   2.7400000e+00   4.6878704e-01   0.0000000e+00
   2.7600000e+00   4.6805284e-01   0.0000000e+00
   2.7800000e+00   4.6708267e-01   0.0000000e+00
   2.8000000e+00   4.6584664e-01   0.0000000e+00
   2.8200000e+00   4.6434474e-01   0.0000000e+00
   2.8400000e+00   4.6327598e-01   0.0000000e+00
   2.8600000e+00   4.6194776e-01   0.0000000e+00
   2.8800000e+00   4.6036006e-01   0.0000000e+00
   2.9000000e+00   4.5915921e-01   0.0000000e+00
   2.9200000e+00   4.5802440e-01   0.0000000e+00
   2.9400000e+00   4.5695565e-01   0.0000000e+00
   2.9600000e+00   4.5571794e-01   0.0000000e+00
   2.9800000e+00   4.5432367e-01   0.0000000e+00
   3.0000000e+00   4.5277283e-01   0.0000000e+00
   3.0200000e+00   4.5170407e-01   0.0000000e+00
   3.0400000e+00   4.5040032e-01   0.0000000e+00
   3.0600000e+00   4.4886156e-01   0.0000000e+00
   3.0800000e+00   4.4796510e-01   0.0000000e+00
   3.1000000e+00   4.4713135e-01   0.0000000e+00
   3.1200000e+00   4.4636030e-01   0.0000000e+00
   3.1400000e+00   4.4529155e-01   0.0000000e+00
   3.1600000e+00   4.4422279e-01   0.0000000e+00
   3.1800000e+00   4.4315404e-01   0.0000000e+00
   3.2000000e+00   4.4208528e-01   0.0000000e+00
   3.2200000e+00   4.4122706e-01   0.0000000e+00
   3.2400000e+00   4.4057936e-01   0.0000000e+00
   3.2600000e+00   4.4004498e-01   0.0000000e+00
   3.2800000e+00   4.3941674e-01   0.0000000e+00
   3.3000000e+00   4.3869464e-01   0.0000000e+00
   3.3200000e+00   4.3762589e-01   0.0000000e+00
   3.3400000e+00   4.3655713e-01   0.0000000e+00
   3.3600000e+00   4.3548838e-01   0.0000000e+00
   3.3800000e+00   4.3490840e-01   0.0000000e+00
   3.4000000e+00   4.3435122e-01   0.0000000e+00
   3.4200000e+00   4.3381684e-01   0.0000000e+00
   3.4400000e+00   4.3328246e-01   0.0000000e+00
   3.4600000e+00   4.3274808e-01   0.0000000e+00
   3.4800000e+00   4.3221371e-01   0.0000000e+00
   3.5000000e+00   4.3170144e-01   0.0000000e+00
   3.5200000e+00   4.3144531e-01   0.0000000e+00
   3.5400000e+00   4.3144531e-01   0.0000000e+00
   3.5600000e+00   4.3056566e-01   0.0000000e+00
   3.5800000e+00   4.2975304e-01   0.0000000e+00
   3.6000000e+00   4.2900745e-01   0.0000000e+00
   3.6200000e+00   4.2847307e-01   0.0000000e+00
   3.6400000e+00   4.2793869e-01   0.0000000e+00
   3.6600000e+00   4.2740431e-01   0.0000000e+00
   3.6800000e+00   4.2686994e-01   0.0000000e+00
   3.7000000e+00   4.2633556e-01   0.0000000e+00
   3.7200000e+00   4.2580118e-01   0.0000000e+00
   3.7400000e+00   4.2487593e-01   0.0000000e+00
   3.7600000e+00   4.2401603e-01   0.0000000e+00
   3.7800000e+00   4.2322149e-01   0.0000000e+00
