   6.0000000e-01   9.6327972e-01   0.0000000e+00
   6.2000000e-01   9.4822399e-01   0.0000000e+00
   6.4000000e-01   9.3081453e-01   0.0000000e+00
   6.6000000e-01   9.1105132e-01   0.0000000e+00
   6.8000000e-01   8.8433247e-01   0.0000000e+00
   7.0000000e-01   8.5988991e-01   0.0000000e+00
   7.2000000e-01   8.3772363e-01   0.0000000e+00
   7.4000000e-01   8.1838010e-01   0.0000000e+00
   7.6000000e-01   8.0051164e-01   0.0000000e+00
   7.8000000e-01   7.8411825e-01   0.0000000e+00
   8.0000000e-01   7.7001392e-01   0.0000000e+00
   8.2000000e-01   7.5548047e-01   0.0000000e+00
   8.4000000e-01   7.4051791e-01   0.0000000e+00
   8.6000000e-01   7.2921619e-01   0.0000000e+00
   8.8000000e-01   7.1815752e-01   0.0000000e+00
   9.0000000e-01   7.0734191e-01   0.0000000e+00
   9.2000000e-01   6.9897155e-01   0.0000000e+00
   9.4000000e-01   6.9149361e-01   0.0000000e+00
   9.6000000e-01   6.8490810e-01   0.0000000e+00
   9.8000000e-01   6.7807384e-01   0.0000000e+00
   1.0000000e+00   6.7171763e-01   0.0000000e+00
   1.0200000e+00   6.6583948e-01   0.0000000e+00
   1.0400000e+00   6.6327954e-01   0.0000000e+00
   1.0600000e+00   6.6182423e-01   0.0000000e+00
   1.0800000e+00   6.6147355e-01   0.0000000e+00
   1.1000000e+00   6.5185031e-01   0.0000000e+00
   1.1200000e+00   6.4614806e-01   0.0000000e+00
   1.1400000e+00   6.4436680e-01   0.0000000e+00
   1.1600000e+00   6.4258554e-01   0.0000000e+00
   1.1800000e+00   6.4080429e-01   0.0000000e+00
   1.2000000e+00   6.3902303e-01   0.0000000e+00
   1.2200000e+00   6.3483297e-01   0.0000000e+00
   1.2400000e+00   6.3064166e-01   0.0000000e+00
   1.2600000e+00   6.2644910e-01   0.0000000e+00
   1.2800000e+00   6.2290022e-01   0.0000000e+00
   1.3000000e+00   6.1956019e-01   0.0000000e+00
   1.3200000e+00   6.1642902e-01   0.0000000e+00
   1.3400000e+00   6.1375713e-01   0.0000000e+00
   1.3600000e+00   6.1059244e-01   0.0000000e+00
   1.3800000e+00   6.0693495e-01   0.0000000e+00
   1.4000000e+00   6.0357045e-01   0.0000000e+00
   1.4200000e+00   6.0015533e-01   0.0000000e+00
   1.4400000e+00   5.9668960e-01   0.0000000e+00
   1.4600000e+00   5.9294896e-01   0.0000000e+00
   1.4800000e+00   5.8922139e-01   0.0000000e+00
   1.5000000e+00   5.8550689e-01   0.0000000e+00
   1.5200000e+00   5.8230063e-01   0.0000000e+00
   1.5400000e+00   5.7887244e-01   0.0000000e+00
   1.5600000e+00   5.7522232e-01   0.0000000e+00
   1.5800000e+00   5.7213607e-01   0.0000000e+00
   1.6000000e+00   5.6925700e-01   0.0000000e+00
   1.6200000e+00   5.6658511e-01   0.0000000e+00
   1.6400000e+00   5.6381936e-01   0.0000000e+00
   1.6600000e+00   5.6083336e-01   0.0000000e+00
   1.6800000e+00   5.5762710e-01   0.0000000e+00
   1.7000000e+00   5.5595556e-01   0.0000000e+00
   1.7200000e+00   5.5412077e-01   0.0000000e+00
   1.7400000e+00   5.5212273e-01   0.0000000e+00
   1.7600000e+00   5.4998522e-01   0.0000000e+00
   1.7800000e+00   5.4792850e-01   0.0000000e+00
   1.8000000e+00   5.4595258e-01   0.0000000e+00
   1.8200000e+00   5.4439436e-01   0.0000000e+00
   1.8400000e+00   5.4308088e-01   0.0000000e+00
   1.8600000e+00   5.4201212e-01   0.0000000e+00
   1.8800000e+00   5.4048074e-01   0.0000000e+00
   1.9000000e+00   5.3891348e-01   0.0000000e+00
   1.9200000e+00   5.3731035e-01   0.0000000e+00
   1.9400000e+00   5.3593652e-01   0.0000000e+00
   1.9600000e+00   5.3460259e-01   0.0000000e+00
   1.9800000e+00   5.3330857e-01   0.0000000e+00
   2.0000000e+00   5.3117106e-01   0.0000000e+00
   2.0200000e+00   5.2929873e-01   0.0000000e+00
   2.0400000e+00   5.2769156e-01   0.0000000e+00
   2.0600000e+00   5.2567475e-01   0.0000000e+00
   2.0800000e+00   5.2359759e-01   0.0000000e+00
   2.1000000e+00   5.2146008e-01   0.0000000e+00
   2.1200000e+00   5.1932257e-01   0.0000000e+00
   2.1400000e+00   5.1721691e-01   0.0000000e+00
   2.1600000e+00   5.1514309e-01   0.0000000e+00
   2.1800000e+00   5.1353996e-01   0.0000000e+00
   2.2000000e+00   5.1169613e-01   0.0000000e+00
   2.2200000e+00   5.0961159e-01   0.0000000e+00
   2.2400000e+00   5.0783882e-01   0.0000000e+00
   2.2600000e+00   5.0602684e-01   0.0000000e+00
   2.2800000e+00   5.0417563e-01   0.0000000e+00
   2.3000000e+00   5.0203813e-01   0.0000000e+00
   2.3200000e+00   4.9990062e-01   0.0000000e+00
   2.3400000e+00   4.9776311e-01   0.0000000e+00
   2.3600000e+00   4.9562560e-01   0.0000000e+00
   2.3800000e+00   4.9348809e-01   0.0000000e+00
   2.4000000e+00   4.9135058e-01   0.0000000e+00
   2.4200000e+00   4.8952887e-01   0.0000000e+00
   2.4400000e+00   4.8791600e-01   0.0000000e+00
   2.4600000e+00   4.8651200e-01   0.0000000e+00
   2.4800000e+00   4.8536078e-01   0.0000000e+00
   2.5000000e+00   4.8398361e-01   0.0000000e+00
   2.5200000e+00   4.8238048e-01   0.0000000e+00
   2.5400000e+00   4.8127752e-01   0.0000000e+00
   2.5600000e+00   4.7999991e-01   0.0000000e+00
   2.5800000e+00   4.7854765e-01   0.0000000e+00
   2.6000000e+00   4.7721136e-01   0.0000000e+00
   2.6200000e+00   4.7608393e-01   0.0000000e+00
   2.6400000e+00   4.7516536e-01   0.0000000e+00
   2.6600000e+00   4.7456395e-01   0.0000000e+00
   2.6800000e+00   4.7346168e-01   0.0000000e+00
   2.7000000e+00   4.7185855e-01   0.0000000e+00
   2.7200000e+00   4.7025542e-01   0.0000000e+00
   2.7400000e+00   4.6881957e-01   0.0000000e+00
   2.7600000e+00   4.6755100e-01   0.0000000e+00
   2.7800000e+00   4.6604645e-01   0.0000000e+00
   2.8000000e+00   4.6432665e-01   0.0000000e+00
   2.8200000e+00   4.6239161e-01   0.0000000e+00
   2.8400000e+00   4.6132286e-01   0.0000000e+00
   2.8600000e+00   4.6025410e-01   0.0000000e+00
   2.8800000e+00   4.5918535e-01   0.0000000e+00
   2.9000000e+00   4.5771432e-01   0.0000000e+00
   2.9200000e+00   4.5632004e-01   0.0000000e+00
   2.9400000e+00   4.5500253e-01   0.0000000e+00
   2.9600000e+00   4.5393377e-01   0.0000000e+00
   2.9800000e+00   4.5286502e-01   0.0000000e+00
   3.0000000e+00   4.5179626e-01   0.0000000e+00
   3.0200000e+00   4.5072751e-01   0.0000000e+00
   3.0400000e+00   4.4965875e-01   0.0000000e+00
   3.0600000e+00   4.4859000e-01   0.0000000e+00
   3.0800000e+00   4.4752125e-01   0.0000000e+00
   3.1000000e+00   4.4657083e-01   0.0000000e+00
   3.1200000e+00   4.4573874e-01   0.0000000e+00
   3.1400000e+00   4.4508436e-01   0.0000000e+00
   3.1600000e+00   4.4422446e-01   0.0000000e+00
   3.1800000e+00   4.4315905e-01   0.0000000e+00
   3.2000000e+00   4.4262467e-01   0.0000000e+00
   3.2200000e+00   4.4230082e-01   0.0000000e+00
   3.2400000e+00   4.4218750e-01   0.0000000e+00
   3.2600000e+00   4.4310067e-01   0.0000000e+00
   2.0700000e+00   8.1248780e-01   1.0000000e+00
   2.0900000e+00   8.1017259e-01   1.0000000e+00
   2.1100000e+00   8.0821342e-01   1.0000000e+00
   2.1300000e+00   8.0661029e-01   1.0000000e+00
   2.1500000e+00   8.0487978e-01   1.0000000e+00
   2.1700000e+00   8.0267858e-01   1.0000000e+00
   2.1900000e+00   8.0000670e-01   1.0000000e+00
   2.2100000e+00   7.9733481e-01   1.0000000e+00
   2.2300000e+00   7.9448056e-01   1.0000000e+00
   2.2500000e+00   7.9144394e-01   1.0000000e+00
   2.2700000e+00   7.8798960e-01   1.0000000e+00
   2.2900000e+00   7.8452352e-01   1.0000000e+00
   2.3100000e+00   7.8104570e-01   1.0000000e+00
   2.3300000e+00   7.7840330e-01   1.0000000e+00
   2.3500000e+00   7.7628053e-01   1.0000000e+00
   2.3700000e+00   7.7467740e-01   1.0000000e+00
   2.3900000e+00   7.7350672e-01   1.0000000e+00
   2.4100000e+00   7.7207122e-01   1.0000000e+00
   2.4300000e+00   7.7037088e-01   1.0000000e+00
   2.4500000e+00   7.6843250e-01   1.0000000e+00
   2.4700000e+00   7.6666174e-01   1.0000000e+00
   2.4900000e+00   7.6505861e-01   1.0000000e+00
   2.5100000e+00   7.6345548e-01   1.0000000e+00
   2.5300000e+00   7.6185235e-01   1.0000000e+00
   2.5500000e+00   7.6024922e-01   1.0000000e+00
   2.5700000e+00   7.5864609e-01   1.0000000e+00
   2.5900000e+00   7.5690954e-01   1.0000000e+00
   2.6100000e+00   7.5503956e-01   1.0000000e+00
   2.6300000e+00   7.5305223e-01   1.0000000e+00
   2.6500000e+00   7.5120673e-01   1.0000000e+00
   2.6700000e+00   7.4950306e-01   1.0000000e+00
   2.6900000e+00   7.4629679e-01   1.0000000e+00
   2.7100000e+00   7.4376737e-01   1.0000000e+00
   2.7300000e+00   7.4191479e-01   1.0000000e+00
   2.7500000e+00   7.3997710e-01   1.0000000e+00
   2.7700000e+00   7.3793950e-01   1.0000000e+00
   2.7900000e+00   7.3580199e-01   1.0000000e+00
   2.8100000e+00   7.3376571e-01   1.0000000e+00
   2.8300000e+00   7.3194601e-01   1.0000000e+00
   2.8500000e+00   7.3034288e-01   1.0000000e+00
   2.8700000e+00   7.2873975e-01   1.0000000e+00
   2.8900000e+00   7.2733776e-01   1.0000000e+00
   2.9100000e+00   7.2613691e-01   1.0000000e+00
   2.9300000e+00   7.2478254e-01   1.0000000e+00
   2.9500000e+00   7.2330379e-01   1.0000000e+00
   2.9700000e+00   7.2170065e-01   1.0000000e+00
   2.9900000e+00   7.2009752e-01   1.0000000e+00
   3.0100000e+00   7.1849439e-01   1.0000000e+00
   3.0300000e+00   7.1689126e-01   1.0000000e+00
   3.0500000e+00   7.1528813e-01   1.0000000e+00
   3.0700000e+00   7.1315500e-01   1.0000000e+00
   3.0900000e+00   7.1049186e-01   1.0000000e+00
   3.1100000e+00   7.0775894e-01   1.0000000e+00
   3.1300000e+00   7.0532372e-01   1.0000000e+00
   3.1500000e+00   7.0318622e-01   1.0000000e+00
   3.1700000e+00   7.0105205e-01   1.0000000e+00
   3.1900000e+00   6.9918340e-01   1.0000000e+00
   3.2100000e+00   6.9758027e-01   1.0000000e+00
   3.2300000e+00   6.9681924e-01   1.0000000e+00
   3.2500000e+00   6.9601935e-01   1.0000000e+00
   3.2700000e+00   6.9518058e-01   1.0000000e+00
   3.2900000e+00   6.9429955e-01   1.0000000e+00
   3.3100000e+00   6.9359185e-01   1.0000000e+00
   3.3300000e+00   6.9305747e-01   1.0000000e+00
   3.3500000e+00   6.9252310e-01   1.0000000e+00
