   6.0000000e-01   9.5856085e-01   0.0000000e+00
   6.2000000e-01   9.4305320e-01   0.0000000e+00
   6.4000000e-01   9.2598970e-01   0.0000000e+00
   6.6000000e-01   9.0737034e-01   0.0000000e+00
   6.8000000e-01   8.8278900e-01   0.0000000e+00
   7.0000000e-01   8.5911817e-01   0.0000000e+00
   7.2000000e-01   8.3635785e-01   0.0000000e+00
   7.4000000e-01   8.1526839e-01   0.0000000e+00
   7.6000000e-01   7.9579110e-01   0.0000000e+00
   7.8000000e-01   7.7792598e-01   0.0000000e+00
   8.0000000e-01   7.6349780e-01   0.0000000e+00
   8.2000000e-01   7.4906962e-01   0.0000000e+00
   8.4000000e-01   7.3464144e-01   0.0000000e+00
   8.6000000e-01   7.2282814e-01   0.0000000e+00
   8.8000000e-01   7.1165281e-01   0.0000000e+00
   9.0000000e-01   7.0111545e-01   0.0000000e+00
   9.2000000e-01   6.9270016e-01   0.0000000e+00
   9.4000000e-01   6.8519205e-01   0.0000000e+00
   9.6000000e-01   6.7859111e-01   0.0000000e+00
   9.8000000e-01   6.7293823e-01   0.0000000e+00
   1.0000000e+00   6.6824147e-01   0.0000000e+00
   1.0200000e+00   6.6450084e-01   0.0000000e+00
   1.0400000e+00   6.6028617e-01   0.0000000e+00
   1.0600000e+00   6.5639869e-01   0.0000000e+00
   1.0800000e+00   6.5283840e-01   0.0000000e+00
   1.1000000e+00   6.5059494e-01   0.0000000e+00
   1.1200000e+00   6.4887682e-01   0.0000000e+00
   1.1400000e+00   6.4768403e-01   0.0000000e+00
   1.1600000e+00   6.3505004e-01   0.0000000e+00
   1.1800000e+00   6.2926743e-01   0.0000000e+00
   1.2000000e+00   6.3033618e-01   0.0000000e+00
   1.2200000e+00   6.2800427e-01   0.0000000e+00
   1.2400000e+00   6.2508097e-01   0.0000000e+00
   1.2600000e+00   6.2156629e-01   0.0000000e+00
   1.2800000e+00   6.1820916e-01   0.0000000e+00
   1.3000000e+00   6.1519465e-01   0.0000000e+00
   1.3200000e+00   6.1252277e-01   0.0000000e+00
   1.3400000e+00   6.0985088e-01   0.0000000e+00
   1.3600000e+00   6.0693259e-01   0.0000000e+00
   1.3800000e+00   6.0376791e-01   0.0000000e+00
   1.4000000e+00   6.0056164e-01   0.0000000e+00
   1.4200000e+00   5.9722565e-01   0.0000000e+00
   1.4400000e+00   5.9375991e-01   0.0000000e+00
   1.4600000e+00   5.9016208e-01   0.0000000e+00
   1.4800000e+00   5.8676003e-01   0.0000000e+00
   1.5000000e+00   5.8355377e-01   0.0000000e+00
   1.5200000e+00   5.8034751e-01   0.0000000e+00
   1.5400000e+00   5.7714125e-01   0.0000000e+00
   1.5600000e+00   5.7393498e-01   0.0000000e+00
   1.5800000e+00   5.7072872e-01   0.0000000e+00
   1.6000000e+00   5.6762772e-01   0.0000000e+00
   1.6200000e+00   5.6463199e-01   0.0000000e+00
   1.6400000e+00   5.6205396e-01   0.0000000e+00
   1.6600000e+00   5.5969620e-01   0.0000000e+00
   1.6800000e+00   5.5755869e-01   0.0000000e+00
   1.7000000e+00   5.5542118e-01   0.0000000e+00
   1.7200000e+00   5.5328367e-01   0.0000000e+00
   1.7400000e+00   5.5114617e-01   0.0000000e+00
   1.7600000e+00   5.4928690e-01   0.0000000e+00
   1.7800000e+00   5.4747492e-01   0.0000000e+00
   1.8000000e+00   5.4571020e-01   0.0000000e+00
   1.8200000e+00   5.4361761e-01   0.0000000e+00
   1.8400000e+00   5.4176975e-01   0.0000000e+00
   1.8600000e+00   5.4016662e-01   0.0000000e+00
   1.8800000e+00   5.3856349e-01   0.0000000e+00
   1.9000000e+00   5.3678737e-01   0.0000000e+00
   1.9200000e+00   5.3483828e-01   0.0000000e+00
   1.9400000e+00   5.3293007e-01   0.0000000e+00
   1.9600000e+00   5.3117440e-01   0.0000000e+00
   1.9800000e+00   5.2957127e-01   0.0000000e+00
   2.0000000e+00   5.2796814e-01   0.0000000e+00
   2.0200000e+00   5.2609983e-01   0.0000000e+00
   2.0400000e+00   5.2396636e-01   0.0000000e+00
   2.0600000e+00   5.2182885e-01   0.0000000e+00
   2.0800000e+00   5.1969134e-01   0.0000000e+00
   2.1000000e+00   5.1755383e-01   0.0000000e+00
   2.1200000e+00   5.1577703e-01   0.0000000e+00
   2.1400000e+00   5.1429056e-01   0.0000000e+00
   2.1600000e+00   5.1309443e-01   0.0000000e+00
   2.1800000e+00   5.1095692e-01   0.0000000e+00
   2.2000000e+00   5.0906012e-01   0.0000000e+00
   2.2200000e+00   5.0740401e-01   0.0000000e+00
   2.2400000e+00   5.0580088e-01   0.0000000e+00
   2.2600000e+00   5.0407371e-01   0.0000000e+00
   2.2800000e+00   5.0222251e-01   0.0000000e+00
   2.3000000e+00   5.0008500e-01   0.0000000e+00
   2.3200000e+00   4.9795486e-01   0.0000000e+00
   2.3400000e+00   4.9583210e-01   0.0000000e+00
   2.3600000e+00   4.9422897e-01   0.0000000e+00
   2.3800000e+00   4.9240961e-01   0.0000000e+00
   2.4000000e+00   4.9037402e-01   0.0000000e+00
   2.4200000e+00   4.8886809e-01   0.0000000e+00
   2.4400000e+00   4.8758075e-01   0.0000000e+00
   2.4600000e+00   4.8651200e-01   0.0000000e+00
   2.4800000e+00   4.8536078e-01   0.0000000e+00
   2.5000000e+00   4.8398361e-01   0.0000000e+00
   2.5200000e+00   4.8238048e-01   0.0000000e+00
   2.5400000e+00   4.8127752e-01   0.0000000e+00
   2.5600000e+00   4.8038342e-01   0.0000000e+00
   2.5800000e+00   4.7969818e-01   0.0000000e+00
   2.6000000e+00   4.7863011e-01   0.0000000e+00
   2.6200000e+00   4.7744469e-01   0.0000000e+00
   2.6400000e+00   4.7614192e-01   0.0000000e+00
   2.6600000e+00   4.7554051e-01   0.0000000e+00
   2.6800000e+00   4.7443824e-01   0.0000000e+00
   2.7000000e+00   4.7283511e-01   0.0000000e+00
   2.7200000e+00   4.7168321e-01   0.0000000e+00
   2.7400000e+00   4.7057288e-01   0.0000000e+00
   2.7600000e+00   4.6950412e-01   0.0000000e+00
   2.7800000e+00   4.6821747e-01   0.0000000e+00
   2.8000000e+00   4.6682320e-01   0.0000000e+00
   2.8200000e+00   4.6532130e-01   0.0000000e+00
   2.8400000e+00   4.6425255e-01   0.0000000e+00
   2.8600000e+00   4.6292432e-01   0.0000000e+00
   2.8800000e+00   4.6133662e-01   0.0000000e+00
   2.9000000e+00   4.6013577e-01   0.0000000e+00
   2.9200000e+00   4.5885816e-01   0.0000000e+00
   2.9400000e+00   4.5750379e-01   0.0000000e+00
   2.9600000e+00   4.5623856e-01   0.0000000e+00
   2.9800000e+00   4.5528647e-01   0.0000000e+00
   3.0000000e+00   4.5464752e-01   0.0000000e+00
   3.0200000e+00   4.5304439e-01   0.0000000e+00
   3.0400000e+00   4.5191126e-01   0.0000000e+00
   3.0600000e+00   4.5124813e-01   0.0000000e+00
   3.0800000e+00   4.5000708e-01   0.0000000e+00
   3.1000000e+00   4.4893999e-01   0.0000000e+00
   3.1200000e+00   4.4804688e-01   0.0000000e+00
   3.1400000e+00   4.4792687e-01   0.0000000e+00
   3.1600000e+00   4.4759968e-01   0.0000000e+00
   3.1800000e+00   4.4706530e-01   0.0000000e+00
   3.2000000e+00   4.4653092e-01   0.0000000e+00
   3.2200000e+00   4.4578602e-01   0.0000000e+00
   3.2400000e+00   4.4483059e-01   0.0000000e+00
   2.0000000e+00   7.9402323e-01   1.0000000e+00
   2.0200000e+00   7.9348886e-01   1.0000000e+00
   2.0400000e+00   7.9295448e-01   1.0000000e+00
   2.0600000e+00   7.9200642e-01   1.0000000e+00
   2.0800000e+00   7.9084950e-01   1.0000000e+00
   2.1000000e+00   7.8948373e-01   1.0000000e+00
   2.1200000e+00   7.8733954e-01   1.0000000e+00
   2.1400000e+00   7.8475985e-01   1.0000000e+00
   2.1600000e+00   7.8174465e-01   1.0000000e+00
   2.1800000e+00   7.8014152e-01   1.0000000e+00
   2.2000000e+00   7.7829769e-01   1.0000000e+00
   2.2200000e+00   7.7621316e-01   1.0000000e+00
   2.2400000e+00   7.7444039e-01   1.0000000e+00
   2.2600000e+00   7.7262840e-01   1.0000000e+00
   2.2800000e+00   7.7077719e-01   1.0000000e+00
   2.3000000e+00   7.6863969e-01   1.0000000e+00
   2.3200000e+00   7.6650955e-01   1.0000000e+00
   2.3400000e+00   7.6438678e-01   1.0000000e+00
   2.3600000e+00   7.6278365e-01   1.0000000e+00
   2.3800000e+00   7.6118052e-01   1.0000000e+00
   2.4000000e+00   7.5957739e-01   1.0000000e+00
   2.4200000e+00   7.5829005e-01   1.0000000e+00
   2.4400000e+00   7.5701244e-01   1.0000000e+00
   2.4600000e+00   7.5574456e-01   1.0000000e+00
   2.4800000e+00   7.5414143e-01   1.0000000e+00
   2.5000000e+00   7.5253830e-01   1.0000000e+00
   2.5200000e+00   7.5093517e-01   1.0000000e+00
   2.5400000e+00   7.4883186e-01   1.0000000e+00
   2.5600000e+00   7.4671146e-01   1.0000000e+00
   2.5800000e+00   7.4457395e-01   1.0000000e+00
   2.6000000e+00   7.4243644e-01   1.0000000e+00
   2.6200000e+00   7.4037402e-01   1.0000000e+00
   2.6400000e+00   7.3838669e-01   1.0000000e+00
   2.6600000e+00   7.3678356e-01   1.0000000e+00
   2.6800000e+00   7.3518043e-01   1.0000000e+00
   2.7000000e+00   7.3357730e-01   1.0000000e+00
   2.7200000e+00   7.3197417e-01   1.0000000e+00
   2.7400000e+00   7.3037104e-01   1.0000000e+00
   2.7600000e+00   7.2876791e-01   1.0000000e+00
   2.7800000e+00   7.2738267e-01   1.0000000e+00
   2.8000000e+00   7.2610506e-01   1.0000000e+00
   2.8200000e+00   7.2493507e-01   1.0000000e+00
   2.8400000e+00   7.2333194e-01   1.0000000e+00
   2.8600000e+00   7.2198829e-01   1.0000000e+00
   2.8800000e+00   7.2090410e-01   1.0000000e+00
   2.9000000e+00   7.1943307e-01   1.0000000e+00
   2.9200000e+00   7.1789598e-01   1.0000000e+00
   2.9400000e+00   7.1629285e-01   1.0000000e+00
   2.9600000e+00   7.1435182e-01   1.0000000e+00
   2.9800000e+00   7.1207150e-01   1.0000000e+00
   3.0000000e+00   7.0945190e-01   1.0000000e+00
   3.0200000e+00   7.0731439e-01   1.0000000e+00
   3.0400000e+00   7.0541189e-01   1.0000000e+00
   3.0600000e+00   7.0374438e-01   1.0000000e+00
   3.0800000e+00   7.0178791e-01   1.0000000e+00
   3.1000000e+00   6.9997759e-01   1.0000000e+00
   3.1200000e+00   6.9831343e-01   1.0000000e+00
   3.1400000e+00   6.9724467e-01   1.0000000e+00
   3.1600000e+00   6.9617759e-01   1.0000000e+00
   3.1800000e+00   6.9511218e-01   1.0000000e+00
   3.2000000e+00   6.9457780e-01   1.0000000e+00
   3.2200000e+00   6.9341184e-01   1.0000000e+00
   3.2400000e+00   6.9161430e-01   1.0000000e+00
   3.2600000e+00   6.8978118e-01   1.0000000e+00
   3.2800000e+00   6.8796920e-01   1.0000000e+00
   3.3000000e+00   6.8617834e-01   1.0000000e+00
   3.3200000e+00   6.8404083e-01   1.0000000e+00
   3.3400000e+00   6.8190333e-01   1.0000000e+00
   3.3600000e+00   6.7976582e-01   1.0000000e+00
   3.3800000e+00   6.7713954e-01   1.0000000e+00
   3.4000000e+00   6.7449045e-01   1.0000000e+00
   3.4200000e+00   6.7181857e-01   1.0000000e+00
   3.4400000e+00   6.6965757e-01   1.0000000e+00
   3.4600000e+00   6.6777550e-01   1.0000000e+00
   3.4800000e+00   6.6617237e-01   1.0000000e+00
   3.5000000e+00   6.6461347e-01   1.0000000e+00
   3.5200000e+00   6.6356683e-01   1.0000000e+00
   3.5400000e+00   6.6303245e-01   1.0000000e+00
