   6.0000000e-01   9.5424829e-01   0.0000000e+00
   6.2000000e-01   9.3435103e-01   0.0000000e+00
   6.4000000e-01   9.0846495e-01   0.0000000e+00
   6.6000000e-01   8.7659005e-01   0.0000000e+00
   6.8000000e-01   8.4719931e-01   0.0000000e+00
   7.0000000e-01   8.2258878e-01   0.0000000e+00
   7.2000000e-01   8.0275844e-01   0.0000000e+00
   7.4000000e-01   7.8492822e-01   0.0000000e+00
   7.6000000e-01   7.6719588e-01   0.0000000e+00
   7.8000000e-01   7.4956144e-01   0.0000000e+00
   8.0000000e-01   7.3161121e-01   0.0000000e+00
   8.2000000e-01   7.1301730e-01   0.0000000e+00
   8.4000000e-01   6.9377973e-01   0.0000000e+00
   8.6000000e-01   6.8604762e-01   0.0000000e+00
   8.8000000e-01   6.7823778e-01   0.0000000e+00
   9.0000000e-01   6.7035019e-01   0.0000000e+00
   9.2000000e-01   6.6407241e-01   0.0000000e+00
   9.4000000e-01   6.5844233e-01   0.0000000e+00
   9.6000000e-01   6.5345996e-01   0.0000000e+00
   9.8000000e-01   6.4817251e-01   0.0000000e+00
   1.0000000e+00   6.4312408e-01   0.0000000e+00
   1.0200000e+00   6.3831469e-01   0.0000000e+00
   1.0400000e+00   6.3492739e-01   0.0000000e+00
   1.0600000e+00   6.3163060e-01   0.0000000e+00
   1.0800000e+00   6.2842434e-01   0.0000000e+00
   1.1000000e+00   6.2569948e-01   0.0000000e+00
   1.1200000e+00   6.2320628e-01   0.0000000e+00
   1.1400000e+00   6.2094473e-01   0.0000000e+00
   1.1600000e+00   6.1827285e-01   0.0000000e+00
   1.1800000e+00   6.1560096e-01   0.0000000e+00
   1.2000000e+00   6.1292908e-01   0.0000000e+00
   1.2200000e+00   6.1025719e-01   0.0000000e+00
   1.2400000e+00   6.0773952e-01   0.0000000e+00
   1.2600000e+00   6.0537605e-01   0.0000000e+00
   1.2800000e+00   6.0304679e-01   0.0000000e+00
   1.3000000e+00   6.0054621e-01   0.0000000e+00
   1.3200000e+00   5.9787433e-01   0.0000000e+00
   1.3400000e+00   5.9520244e-01   0.0000000e+00
   1.3600000e+00   5.9228416e-01   0.0000000e+00
   1.3800000e+00   5.8911947e-01   0.0000000e+00
   1.4000000e+00   5.8591321e-01   0.0000000e+00
   1.4200000e+00   5.8296642e-01   0.0000000e+00
   1.4400000e+00   5.8027910e-01   0.0000000e+00
   1.4600000e+00   5.7785598e-01   0.0000000e+00
   1.4800000e+00   5.7504128e-01   0.0000000e+00
   1.5000000e+00   5.7183502e-01   0.0000000e+00
   1.5200000e+00   5.6862876e-01   0.0000000e+00
   1.5400000e+00   5.6586635e-01   0.0000000e+00
   1.5600000e+00   5.6354780e-01   0.0000000e+00
   1.5800000e+00   5.6075591e-01   0.0000000e+00
   1.6000000e+00   5.5786210e-01   0.0000000e+00
   1.6200000e+00   5.5486636e-01   0.0000000e+00
   1.6400000e+00   5.5228834e-01   0.0000000e+00
   1.6600000e+00   5.4993057e-01   0.0000000e+00
   1.6800000e+00   5.4779306e-01   0.0000000e+00
   1.7000000e+00   5.4565556e-01   0.0000000e+00
   1.7200000e+00   5.4371550e-01   0.0000000e+00
   1.7400000e+00   5.4197290e-01   0.0000000e+00
   1.7600000e+00   5.4009153e-01   0.0000000e+00
   1.7800000e+00   5.3816288e-01   0.0000000e+00
   1.8000000e+00   5.3618695e-01   0.0000000e+00
   1.8200000e+00   5.3458382e-01   0.0000000e+00
   1.8400000e+00   5.3298069e-01   0.0000000e+00
   1.8600000e+00   5.3137756e-01   0.0000000e+00
   1.8800000e+00   5.2977443e-01   0.0000000e+00
   1.9000000e+00   5.2817129e-01   0.0000000e+00
   1.9200000e+00   5.2656816e-01   0.0000000e+00
   1.9400000e+00   5.2496503e-01   0.0000000e+00
   1.9600000e+00   5.2330558e-01   0.0000000e+00
   1.9800000e+00   5.2158982e-01   0.0000000e+00
   2.0000000e+00   5.1945231e-01   0.0000000e+00
   2.0200000e+00   5.1784515e-01   0.0000000e+00
   2.0400000e+00   5.1676833e-01   0.0000000e+00
   2.0600000e+00   5.1487222e-01   0.0000000e+00
   2.0800000e+00   5.1285540e-01   0.0000000e+00
   2.1000000e+00   5.1071789e-01   0.0000000e+00
   2.1200000e+00   5.0894109e-01   0.0000000e+00
   2.1400000e+00   5.0745463e-01   0.0000000e+00
   2.1600000e+00   5.0625849e-01   0.0000000e+00
   2.1800000e+00   5.0412099e-01   0.0000000e+00
   2.2000000e+00   5.0174278e-01   0.0000000e+00
   2.2200000e+00   4.9912387e-01   0.0000000e+00
   2.2400000e+00   4.9681672e-01   0.0000000e+00
   2.2600000e+00   4.9459439e-01   0.0000000e+00
   2.2800000e+00   4.9245688e-01   0.0000000e+00
   2.3000000e+00   4.9058219e-01   0.0000000e+00
   2.3200000e+00   4.8909572e-01   0.0000000e+00
   2.3400000e+00   4.8799748e-01   0.0000000e+00
   2.3600000e+00   4.8585997e-01   0.0000000e+00
   2.3800000e+00   4.8415492e-01   0.0000000e+00
   2.4000000e+00   4.8288232e-01   0.0000000e+00
   2.4200000e+00   4.8181357e-01   0.0000000e+00
   2.4400000e+00   4.8064525e-01   0.0000000e+00
   2.4600000e+00   4.7937737e-01   0.0000000e+00
   2.4800000e+00   4.7785670e-01   0.0000000e+00
   2.5000000e+00   4.7656199e-01   0.0000000e+00
   2.5200000e+00   4.7549324e-01   0.0000000e+00
   2.5400000e+00   4.7442448e-01   0.0000000e+00
   2.5600000e+00   4.7354748e-01   0.0000000e+00
   2.5800000e+00   4.7286224e-01   0.0000000e+00
   2.6000000e+00   4.7206102e-01   0.0000000e+00
   2.6200000e+00   4.7120112e-01   0.0000000e+00
   2.6400000e+00   4.7028254e-01   0.0000000e+00
   2.6600000e+00   4.6974817e-01   0.0000000e+00
   2.6800000e+00   4.6921379e-01   0.0000000e+00
   2.7000000e+00   4.6867941e-01   0.0000000e+00
   2.0000000e+00   7.6835937e-01   1.0000000e+00
   2.0200000e+00   7.6809420e-01   1.0000000e+00
   2.0400000e+00   7.6756386e-01   1.0000000e+00
   2.0600000e+00   7.6620211e-01   1.0000000e+00
   2.0800000e+00   7.6471968e-01   1.0000000e+00
   2.1000000e+00   7.6311654e-01   1.0000000e+00
   2.1200000e+00   7.6151341e-01   1.0000000e+00
   2.1400000e+00   7.5987844e-01   1.0000000e+00
   2.1600000e+00   7.5821162e-01   1.0000000e+00
   2.1800000e+00   7.5607411e-01   1.0000000e+00
   2.2000000e+00   7.5393660e-01   1.0000000e+00
   2.2200000e+00   7.5179909e-01   1.0000000e+00
   2.2400000e+00   7.4929685e-01   1.0000000e+00
   2.2600000e+00   7.4695786e-01   1.0000000e+00
   2.2800000e+00   7.4478212e-01   1.0000000e+00
   2.3000000e+00   7.4291617e-01   1.0000000e+00
   2.3200000e+00   7.4065463e-01   1.0000000e+00
   2.3400000e+00   7.3799748e-01   1.0000000e+00
   2.3600000e+00   7.3585997e-01   1.0000000e+00
   2.3800000e+00   7.3393869e-01   1.0000000e+00
   2.4000000e+00   7.3223364e-01   1.0000000e+00
   2.4200000e+00   7.3063051e-01   1.0000000e+00
   2.4400000e+00   7.2902738e-01   1.0000000e+00
   2.4600000e+00   7.2742425e-01   1.0000000e+00
   2.4800000e+00   7.2590358e-01   1.0000000e+00
   2.5000000e+00   7.2460886e-01   1.0000000e+00
   2.5200000e+00   7.2354011e-01   1.0000000e+00
   2.5400000e+00   7.2147101e-01   1.0000000e+00
   2.5600000e+00   7.1955946e-01   1.0000000e+00
   2.5800000e+00   7.1780546e-01   1.0000000e+00
   2.6000000e+00   7.1593549e-01   1.0000000e+00
   2.6200000e+00   7.1400683e-01   1.0000000e+00
   2.6400000e+00   7.1201950e-01   1.0000000e+00
   2.6600000e+00   7.1041637e-01   1.0000000e+00
   2.6800000e+00   7.0881324e-01   1.0000000e+00
   2.7000000e+00   7.0721011e-01   1.0000000e+00
   2.7200000e+00   7.0560698e-01   1.0000000e+00
   2.7400000e+00   7.0417113e-01   1.0000000e+00
   2.7600000e+00   7.0290256e-01   1.0000000e+00
   2.7800000e+00   7.0205171e-01   1.0000000e+00
   2.8000000e+00   7.0130847e-01   1.0000000e+00
   2.8200000e+00   7.0067286e-01   1.0000000e+00
   2.8400000e+00   6.9960411e-01   1.0000000e+00
   2.8600000e+00   6.9853535e-01   1.0000000e+00
   2.8800000e+00   6.9746660e-01   1.0000000e+00
   2.9000000e+00   6.9639785e-01   1.0000000e+00
   2.9200000e+00   6.9504348e-01   1.0000000e+00
   2.9400000e+00   6.9340349e-01   1.0000000e+00
   2.9600000e+00   6.9143493e-01   1.0000000e+00
   2.9800000e+00   6.8959680e-01   1.0000000e+00
   3.0000000e+00   6.8788910e-01   1.0000000e+00
   3.0200000e+00   6.8521721e-01   1.0000000e+00
   3.0400000e+00   6.8325032e-01   1.0000000e+00
   3.0600000e+00   6.8198844e-01   1.0000000e+00
   3.0800000e+00   6.8056635e-01   1.0000000e+00
   3.1000000e+00   6.7917207e-01   1.0000000e+00
   3.1200000e+00   6.7780561e-01   1.0000000e+00
   3.1400000e+00   6.7661685e-01   1.0000000e+00
   3.1600000e+00   6.7522425e-01   1.0000000e+00
   3.1800000e+00   6.7362780e-01   1.0000000e+00
   3.2000000e+00   6.7309342e-01   1.0000000e+00
   3.2200000e+00   6.7255905e-01   1.0000000e+00
   3.2400000e+00   6.7202467e-01   1.0000000e+00
   3.2600000e+00   6.7057713e-01   1.0000000e+00
   3.2800000e+00   6.6831529e-01   1.0000000e+00
   3.3000000e+00   6.6523916e-01   1.0000000e+00
   3.3200000e+00   6.6071401e-01   1.0000000e+00
   3.3400000e+00   6.5711549e-01   1.0000000e+00
   3.3600000e+00   6.5444360e-01   1.0000000e+00
