   6.0000000e-01   8.8013628e-01   0.0000000e+00
   6.2000000e-01   8.4728443e-01   0.0000000e+00
   6.4000000e-01   8.2091183e-01   0.0000000e+00
   6.6000000e-01   8.0101850e-01   0.0000000e+00
   6.8000000e-01   7.8659032e-01   0.0000000e+00
   7.0000000e-01   7.7421079e-01   0.0000000e+00
   7.2000000e-01   7.6387993e-01   0.0000000e+00
   7.4000000e-01   7.4647351e-01   0.0000000e+00
   7.6000000e-01   7.2903485e-01   0.0000000e+00
   7.8000000e-01   7.1156395e-01   0.0000000e+00
   8.0000000e-01   7.0065783e-01   0.0000000e+00
   8.2000000e-01   6.9039537e-01   0.0000000e+00
   8.4000000e-01   6.8077658e-01   0.0000000e+00
   8.6000000e-01   6.7324970e-01   0.0000000e+00
   8.8000000e-01   6.6635509e-01   0.0000000e+00
   9.0000000e-01   6.6009274e-01   0.0000000e+00
   9.2000000e-01   6.5508353e-01   0.0000000e+00
   9.4000000e-01   6.5035493e-01   0.0000000e+00
   9.6000000e-01   6.4590693e-01   0.0000000e+00
   9.8000000e-01   6.4121017e-01   0.0000000e+00
   1.0000000e+00   6.3699147e-01   0.0000000e+00
   1.0200000e+00   6.3325084e-01   0.0000000e+00
   1.0400000e+00   6.2903617e-01   0.0000000e+00
   1.0600000e+00   6.2479132e-01   0.0000000e+00
   1.0800000e+00   6.2051631e-01   0.0000000e+00
   1.1000000e+00   6.1624129e-01   0.0000000e+00
   1.1200000e+00   6.1196627e-01   0.0000000e+00
   1.1400000e+00   6.0769126e-01   0.0000000e+00
   1.1600000e+00   6.0342361e-01   0.0000000e+00
   1.1800000e+00   5.9941947e-01   0.0000000e+00
   1.2000000e+00   5.9567883e-01   0.0000000e+00
   1.2200000e+00   5.9236328e-01   0.0000000e+00
   1.2400000e+00   5.8894816e-01   0.0000000e+00
   1.2600000e+00   5.8543348e-01   0.0000000e+00
   1.2800000e+00   5.8207635e-01   0.0000000e+00
   1.3000000e+00   5.7902429e-01   0.0000000e+00
   1.3200000e+00   5.7627732e-01   0.0000000e+00
   1.3400000e+00   5.7307106e-01   0.0000000e+00
   1.3600000e+00   5.7035760e-01   0.0000000e+00
   1.3800000e+00   5.6813694e-01   0.0000000e+00
   1.4000000e+00   5.6562329e-01   0.0000000e+00
   1.4200000e+00   5.6316026e-01   0.0000000e+00
   1.4400000e+00   5.6074785e-01   0.0000000e+00
   1.4600000e+00   5.5861034e-01   0.0000000e+00
   1.4800000e+00   5.5647283e-01   0.0000000e+00
   1.5000000e+00   5.5433533e-01   0.0000000e+00
   1.5200000e+00   5.5219782e-01   0.0000000e+00
   1.5400000e+00   5.5028224e-01   0.0000000e+00
   1.5600000e+00   5.4858858e-01   0.0000000e+00
   1.5800000e+00   5.4698545e-01   0.0000000e+00
   1.6000000e+00   5.4538232e-01   0.0000000e+00
   1.6200000e+00   5.4377919e-01   0.0000000e+00
   1.6400000e+00   5.4226992e-01   0.0000000e+00
   1.6600000e+00   5.4098091e-01   0.0000000e+00
   1.6800000e+00   5.3991216e-01   0.0000000e+00
   1.7000000e+00   5.3833183e-01   0.0000000e+00
   1.7200000e+00   5.3674010e-01   0.0000000e+00
   1.7400000e+00   5.3513697e-01   0.0000000e+00
   1.7600000e+00   5.3353384e-01   0.0000000e+00
   1.7800000e+00   5.3193071e-01   0.0000000e+00
   1.8000000e+00   5.3032758e-01   0.0000000e+00
   1.8200000e+00   5.2867953e-01   0.0000000e+00
   1.8400000e+00   5.2678675e-01   0.0000000e+00
   1.8600000e+00   5.2464924e-01   0.0000000e+00
   1.8800000e+00   5.2297436e-01   0.0000000e+00
   1.9000000e+00   5.2116237e-01   0.0000000e+00
   1.9200000e+00   5.1921328e-01   0.0000000e+00
   1.9400000e+00   5.1730507e-01   0.0000000e+00
   1.9600000e+00   5.1554940e-01   0.0000000e+00
   1.9800000e+00   5.1394627e-01   0.0000000e+00
   2.0000000e+00   5.1234314e-01   0.0000000e+00
   2.0200000e+00   5.1047483e-01   0.0000000e+00
   2.0400000e+00   5.0834136e-01   0.0000000e+00
   2.0600000e+00   5.0620385e-01   0.0000000e+00
   2.0800000e+00   5.0406634e-01   0.0000000e+00
   2.1000000e+00   5.0192883e-01   0.0000000e+00
   2.1200000e+00   4.9979132e-01   0.0000000e+00
   2.1400000e+00   4.9765381e-01   0.0000000e+00
   2.1600000e+00   4.9551631e-01   0.0000000e+00
   2.1800000e+00   4.9337880e-01   0.0000000e+00
   2.2000000e+00   4.9148199e-01   0.0000000e+00
   2.2200000e+00   4.8982588e-01   0.0000000e+00
   2.2400000e+00   4.8822275e-01   0.0000000e+00
   2.2600000e+00   4.8661962e-01   0.0000000e+00
   2.2800000e+00   4.8501649e-01   0.0000000e+00
   2.3000000e+00   4.8341336e-01   0.0000000e+00
   2.3200000e+00   4.8181023e-01   0.0000000e+00
   2.3400000e+00   4.8020710e-01   0.0000000e+00
   2.3600000e+00   4.7860397e-01   0.0000000e+00
   2.3800000e+00   4.7700083e-01   0.0000000e+00
   2.4000000e+00   4.7539770e-01   0.0000000e+00
   2.4200000e+00   4.7442615e-01   0.0000000e+00
   2.4400000e+00   4.7347406e-01   0.0000000e+00
   2.4600000e+00   4.7254143e-01   0.0000000e+00
   2.0100000e+00   7.5764137e-01   1.0000000e+00
   2.0300000e+00   7.5497351e-01   1.0000000e+00
   2.0500000e+00   7.5230364e-01   1.0000000e+00
   2.0700000e+00   7.4963176e-01   1.0000000e+00
   2.0900000e+00   7.4725689e-01   1.0000000e+00
   2.1100000e+00   7.4500070e-01   1.0000000e+00
   2.1300000e+00   7.4286319e-01   1.0000000e+00
   2.1500000e+00   7.4085306e-01   1.0000000e+00
   2.1700000e+00   7.3931362e-01   1.0000000e+00
   2.1900000e+00   7.3824487e-01   1.0000000e+00
   2.2100000e+00   7.3621331e-01   1.0000000e+00
   2.2300000e+00   7.3449351e-01   1.0000000e+00
   2.2500000e+00   7.3308548e-01   1.0000000e+00
   2.2700000e+00   7.3201673e-01   1.0000000e+00
   2.2900000e+00   7.3094797e-01   1.0000000e+00
   2.3100000e+00   7.2987922e-01   1.0000000e+00
   2.3300000e+00   7.2878098e-01   1.0000000e+00
   2.3500000e+00   7.2716310e-01   1.0000000e+00
   2.3700000e+00   7.2502560e-01   1.0000000e+00
   2.3900000e+00   7.2375300e-01   1.0000000e+00
   2.4100000e+00   7.2226653e-01   1.0000000e+00
   2.4300000e+00   7.2056620e-01   1.0000000e+00
   2.4500000e+00   7.1882694e-01   1.0000000e+00
   2.4700000e+00   7.1734047e-01   1.0000000e+00
   2.4900000e+00   7.1610680e-01   1.0000000e+00
   2.5100000e+00   7.1396929e-01   1.0000000e+00
   2.5300000e+00   7.1233195e-01   1.0000000e+00
   2.5500000e+00   7.1119479e-01   1.0000000e+00
   2.5700000e+00   7.0974253e-01   1.0000000e+00
   2.5900000e+00   7.0834826e-01   1.0000000e+00
   2.6100000e+00   7.0701197e-01   1.0000000e+00
   2.6300000e+00   7.0579303e-01   1.0000000e+00
   2.6500000e+00   7.0438200e-01   1.0000000e+00
   2.6700000e+00   7.0277887e-01   1.0000000e+00
   2.6900000e+00   7.0117574e-01   1.0000000e+00
   2.7100000e+00   6.9934699e-01   1.0000000e+00
   2.7300000e+00   6.9729264e-01   1.0000000e+00
   2.7500000e+00   6.9582425e-01   1.0000000e+00
   2.7700000e+00   6.9455568e-01   1.0000000e+00
   2.7900000e+00   6.9348693e-01   1.0000000e+00
   2.8100000e+00   6.9262064e-01   1.0000000e+00
   2.8300000e+00   6.9218750e-01   1.0000000e+00
   2.8500000e+00   6.9218750e-01   1.0000000e+00
