   6.1000000e-01   9.6169807e-01   0.0000000e+00
   6.3000000e-01   9.4534762e-01   0.0000000e+00
   6.5000000e-01   9.2535040e-01   0.0000000e+00
   6.7000000e-01   9.0386269e-01   0.0000000e+00
   6.9000000e-01   8.8088448e-01   0.0000000e+00
   7.1000000e-01   8.5699575e-01   0.0000000e+00
   7.3000000e-01   8.3268931e-01   0.0000000e+00
   7.5000000e-01   8.0796516e-01   0.0000000e+00
   7.7000000e-01   7.8817571e-01   0.0000000e+00
   7.9000000e-01   7.7192512e-01   0.0000000e+00
   8.1000000e-01   7.5921340e-01   0.0000000e+00
   8.3000000e-01   7.4478522e-01   0.0000000e+00
   8.5000000e-01   7.2983406e-01   0.0000000e+00
   8.7000000e-01   7.1435993e-01   0.0000000e+00
   8.9000000e-01   7.0089455e-01   0.0000000e+00
   9.1000000e-01   6.8890792e-01   0.0000000e+00
   9.3000000e-01   6.7840005e-01   0.0000000e+00
   9.5000000e-01   6.7054194e-01   0.0000000e+00
   9.7000000e-01   6.6343478e-01   0.0000000e+00
   9.9000000e-01   6.5707858e-01   0.0000000e+00
   1.0100000e+00   6.5120043e-01   0.0000000e+00
   1.0300000e+00   6.4508527e-01   0.0000000e+00
   1.0500000e+00   6.3873309e-01   0.0000000e+00
   1.0700000e+00   6.3303530e-01   0.0000000e+00
   1.0900000e+00   6.2751451e-01   0.0000000e+00
   1.1100000e+00   6.2217074e-01   0.0000000e+00
   1.1300000e+00   6.1682697e-01   0.0000000e+00
   1.1500000e+00   6.1148320e-01   0.0000000e+00
   1.1700000e+00   6.0613943e-01   0.0000000e+00
   1.1900000e+00   6.0079566e-01   0.0000000e+00
   1.2100000e+00   5.9545189e-01   0.0000000e+00
   1.2300000e+00   5.9010812e-01   0.0000000e+00
   1.2500000e+00   5.8507277e-01   0.0000000e+00
   1.2700000e+00   5.8015040e-01   0.0000000e+00
   1.2900000e+00   5.7534100e-01   0.0000000e+00
   1.3100000e+00   5.7053161e-01   0.0000000e+00
   1.3300000e+00   5.6572222e-01   0.0000000e+00
   1.3500000e+00   5.6091282e-01   0.0000000e+00
   1.3700000e+00   5.5610343e-01   0.0000000e+00
   1.3900000e+00   5.5129404e-01   0.0000000e+00
   1.4100000e+00   5.4648464e-01   0.0000000e+00
   1.4300000e+00   5.4167525e-01   0.0000000e+00
   1.4500000e+00   5.3693726e-01   0.0000000e+00
   1.4700000e+00   5.3227068e-01   0.0000000e+00
   1.4900000e+00   5.2799566e-01   0.0000000e+00
   1.5100000e+00   5.2372064e-01   0.0000000e+00
   1.5300000e+00   5.1944563e-01   0.0000000e+00
   1.5500000e+00   5.1561447e-01   0.0000000e+00
   1.5700000e+00   5.1182857e-01   0.0000000e+00
   1.5900000e+00   5.0808793e-01   0.0000000e+00
   1.6100000e+00   5.0455782e-01   0.0000000e+00
   1.6300000e+00   5.0118963e-01   0.0000000e+00
   1.6500000e+00   4.9798337e-01   0.0000000e+00
   1.6700000e+00   4.9477710e-01   0.0000000e+00
   1.6900000e+00   4.9208242e-01   0.0000000e+00
   1.7100000e+00   4.8989930e-01   0.0000000e+00
   1.7300000e+00   4.8815670e-01   0.0000000e+00
   1.7500000e+00   4.8648384e-01   0.0000000e+00
   1.7700000e+00   4.8488071e-01   0.0000000e+00
   1.7900000e+00   4.8327758e-01   0.0000000e+00
   1.8100000e+00   4.8169690e-01   0.0000000e+00
   1.8300000e+00   4.8013869e-01   0.0000000e+00
   1.8500000e+00   4.7906993e-01   0.0000000e+00
   1.8700000e+00   4.7800118e-01   0.0000000e+00
   1.8900000e+00   4.7693243e-01   0.0000000e+00
   1.9100000e+00   4.7620964e-01   0.0000000e+00
   1.9300000e+00   4.7535175e-01   0.0000000e+00
   1.9500000e+00   4.7435878e-01   0.0000000e+00
   1.9700000e+00   4.7275565e-01   0.0000000e+00
   1.9900000e+00   4.7115252e-01   0.0000000e+00
   2.0100000e+00   4.6954938e-01   0.0000000e+00
   2.0300000e+00   4.6847660e-01   0.0000000e+00
   2.0500000e+00   4.6719899e-01   0.0000000e+00
   2.0700000e+00   4.6571656e-01   0.0000000e+00
   2.0900000e+00   4.6411342e-01   0.0000000e+00
   2.1100000e+00   4.6251029e-01   0.0000000e+00
   2.1300000e+00   4.6090716e-01   0.0000000e+00
   2.1500000e+00   4.5930403e-01   0.0000000e+00
   2.1700000e+00   4.5770090e-01   0.0000000e+00
   2.1900000e+00   4.5609777e-01   0.0000000e+00
   2.2100000e+00   4.5401324e-01   0.0000000e+00
   2.2300000e+00   4.5226695e-01   0.0000000e+00
   2.2500000e+00   4.5085892e-01   0.0000000e+00
   2.2700000e+00   4.4954209e-01   0.0000000e+00
   2.2900000e+00   4.4808211e-01   0.0000000e+00
   2.3100000e+00   4.4647898e-01   0.0000000e+00
   2.3300000e+00   4.4489059e-01   0.0000000e+00
   2.3500000e+00   4.4356202e-01   0.0000000e+00
   2.3700000e+00   4.4249327e-01   0.0000000e+00
   2.3900000e+00   4.4142451e-01   0.0000000e+00
   2.4100000e+00   4.4035576e-01   0.0000000e+00
   2.4300000e+00   4.3928701e-01   0.0000000e+00
   2.4500000e+00   4.3821825e-01   0.0000000e+00
   2.4700000e+00   4.3714950e-01   0.0000000e+00
   2.4900000e+00   4.3608074e-01   0.0000000e+00
   2.5100000e+00   4.3501199e-01   0.0000000e+00
   2.5300000e+00   4.3419332e-01   0.0000000e+00
   2.5500000e+00   4.3362474e-01   0.0000000e+00
   2.5700000e+00   4.3347387e-01   0.0000000e+00
   2.5900000e+00   4.3313159e-01   0.0000000e+00
   2.6100000e+00   4.3259791e-01   0.0000000e+00
   2.6300000e+00   4.3182951e-01   0.0000000e+00
   2.6500000e+00   4.3141180e-01   0.0000000e+00
   2.6700000e+00   4.3134477e-01   0.0000000e+00
   2.6900000e+00   4.3027601e-01   0.0000000e+00
   2.7100000e+00   4.2943287e-01   0.0000000e+00
   2.7300000e+00   4.2881535e-01   0.0000000e+00
   2.7500000e+00   4.2828097e-01   0.0000000e+00
   2.7700000e+00   4.2785554e-01   0.0000000e+00
   2.7900000e+00   4.2753906e-01   0.0000000e+00
   2.8100000e+00   4.2743783e-01   0.0000000e+00
   2.8300000e+00   4.2712002e-01   0.0000000e+00
   2.8500000e+00   4.2658565e-01   0.0000000e+00
   2.8700000e+00   4.2605127e-01   0.0000000e+00
   2.8900000e+00   4.2551689e-01   0.0000000e+00
   2.9100000e+00   4.2498252e-01   0.0000000e+00
   2.9300000e+00   4.2444814e-01   0.0000000e+00
   2.9500000e+00   4.2391376e-01   0.0000000e+00
   2.9700000e+00   4.2337938e-01   0.0000000e+00
   2.9900000e+00   4.2284501e-01   0.0000000e+00
   3.0100000e+00   4.2231063e-01   0.0000000e+00
   3.0300000e+00   4.2177625e-01   0.0000000e+00
   3.0500000e+00   4.2077188e-01   0.0000000e+00
   3.0700000e+00   4.2008865e-01   0.0000000e+00
   3.0900000e+00   4.1972656e-01   0.0000000e+00
   3.1100000e+00   4.1925322e-01   0.0000000e+00
   3.1300000e+00   4.1854218e-01   0.0000000e+00
   3.1500000e+00   4.1759343e-01   0.0000000e+00
   3.1700000e+00   4.1705571e-01   0.0000000e+00
   3.1900000e+00   4.1625248e-01   0.0000000e+00
   3.2100000e+00   4.1518372e-01   0.0000000e+00
   3.2300000e+00   4.1411497e-01   0.0000000e+00
   3.2500000e+00   4.1304621e-01   0.0000000e+00
   3.2700000e+00   4.1197746e-01   0.0000000e+00
   3.2900000e+00   4.1109643e-01   0.0000000e+00
   3.3100000e+00   4.1038873e-01   0.0000000e+00
   3.3300000e+00   4.0985435e-01   0.0000000e+00
   3.3500000e+00   4.0931997e-01   0.0000000e+00
   3.3700000e+00   4.0878559e-01   0.0000000e+00
   3.3900000e+00   4.0825122e-01   0.0000000e+00
   3.4100000e+00   4.0734473e-01   0.0000000e+00
   3.4300000e+00   4.0661256e-01   0.0000000e+00
   3.4500000e+00   4.0605469e-01   0.0000000e+00
   3.4700000e+00   4.0674858e-01   0.0000000e+00
   2.0100000e+00   7.0977771e-01   1.0000000e+00
   2.0300000e+00   7.0870896e-01   1.0000000e+00
   2.0500000e+00   7.0784705e-01   1.0000000e+00
   2.0700000e+00   7.0719198e-01   1.0000000e+00
   2.0900000e+00   7.0636058e-01   1.0000000e+00
   2.1100000e+00   7.0559086e-01   1.0000000e+00
   2.1300000e+00   7.0488281e-01   1.0000000e+00
   2.1500000e+00   7.0488281e-01   1.0000000e+00
   2.1700000e+00   7.0488281e-01   1.0000000e+00
   2.1900000e+00   7.0488281e-01   1.0000000e+00
   2.2100000e+00   7.0440141e-01   1.0000000e+00
   2.2300000e+00   7.0371115e-01   1.0000000e+00
   2.2500000e+00   7.0281204e-01   1.0000000e+00
   2.2700000e+00   7.0149522e-01   1.0000000e+00
   2.2900000e+00   7.0003524e-01   1.0000000e+00
   2.3100000e+00   6.9843211e-01   1.0000000e+00
   2.3300000e+00   6.9682897e-01   1.0000000e+00
   2.3500000e+00   6.9522584e-01   1.0000000e+00
   2.3700000e+00   6.9362271e-01   1.0000000e+00
   2.3900000e+00   6.9201958e-01   1.0000000e+00
   2.4100000e+00   6.9041645e-01   1.0000000e+00
   2.4300000e+00   6.8881332e-01   1.0000000e+00
   2.4500000e+00   6.8721019e-01   1.0000000e+00
   2.4700000e+00   6.8560706e-01   1.0000000e+00
   2.4900000e+00   6.8400393e-01   1.0000000e+00
   2.5100000e+00   6.8240079e-01   1.0000000e+00
   2.5300000e+00   6.8079766e-01   1.0000000e+00
   2.5500000e+00   6.7919453e-01   1.0000000e+00
   2.5700000e+00   6.7797491e-01   1.0000000e+00
   2.5900000e+00   6.7669730e-01   1.0000000e+00
   2.6100000e+00   6.7536170e-01   1.0000000e+00
   2.6300000e+00   6.7390875e-01   1.0000000e+00
   2.6500000e+00   6.7263114e-01   1.0000000e+00
   2.6700000e+00   6.7152887e-01   1.0000000e+00
   2.6900000e+00   6.6992574e-01   1.0000000e+00
   2.7100000e+00   6.6809699e-01   1.0000000e+00
   2.7300000e+00   6.6604264e-01   1.0000000e+00
   2.7500000e+00   6.6457425e-01   1.0000000e+00
   2.7700000e+00   6.6308779e-01   1.0000000e+00
   2.7900000e+00   6.6158324e-01   1.0000000e+00
   2.8100000e+00   6.5954696e-01   1.0000000e+00
   2.8300000e+00   6.5772726e-01   1.0000000e+00
   2.8500000e+00   6.5612413e-01   1.0000000e+00
   2.8700000e+00   6.5452100e-01   1.0000000e+00
   2.8900000e+00   6.5311901e-01   1.0000000e+00
   2.9100000e+00   6.5191816e-01   1.0000000e+00
   2.9300000e+00   6.5084940e-01   1.0000000e+00
   2.9500000e+00   6.4994960e-01   1.0000000e+00
   2.9700000e+00   6.4921875e-01   1.0000000e+00
