   6.0000000e-01   9.7621740e-01   0.0000000e+00
   6.2000000e-01   9.6261060e-01   0.0000000e+00
   6.4000000e-01   9.4666646e-01   0.0000000e+00
   6.6000000e-01   9.2838501e-01   0.0000000e+00
   6.8000000e-01   9.0861306e-01   0.0000000e+00
   7.0000000e-01   8.8838585e-01   0.0000000e+00
   7.2000000e-01   8.6770339e-01   0.0000000e+00
   7.4000000e-01   8.4415394e-01   0.0000000e+00
   7.6000000e-01   8.2226257e-01   0.0000000e+00
   7.8000000e-01   8.0202926e-01   0.0000000e+00
   8.0000000e-01   7.8782773e-01   0.0000000e+00
   8.2000000e-01   7.7190974e-01   0.0000000e+00
   8.4000000e-01   7.5427530e-01   0.0000000e+00
   8.6000000e-01   7.4030169e-01   0.0000000e+00
   8.8000000e-01   7.2758691e-01   0.0000000e+00
   9.0000000e-01   7.1613098e-01   0.0000000e+00
   9.2000000e-01   7.0631238e-01   0.0000000e+00
   9.4000000e-01   6.9703385e-01   0.0000000e+00
   9.6000000e-01   6.8829541e-01   0.0000000e+00
   9.8000000e-01   6.8050502e-01   0.0000000e+00
   1.0000000e+00   6.7367075e-01   0.0000000e+00
   1.0200000e+00   6.6779261e-01   0.0000000e+00
   1.0400000e+00   6.6286252e-01   0.0000000e+00
   1.0600000e+00   6.5781410e-01   0.0000000e+00
   1.0800000e+00   6.5264734e-01   0.0000000e+00
   1.1000000e+00   6.4754427e-01   0.0000000e+00
   1.1200000e+00   6.4265005e-01   0.0000000e+00
   1.1400000e+00   6.3796469e-01   0.0000000e+00
   1.1600000e+00   6.3368231e-01   0.0000000e+00
   1.1800000e+00   6.2913642e-01   0.0000000e+00
   1.2000000e+00   6.2432702e-01   0.0000000e+00
   1.2200000e+00   6.2036780e-01   0.0000000e+00
   1.2400000e+00   6.1651787e-01   0.0000000e+00
   1.2600000e+00   6.1277723e-01   0.0000000e+00
   1.2800000e+00   6.0903659e-01   0.0000000e+00
   1.3000000e+00   6.0525840e-01   0.0000000e+00
   1.3200000e+00   6.0144267e-01   0.0000000e+00
   1.3400000e+00   5.9716766e-01   0.0000000e+00
   1.3600000e+00   5.9338544e-01   0.0000000e+00
   1.3800000e+00   5.9009603e-01   0.0000000e+00
   1.4000000e+00   5.8613749e-01   0.0000000e+00
   1.4200000e+00   5.8228019e-01   0.0000000e+00
   1.4400000e+00   5.7852412e-01   0.0000000e+00
   1.4600000e+00   5.7517505e-01   0.0000000e+00
   1.4800000e+00   5.7163019e-01   0.0000000e+00
   1.5000000e+00   5.6788955e-01   0.0000000e+00
   1.5200000e+00   5.6414892e-01   0.0000000e+00
   1.5400000e+00   5.6040828e-01   0.0000000e+00
   1.5600000e+00   5.5666764e-01   0.0000000e+00
   1.5800000e+00   5.5259981e-01   0.0000000e+00
   1.6000000e+00   5.4874417e-01   0.0000000e+00
   1.6200000e+00   5.4510074e-01   0.0000000e+00
   1.6400000e+00   5.4233499e-01   0.0000000e+00
   1.6600000e+00   5.3934898e-01   0.0000000e+00
   1.6800000e+00   5.3614272e-01   0.0000000e+00
   1.7000000e+00   5.3344803e-01   0.0000000e+00
   1.7200000e+00   5.3076475e-01   0.0000000e+00
   1.7400000e+00   5.2809286e-01   0.0000000e+00
   1.7600000e+00   5.2542098e-01   0.0000000e+00
   1.7800000e+00   5.2274909e-01   0.0000000e+00
   1.8000000e+00   5.2007721e-01   0.0000000e+00
   1.8200000e+00   5.1749515e-01   0.0000000e+00
   1.8400000e+00   5.1540256e-01   0.0000000e+00
   1.8600000e+00   5.1379943e-01   0.0000000e+00
   1.8800000e+00   5.1127104e-01   0.0000000e+00
   1.9000000e+00   5.0884389e-01   0.0000000e+00
   1.9200000e+00   5.0651797e-01   0.0000000e+00
   1.9400000e+00   5.0460976e-01   0.0000000e+00
   1.9600000e+00   5.0279777e-01   0.0000000e+00
   1.9800000e+00   5.0108200e-01   0.0000000e+00
   2.0000000e+00   4.9894450e-01   0.0000000e+00
   2.0200000e+00   4.9680699e-01   0.0000000e+00
   2.0400000e+00   4.9466948e-01   0.0000000e+00
   2.0600000e+00   4.9253197e-01   0.0000000e+00
   2.0800000e+00   4.9039446e-01   0.0000000e+00
   2.1000000e+00   4.8825696e-01   0.0000000e+00
   2.1200000e+00   4.8629980e-01   0.0000000e+00
   2.1400000e+00   4.8455150e-01   0.0000000e+00
   2.1600000e+00   4.8301206e-01   0.0000000e+00
   2.1800000e+00   4.8194331e-01   0.0000000e+00
   2.2000000e+00   4.8063385e-01   0.0000000e+00
   2.2200000e+00   4.7908370e-01   0.0000000e+00
   2.2400000e+00   4.7748057e-01   0.0000000e+00
   2.2600000e+00   4.7600147e-01   0.0000000e+00
   2.2800000e+00   4.7464641e-01   0.0000000e+00
   2.3000000e+00   4.7331484e-01   0.0000000e+00
   2.3200000e+00   4.7159505e-01   0.0000000e+00
   2.3400000e+00   4.6948702e-01   0.0000000e+00
   2.3600000e+00   4.6841827e-01   0.0000000e+00
   2.3800000e+00   4.6691706e-01   0.0000000e+00
   2.4000000e+00   4.6498340e-01   0.0000000e+00
   2.4200000e+00   4.6316168e-01   0.0000000e+00
   2.4400000e+00   4.6144925e-01   0.0000000e+00
   2.4600000e+00   4.5984612e-01   0.0000000e+00
   2.4800000e+00   4.5824299e-01   0.0000000e+00
   2.5000000e+00   4.5663986e-01   0.0000000e+00
   2.5200000e+00   4.5503673e-01   0.0000000e+00
   2.5400000e+00   4.5343360e-01   0.0000000e+00
   2.5600000e+00   4.5202222e-01   0.0000000e+00
   2.5800000e+00   4.5080260e-01   0.0000000e+00
   2.6000000e+00   4.4973385e-01   0.0000000e+00
   2.6200000e+00   4.4859000e-01   0.0000000e+00
   2.6400000e+00   4.4737107e-01   0.0000000e+00
   2.6600000e+00   4.4583497e-01   0.0000000e+00
   2.6800000e+00   4.4479973e-01   0.0000000e+00
   2.7000000e+00   4.4426535e-01   0.0000000e+00
   2.7200000e+00   4.4327975e-01   0.0000000e+00
   2.7400000e+00   4.4225257e-01   0.0000000e+00
   2.7600000e+00   4.4118381e-01   0.0000000e+00
   2.7800000e+00   4.4033296e-01   0.0000000e+00
   2.8000000e+00   4.3953911e-01   0.0000000e+00
   2.8200000e+00   4.3880226e-01   0.0000000e+00
   2.8400000e+00   4.3719913e-01   0.0000000e+00
   2.8600000e+00   4.3611495e-01   0.0000000e+00
   2.8800000e+00   4.3554971e-01   0.0000000e+00
   2.9000000e+00   4.3461305e-01   0.0000000e+00
   2.9200000e+00   4.3361034e-01   0.0000000e+00
   2.9400000e+00   4.3254159e-01   0.0000000e+00
   2.9600000e+00   4.3147283e-01   0.0000000e+00
   2.9800000e+00   4.3043022e-01   0.0000000e+00
   3.0000000e+00   4.2941376e-01   0.0000000e+00
   3.0200000e+00   4.2887938e-01   0.0000000e+00
   3.0400000e+00   4.2811000e-01   0.0000000e+00
   3.0600000e+00   4.2710563e-01   0.0000000e+00
   3.0800000e+00   4.2639021e-01   0.0000000e+00
   3.1000000e+00   4.2564697e-01   0.0000000e+00
   3.1200000e+00   4.2487593e-01   0.0000000e+00
   3.1400000e+00   4.2392718e-01   0.0000000e+00
   3.1600000e+00   4.2318562e-01   0.0000000e+00
   3.1800000e+00   4.2265124e-01   0.0000000e+00
   3.2000000e+00   4.2211686e-01   0.0000000e+00
   3.2200000e+00   4.2137196e-01   0.0000000e+00
   3.2400000e+00   4.2041653e-01   0.0000000e+00
   3.2600000e+00   4.1934777e-01   0.0000000e+00
   3.2800000e+00   4.1837288e-01   0.0000000e+00
   3.3000000e+00   4.1749185e-01   0.0000000e+00
   3.3200000e+00   4.1695747e-01   0.0000000e+00
   3.3400000e+00   4.1642310e-01   0.0000000e+00
   3.3600000e+00   4.1588872e-01   0.0000000e+00
   3.3800000e+00   4.1486557e-01   0.0000000e+00
   3.4000000e+00   4.1400567e-01   0.0000000e+00
   3.4200000e+00   4.1330903e-01   0.0000000e+00
   3.4400000e+00   4.1277465e-01   0.0000000e+00
   3.4600000e+00   4.1217088e-01   0.0000000e+00
   3.4800000e+00   4.1149773e-01   0.0000000e+00
   3.5000000e+00   4.1047320e-01   0.0000000e+00
   3.5200000e+00   4.0996094e-01   0.0000000e+00
   3.5400000e+00   4.0996094e-01   0.0000000e+00
   3.5600000e+00   4.0952111e-01   0.0000000e+00
   3.5800000e+00   4.0903401e-01   0.0000000e+00
   3.6000000e+00   4.0849963e-01   0.0000000e+00
   3.6200000e+00   4.0796526e-01   0.0000000e+00
   3.6400000e+00   4.0747580e-01   0.0000000e+00
   3.6600000e+00   4.0703125e-01   0.0000000e+00
   3.6800000e+00   4.0703125e-01   0.0000000e+00
   3.7000000e+00   4.0703125e-01   0.0000000e+00
   3.7200000e+00   4.0703125e-01   0.0000000e+00
   3.7400000e+00   4.0664037e-01   0.0000000e+00
   3.7600000e+00   4.0686328e-01   0.0000000e+00
   3.7800000e+00   4.0769998e-01   0.0000000e+00
   2.1000000e+00   7.4082663e-01   1.0000000e+00
   2.1200000e+00   7.3744669e-01   1.0000000e+00
   2.1400000e+00   7.3445263e-01   1.0000000e+00
   2.1600000e+00   7.3184443e-01   1.0000000e+00
   2.1800000e+00   7.2970692e-01   1.0000000e+00
   2.2000000e+00   7.2732872e-01   1.0000000e+00
   2.2200000e+00   7.2470981e-01   1.0000000e+00
   2.2400000e+00   7.2130845e-01   1.0000000e+00
   2.2600000e+00   7.1810956e-01   1.0000000e+00
   2.2800000e+00   7.1511313e-01   1.0000000e+00
   2.3000000e+00   7.1310703e-01   1.0000000e+00
   2.3200000e+00   7.1130242e-01   1.0000000e+00
   2.3400000e+00   7.0969928e-01   1.0000000e+00
   2.3600000e+00   7.0809615e-01   1.0000000e+00
   2.3800000e+00   7.0670925e-01   1.0000000e+00
   2.4000000e+00   7.0553857e-01   1.0000000e+00
   2.4200000e+00   7.0510140e-01   1.0000000e+00
   2.4400000e+00   7.0478325e-01   1.0000000e+00
   2.4600000e+00   7.0458412e-01   1.0000000e+00
   2.4800000e+00   7.0413221e-01   1.0000000e+00
   2.5000000e+00   7.0390625e-01   1.0000000e+00
   2.5200000e+00   7.0390625e-01   1.0000000e+00
   2.5400000e+00   7.0390625e-01   1.0000000e+00
   2.5600000e+00   7.0390625e-01   1.0000000e+00
   2.5800000e+00   7.0390625e-01   1.0000000e+00
   2.6000000e+00   7.0363941e-01   1.0000000e+00
   2.6200000e+00   7.0323880e-01   1.0000000e+00
   2.6400000e+00   7.0270442e-01   1.0000000e+00
   2.6600000e+00   7.0213653e-01   1.0000000e+00
   2.6800000e+00   7.0131820e-01   1.0000000e+00
   2.7000000e+00   7.0024945e-01   1.0000000e+00
   2.7200000e+00   7.0008315e-01   1.0000000e+00
   2.7400000e+00   6.9966544e-01   1.0000000e+00
   2.7600000e+00   6.9899631e-01   1.0000000e+00
   2.7800000e+00   6.9814546e-01   1.0000000e+00
   2.8000000e+00   6.9740222e-01   1.0000000e+00
   2.8200000e+00   6.9676661e-01   1.0000000e+00
   2.8400000e+00   6.9569786e-01   1.0000000e+00
   2.8600000e+00   6.9514805e-01   1.0000000e+00
   2.8800000e+00   6.9511719e-01   1.0000000e+00
   2.9000000e+00   6.9431263e-01   1.0000000e+00
   2.9200000e+00   6.9337597e-01   1.0000000e+00
   2.9400000e+00   6.9230721e-01   1.0000000e+00
   2.9600000e+00   6.9140741e-01   1.0000000e+00
   2.9800000e+00   6.9063803e-01   1.0000000e+00
   3.0000000e+00   6.8999908e-01   1.0000000e+00
   3.0200000e+00   6.8839595e-01   1.0000000e+00
   3.0400000e+00   6.8655782e-01   1.0000000e+00
   3.0600000e+00   6.8448469e-01   1.0000000e+00
   3.0800000e+00   6.8199385e-01   1.0000000e+00
   3.1000000e+00   6.7941248e-01   1.0000000e+00
   3.1200000e+00   6.7674060e-01   1.0000000e+00
   3.1400000e+00   6.7394871e-01   1.0000000e+00
   3.1600000e+00   6.7094963e-01   1.0000000e+00
   3.1800000e+00   6.6774337e-01   1.0000000e+00
   3.2000000e+00   6.6453711e-01   1.0000000e+00
   3.2200000e+00   6.6175190e-01   1.0000000e+00
   3.2400000e+00   6.5938774e-01   1.0000000e+00
   3.2600000e+00   6.5694584e-01   1.0000000e+00
   3.2800000e+00   6.5457668e-01   1.0000000e+00
   3.3000000e+00   6.5228024e-01   1.0000000e+00
   3.3200000e+00   6.5067711e-01   1.0000000e+00
   3.3400000e+00   6.4907398e-01   1.0000000e+00
   3.3600000e+00   6.4747085e-01   1.0000000e+00
   3.3800000e+00   6.4586772e-01   1.0000000e+00
   3.4000000e+00   6.4426459e-01   1.0000000e+00
   3.4200000e+00   6.4266145e-01   1.0000000e+00
   3.4400000e+00   6.4131377e-01   1.0000000e+00
   3.4600000e+00   6.4017493e-01   1.0000000e+00
   3.4800000e+00   6.3924496e-01   1.0000000e+00
   3.5000000e+00   6.3866635e-01   1.0000000e+00
   3.5200000e+00   6.3757549e-01   1.0000000e+00
   3.5400000e+00   6.3597236e-01   1.0000000e+00
   3.5600000e+00   6.3436922e-01   1.0000000e+00
   3.5800000e+00   6.3276609e-01   1.0000000e+00
   3.6000000e+00   6.3116296e-01   1.0000000e+00
   3.6200000e+00   6.2976633e-01   1.0000000e+00
   3.6400000e+00   6.2853363e-01   1.0000000e+00
   3.6600000e+00   6.2746488e-01   1.0000000e+00
   3.6800000e+00   6.2639613e-01   1.0000000e+00
   3.7000000e+00   6.2583492e-01   1.0000000e+00
   3.7200000e+00   6.2578125e-01   1.0000000e+00
   3.7400000e+00   6.2656301e-01   1.0000000e+00
