   6.0000000e-01   9.8988928e-01   0.0000000e+00
   6.2000000e-01   9.7705352e-01   0.0000000e+00
   6.4000000e-01   9.6269945e-01   0.0000000e+00
   6.6000000e-01   9.4682706e-01   0.0000000e+00
   6.8000000e-01   9.2598636e-01   0.0000000e+00
   7.0000000e-01   9.0514565e-01   0.0000000e+00
   7.2000000e-01   8.8430495e-01   0.0000000e+00
   7.4000000e-01   8.6346425e-01   0.0000000e+00
   7.6000000e-01   8.4362222e-01   0.0000000e+00
   7.8000000e-01   8.2477886e-01   0.0000000e+00
   8.0000000e-01   8.0853703e-01   0.0000000e+00
   8.2000000e-01   7.9186608e-01   0.0000000e+00
   8.4000000e-01   7.7476601e-01   0.0000000e+00
   8.6000000e-01   7.6184975e-01   0.0000000e+00
   8.8000000e-01   7.4999488e-01   0.0000000e+00
   9.0000000e-01   7.3920138e-01   0.0000000e+00
   9.2000000e-01   7.3020680e-01   0.0000000e+00
   9.4000000e-01   7.2187467e-01   0.0000000e+00
   9.6000000e-01   7.1420498e-01   0.0000000e+00
   9.8000000e-01   7.0742703e-01   0.0000000e+00
   1.0000000e+00   7.0136617e-01   0.0000000e+00
   1.0200000e+00   6.9602240e-01   0.0000000e+00
   1.0400000e+00   6.9162669e-01   0.0000000e+00
   1.0600000e+00   6.8747001e-01   0.0000000e+00
   1.0800000e+00   6.8355235e-01   0.0000000e+00
   1.1000000e+00   6.7957101e-01   0.0000000e+00
   1.1200000e+00   6.7550485e-01   0.0000000e+00
   1.1400000e+00   6.7135387e-01   0.0000000e+00
   1.1600000e+00   6.6760586e-01   0.0000000e+00
   1.1800000e+00   6.6359435e-01   0.0000000e+00
   1.2000000e+00   6.5931933e-01   0.0000000e+00
   1.2200000e+00   6.5589448e-01   0.0000000e+00
   1.2400000e+00   6.5227051e-01   0.0000000e+00
   1.2600000e+00   6.4844741e-01   0.0000000e+00
   1.2800000e+00   6.4455590e-01   0.0000000e+00
   1.3000000e+00   6.4096947e-01   0.0000000e+00
   1.3200000e+00   6.3768812e-01   0.0000000e+00
   1.3400000e+00   6.3394748e-01   0.0000000e+00
   1.3600000e+00   6.3020684e-01   0.0000000e+00
   1.3800000e+00   6.2646620e-01   0.0000000e+00
   1.4000000e+00   6.2272556e-01   0.0000000e+00
   1.4200000e+00   6.1885519e-01   0.0000000e+00
   1.4400000e+00   6.1485508e-01   0.0000000e+00
   1.4600000e+00   6.1072287e-01   0.0000000e+00
   1.4800000e+00   6.0677337e-01   0.0000000e+00
   1.5000000e+00   6.0300659e-01   0.0000000e+00
   1.5200000e+00   5.9873157e-01   0.0000000e+00
   1.5400000e+00   5.9467848e-01   0.0000000e+00
   1.5600000e+00   5.9084732e-01   0.0000000e+00
   1.5800000e+00   5.8677949e-01   0.0000000e+00
   1.6000000e+00   5.8271333e-01   0.0000000e+00
   1.6200000e+00   5.7864884e-01   0.0000000e+00
   1.6400000e+00   5.7500207e-01   0.0000000e+00
   1.6600000e+00   5.7157555e-01   0.0000000e+00
   1.6800000e+00   5.6836928e-01   0.0000000e+00
   1.7000000e+00   5.6567460e-01   0.0000000e+00
   1.7200000e+00   5.6299131e-01   0.0000000e+00
   1.7400000e+00   5.6031943e-01   0.0000000e+00
   1.7600000e+00   5.5764754e-01   0.0000000e+00
   1.7800000e+00   5.5505645e-01   0.0000000e+00
   1.8000000e+00   5.5254614e-01   0.0000000e+00
   1.8200000e+00   5.5040863e-01   0.0000000e+00
   1.8400000e+00   5.4827113e-01   0.0000000e+00
   1.8600000e+00   5.4613362e-01   0.0000000e+00
   1.8800000e+00   5.4399611e-01   0.0000000e+00
   1.9000000e+00   5.4203158e-01   0.0000000e+00
   1.9200000e+00   5.4024004e-01   0.0000000e+00
   1.9400000e+00   5.3817831e-01   0.0000000e+00
   1.9600000e+00   5.3586782e-01   0.0000000e+00
   1.9800000e+00   5.3330857e-01   0.0000000e+00
   2.0000000e+00   5.3117106e-01   0.0000000e+00
   2.0200000e+00   5.2903355e-01   0.0000000e+00
   2.0400000e+00   5.2689604e-01   0.0000000e+00
   2.0600000e+00   5.2434485e-01   0.0000000e+00
   2.0800000e+00   5.2188182e-01   0.0000000e+00
   2.1000000e+00   5.1950696e-01   0.0000000e+00
   2.1200000e+00   5.1773015e-01   0.0000000e+00
   2.1400000e+00   5.1627553e-01   0.0000000e+00
   2.1600000e+00   5.1514309e-01   0.0000000e+00
   2.1800000e+00   5.1353996e-01   0.0000000e+00
   2.2000000e+00   5.1217753e-01   0.0000000e+00
   2.2200000e+00   5.1105580e-01   0.0000000e+00
   2.2400000e+00   5.0925757e-01   0.0000000e+00
   2.2600000e+00   5.0753778e-01   0.0000000e+00
   2.2800000e+00   5.0589641e-01   0.0000000e+00
   2.3000000e+00   5.0482766e-01   0.0000000e+00
   2.3200000e+00   5.0374416e-01   0.0000000e+00
   2.3400000e+00   5.0264592e-01   0.0000000e+00
   2.3600000e+00   5.0050841e-01   0.0000000e+00
   2.3800000e+00   4.9858713e-01   0.0000000e+00
   2.4000000e+00   4.9688208e-01   0.0000000e+00
   2.4200000e+00   4.9527895e-01   0.0000000e+00
   2.4400000e+00   4.9367582e-01   0.0000000e+00
   2.4600000e+00   4.9207268e-01   0.0000000e+00
   2.4800000e+00   4.9046955e-01   0.0000000e+00
   2.5000000e+00   4.8886642e-01   0.0000000e+00
   2.5200000e+00   4.8726329e-01   0.0000000e+00
   2.5400000e+00   4.8566016e-01   0.0000000e+00
   2.5600000e+00   4.8424878e-01   0.0000000e+00
   2.5800000e+00   4.8302916e-01   0.0000000e+00
   2.6000000e+00   4.8196041e-01   0.0000000e+00
   2.6200000e+00   4.8089165e-01   0.0000000e+00
   2.6400000e+00   4.7982290e-01   0.0000000e+00
   2.6600000e+00   4.7875415e-01   0.0000000e+00
   2.6800000e+00   4.7768539e-01   0.0000000e+00
   2.7000000e+00   4.7661664e-01   0.0000000e+00
   2.7200000e+00   4.7599911e-01   0.0000000e+00
   2.7400000e+00   4.7525588e-01   0.0000000e+00
   2.7600000e+00   4.7438694e-01   0.0000000e+00
   2.7800000e+00   4.7331818e-01   0.0000000e+00
   2.8000000e+00   4.7219881e-01   0.0000000e+00
   2.8200000e+00   4.7102882e-01   0.0000000e+00
   2.8400000e+00   4.6942569e-01   0.0000000e+00
   2.8600000e+00   4.6808204e-01   0.0000000e+00
   2.8800000e+00   4.6699785e-01   0.0000000e+00
   2.9000000e+00   4.6592910e-01   0.0000000e+00
   2.9200000e+00   4.6471753e-01   0.0000000e+00
   2.9400000e+00   4.6336316e-01   0.0000000e+00
   2.9600000e+00   4.6192898e-01   0.0000000e+00
   2.9800000e+00   4.6065137e-01   0.0000000e+00
   3.0000000e+00   4.5953033e-01   0.0000000e+00
   3.0200000e+00   4.5792720e-01   0.0000000e+00
   3.0400000e+00   4.5679407e-01   0.0000000e+00
   3.0600000e+00   4.5613094e-01   0.0000000e+00
   3.0800000e+00   4.5453656e-01   0.0000000e+00
   3.1000000e+00   4.5290728e-01   0.0000000e+00
   3.1200000e+00   4.5124311e-01   0.0000000e+00
   3.1400000e+00   4.5017436e-01   0.0000000e+00
   3.1600000e+00   4.4910728e-01   0.0000000e+00
   3.1800000e+00   4.4804186e-01   0.0000000e+00
   3.2000000e+00   4.4750749e-01   0.0000000e+00
   3.2200000e+00   4.4655206e-01   0.0000000e+00
   3.2400000e+00   4.4517557e-01   0.0000000e+00
   3.2600000e+00   4.4418122e-01   0.0000000e+00
   3.2800000e+00   4.4332299e-01   0.0000000e+00
   3.3000000e+00   4.4260089e-01   0.0000000e+00
   3.3200000e+00   4.4160320e-01   0.0000000e+00
   3.3400000e+00   4.4083716e-01   0.0000000e+00
   3.3600000e+00   4.4030278e-01   0.0000000e+00
   3.3800000e+00   4.3927963e-01   0.0000000e+00
   3.4000000e+00   4.3823368e-01   0.0000000e+00
   3.4200000e+00   4.3716493e-01   0.0000000e+00
   3.4400000e+00   4.3635162e-01   0.0000000e+00
   3.4600000e+00   4.3560838e-01   0.0000000e+00
   3.4800000e+00   4.3493523e-01   0.0000000e+00
   3.5000000e+00   4.3391070e-01   0.0000000e+00
   3.5200000e+00   4.3339844e-01   0.0000000e+00
   3.5400000e+00   4.3339844e-01   0.0000000e+00
   3.5600000e+00   4.3295861e-01   0.0000000e+00
   3.5800000e+00   4.3247151e-01   0.0000000e+00
   3.6000000e+00   4.3193713e-01   0.0000000e+00
   3.6200000e+00   4.3181575e-01   0.0000000e+00
   3.6400000e+00   4.3197733e-01   0.0000000e+00
   3.6600000e+00   4.3242188e-01   0.0000000e+00
   3.6800000e+00   4.3242188e-01   0.0000000e+00
   3.7000000e+00   4.3242188e-01   0.0000000e+00
   3.7200000e+00   4.3242188e-01   0.0000000e+00
   3.7400000e+00   4.3242188e-01   0.0000000e+00
   3.7600000e+00   4.3242188e-01   0.0000000e+00
   3.7800000e+00   4.3242188e-01   0.0000000e+00
   3.8000000e+00   4.3194922e-01   0.0000000e+00
   2.0700000e+00   8.0591634e-01   1.0000000e+00
   2.0900000e+00   8.0377884e-01   1.0000000e+00
   2.1100000e+00   8.0173150e-01   1.0000000e+00
   2.1300000e+00   7.9977435e-01   1.0000000e+00
   2.1500000e+00   7.9810753e-01   1.0000000e+00
   2.1700000e+00   7.9620537e-01   1.0000000e+00
   2.1900000e+00   7.9406786e-01   1.0000000e+00
   2.2100000e+00   7.9241175e-01   1.0000000e+00
   2.2300000e+00   7.9023503e-01   1.0000000e+00
   2.2500000e+00   7.8753769e-01   1.0000000e+00
   2.2700000e+00   7.8507564e-01   1.0000000e+00
   2.2900000e+00   7.8297735e-01   1.0000000e+00
   2.3100000e+00   7.8124281e-01   1.0000000e+00
   2.3300000e+00   7.7907582e-01   1.0000000e+00
   2.3500000e+00   7.7638919e-01   1.0000000e+00
   2.3700000e+00   7.7318293e-01   1.0000000e+00
   2.3900000e+00   7.7170648e-01   1.0000000e+00
   2.4100000e+00   7.7011809e-01   1.0000000e+00
   2.4300000e+00   7.6841776e-01   1.0000000e+00
   2.4500000e+00   7.6667850e-01   1.0000000e+00
   2.4700000e+00   7.6527450e-01   1.0000000e+00
   2.4900000e+00   7.6420574e-01   1.0000000e+00
   2.5100000e+00   7.6313699e-01   1.0000000e+00
   2.5300000e+00   7.6231832e-01   1.0000000e+00
   2.5500000e+00   7.6174974e-01   1.0000000e+00
   2.5700000e+00   7.6083185e-01   1.0000000e+00
   2.5900000e+00   7.5997196e-01   1.0000000e+00
   2.6100000e+00   7.5917005e-01   1.0000000e+00
   2.6300000e+00   7.5833531e-01   1.0000000e+00
   2.6500000e+00   7.5713313e-01   1.0000000e+00
   2.6700000e+00   7.5556352e-01   1.0000000e+00
   2.6900000e+00   7.5449476e-01   1.0000000e+00
   2.7100000e+00   7.5320040e-01   1.0000000e+00
   2.7300000e+00   7.5168042e-01   1.0000000e+00
   2.7500000e+00   7.5041185e-01   1.0000000e+00
   2.7700000e+00   7.4924319e-01   1.0000000e+00
   2.7900000e+00   7.4817443e-01   1.0000000e+00
   2.8100000e+00   7.4700444e-01   1.0000000e+00
   2.8300000e+00   7.4561788e-01   1.0000000e+00
   2.8500000e+00   7.4401475e-01   1.0000000e+00
   2.8700000e+00   7.4293057e-01   1.0000000e+00
   2.8900000e+00   7.4165296e-01   1.0000000e+00
   2.9100000e+00   7.4018192e-01   1.0000000e+00
   2.9300000e+00   7.3886441e-01   1.0000000e+00
   2.9500000e+00   7.3741785e-01   1.0000000e+00
   2.9700000e+00   7.3584224e-01   1.0000000e+00
   2.9900000e+00   7.3317035e-01   1.0000000e+00
   3.0100000e+00   7.3049847e-01   1.0000000e+00
   3.0300000e+00   7.2782658e-01   1.0000000e+00
   3.0500000e+00   7.2562470e-01   1.0000000e+00
