   6.0000000e-01   9.9737390e-01   0.0000000e+00
   6.2000000e-01   9.8605881e-01   0.0000000e+00
   6.4000000e-01   9.7235244e-01   0.0000000e+00
   6.6000000e-01   9.5625478e-01   0.0000000e+00
   6.8000000e-01   9.3220782e-01   0.0000000e+00
   7.0000000e-01   9.0975425e-01   0.0000000e+00
   7.2000000e-01   8.8889409e-01   0.0000000e+00
   7.4000000e-01   8.6994213e-01   0.0000000e+00
   7.6000000e-01   8.5204753e-01   0.0000000e+00
   7.8000000e-01   8.3521027e-01   0.0000000e+00
   8.0000000e-01   8.2045824e-01   0.0000000e+00
   8.2000000e-01   8.0613533e-01   0.0000000e+00
   8.4000000e-01   7.9224152e-01   0.0000000e+00
   8.6000000e-01   7.7939367e-01   0.0000000e+00
   8.8000000e-01   7.6716669e-01   0.0000000e+00
   9.0000000e-01   7.5556057e-01   0.0000000e+00
   9.2000000e-01   7.4549724e-01   0.0000000e+00
   9.4000000e-01   7.3609635e-01   0.0000000e+00
   9.6000000e-01   7.2735791e-01   0.0000000e+00
   9.8000000e-01   7.1945489e-01   0.0000000e+00
   1.0000000e+00   7.1202993e-01   0.0000000e+00
   1.0200000e+00   7.0508302e-01   0.0000000e+00
   1.0400000e+00   6.9861015e-01   0.0000000e+00
   1.0600000e+00   6.9270350e-01   0.0000000e+00
   1.0800000e+00   6.8736307e-01   0.0000000e+00
   1.1000000e+00   6.8255368e-01   0.0000000e+00
   1.1200000e+00   6.7786832e-01   0.0000000e+00
   1.1400000e+00   6.7330700e-01   0.0000000e+00
   1.1600000e+00   6.6952213e-01   0.0000000e+00
   1.1800000e+00   6.6415625e-01   0.0000000e+00
   1.2000000e+00   6.5720935e-01   0.0000000e+00
   1.2200000e+00   6.5281295e-01   0.0000000e+00
   1.2400000e+00   6.4843601e-01   0.0000000e+00
   1.2600000e+00   6.4407853e-01   0.0000000e+00
   1.2800000e+00   6.3926914e-01   0.0000000e+00
   1.3000000e+00   6.3449729e-01   0.0000000e+00
   1.3200000e+00   6.2976299e-01   0.0000000e+00
   1.3400000e+00   6.2548797e-01   0.0000000e+00
   1.3600000e+00   6.2047375e-01   0.0000000e+00
   1.3800000e+00   6.1472033e-01   0.0000000e+00
   1.4000000e+00   6.0959446e-01   0.0000000e+00
   1.4200000e+00   6.0462682e-01   0.0000000e+00
   1.4400000e+00   5.9981743e-01   0.0000000e+00
   1.4600000e+00   5.9500804e-01   0.0000000e+00
   1.4800000e+00   5.9019864e-01   0.0000000e+00
   1.5000000e+00   5.8538925e-01   0.0000000e+00
   1.5200000e+00   5.8057986e-01   0.0000000e+00
   1.5400000e+00   5.7577046e-01   0.0000000e+00
   1.5600000e+00   5.7096107e-01   0.0000000e+00
   1.5800000e+00   5.6746044e-01   0.0000000e+00
   1.6000000e+00   5.6437418e-01   0.0000000e+00
   1.6200000e+00   5.6170230e-01   0.0000000e+00
   1.6400000e+00   5.5903041e-01   0.0000000e+00
   1.6600000e+00   5.5635853e-01   0.0000000e+00
   1.6800000e+00   5.5368664e-01   0.0000000e+00
   1.7000000e+00   5.5203791e-01   0.0000000e+00
   1.7200000e+00   5.5041197e-01   0.0000000e+00
   1.7400000e+00   5.4880884e-01   0.0000000e+00
   1.7600000e+00   5.4720571e-01   0.0000000e+00
   1.7800000e+00   5.4576416e-01   0.0000000e+00
   1.8000000e+00   5.4448419e-01   0.0000000e+00
   1.8200000e+00   5.4390490e-01   0.0000000e+00
   1.8400000e+00   5.4308088e-01   0.0000000e+00
   1.8600000e+00   5.4201212e-01   0.0000000e+00
   1.8800000e+00   5.4094337e-01   0.0000000e+00
   1.9000000e+00   5.3987461e-01   0.0000000e+00
   1.9200000e+00   5.3880586e-01   0.0000000e+00
   1.9400000e+00   5.3773710e-01   0.0000000e+00
   1.9600000e+00   5.3666835e-01   0.0000000e+00
   1.9800000e+00   5.3559960e-01   0.0000000e+00
   2.0000000e+00   5.3453084e-01   0.0000000e+00
   2.0200000e+00   5.3319691e-01   0.0000000e+00
   2.0400000e+00   5.3159781e-01   0.0000000e+00
   2.0600000e+00   5.2999468e-01   0.0000000e+00
   2.0800000e+00   5.2839155e-01   0.0000000e+00
   2.1000000e+00   5.2678842e-01   0.0000000e+00
   2.1200000e+00   5.2500494e-01   0.0000000e+00
   2.1400000e+00   5.2304444e-01   0.0000000e+00
   2.1600000e+00   5.2090693e-01   0.0000000e+00
   2.1800000e+00   5.1876942e-01   0.0000000e+00
   2.2000000e+00   5.1687262e-01   0.0000000e+00
   2.2200000e+00   5.1521651e-01   0.0000000e+00
   2.2400000e+00   5.1324864e-01   0.0000000e+00
   2.2600000e+00   5.1131999e-01   0.0000000e+00
   2.2800000e+00   5.0943055e-01   0.0000000e+00
   2.3000000e+00   5.0782742e-01   0.0000000e+00
   2.3200000e+00   5.0623166e-01   0.0000000e+00
   2.3400000e+00   5.0464327e-01   0.0000000e+00
   2.3600000e+00   5.0357452e-01   0.0000000e+00
   2.3800000e+00   5.0207331e-01   0.0000000e+00
   2.4000000e+00   5.0013965e-01   0.0000000e+00
   2.4200000e+00   4.9863372e-01   0.0000000e+00
   2.4400000e+00   4.9714725e-01   0.0000000e+00
   2.4600000e+00   4.9568025e-01   0.0000000e+00
   2.4800000e+00   4.9370766e-01   0.0000000e+00
   2.5000000e+00   4.9218699e-01   0.0000000e+00
   2.5200000e+00   4.9111824e-01   0.0000000e+00
   2.5400000e+00   4.9004948e-01   0.0000000e+00
   2.5600000e+00   4.8898073e-01   0.0000000e+00
   2.5800000e+00   4.8791197e-01   0.0000000e+00
   2.6000000e+00   4.8657638e-01   0.0000000e+00
   2.6200000e+00   4.8525719e-01   0.0000000e+00
   2.6400000e+00   4.8395442e-01   0.0000000e+00
   2.6600000e+00   4.8338653e-01   0.0000000e+00
   2.6800000e+00   4.8256820e-01   0.0000000e+00
   2.7000000e+00   4.8149945e-01   0.0000000e+00
   2.7200000e+00   4.8043070e-01   0.0000000e+00
   2.7400000e+00   4.7952922e-01   0.0000000e+00
   2.7600000e+00   4.7879503e-01   0.0000000e+00
   2.7800000e+00   4.7782486e-01   0.0000000e+00
   2.8000000e+00   4.7663944e-01   0.0000000e+00
   2.8200000e+00   4.7523878e-01   0.0000000e+00
   2.8400000e+00   4.7470440e-01   0.0000000e+00
   2.8600000e+00   4.7391055e-01   0.0000000e+00
   2.8800000e+00   4.7285723e-01   0.0000000e+00
   2.9000000e+00   4.7178847e-01   0.0000000e+00
   2.9200000e+00   4.7071972e-01   0.0000000e+00
   2.9400000e+00   4.6965096e-01   0.0000000e+00
   2.9600000e+00   4.6858221e-01   0.0000000e+00
   2.9800000e+00   4.6751345e-01   0.0000000e+00
   3.0000000e+00   4.6644470e-01   0.0000000e+00
   3.0200000e+00   4.6537595e-01   0.0000000e+00
   3.0400000e+00   4.6454219e-01   0.0000000e+00
   3.0600000e+00   4.6394344e-01   0.0000000e+00
   3.0800000e+00   4.6234906e-01   0.0000000e+00
   3.1000000e+00   4.6071978e-01   0.0000000e+00
   3.1200000e+00   4.5905561e-01   0.0000000e+00
   3.1400000e+00   4.5798686e-01   0.0000000e+00
   3.1600000e+00   4.5691978e-01   0.0000000e+00
   3.1800000e+00   4.5585436e-01   0.0000000e+00
   3.2000000e+00   4.5531999e-01   0.0000000e+00
   3.2200000e+00   4.5457508e-01   0.0000000e+00
   3.2400000e+00   4.5361965e-01   0.0000000e+00
   3.2600000e+00   4.5255090e-01   0.0000000e+00
   3.2800000e+00   4.5148214e-01   0.0000000e+00
   3.3000000e+00   4.5041339e-01   0.0000000e+00
   3.3200000e+00   4.4941570e-01   0.0000000e+00
   3.3400000e+00   4.4864966e-01   0.0000000e+00
   3.3600000e+00   4.4811528e-01   0.0000000e+00
   3.3800000e+00   4.4709213e-01   0.0000000e+00
   3.4000000e+00   4.4604618e-01   0.0000000e+00
   3.4200000e+00   4.4497743e-01   0.0000000e+00
   3.4400000e+00   4.4390867e-01   0.0000000e+00
   3.4600000e+00   4.4283992e-01   0.0000000e+00
   3.4800000e+00   4.4177117e-01   0.0000000e+00
   3.5000000e+00   4.4074664e-01   0.0000000e+00
   3.5200000e+00   4.4023438e-01   0.0000000e+00
   3.5400000e+00   4.4023438e-01   0.0000000e+00
   3.5600000e+00   4.3935472e-01   0.0000000e+00
   3.5800000e+00   4.3854210e-01   0.0000000e+00
   3.6000000e+00   4.3779651e-01   0.0000000e+00
   3.6200000e+00   4.3726213e-01   0.0000000e+00
   3.6400000e+00   4.3677267e-01   0.0000000e+00
   3.6600000e+00   4.3632813e-01   0.0000000e+00
   3.6800000e+00   4.3632813e-01   0.0000000e+00
   3.7000000e+00   4.3582058e-01   0.0000000e+00
   3.7200000e+00   4.3480549e-01   0.0000000e+00
   3.7400000e+00   4.3412762e-01   0.0000000e+00
   3.7600000e+00   4.3365860e-01   0.0000000e+00
   3.7800000e+00   4.3339844e-01   0.0000000e+00
