   6.1000000e-01   9.8932104e-01   0.0000000e+00
   6.3000000e-01   9.7793420e-01   0.0000000e+00
   6.5000000e-01   9.6290531e-01   0.0000000e+00
   6.7000000e-01   9.4390175e-01   0.0000000e+00
   6.9000000e-01   9.2092354e-01   0.0000000e+00
   7.1000000e-01   9.0067687e-01   0.0000000e+00
   7.3000000e-01   8.8151404e-01   0.0000000e+00
   7.5000000e-01   8.6343505e-01   0.0000000e+00
   7.7000000e-01   8.4788848e-01   0.0000000e+00
   7.9000000e-01   8.3333022e-01   0.0000000e+00
   8.1000000e-01   8.1976027e-01   0.0000000e+00
   8.3000000e-01   8.0533209e-01   0.0000000e+00
   8.5000000e-01   7.9116540e-01   0.0000000e+00
   8.7000000e-01   7.7726019e-01   0.0000000e+00
   8.9000000e-01   7.6539795e-01   0.0000000e+00
   9.1000000e-01   7.5457998e-01   0.0000000e+00
   9.3000000e-01   7.4480630e-01   0.0000000e+00
   9.5000000e-01   7.3625626e-01   0.0000000e+00
   9.7000000e-01   7.2770623e-01   0.0000000e+00
   9.9000000e-01   7.1915620e-01   0.0000000e+00
   1.0100000e+00   7.1060617e-01   0.0000000e+00
   1.0300000e+00   7.0276718e-01   0.0000000e+00
   1.0500000e+00   6.9563923e-01   0.0000000e+00
   1.0700000e+00   6.8976443e-01   0.0000000e+00
   1.0900000e+00   6.8439584e-01   0.0000000e+00
   1.1100000e+00   6.7953347e-01   0.0000000e+00
   1.1300000e+00   6.7513442e-01   0.0000000e+00
   1.1500000e+00   6.7051914e-01   0.0000000e+00
   1.1700000e+00   6.6568763e-01   0.0000000e+00
   1.1900000e+00   6.5927511e-01   0.0000000e+00
   1.2100000e+00   6.5392529e-01   0.0000000e+00
   1.2300000e+00   6.4963819e-01   0.0000000e+00
   1.2500000e+00   6.4435545e-01   0.0000000e+00
   1.2700000e+00   6.3908308e-01   0.0000000e+00
   1.2900000e+00   6.3382109e-01   0.0000000e+00
   1.3100000e+00   6.3076500e-01   0.0000000e+00
   1.3300000e+00   6.2816821e-01   0.0000000e+00
   1.3500000e+00   6.2603070e-01   0.0000000e+00
   1.3700000e+00   6.2241479e-01   0.0000000e+00
   1.3900000e+00   6.0868158e-01   0.0000000e+00
   1.4100000e+00   5.8483109e-01   0.0000000e+00
   1.4300000e+00   5.7945645e-01   0.0000000e+00
   1.4500000e+00   5.7484584e-01   0.0000000e+00
   1.4700000e+00   5.7099925e-01   0.0000000e+00
   1.4900000e+00   5.6824893e-01   0.0000000e+00
   1.5100000e+00   5.6473627e-01   0.0000000e+00
   1.5300000e+00   5.6046125e-01   0.0000000e+00
   1.5500000e+00   5.5663009e-01   0.0000000e+00
   1.5700000e+00   5.5333498e-01   0.0000000e+00
   1.5900000e+00   5.5057591e-01   0.0000000e+00
   1.6100000e+00   5.4843841e-01   0.0000000e+00
   1.6300000e+00   5.4634783e-01   0.0000000e+00
   1.6500000e+00   5.4430418e-01   0.0000000e+00
   1.6700000e+00   5.4270105e-01   0.0000000e+00
   1.6900000e+00   5.4135371e-01   0.0000000e+00
   1.7100000e+00   5.4026215e-01   0.0000000e+00
   1.7300000e+00   5.3919340e-01   0.0000000e+00
   1.7500000e+00   5.3798552e-01   0.0000000e+00
   1.7700000e+00   5.3663852e-01   0.0000000e+00
   1.7900000e+00   5.3519697e-01   0.0000000e+00
   1.8100000e+00   5.3398673e-01   0.0000000e+00
   1.8300000e+00   5.3300781e-01   0.0000000e+00
   1.8500000e+00   5.3300781e-01   0.0000000e+00
   1.8700000e+00   5.3231387e-01   0.0000000e+00
   1.8900000e+00   5.3092598e-01   0.0000000e+00
   1.9100000e+00   5.2966882e-01   0.0000000e+00
   1.9300000e+00   5.2850586e-01   0.0000000e+00
   1.9500000e+00   5.2743710e-01   0.0000000e+00
   1.9700000e+00   5.2636835e-01   0.0000000e+00
   1.9900000e+00   5.2529959e-01   0.0000000e+00
   2.0100000e+00   5.2423084e-01   0.0000000e+00
   2.0300000e+00   5.2316209e-01   0.0000000e+00
   2.0500000e+00   5.2188649e-01   0.0000000e+00
   2.0700000e+00   5.2040405e-01   0.0000000e+00
   2.0900000e+00   5.1850391e-01   0.0000000e+00
   2.1100000e+00   5.1666543e-01   0.0000000e+00
   2.1300000e+00   5.1488863e-01   0.0000000e+00
   2.1500000e+00   5.1369250e-01   0.0000000e+00
   2.1700000e+00   5.1202568e-01   0.0000000e+00
   2.1900000e+00   5.0988817e-01   0.0000000e+00
   2.2100000e+00   5.0871346e-01   0.0000000e+00
   2.2300000e+00   5.0722700e-01   0.0000000e+00
   2.2500000e+00   5.0542877e-01   0.0000000e+00
   2.2700000e+00   5.0329126e-01   0.0000000e+00
   2.2900000e+00   5.0121946e-01   0.0000000e+00
   2.3100000e+00   4.9921336e-01   0.0000000e+00
   2.3300000e+00   4.9759548e-01   0.0000000e+00
   2.3500000e+00   4.9571779e-01   0.0000000e+00
   2.3700000e+00   4.9358028e-01   0.0000000e+00
   2.3900000e+00   4.9187523e-01   0.0000000e+00
   2.4100000e+00   4.9022114e-01   0.0000000e+00
   2.4300000e+00   4.8861801e-01   0.0000000e+00
   2.4500000e+00   4.8681575e-01   0.0000000e+00
   2.4700000e+00   4.8492833e-01   0.0000000e+00
   2.4900000e+00   4.8295574e-01   0.0000000e+00
   2.5100000e+00   4.8188699e-01   0.0000000e+00
   2.5300000e+00   4.8081823e-01   0.0000000e+00
   2.5500000e+00   4.7974948e-01   0.0000000e+00
   2.5700000e+00   4.7829722e-01   0.0000000e+00
   2.5900000e+00   4.7690294e-01   0.0000000e+00
   2.6100000e+00   4.7556666e-01   0.0000000e+00
   2.6300000e+00   4.7449790e-01   0.0000000e+00
   2.6500000e+00   4.7344590e-01   0.0000000e+00
   2.6700000e+00   4.7241067e-01   0.0000000e+00
   2.6900000e+00   4.7187629e-01   0.0000000e+00
   2.7100000e+00   4.7111630e-01   0.0000000e+00
   2.7300000e+00   4.7013069e-01   0.0000000e+00
   2.7500000e+00   4.6906194e-01   0.0000000e+00
   2.7700000e+00   4.6799319e-01   0.0000000e+00
   2.7900000e+00   4.6692443e-01   0.0000000e+00
   2.8100000e+00   4.6585568e-01   0.0000000e+00
   2.8300000e+00   4.6478692e-01   0.0000000e+00
   2.8500000e+00   4.6371817e-01   0.0000000e+00
   2.8700000e+00   4.6264942e-01   0.0000000e+00
   2.8900000e+00   4.6158066e-01   0.0000000e+00
   2.9100000e+00   4.6051191e-01   0.0000000e+00
   2.9300000e+00   4.5915754e-01   0.0000000e+00
   2.9500000e+00   4.5776326e-01   0.0000000e+00
   2.9700000e+00   4.5632908e-01   0.0000000e+00
   2.9900000e+00   4.5526033e-01   0.0000000e+00
   3.0100000e+00   4.5419157e-01   0.0000000e+00
   3.0300000e+00   4.5312282e-01   0.0000000e+00
   3.0500000e+00   4.5205407e-01   0.0000000e+00
   3.0700000e+00   4.5080864e-01   0.0000000e+00
   3.0900000e+00   4.4938655e-01   0.0000000e+00
   3.1100000e+00   4.4825676e-01   0.0000000e+00
   3.1300000e+00   4.4736468e-01   0.0000000e+00
   3.1500000e+00   4.4671029e-01   0.0000000e+00
   3.1700000e+00   4.4564488e-01   0.0000000e+00
   3.1900000e+00   4.4484499e-01   0.0000000e+00
   3.2100000e+00   4.4431061e-01   0.0000000e+00
   3.2300000e+00   4.4293413e-01   0.0000000e+00
   3.2500000e+00   4.4174871e-01   0.0000000e+00
   3.2700000e+00   4.4075435e-01   0.0000000e+00
   3.2900000e+00   4.4021998e-01   0.0000000e+00
   3.3100000e+00   4.3965007e-01   0.0000000e+00
   3.3300000e+00   4.3904463e-01   0.0000000e+00
   3.3500000e+00   4.3797588e-01   0.0000000e+00
   3.3700000e+00   4.3715151e-01   0.0000000e+00
   3.3900000e+00   4.3657153e-01   0.0000000e+00
   3.4100000e+00   4.3603715e-01   0.0000000e+00
   3.4300000e+00   4.3550278e-01   0.0000000e+00
   3.4500000e+00   4.3496840e-01   0.0000000e+00
   3.4700000e+00   4.3457280e-01   0.0000000e+00
   3.4900000e+00   4.3437500e-01   0.0000000e+00
   3.5100000e+00   4.3437500e-01   0.0000000e+00
   3.5300000e+00   4.3437500e-01   0.0000000e+00
   3.5500000e+00   4.3437500e-01   0.0000000e+00
   3.5700000e+00   4.3437500e-01   0.0000000e+00
   3.5900000e+00   4.3631397e-01   0.0000000e+00
   2.0700000e+00   8.1106364e-01   1.0000000e+00
   2.0900000e+00   8.0940085e-01   1.0000000e+00
   2.1100000e+00   8.0750070e-01   1.0000000e+00
   2.1300000e+00   8.0536319e-01   1.0000000e+00
   2.1500000e+00   8.0328937e-01   1.0000000e+00
   2.1700000e+00   8.0145090e-01   1.0000000e+00
   2.1900000e+00   7.9984777e-01   1.0000000e+00
   2.2100000e+00   7.9824464e-01   1.0000000e+00
   2.2300000e+00   7.9664151e-01   1.0000000e+00
   2.2500000e+00   7.9503837e-01   1.0000000e+00
   2.2700000e+00   7.9343524e-01   1.0000000e+00
   2.2900000e+00   7.9189782e-01   1.0000000e+00
   2.3100000e+00   7.9042609e-01   1.0000000e+00
   2.3300000e+00   7.8934260e-01   1.0000000e+00
   2.3500000e+00   7.8799928e-01   1.0000000e+00
   2.3700000e+00   7.8639615e-01   1.0000000e+00
   2.3900000e+00   7.8479302e-01   1.0000000e+00
   2.4100000e+00   7.8255831e-01   1.0000000e+00
   2.4300000e+00   7.7969202e-01   1.0000000e+00
   2.4500000e+00   7.7634963e-01   1.0000000e+00
   2.4700000e+00   7.7330126e-01   1.0000000e+00
   2.4900000e+00   7.7054692e-01   1.0000000e+00
   2.5100000e+00   7.6734065e-01   1.0000000e+00
   2.5300000e+00   7.6513474e-01   1.0000000e+00
   2.5500000e+00   7.6392917e-01   1.0000000e+00
   2.5700000e+00   7.6209340e-01   1.0000000e+00
   2.5900000e+00   7.6034025e-01   1.0000000e+00
   2.6100000e+00   7.5866971e-01   1.0000000e+00
   2.6300000e+00   7.5746737e-01   1.0000000e+00
   2.6500000e+00   7.5626502e-01   1.0000000e+00
   2.6700000e+00   7.5506267e-01   1.0000000e+00
   2.6900000e+00   7.5386032e-01   1.0000000e+00
   2.7100000e+00   7.5265797e-01   1.0000000e+00
   2.7300000e+00   7.5145562e-01   1.0000000e+00
   2.7500000e+00   7.5067148e-01   1.0000000e+00
