   6.0000000e-01   9.7190484e-01   0.0000000e+00
   6.2000000e-01   9.5760945e-01   0.0000000e+00
   6.4000000e-01   9.4061770e-01   0.0000000e+00
   6.6000000e-01   9.2092958e-01   0.0000000e+00
   6.8000000e-01   8.9527949e-01   0.0000000e+00
   7.0000000e-01   8.7236093e-01   0.0000000e+00
   7.2000000e-01   8.5217392e-01   0.0000000e+00
   7.4000000e-01   8.3462931e-01   0.0000000e+00
   7.6000000e-01   8.1812898e-01   0.0000000e+00
   7.8000000e-01   8.0267293e-01   0.0000000e+00
   8.0000000e-01   7.8930545e-01   0.0000000e+00
   8.2000000e-01   7.7701074e-01   0.0000000e+00
   8.4000000e-01   7.6578883e-01   0.0000000e+00
   8.6000000e-01   7.5299798e-01   0.0000000e+00
   8.8000000e-01   7.4120581e-01   0.0000000e+00
   9.0000000e-01   7.3041232e-01   0.0000000e+00
   9.2000000e-01   7.2141774e-01   0.0000000e+00
   9.4000000e-01   7.1299912e-01   0.0000000e+00
   9.6000000e-01   7.0515644e-01   0.0000000e+00
   9.8000000e-01   6.9773148e-01   0.0000000e+00
   1.0000000e+00   6.9054555e-01   0.0000000e+00
   1.0200000e+00   6.8359865e-01   0.0000000e+00
   1.0400000e+00   6.7807384e-01   0.0000000e+00
   1.0600000e+00   6.7299691e-01   0.0000000e+00
   1.0800000e+00   6.6836787e-01   0.0000000e+00
   1.1000000e+00   6.6457425e-01   0.0000000e+00
   1.1200000e+00   6.6095028e-01   0.0000000e+00
   1.1400000e+00   6.5749594e-01   0.0000000e+00
   1.1600000e+00   6.5774137e-01   0.0000000e+00
   1.1800000e+00   6.5439062e-01   0.0000000e+00
   1.2000000e+00   6.4744372e-01   0.0000000e+00
   1.2200000e+00   6.4219716e-01   0.0000000e+00
   1.2400000e+00   6.3716918e-01   0.0000000e+00
   1.2600000e+00   6.3235978e-01   0.0000000e+00
   1.2800000e+00   6.2831741e-01   0.0000000e+00
   1.3000000e+00   6.2496028e-01   0.0000000e+00
   1.3200000e+00   6.2228839e-01   0.0000000e+00
   1.3400000e+00   6.1961650e-01   0.0000000e+00
   1.3600000e+00   6.1521981e-01   0.0000000e+00
   1.3800000e+00   6.0909831e-01   0.0000000e+00
   1.4000000e+00   6.0494261e-01   0.0000000e+00
   1.4200000e+00   6.0087242e-01   0.0000000e+00
   1.4400000e+00   5.9688774e-01   0.0000000e+00
   1.4600000e+00   5.9193554e-01   0.0000000e+00
   1.4800000e+00   5.8682677e-01   0.0000000e+00
   1.5000000e+00   5.8156143e-01   0.0000000e+00
   1.5200000e+00   5.7782079e-01   0.0000000e+00
   1.5400000e+00   5.7385822e-01   0.0000000e+00
   1.5600000e+00   5.6967373e-01   0.0000000e+00
   1.5800000e+00   5.6572590e-01   0.0000000e+00
   1.6000000e+00   5.6219746e-01   0.0000000e+00
   1.6200000e+00   5.5908840e-01   0.0000000e+00
   1.6400000e+00   5.5685703e-01   0.0000000e+00
   1.6600000e+00   5.5440540e-01   0.0000000e+00
   1.6800000e+00   5.5173352e-01   0.0000000e+00
   1.7000000e+00   5.5008478e-01   0.0000000e+00
   1.7200000e+00   5.4845885e-01   0.0000000e+00
   1.7400000e+00   5.4685572e-01   0.0000000e+00
   1.7600000e+00   5.4553083e-01   0.0000000e+00
   1.7800000e+00   5.4433401e-01   0.0000000e+00
   1.8000000e+00   5.4326526e-01   0.0000000e+00
   1.8200000e+00   5.4224142e-01   0.0000000e+00
   1.8400000e+00   5.4146231e-01   0.0000000e+00
   1.8600000e+00   5.4092794e-01   0.0000000e+00
   1.8800000e+00   5.3993093e-01   0.0000000e+00
   1.9000000e+00   5.3872507e-01   0.0000000e+00
   1.9200000e+00   5.3731035e-01   0.0000000e+00
   1.9400000e+00   5.3593652e-01   0.0000000e+00
   1.9600000e+00   5.3465891e-01   0.0000000e+00
   1.9800000e+00   5.3347752e-01   0.0000000e+00
   2.0000000e+00   5.3187439e-01   0.0000000e+00
   2.0200000e+00   5.3027126e-01   0.0000000e+00
   2.0400000e+00   5.2866813e-01   0.0000000e+00
   2.0600000e+00   5.2623763e-01   0.0000000e+00
   2.0800000e+00   5.2383495e-01   0.0000000e+00
   2.1000000e+00   5.2146008e-01   0.0000000e+00
   2.1200000e+00   5.1968328e-01   0.0000000e+00
   2.1400000e+00   5.1822866e-01   0.0000000e+00
   2.1600000e+00   5.1709622e-01   0.0000000e+00
   2.1800000e+00   5.1549308e-01   0.0000000e+00
   2.2000000e+00   5.1388995e-01   0.0000000e+00
   2.2200000e+00   5.1228682e-01   0.0000000e+00
   2.2400000e+00   5.1104843e-01   0.0000000e+00
   2.2600000e+00   5.0977082e-01   0.0000000e+00
   2.2800000e+00   5.0845399e-01   0.0000000e+00
   2.3000000e+00   5.0685086e-01   0.0000000e+00
   2.3200000e+00   5.0524036e-01   0.0000000e+00
   2.3400000e+00   5.0362248e-01   0.0000000e+00
   2.3600000e+00   5.0148497e-01   0.0000000e+00
   2.3800000e+00   4.9977992e-01   0.0000000e+00
   2.4000000e+00   4.9850732e-01   0.0000000e+00
   2.4200000e+00   4.9712278e-01   0.0000000e+00
   2.4400000e+00   4.9552938e-01   0.0000000e+00
   2.4600000e+00   4.9372712e-01   0.0000000e+00
   2.4800000e+00   4.9175454e-01   0.0000000e+00
   2.5000000e+00   4.9023386e-01   0.0000000e+00
   2.5200000e+00   4.8916511e-01   0.0000000e+00
   2.5400000e+00   4.8759618e-01   0.0000000e+00
   2.5600000e+00   4.8601015e-01   0.0000000e+00
   2.5800000e+00   4.8440702e-01   0.0000000e+00
   2.6000000e+00   4.8307074e-01   0.0000000e+00
   2.6200000e+00   4.8171804e-01   0.0000000e+00
   2.6400000e+00   4.8034892e-01   0.0000000e+00
   2.6600000e+00   4.7827845e-01   0.0000000e+00
   2.6800000e+00   4.7670883e-01   0.0000000e+00
   2.7000000e+00   4.7564008e-01   0.0000000e+00
   2.7200000e+00   4.7457132e-01   0.0000000e+00
   2.7400000e+00   4.7350257e-01   0.0000000e+00
   2.7600000e+00   4.7243381e-01   0.0000000e+00
   2.7800000e+00   4.7136506e-01   0.0000000e+00
   2.8000000e+00   4.7029630e-01   0.0000000e+00
   2.8200000e+00   4.6922755e-01   0.0000000e+00
   2.8400000e+00   4.6815880e-01   0.0000000e+00
   2.8600000e+00   4.6709004e-01   0.0000000e+00
   2.8800000e+00   4.6602129e-01   0.0000000e+00
   2.9000000e+00   4.6495253e-01   0.0000000e+00
   2.9200000e+00   4.6388378e-01   0.0000000e+00
   2.9400000e+00   4.6281503e-01   0.0000000e+00
   2.9600000e+00   4.6174627e-01   0.0000000e+00
   2.9800000e+00   4.6065137e-01   0.0000000e+00
   3.0000000e+00   4.5953033e-01   0.0000000e+00
   3.0200000e+00   4.5792720e-01   0.0000000e+00
   3.0400000e+00   4.5679407e-01   0.0000000e+00
   3.0600000e+00   4.5613094e-01   0.0000000e+00
   3.0800000e+00   4.5488989e-01   0.0000000e+00
   3.1000000e+00   4.5370447e-01   0.0000000e+00
   3.1200000e+00   4.5257468e-01   0.0000000e+00
   3.1400000e+00   4.5180029e-01   0.0000000e+00
   3.1600000e+00   4.5061487e-01   0.0000000e+00
   3.1800000e+00   4.4901843e-01   0.0000000e+00
   3.2000000e+00   4.4848405e-01   0.0000000e+00
   3.2200000e+00   4.4752862e-01   0.0000000e+00
   3.2400000e+00   4.4615213e-01   0.0000000e+00
   3.2600000e+00   4.4515778e-01   0.0000000e+00
   3.2800000e+00   4.4439342e-01   0.0000000e+00
   3.3000000e+00   4.4385904e-01   0.0000000e+00
   3.3200000e+00   4.4332466e-01   0.0000000e+00
   3.3400000e+00   4.4279028e-01   0.0000000e+00
   3.3600000e+00   4.4225591e-01   0.0000000e+00
   3.3800000e+00   4.4221030e-01   0.0000000e+00
   3.4000000e+00   4.4200145e-01   0.0000000e+00
   3.4200000e+00   4.4162934e-01   0.0000000e+00
   3.4400000e+00   4.4135041e-01   0.0000000e+00
   3.4600000e+00   4.4121094e-01   0.0000000e+00
   3.4800000e+00   4.4121094e-01   0.0000000e+00
   3.5000000e+00   4.4116671e-01   0.0000000e+00
   3.5200000e+00   4.4061022e-01   0.0000000e+00
   3.5400000e+00   4.3954147e-01   0.0000000e+00
   3.5600000e+00   4.3935236e-01   0.0000000e+00
   3.5800000e+00   4.3909623e-01   0.0000000e+00
   3.6000000e+00   4.3877307e-01   0.0000000e+00
   3.6200000e+00   4.3844519e-01   0.0000000e+00
   3.6400000e+00   4.3828125e-01   0.0000000e+00
   3.6600000e+00   4.3828125e-01   0.0000000e+00
   3.6800000e+00   4.3828125e-01   0.0000000e+00
   3.7000000e+00   4.3878879e-01   0.0000000e+00
   3.7200000e+00   4.3980388e-01   0.0000000e+00
   2.0700000e+00   8.2811280e-01   1.0000000e+00
   2.0900000e+00   8.2520355e-01   1.0000000e+00
   2.1100000e+00   8.2268352e-01   1.0000000e+00
   2.1300000e+00   8.2055269e-01   1.0000000e+00
   2.1500000e+00   8.1942025e-01   1.0000000e+00
   2.1700000e+00   8.1805246e-01   1.0000000e+00
   2.1900000e+00   8.1644933e-01   1.0000000e+00
   2.2100000e+00   8.1484620e-01   1.0000000e+00
   2.2300000e+00   8.1342544e-01   1.0000000e+00
   2.2500000e+00   8.1218704e-01   1.0000000e+00
   2.2700000e+00   8.1087022e-01   1.0000000e+00
   2.2900000e+00   8.0895031e-01   1.0000000e+00
   2.3100000e+00   8.0642733e-01   1.0000000e+00
   2.3300000e+00   8.0108356e-01   1.0000000e+00
   2.3500000e+00   7.9573979e-01   1.0000000e+00
   2.3700000e+00   7.9039602e-01   1.0000000e+00
   2.3900000e+00   7.8505225e-01   1.0000000e+00
   2.4100000e+00   7.8065585e-01   1.0000000e+00
   2.4300000e+00   7.7720682e-01   1.0000000e+00
   2.4500000e+00   7.7506931e-01   1.0000000e+00
   2.4700000e+00   7.7297304e-01   1.0000000e+00
   2.4900000e+00   7.7091799e-01   1.0000000e+00
   2.5100000e+00   7.6931486e-01   1.0000000e+00
   2.5300000e+00   7.6771173e-01   1.0000000e+00
   2.5500000e+00   7.6610860e-01   1.0000000e+00
   2.5700000e+00   7.6488897e-01   1.0000000e+00
   2.5900000e+00   7.6361136e-01   1.0000000e+00
   2.6100000e+00   7.6227576e-01   1.0000000e+00
   2.6300000e+00   7.6052245e-01   1.0000000e+00
   2.6500000e+00   7.5859380e-01   1.0000000e+00
   2.6700000e+00   7.5648981e-01   1.0000000e+00
   2.6900000e+00   7.5488668e-01   1.0000000e+00
   2.7100000e+00   7.5328355e-01   1.0000000e+00
   2.7300000e+00   7.5168042e-01   1.0000000e+00
   2.7500000e+00   7.4974272e-01   1.0000000e+00
   2.7700000e+00   7.4759617e-01   1.0000000e+00
   2.7900000e+00   7.4524077e-01   1.0000000e+00
   2.8100000e+00   7.4267011e-01   1.0000000e+00
   2.8300000e+00   7.4031603e-01   1.0000000e+00
   2.8500000e+00   7.3817853e-01   1.0000000e+00
   2.8700000e+00   7.3655996e-01   1.0000000e+00
   2.8900000e+00   7.3494912e-01   1.0000000e+00
   2.9100000e+00   7.3334599e-01   1.0000000e+00
   2.9300000e+00   7.3231409e-01   1.0000000e+00
   2.9500000e+00   7.3144647e-01   1.0000000e+00
   2.9700000e+00   7.3074315e-01   1.0000000e+00
   2.9900000e+00   7.2967439e-01   1.0000000e+00
   3.0100000e+00   7.2860564e-01   1.0000000e+00
   3.0300000e+00   7.2753688e-01   1.0000000e+00
   3.0500000e+00   7.2646813e-01   1.0000000e+00
   3.0700000e+00   7.2504604e-01   1.0000000e+00
   3.0900000e+00   7.2327062e-01   1.0000000e+00
   3.1100000e+00   7.2136978e-01   1.0000000e+00
   3.1300000e+00   7.1967780e-01   1.0000000e+00
   3.1500000e+00   7.1819467e-01   1.0000000e+00
   3.1700000e+00   7.1711589e-01   1.0000000e+00
   3.1900000e+00   7.1524056e-01   1.0000000e+00
   3.2100000e+00   7.1256868e-01   1.0000000e+00
   3.2300000e+00   7.0989679e-01   1.0000000e+00
   3.2500000e+00   7.0707271e-01   1.0000000e+00
   3.2700000e+00   7.0409644e-01   1.0000000e+00
