   6.0000000e-01   9.7776422e-01   0.0000000e+00
   6.2000000e-01   9.6393145e-01   0.0000000e+00
   6.4000000e-01   9.4808521e-01   0.0000000e+00
   6.6000000e-01   9.3022550e-01   0.0000000e+00
   6.8000000e-01   9.0938480e-01   0.0000000e+00
   7.0000000e-01   8.8899935e-01   0.0000000e+00
   7.2000000e-01   8.6906916e-01   0.0000000e+00
   7.4000000e-01   8.4726565e-01   0.0000000e+00
   7.6000000e-01   8.2631733e-01   0.0000000e+00
   7.8000000e-01   8.0622418e-01   0.0000000e+00
   8.0000000e-01   7.9019287e-01   0.0000000e+00
   8.2000000e-01   7.7416156e-01   0.0000000e+00
   8.4000000e-01   7.5813024e-01   0.0000000e+00
   8.6000000e-01   7.4575976e-01   0.0000000e+00
   8.8000000e-01   7.3383550e-01   0.0000000e+00
   9.0000000e-01   7.2235745e-01   0.0000000e+00
   9.2000000e-01   7.1287341e-01   0.0000000e+00
   9.4000000e-01   7.0455602e-01   0.0000000e+00
   9.6000000e-01   6.9740527e-01   0.0000000e+00
   9.8000000e-01   6.9194887e-01   0.0000000e+00
   1.0000000e+00   6.8601440e-01   0.0000000e+00
   1.0200000e+00   6.7960188e-01   0.0000000e+00
   1.0400000e+00   6.7508547e-01   0.0000000e+00
   1.0600000e+00   6.7051108e-01   0.0000000e+00
   1.0800000e+00   6.6587870e-01   0.0000000e+00
   1.1000000e+00   6.6155070e-01   0.0000000e+00
   1.1200000e+00   6.5739235e-01   0.0000000e+00
   1.1400000e+00   6.5340364e-01   0.0000000e+00
   1.1600000e+00   6.4860899e-01   0.0000000e+00
   1.1800000e+00   6.4434135e-01   0.0000000e+00
   1.2000000e+00   6.4060071e-01   0.0000000e+00
   1.2200000e+00   6.3728515e-01   0.0000000e+00
   1.2400000e+00   6.3387003e-01   0.0000000e+00
   1.2600000e+00   6.3035535e-01   0.0000000e+00
   1.2800000e+00   6.2680647e-01   0.0000000e+00
   1.3000000e+00   6.2339135e-01   0.0000000e+00
   1.3200000e+00   6.2011000e-01   0.0000000e+00
   1.3400000e+00   6.1636936e-01   0.0000000e+00
   1.3600000e+00   6.1238232e-01   0.0000000e+00
   1.3800000e+00   6.0814887e-01   0.0000000e+00
   1.4000000e+00   6.0425000e-01   0.0000000e+00
   1.4200000e+00   6.0030050e-01   0.0000000e+00
   1.4400000e+00   5.9630039e-01   0.0000000e+00
   1.4600000e+00   5.9202537e-01   0.0000000e+00
   1.4800000e+00   5.8776343e-01   0.0000000e+00
   1.5000000e+00   5.8351455e-01   0.0000000e+00
   1.5200000e+00   5.7977392e-01   0.0000000e+00
   1.5400000e+00   5.7581135e-01   0.0000000e+00
   1.5600000e+00   5.7162685e-01   0.0000000e+00
   1.5800000e+00   5.6767903e-01   0.0000000e+00
   1.6000000e+00   5.6383480e-01   0.0000000e+00
   1.6200000e+00   5.6009416e-01   0.0000000e+00
   1.6400000e+00   5.5644738e-01   0.0000000e+00
   1.6600000e+00   5.5302086e-01   0.0000000e+00
   1.6800000e+00   5.4981460e-01   0.0000000e+00
   1.7000000e+00   5.4660834e-01   0.0000000e+00
   1.7200000e+00   5.4359953e-01   0.0000000e+00
   1.7400000e+00   5.4078818e-01   0.0000000e+00
   1.7600000e+00   5.3811629e-01   0.0000000e+00
   1.7800000e+00   5.3544441e-01   0.0000000e+00
   1.8000000e+00   5.3277252e-01   0.0000000e+00
   1.8200000e+00   5.3010063e-01   0.0000000e+00
   1.8400000e+00   5.2742875e-01   0.0000000e+00
   1.8600000e+00   5.2475686e-01   0.0000000e+00
   1.8800000e+00   5.2254761e-01   0.0000000e+00
   1.9000000e+00   5.2054721e-01   0.0000000e+00
   1.9200000e+00   5.1875566e-01   0.0000000e+00
   1.9400000e+00   5.1692323e-01   0.0000000e+00
   1.9600000e+00   5.1499458e-01   0.0000000e+00
   1.9800000e+00   5.1296971e-01   0.0000000e+00
   2.0000000e+00   5.1136658e-01   0.0000000e+00
   2.0200000e+00   5.0976344e-01   0.0000000e+00
   2.0400000e+00   5.0816031e-01   0.0000000e+00
   2.0600000e+00   5.0655718e-01   0.0000000e+00
   2.0800000e+00   5.0495405e-01   0.0000000e+00
   2.1000000e+00   5.0335092e-01   0.0000000e+00
   2.1200000e+00   5.0174779e-01   0.0000000e+00
   2.1400000e+00   5.0011281e-01   0.0000000e+00
   2.1600000e+00   4.9844599e-01   0.0000000e+00
   2.1800000e+00   4.9630849e-01   0.0000000e+00
   2.2000000e+00   4.9441168e-01   0.0000000e+00
   2.2200000e+00   4.9275557e-01   0.0000000e+00
   2.2400000e+00   4.9078770e-01   0.0000000e+00
   2.2600000e+00   4.8885905e-01   0.0000000e+00
   2.2800000e+00   4.8696961e-01   0.0000000e+00
   2.3000000e+00   4.8549789e-01   0.0000000e+00
   2.3200000e+00   4.8421291e-01   0.0000000e+00
   2.3400000e+00   4.8311467e-01   0.0000000e+00
   2.3600000e+00   4.8097716e-01   0.0000000e+00
   2.3800000e+00   4.7927211e-01   0.0000000e+00
   2.4000000e+00   4.7799951e-01   0.0000000e+00
   2.4200000e+00   4.7693076e-01   0.0000000e+00
   2.4400000e+00   4.7586200e-01   0.0000000e+00
   2.4600000e+00   4.7479325e-01   0.0000000e+00
   2.4800000e+00   4.7372449e-01   0.0000000e+00
   2.5000000e+00   4.7265574e-01   0.0000000e+00
   2.5200000e+00   4.7158699e-01   0.0000000e+00
   2.5400000e+00   4.7001806e-01   0.0000000e+00
   2.5600000e+00   4.6862378e-01   0.0000000e+00
   2.5800000e+00   4.6740416e-01   0.0000000e+00
   2.6000000e+00   4.6633541e-01   0.0000000e+00
   2.6200000e+00   4.6519156e-01   0.0000000e+00
   2.6400000e+00   4.6397263e-01   0.0000000e+00
   2.6600000e+00   4.6240301e-01   0.0000000e+00
   2.6800000e+00   4.6108383e-01   0.0000000e+00
   2.7000000e+00   4.6001508e-01   0.0000000e+00
   2.7200000e+00   4.5849509e-01   0.0000000e+00
   2.7400000e+00   4.5710082e-01   0.0000000e+00
   2.7600000e+00   4.5583225e-01   0.0000000e+00
   2.7800000e+00   4.5476350e-01   0.0000000e+00
   2.8000000e+00   4.5369474e-01   0.0000000e+00
   2.8200000e+00   4.5262599e-01   0.0000000e+00
   2.8400000e+00   4.5155723e-01   0.0000000e+00
   2.8600000e+00   4.5048848e-01   0.0000000e+00
   2.8800000e+00   4.4941972e-01   0.0000000e+00
   2.9000000e+00   4.4835097e-01   0.0000000e+00
   2.9200000e+00   4.4728222e-01   0.0000000e+00
   2.9400000e+00   4.4621346e-01   0.0000000e+00
   2.9600000e+00   4.4531366e-01   0.0000000e+00
   2.9800000e+00   4.4454428e-01   0.0000000e+00
   3.0000000e+00   4.4390533e-01   0.0000000e+00
   3.0200000e+00   4.4230220e-01   0.0000000e+00
   3.0400000e+00   4.4116907e-01   0.0000000e+00
   3.0600000e+00   4.4050594e-01   0.0000000e+00
   3.0800000e+00   4.3926489e-01   0.0000000e+00
   3.1000000e+00   4.3807947e-01   0.0000000e+00
   3.1200000e+00   4.3694968e-01   0.0000000e+00
   3.1400000e+00   4.3641530e-01   0.0000000e+00
   3.1600000e+00   4.3587926e-01   0.0000000e+00
   3.1800000e+00   4.3534154e-01   0.0000000e+00
   3.2000000e+00   4.3427278e-01   0.0000000e+00
   3.2200000e+00   4.3320403e-01   0.0000000e+00
   3.2400000e+00   4.3213528e-01   0.0000000e+00
   3.2600000e+00   4.3106652e-01   0.0000000e+00
   3.2800000e+00   4.3009163e-01   0.0000000e+00
   3.3000000e+00   4.2921060e-01   0.0000000e+00
   3.3200000e+00   4.2867622e-01   0.0000000e+00
   3.3400000e+00   4.2814185e-01   0.0000000e+00
   3.3600000e+00   4.2760747e-01   0.0000000e+00
   3.3800000e+00   4.2707309e-01   0.0000000e+00
   3.4000000e+00   4.2653872e-01   0.0000000e+00
   3.4200000e+00   4.2600434e-01   0.0000000e+00
   3.4400000e+00   4.2521452e-01   0.0000000e+00
   3.4600000e+00   4.2435462e-01   0.0000000e+00
   3.4800000e+00   4.2342464e-01   0.0000000e+00
   3.5000000e+00   4.2291238e-01   0.0000000e+00
   3.5200000e+00   4.2265625e-01   0.0000000e+00
   3.5400000e+00   4.2265625e-01   0.0000000e+00
   3.5600000e+00   4.2265625e-01   0.0000000e+00
   3.5800000e+00   4.2265625e-01   0.0000000e+00
   3.6000000e+00   4.2265625e-01   0.0000000e+00
   3.6200000e+00   4.2244975e-01   0.0000000e+00
   3.6400000e+00   4.2212423e-01   0.0000000e+00
   3.6600000e+00   4.2167969e-01   0.0000000e+00
   3.6800000e+00   4.2167969e-01   0.0000000e+00
   3.7000000e+00   4.2142592e-01   0.0000000e+00
   3.7200000e+00   4.2091837e-01   0.0000000e+00
   3.7400000e+00   4.2077487e-01   0.0000000e+00
   3.7600000e+00   4.2056602e-01   0.0000000e+00
   3.7800000e+00   4.2029180e-01   0.0000000e+00
   2.0000000e+00   7.7769490e-01   1.0000000e+00
   2.0200000e+00   7.7609580e-01   1.0000000e+00
   2.0400000e+00   7.7396636e-01   1.0000000e+00
   2.0600000e+00   7.7182885e-01   1.0000000e+00
   2.0800000e+00   7.6954283e-01   1.0000000e+00
   2.1000000e+00   7.6710830e-01   1.0000000e+00
   2.1200000e+00   7.6479713e-01   1.0000000e+00
   2.1400000e+00   7.6277628e-01   1.0000000e+00
   2.1600000e+00   7.6104577e-01   1.0000000e+00
   2.1800000e+00   7.5837389e-01   1.0000000e+00
   2.2000000e+00   7.5594270e-01   1.0000000e+00
   2.2200000e+00   7.5375222e-01   1.0000000e+00
   2.2400000e+00   7.5124998e-01   1.0000000e+00
   2.2600000e+00   7.4878695e-01   1.0000000e+00
   2.2800000e+00   7.4636313e-01   1.0000000e+00
   2.3000000e+00   7.4435703e-01   1.0000000e+00
   2.3200000e+00   7.4255242e-01   1.0000000e+00
   2.3400000e+00   7.4094928e-01   1.0000000e+00
   2.3600000e+00   7.3934615e-01   1.0000000e+00
   2.3800000e+00   7.3795925e-01   1.0000000e+00
   2.4000000e+00   7.3678857e-01   1.0000000e+00
   2.4200000e+00   7.3603561e-01   1.0000000e+00
   2.4400000e+00   7.3539194e-01   1.0000000e+00
   2.4600000e+00   7.3485756e-01   1.0000000e+00
   2.4800000e+00   7.3432318e-01   1.0000000e+00
   2.5000000e+00   7.3378881e-01   1.0000000e+00
   2.5200000e+00   7.3325443e-01   1.0000000e+00
   2.5400000e+00   7.3272005e-01   1.0000000e+00
   2.5600000e+00   7.3199392e-01   1.0000000e+00
   2.5800000e+00   7.3107604e-01   1.0000000e+00
   2.6000000e+00   7.3027413e-01   1.0000000e+00
   2.6200000e+00   7.2938071e-01   1.0000000e+00
   2.6400000e+00   7.2839580e-01   1.0000000e+00
   2.6600000e+00   7.2629181e-01   1.0000000e+00
   2.6800000e+00   7.2443824e-01   1.0000000e+00
   2.7000000e+00   7.2283511e-01   1.0000000e+00
   2.7200000e+00   7.2078075e-01   1.0000000e+00
   2.7400000e+00   7.1851754e-01   1.0000000e+00
   2.7600000e+00   7.1604547e-01   1.0000000e+00
   2.7800000e+00   7.1402728e-01   1.0000000e+00
   2.8000000e+00   7.1233195e-01   1.0000000e+00
   2.8200000e+00   7.1095950e-01   1.0000000e+00
   2.8400000e+00   7.0828762e-01   1.0000000e+00
   2.8600000e+00   7.0613468e-01   1.0000000e+00
   2.8800000e+00   7.0450068e-01   1.0000000e+00
   2.9000000e+00   7.0329983e-01   1.0000000e+00
   2.9200000e+00   7.0230784e-01   1.0000000e+00
   2.9400000e+00   7.0152470e-01   1.0000000e+00
   2.9600000e+00   7.0099032e-01   1.0000000e+00
   2.9800000e+00   7.0042980e-01   1.0000000e+00
   3.0000000e+00   6.9984314e-01   1.0000000e+00
   3.0200000e+00   6.9877438e-01   1.0000000e+00
   3.0400000e+00   6.9770563e-01   1.0000000e+00
   3.0600000e+00   6.9663688e-01   1.0000000e+00
   3.0800000e+00   6.9556812e-01   1.0000000e+00
   3.1000000e+00   6.9426270e-01   1.0000000e+00
   3.1200000e+00   6.9272060e-01   1.0000000e+00
   3.1400000e+00   6.9082311e-01   1.0000000e+00
   3.1600000e+00   6.8933163e-01   1.0000000e+00
   3.1800000e+00   6.8824617e-01   1.0000000e+00
   3.2000000e+00   6.8450553e-01   1.0000000e+00
   3.2200000e+00   6.7971226e-01   1.0000000e+00
   3.2400000e+00   6.7386635e-01   1.0000000e+00
   3.2600000e+00   6.6928016e-01   1.0000000e+00
   3.2800000e+00   6.6519621e-01   1.0000000e+00
   3.3000000e+00   6.6161450e-01   1.0000000e+00
   3.3200000e+00   6.5762372e-01   1.0000000e+00
   3.3400000e+00   6.5455958e-01   1.0000000e+00
   3.3600000e+00   6.5242207e-01   1.0000000e+00
