   6.1000000e-01   9.8984033e-01   0.0000000e+00
   6.3000000e-01   9.7867945e-01   0.0000000e+00
   6.5000000e-01   9.6304109e-01   0.0000000e+00
   6.7000000e-01   9.4293123e-01   0.0000000e+00
   6.9000000e-01   9.1834989e-01   0.0000000e+00
   7.1000000e-01   8.9786586e-01   0.0000000e+00
   7.3000000e-01   8.7841506e-01   0.0000000e+00
   7.5000000e-01   8.5999748e-01   0.0000000e+00
   7.7000000e-01   8.4391653e-01   0.0000000e+00
   7.9000000e-01   8.2887652e-01   0.0000000e+00
   8.1000000e-01   8.1487746e-01   0.0000000e+00
   8.3000000e-01   8.0044928e-01   0.0000000e+00
   8.5000000e-01   7.8628259e-01   0.0000000e+00
   8.7000000e-01   7.7237738e-01   0.0000000e+00
   8.9000000e-01   7.6010882e-01   0.0000000e+00
   9.1000000e-01   7.4896534e-01   0.0000000e+00
   9.3000000e-01   7.3894692e-01   0.0000000e+00
   9.5000000e-01   7.3056987e-01   0.0000000e+00
   9.7000000e-01   7.2240168e-01   0.0000000e+00
   9.9000000e-01   7.1444234e-01   0.0000000e+00
   1.0100000e+00   7.0696106e-01   0.0000000e+00
   1.0300000e+00   6.9971680e-01   0.0000000e+00
   1.0500000e+00   6.9270955e-01   0.0000000e+00
   1.0700000e+00   6.8647737e-01   0.0000000e+00
   1.0900000e+00   6.8054257e-01   0.0000000e+00
   1.1100000e+00   6.7490512e-01   0.0000000e+00
   1.1300000e+00   6.6956135e-01   0.0000000e+00
   1.1500000e+00   6.6421389e-01   0.0000000e+00
   1.1700000e+00   6.5886275e-01   0.0000000e+00
   1.1900000e+00   6.5298460e-01   0.0000000e+00
   1.2100000e+00   6.4753154e-01   0.0000000e+00
   1.2300000e+00   6.4250356e-01   0.0000000e+00
   1.2500000e+00   6.3738575e-01   0.0000000e+00
   1.2700000e+00   6.3234671e-01   0.0000000e+00
   1.2900000e+00   6.2738645e-01   0.0000000e+00
   1.3100000e+00   6.2303634e-01   0.0000000e+00
   1.3300000e+00   6.1845659e-01   0.0000000e+00
   1.3500000e+00   6.1364720e-01   0.0000000e+00
   1.3700000e+00   6.0933061e-01   0.0000000e+00
   1.3900000e+00   6.0484674e-01   0.0000000e+00
   1.4100000e+00   6.0019558e-01   0.0000000e+00
   1.4300000e+00   5.9538619e-01   0.0000000e+00
   1.4500000e+00   5.9057680e-01   0.0000000e+00
   1.4700000e+00   5.8576740e-01   0.0000000e+00
   1.4900000e+00   5.8103644e-01   0.0000000e+00
   1.5100000e+00   5.7706783e-01   0.0000000e+00
   1.5300000e+00   5.7386156e-01   0.0000000e+00
   1.5500000e+00   5.6976759e-01   0.0000000e+00
   1.5700000e+00   5.6607388e-01   0.0000000e+00
   1.5900000e+00   5.6278044e-01   0.0000000e+00
   1.6100000e+00   5.6010855e-01   0.0000000e+00
   1.6300000e+00   5.5743667e-01   0.0000000e+00
   1.6500000e+00   5.5476478e-01   0.0000000e+00
   1.6700000e+00   5.5209290e-01   0.0000000e+00
   1.6900000e+00   5.4942101e-01   0.0000000e+00
   1.7100000e+00   5.4674913e-01   0.0000000e+00
   1.7300000e+00   5.4486706e-01   0.0000000e+00
   1.7500000e+00   5.4326359e-01   0.0000000e+00
   1.7700000e+00   5.4193870e-01   0.0000000e+00
   1.7900000e+00   5.4086995e-01   0.0000000e+00
   1.8100000e+00   5.3980119e-01   0.0000000e+00
   1.8300000e+00   5.3873244e-01   0.0000000e+00
   1.8500000e+00   5.3766369e-01   0.0000000e+00
   1.8700000e+00   5.3636362e-01   0.0000000e+00
   1.8900000e+00   5.3483223e-01   0.0000000e+00
   1.9100000e+00   5.3357507e-01   0.0000000e+00
   1.9300000e+00   5.3229746e-01   0.0000000e+00
   1.9500000e+00   5.3099940e-01   0.0000000e+00
   1.9700000e+00   5.2939627e-01   0.0000000e+00
   1.9900000e+00   5.2779314e-01   0.0000000e+00
   2.0100000e+00   5.2619001e-01   0.0000000e+00
   2.0300000e+00   5.2458688e-01   0.0000000e+00
   2.0500000e+00   5.2277691e-01   0.0000000e+00
   2.0700000e+00   5.2076009e-01   0.0000000e+00
   2.0900000e+00   5.1862259e-01   0.0000000e+00
   2.1100000e+00   5.1666543e-01   0.0000000e+00
   2.1300000e+00   5.1488863e-01   0.0000000e+00
   2.1500000e+00   5.1369250e-01   0.0000000e+00
   2.1700000e+00   5.1202568e-01   0.0000000e+00
   2.1900000e+00   5.0988817e-01   0.0000000e+00
   2.2100000e+00   5.0775066e-01   0.0000000e+00
   2.2300000e+00   5.0561315e-01   0.0000000e+00
   2.2500000e+00   5.0347564e-01   0.0000000e+00
   2.2700000e+00   5.0158621e-01   0.0000000e+00
   2.2900000e+00   4.9983992e-01   0.0000000e+00
   2.3100000e+00   4.9823679e-01   0.0000000e+00
   2.3300000e+00   4.9661892e-01   0.0000000e+00
   2.3500000e+00   4.9474123e-01   0.0000000e+00
   2.3700000e+00   4.9260372e-01   0.0000000e+00
   2.3900000e+00   4.9046621e-01   0.0000000e+00
   2.4100000e+00   4.8848660e-01   0.0000000e+00
   2.4300000e+00   4.8666488e-01   0.0000000e+00
   2.4500000e+00   4.8506175e-01   0.0000000e+00
   2.4700000e+00   4.8345862e-01   0.0000000e+00
   2.4900000e+00   4.8185549e-01   0.0000000e+00
   2.5100000e+00   4.8025236e-01   0.0000000e+00
   2.5300000e+00   4.7889931e-01   0.0000000e+00
   2.5500000e+00   4.7779636e-01   0.0000000e+00
   2.5700000e+00   4.7672760e-01   0.0000000e+00
   2.5900000e+00   4.7579227e-01   0.0000000e+00
   2.6100000e+00   4.7499036e-01   0.0000000e+00
   2.6300000e+00   4.7415562e-01   0.0000000e+00
   2.6500000e+00   4.7297020e-01   0.0000000e+00
   2.6700000e+00   4.7143410e-01   0.0000000e+00
   2.6900000e+00   4.7089973e-01   0.0000000e+00
   2.7100000e+00   4.6991412e-01   0.0000000e+00
   2.7300000e+00   4.6847729e-01   0.0000000e+00
   2.7500000e+00   4.6754328e-01   0.0000000e+00
   2.7700000e+00   4.6670014e-01   0.0000000e+00
   2.7900000e+00   4.6594787e-01   0.0000000e+00
   2.8100000e+00   4.6487912e-01   0.0000000e+00
   2.8300000e+00   4.6381036e-01   0.0000000e+00
   2.8500000e+00   4.6274161e-01   0.0000000e+00
   2.8700000e+00   4.6115391e-01   0.0000000e+00
   2.8900000e+00   4.5975963e-01   0.0000000e+00
   2.9100000e+00   4.5855878e-01   0.0000000e+00
   2.9300000e+00   4.5749003e-01   0.0000000e+00
   2.9500000e+00   4.5642127e-01   0.0000000e+00
   2.9700000e+00   4.5535252e-01   0.0000000e+00
   2.9900000e+00   4.5428377e-01   0.0000000e+00
   3.0100000e+00   4.5321501e-01   0.0000000e+00
   3.0300000e+00   4.5214626e-01   0.0000000e+00
   3.0500000e+00   4.5107750e-01   0.0000000e+00
   3.0700000e+00   4.5000875e-01   0.0000000e+00
   3.0900000e+00   4.4894000e-01   0.0000000e+00
   3.1100000e+00   4.4810791e-01   0.0000000e+00
   3.1300000e+00   4.4736468e-01   0.0000000e+00
   3.1500000e+00   4.4671029e-01   0.0000000e+00
   3.1700000e+00   4.4564488e-01   0.0000000e+00
   3.1900000e+00   4.4484499e-01   0.0000000e+00
   3.2100000e+00   4.4431061e-01   0.0000000e+00
   3.2300000e+00   4.4293413e-01   0.0000000e+00
   3.2500000e+00   4.4174871e-01   0.0000000e+00
   3.2700000e+00   4.4075435e-01   0.0000000e+00
   3.2900000e+00   4.4021998e-01   0.0000000e+00
   3.3100000e+00   4.3965007e-01   0.0000000e+00
   3.3300000e+00   4.3904463e-01   0.0000000e+00
   3.3500000e+00   4.3797588e-01   0.0000000e+00
   3.3700000e+00   4.3715151e-01   0.0000000e+00
   3.3900000e+00   4.3657153e-01   0.0000000e+00
   3.4100000e+00   4.3603715e-01   0.0000000e+00
   3.4300000e+00   4.3550278e-01   0.0000000e+00
   3.4500000e+00   4.3496840e-01   0.0000000e+00
   3.4700000e+00   4.3443402e-01   0.0000000e+00
   3.4900000e+00   4.3391070e-01   0.0000000e+00
   3.5100000e+00   4.3339844e-01   0.0000000e+00
   3.5300000e+00   4.3339844e-01   0.0000000e+00
   3.5500000e+00   4.3339844e-01   0.0000000e+00
   3.5700000e+00   4.3339844e-01   0.0000000e+00
   3.5900000e+00   4.3307528e-01   0.0000000e+00
   3.6100000e+00   4.3223351e-01   0.0000000e+00
   3.6300000e+00   4.3087315e-01   0.0000000e+00
   2.1300000e+00   8.0395113e-01   1.0000000e+00
   2.1500000e+00   8.0288237e-01   1.0000000e+00
   2.1700000e+00   8.0181362e-01   1.0000000e+00
   2.1900000e+00   8.0074487e-01   1.0000000e+00
   2.2100000e+00   7.9871331e-01   1.0000000e+00
   2.2300000e+00   7.9681115e-01   1.0000000e+00
   2.2500000e+00   7.9503837e-01   1.0000000e+00
   2.2700000e+00   7.9318717e-01   1.0000000e+00
   2.2900000e+00   7.9125852e-01   1.0000000e+00
   2.3100000e+00   7.8925242e-01   1.0000000e+00
   2.3300000e+00   7.8764929e-01   1.0000000e+00
   2.3500000e+00   7.8604616e-01   1.0000000e+00
   2.3700000e+00   7.8444303e-01   1.0000000e+00
   2.3900000e+00   7.8197498e-01   1.0000000e+00
   2.4100000e+00   7.7908923e-01   1.0000000e+00
   2.4300000e+00   7.7578577e-01   1.0000000e+00
   2.4500000e+00   7.7244338e-01   1.0000000e+00
   2.4700000e+00   7.6947747e-01   1.0000000e+00
   2.4900000e+00   7.6688805e-01   1.0000000e+00
   2.5100000e+00   7.6475054e-01   1.0000000e+00
   2.5300000e+00   7.6311320e-01   1.0000000e+00
   2.5500000e+00   7.6197604e-01   1.0000000e+00
   2.5700000e+00   7.6052378e-01   1.0000000e+00
   2.5900000e+00   7.5912951e-01   1.0000000e+00
   2.6100000e+00   7.5779322e-01   1.0000000e+00
   2.6300000e+00   7.5642411e-01   1.0000000e+00
   2.6500000e+00   7.5468755e-01   1.0000000e+00
   2.6700000e+00   7.5258356e-01   1.0000000e+00
   2.6900000e+00   7.5098043e-01   1.0000000e+00
   2.7100000e+00   7.4960291e-01   1.0000000e+00
   2.7300000e+00   7.4845101e-01   1.0000000e+00
   2.7500000e+00   7.4704769e-01   1.0000000e+00
   2.7700000e+00   7.4565341e-01   1.0000000e+00
   2.7900000e+00   7.4426818e-01   1.0000000e+00
   2.8100000e+00   7.4299696e-01   1.0000000e+00
   2.8300000e+00   7.4129260e-01   1.0000000e+00
   2.8500000e+00   7.3915509e-01   1.0000000e+00
   2.8700000e+00   7.3805547e-01   1.0000000e+00
   2.8900000e+00   7.3677015e-01   1.0000000e+00
   2.9100000e+00   7.3529911e-01   1.0000000e+00
   2.9300000e+00   7.3369598e-01   1.0000000e+00
   2.9500000e+00   7.3217732e-01   1.0000000e+00
   2.9700000e+00   7.3074315e-01   1.0000000e+00
   2.9900000e+00   7.2967439e-01   1.0000000e+00
   3.0100000e+00   7.2860564e-01   1.0000000e+00
   3.0300000e+00   7.2753688e-01   1.0000000e+00
   3.0500000e+00   7.2599813e-01   1.0000000e+00
