   6.1000000e-01   9.6604213e-01   0.0000000e+00
   6.3000000e-01   9.5236357e-01   0.0000000e+00
   6.5000000e-01   9.3466279e-01   0.0000000e+00
   6.7000000e-01   9.1298735e-01   0.0000000e+00
   6.9000000e-01   8.8733725e-01   0.0000000e+00
   7.1000000e-01   8.6760550e-01   0.0000000e+00
   7.3000000e-01   8.4872661e-01   0.0000000e+00
   7.5000000e-01   8.3070060e-01   0.0000000e+00
   7.7000000e-01   8.1528544e-01   0.0000000e+00
   7.9000000e-01   8.0143252e-01   0.0000000e+00
   8.1000000e-01   7.8914185e-01   0.0000000e+00
   8.3000000e-01   7.7685118e-01   0.0000000e+00
   8.5000000e-01   7.6429902e-01   0.0000000e+00
   8.7000000e-01   7.5148537e-01   0.0000000e+00
   8.9000000e-01   7.4069188e-01   0.0000000e+00
   9.1000000e-01   7.3079784e-01   0.0000000e+00
   9.3000000e-01   7.2180327e-01   0.0000000e+00
   9.5000000e-01   7.1378761e-01   0.0000000e+00
   9.7000000e-01   7.0580011e-01   0.0000000e+00
   9.9000000e-01   6.9784077e-01   0.0000000e+00
   1.0100000e+00   6.9035950e-01   0.0000000e+00
   1.0300000e+00   6.8358926e-01   0.0000000e+00
   1.0500000e+00   6.7753007e-01   0.0000000e+00
   1.0700000e+00   6.7272402e-01   0.0000000e+00
   1.0900000e+00   6.6866489e-01   0.0000000e+00
   1.1100000e+00   6.6535267e-01   0.0000000e+00
   1.1300000e+00   6.6265700e-01   0.0000000e+00
   1.1500000e+00   6.5903807e-01   0.0000000e+00
   1.1700000e+00   6.5449586e-01   0.0000000e+00
   1.1900000e+00   6.4995366e-01   0.0000000e+00
   1.2100000e+00   6.4551772e-01   0.0000000e+00
   1.2300000e+00   6.4118806e-01   0.0000000e+00
   1.2500000e+00   6.3598779e-01   0.0000000e+00
   1.2700000e+00   6.3121559e-01   0.0000000e+00
   1.2900000e+00   6.2687148e-01   0.0000000e+00
   1.3100000e+00   6.2496799e-01   0.0000000e+00
   1.3300000e+00   6.2214593e-01   0.0000000e+00
   1.3500000e+00   6.1840529e-01   0.0000000e+00
   1.3700000e+00   6.1318624e-01   0.0000000e+00
   1.3900000e+00   6.0884518e-01   0.0000000e+00
   1.4100000e+00   6.0538209e-01   0.0000000e+00
   1.4300000e+00   6.0167232e-01   0.0000000e+00
   1.4500000e+00   5.9755554e-01   0.0000000e+00
   1.4700000e+00   5.9303176e-01   0.0000000e+00
   1.4900000e+00   5.8929112e-01   0.0000000e+00
   1.5100000e+00   5.8555049e-01   0.0000000e+00
   1.5300000e+00   5.8180985e-01   0.0000000e+00
   1.5500000e+00   5.7806921e-01   0.0000000e+00
   1.5700000e+00   5.7449216e-01   0.0000000e+00
   1.5900000e+00   5.7107872e-01   0.0000000e+00
   1.6100000e+00   5.6808298e-01   0.0000000e+00
   1.6300000e+00   5.6520224e-01   0.0000000e+00
   1.6500000e+00   5.6243649e-01   0.0000000e+00
   1.6700000e+00   5.5923023e-01   0.0000000e+00
   1.6900000e+00   5.5679133e-01   0.0000000e+00
   1.7100000e+00   5.5511979e-01   0.0000000e+00
   1.7300000e+00   5.5312175e-01   0.0000000e+00
   1.7500000e+00   5.5105397e-01   0.0000000e+00
   1.7700000e+00   5.4891647e-01   0.0000000e+00
   1.7900000e+00   5.4710212e-01   0.0000000e+00
   1.8100000e+00   5.4566057e-01   0.0000000e+00
   1.8300000e+00   5.4459181e-01   0.0000000e+00
   1.8500000e+00   5.4352306e-01   0.0000000e+00
   1.8700000e+00   5.4245431e-01   0.0000000e+00
   1.8900000e+00   5.4138555e-01   0.0000000e+00
   1.9100000e+00   5.3997083e-01   0.0000000e+00
   1.9300000e+00   5.3857656e-01   0.0000000e+00
   1.9500000e+00   5.3720273e-01   0.0000000e+00
   1.9700000e+00   5.3602134e-01   0.0000000e+00
   1.9900000e+00   5.3462908e-01   0.0000000e+00
   2.0100000e+00   5.3302595e-01   0.0000000e+00
   2.0300000e+00   5.3142282e-01   0.0000000e+00
   2.0500000e+00   5.2940600e-01   0.0000000e+00
   2.0700000e+00   5.2697551e-01   0.0000000e+00
   2.0900000e+00   5.2460064e-01   0.0000000e+00
   2.1100000e+00   5.2234445e-01   0.0000000e+00
   2.1300000e+00   5.2020694e-01   0.0000000e+00
   2.1500000e+00   5.1819681e-01   0.0000000e+00
   2.1700000e+00   5.1665737e-01   0.0000000e+00
   2.1900000e+00   5.1558862e-01   0.0000000e+00
   2.2100000e+00   5.1355706e-01   0.0000000e+00
   2.2300000e+00   5.1165490e-01   0.0000000e+00
   2.2500000e+00   5.0988212e-01   0.0000000e+00
   2.2700000e+00   5.0827899e-01   0.0000000e+00
   2.2900000e+00   5.0667586e-01   0.0000000e+00
   2.3100000e+00   5.0507273e-01   0.0000000e+00
   2.3300000e+00   5.0346960e-01   0.0000000e+00
   2.3500000e+00   5.0186647e-01   0.0000000e+00
   2.3700000e+00   5.0026334e-01   0.0000000e+00
   2.3900000e+00   4.9866021e-01   0.0000000e+00
   2.4100000e+00   4.9705708e-01   0.0000000e+00
   2.4300000e+00   4.9545394e-01   0.0000000e+00
   2.4500000e+00   4.9365169e-01   0.0000000e+00
   2.4700000e+00   4.9172304e-01   0.0000000e+00
   2.4900000e+00   4.8966799e-01   0.0000000e+00
   2.5100000e+00   4.8806486e-01   0.0000000e+00
   2.5300000e+00   4.8646173e-01   0.0000000e+00
   2.5500000e+00   4.8485860e-01   0.0000000e+00
   2.5700000e+00   4.8325546e-01   0.0000000e+00
   2.5900000e+00   4.8178576e-01   0.0000000e+00
   2.6100000e+00   4.8044947e-01   0.0000000e+00
   2.6300000e+00   4.7938071e-01   0.0000000e+00
   2.6500000e+00   4.7831196e-01   0.0000000e+00
   2.6700000e+00   4.7724321e-01   0.0000000e+00
   2.6900000e+00   4.7617445e-01   0.0000000e+00
   2.7100000e+00   4.7510570e-01   0.0000000e+00
   2.7300000e+00   4.7403694e-01   0.0000000e+00
   2.7500000e+00   4.7296819e-01   0.0000000e+00
   2.7700000e+00   4.7189943e-01   0.0000000e+00
   2.7900000e+00   4.7083068e-01   0.0000000e+00
   2.8100000e+00   4.6976193e-01   0.0000000e+00
   2.8300000e+00   4.6869317e-01   0.0000000e+00
   2.8500000e+00   4.6762442e-01   0.0000000e+00
   2.8700000e+00   4.6655567e-01   0.0000000e+00
   2.8900000e+00   4.6548691e-01   0.0000000e+00
   2.9100000e+00   4.6441816e-01   0.0000000e+00
   2.9300000e+00   4.6363502e-01   0.0000000e+00
   2.9500000e+00   4.6280731e-01   0.0000000e+00
   2.9700000e+00   4.6193503e-01   0.0000000e+00
   2.9900000e+00   4.6043647e-01   0.0000000e+00
   3.0100000e+00   4.5942001e-01   0.0000000e+00
   3.0300000e+00   4.5888563e-01   0.0000000e+00
   3.0500000e+00   4.5788125e-01   0.0000000e+00
   3.0700000e+00   4.5684469e-01   0.0000000e+00
   3.0900000e+00   4.5577593e-01   0.0000000e+00
   3.1100000e+00   4.5470718e-01   0.0000000e+00
   3.1300000e+00   4.5369843e-01   0.0000000e+00
   3.1500000e+00   4.5274968e-01   0.0000000e+00
   3.1700000e+00   4.5221530e-01   0.0000000e+00
   3.1900000e+00   4.5168092e-01   0.0000000e+00
   3.2100000e+00   4.5114655e-01   0.0000000e+00
   3.2300000e+00   4.5019112e-01   0.0000000e+00
   3.2500000e+00   4.4917903e-01   0.0000000e+00
   3.2700000e+00   4.4811027e-01   0.0000000e+00
   3.2900000e+00   4.4704152e-01   0.0000000e+00
   3.3100000e+00   4.4600829e-01   0.0000000e+00
   3.3300000e+00   4.4501060e-01   0.0000000e+00
   3.3500000e+00   4.4447622e-01   0.0000000e+00
   3.3700000e+00   4.4394184e-01   0.0000000e+00
   3.3900000e+00   4.4340747e-01   0.0000000e+00
   3.4100000e+00   4.4250098e-01   0.0000000e+00
   3.4300000e+00   4.4164108e-01   0.0000000e+00
   3.4500000e+00   4.4082777e-01   0.0000000e+00
   3.4700000e+00   4.4029340e-01   0.0000000e+00
   3.4900000e+00   4.3977008e-01   0.0000000e+00
   3.5100000e+00   4.3925781e-01   0.0000000e+00
   3.5300000e+00   4.3925781e-01   0.0000000e+00
   3.5500000e+00   4.3881799e-01   0.0000000e+00
   3.5700000e+00   4.3793834e-01   0.0000000e+00
   3.5900000e+00   4.3751590e-01   0.0000000e+00
   3.6100000e+00   4.3709819e-01   0.0000000e+00
   3.6300000e+00   4.3668520e-01   0.0000000e+00
   3.6500000e+00   4.3579611e-01   0.0000000e+00
   3.6700000e+00   4.3535156e-01   0.0000000e+00
   3.6900000e+00   4.3535156e-01   0.0000000e+00
   3.7100000e+00   4.3484402e-01   0.0000000e+00
   3.7300000e+00   4.3432306e-01   0.0000000e+00
   3.7500000e+00   4.3378868e-01   0.0000000e+00
   3.7700000e+00   4.3325430e-01   0.0000000e+00
   3.7900000e+00   4.3287748e-01   0.0000000e+00
   2.0000000e+00   8.4464762e-01   1.0000000e+00
   2.0200000e+00   8.4224494e-01   1.0000000e+00
   2.0400000e+00   8.3957709e-01   1.0000000e+00
   2.0600000e+00   8.3607784e-01   1.0000000e+00
   2.0800000e+00   8.3245789e-01   1.0000000e+00
   2.1000000e+00   8.2871725e-01   1.0000000e+00
   2.1200000e+00   8.2551767e-01   1.0000000e+00
   2.1400000e+00   8.2291282e-01   1.0000000e+00
   2.1600000e+00   8.2090268e-01   1.0000000e+00
   2.1800000e+00   8.1983393e-01   1.0000000e+00
   2.2000000e+00   8.1876518e-01   1.0000000e+00
   2.2200000e+00   8.1769642e-01   1.0000000e+00
   2.2400000e+00   8.1662767e-01   1.0000000e+00
   2.2600000e+00   8.1531084e-01   1.0000000e+00
   2.2800000e+00   8.1374594e-01   1.0000000e+00
   2.3000000e+00   8.1200266e-01   1.0000000e+00
   2.3200000e+00   8.1084171e-01   1.0000000e+00
   2.3400000e+00   8.1026311e-01   1.0000000e+00
   2.3600000e+00   8.0812560e-01   1.0000000e+00
   2.3800000e+00   8.0404205e-01   1.0000000e+00
   2.4000000e+00   7.9801244e-01   1.0000000e+00
   2.4200000e+00   7.9217081e-01   1.0000000e+00
   2.4400000e+00   7.8671170e-01   1.0000000e+00
   2.4600000e+00   7.8163512e-01   1.0000000e+00
   2.4800000e+00   7.7701207e-01   1.0000000e+00
   2.5000000e+00   7.7363179e-01   1.0000000e+00
   2.5200000e+00   7.7149428e-01   1.0000000e+00
   2.5400000e+00   7.6985695e-01   1.0000000e+00
   2.5600000e+00   7.6842847e-01   1.0000000e+00
   2.5800000e+00   7.6720885e-01   1.0000000e+00
   2.6000000e+00   7.6587325e-01   1.0000000e+00
   2.6200000e+00   7.6440389e-01   1.0000000e+00
   2.6400000e+00   7.6280076e-01   1.0000000e+00
   2.6600000e+00   7.6119762e-01   1.0000000e+00
   2.6800000e+00   7.5959449e-01   1.0000000e+00
   2.7000000e+00   7.5799136e-01   1.0000000e+00
   2.7200000e+00   7.5638823e-01   1.0000000e+00
   2.7400000e+00   7.5478510e-01   1.0000000e+00
   2.7600000e+00   7.5318197e-01   1.0000000e+00
   2.7800000e+00   7.5136094e-01   1.0000000e+00
   2.8000000e+00   7.4938167e-01   1.0000000e+00
   2.8200000e+00   7.4724416e-01   1.0000000e+00
   2.8400000e+00   7.4510666e-01   1.0000000e+00
   2.8600000e+00   7.4296915e-01   1.0000000e+00
   2.8800000e+00   7.4083164e-01   1.0000000e+00
   2.9000000e+00   7.3909641e-01   1.0000000e+00
   2.9200000e+00   7.3742723e-01   1.0000000e+00
   2.9400000e+00   7.3582410e-01   1.0000000e+00
   2.9600000e+00   7.3438992e-01   1.0000000e+00
   2.9800000e+00   7.3313845e-01   1.0000000e+00
   3.0000000e+00   7.3206970e-01   1.0000000e+00
   3.0200000e+00   7.3100095e-01   1.0000000e+00
   3.0400000e+00   7.2993219e-01   1.0000000e+00
   3.0600000e+00   7.2886344e-01   1.0000000e+00
   3.0800000e+00   7.2814802e-01   1.0000000e+00
   3.1000000e+00   7.2740479e-01   1.0000000e+00
   3.1200000e+00   7.2663374e-01   1.0000000e+00
   3.1400000e+00   7.2556498e-01   1.0000000e+00
   3.1600000e+00   7.2449623e-01   1.0000000e+00
   3.1800000e+00   7.2342748e-01   1.0000000e+00
   3.2000000e+00   7.2235872e-01   1.0000000e+00
   3.2200000e+00   7.2086892e-01   1.0000000e+00
   3.2400000e+00   7.1895805e-01   1.0000000e+00
   3.2600000e+00   7.1590738e-01   1.0000000e+00
   3.2800000e+00   7.1269945e-01   1.0000000e+00
   3.3000000e+00   7.0933426e-01   1.0000000e+00
   3.3200000e+00   7.0673343e-01   1.0000000e+00
   3.3400000e+00   7.0436426e-01   1.0000000e+00
   3.3600000e+00   7.0222675e-01   1.0000000e+00
   3.3800000e+00   7.0008925e-01   1.0000000e+00
   3.4000000e+00   6.9795174e-01   1.0000000e+00
   3.4200000e+00   6.9581423e-01   1.0000000e+00
   3.4400000e+00   6.9444305e-01   1.0000000e+00
