   6.0000000e-01   8.7533190e-01   0.0000000e+00
   6.2000000e-01   8.4468930e-01   0.0000000e+00
   6.4000000e-01   8.1988062e-01   0.0000000e+00
   6.6000000e-01   8.0090586e-01   0.0000000e+00
   6.8000000e-01   7.8540893e-01   0.0000000e+00
   7.0000000e-01   7.7264354e-01   0.0000000e+00
   7.2000000e-01   7.6260969e-01   0.0000000e+00
   7.4000000e-01   7.4472187e-01   0.0000000e+00
   7.6000000e-01   7.2684103e-01   0.0000000e+00
   7.8000000e-01   7.0896716e-01   0.0000000e+00
   8.0000000e-01   6.9849015e-01   0.0000000e+00
   8.2000000e-01   6.8844225e-01   0.0000000e+00
   8.4000000e-01   6.7882346e-01   0.0000000e+00
   8.6000000e-01   6.7181955e-01   0.0000000e+00
   8.8000000e-01   6.6504730e-01   0.0000000e+00
   9.0000000e-01   6.5850671e-01   0.0000000e+00
   9.2000000e-01   6.5325277e-01   0.0000000e+00
   9.4000000e-01   6.4840180e-01   0.0000000e+00
   9.6000000e-01   6.4395381e-01   0.0000000e+00
   9.8000000e-01   6.3914441e-01   0.0000000e+00
   1.0000000e+00   6.3433502e-01   0.0000000e+00
   1.0200000e+00   6.2952563e-01   0.0000000e+00
   1.0400000e+00   6.2471623e-01   0.0000000e+00
   1.0600000e+00   6.1990684e-01   0.0000000e+00
   1.0800000e+00   6.1509745e-01   0.0000000e+00
   1.1000000e+00   6.1028805e-01   0.0000000e+00
   1.1200000e+00   6.0547866e-01   0.0000000e+00
   1.1400000e+00   6.0066927e-01   0.0000000e+00
   1.1600000e+00   5.9584513e-01   0.0000000e+00
   1.1800000e+00   5.9049399e-01   0.0000000e+00
   1.2000000e+00   5.8461584e-01   0.0000000e+00
   1.2200000e+00   5.7958786e-01   0.0000000e+00
   1.2400000e+00   5.7482338e-01   0.0000000e+00
   1.2600000e+00   5.7032241e-01   0.0000000e+00
   1.2800000e+00   5.6623915e-01   0.0000000e+00
   1.3000000e+00   5.6236474e-01   0.0000000e+00
   1.3200000e+00   5.5869919e-01   0.0000000e+00
   1.3400000e+00   5.5549293e-01   0.0000000e+00
   1.3600000e+00   5.5277947e-01   0.0000000e+00
   1.3800000e+00   5.5055881e-01   0.0000000e+00
   1.4000000e+00   5.4842130e-01   0.0000000e+00
   1.4200000e+00   5.4641353e-01   0.0000000e+00
   1.4400000e+00   5.4453550e-01   0.0000000e+00
   1.4600000e+00   5.4293237e-01   0.0000000e+00
   1.4800000e+00   5.4134231e-01   0.0000000e+00
   1.5000000e+00   5.3976532e-01   0.0000000e+00
   1.5200000e+00   5.3869657e-01   0.0000000e+00
   1.5400000e+00   5.3740588e-01   0.0000000e+00
   1.5600000e+00   5.3589327e-01   0.0000000e+00
   1.5800000e+00   5.3396295e-01   0.0000000e+00
   1.6000000e+00   5.3213956e-01   0.0000000e+00
   1.6200000e+00   5.3042311e-01   0.0000000e+00
   1.6400000e+00   5.2916663e-01   0.0000000e+00
   1.6600000e+00   5.2746964e-01   0.0000000e+00
   1.6800000e+00   5.2533213e-01   0.0000000e+00
   1.7000000e+00   5.2421777e-01   0.0000000e+00
   1.7200000e+00   5.2292876e-01   0.0000000e+00
   1.7400000e+00   5.2146509e-01   0.0000000e+00
   1.7600000e+00   5.1986196e-01   0.0000000e+00
   1.7800000e+00   5.1825883e-01   0.0000000e+00
   1.8000000e+00   5.1665570e-01   0.0000000e+00
   1.8200000e+00   5.1505257e-01   0.0000000e+00
   1.8400000e+00   5.1344944e-01   0.0000000e+00
   1.8600000e+00   5.1184631e-01   0.0000000e+00
   1.8800000e+00   5.1070580e-01   0.0000000e+00
   1.9000000e+00   5.0925521e-01   0.0000000e+00
   1.9200000e+00   5.0749453e-01   0.0000000e+00
   1.9400000e+00   5.0535702e-01   0.0000000e+00
   1.9600000e+00   5.0327583e-01   0.0000000e+00
   1.9800000e+00   5.0125096e-01   0.0000000e+00
   2.0000000e+00   4.9964783e-01   0.0000000e+00
   2.0200000e+00   4.9777952e-01   0.0000000e+00
   2.0400000e+00   4.9564604e-01   0.0000000e+00
   2.0600000e+00   4.9392222e-01   0.0000000e+00
   2.0800000e+00   4.9255576e-01   0.0000000e+00
   2.1000000e+00   4.9154666e-01   0.0000000e+00
   2.0100000e+00   7.4103376e-01   1.0000000e+00
   2.0300000e+00   7.3943063e-01   1.0000000e+00
   2.0500000e+00   7.3803434e-01   1.0000000e+00
   2.0700000e+00   7.3684489e-01   1.0000000e+00
   2.0900000e+00   7.3518210e-01   1.0000000e+00
   2.1100000e+00   7.3346230e-01   1.0000000e+00
   2.1300000e+00   7.3168550e-01   1.0000000e+00
   2.1500000e+00   7.3048937e-01   1.0000000e+00
   2.1700000e+00   7.2882255e-01   1.0000000e+00
   2.1900000e+00   7.2668504e-01   1.0000000e+00
   2.2100000e+00   7.2358473e-01   1.0000000e+00
   2.2300000e+00   7.2043145e-01   1.0000000e+00
   2.2500000e+00   7.1722519e-01   1.0000000e+00
   2.2700000e+00   7.1401892e-01   1.0000000e+00
   2.2900000e+00   7.1087837e-01   1.0000000e+00
   2.3100000e+00   7.0780351e-01   1.0000000e+00
   2.3300000e+00   7.0516111e-01   1.0000000e+00
   2.3500000e+00   7.0303834e-01   1.0000000e+00
   2.3700000e+00   7.0143521e-01   1.0000000e+00
   2.3900000e+00   6.9939963e-01   1.0000000e+00
   2.4100000e+00   6.9747097e-01   1.0000000e+00
   2.4300000e+00   6.9564926e-01   1.0000000e+00
   2.4500000e+00   6.9424525e-01   1.0000000e+00
   2.4700000e+00   6.9296764e-01   1.0000000e+00
   2.4900000e+00   6.9181643e-01   1.0000000e+00
   2.5100000e+00   6.9021329e-01   1.0000000e+00
   2.5300000e+00   6.8911034e-01   1.0000000e+00
   2.5500000e+00   6.8850755e-01   1.0000000e+00
   2.5700000e+00   6.8682265e-01   1.0000000e+00
   2.5900000e+00   6.8531171e-01   1.0000000e+00
   2.6100000e+00   6.8397473e-01   1.0000000e+00
   2.6300000e+00   6.8283964e-01   1.0000000e+00
   2.6500000e+00   6.8093615e-01   1.0000000e+00
   2.6700000e+00   6.7826426e-01   1.0000000e+00
   2.6900000e+00   6.7559238e-01   1.0000000e+00
   2.7100000e+00   6.7314611e-01   1.0000000e+00
   2.7300000e+00   6.7092545e-01   1.0000000e+00
   2.7500000e+00   6.6711513e-01   1.0000000e+00
   2.7700000e+00   6.6345897e-01   1.0000000e+00
   2.7900000e+00   6.5995696e-01   1.0000000e+00
