   6.0000000e-01   9.2300537e-01   0.0000000e+00
   6.2000000e-01   9.0070503e-01   0.0000000e+00
   6.4000000e-01   8.7713278e-01   0.0000000e+00
   6.6000000e-01   8.5228862e-01   0.0000000e+00
   6.8000000e-01   8.2396664e-01   0.0000000e+00
   7.0000000e-01   7.9996960e-01   0.0000000e+00
   7.2000000e-01   7.8029750e-01   0.0000000e+00
   7.4000000e-01   7.5908135e-01   0.0000000e+00
   7.6000000e-01   7.3931441e-01   0.0000000e+00
   7.8000000e-01   7.2099669e-01   0.0000000e+00
   8.0000000e-01   7.0913513e-01   0.0000000e+00
   8.2000000e-01   6.9705902e-01   0.0000000e+00
   8.4000000e-01   6.8476834e-01   0.0000000e+00
   8.6000000e-01   6.7456957e-01   0.0000000e+00
   8.8000000e-01   6.6520623e-01   0.0000000e+00
   9.0000000e-01   6.5667831e-01   0.0000000e+00
   9.2000000e-01   6.4866266e-01   0.0000000e+00
   9.4000000e-01   6.4073349e-01   0.0000000e+00
   9.6000000e-01   6.3289082e-01   0.0000000e+00
   9.8000000e-01   6.2546586e-01   0.0000000e+00
   1.0000000e+00   6.1827993e-01   0.0000000e+00
   1.0200000e+00   6.1133302e-01   0.0000000e+00
   1.0400000e+00   6.0486015e-01   0.0000000e+00
   1.0600000e+00   5.9859614e-01   0.0000000e+00
   1.0800000e+00   5.9254098e-01   0.0000000e+00
   1.1000000e+00   5.8642213e-01   0.0000000e+00
   1.1200000e+00   5.8021846e-01   0.0000000e+00
   1.1400000e+00   5.7392997e-01   0.0000000e+00
   1.1600000e+00   5.6805920e-01   0.0000000e+00
   1.1800000e+00   5.6245192e-01   0.0000000e+00
   1.2000000e+00   5.5710815e-01   0.0000000e+00
   1.2200000e+00   5.5218947e-01   0.0000000e+00
   1.2400000e+00   5.4732543e-01   0.0000000e+00
   1.2600000e+00   5.4251603e-01   0.0000000e+00
   1.2800000e+00   5.3789839e-01   0.0000000e+00
   1.3000000e+00   5.3348961e-01   0.0000000e+00
   1.3200000e+00   5.2928968e-01   0.0000000e+00
   1.3400000e+00   5.2554904e-01   0.0000000e+00
   1.3600000e+00   5.2156200e-01   0.0000000e+00
   1.3800000e+00   5.1732856e-01   0.0000000e+00
   1.4000000e+00   5.1418196e-01   0.0000000e+00
   1.4200000e+00   5.1114298e-01   0.0000000e+00
   1.4400000e+00   5.0821162e-01   0.0000000e+00
   1.4600000e+00   5.0514817e-01   0.0000000e+00
   1.4800000e+00   5.0226742e-01   0.0000000e+00
   1.5000000e+00   4.9956939e-01   0.0000000e+00
   1.5200000e+00   4.9636313e-01   0.0000000e+00
   1.5400000e+00   4.9360073e-01   0.0000000e+00
   1.5600000e+00   4.9128218e-01   0.0000000e+00
   1.5800000e+00   4.8881748e-01   0.0000000e+00
   1.6000000e+00   4.8635445e-01   0.0000000e+00
   1.6200000e+00   4.8389309e-01   0.0000000e+00
   1.6400000e+00   4.8166172e-01   0.0000000e+00
   1.6600000e+00   4.7921009e-01   0.0000000e+00
   1.6800000e+00   4.7653821e-01   0.0000000e+00
   1.7000000e+00   4.7540104e-01   0.0000000e+00
   1.7200000e+00   4.7410063e-01   0.0000000e+00
   1.7400000e+00   4.7263697e-01   0.0000000e+00
   1.7600000e+00   4.7075559e-01   0.0000000e+00
   1.7800000e+00   4.6890773e-01   0.0000000e+00
   1.8000000e+00   4.6709338e-01   0.0000000e+00
   1.8200000e+00   4.6602463e-01   0.0000000e+00
   1.8400000e+00   4.6495588e-01   0.0000000e+00
   1.8600000e+00   4.6388712e-01   0.0000000e+00
   1.8800000e+00   4.6189311e-01   0.0000000e+00
   1.9000000e+00   4.6017331e-01   0.0000000e+00
   1.9200000e+00   4.5872773e-01   0.0000000e+00
   1.9400000e+00   4.5765898e-01   0.0000000e+00
   1.9600000e+00   4.5664654e-01   0.0000000e+00
   1.9800000e+00   4.5569042e-01   0.0000000e+00
   2.0000000e+00   4.5515605e-01   0.0000000e+00
   2.0200000e+00   4.5435650e-01   0.0000000e+00
   2.0400000e+00   4.5329177e-01   0.0000000e+00
   2.0600000e+00   4.5222302e-01   0.0000000e+00
   2.0800000e+00   4.5115426e-01   0.0000000e+00
   2.1000000e+00   4.5008551e-01   0.0000000e+00
   2.1200000e+00   4.4901675e-01   0.0000000e+00
   2.1400000e+00   4.4794800e-01   0.0000000e+00
   2.1600000e+00   4.4687925e-01   0.0000000e+00
   2.1800000e+00   4.4581049e-01   0.0000000e+00
   2.2000000e+00   4.4474174e-01   0.0000000e+00
   2.2200000e+00   4.4367298e-01   0.0000000e+00
   2.2400000e+00   4.4223949e-01   0.0000000e+00
   2.2600000e+00   4.4084522e-01   0.0000000e+00
   2.2800000e+00   4.3949016e-01   0.0000000e+00
   2.3000000e+00   4.3842141e-01   0.0000000e+00
   2.3200000e+00   4.3735265e-01   0.0000000e+00
   2.3400000e+00   4.3628390e-01   0.0000000e+00
   2.3600000e+00   4.3521514e-01   0.0000000e+00
   2.3800000e+00   4.3414639e-01   0.0000000e+00
   2.4000000e+00   4.3307764e-01   0.0000000e+00
   2.4200000e+00   4.3232467e-01   0.0000000e+00
   2.4400000e+00   4.3158144e-01   0.0000000e+00
   2.4600000e+00   4.3084794e-01   0.0000000e+00
   2.4800000e+00   4.2977918e-01   0.0000000e+00
   2.5000000e+00   4.2871043e-01   0.0000000e+00
   2.5200000e+00   4.2764167e-01   0.0000000e+00
   2.5400000e+00   4.2757327e-01   0.0000000e+00
   2.5600000e+00   4.2715555e-01   0.0000000e+00
   2.5800000e+00   4.2638854e-01   0.0000000e+00
   2.6000000e+00   4.2558663e-01   0.0000000e+00
   2.6200000e+00   4.2491848e-01   0.0000000e+00
   2.6400000e+00   4.2438411e-01   0.0000000e+00
   2.6600000e+00   4.2388324e-01   0.0000000e+00
   2.6800000e+00   4.2363281e-01   0.0000000e+00
   2.7000000e+00   4.2363281e-01   0.0000000e+00
   2.7200000e+00   4.2273036e-01   0.0000000e+00
   2.7400000e+00   4.2191204e-01   0.0000000e+00
   2.7600000e+00   4.2117784e-01   0.0000000e+00
   2.7800000e+00   4.2064347e-01   0.0000000e+00
   2.8000000e+00   4.2010909e-01   0.0000000e+00
   2.8200000e+00   4.1957471e-01   0.0000000e+00
   2.8400000e+00   4.1904034e-01   0.0000000e+00
   2.8600000e+00   4.1850596e-01   0.0000000e+00
   2.8800000e+00   4.1797158e-01   0.0000000e+00
   2.9000000e+00   4.1783949e-01   0.0000000e+00
   2.9200000e+00   4.1748782e-01   0.0000000e+00
   2.9400000e+00   4.1691659e-01   0.0000000e+00
   2.9600000e+00   4.1601679e-01   0.0000000e+00
   2.9800000e+00   4.1529970e-01   0.0000000e+00
   3.0000000e+00   4.1476532e-01   0.0000000e+00
   3.0200000e+00   4.1423094e-01   0.0000000e+00
   3.0400000e+00   4.1346157e-01   0.0000000e+00
   3.0600000e+00   4.1245719e-01   0.0000000e+00
   3.0800000e+00   4.1138843e-01   0.0000000e+00
   3.1000000e+00   4.1043802e-01   0.0000000e+00
   3.1200000e+00   4.0960593e-01   0.0000000e+00
   3.1400000e+00   4.0907155e-01   0.0000000e+00
   3.1600000e+00   4.0853551e-01   0.0000000e+00
   3.1800000e+00   4.0799779e-01   0.0000000e+00
   3.2000000e+00   4.0692903e-01   0.0000000e+00
   3.2200000e+00   4.0586028e-01   0.0000000e+00
   3.2400000e+00   4.0479153e-01   0.0000000e+00
   3.2600000e+00   4.0372277e-01   0.0000000e+00
   3.2800000e+00   4.0274788e-01   0.0000000e+00
   3.3000000e+00   4.0186685e-01   0.0000000e+00
   3.3200000e+00   4.0126141e-01   0.0000000e+00
   3.3400000e+00   4.0042432e-01   0.0000000e+00
   3.3600000e+00   3.9935557e-01   0.0000000e+00
   3.3800000e+00   3.9828681e-01   0.0000000e+00
   3.4000000e+00   3.9740411e-01   0.0000000e+00
   3.4200000e+00   3.9670746e-01   0.0000000e+00
   3.4400000e+00   3.9591764e-01   0.0000000e+00
   3.4600000e+00   3.9498836e-01   0.0000000e+00
   3.4800000e+00   3.9391960e-01   0.0000000e+00
   3.5000000e+00   3.9285085e-01   0.0000000e+00
   3.5200000e+00   3.9178209e-01   0.0000000e+00
   3.5400000e+00   3.9071334e-01   0.0000000e+00
   3.5600000e+00   3.9008441e-01   0.0000000e+00
   3.5800000e+00   3.8950276e-01   0.0000000e+00
   3.6000000e+00   3.8896838e-01   0.0000000e+00
   3.6200000e+00   3.8843401e-01   0.0000000e+00
   3.6400000e+00   3.8794455e-01   0.0000000e+00
   3.6600000e+00   3.8750000e-01   0.0000000e+00
   3.6800000e+00   3.8750000e-01   0.0000000e+00
   3.7000000e+00   3.8699246e-01   0.0000000e+00
   3.7200000e+00   3.8597737e-01   0.0000000e+00
   3.7400000e+00   3.8569037e-01   0.0000000e+00
   3.7600000e+00   3.8554688e-01   0.0000000e+00
   3.7800000e+00   3.8554688e-01   0.0000000e+00
   2.0100000e+00   7.0001813e-01   1.0000000e+00
   2.0300000e+00   6.9841500e-01   1.0000000e+00
   2.0500000e+00   6.9681187e-01   1.0000000e+00
   2.0700000e+00   6.9520874e-01   1.0000000e+00
   2.0900000e+00   6.9360561e-01   1.0000000e+00
   2.1100000e+00   6.9191230e-01   1.0000000e+00
   2.1300000e+00   6.9012882e-01   1.0000000e+00
   2.1500000e+00   6.8792762e-01   1.0000000e+00
   2.1700000e+00   6.8549108e-01   1.0000000e+00
   2.1900000e+00   6.8281920e-01   1.0000000e+00
   2.2100000e+00   6.8111011e-01   1.0000000e+00
   2.2300000e+00   6.7927164e-01   1.0000000e+00
   2.2500000e+00   6.7730377e-01   1.0000000e+00
   2.2700000e+00   6.7541433e-01   1.0000000e+00
   2.2900000e+00   6.7373375e-01   1.0000000e+00
   2.3100000e+00   6.7226203e-01   1.0000000e+00
   2.3300000e+00   6.7119328e-01   1.0000000e+00
   2.3500000e+00   6.7012452e-01   1.0000000e+00
   2.3700000e+00   6.6905577e-01   1.0000000e+00
   2.3900000e+00   6.6712210e-01   1.0000000e+00
   2.4100000e+00   6.6540231e-01   1.0000000e+00
   2.4300000e+00   6.6389638e-01   1.0000000e+00
   2.4500000e+00   6.6242937e-01   1.0000000e+00
   2.4700000e+00   6.6062712e-01   1.0000000e+00
   2.4900000e+00   6.5848961e-01   1.0000000e+00
   2.5100000e+00   6.5635210e-01   1.0000000e+00
   2.5300000e+00   6.5446468e-01   1.0000000e+00
   2.5500000e+00   6.5282735e-01   1.0000000e+00
   2.5700000e+00   6.5084071e-01   1.0000000e+00
   2.5900000e+00   6.4891205e-01   1.0000000e+00
   2.6100000e+00   6.4704139e-01   1.0000000e+00
   2.6300000e+00   6.4528808e-01   1.0000000e+00
   2.6500000e+00   6.4337618e-01   1.0000000e+00
   2.6700000e+00   6.4130571e-01   1.0000000e+00
   2.6900000e+00   6.4023695e-01   1.0000000e+00
