   6.0000000e-01   9.2552874e-01   0.0000000e+00
   6.2000000e-01   9.0284824e-01   0.0000000e+00
   6.4000000e-01   8.7912345e-01   0.0000000e+00
   6.6000000e-01   8.5435438e-01   0.0000000e+00
   6.8000000e-01   8.2710115e-01   0.0000000e+00
   7.0000000e-01   8.0394524e-01   0.0000000e+00
   7.2000000e-01   7.8488664e-01   0.0000000e+00
   7.4000000e-01   7.6352768e-01   0.0000000e+00
   7.6000000e-01   7.4320022e-01   0.0000000e+00
   7.8000000e-01   7.2390426e-01   0.0000000e+00
   8.0000000e-01   7.1065010e-01   0.0000000e+00
   8.2000000e-01   6.9761049e-01   0.0000000e+00
   8.4000000e-01   6.8478544e-01   0.0000000e+00
   8.6000000e-01   6.7457527e-01   0.0000000e+00
   8.8000000e-01   6.6500307e-01   0.0000000e+00
   9.0000000e-01   6.5606884e-01   0.0000000e+00
   9.2000000e-01   6.4809810e-01   0.0000000e+00
   9.4000000e-01   6.4028560e-01   0.0000000e+00
   9.6000000e-01   6.3263134e-01   0.0000000e+00
   9.8000000e-01   6.2478464e-01   0.0000000e+00
   1.0000000e+00   6.1765503e-01   0.0000000e+00
   1.0200000e+00   6.1124250e-01   0.0000000e+00
   1.0400000e+00   6.0482998e-01   0.0000000e+00
   1.0600000e+00   5.9859614e-01   0.0000000e+00
   1.0800000e+00   5.9254098e-01   0.0000000e+00
   1.1000000e+00   5.8642213e-01   0.0000000e+00
   1.1200000e+00   5.8021846e-01   0.0000000e+00
   1.1400000e+00   5.7392997e-01   0.0000000e+00
   1.1600000e+00   5.6805920e-01   0.0000000e+00
   1.1800000e+00   5.6245192e-01   0.0000000e+00
   1.2000000e+00   5.5710815e-01   0.0000000e+00
   1.2200000e+00   5.5218947e-01   0.0000000e+00
   1.2400000e+00   5.4747963e-01   0.0000000e+00
   1.2600000e+00   5.4297866e-01   0.0000000e+00
   1.2800000e+00   5.3851189e-01   0.0000000e+00
   1.3000000e+00   5.3391135e-01   0.0000000e+00
   1.3200000e+00   5.2917705e-01   0.0000000e+00
   1.3400000e+00   5.2490203e-01   0.0000000e+00
   1.3600000e+00   5.2087342e-01   0.0000000e+00
   1.3800000e+00   5.1709120e-01   0.0000000e+00
   1.4000000e+00   5.1410284e-01   0.0000000e+00
   1.4200000e+00   5.1114298e-01   0.0000000e+00
   1.4400000e+00   5.0821162e-01   0.0000000e+00
   1.4600000e+00   5.0514817e-01   0.0000000e+00
   1.4800000e+00   5.0226742e-01   0.0000000e+00
   1.5000000e+00   4.9956939e-01   0.0000000e+00
   1.5200000e+00   4.9636313e-01   0.0000000e+00
   1.5400000e+00   4.9337880e-01   0.0000000e+00
   1.5600000e+00   4.9061639e-01   0.0000000e+00
   1.5800000e+00   4.8827170e-01   0.0000000e+00
   1.6000000e+00   4.8592533e-01   0.0000000e+00
   1.6200000e+00   4.8357730e-01   0.0000000e+00
   1.6400000e+00   4.8109314e-01   0.0000000e+00
   1.6600000e+00   4.7904949e-01   0.0000000e+00
   1.6800000e+00   4.7744636e-01   0.0000000e+00
   1.7000000e+00   4.7584323e-01   0.0000000e+00
   1.7200000e+00   4.7424010e-01   0.0000000e+00
   1.7400000e+00   4.7263697e-01   0.0000000e+00
   1.7600000e+00   4.7131208e-01   0.0000000e+00
   1.7800000e+00   4.7003447e-01   0.0000000e+00
   1.8000000e+00   4.6880414e-01   0.0000000e+00
   1.8200000e+00   4.6724592e-01   0.0000000e+00
   1.8400000e+00   4.6593244e-01   0.0000000e+00
   1.8600000e+00   4.6486368e-01   0.0000000e+00
   1.8800000e+00   4.6333230e-01   0.0000000e+00
   1.9000000e+00   4.6193803e-01   0.0000000e+00
   1.9200000e+00   4.6068086e-01   0.0000000e+00
   1.9400000e+00   4.5961210e-01   0.0000000e+00
   1.9600000e+00   4.5854335e-01   0.0000000e+00
   1.9800000e+00   4.5747460e-01   0.0000000e+00
   2.0000000e+00   4.5640584e-01   0.0000000e+00
   2.0200000e+00   4.5560226e-01   0.0000000e+00
   2.0400000e+00   4.5506386e-01   0.0000000e+00
   2.0600000e+00   4.5411580e-01   0.0000000e+00
   2.0800000e+00   4.5310739e-01   0.0000000e+00
   2.1000000e+00   4.5203863e-01   0.0000000e+00
   2.1200000e+00   4.5096988e-01   0.0000000e+00
   2.1400000e+00   4.4993297e-01   0.0000000e+00
   2.1600000e+00   4.4892791e-01   0.0000000e+00
   2.1800000e+00   4.4839353e-01   0.0000000e+00
   2.2000000e+00   4.4761845e-01   0.0000000e+00
   2.2200000e+00   4.4660267e-01   0.0000000e+00
   2.2400000e+00   4.4553392e-01   0.0000000e+00
   2.2600000e+00   4.4434113e-01   0.0000000e+00
   2.2800000e+00   4.4302430e-01   0.0000000e+00
   2.3000000e+00   4.4155258e-01   0.0000000e+00
   2.3200000e+00   4.4027497e-01   0.0000000e+00
   2.3400000e+00   4.3919147e-01   0.0000000e+00
   2.3600000e+00   4.3758834e-01   0.0000000e+00
   2.3800000e+00   4.3620144e-01   0.0000000e+00
   2.4000000e+00   4.3503076e-01   0.0000000e+00
   2.4200000e+00   4.3396201e-01   0.0000000e+00
   2.4400000e+00   4.3299282e-01   0.0000000e+00
   2.4600000e+00   4.3212319e-01   0.0000000e+00
   2.4800000e+00   4.3150635e-01   0.0000000e+00
   2.5000000e+00   4.3066355e-01   0.0000000e+00
   2.5200000e+00   4.2959480e-01   0.0000000e+00
   2.5400000e+00   4.2902622e-01   0.0000000e+00
   2.5600000e+00   4.2847474e-01   0.0000000e+00
   2.5800000e+00   4.2794036e-01   0.0000000e+00
   2.6000000e+00   4.2713914e-01   0.0000000e+00
   2.6200000e+00   4.2627924e-01   0.0000000e+00
   2.6400000e+00   4.2536067e-01   0.0000000e+00
   2.6600000e+00   4.2485981e-01   0.0000000e+00
   2.6800000e+00   4.2460938e-01   0.0000000e+00
   2.7000000e+00   4.2460938e-01   0.0000000e+00
   2.7200000e+00   4.2415815e-01   0.0000000e+00
   2.7400000e+00   4.2349806e-01   0.0000000e+00
   2.7600000e+00   4.2262912e-01   0.0000000e+00
   2.7800000e+00   4.2177827e-01   0.0000000e+00
   2.8000000e+00   4.2108565e-01   0.0000000e+00
   2.8200000e+00   4.2055128e-01   0.0000000e+00
   2.8400000e+00   4.2001690e-01   0.0000000e+00
   2.8600000e+00   4.1922305e-01   0.0000000e+00
   2.8800000e+00   4.1816973e-01   0.0000000e+00
   2.9000000e+00   4.1710097e-01   0.0000000e+00
   2.9200000e+00   4.1631783e-01   0.0000000e+00
   2.9400000e+00   4.1582031e-01   0.0000000e+00
   2.9600000e+00   4.1548241e-01   0.0000000e+00
   2.9800000e+00   4.1477908e-01   0.0000000e+00
   3.0000000e+00   4.1371033e-01   0.0000000e+00
   3.0200000e+00   4.1264157e-01   0.0000000e+00
   3.0400000e+00   4.1157282e-01   0.0000000e+00
   3.0600000e+00   4.1050406e-01   0.0000000e+00
   3.0800000e+00   4.0978864e-01   0.0000000e+00
   3.1000000e+00   4.0904541e-01   0.0000000e+00
   3.1200000e+00   4.0827436e-01   0.0000000e+00
   3.1400000e+00   4.0720561e-01   0.0000000e+00
   3.1600000e+00   4.0613853e-01   0.0000000e+00
   3.1800000e+00   4.0507311e-01   0.0000000e+00
   3.2000000e+00   4.0453874e-01   0.0000000e+00
   3.2200000e+00   4.0358331e-01   0.0000000e+00
   3.2400000e+00   4.0220682e-01   0.0000000e+00
   3.2600000e+00   4.0090808e-01   0.0000000e+00
   3.2800000e+00   3.9991206e-01   0.0000000e+00
   3.3000000e+00   3.9921875e-01   0.0000000e+00
   3.3200000e+00   3.9907663e-01   0.0000000e+00
   3.3400000e+00   3.9847119e-01   0.0000000e+00
   3.3600000e+00   3.9740244e-01   0.0000000e+00
   3.3800000e+00   3.9584491e-01   0.0000000e+00
   3.4000000e+00   3.9445064e-01   0.0000000e+00
   3.4200000e+00   3.9321961e-01   0.0000000e+00
   3.4400000e+00   3.9215086e-01   0.0000000e+00
   3.4600000e+00   3.9122089e-01   0.0000000e+00
   3.4800000e+00   3.9042969e-01   0.0000000e+00
   3.5000000e+00   3.9036335e-01   0.0000000e+00
   3.5200000e+00   3.8952861e-01   0.0000000e+00
   3.5400000e+00   3.8792548e-01   0.0000000e+00
   3.5600000e+00   3.8720200e-01   0.0000000e+00
   3.5800000e+00   3.8657307e-01   0.0000000e+00
   3.6000000e+00   3.8603870e-01   0.0000000e+00
   3.6200000e+00   3.8529782e-01   0.0000000e+00
   3.6400000e+00   3.8448284e-01   0.0000000e+00
   3.6600000e+00   3.8359375e-01   0.0000000e+00
   3.6800000e+00   3.8359375e-01   0.0000000e+00
   3.7000000e+00   3.8359375e-01   0.0000000e+00
   3.7200000e+00   3.8359375e-01   0.0000000e+00
   3.7400000e+00   3.8359375e-01   0.0000000e+00
   3.7600000e+00   3.8345664e-01   0.0000000e+00
   3.7800000e+00   3.8318243e-01   0.0000000e+00
   3.8000000e+00   3.8312070e-01   0.0000000e+00
   2.0100000e+00   7.0686012e-01   1.0000000e+00
   2.0300000e+00   7.0472261e-01   1.0000000e+00
   2.0500000e+00   7.0217142e-01   1.0000000e+00
   2.0700000e+00   6.9920655e-01   1.0000000e+00
   2.0900000e+00   6.9659432e-01   1.0000000e+00
   2.1100000e+00   6.9421945e-01   1.0000000e+00
   2.1300000e+00   6.9208194e-01   1.0000000e+00
   2.1500000e+00   6.9000812e-01   1.0000000e+00
   2.1700000e+00   6.8816965e-01   1.0000000e+00
   2.1900000e+00   6.8656652e-01   1.0000000e+00
   2.2100000e+00   6.8448199e-01   1.0000000e+00
   2.2300000e+00   6.8255333e-01   1.0000000e+00
   2.2500000e+00   6.8078056e-01   1.0000000e+00
   2.2700000e+00   6.7942550e-01   1.0000000e+00
   2.2900000e+00   6.7814789e-01   1.0000000e+00
   2.3100000e+00   6.7694773e-01   1.0000000e+00
   2.3300000e+00   6.7537408e-01   1.0000000e+00
   2.3500000e+00   6.7432007e-01   1.0000000e+00
   2.3700000e+00   6.7378570e-01   1.0000000e+00
   2.3900000e+00   6.7238641e-01   1.0000000e+00
   2.4100000e+00   6.7120099e-01   1.0000000e+00
   2.4300000e+00   6.7022944e-01   1.0000000e+00
   2.4500000e+00   6.6929681e-01   1.0000000e+00
   2.4700000e+00   6.6802893e-01   1.0000000e+00
   2.4900000e+00   6.6642580e-01   1.0000000e+00
   2.5100000e+00   6.6482267e-01   1.0000000e+00
   2.5300000e+00   6.6346963e-01   1.0000000e+00
   2.5500000e+00   6.6236667e-01   1.0000000e+00
   2.5700000e+00   6.6091441e-01   1.0000000e+00
   2.5900000e+00   6.5925329e-01   1.0000000e+00
   2.6100000e+00   6.5738331e-01   1.0000000e+00
   2.6300000e+00   6.5479526e-01   1.0000000e+00
   2.6500000e+00   6.5166444e-01   1.0000000e+00
   2.6700000e+00   6.4799083e-01   1.0000000e+00
   2.6900000e+00   6.4531894e-01   1.0000000e+00
