   6.0000000e-01   9.6832647e-01   0.0000000e+00
   6.2000000e-01   9.5065989e-01   0.0000000e+00
   6.4000000e-01   9.2903910e-01   0.0000000e+00
   6.6000000e-01   9.0346409e-01   0.0000000e+00
   6.8000000e-01   8.7888275e-01   0.0000000e+00
   7.0000000e-01   8.5430141e-01   0.0000000e+00
   7.2000000e-01   8.2972006e-01   0.0000000e+00
   7.4000000e-01   8.0547731e-01   0.0000000e+00
   7.6000000e-01   7.8410655e-01   0.0000000e+00
   7.8000000e-01   7.6560779e-01   0.0000000e+00
   8.0000000e-01   7.5355182e-01   0.0000000e+00
   8.2000000e-01   7.3870662e-01   0.0000000e+00
   8.4000000e-01   7.2107217e-01   0.0000000e+00
   8.6000000e-01   7.0657559e-01   0.0000000e+00
   8.8000000e-01   6.9292583e-01   0.0000000e+00
   9.0000000e-01   6.8012289e-01   0.0000000e+00
   9.2000000e-01   6.6985974e-01   0.0000000e+00
   9.4000000e-01   6.6053965e-01   0.0000000e+00
   9.6000000e-01   6.5216259e-01   0.0000000e+00
   9.8000000e-01   6.4425957e-01   0.0000000e+00
   1.0000000e+00   6.3683461e-01   0.0000000e+00
   1.0200000e+00   6.2988771e-01   0.0000000e+00
   1.0400000e+00   6.2246678e-01   0.0000000e+00
   1.0600000e+00   6.1590909e-01   0.0000000e+00
   1.0800000e+00   6.1021463e-01   0.0000000e+00
   1.1000000e+00   6.0468314e-01   0.0000000e+00
   1.1200000e+00   5.9877315e-01   0.0000000e+00
   1.1400000e+00   5.9248466e-01   0.0000000e+00
   1.1600000e+00   5.8661388e-01   0.0000000e+00
   1.1800000e+00   5.8100661e-01   0.0000000e+00
   1.2000000e+00   5.7566284e-01   0.0000000e+00
   1.2200000e+00   5.7031907e-01   0.0000000e+00
   1.2400000e+00   5.6512951e-01   0.0000000e+00
   1.2600000e+00   5.6009416e-01   0.0000000e+00
   1.2800000e+00   5.5509301e-01   0.0000000e+00
   1.3000000e+00   5.4992055e-01   0.0000000e+00
   1.3200000e+00   5.4457678e-01   0.0000000e+00
   1.3400000e+00   5.3923301e-01   0.0000000e+00
   1.3600000e+00   5.3413564e-01   0.0000000e+00
   1.3800000e+00   5.2928467e-01   0.0000000e+00
   1.4000000e+00   5.2485142e-01   0.0000000e+00
   1.4200000e+00   5.2062702e-01   0.0000000e+00
   1.4400000e+00   5.1661147e-01   0.0000000e+00
   1.4600000e+00   5.1272803e-01   0.0000000e+00
   1.4800000e+00   5.0866186e-01   0.0000000e+00
   1.5000000e+00   5.0441299e-01   0.0000000e+00
   1.5200000e+00   5.0067235e-01   0.0000000e+00
   1.5400000e+00   4.9737557e-01   0.0000000e+00
   1.5600000e+00   4.9452264e-01   0.0000000e+00
   1.5800000e+00   4.9152357e-01   0.0000000e+00
   1.6000000e+00   4.8852616e-01   0.0000000e+00
   1.6200000e+00   4.8553042e-01   0.0000000e+00
   1.6400000e+00   4.8285854e-01   0.0000000e+00
   1.6600000e+00   4.8018665e-01   0.0000000e+00
   1.6800000e+00   4.7751477e-01   0.0000000e+00
   1.7000000e+00   4.7535446e-01   0.0000000e+00
   1.7200000e+00   4.7340300e-01   0.0000000e+00
   1.7400000e+00   4.7166041e-01   0.0000000e+00
   1.7600000e+00   4.7005727e-01   0.0000000e+00
   1.7800000e+00   4.6837335e-01   0.0000000e+00
   1.8000000e+00   4.6660864e-01   0.0000000e+00
   1.8200000e+00   4.6460588e-01   0.0000000e+00
   1.8400000e+00   4.6333731e-01   0.0000000e+00
   1.8600000e+00   4.6280293e-01   0.0000000e+00
   1.8800000e+00   4.6134330e-01   0.0000000e+00
   1.9000000e+00   4.6015788e-01   0.0000000e+00
   1.9200000e+00   4.5924668e-01   0.0000000e+00
   1.9400000e+00   4.5848300e-01   0.0000000e+00
   1.9600000e+00   4.5756679e-01   0.0000000e+00
   1.9800000e+00   4.5649803e-01   0.0000000e+00
   2.0000000e+00   4.5542928e-01   0.0000000e+00
   2.0200000e+00   4.5436053e-01   0.0000000e+00
   2.0400000e+00   4.5329177e-01   0.0000000e+00
   2.0600000e+00   4.5222302e-01   0.0000000e+00
   2.0800000e+00   4.5100576e-01   0.0000000e+00
   2.1000000e+00   4.4963998e-01   0.0000000e+00
   2.1200000e+00   4.4857791e-01   0.0000000e+00
   2.1400000e+00   4.4791950e-01   0.0000000e+00
   2.1600000e+00   4.4766474e-01   0.0000000e+00
   2.1800000e+00   4.4552724e-01   0.0000000e+00
   2.2000000e+00   4.4387113e-01   0.0000000e+00
   2.2200000e+00   4.4269642e-01   0.0000000e+00
   2.2400000e+00   4.4126293e-01   0.0000000e+00
   2.2600000e+00   4.3974462e-01   0.0000000e+00
   2.2800000e+00   4.3814149e-01   0.0000000e+00
   2.3000000e+00   4.3666977e-01   0.0000000e+00
   2.3200000e+00   4.3539953e-01   0.0000000e+00
   2.3400000e+00   4.3433077e-01   0.0000000e+00
   2.3600000e+00   4.3326202e-01   0.0000000e+00
   2.3800000e+00   4.3176081e-01   0.0000000e+00
   2.4000000e+00   4.2982715e-01   0.0000000e+00
   2.4200000e+00   4.2863701e-01   0.0000000e+00
   2.4400000e+00   4.2757563e-01   0.0000000e+00
   2.4600000e+00   4.2664300e-01   0.0000000e+00
   2.4800000e+00   4.2520479e-01   0.0000000e+00
   2.5000000e+00   4.2421850e-01   0.0000000e+00
   2.5200000e+00   4.2368412e-01   0.0000000e+00
   2.5400000e+00   4.2264957e-01   0.0000000e+00
   2.5600000e+00   4.2178967e-01   0.0000000e+00
   2.5800000e+00   4.2110443e-01   0.0000000e+00
   2.6000000e+00   4.2030320e-01   0.0000000e+00
   2.6200000e+00   4.1936822e-01   0.0000000e+00
   2.6400000e+00   4.1829946e-01   0.0000000e+00
   2.6600000e+00   4.1726422e-01   0.0000000e+00
   2.6800000e+00   4.1647941e-01   0.0000000e+00
   2.7000000e+00   4.1594504e-01   0.0000000e+00
   2.7200000e+00   4.1586189e-01   0.0000000e+00
   2.7400000e+00   4.1565303e-01   0.0000000e+00
   2.7600000e+00   4.1531847e-01   0.0000000e+00
   2.7800000e+00   4.1500199e-01   0.0000000e+00
   2.8000000e+00   4.1484375e-01   0.0000000e+00
   2.8200000e+00   4.1484375e-01   0.0000000e+00
   2.8400000e+00   4.1484375e-01   0.0000000e+00
   2.8600000e+00   4.1484375e-01   0.0000000e+00
   2.8800000e+00   4.1484375e-01   0.0000000e+00
   2.9000000e+00   4.1484375e-01   0.0000000e+00
   2.9200000e+00   4.1484375e-01   0.0000000e+00
   2.9400000e+00   4.1484375e-01   0.0000000e+00
   2.9600000e+00   4.1484375e-01   0.0000000e+00
   2.9800000e+00   4.1484375e-01   0.0000000e+00
   3.0000000e+00   4.1484375e-01   0.0000000e+00
   3.0200000e+00   4.1484375e-01   0.0000000e+00
   3.0400000e+00   4.1484375e-01   0.0000000e+00
   3.0600000e+00   4.1484375e-01   0.0000000e+00
   3.0800000e+00   4.1484375e-01   0.0000000e+00
   3.1000000e+00   4.1460708e-01   0.0000000e+00
   3.1200000e+00   4.1413374e-01   0.0000000e+00
   3.1400000e+00   4.1306498e-01   0.0000000e+00
   3.1600000e+00   4.1199623e-01   0.0000000e+00
   3.1800000e+00   4.1092748e-01   0.0000000e+00
   3.2000000e+00   4.0985872e-01   0.0000000e+00
   3.2200000e+00   4.0878997e-01   0.0000000e+00
   3.2400000e+00   4.0772122e-01   0.0000000e+00
   3.2600000e+00   4.0695685e-01   0.0000000e+00
   3.2800000e+00   4.0630748e-01   0.0000000e+00
   3.3000000e+00   4.0577310e-01   0.0000000e+00
   3.3200000e+00   4.0523872e-01   0.0000000e+00
   3.3400000e+00   4.0470435e-01   0.0000000e+00
   3.3600000e+00   4.0416997e-01   0.0000000e+00
