   6.0000000e-01   9.5367804e-01   0.0000000e+00
   6.2000000e-01   9.3693671e-01   0.0000000e+00
   6.4000000e-01   9.1740045e-01   0.0000000e+00
   6.6000000e-01   8.9506925e-01   0.0000000e+00
   6.8000000e-01   8.7422855e-01   0.0000000e+00
   7.0000000e-01   8.5316021e-01   0.0000000e+00
   7.2000000e-01   8.3186425e-01   0.0000000e+00
   7.4000000e-01   8.1353650e-01   0.0000000e+00
   7.6000000e-01   7.9731039e-01   0.0000000e+00
   7.8000000e-01   7.8318591e-01   0.0000000e+00
   8.0000000e-01   7.7228784e-01   0.0000000e+00
   8.2000000e-01   7.6096066e-01   0.0000000e+00
   8.4000000e-01   7.4920437e-01   0.0000000e+00
   8.6000000e-01   7.4058593e-01   0.0000000e+00
   8.8000000e-01   7.3261116e-01   0.0000000e+00
   9.0000000e-01   7.2528006e-01   0.0000000e+00
   9.2000000e-01   7.1862280e-01   0.0000000e+00
   9.4000000e-01   7.1234739e-01   0.0000000e+00
   9.6000000e-01   7.0645381e-01   0.0000000e+00
   9.8000000e-01   7.0158810e-01   0.0000000e+00
   1.0000000e+00   6.9648336e-01   0.0000000e+00
   1.0200000e+00   6.9113959e-01   0.0000000e+00
   1.0400000e+00   6.8626984e-01   0.0000000e+00
   1.0600000e+00   6.8143028e-01   0.0000000e+00
   1.0800000e+00   6.7662088e-01   0.0000000e+00
   1.1000000e+00   6.7229289e-01   0.0000000e+00
   1.1200000e+00   6.6819656e-01   0.0000000e+00
   1.1400000e+00   6.6433188e-01   0.0000000e+00
   1.1600000e+00   6.6005687e-01   0.0000000e+00
   1.1800000e+00   6.5578185e-01   0.0000000e+00
   1.2000000e+00   6.5150683e-01   0.0000000e+00
   1.2200000e+00   6.4723182e-01   0.0000000e+00
   1.2400000e+00   6.4326522e-01   0.0000000e+00
   1.2600000e+00   6.3960704e-01   0.0000000e+00
   1.2800000e+00   6.3563376e-01   0.0000000e+00
   1.3000000e+00   6.3105033e-01   0.0000000e+00
   1.3200000e+00   6.2585674e-01   0.0000000e+00
   1.3400000e+00   6.2158172e-01   0.0000000e+00
   1.3600000e+00   6.1730670e-01   0.0000000e+00
   1.3800000e+00   6.1303169e-01   0.0000000e+00
   1.4000000e+00   6.0913281e-01   0.0000000e+00
   1.4200000e+00   6.0531305e-01   0.0000000e+00
   1.4400000e+00   6.0157241e-01   0.0000000e+00
   1.4600000e+00   5.9783177e-01   0.0000000e+00
   1.4800000e+00   5.9407806e-01   0.0000000e+00
   1.5000000e+00   5.9031128e-01   0.0000000e+00
   1.5200000e+00   5.8603626e-01   0.0000000e+00
   1.5400000e+00   5.8220510e-01   0.0000000e+00
   1.5600000e+00   5.7881780e-01   0.0000000e+00
   1.5800000e+00   5.7561153e-01   0.0000000e+00
   1.6000000e+00   5.7240527e-01   0.0000000e+00
   1.6200000e+00   5.6919901e-01   0.0000000e+00
   1.6400000e+00   5.6599275e-01   0.0000000e+00
   1.6600000e+00   5.6278648e-01   0.0000000e+00
   1.6800000e+00   5.5958022e-01   0.0000000e+00
   1.7000000e+00   5.5688554e-01   0.0000000e+00
   1.7200000e+00   5.5420225e-01   0.0000000e+00
   1.7400000e+00   5.5153036e-01   0.0000000e+00
   1.7600000e+00   5.4913672e-01   0.0000000e+00
   1.7800000e+00   5.4679036e-01   0.0000000e+00
   1.8000000e+00   5.4449127e-01   0.0000000e+00
   1.8200000e+00   5.4186430e-01   0.0000000e+00
   1.8400000e+00   5.3948206e-01   0.0000000e+00
   1.8600000e+00   5.3734455e-01   0.0000000e+00
   1.8800000e+00   5.3520705e-01   0.0000000e+00
   1.9000000e+00   5.3306954e-01   0.0000000e+00
   1.9200000e+00   5.3093203e-01   0.0000000e+00
   1.9400000e+00   5.2902382e-01   0.0000000e+00
   1.9600000e+00   5.2715552e-01   0.0000000e+00
   1.9800000e+00   5.2532712e-01   0.0000000e+00
   2.0000000e+00   5.2265523e-01   0.0000000e+00
   2.0200000e+00   5.2024852e-01   0.0000000e+00
   2.0400000e+00   5.1810698e-01   0.0000000e+00
   2.0600000e+00   5.1514211e-01   0.0000000e+00
   2.0800000e+00   5.1235356e-01   0.0000000e+00
   2.1000000e+00   5.0974133e-01   0.0000000e+00
   2.1200000e+00   5.0742347e-01   0.0000000e+00
   2.1400000e+00   5.0496044e-01   0.0000000e+00
   2.1600000e+00   5.0235224e-01   0.0000000e+00
   2.1800000e+00   5.0021474e-01   0.0000000e+00
   2.2000000e+00   4.9783653e-01   0.0000000e+00
   2.2200000e+00   4.9521762e-01   0.0000000e+00
   2.2400000e+00   4.9291047e-01   0.0000000e+00
   2.2600000e+00   4.9068814e-01   0.0000000e+00
   2.2800000e+00   4.8855063e-01   0.0000000e+00
   2.3000000e+00   4.8641312e-01   0.0000000e+00
   2.3200000e+00   4.8428299e-01   0.0000000e+00
   2.3400000e+00   4.8216022e-01   0.0000000e+00
   2.3600000e+00   4.8055709e-01   0.0000000e+00
   2.3800000e+00   4.7895396e-01   0.0000000e+00
   2.4000000e+00   4.7735083e-01   0.0000000e+00
   2.4200000e+00   4.7574770e-01   0.0000000e+00
   2.4400000e+00   4.7424413e-01   0.0000000e+00
   2.4600000e+00   4.7284012e-01   0.0000000e+00
   2.4800000e+00   4.7168891e-01   0.0000000e+00
   2.5000000e+00   4.7031174e-01   0.0000000e+00
   2.5200000e+00   4.6870860e-01   0.0000000e+00
   2.5400000e+00   4.6760565e-01   0.0000000e+00
   2.5600000e+00   4.6651979e-01   0.0000000e+00
   2.5800000e+00   4.6545104e-01   0.0000000e+00
   2.6000000e+00   4.6438228e-01   0.0000000e+00
   2.6200000e+00   4.6323844e-01   0.0000000e+00
   2.6400000e+00   4.6201950e-01   0.0000000e+00
   2.6600000e+00   4.6044989e-01   0.0000000e+00
   2.6800000e+00   4.5913070e-01   0.0000000e+00
   2.7000000e+00   4.5806195e-01   0.0000000e+00
   2.7200000e+00   4.5699320e-01   0.0000000e+00
   2.7400000e+00   4.5592444e-01   0.0000000e+00
   2.7600000e+00   4.5485569e-01   0.0000000e+00
   2.7800000e+00   4.5356904e-01   0.0000000e+00
   2.8000000e+00   4.5212414e-01   0.0000000e+00
   2.8200000e+00   4.5052101e-01   0.0000000e+00
   2.8400000e+00   4.4891788e-01   0.0000000e+00
   2.8600000e+00   4.4757422e-01   0.0000000e+00
   2.8800000e+00   4.4649004e-01   0.0000000e+00
   2.9000000e+00   4.4542128e-01   0.0000000e+00
   2.9200000e+00   4.4420972e-01   0.0000000e+00
   2.9400000e+00   4.4285535e-01   0.0000000e+00
   2.9600000e+00   4.4125222e-01   0.0000000e+00
   2.9800000e+00   4.3967523e-01   0.0000000e+00
   3.0000000e+00   4.3812439e-01   0.0000000e+00
   3.0200000e+00   4.3705563e-01   0.0000000e+00
   3.0400000e+00   4.3575188e-01   0.0000000e+00
   3.0600000e+00   4.3421313e-01   0.0000000e+00
   3.0800000e+00   4.3296333e-01   0.0000000e+00
   3.1000000e+00   4.3180406e-01   0.0000000e+00
   3.1200000e+00   4.3073530e-01   0.0000000e+00
   3.1400000e+00   4.2954654e-01   0.0000000e+00
   3.1600000e+00   4.2815394e-01   0.0000000e+00
   3.1800000e+00   4.2655749e-01   0.0000000e+00
   3.2000000e+00   4.2602311e-01   0.0000000e+00
   3.2200000e+00   4.2590979e-01   0.0000000e+00
   3.2400000e+00   4.2621752e-01   0.0000000e+00
   2.0000000e+00   7.9007649e-01   1.0000000e+00
   2.0200000e+00   7.8580148e-01   1.0000000e+00
   2.0400000e+00   7.8152646e-01   1.0000000e+00
   2.0600000e+00   7.7766513e-01   1.0000000e+00
   2.0800000e+00   7.7401265e-01   1.0000000e+00
   2.1000000e+00   7.7056903e-01   1.0000000e+00
   2.1200000e+00   7.6736277e-01   1.0000000e+00
   2.1400000e+00   7.6415650e-01   1.0000000e+00
   2.1600000e+00   7.6095024e-01   1.0000000e+00
   2.1800000e+00   7.5774398e-01   1.0000000e+00
   2.2000000e+00   7.5477842e-01   1.0000000e+00
   2.2200000e+00   7.5205356e-01   1.0000000e+00
   2.2400000e+00   7.4865220e-01   1.0000000e+00
   2.2600000e+00   7.4545331e-01   1.0000000e+00
   2.2800000e+00   7.4245688e-01   1.0000000e+00
   2.3000000e+00   7.4018797e-01   1.0000000e+00
   2.3200000e+00   7.3771757e-01   1.0000000e+00
   2.3400000e+00   7.3504568e-01   1.0000000e+00
   2.3600000e+00   7.3237380e-01   1.0000000e+00
   2.3800000e+00   7.2970191e-01   1.0000000e+00
   2.4000000e+00   7.2703003e-01   1.0000000e+00
   2.4200000e+00   7.2467393e-01   1.0000000e+00
   2.4400000e+00   7.2242713e-01   1.0000000e+00
   2.4600000e+00   7.2028962e-01   1.0000000e+00
   2.4800000e+00   7.1806965e-01   1.0000000e+00
   2.5000000e+00   7.1562373e-01   1.0000000e+00
   2.5200000e+00   7.1295184e-01   1.0000000e+00
   2.5400000e+00   7.1078013e-01   1.0000000e+00
   2.5600000e+00   7.0843376e-01   1.0000000e+00
   2.5800000e+00   7.0591275e-01   1.0000000e+00
   2.6000000e+00   7.0350771e-01   1.0000000e+00
   2.6200000e+00   7.0123643e-01   1.0000000e+00
   2.6400000e+00   6.9909892e-01   1.0000000e+00
   2.6600000e+00   6.9699493e-01   1.0000000e+00
   2.6800000e+00   6.9514137e-01   1.0000000e+00
   2.7000000e+00   6.9353824e-01   1.0000000e+00
