   6.0000000e-01   9.7295984e-01   0.0000000e+00
   6.2000000e-01   9.6087370e-01   0.0000000e+00
   6.4000000e-01   9.4555850e-01   0.0000000e+00
   6.6000000e-01   9.2701423e-01   0.0000000e+00
   6.8000000e-01   9.0350164e-01   0.0000000e+00
   7.0000000e-01   8.8181008e-01   0.0000000e+00
   7.2000000e-01   8.6193955e-01   0.0000000e+00
   7.4000000e-01   8.3762308e-01   0.0000000e+00
   7.6000000e-01   8.1516716e-01   0.0000000e+00
   7.8000000e-01   7.9457177e-01   0.0000000e+00
   8.0000000e-01   7.8219195e-01   0.0000000e+00
   8.2000000e-01   7.6745201e-01   0.0000000e+00
   8.4000000e-01   7.5035195e-01   0.0000000e+00
   8.6000000e-01   7.3691271e-01   0.0000000e+00
   8.8000000e-01   7.2290392e-01   0.0000000e+00
   9.0000000e-01   7.0832556e-01   0.0000000e+00
   9.2000000e-01   6.9452159e-01   0.0000000e+00
   9.4000000e-01   6.8189900e-01   0.0000000e+00
   9.6000000e-01   6.7045781e-01   0.0000000e+00
   9.8000000e-01   6.6196409e-01   0.0000000e+00
   1.0000000e+00   6.5370941e-01   0.0000000e+00
   1.0200000e+00   6.4569375e-01   0.0000000e+00
   1.0400000e+00   6.3862616e-01   0.0000000e+00
   1.0600000e+00   6.3215496e-01   0.0000000e+00
   1.0800000e+00   6.2628015e-01   0.0000000e+00
   1.1000000e+00   6.2093638e-01   0.0000000e+00
   1.1200000e+00   6.1553059e-01   0.0000000e+00
   1.1400000e+00   6.1006278e-01   0.0000000e+00
   1.1600000e+00   6.0419938e-01   0.0000000e+00
   1.1800000e+00   5.9886298e-01   0.0000000e+00
   1.2000000e+00   5.9405359e-01   0.0000000e+00
   1.2200000e+00   5.8966928e-01   0.0000000e+00
   1.2400000e+00   5.8518540e-01   0.0000000e+00
   1.2600000e+00   5.8060197e-01   0.0000000e+00
   1.2800000e+00   5.7598433e-01   0.0000000e+00
   1.3000000e+00   5.7150046e-01   0.0000000e+00
   1.3200000e+00   5.6715035e-01   0.0000000e+00
   1.3400000e+00   5.6234096e-01   0.0000000e+00
   1.3600000e+00   5.5753157e-01   0.0000000e+00
   1.3800000e+00   5.5272217e-01   0.0000000e+00
   1.4000000e+00   5.4753664e-01   0.0000000e+00
   1.4200000e+00   5.4240173e-01   0.0000000e+00
   1.4400000e+00   5.3731743e-01   0.0000000e+00
   1.4600000e+00   5.3236523e-01   0.0000000e+00
   1.4800000e+00   5.2723031e-01   0.0000000e+00
   1.5000000e+00   5.2191269e-01   0.0000000e+00
   1.5200000e+00   5.1710329e-01   0.0000000e+00
   1.5400000e+00   5.1251583e-01   0.0000000e+00
   1.5600000e+00   5.0815029e-01   0.0000000e+00
   1.5800000e+00   5.0420247e-01   0.0000000e+00
   1.6000000e+00   5.0056876e-01   0.0000000e+00
   1.6200000e+00   4.9724917e-01   0.0000000e+00
   1.6400000e+00   4.9457729e-01   0.0000000e+00
   1.6600000e+00   4.9190540e-01   0.0000000e+00
   1.6800000e+00   4.8923352e-01   0.0000000e+00
   1.7000000e+00   4.8656163e-01   0.0000000e+00
   1.7200000e+00   4.8428466e-01   0.0000000e+00
   1.7400000e+00   4.8240259e-01   0.0000000e+00
   1.7600000e+00   4.8107771e-01   0.0000000e+00
   1.7800000e+00   4.7996168e-01   0.0000000e+00
   1.8000000e+00   4.7905450e-01   0.0000000e+00
   1.8200000e+00   4.7847521e-01   0.0000000e+00
   1.8400000e+00   4.7765119e-01   0.0000000e+00
   1.8600000e+00   4.7658243e-01   0.0000000e+00
   1.8800000e+00   4.7597631e-01   0.0000000e+00
   1.9000000e+00   4.7523307e-01   0.0000000e+00
   1.9200000e+00   4.7435273e-01   0.0000000e+00
   1.9400000e+00   4.7328398e-01   0.0000000e+00
   1.9600000e+00   4.7221523e-01   0.0000000e+00
   1.9800000e+00   4.7114647e-01   0.0000000e+00
   2.0000000e+00   4.7007772e-01   0.0000000e+00
   2.0200000e+00   4.6900896e-01   0.0000000e+00
   2.0400000e+00   4.6794021e-01   0.0000000e+00
   2.0600000e+00   4.6645777e-01   0.0000000e+00
   2.0800000e+00   4.6506350e-01   0.0000000e+00
   2.1000000e+00   4.6375738e-01   0.0000000e+00
   2.1200000e+00   4.6250828e-01   0.0000000e+00
   2.1400000e+00   4.6108216e-01   0.0000000e+00
   2.1600000e+00   4.5947903e-01   0.0000000e+00
   2.1800000e+00   4.5787590e-01   0.0000000e+00
   2.2000000e+00   4.5627276e-01   0.0000000e+00
   2.2200000e+00   4.5466963e-01   0.0000000e+00
   2.2400000e+00   4.5306650e-01   0.0000000e+00
   2.2600000e+00   4.5146337e-01   0.0000000e+00
   2.2800000e+00   4.4986024e-01   0.0000000e+00
   2.3000000e+00   4.4838852e-01   0.0000000e+00
   2.3200000e+00   4.4711828e-01   0.0000000e+00
   2.3400000e+00   4.4604952e-01   0.0000000e+00
   2.3600000e+00   4.4498077e-01   0.0000000e+00
   2.3800000e+00   4.4369579e-01   0.0000000e+00
   2.4000000e+00   4.4219458e-01   0.0000000e+00
   2.4200000e+00   4.4090724e-01   0.0000000e+00
   2.4400000e+00   4.3982875e-01   0.0000000e+00
   2.4600000e+00   4.3895912e-01   0.0000000e+00
   2.4800000e+00   4.3842475e-01   0.0000000e+00
   2.5000000e+00   4.3789037e-01   0.0000000e+00
   2.5200000e+00   4.3735599e-01   0.0000000e+00
   2.5400000e+00   4.3682162e-01   0.0000000e+00
   2.5600000e+00   4.3647899e-01   0.0000000e+00
   2.5800000e+00   4.3632813e-01   0.0000000e+00
   2.6000000e+00   4.3632813e-01   0.0000000e+00
   2.6200000e+00   4.3625304e-01   0.0000000e+00
   2.6400000e+00   4.3610286e-01   0.0000000e+00
   2.6600000e+00   4.3556848e-01   0.0000000e+00
   2.6800000e+00   4.3503410e-01   0.0000000e+00
   2.7000000e+00   4.3449973e-01   0.0000000e+00
   2.7200000e+00   4.3441657e-01   0.0000000e+00
   2.7400000e+00   4.3420772e-01   0.0000000e+00
   2.7600000e+00   4.3387316e-01   0.0000000e+00
   2.7800000e+00   4.3355668e-01   0.0000000e+00
   2.8000000e+00   4.3329720e-01   0.0000000e+00
   2.8200000e+00   4.3309474e-01   0.0000000e+00
   2.8400000e+00   4.3202598e-01   0.0000000e+00
   2.8600000e+00   4.3147618e-01   0.0000000e+00
   2.8800000e+00   4.3144531e-01   0.0000000e+00
   2.9000000e+00   4.3104303e-01   0.0000000e+00
   2.9200000e+00   4.3057470e-01   0.0000000e+00
   2.9400000e+00   4.3004033e-01   0.0000000e+00
   2.9600000e+00   4.2933700e-01   0.0000000e+00
   2.9800000e+00   4.2845096e-01   0.0000000e+00
   3.0000000e+00   4.2738220e-01   0.0000000e+00
   3.0200000e+00   4.2631345e-01   0.0000000e+00
   3.0400000e+00   4.2547969e-01   0.0000000e+00
   3.0600000e+00   4.2488094e-01   0.0000000e+00
   3.0800000e+00   4.2434656e-01   0.0000000e+00
   3.1000000e+00   4.2357551e-01   0.0000000e+00
   3.1200000e+00   4.2256780e-01   0.0000000e+00
   3.1400000e+00   4.2108467e-01   0.0000000e+00
   3.1600000e+00   4.1980873e-01   0.0000000e+00
   3.1800000e+00   4.1873998e-01   0.0000000e+00
   3.2000000e+00   4.1767122e-01   0.0000000e+00
   3.2200000e+00   4.1660247e-01   0.0000000e+00
   3.2400000e+00   4.1553371e-01   0.0000000e+00
   3.2600000e+00   4.1476935e-01   0.0000000e+00
   3.2800000e+00   4.1402612e-01   0.0000000e+00
   3.3000000e+00   4.1330401e-01   0.0000000e+00
   3.3200000e+00   4.1223526e-01   0.0000000e+00
   3.3400000e+00   4.1116651e-01   0.0000000e+00
   3.3600000e+00   4.1009775e-01   0.0000000e+00
   3.3800000e+00   4.0951777e-01   0.0000000e+00
   3.4000000e+00   4.0877454e-01   0.0000000e+00
   3.4200000e+00   4.0786805e-01   0.0000000e+00
   3.4400000e+00   4.0705474e-01   0.0000000e+00
   3.4600000e+00   4.0645029e-01   0.0000000e+00
   3.4800000e+00   4.0605469e-01   0.0000000e+00
   3.5000000e+00   4.0603257e-01   0.0000000e+00
   3.5200000e+00   4.0575433e-01   0.0000000e+00
   3.5400000e+00   4.0521995e-01   0.0000000e+00
   3.5600000e+00   4.0556523e-01   0.0000000e+00
   3.5800000e+00   4.0648979e-01   0.0000000e+00
   3.6000000e+00   4.0799366e-01   0.0000000e+00
   2.0100000e+00   7.1075428e-01   1.0000000e+00
   2.0300000e+00   7.1021587e-01   1.0000000e+00
   2.0500000e+00   7.0967948e-01   1.0000000e+00
   2.0700000e+00   7.0914510e-01   1.0000000e+00
   2.0900000e+00   7.0831371e-01   1.0000000e+00
   2.1100000e+00   7.0745381e-01   1.0000000e+00
   2.1300000e+00   7.0656541e-01   1.0000000e+00
   2.1500000e+00   7.0609472e-01   1.0000000e+00
   2.1700000e+00   7.0585937e-01   1.0000000e+00
   2.1900000e+00   7.0585937e-01   1.0000000e+00
   2.2100000e+00   7.0441517e-01   1.0000000e+00
   2.2300000e+00   7.0307387e-01   1.0000000e+00
   2.2500000e+00   7.0183548e-01   1.0000000e+00
   2.2700000e+00   7.0051865e-01   1.0000000e+00
   2.2900000e+00   6.9912438e-01   1.0000000e+00
   2.3100000e+00   6.9765265e-01   1.0000000e+00
   2.3300000e+00   6.9656916e-01   1.0000000e+00
   2.3500000e+00   6.9522584e-01   1.0000000e+00
   2.3700000e+00   6.9362271e-01   1.0000000e+00
   2.3900000e+00   6.9201958e-01   1.0000000e+00
   2.4100000e+00   6.9041645e-01   1.0000000e+00
   2.4300000e+00   6.8881332e-01   1.0000000e+00
   2.4500000e+00   6.8701106e-01   1.0000000e+00
   2.4700000e+00   6.8512364e-01   1.0000000e+00
   2.4900000e+00   6.8315106e-01   1.0000000e+00
   2.5100000e+00   6.8208230e-01   1.0000000e+00
   2.5300000e+00   6.8051337e-01   1.0000000e+00
   2.5500000e+00   6.7844427e-01   1.0000000e+00
   2.5700000e+00   6.7669027e-01   1.0000000e+00
   2.5900000e+00   6.7501171e-01   1.0000000e+00
   2.6100000e+00   6.7340858e-01   1.0000000e+00
   2.6300000e+00   6.7180545e-01   1.0000000e+00
   2.6500000e+00   6.7021907e-01   1.0000000e+00
   2.6700000e+00   6.6864946e-01   1.0000000e+00
   2.6900000e+00   6.6758070e-01   1.0000000e+00
   2.7100000e+00   6.6673756e-01   1.0000000e+00
   2.7300000e+00   6.6612003e-01   1.0000000e+00
   2.7500000e+00   6.6525109e-01   1.0000000e+00
   2.7700000e+00   6.6450015e-01   1.0000000e+00
   2.7900000e+00   6.6386719e-01   1.0000000e+00
   2.8100000e+00   6.6366472e-01   1.0000000e+00
   2.8300000e+00   6.6302911e-01   1.0000000e+00
   2.8500000e+00   6.6196036e-01   1.0000000e+00
   2.8700000e+00   6.6141055e-01   1.0000000e+00
   2.8900000e+00   6.6066731e-01   1.0000000e+00
   2.9100000e+00   6.5973066e-01   1.0000000e+00
   2.9300000e+00   6.5866190e-01   1.0000000e+00
   2.9500000e+00   6.5759315e-01   1.0000000e+00
   2.9700000e+00   6.5652440e-01   1.0000000e+00
   2.9900000e+00   6.5545564e-01   1.0000000e+00
   3.0100000e+00   6.5438689e-01   1.0000000e+00
   3.0300000e+00   6.5331813e-01   1.0000000e+00
   3.0500000e+00   6.5130938e-01   1.0000000e+00
   3.0700000e+00   6.4941292e-01   1.0000000e+00
   3.0900000e+00   6.4762874e-01   1.0000000e+00
   3.1100000e+00   6.4602561e-01   1.0000000e+00
   3.1300000e+00   6.4442248e-01   1.0000000e+00
   3.1500000e+00   6.4281935e-01   1.0000000e+00
   3.1700000e+00   6.4121956e-01   1.0000000e+00
   3.1900000e+00   6.3988529e-01   1.0000000e+00
   3.2100000e+00   6.3881653e-01   1.0000000e+00
