   6.0000000e-01   9.7369403e-01   0.0000000e+00
   6.2000000e-01   9.6046739e-01   0.0000000e+00
   6.4000000e-01   9.4450684e-01   0.0000000e+00
   6.6000000e-01   9.2581240e-01   0.0000000e+00
   6.8000000e-01   9.0016230e-01   0.0000000e+00
   7.0000000e-01   8.7724374e-01   0.0000000e+00
   7.2000000e-01   8.5705673e-01   0.0000000e+00
   7.4000000e-01   8.3917353e-01   0.0000000e+00
   7.6000000e-01   8.2256961e-01   0.0000000e+00
   7.8000000e-01   8.0724497e-01   0.0000000e+00
   8.0000000e-01   7.9441992e-01   0.0000000e+00
   8.2000000e-01   7.8159487e-01   0.0000000e+00
   8.4000000e-01   7.6876982e-01   0.0000000e+00
   8.6000000e-01   7.5594477e-01   0.0000000e+00
   8.8000000e-01   7.4433866e-01   0.0000000e+00
   9.0000000e-01   7.3395147e-01   0.0000000e+00
   9.2000000e-01   7.2491198e-01   0.0000000e+00
   9.4000000e-01   7.1620371e-01   0.0000000e+00
   9.6000000e-01   7.0782666e-01   0.0000000e+00
   9.8000000e-01   6.9986732e-01   0.0000000e+00
   1.0000000e+00   6.9214701e-01   0.0000000e+00
   1.0200000e+00   6.8466573e-01   0.0000000e+00
   1.0400000e+00   6.7908057e-01   0.0000000e+00
   1.0600000e+00   6.7397347e-01   0.0000000e+00
   1.0800000e+00   6.6934443e-01   0.0000000e+00
   1.1000000e+00   6.6627292e-01   0.0000000e+00
   1.1200000e+00   6.6368752e-01   0.0000000e+00
   1.1400000e+00   6.6158825e-01   0.0000000e+00
   1.1600000e+00   6.5784761e-01   0.0000000e+00
   1.1800000e+00   6.5410697e-01   0.0000000e+00
   1.2000000e+00   6.5036633e-01   0.0000000e+00
   1.2200000e+00   6.4747586e-01   0.0000000e+00
   1.2400000e+00   6.4346100e-01   0.0000000e+00
   1.2600000e+00   6.3832177e-01   0.0000000e+00
   1.2800000e+00   6.3290890e-01   0.0000000e+00
   1.3000000e+00   6.2879144e-01   0.0000000e+00
   1.3200000e+00   6.2596937e-01   0.0000000e+00
   1.3400000e+00   6.2222873e-01   0.0000000e+00
   1.3600000e+00   6.1750249e-01   0.0000000e+00
   1.3800000e+00   6.1179064e-01   0.0000000e+00
   1.4000000e+00   6.0854546e-01   0.0000000e+00
   1.4200000e+00   6.0546490e-01   0.0000000e+00
   1.4400000e+00   6.0254897e-01   0.0000000e+00
   1.4600000e+00   5.9909395e-01   0.0000000e+00
   1.4800000e+00   5.9603050e-01   0.0000000e+00
   1.5000000e+00   5.9335861e-01   0.0000000e+00
   1.5200000e+00   5.9068673e-01   0.0000000e+00
   1.5400000e+00   5.8446399e-01   0.0000000e+00
   1.5600000e+00   5.7469041e-01   0.0000000e+00
   1.5800000e+00   5.7780812e-01   0.0000000e+00
   1.6000000e+00   5.7716474e-01   0.0000000e+00
   1.6200000e+00   5.7276028e-01   0.0000000e+00
   1.6400000e+00   5.7062277e-01   0.0000000e+00
   1.6600000e+00   5.6848526e-01   0.0000000e+00
   1.6800000e+00   5.6634775e-01   0.0000000e+00
   1.7000000e+00   5.6472182e-01   0.0000000e+00
   1.7200000e+00   5.6290983e-01   0.0000000e+00
   1.7400000e+00   5.6091179e-01   0.0000000e+00
   1.7600000e+00   5.5905253e-01   0.0000000e+00
   1.7800000e+00   5.5732133e-01   0.0000000e+00
   1.8000000e+00   5.5571820e-01   0.0000000e+00
   1.8200000e+00   5.5407015e-01   0.0000000e+00
   1.8400000e+00   5.5217738e-01   0.0000000e+00
   1.8600000e+00   5.5003987e-01   0.0000000e+00
   1.8800000e+00   5.4836499e-01   0.0000000e+00
   1.9000000e+00   5.4655300e-01   0.0000000e+00
   1.9200000e+00   5.4460390e-01   0.0000000e+00
   1.9400000e+00   5.4292500e-01   0.0000000e+00
   1.9600000e+00   5.4143853e-01   0.0000000e+00
   1.9800000e+00   5.4014450e-01   0.0000000e+00
   2.0000000e+00   5.3800700e-01   0.0000000e+00
   2.0200000e+00   5.3613466e-01   0.0000000e+00
   2.0400000e+00   5.3452750e-01   0.0000000e+00
   2.0600000e+00   5.3251069e-01   0.0000000e+00
   2.0800000e+00   5.3058204e-01   0.0000000e+00
   2.1000000e+00   5.2874154e-01   0.0000000e+00
   2.1200000e+00   5.2695806e-01   0.0000000e+00
   2.1400000e+00   5.2502941e-01   0.0000000e+00
   2.1600000e+00   5.2295559e-01   0.0000000e+00
   2.1800000e+00   5.2135246e-01   0.0000000e+00
   2.2000000e+00   5.1974933e-01   0.0000000e+00
   2.2200000e+00   5.1814620e-01   0.0000000e+00
   2.2400000e+00   5.1654307e-01   0.0000000e+00
   2.2600000e+00   5.1493993e-01   0.0000000e+00
   2.2800000e+00   5.1333680e-01   0.0000000e+00
   2.3000000e+00   5.1173367e-01   0.0000000e+00
   2.3200000e+00   5.1013054e-01   0.0000000e+00
   2.3400000e+00   5.0852741e-01   0.0000000e+00
   2.3600000e+00   5.0692428e-01   0.0000000e+00
   2.3800000e+00   5.0510492e-01   0.0000000e+00
   2.4000000e+00   5.0306933e-01   0.0000000e+00
   2.4200000e+00   5.0124762e-01   0.0000000e+00
   2.4400000e+00   4.9953519e-01   0.0000000e+00
   2.4600000e+00   4.9793206e-01   0.0000000e+00
   2.4800000e+00   4.9641139e-01   0.0000000e+00
   2.5000000e+00   4.9511668e-01   0.0000000e+00
   2.5200000e+00   4.9404792e-01   0.0000000e+00
   2.5400000e+00   4.9247900e-01   0.0000000e+00
   2.5600000e+00   4.9089297e-01   0.0000000e+00
   2.5800000e+00   4.8928984e-01   0.0000000e+00
   2.6000000e+00   4.8768670e-01   0.0000000e+00
   2.6200000e+00   4.8608357e-01   0.0000000e+00
   2.6400000e+00   4.8448044e-01   0.0000000e+00
   2.6600000e+00   4.8287731e-01   0.0000000e+00
   2.6800000e+00   4.8127418e-01   0.0000000e+00
   2.7000000e+00   4.7967105e-01   0.0000000e+00
   2.7200000e+00   4.7851914e-01   0.0000000e+00
   2.7400000e+00   4.7740882e-01   0.0000000e+00
   2.7600000e+00   4.7634006e-01   0.0000000e+00
   2.7800000e+00   4.7505341e-01   0.0000000e+00
   2.8000000e+00   4.7370975e-01   0.0000000e+00
   2.8200000e+00   4.7230909e-01   0.0000000e+00
   2.8400000e+00   4.7177471e-01   0.0000000e+00
   2.8600000e+00   4.7046191e-01   0.0000000e+00
   2.8800000e+00   4.6837070e-01   0.0000000e+00
   2.9000000e+00   4.6703775e-01   0.0000000e+00
   2.9200000e+00   4.6583690e-01   0.0000000e+00
   2.9400000e+00   4.6476815e-01   0.0000000e+00
   2.9600000e+00   4.6369940e-01   0.0000000e+00
   2.9800000e+00   4.6263064e-01   0.0000000e+00
   3.0000000e+00   4.6156189e-01   0.0000000e+00
   3.0200000e+00   4.6049313e-01   0.0000000e+00
   3.0400000e+00   4.5942438e-01   0.0000000e+00
   3.0600000e+00   4.5835563e-01   0.0000000e+00
   3.0800000e+00   4.5728687e-01   0.0000000e+00
   3.1000000e+00   4.5621812e-01   0.0000000e+00
   3.1200000e+00   4.5514936e-01   0.0000000e+00
   3.1400000e+00   4.5408061e-01   0.0000000e+00
   3.1600000e+00   4.5301186e-01   0.0000000e+00
   3.1800000e+00   4.5194310e-01   0.0000000e+00
   3.2000000e+00   4.5087435e-01   0.0000000e+00
   3.2200000e+00   4.4980559e-01   0.0000000e+00
   3.2400000e+00   4.4873684e-01   0.0000000e+00
   3.2600000e+00   4.4797247e-01   0.0000000e+00
   3.2800000e+00   4.4722924e-01   0.0000000e+00
   3.3000000e+00   4.4650714e-01   0.0000000e+00
   3.3200000e+00   4.4558051e-01   0.0000000e+00
   3.3400000e+00   4.4511719e-01   0.0000000e+00
   3.3600000e+00   4.4511719e-01   0.0000000e+00
   3.3800000e+00   4.4413964e-01   0.0000000e+00
   3.4000000e+00   4.4348860e-01   0.0000000e+00
   3.4200000e+00   4.4316406e-01   0.0000000e+00
   3.4400000e+00   4.4290862e-01   0.0000000e+00
   3.4600000e+00   4.4251371e-01   0.0000000e+00
   3.4800000e+00   4.4197933e-01   0.0000000e+00
   3.5000000e+00   4.4144496e-01   0.0000000e+00
   3.5200000e+00   4.4091058e-01   0.0000000e+00
   3.5400000e+00   4.4037620e-01   0.0000000e+00
   3.5600000e+00   4.3984182e-01   0.0000000e+00
   3.5800000e+00   4.3946903e-01   0.0000000e+00
   3.6000000e+00   4.3925781e-01   0.0000000e+00
   3.6200000e+00   4.3884482e-01   0.0000000e+00
   3.6400000e+00   4.3819378e-01   0.0000000e+00
   3.6600000e+00   4.3730469e-01   0.0000000e+00
   3.6800000e+00   4.3730469e-01   0.0000000e+00
   3.7000000e+00   4.3730469e-01   0.0000000e+00
   3.7200000e+00   4.3730469e-01   0.0000000e+00
   3.7400000e+00   4.3691381e-01   0.0000000e+00
   3.7600000e+00   4.3672539e-01   0.0000000e+00
   3.7800000e+00   4.3673945e-01   0.0000000e+00
   2.0100000e+00   8.4358491e-01   1.0000000e+00
   2.0300000e+00   8.4091303e-01   1.0000000e+00
   2.0500000e+00   8.3803430e-01   1.0000000e+00
   2.0700000e+00   8.3494873e-01   1.0000000e+00
   2.0900000e+00   8.3203949e-01   1.0000000e+00
   2.1100000e+00   8.2933910e-01   1.0000000e+00
   2.1300000e+00   8.2684757e-01   1.0000000e+00
   2.1500000e+00   8.2477375e-01   1.0000000e+00
   2.1700000e+00   8.2293527e-01   1.0000000e+00
   2.1900000e+00   8.2133214e-01   1.0000000e+00
   2.2100000e+00   8.1972901e-01   1.0000000e+00
   2.2300000e+00   8.1830825e-01   1.0000000e+00
   2.2500000e+00   8.1706985e-01   1.0000000e+00
   2.2700000e+00   8.1600110e-01   1.0000000e+00
   2.2900000e+00   8.1480094e-01   1.0000000e+00
   2.3100000e+00   8.1346937e-01   1.0000000e+00
   2.3300000e+00   8.1133186e-01   1.0000000e+00
   2.3500000e+00   8.0919435e-01   1.0000000e+00
   2.3700000e+00   8.0705685e-01   1.0000000e+00
   2.3900000e+00   8.0059479e-01   1.0000000e+00
   2.4100000e+00   7.9488628e-01   1.0000000e+00
   2.4300000e+00   7.8993133e-01   1.0000000e+00
   2.4500000e+00   7.8672506e-01   1.0000000e+00
   2.4700000e+00   7.8360126e-01   1.0000000e+00
   2.4900000e+00   7.8055992e-01   1.0000000e+00
   2.5100000e+00   7.7842241e-01   1.0000000e+00
   2.5300000e+00   7.7653499e-01   1.0000000e+00
   2.5500000e+00   7.7489766e-01   1.0000000e+00
   2.5700000e+00   7.7367804e-01   1.0000000e+00
   2.5900000e+00   7.7266727e-01   1.0000000e+00
   2.6100000e+00   7.7186536e-01   1.0000000e+00
   2.6300000e+00   7.7088044e-01   1.0000000e+00
   2.6500000e+00   7.6928572e-01   1.0000000e+00
   2.6700000e+00   7.6708118e-01   1.0000000e+00
   2.6900000e+00   7.6387492e-01   1.0000000e+00
   2.7100000e+00   7.6089427e-01   1.0000000e+00
   2.7300000e+00   7.5813923e-01   1.0000000e+00
   2.7500000e+00   7.5546735e-01   1.0000000e+00
   2.7700000e+00   7.5279546e-01   1.0000000e+00
   2.7900000e+00   7.5012358e-01   1.0000000e+00
   2.8100000e+00   7.4755293e-01   1.0000000e+00
   2.8300000e+00   7.4519885e-01   1.0000000e+00
   2.8500000e+00   7.4306134e-01   1.0000000e+00
   2.8700000e+00   7.4092383e-01   1.0000000e+00
   2.8900000e+00   7.3918860e-01   1.0000000e+00
   2.9100000e+00   7.3785566e-01   1.0000000e+00
   2.9300000e+00   7.3678690e-01   1.0000000e+00
   2.9500000e+00   7.3580262e-01   1.0000000e+00
   2.9700000e+00   7.3490282e-01   1.0000000e+00
   2.9900000e+00   7.3436845e-01   1.0000000e+00
   3.0100000e+00   7.3383407e-01   1.0000000e+00
   3.0300000e+00   7.3329969e-01   1.0000000e+00
   3.0500000e+00   7.3276531e-01   1.0000000e+00
   3.0700000e+00   7.3187760e-01   1.0000000e+00
   3.0900000e+00   7.3063656e-01   1.0000000e+00
   3.1100000e+00   7.2927009e-01   1.0000000e+00
   3.1300000e+00   7.2793248e-01   1.0000000e+00
   3.1500000e+00   7.2662372e-01   1.0000000e+00
   3.1700000e+00   7.2448955e-01   1.0000000e+00
   3.1900000e+00   7.2262090e-01   1.0000000e+00
   3.2100000e+00   7.2101777e-01   1.0000000e+00
   3.2300000e+00   7.1857253e-01   1.0000000e+00
   3.2500000e+00   7.1601397e-01   1.0000000e+00
   3.2700000e+00   7.1334208e-01   1.0000000e+00
   3.2900000e+00   7.1085792e-01   1.0000000e+00
   3.3100000e+00   7.0861815e-01   1.0000000e+00
   3.3300000e+00   7.0662276e-01   1.0000000e+00
   3.3500000e+00   7.0555400e-01   1.0000000e+00
   3.3700000e+00   7.0448525e-01   1.0000000e+00
   3.3900000e+00   7.0341650e-01   1.0000000e+00
