   6.0000000e-01   9.6263104e-01   0.0000000e+00
   6.2000000e-01   9.4590043e-01   0.0000000e+00
   6.4000000e-01   9.2751774e-01   0.0000000e+00
   6.6000000e-01   9.0748298e-01   0.0000000e+00
   6.8000000e-01   8.8397039e-01   0.0000000e+00
   7.0000000e-01   8.6045780e-01   0.0000000e+00
   7.2000000e-01   8.3694521e-01   0.0000000e+00
   7.4000000e-01   8.1512558e-01   0.0000000e+00
   7.6000000e-01   7.9523795e-01   0.0000000e+00
   7.8000000e-01   7.7728231e-01   0.0000000e+00
   8.0000000e-01   7.6328324e-01   0.0000000e+00
   8.2000000e-01   7.4906962e-01   0.0000000e+00
   8.4000000e-01   7.3464144e-01   0.0000000e+00
   8.6000000e-01   7.2282814e-01   0.0000000e+00
   8.8000000e-01   7.1185596e-01   0.0000000e+00
   9.0000000e-01   7.0172491e-01   0.0000000e+00
   9.2000000e-01   6.9413365e-01   0.0000000e+00
   9.4000000e-01   6.8739895e-01   0.0000000e+00
   9.6000000e-01   6.8152080e-01   0.0000000e+00
   9.8000000e-01   6.7581160e-01   0.0000000e+00
   1.0000000e+00   6.7081950e-01   0.0000000e+00
   1.0200000e+00   6.6654448e-01   0.0000000e+00
   1.0400000e+00   6.6274349e-01   0.0000000e+00
   1.0600000e+00   6.5915136e-01   0.0000000e+00
   1.0800000e+00   6.5576809e-01   0.0000000e+00
   1.1000000e+00   6.5232113e-01   0.0000000e+00
   1.1200000e+00   6.4878934e-01   0.0000000e+00
   1.1400000e+00   6.4517274e-01   0.0000000e+00
   1.1600000e+00   6.4196648e-01   0.0000000e+00
   1.1800000e+00   6.3876022e-01   0.0000000e+00
   1.2000000e+00   6.3555395e-01   0.0000000e+00
   1.2200000e+00   6.3192261e-01   0.0000000e+00
   1.2400000e+00   6.2823662e-01   0.0000000e+00
   1.2600000e+00   6.2449598e-01   0.0000000e+00
   1.2800000e+00   6.2113885e-01   0.0000000e+00
   1.3000000e+00   6.1808679e-01   0.0000000e+00
   1.3200000e+00   6.1533982e-01   0.0000000e+00
   1.3400000e+00   6.1213356e-01   0.0000000e+00
   1.3600000e+00   6.0892729e-01   0.0000000e+00
   1.3800000e+00   6.0572103e-01   0.0000000e+00
   1.4000000e+00   6.0289091e-01   0.0000000e+00
   1.4200000e+00   6.0001017e-01   0.0000000e+00
   1.4400000e+00   5.9707881e-01   0.0000000e+00
   1.4600000e+00   5.9387254e-01   0.0000000e+00
   1.4800000e+00   5.9067935e-01   0.0000000e+00
   1.5000000e+00   5.8749924e-01   0.0000000e+00
   1.5200000e+00   5.8482735e-01   0.0000000e+00
   1.5400000e+00   5.8193354e-01   0.0000000e+00
   1.5600000e+00   5.7881780e-01   0.0000000e+00
   1.5800000e+00   5.7561153e-01   0.0000000e+00
   1.6000000e+00   5.7251054e-01   0.0000000e+00
   1.6200000e+00   5.6951480e-01   0.0000000e+00
   1.6400000e+00   5.6684291e-01   0.0000000e+00
   1.6600000e+00   5.6417103e-01   0.0000000e+00
   1.6800000e+00   5.6149914e-01   0.0000000e+00
   1.7000000e+00   5.5831568e-01   0.0000000e+00
   1.7200000e+00   5.5571319e-01   0.0000000e+00
   1.7400000e+00   5.5369165e-01   0.0000000e+00
   1.7600000e+00   5.5181028e-01   0.0000000e+00
   1.7800000e+00   5.4988163e-01   0.0000000e+00
   1.8000000e+00   5.4790570e-01   0.0000000e+00
   1.8200000e+00   5.4625765e-01   0.0000000e+00
   1.8400000e+00   5.4436488e-01   0.0000000e+00
   1.8600000e+00   5.4222737e-01   0.0000000e+00
   1.8800000e+00   5.4101512e-01   0.0000000e+00
   1.9000000e+00   5.3952865e-01   0.0000000e+00
   1.9200000e+00   5.3776797e-01   0.0000000e+00
   1.9400000e+00   5.3585976e-01   0.0000000e+00
   1.9600000e+00   5.3404777e-01   0.0000000e+00
   1.9800000e+00   5.3233200e-01   0.0000000e+00
   2.0000000e+00   5.3019450e-01   0.0000000e+00
   2.0200000e+00   5.2832216e-01   0.0000000e+00
   2.0400000e+00   5.2671500e-01   0.0000000e+00
   2.0600000e+00   5.2469819e-01   0.0000000e+00
   2.0800000e+00   5.2276954e-01   0.0000000e+00
   2.1000000e+00   5.2092904e-01   0.0000000e+00
   2.1200000e+00   5.1914556e-01   0.0000000e+00
   2.1400000e+00   5.1718507e-01   0.0000000e+00
   2.1600000e+00   5.1504756e-01   0.0000000e+00
   2.1800000e+00   5.1291005e-01   0.0000000e+00
   2.2000000e+00   5.1125394e-01   0.0000000e+00
   2.2200000e+00   5.1007923e-01   0.0000000e+00
   2.2400000e+00   5.0828101e-01   0.0000000e+00
   2.2600000e+00   5.0631314e-01   0.0000000e+00
   2.2800000e+00   5.0417563e-01   0.0000000e+00
   2.3000000e+00   5.0216953e-01   0.0000000e+00
   2.3200000e+00   5.0036492e-01   0.0000000e+00
   2.3400000e+00   4.9876178e-01   0.0000000e+00
   2.3600000e+00   4.9715865e-01   0.0000000e+00
   2.3800000e+00   4.9577175e-01   0.0000000e+00
   2.4000000e+00   4.9460107e-01   0.0000000e+00
   2.4200000e+00   4.9353232e-01   0.0000000e+00
   2.4400000e+00   4.9236400e-01   0.0000000e+00
   2.4600000e+00   4.9109612e-01   0.0000000e+00
   2.4800000e+00   4.8965791e-01   0.0000000e+00
   2.5000000e+00   4.8867162e-01   0.0000000e+00
   2.5200000e+00   4.8813724e-01   0.0000000e+00
   2.5400000e+00   4.8710269e-01   0.0000000e+00
   2.5600000e+00   4.8585929e-01   0.0000000e+00
   2.5800000e+00   4.8440702e-01   0.0000000e+00
   2.6000000e+00   4.8307074e-01   0.0000000e+00
   2.6200000e+00   4.8186822e-01   0.0000000e+00
   2.6400000e+00   4.8079946e-01   0.0000000e+00
   2.6600000e+00   4.7969719e-01   0.0000000e+00
   2.6800000e+00   4.7834449e-01   0.0000000e+00
   2.7000000e+00   4.7674136e-01   0.0000000e+00
   2.7200000e+00   4.7558946e-01   0.0000000e+00
   2.7400000e+00   4.7464641e-01   0.0000000e+00
   2.7600000e+00   4.7391222e-01   0.0000000e+00
   2.7800000e+00   4.7294205e-01   0.0000000e+00
   2.8000000e+00   4.7170601e-01   0.0000000e+00
   2.8200000e+00   4.7020411e-01   0.0000000e+00
   2.8400000e+00   4.6913536e-01   0.0000000e+00
   2.8600000e+00   4.6780713e-01   0.0000000e+00
   2.8800000e+00   4.6621943e-01   0.0000000e+00
   2.9000000e+00   4.6501858e-01   0.0000000e+00
   2.9200000e+00   4.6388378e-01   0.0000000e+00
   2.9400000e+00   4.6281503e-01   0.0000000e+00
   2.9600000e+00   4.6157732e-01   0.0000000e+00
   2.0000000e+00   7.8160116e-01   1.0000000e+00
   2.0200000e+00   7.7841101e-01   1.0000000e+00
   2.0400000e+00   7.7309948e-01   1.0000000e+00
   2.0600000e+00   7.7870135e-01   1.0000000e+00
   2.0800000e+00   7.8013651e-01   1.0000000e+00
   2.1000000e+00   7.7740497e-01   1.0000000e+00
   2.1200000e+00   7.7492012e-01   1.0000000e+00
   2.1400000e+00   7.7307963e-01   1.0000000e+00
   2.1600000e+00   7.7188349e-01   1.0000000e+00
   2.1800000e+00   7.6974599e-01   1.0000000e+00
   2.2000000e+00   7.6760848e-01   1.0000000e+00
   2.2200000e+00   7.6547097e-01   1.0000000e+00
   2.2400000e+00   7.6406293e-01   1.0000000e+00
   2.2600000e+00   7.6270050e-01   1.0000000e+00
   2.2800000e+00   7.6138368e-01   1.0000000e+00
   2.3000000e+00   7.5991195e-01   1.0000000e+00
   2.3200000e+00   7.5864171e-01   1.0000000e+00
   2.3400000e+00   7.5757296e-01   1.0000000e+00
   2.3600000e+00   7.5650421e-01   1.0000000e+00
   2.3800000e+00   7.5500300e-01   1.0000000e+00
   2.4000000e+00   7.5306933e-01   1.0000000e+00
   2.4200000e+00   7.5124762e-01   1.0000000e+00
   2.4400000e+00   7.4953519e-01   1.0000000e+00
   2.4600000e+00   7.4793206e-01   1.0000000e+00
   2.4800000e+00   7.4624647e-01   1.0000000e+00
   2.5000000e+00   7.4433492e-01   1.0000000e+00
   2.5200000e+00   7.4219741e-01   1.0000000e+00
   2.5400000e+00   7.4005990e-01   1.0000000e+00
   2.5600000e+00   7.3792239e-01   1.0000000e+00
   2.5800000e+00   7.3578489e-01   1.0000000e+00
   2.6000000e+00   7.3364738e-01   1.0000000e+00
   2.6200000e+00   7.3173514e-01   1.0000000e+00
   2.6400000e+00   7.3004817e-01   1.0000000e+00
   2.6600000e+00   7.2941325e-01   1.0000000e+00
   2.6800000e+00   7.2802703e-01   1.0000000e+00
   2.7000000e+00   7.2588952e-01   1.0000000e+00
   2.7200000e+00   7.2555692e-01   1.0000000e+00
   2.7400000e+00   7.2488878e-01   1.0000000e+00
   2.7600000e+00   7.2388509e-01   1.0000000e+00
   2.7800000e+00   7.2293566e-01   1.0000000e+00
   2.8000000e+00   7.2230909e-01   1.0000000e+00
   2.8200000e+00   7.2200539e-01   1.0000000e+00
   2.8400000e+00   7.2040226e-01   1.0000000e+00
   2.8600000e+00   7.1879913e-01   1.0000000e+00
   2.8800000e+00   7.1719599e-01   1.0000000e+00
   2.9000000e+00   7.1519058e-01   1.0000000e+00
   2.9200000e+00   7.1326193e-01   1.0000000e+00
   2.9400000e+00   7.1141004e-01   1.0000000e+00
   2.9600000e+00   7.0963796e-01   1.0000000e+00
   2.9800000e+00   7.0770930e-01   1.0000000e+00
   3.0000000e+00   7.0562408e-01   1.0000000e+00
   3.0200000e+00   7.0402095e-01   1.0000000e+00
   3.0400000e+00   7.0265282e-01   1.0000000e+00
   3.0600000e+00   7.0151969e-01   1.0000000e+00
   3.0800000e+00   7.0009760e-01   1.0000000e+00
   3.1000000e+00   6.9870332e-01   1.0000000e+00
   3.1200000e+00   6.9733686e-01   1.0000000e+00
   3.1400000e+00   6.9638812e-01   1.0000000e+00
   3.1600000e+00   6.9564321e-01   1.0000000e+00
   3.1800000e+00   6.9510215e-01   1.0000000e+00
   3.2000000e+00   6.9349902e-01   1.0000000e+00
   3.2200000e+00   6.9210642e-01   1.0000000e+00
   3.2400000e+00   6.9092434e-01   1.0000000e+00
   3.2600000e+00   6.8863803e-01   1.0000000e+00
   3.2800000e+00   6.8570402e-01   1.0000000e+00
   3.3000000e+00   6.8212231e-01   1.0000000e+00
   3.3200000e+00   6.7806047e-01   1.0000000e+00
   3.3400000e+00   6.7469361e-01   1.0000000e+00
   3.3600000e+00   6.7202172e-01   1.0000000e+00
