   6.1000000e-01   9.6054783e-01   0.0000000e+00
   6.3000000e-01   9.4678682e-01   0.0000000e+00
   6.5000000e-01   9.2748290e-01   0.0000000e+00
   6.7000000e-01   9.0420433e-01   0.0000000e+00
   6.9000000e-01   8.7695110e-01   0.0000000e+00
   7.1000000e-01   8.5242942e-01   0.0000000e+00
   7.3000000e-01   8.2865298e-01   0.0000000e+00
   7.5000000e-01   8.0562179e-01   0.0000000e+00
   7.7000000e-01   7.8717266e-01   0.0000000e+00
   7.9000000e-01   7.7111451e-01   0.0000000e+00
   8.1000000e-01   7.5744736e-01   0.0000000e+00
   8.3000000e-01   7.4034729e-01   0.0000000e+00
   8.5000000e-01   7.2533913e-01   0.0000000e+00
   8.7000000e-01   7.1242287e-01   0.0000000e+00
   8.9000000e-01   7.0041045e-01   0.0000000e+00
   9.1000000e-01   6.8982949e-01   0.0000000e+00
   9.3000000e-01   6.8068002e-01   0.0000000e+00
   9.5000000e-01   6.7407908e-01   0.0000000e+00
   9.7000000e-01   6.6789585e-01   0.0000000e+00
   9.9000000e-01   6.6213034e-01   0.0000000e+00
   1.0100000e+00   6.5732095e-01   0.0000000e+00
   1.0300000e+00   6.5274857e-01   0.0000000e+00
   1.0500000e+00   6.4841321e-01   0.0000000e+00
   1.0700000e+00   6.4413819e-01   0.0000000e+00
   1.0900000e+00   6.4010387e-01   0.0000000e+00
   1.1100000e+00   6.3631026e-01   0.0000000e+00
   1.1300000e+00   6.3297996e-01   0.0000000e+00
   1.1500000e+00   6.2944449e-01   0.0000000e+00
   1.1700000e+00   6.2570385e-01   0.0000000e+00
   1.1900000e+00   6.2196321e-01   0.0000000e+00
   1.2100000e+00   6.1864766e-01   0.0000000e+00
   1.2300000e+00   6.1575719e-01   0.0000000e+00
   1.2500000e+00   6.1277688e-01   0.0000000e+00
   1.2700000e+00   6.0977948e-01   0.0000000e+00
   1.2900000e+00   6.0676497e-01   0.0000000e+00
   1.3100000e+00   6.0409308e-01   0.0000000e+00
   1.3300000e+00   6.0142120e-01   0.0000000e+00
   1.3500000e+00   5.9874931e-01   0.0000000e+00
   1.3700000e+00   5.9607743e-01   0.0000000e+00
   1.3900000e+00   5.9321747e-01   0.0000000e+00
   1.4100000e+00   5.9016945e-01   0.0000000e+00
   1.4300000e+00   5.8748213e-01   0.0000000e+00
   1.4500000e+00   5.8492691e-01   0.0000000e+00
   1.4700000e+00   5.8250379e-01   0.0000000e+00
   1.4900000e+00   5.7929753e-01   0.0000000e+00
   1.5100000e+00   5.7609126e-01   0.0000000e+00
   1.5300000e+00   5.7288500e-01   0.0000000e+00
   1.5500000e+00   5.6967874e-01   0.0000000e+00
   1.5700000e+00   5.6647248e-01   0.0000000e+00
   1.5900000e+00   5.6326621e-01   0.0000000e+00
   1.6100000e+00   5.6027048e-01   0.0000000e+00
   1.6300000e+00   5.5748360e-01   0.0000000e+00
   1.6500000e+00   5.5490558e-01   0.0000000e+00
   1.6700000e+00   5.5276807e-01   0.0000000e+00
   1.6900000e+00   5.5063056e-01   0.0000000e+00
   1.7100000e+00   5.4849305e-01   0.0000000e+00
   1.7300000e+00   5.4596064e-01   0.0000000e+00
   1.7500000e+00   5.4377585e-01   0.0000000e+00
   1.7700000e+00   5.4193870e-01   0.0000000e+00
   1.7900000e+00   5.4054679e-01   0.0000000e+00
   1.8100000e+00   5.3880453e-01   0.0000000e+00
   1.8300000e+00   5.3671194e-01   0.0000000e+00
   1.8500000e+00   5.3510881e-01   0.0000000e+00
   1.8700000e+00   5.3350568e-01   0.0000000e+00
   1.8900000e+00   5.3190255e-01   0.0000000e+00
   1.9100000e+00   5.2995345e-01   0.0000000e+00
   1.9300000e+00   5.2802480e-01   0.0000000e+00
   1.9500000e+00   5.2611659e-01   0.0000000e+00
   1.9700000e+00   5.2462609e-01   0.0000000e+00
   1.9900000e+00   5.2334647e-01   0.0000000e+00
   2.0100000e+00   5.2227771e-01   0.0000000e+00
   2.0300000e+00   5.2014827e-01   0.0000000e+00
   2.0500000e+00   5.1842847e-01   0.0000000e+00
   2.0700000e+00   5.1711833e-01   0.0000000e+00
   2.0900000e+00   5.1575256e-01   0.0000000e+00
   2.1100000e+00   5.1426810e-01   0.0000000e+00
   2.1300000e+00   5.1266497e-01   0.0000000e+00
   2.1500000e+00   5.1112553e-01   0.0000000e+00
   2.1700000e+00   5.0982143e-01   0.0000000e+00
   2.1900000e+00   5.0875268e-01   0.0000000e+00
   2.2100000e+00   5.0672112e-01   0.0000000e+00
   2.2300000e+00   5.0463659e-01   0.0000000e+00
   2.2500000e+00   5.0249908e-01   0.0000000e+00
   2.2700000e+00   5.0036157e-01   0.0000000e+00
   2.2900000e+00   4.9828977e-01   0.0000000e+00
   2.3100000e+00   4.9628367e-01   0.0000000e+00
   2.3300000e+00   4.9466579e-01   0.0000000e+00
   2.3500000e+00   4.9278810e-01   0.0000000e+00
   2.3700000e+00   4.9065060e-01   0.0000000e+00
   2.3900000e+00   4.8894554e-01   0.0000000e+00
   2.4100000e+00   4.8713356e-01   0.0000000e+00
   2.4300000e+00   4.8521463e-01   0.0000000e+00
   2.4500000e+00   4.8347538e-01   0.0000000e+00
   2.4700000e+00   4.8207137e-01   0.0000000e+00
   2.4900000e+00   4.8100262e-01   0.0000000e+00
   2.5100000e+00   4.7993386e-01   0.0000000e+00
   2.5300000e+00   4.7861502e-01   0.0000000e+00
   2.5500000e+00   4.7704610e-01   0.0000000e+00
   2.5700000e+00   4.7582647e-01   0.0000000e+00
   2.5900000e+00   4.7468228e-01   0.0000000e+00
   2.6100000e+00   4.7361353e-01   0.0000000e+00
   2.6300000e+00   4.7254478e-01   0.0000000e+00
   2.6500000e+00   4.7147602e-01   0.0000000e+00
   2.6700000e+00   4.7040727e-01   0.0000000e+00
   2.6900000e+00   4.6933851e-01   0.0000000e+00
   2.7100000e+00   4.6849537e-01   0.0000000e+00
   2.7300000e+00   4.6787785e-01   0.0000000e+00
   2.7500000e+00   4.6700891e-01   0.0000000e+00
   2.7700000e+00   4.6614901e-01   0.0000000e+00
   2.7900000e+00   4.6529815e-01   0.0000000e+00
   2.8100000e+00   4.6466254e-01   0.0000000e+00
   2.8300000e+00   4.6381036e-01   0.0000000e+00
   2.8500000e+00   4.6274161e-01   0.0000000e+00
   2.0000000e+00   7.6917908e-01   1.0000000e+00
   2.0200000e+00   7.6810629e-01   1.0000000e+00
   2.0400000e+00   7.6756386e-01   1.0000000e+00
   2.0600000e+00   7.6702948e-01   1.0000000e+00
   2.0800000e+00   7.6575256e-01   1.0000000e+00
   2.1000000e+00   7.6373309e-01   1.0000000e+00
   2.1200000e+00   7.6106789e-01   1.0000000e+00
   2.1400000e+00   7.5893372e-01   1.0000000e+00
   2.1600000e+00   7.5733059e-01   1.0000000e+00
   2.1800000e+00   7.5572746e-01   1.0000000e+00
   2.2000000e+00   7.5412433e-01   1.0000000e+00
   2.2200000e+00   7.5252120e-01   1.0000000e+00
   2.2400000e+00   7.5091807e-01   1.0000000e+00
   2.2600000e+00   7.4919090e-01   1.0000000e+00
   2.2800000e+00   7.4733969e-01   1.0000000e+00
   2.3000000e+00   7.4533359e-01   1.0000000e+00
   2.3200000e+00   7.4352898e-01   1.0000000e+00
   2.3400000e+00   7.4192585e-01   1.0000000e+00
   2.3600000e+00   7.4032272e-01   1.0000000e+00
   2.3800000e+00   7.3850336e-01   1.0000000e+00
   2.4000000e+00   7.3646777e-01   1.0000000e+00
   2.4200000e+00   7.3433026e-01   1.0000000e+00
   2.4400000e+00   7.3219276e-01   1.0000000e+00
   2.4600000e+00   7.3005525e-01   1.0000000e+00
   2.4800000e+00   7.2800020e-01   1.0000000e+00
   2.5000000e+00   7.2617111e-01   1.0000000e+00
   2.5200000e+00   7.2456798e-01   1.0000000e+00
   2.5400000e+00   7.2296485e-01   1.0000000e+00
   2.5600000e+00   7.2155347e-01   1.0000000e+00
   2.5800000e+00   7.2033385e-01   1.0000000e+00
   2.6000000e+00   7.1926510e-01   1.0000000e+00
   2.6200000e+00   7.1819634e-01   1.0000000e+00
   2.6400000e+00   7.1712759e-01   1.0000000e+00
   2.6600000e+00   7.1605883e-01   1.0000000e+00
   2.6800000e+00   7.1499008e-01   1.0000000e+00
   2.7000000e+00   7.1392133e-01   1.0000000e+00
   2.7200000e+00   7.1330380e-01   1.0000000e+00
   2.7400000e+00   7.1256056e-01   1.0000000e+00
   2.7600000e+00   7.1169163e-01   1.0000000e+00
   2.7800000e+00   7.1040497e-01   1.0000000e+00
   2.8000000e+00   7.0896008e-01   1.0000000e+00
   2.8200000e+00   7.0735695e-01   1.0000000e+00
   2.8400000e+00   7.0575382e-01   1.0000000e+00
   2.8600000e+00   7.0415069e-01   1.0000000e+00
   2.8800000e+00   7.0254756e-01   1.0000000e+00
   2.9000000e+00   7.0094443e-01   1.0000000e+00
   2.9200000e+00   6.9919849e-01   1.0000000e+00
   2.9400000e+00   6.9730974e-01   1.0000000e+00
   2.9600000e+00   6.9551013e-01   1.0000000e+00
   2.9800000e+00   6.9407595e-01   1.0000000e+00
   3.0000000e+00   6.9300720e-01   1.0000000e+00
   3.0200000e+00   6.9193845e-01   1.0000000e+00
   3.0400000e+00   6.9086969e-01   1.0000000e+00
   3.0600000e+00   6.8980094e-01   1.0000000e+00
   3.0800000e+00   6.8873218e-01   1.0000000e+00
   3.1000000e+00   6.8754510e-01   1.0000000e+00
   3.1200000e+00   6.8623967e-01   1.0000000e+00
   3.1400000e+00   6.8463654e-01   1.0000000e+00
   3.1600000e+00   6.8303174e-01   1.0000000e+00
   3.1800000e+00   6.8142527e-01   1.0000000e+00
   3.2000000e+00   6.7928776e-01   1.0000000e+00
   3.2200000e+00   6.7736078e-01   1.0000000e+00
   3.2400000e+00   6.7564432e-01   1.0000000e+00
   3.2600000e+00   6.7343241e-01   1.0000000e+00
   3.2800000e+00   6.7099052e-01   1.0000000e+00
   3.3000000e+00   6.6831863e-01   1.0000000e+00
   3.3200000e+00   6.6585992e-01   1.0000000e+00
   3.3400000e+00   6.6409619e-01   1.0000000e+00
   3.3600000e+00   6.6302744e-01   1.0000000e+00
   3.3800000e+00   6.6049237e-01   1.0000000e+00
