   6.1000000e-01   9.6511250e-01   0.0000000e+00
   6.3000000e-01   9.5218356e-01   0.0000000e+00
   6.5000000e-01   9.3203616e-01   0.0000000e+00
   6.7000000e-01   9.0940460e-01   0.0000000e+00
   6.9000000e-01   8.8428888e-01   0.0000000e+00
   7.1000000e-01   8.6053893e-01   0.0000000e+00
   7.3000000e-01   8.3623048e-01   0.0000000e+00
   7.5000000e-01   8.1136352e-01   0.0000000e+00
   7.7000000e-01   7.9214933e-01   0.0000000e+00
   7.9000000e-01   7.7678145e-01   0.0000000e+00
   8.1000000e-01   7.6525986e-01   0.0000000e+00
   8.3000000e-01   7.4815979e-01   0.0000000e+00
   8.5000000e-01   7.3236717e-01   0.0000000e+00
   8.7000000e-01   7.1788198e-01   0.0000000e+00
   8.9000000e-01   7.0345380e-01   0.0000000e+00
   9.1000000e-01   6.8989456e-01   0.0000000e+00
   9.3000000e-01   6.7720426e-01   0.0000000e+00
   9.5000000e-01   6.6684725e-01   0.0000000e+00
   9.7000000e-01   6.5747821e-01   0.0000000e+00
   9.9000000e-01   6.4909713e-01   0.0000000e+00
   1.0100000e+00   6.4215022e-01   0.0000000e+00
   1.0300000e+00   6.3472929e-01   0.0000000e+00
   1.0500000e+00   6.2683433e-01   0.0000000e+00
   1.0700000e+00   6.2060550e-01   0.0000000e+00
   1.0900000e+00   6.1457850e-01   0.0000000e+00
   1.1100000e+00   6.0875333e-01   0.0000000e+00
   1.1300000e+00   6.0271291e-01   0.0000000e+00
   1.1500000e+00   5.9728432e-01   0.0000000e+00
   1.1700000e+00   5.9246756e-01   0.0000000e+00
   1.1900000e+00   5.8712379e-01   0.0000000e+00
   1.2100000e+00   5.8178002e-01   0.0000000e+00
   1.2300000e+00   5.7643625e-01   0.0000000e+00
   1.2500000e+00   5.7109248e-01   0.0000000e+00
   1.2700000e+00   5.6574871e-01   0.0000000e+00
   1.2900000e+00   5.6040493e-01   0.0000000e+00
   1.3100000e+00   5.5506116e-01   0.0000000e+00
   1.3300000e+00   5.4971739e-01   0.0000000e+00
   1.3500000e+00   5.4437362e-01   0.0000000e+00
   1.3700000e+00   5.3952266e-01   0.0000000e+00
   1.3900000e+00   5.3450441e-01   0.0000000e+00
   1.4100000e+00   5.2931888e-01   0.0000000e+00
   1.4300000e+00   5.2449405e-01   0.0000000e+00
   1.4500000e+00   5.2001553e-01   0.0000000e+00
   1.4700000e+00   5.1588333e-01   0.0000000e+00
   1.4900000e+00   5.1214269e-01   0.0000000e+00
   1.5100000e+00   5.0840205e-01   0.0000000e+00
   1.5300000e+00   5.0466141e-01   0.0000000e+00
   1.5500000e+00   5.0047691e-01   0.0000000e+00
   1.5700000e+00   4.9673794e-01   0.0000000e+00
   1.5900000e+00   4.9344450e-01   0.0000000e+00
   1.6100000e+00   4.9056209e-01   0.0000000e+00
   1.6300000e+00   4.8756468e-01   0.0000000e+00
   1.6500000e+00   4.8445228e-01   0.0000000e+00
   1.6700000e+00   4.8178040e-01   0.0000000e+00
   1.6900000e+00   4.7910851e-01   0.0000000e+00
   1.7100000e+00   4.7643663e-01   0.0000000e+00
   1.7300000e+00   4.7455456e-01   0.0000000e+00
   1.7500000e+00   4.7267284e-01   0.0000000e+00
   1.7700000e+00   4.7079147e-01   0.0000000e+00
   1.7900000e+00   4.6881554e-01   0.0000000e+00
   1.8100000e+00   4.6707093e-01   0.0000000e+00
   1.8300000e+00   4.6555763e-01   0.0000000e+00
   1.8500000e+00   4.6502325e-01   0.0000000e+00
   1.8700000e+00   4.6425756e-01   0.0000000e+00
   1.8900000e+00   4.6326055e-01   0.0000000e+00
   1.9100000e+00   4.6253776e-01   0.0000000e+00
   1.9300000e+00   4.6190918e-01   0.0000000e+00
   1.9500000e+00   4.6137480e-01   0.0000000e+00
   1.9700000e+00   4.6072779e-01   0.0000000e+00
   1.9900000e+00   4.5986991e-01   0.0000000e+00
   2.0100000e+00   4.5880115e-01   0.0000000e+00
   2.0300000e+00   4.5826275e-01   0.0000000e+00
   2.0500000e+00   4.5751951e-01   0.0000000e+00
   2.0700000e+00   4.5657145e-01   0.0000000e+00
   2.0900000e+00   4.5550270e-01   0.0000000e+00
   2.1100000e+00   4.5443394e-01   0.0000000e+00
   2.1300000e+00   4.5336519e-01   0.0000000e+00
   2.1500000e+00   4.5229644e-01   0.0000000e+00
   2.1700000e+00   4.5122768e-01   0.0000000e+00
   2.1900000e+00   4.5015893e-01   0.0000000e+00
   2.2100000e+00   4.4909017e-01   0.0000000e+00
   2.2300000e+00   4.4765668e-01   0.0000000e+00
   2.2500000e+00   4.4585846e-01   0.0000000e+00
   2.2700000e+00   4.4421709e-01   0.0000000e+00
   2.2900000e+00   4.4286203e-01   0.0000000e+00
   2.3100000e+00   4.4179328e-01   0.0000000e+00
   2.3300000e+00   4.4069504e-01   0.0000000e+00
   2.3500000e+00   4.3907717e-01   0.0000000e+00
   2.3700000e+00   4.3693966e-01   0.0000000e+00
   2.3900000e+00   4.3566706e-01   0.0000000e+00
   2.4100000e+00   4.3465428e-01   0.0000000e+00
   2.4300000e+00   4.3390132e-01   0.0000000e+00
   2.4500000e+00   4.3316781e-01   0.0000000e+00
   2.4700000e+00   4.3226668e-01   0.0000000e+00
   2.4900000e+00   4.3119793e-01   0.0000000e+00
   2.5100000e+00   4.3012918e-01   0.0000000e+00
   2.5300000e+00   4.2931051e-01   0.0000000e+00
   2.5500000e+00   4.2874193e-01   0.0000000e+00
   2.5700000e+00   4.2820755e-01   0.0000000e+00
   2.5900000e+00   4.2767317e-01   0.0000000e+00
   2.6100000e+00   4.2713880e-01   0.0000000e+00
   2.6300000e+00   4.2660442e-01   0.0000000e+00
   2.6500000e+00   4.2608680e-01   0.0000000e+00
   2.6700000e+00   4.2558594e-01   0.0000000e+00
   2.6900000e+00   4.2558594e-01   0.0000000e+00
   2.7100000e+00   4.2558594e-01   0.0000000e+00
   2.7300000e+00   4.2558594e-01   0.0000000e+00
   2.7500000e+00   4.2558594e-01   0.0000000e+00
   2.7700000e+00   4.2558594e-01   0.0000000e+00
   2.7900000e+00   4.2558594e-01   0.0000000e+00
   2.8100000e+00   4.2558594e-01   0.0000000e+00
   2.8300000e+00   4.2558594e-01   0.0000000e+00
   2.8500000e+00   4.2558594e-01   0.0000000e+00
   2.8700000e+00   4.2558594e-01   0.0000000e+00
   2.8900000e+00   4.2558594e-01   0.0000000e+00
   2.9100000e+00   4.2558594e-01   0.0000000e+00
   2.9300000e+00   4.2501470e-01   0.0000000e+00
   2.9500000e+00   4.2436366e-01   0.0000000e+00
   2.9700000e+00   4.2363281e-01   0.0000000e+00
   2.9900000e+00   4.2358053e-01   0.0000000e+00
   3.0100000e+00   4.2328719e-01   0.0000000e+00
   3.0300000e+00   4.2275282e-01   0.0000000e+00
   3.0500000e+00   4.2221844e-01   0.0000000e+00
   3.0700000e+00   4.2168406e-01   0.0000000e+00
   3.0900000e+00   4.2114968e-01   0.0000000e+00
   3.1100000e+00   4.2061531e-01   0.0000000e+00
   3.1300000e+00   4.2002093e-01   0.0000000e+00
   3.1500000e+00   4.1936654e-01   0.0000000e+00
   3.1700000e+00   4.1830113e-01   0.0000000e+00
   3.1900000e+00   4.1750124e-01   0.0000000e+00
   3.2100000e+00   4.1696686e-01   0.0000000e+00
   3.2300000e+00   4.1559038e-01   0.0000000e+00
   3.2500000e+00   4.1455715e-01   0.0000000e+00
   3.2700000e+00   4.1386719e-01   0.0000000e+00
   3.2900000e+00   4.1349174e-01   0.0000000e+00
   3.3100000e+00   4.1280517e-01   0.0000000e+00
   3.3300000e+00   4.1180747e-01   0.0000000e+00
   3.3500000e+00   4.1127310e-01   0.0000000e+00
   3.3700000e+00   4.1073872e-01   0.0000000e+00
   3.3900000e+00   4.1020434e-01   0.0000000e+00
   3.4100000e+00   4.1004207e-01   0.0000000e+00
   3.4300000e+00   4.1034410e-01   0.0000000e+00
   3.4500000e+00   4.1111043e-01   0.0000000e+00
   2.0100000e+00   7.0391834e-01   1.0000000e+00
   2.0300000e+00   7.0337993e-01   1.0000000e+00
   2.0500000e+00   7.0284354e-01   1.0000000e+00
   2.0700000e+00   7.0230916e-01   1.0000000e+00
   2.0900000e+00   7.0177479e-01   1.0000000e+00
   2.1100000e+00   7.0133059e-01   1.0000000e+00
   2.1300000e+00   7.0097656e-01   1.0000000e+00
   2.1500000e+00   7.0104025e-01   1.0000000e+00
   2.1700000e+00   7.0133928e-01   1.0000000e+00
   2.1900000e+00   7.0187366e-01   1.0000000e+00
   2.2100000e+00   7.0144524e-01   1.0000000e+00
   2.2300000e+00   7.0078147e-01   1.0000000e+00
   2.2500000e+00   6.9988235e-01   1.0000000e+00
   2.2700000e+00   6.9906167e-01   1.0000000e+00
   2.2900000e+00   6.9825273e-01   1.0000000e+00
   2.3100000e+00   6.9745554e-01   1.0000000e+00
   2.3300000e+00   6.9583767e-01   1.0000000e+00
   2.3500000e+00   6.9395998e-01   1.0000000e+00
   2.3700000e+00   6.9182247e-01   1.0000000e+00
   2.3900000e+00   6.9011742e-01   1.0000000e+00
   2.4100000e+00   6.8830543e-01   1.0000000e+00
   2.4300000e+00   6.8638651e-01   1.0000000e+00
   2.4500000e+00   6.8424900e-01   1.0000000e+00
   2.4700000e+00   6.8207026e-01   1.0000000e+00
   2.4900000e+00   6.7985029e-01   1.0000000e+00
   2.5100000e+00   6.7717841e-01   1.0000000e+00
   2.5300000e+00   6.7475661e-01   1.0000000e+00
   2.5500000e+00   6.7258490e-01   1.0000000e+00
   2.5700000e+00   6.7044739e-01   1.0000000e+00
   2.5900000e+00   6.6830988e-01   1.0000000e+00
   2.6100000e+00   6.6617237e-01   1.0000000e+00
   2.6300000e+00   6.6418504e-01   1.0000000e+00
   2.6500000e+00   6.6235630e-01   1.0000000e+00
   2.6700000e+00   6.6068614e-01   1.0000000e+00
   2.6900000e+00   6.5801425e-01   1.0000000e+00
   2.7100000e+00   6.5556798e-01   1.0000000e+00
   2.7300000e+00   6.5334732e-01   1.0000000e+00
   2.7500000e+00   6.5154438e-01   1.0000000e+00
   2.7700000e+00   6.4995029e-01   1.0000000e+00
   2.7900000e+00   6.4856506e-01   1.0000000e+00
   2.8100000e+00   6.4729384e-01   1.0000000e+00
   2.8300000e+00   6.4558947e-01   1.0000000e+00
   2.8500000e+00   6.4345196e-01   1.0000000e+00
   2.8700000e+00   6.4287129e-01   1.0000000e+00
   2.8900000e+00   6.4211263e-01   1.0000000e+00
   2.9100000e+00   6.4117597e-01   1.0000000e+00
   2.9300000e+00   6.4010722e-01   1.0000000e+00
   2.9500000e+00   6.3912294e-01   1.0000000e+00
   2.9700000e+00   6.3822313e-01   1.0000000e+00
   2.9900000e+00   6.3768876e-01   1.0000000e+00
   3.0100000e+00   6.3715438e-01   1.0000000e+00
   3.0300000e+00   6.3662000e-01   1.0000000e+00
   3.0500000e+00   6.3655563e-01   1.0000000e+00
   3.0700000e+00   6.3652344e-01   1.0000000e+00
   3.0900000e+00   6.3652344e-01   1.0000000e+00
