   6.0000000e-01   9.7353009e-01   0.0000000e+00
   6.2000000e-01   9.6075536e-01   0.0000000e+00
   6.4000000e-01   9.4461781e-01   0.0000000e+00
   6.6000000e-01   9.2511742e-01   0.0000000e+00
   6.8000000e-01   9.0213921e-01   0.0000000e+00
   7.0000000e-01   8.8075439e-01   0.0000000e+00
   7.2000000e-01   8.6096298e-01   0.0000000e+00
   7.4000000e-01   8.3596933e-01   0.0000000e+00
   7.6000000e-01   8.1286237e-01   0.0000000e+00
   7.8000000e-01   7.9164208e-01   0.0000000e+00
   8.0000000e-01   7.7936753e-01   0.0000000e+00
   8.2000000e-01   7.6494741e-01   0.0000000e+00
   8.4000000e-01   7.4838172e-01   0.0000000e+00
   8.6000000e-01   7.3547686e-01   0.0000000e+00
   8.8000000e-01   7.2179929e-01   0.0000000e+00
   9.0000000e-01   7.0734899e-01   0.0000000e+00
   9.2000000e-01   6.9412432e-01   0.0000000e+00
   9.4000000e-01   6.8223927e-01   0.0000000e+00
   9.6000000e-01   6.7169384e-01   0.0000000e+00
   9.8000000e-01   6.6373451e-01   0.0000000e+00
   1.0000000e+00   6.5601420e-01   0.0000000e+00
   1.0200000e+00   6.4853292e-01   0.0000000e+00
   1.0400000e+00   6.4247373e-01   0.0000000e+00
   1.0600000e+00   6.3686243e-01   0.0000000e+00
   1.0800000e+00   6.3169901e-01   0.0000000e+00
   1.1000000e+00   6.2640822e-01   0.0000000e+00
   1.1200000e+00   6.2100980e-01   0.0000000e+00
   1.1400000e+00   6.1550376e-01   0.0000000e+00
   1.1600000e+00   6.1122874e-01   0.0000000e+00
   1.1800000e+00   6.0695372e-01   0.0000000e+00
   1.2000000e+00   6.0267871e-01   0.0000000e+00
   1.2200000e+00   5.9840369e-01   0.0000000e+00
   1.2400000e+00   5.9397447e-01   0.0000000e+00
   1.2600000e+00   5.8939103e-01   0.0000000e+00
   1.2800000e+00   5.8477339e-01   0.0000000e+00
   1.3000000e+00   5.8025198e-01   0.0000000e+00
   1.3200000e+00   5.7582678e-01   0.0000000e+00
   1.3400000e+00   5.7048301e-01   0.0000000e+00
   1.3600000e+00   5.6538564e-01   0.0000000e+00
   1.3800000e+00   5.6053467e-01   0.0000000e+00
   1.4000000e+00   5.5534914e-01   0.0000000e+00
   1.4200000e+00   5.5021423e-01   0.0000000e+00
   1.4400000e+00   5.4512993e-01   0.0000000e+00
   1.4600000e+00   5.4032054e-01   0.0000000e+00
   1.4800000e+00   5.3552421e-01   0.0000000e+00
   1.5000000e+00   5.3074096e-01   0.0000000e+00
   1.5200000e+00   5.2646595e-01   0.0000000e+00
   1.5400000e+00   5.2196900e-01   0.0000000e+00
   1.5600000e+00   5.1725013e-01   0.0000000e+00
   1.5800000e+00   5.1374950e-01   0.0000000e+00
   1.6000000e+00   5.1076851e-01   0.0000000e+00
   1.6200000e+00   5.0830715e-01   0.0000000e+00
   1.6400000e+00   5.0626351e-01   0.0000000e+00
   1.6600000e+00   5.0444012e-01   0.0000000e+00
   1.6800000e+00   5.0283699e-01   0.0000000e+00
   1.7000000e+00   5.0174543e-01   0.0000000e+00
   1.7200000e+00   5.0066527e-01   0.0000000e+00
   1.7400000e+00   4.9959652e-01   0.0000000e+00
   1.7600000e+00   4.9824952e-01   0.0000000e+00
   1.7800000e+00   4.9677446e-01   0.0000000e+00
   1.8000000e+00   4.9517133e-01   0.0000000e+00
   1.8200000e+00   4.9361311e-01   0.0000000e+00
   1.8400000e+00   4.9229962e-01   0.0000000e+00
   1.8600000e+00   4.9123087e-01   0.0000000e+00
   1.8800000e+00   4.8969949e-01   0.0000000e+00
   1.9000000e+00   4.8795925e-01   0.0000000e+00
   1.9200000e+00   4.8601015e-01   0.0000000e+00
   1.9400000e+00   4.8433125e-01   0.0000000e+00
   1.9600000e+00   4.8290110e-01   0.0000000e+00
   1.9800000e+00   4.8171971e-01   0.0000000e+00
   2.0000000e+00   4.8011658e-01   0.0000000e+00
   2.0200000e+00   4.7877862e-01   0.0000000e+00
   2.0400000e+00   4.7770583e-01   0.0000000e+00
   2.0600000e+00   4.7663708e-01   0.0000000e+00
   2.0800000e+00   4.7527131e-01   0.0000000e+00
   2.1000000e+00   4.7360852e-01   0.0000000e+00
   2.1200000e+00   4.7183172e-01   0.0000000e+00
   2.1400000e+00   4.7037709e-01   0.0000000e+00
   2.1600000e+00   4.6924465e-01   0.0000000e+00
   2.1800000e+00   4.6764152e-01   0.0000000e+00
   2.2000000e+00   4.6603839e-01   0.0000000e+00
   2.2200000e+00   4.6443526e-01   0.0000000e+00
   2.2400000e+00   4.6283213e-01   0.0000000e+00
   2.2600000e+00   4.6110496e-01   0.0000000e+00
   2.2800000e+00   4.5925376e-01   0.0000000e+00
   2.3000000e+00   4.5724766e-01   0.0000000e+00
   2.3200000e+00   4.5545041e-01   0.0000000e+00
   2.3400000e+00   4.5386202e-01   0.0000000e+00
   2.3600000e+00   4.5279327e-01   0.0000000e+00
   2.3800000e+00   4.5172451e-01   0.0000000e+00
   2.4000000e+00   4.5065576e-01   0.0000000e+00
   2.4200000e+00   4.4958701e-01   0.0000000e+00
   2.4400000e+00   4.4861782e-01   0.0000000e+00
   2.4600000e+00   4.4774819e-01   0.0000000e+00
   2.4800000e+00   4.4713135e-01   0.0000000e+00
   2.5000000e+00   4.4628855e-01   0.0000000e+00
   2.5200000e+00   4.4521980e-01   0.0000000e+00
   2.5400000e+00   4.4465122e-01   0.0000000e+00
   2.5600000e+00   4.4409974e-01   0.0000000e+00
   2.5800000e+00   4.4356536e-01   0.0000000e+00
   2.6000000e+00   4.4276414e-01   0.0000000e+00
   2.6200000e+00   4.4190424e-01   0.0000000e+00
   2.6400000e+00   4.4098567e-01   0.0000000e+00
   2.6600000e+00   4.4045129e-01   0.0000000e+00
   2.6800000e+00   4.3991691e-01   0.0000000e+00
   2.7000000e+00   4.3938254e-01   0.0000000e+00
   2.7200000e+00   4.3839693e-01   0.0000000e+00
   2.7400000e+00   4.3753704e-01   0.0000000e+00
   2.7600000e+00   4.3680284e-01   0.0000000e+00
   2.7800000e+00   4.3605057e-01   0.0000000e+00
   2.8000000e+00   4.3519067e-01   0.0000000e+00
   2.8200000e+00   4.3422315e-01   0.0000000e+00
   2.8400000e+00   4.3368877e-01   0.0000000e+00
   2.8600000e+00   4.3289492e-01   0.0000000e+00
   2.8800000e+00   4.3184160e-01   0.0000000e+00
   2.9000000e+00   4.3077285e-01   0.0000000e+00
   2.9200000e+00   4.2998971e-01   0.0000000e+00
   2.9400000e+00   4.2949219e-01   0.0000000e+00
   2.9600000e+00   4.2915428e-01   0.0000000e+00
   2.9800000e+00   4.2847710e-01   0.0000000e+00
   3.0000000e+00   4.2746063e-01   0.0000000e+00
   3.0200000e+00   4.2692625e-01   0.0000000e+00
   3.0400000e+00   4.2639188e-01   0.0000000e+00
   3.0600000e+00   4.2585750e-01   0.0000000e+00
   3.0800000e+00   4.2496979e-01   0.0000000e+00
   3.1000000e+00   4.2410989e-01   0.0000000e+00
   3.1200000e+00   4.2327781e-01   0.0000000e+00
   3.1400000e+00   4.2262342e-01   0.0000000e+00
   3.1600000e+00   4.2176186e-01   0.0000000e+00
   3.1800000e+00   4.2069310e-01   0.0000000e+00
   3.2000000e+00   4.1962435e-01   0.0000000e+00
   3.2200000e+00   4.1855559e-01   0.0000000e+00
   3.2400000e+00   4.1748684e-01   0.0000000e+00
   3.2600000e+00   4.1672247e-01   0.0000000e+00
   3.2800000e+00   4.1597924e-01   0.0000000e+00
   3.3000000e+00   4.1525714e-01   0.0000000e+00
   3.3200000e+00   4.1425945e-01   0.0000000e+00
   3.3400000e+00   4.1349341e-01   0.0000000e+00
   3.3600000e+00   4.1295903e-01   0.0000000e+00
   3.3800000e+00   4.1144711e-01   0.0000000e+00
   3.4000000e+00   4.1026169e-01   0.0000000e+00
   3.4200000e+00   4.0940278e-01   0.0000000e+00
   3.4400000e+00   4.0886840e-01   0.0000000e+00
   3.4600000e+00   4.0840341e-01   0.0000000e+00
   3.4800000e+00   4.0800781e-01   0.0000000e+00
   3.5000000e+00   4.0798570e-01   0.0000000e+00
   3.5200000e+00   4.0770745e-01   0.0000000e+00
   3.5400000e+00   4.0717308e-01   0.0000000e+00
   3.5600000e+00   4.0663870e-01   0.0000000e+00
   3.5800000e+00   4.0626590e-01   0.0000000e+00
   3.6000000e+00   4.0605469e-01   0.0000000e+00
   3.6200000e+00   4.0688067e-01   0.0000000e+00
   2.0000000e+00   7.2468730e-01   1.0000000e+00
   2.0200000e+00   7.2415292e-01   1.0000000e+00
   2.0400000e+00   7.2361854e-01   1.0000000e+00
   2.0600000e+00   7.2267048e-01   1.0000000e+00
   2.0800000e+00   7.2151357e-01   1.0000000e+00
   2.1000000e+00   7.2014779e-01   1.0000000e+00
   2.1200000e+00   7.1890537e-01   1.0000000e+00
   2.1400000e+00   7.1795328e-01   1.0000000e+00
   2.1600000e+00   7.1729153e-01   1.0000000e+00
   2.1800000e+00   7.1568840e-01   1.0000000e+00
   2.2000000e+00   7.1384456e-01   1.0000000e+00
   2.2200000e+00   7.1176003e-01   1.0000000e+00
   2.2400000e+00   7.0962252e-01   1.0000000e+00
   2.2600000e+00   7.0760905e-01   1.0000000e+00
   2.2800000e+00   7.0571962e-01   1.0000000e+00
   2.3000000e+00   7.0424789e-01   1.0000000e+00
   2.3200000e+00   7.0297028e-01   1.0000000e+00
   2.3400000e+00   7.0188678e-01   1.0000000e+00
   2.3600000e+00   7.0028365e-01   1.0000000e+00
   2.3800000e+00   6.9889675e-01   1.0000000e+00
   2.4000000e+00   6.9772607e-01   1.0000000e+00
   2.4200000e+00   6.9665732e-01   1.0000000e+00
   2.4400000e+00   6.9568813e-01   1.0000000e+00
   2.4600000e+00   6.9481850e-01   1.0000000e+00
   2.4800000e+00   6.9403674e-01   1.0000000e+00
   2.5000000e+00   6.9257711e-01   1.0000000e+00
   2.5200000e+00   6.9043960e-01   1.0000000e+00
   2.5400000e+00   6.8880226e-01   1.0000000e+00
   2.5600000e+00   6.8718203e-01   1.0000000e+00
   2.5800000e+00   6.8557890e-01   1.0000000e+00
   2.6000000e+00   6.8344208e-01   1.0000000e+00
   2.6200000e+00   6.8103773e-01   1.0000000e+00
   2.6400000e+00   6.7836584e-01   1.0000000e+00
   2.6600000e+00   6.7576099e-01   1.0000000e+00
   2.6800000e+00   6.7365699e-01   1.0000000e+00
   2.7000000e+00   6.7205386e-01   1.0000000e+00
   2.7200000e+00   6.7135319e-01   1.0000000e+00
   2.7400000e+00   6.7056838e-01   1.0000000e+00
   2.7600000e+00   6.6969944e-01   1.0000000e+00
   2.7800000e+00   6.6884858e-01   1.0000000e+00
   2.8000000e+00   6.6820658e-01   1.0000000e+00
   2.8200000e+00   6.6777344e-01   1.0000000e+00
   2.8400000e+00   6.6777344e-01   1.0000000e+00
   2.8600000e+00   6.6751396e-01   1.0000000e+00
   2.8800000e+00   6.6699502e-01   1.0000000e+00
   2.9000000e+00   6.6726520e-01   1.0000000e+00
   2.9200000e+00   6.6723906e-01   1.0000000e+00
   2.9400000e+00   6.6691659e-01   1.0000000e+00
   2.9600000e+00   6.6567888e-01   1.0000000e+00
   2.9800000e+00   6.6425846e-01   1.0000000e+00
   3.0000000e+00   6.6265533e-01   1.0000000e+00
   3.0200000e+00   6.6105220e-01   1.0000000e+00
   3.0400000e+00   6.5921407e-01   1.0000000e+00
   3.0600000e+00   6.5714094e-01   1.0000000e+00
   3.0800000e+00   6.5394343e-01   1.0000000e+00
   3.1000000e+00   6.5082936e-01   1.0000000e+00
   3.1200000e+00   6.4779873e-01   1.0000000e+00
   3.1400000e+00   6.4566122e-01   1.0000000e+00
   3.1600000e+00   6.4352538e-01   1.0000000e+00
   3.1800000e+00   6.4139121e-01   1.0000000e+00
   3.2000000e+00   6.3978808e-01   1.0000000e+00
   3.2200000e+00   6.3818495e-01   1.0000000e+00
   3.2400000e+00   6.3658182e-01   1.0000000e+00
