   6.0000000e-01   9.8850641e-01   0.0000000e+00
   6.2000000e-01   9.7544469e-01   0.0000000e+00
   6.4000000e-01   9.6126360e-01   0.0000000e+00
   6.6000000e-01   9.4596314e-01   0.0000000e+00
   6.8000000e-01   9.2619119e-01   0.0000000e+00
   7.0000000e-01   9.0573635e-01   0.0000000e+00
   7.2000000e-01   8.8459863e-01   0.0000000e+00
   7.4000000e-01   8.6390073e-01   0.0000000e+00
   7.6000000e-01   8.4439730e-01   0.0000000e+00
   7.8000000e-01   8.2608832e-01   0.0000000e+00
   8.0000000e-01   8.1048612e-01   0.0000000e+00
   8.2000000e-01   7.9466937e-01   0.0000000e+00
   8.4000000e-01   7.7863806e-01   0.0000000e+00
   8.6000000e-01   7.6522162e-01   0.0000000e+00
   8.8000000e-01   7.5305263e-01   0.0000000e+00
   9.0000000e-01   7.4213107e-01   0.0000000e+00
   9.2000000e-01   7.3313649e-01   0.0000000e+00
   9.4000000e-01   7.2471787e-01   0.0000000e+00
   9.6000000e-01   7.1687519e-01   0.0000000e+00
   9.8000000e-01   7.0961918e-01   0.0000000e+00
   1.0000000e+00   7.0331929e-01   0.0000000e+00
   1.0200000e+00   6.9797552e-01   0.0000000e+00
   1.0400000e+00   6.9310578e-01   0.0000000e+00
   1.0600000e+00   6.8844490e-01   0.0000000e+00
   1.0800000e+00   6.8399287e-01   0.0000000e+00
   1.1000000e+00   6.7947715e-01   0.0000000e+00
   1.1200000e+00   6.7487662e-01   0.0000000e+00
   1.1400000e+00   6.7019126e-01   0.0000000e+00
   1.1600000e+00   6.6592361e-01   0.0000000e+00
   1.1800000e+00   6.6191947e-01   0.0000000e+00
   1.2000000e+00   6.5817883e-01   0.0000000e+00
   1.2200000e+00   6.5443819e-01   0.0000000e+00
   1.2400000e+00   6.5069755e-01   0.0000000e+00
   1.2600000e+00   6.4695691e-01   0.0000000e+00
   1.2800000e+00   6.4302452e-01   0.0000000e+00
   1.3000000e+00   6.3892082e-01   0.0000000e+00
   1.3200000e+00   6.3464580e-01   0.0000000e+00
   1.3400000e+00   6.3037078e-01   0.0000000e+00
   1.3600000e+00   6.2634217e-01   0.0000000e+00
   1.3800000e+00   6.2255995e-01   0.0000000e+00
   1.4000000e+00   6.1844318e-01   0.0000000e+00
   1.4200000e+00   6.1437702e-01   0.0000000e+00
   1.4400000e+00   6.1036147e-01   0.0000000e+00
   1.4600000e+00   6.0662083e-01   0.0000000e+00
   1.4800000e+00   6.0286712e-01   0.0000000e+00
   1.5000000e+00   5.9910034e-01   0.0000000e+00
   1.5200000e+00   5.9482532e-01   0.0000000e+00
   1.5400000e+00   5.9077223e-01   0.0000000e+00
   1.5600000e+00   5.8694107e-01   0.0000000e+00
   1.5800000e+00   5.8287324e-01   0.0000000e+00
   1.6000000e+00   5.7891235e-01   0.0000000e+00
   1.6200000e+00   5.7505838e-01   0.0000000e+00
   1.6400000e+00   5.7194598e-01   0.0000000e+00
   1.6600000e+00   5.6905384e-01   0.0000000e+00
   1.6800000e+00   5.6638196e-01   0.0000000e+00
   1.7000000e+00   5.6319850e-01   0.0000000e+00
   1.7200000e+00   5.6020109e-01   0.0000000e+00
   1.7400000e+00   5.5738974e-01   0.0000000e+00
   1.7600000e+00   5.5471785e-01   0.0000000e+00
   1.7800000e+00   5.5212676e-01   0.0000000e+00
   1.8000000e+00   5.4961645e-01   0.0000000e+00
   1.8200000e+00   5.4747895e-01   0.0000000e+00
   1.8400000e+00   5.4534144e-01   0.0000000e+00
   1.8600000e+00   5.4320393e-01   0.0000000e+00
   1.8800000e+00   5.4106642e-01   0.0000000e+00
   1.9000000e+00   5.3910189e-01   0.0000000e+00
   1.9200000e+00   5.3731035e-01   0.0000000e+00
   1.9400000e+00   5.3570722e-01   0.0000000e+00
   1.9600000e+00   5.3404777e-01   0.0000000e+00
   1.9800000e+00   5.3233200e-01   0.0000000e+00
   2.0000000e+00   5.3019450e-01   0.0000000e+00
   2.0200000e+00   5.2805699e-01   0.0000000e+00
   2.0400000e+00   5.2591948e-01   0.0000000e+00
   2.0600000e+00   5.2378197e-01   0.0000000e+00
   2.0800000e+00   5.2179297e-01   0.0000000e+00
   2.1000000e+00   5.1995248e-01   0.0000000e+00
   2.1200000e+00   5.1816900e-01   0.0000000e+00
   2.1400000e+00   5.1627219e-01   0.0000000e+00
   2.1600000e+00   5.1426206e-01   0.0000000e+00
   2.1800000e+00   5.1319331e-01   0.0000000e+00
   2.2000000e+00   5.1212455e-01   0.0000000e+00
   2.2200000e+00   5.1105580e-01   0.0000000e+00
   2.2400000e+00   5.0998704e-01   0.0000000e+00
   2.2600000e+00   5.0891829e-01   0.0000000e+00
   2.2800000e+00   5.0784953e-01   0.0000000e+00
   2.3000000e+00   5.0664937e-01   0.0000000e+00
   2.3200000e+00   5.0525510e-01   0.0000000e+00
   2.3400000e+00   5.0366671e-01   0.0000000e+00
   2.3600000e+00   5.0259796e-01   0.0000000e+00
   2.3800000e+00   5.0131297e-01   0.0000000e+00
   2.4000000e+00   4.9981177e-01   0.0000000e+00
   2.4200000e+00   4.9789284e-01   0.0000000e+00
   2.4400000e+00   4.9596419e-01   0.0000000e+00
   2.4600000e+00   4.9402581e-01   0.0000000e+00
   2.4800000e+00   4.9234022e-01   0.0000000e+00
   2.5000000e+00   4.9042867e-01   0.0000000e+00
   2.5200000e+00   4.8829116e-01   0.0000000e+00
   2.5400000e+00   4.8715400e-01   0.0000000e+00
   2.5600000e+00   4.8585929e-01   0.0000000e+00
   2.5800000e+00   4.8440702e-01   0.0000000e+00
   2.6000000e+00   4.8307074e-01   0.0000000e+00
   2.6200000e+00   4.8186822e-01   0.0000000e+00
   2.6400000e+00   4.8079946e-01   0.0000000e+00
   2.6600000e+00   4.7969719e-01   0.0000000e+00
   2.6800000e+00   4.7834449e-01   0.0000000e+00
   2.7000000e+00   4.7674136e-01   0.0000000e+00
   2.7200000e+00   4.7604069e-01   0.0000000e+00
   2.7400000e+00   4.7525588e-01   0.0000000e+00
   2.7600000e+00   4.7438694e-01   0.0000000e+00
   2.7800000e+00   4.7331818e-01   0.0000000e+00
   2.8000000e+00   4.7214820e-01   0.0000000e+00
   2.8200000e+00   4.7087698e-01   0.0000000e+00
   2.8400000e+00   4.6873947e-01   0.0000000e+00
   2.8600000e+00   4.6712090e-01   0.0000000e+00
   2.8800000e+00   4.6602129e-01   0.0000000e+00
   2.9000000e+00   4.6495253e-01   0.0000000e+00
   2.9200000e+00   4.6388378e-01   0.0000000e+00
   2.9400000e+00   4.6281503e-01   0.0000000e+00
   2.9600000e+00   4.6174627e-01   0.0000000e+00
   2.9800000e+00   4.6065137e-01   0.0000000e+00
   3.0000000e+00   4.5953033e-01   0.0000000e+00
   3.0200000e+00   4.5792720e-01   0.0000000e+00
   3.0400000e+00   4.5655907e-01   0.0000000e+00
   3.0600000e+00   4.5542594e-01   0.0000000e+00
   3.0800000e+00   4.5400385e-01   0.0000000e+00
   3.1000000e+00   4.5260957e-01   0.0000000e+00
   3.1200000e+00   4.5124311e-01   0.0000000e+00
   3.1400000e+00   4.5017436e-01   0.0000000e+00
   3.1600000e+00   4.4910728e-01   0.0000000e+00
   3.1800000e+00   4.4804186e-01   0.0000000e+00
   3.2000000e+00   4.4750749e-01   0.0000000e+00
   3.2200000e+00   4.4676258e-01   0.0000000e+00
   3.2400000e+00   4.4580715e-01   0.0000000e+00
   3.2600000e+00   4.4473840e-01   0.0000000e+00
   3.2800000e+00   4.4366964e-01   0.0000000e+00
   3.3000000e+00   4.4260089e-01   0.0000000e+00
   3.3200000e+00   4.4160320e-01   0.0000000e+00
   3.3400000e+00   4.4083716e-01   0.0000000e+00
   3.3600000e+00   4.4030278e-01   0.0000000e+00
   3.3800000e+00   4.3976841e-01   0.0000000e+00
   3.4000000e+00   4.3904797e-01   0.0000000e+00
   3.4200000e+00   4.3814149e-01   0.0000000e+00
   3.4400000e+00   4.3732818e-01   0.0000000e+00
   3.4600000e+00   4.3658495e-01   0.0000000e+00
   3.4800000e+00   4.3591179e-01   0.0000000e+00
   3.5000000e+00   4.3486515e-01   0.0000000e+00
   3.5200000e+00   4.3407464e-01   0.0000000e+00
   3.5400000e+00   4.3354026e-01   0.0000000e+00
   3.5600000e+00   4.3300589e-01   0.0000000e+00
   3.5800000e+00   4.3263309e-01   0.0000000e+00
   3.6000000e+00   4.3242188e-01   0.0000000e+00
   3.6200000e+00   4.3221538e-01   0.0000000e+00
   3.6400000e+00   4.3188986e-01   0.0000000e+00
   3.6600000e+00   4.3144531e-01   0.0000000e+00
   3.6800000e+00   4.3144531e-01   0.0000000e+00
   3.7000000e+00   4.3144531e-01   0.0000000e+00
   3.7200000e+00   4.3144531e-01   0.0000000e+00
   3.7400000e+00   4.2988179e-01   0.0000000e+00
   3.7600000e+00   4.2816839e-01   0.0000000e+00
   3.7800000e+00   4.2630509e-01   0.0000000e+00
   2.0700000e+00   8.0191854e-01   1.0000000e+00
   2.0900000e+00   8.0108714e-01   1.0000000e+00
   2.1100000e+00   8.0013707e-01   1.0000000e+00
   2.1300000e+00   7.9906832e-01   1.0000000e+00
   2.1500000e+00   7.9787218e-01   1.0000000e+00
   2.1700000e+00   7.9620537e-01   1.0000000e+00
   2.1900000e+00   7.9406786e-01   1.0000000e+00
   2.2100000e+00   7.9193035e-01   1.0000000e+00
   2.2300000e+00   7.8979284e-01   1.0000000e+00
   2.2500000e+00   7.8765533e-01   1.0000000e+00
   2.2700000e+00   7.8526975e-01   1.0000000e+00
   2.2900000e+00   7.8280672e-01   1.0000000e+00
   2.3100000e+00   7.8026625e-01   1.0000000e+00
   2.3300000e+00   7.7811400e-01   1.0000000e+00
   2.3500000e+00   7.7570193e-01   1.0000000e+00
   2.3700000e+00   7.7303004e-01   1.0000000e+00
   2.3900000e+00   7.7079061e-01   1.0000000e+00
   2.4100000e+00   7.6891793e-01   1.0000000e+00
   2.4300000e+00   7.6741201e-01   1.0000000e+00
   2.4500000e+00   7.6634325e-01   1.0000000e+00
   2.4700000e+00   7.6527450e-01   1.0000000e+00
   2.4900000e+00   7.6420574e-01   1.0000000e+00
   2.5100000e+00   7.6313699e-01   1.0000000e+00
   2.5300000e+00   7.6231832e-01   1.0000000e+00
   2.5500000e+00   7.6174974e-01   1.0000000e+00
   2.5700000e+00   7.6121536e-01   1.0000000e+00
   2.5900000e+00   7.6041414e-01   1.0000000e+00
   2.6100000e+00   7.5934608e-01   1.0000000e+00
   2.6300000e+00   7.5789313e-01   1.0000000e+00
   2.6500000e+00   7.5661551e-01   1.0000000e+00
   2.6700000e+00   7.5551325e-01   1.0000000e+00
   2.6900000e+00   7.5391011e-01   1.0000000e+00
   2.7100000e+00   7.5253260e-01   1.0000000e+00
   2.7300000e+00   7.5138069e-01   1.0000000e+00
   2.7500000e+00   7.5031194e-01   1.0000000e+00
   2.7700000e+00   7.4924319e-01   1.0000000e+00
   2.7900000e+00   7.4817443e-01   1.0000000e+00
   2.8100000e+00   7.4710568e-01   1.0000000e+00
   2.8300000e+00   7.4603692e-01   1.0000000e+00
   2.8500000e+00   7.4496817e-01   1.0000000e+00
   2.8700000e+00   7.4389942e-01   1.0000000e+00
   2.8900000e+00   7.4283066e-01   1.0000000e+00
   2.9100000e+00   7.4176191e-01   1.0000000e+00
   2.9300000e+00   7.4069315e-01   1.0000000e+00
   2.9500000e+00   7.3953992e-01   1.0000000e+00
   2.9700000e+00   7.3830222e-01   1.0000000e+00
   2.9900000e+00   7.3675137e-01   1.0000000e+00
   3.0100000e+00   7.3544157e-01   1.0000000e+00
   3.0300000e+00   7.3437282e-01   1.0000000e+00
   3.0500000e+00   7.3283407e-01   1.0000000e+00
   3.0700000e+00   7.3126312e-01   1.0000000e+00
   3.0900000e+00   7.2965999e-01   1.0000000e+00
   3.1100000e+00   7.2829353e-01   1.0000000e+00
   3.1300000e+00   7.2701592e-01   1.0000000e+00
   3.1500000e+00   7.2582716e-01   1.0000000e+00
   3.1700000e+00   7.2422069e-01   1.0000000e+00
   3.1900000e+00   7.2234870e-01   1.0000000e+00
   3.2100000e+00   7.2021119e-01   1.0000000e+00
   3.2300000e+00   7.1765263e-01   1.0000000e+00
   3.2500000e+00   7.1503741e-01   1.0000000e+00
   3.2700000e+00   7.1236552e-01   1.0000000e+00
   3.2900000e+00   7.1006908e-01   1.0000000e+00
   3.3100000e+00   7.0804824e-01   1.0000000e+00
   3.3300000e+00   7.0630299e-01   1.0000000e+00
   3.3500000e+00   7.0363111e-01   1.0000000e+00
