   6.0000000e-01   9.5994372e-01   0.0000000e+00
   6.2000000e-01   9.4450782e-01   0.0000000e+00
   6.4000000e-01   9.2698337e-01   0.0000000e+00
   6.6000000e-01   9.0737034e-01   0.0000000e+00
   6.8000000e-01   8.8278900e-01   0.0000000e+00
   7.0000000e-01   8.5911817e-01   0.0000000e+00
   7.2000000e-01   8.3635785e-01   0.0000000e+00
   7.4000000e-01   8.1560698e-01   0.0000000e+00
   7.6000000e-01   7.9656618e-01   0.0000000e+00
   7.8000000e-01   7.7923543e-01   0.0000000e+00
   8.0000000e-01   7.6534163e-01   0.0000000e+00
   8.2000000e-01   7.5144783e-01   0.0000000e+00
   8.4000000e-01   7.3755402e-01   0.0000000e+00
   8.6000000e-01   7.2522915e-01   0.0000000e+00
   8.8000000e-01   7.1393715e-01   0.0000000e+00
   9.0000000e-01   7.0367804e-01   0.0000000e+00
   9.2000000e-01   6.9579713e-01   0.0000000e+00
   9.4000000e-01   6.8873690e-01   0.0000000e+00
   9.6000000e-01   6.8249736e-01   0.0000000e+00
   9.8000000e-01   6.7678817e-01   0.0000000e+00
   1.0000000e+00   6.7179606e-01   0.0000000e+00
   1.0200000e+00   6.6752104e-01   0.0000000e+00
   1.0400000e+00   6.6419409e-01   0.0000000e+00
   1.0600000e+00   6.6074879e-01   0.0000000e+00
   1.0800000e+00   6.5718517e-01   0.0000000e+00
   1.1000000e+00   6.5392593e-01   0.0000000e+00
   1.1200000e+00   6.5089835e-01   0.0000000e+00
   1.1400000e+00   6.4810243e-01   0.0000000e+00
   1.1600000e+00   6.4489617e-01   0.0000000e+00
   1.1800000e+00   6.4168990e-01   0.0000000e+00
   1.2000000e+00   6.3848364e-01   0.0000000e+00
   1.2200000e+00   6.3485229e-01   0.0000000e+00
   1.2400000e+00   6.3132051e-01   0.0000000e+00
   1.2600000e+00   6.2788829e-01   0.0000000e+00
   1.2800000e+00   6.2468203e-01   0.0000000e+00
   1.3000000e+00   6.2143822e-01   0.0000000e+00
   1.3200000e+00   6.1815687e-01   0.0000000e+00
   1.3400000e+00   6.1441623e-01   0.0000000e+00
   1.3600000e+00   6.1116839e-01   0.0000000e+00
   1.3800000e+00   6.0841336e-01   0.0000000e+00
   1.4000000e+00   6.0574147e-01   0.0000000e+00
   1.4200000e+00   6.0306959e-01   0.0000000e+00
   1.4400000e+00   6.0039770e-01   0.0000000e+00
   1.4600000e+00   5.9758301e-01   0.0000000e+00
   1.4800000e+00   5.9455946e-01   0.0000000e+00
   1.5000000e+00   5.9132705e-01   0.0000000e+00
   1.5200000e+00   5.8758642e-01   0.0000000e+00
   1.5400000e+00   5.8406770e-01   0.0000000e+00
   1.5600000e+00   5.8077092e-01   0.0000000e+00
   1.5800000e+00   5.7789185e-01   0.0000000e+00
   1.6000000e+00   5.7501111e-01   0.0000000e+00
   1.6200000e+00   5.7212870e-01   0.0000000e+00
   1.6400000e+00   5.6901630e-01   0.0000000e+00
   1.6600000e+00   5.6612415e-01   0.0000000e+00
   1.6800000e+00   5.6345227e-01   0.0000000e+00
   1.7000000e+00   5.6078038e-01   0.0000000e+00
   1.7200000e+00   5.5830595e-01   0.0000000e+00
   1.7400000e+00   5.5602898e-01   0.0000000e+00
   1.7600000e+00   5.5389147e-01   0.0000000e+00
   1.7800000e+00   5.5183475e-01   0.0000000e+00
   1.8000000e+00   5.4985883e-01   0.0000000e+00
   1.8200000e+00   5.4830061e-01   0.0000000e+00
   1.8400000e+00   5.4698713e-01   0.0000000e+00
   1.8600000e+00   5.4591837e-01   0.0000000e+00
   1.8800000e+00   5.4392436e-01   0.0000000e+00
   1.9000000e+00   5.4220456e-01   0.0000000e+00
   1.9200000e+00   5.4075898e-01   0.0000000e+00
   1.9400000e+00   5.3923163e-01   0.0000000e+00
   1.9600000e+00   5.3745552e-01   0.0000000e+00
   1.9800000e+00   5.3543065e-01   0.0000000e+00
   2.0000000e+00   5.3382751e-01   0.0000000e+00
   2.0200000e+00   5.3195921e-01   0.0000000e+00
   2.0400000e+00   5.2982573e-01   0.0000000e+00
   2.0600000e+00   5.2768822e-01   0.0000000e+00
   2.0800000e+00   5.2569922e-01   0.0000000e+00
   2.1000000e+00   5.2385873e-01   0.0000000e+00
   2.1200000e+00   5.2225560e-01   0.0000000e+00
   2.1400000e+00   5.2062063e-01   0.0000000e+00
   2.1600000e+00   5.1895381e-01   0.0000000e+00
   2.1800000e+00   5.1681630e-01   0.0000000e+00
   2.2000000e+00   5.1491949e-01   0.0000000e+00
   2.2200000e+00   5.1326338e-01   0.0000000e+00
   2.2400000e+00   5.1166025e-01   0.0000000e+00
   2.2600000e+00   5.1005712e-01   0.0000000e+00
   2.2800000e+00   5.0845399e-01   0.0000000e+00
   2.3000000e+00   5.0698227e-01   0.0000000e+00
   2.3200000e+00   5.0570466e-01   0.0000000e+00
   2.3400000e+00   5.0462116e-01   0.0000000e+00
   2.3600000e+00   5.0301803e-01   0.0000000e+00
   2.3800000e+00   5.0163112e-01   0.0000000e+00
   2.4000000e+00   5.0046045e-01   0.0000000e+00
   2.4200000e+00   4.9907590e-01   0.0000000e+00
   2.4400000e+00   4.9758207e-01   0.0000000e+00
   2.4600000e+00   4.9597893e-01   0.0000000e+00
   2.4800000e+00   4.9437580e-01   0.0000000e+00
   2.5000000e+00   4.9277267e-01   0.0000000e+00
   2.5200000e+00   4.9116954e-01   0.0000000e+00
   2.5400000e+00   4.9006658e-01   0.0000000e+00
   2.5600000e+00   4.8878897e-01   0.0000000e+00
   2.5800000e+00   4.8733671e-01   0.0000000e+00
   2.6000000e+00   4.8573358e-01   0.0000000e+00
   2.6200000e+00   4.8413045e-01   0.0000000e+00
   2.6400000e+00   4.8252732e-01   0.0000000e+00
   2.6600000e+00   4.8095770e-01   0.0000000e+00
   2.6800000e+00   4.7963852e-01   0.0000000e+00
   2.7000000e+00   4.7856976e-01   0.0000000e+00
   2.7200000e+00   4.7704978e-01   0.0000000e+00
   2.7400000e+00   4.7565551e-01   0.0000000e+00
   2.7600000e+00   4.7438694e-01   0.0000000e+00
   2.7800000e+00   4.7310029e-01   0.0000000e+00
   2.8000000e+00   4.7165539e-01   0.0000000e+00
   2.8200000e+00   4.7005226e-01   0.0000000e+00
   2.8400000e+00   4.6844913e-01   0.0000000e+00
   2.8600000e+00   4.6710547e-01   0.0000000e+00
   2.8800000e+00   4.6602129e-01   0.0000000e+00
   2.9000000e+00   4.6495253e-01   0.0000000e+00
   2.9200000e+00   4.6359816e-01   0.0000000e+00
   2.9400000e+00   4.6195818e-01   0.0000000e+00
   2.9600000e+00   4.6032752e-01   0.0000000e+00
   2.9800000e+00   4.5919272e-01   0.0000000e+00
   3.0000000e+00   4.5855377e-01   0.0000000e+00
   3.0200000e+00   4.5695064e-01   0.0000000e+00
   3.0400000e+00   4.5534751e-01   0.0000000e+00
   3.0600000e+00   4.5374438e-01   0.0000000e+00
   3.0800000e+00   4.5249458e-01   0.0000000e+00
   3.1000000e+00   4.5145364e-01   0.0000000e+00
   3.1200000e+00   4.5062156e-01   0.0000000e+00
   2.0000000e+00   7.8621073e-01   1.0000000e+00
   2.0200000e+00   7.8567636e-01   1.0000000e+00
   2.0400000e+00   7.8514198e-01   1.0000000e+00
   2.0600000e+00   7.8502129e-01   1.0000000e+00
   2.0800000e+00   7.8406988e-01   1.0000000e+00
   2.1000000e+00   7.8228778e-01   1.0000000e+00
   2.1200000e+00   7.7926187e-01   1.0000000e+00
   2.1400000e+00   7.7647666e-01   1.0000000e+00
   2.1600000e+00   7.7393215e-01   1.0000000e+00
   2.1800000e+00   7.7232902e-01   1.0000000e+00
   2.2000000e+00   7.7072589e-01   1.0000000e+00
   2.2200000e+00   7.6912276e-01   1.0000000e+00
   2.2400000e+00   7.6715489e-01   1.0000000e+00
   2.2600000e+00   7.6522624e-01   1.0000000e+00
   2.2800000e+00   7.6333680e-01   1.0000000e+00
   2.3000000e+00   7.6173367e-01   1.0000000e+00
   2.3200000e+00   7.6013791e-01   1.0000000e+00
   2.3400000e+00   7.5854952e-01   1.0000000e+00
   2.3600000e+00   7.5748077e-01   1.0000000e+00
   2.3800000e+00   7.5641201e-01   1.0000000e+00
   2.4000000e+00   7.5534326e-01   1.0000000e+00
   2.4200000e+00   7.5427451e-01   1.0000000e+00
   2.4400000e+00   7.5310619e-01   1.0000000e+00
   2.4600000e+00   7.5183831e-01   1.0000000e+00
   2.4800000e+00   7.5023518e-01   1.0000000e+00
   2.5000000e+00   7.4863205e-01   1.0000000e+00
   2.5200000e+00   7.4702892e-01   1.0000000e+00
   2.5400000e+00   7.4492561e-01   1.0000000e+00
   2.5600000e+00   7.4299696e-01   1.0000000e+00
   2.5800000e+00   7.4124296e-01   1.0000000e+00
   2.6000000e+00   7.3937299e-01   1.0000000e+00
   2.6200000e+00   7.3744433e-01   1.0000000e+00
   2.6400000e+00   7.3545700e-01   1.0000000e+00
   2.6600000e+00   7.3388739e-01   1.0000000e+00
   2.6800000e+00   7.3256820e-01   1.0000000e+00
   2.7000000e+00   7.3149945e-01   1.0000000e+00
   2.7200000e+00   7.3088192e-01   1.0000000e+00
   2.7400000e+00   7.3030597e-01   1.0000000e+00
   2.7600000e+00   7.2977159e-01   1.0000000e+00
   2.7800000e+00   7.2923722e-01   1.0000000e+00
   2.8000000e+00   7.2860161e-01   1.0000000e+00
   2.8200000e+00   7.2786476e-01   1.0000000e+00
   2.8400000e+00   7.2626163e-01   1.0000000e+00
   2.8600000e+00   7.2491797e-01   1.0000000e+00
   2.8800000e+00   7.2383379e-01   1.0000000e+00
   2.9000000e+00   7.2276503e-01   1.0000000e+00
   2.9200000e+00   7.2169628e-01   1.0000000e+00
   2.9400000e+00   7.2062753e-01   1.0000000e+00
   2.9600000e+00   7.1905192e-01   1.0000000e+00
   2.9800000e+00   7.1695431e-01   1.0000000e+00
   3.0000000e+00   7.1433471e-01   1.0000000e+00
   3.0200000e+00   7.1219721e-01   1.0000000e+00
   3.0400000e+00   7.1005970e-01   1.0000000e+00
   3.0600000e+00   7.0792219e-01   1.0000000e+00
   3.0800000e+00   7.0578468e-01   1.0000000e+00
   3.1000000e+00   7.0388384e-01   1.0000000e+00
   3.1200000e+00   7.0221968e-01   1.0000000e+00
   3.1400000e+00   7.0115092e-01   1.0000000e+00
   3.1600000e+00   7.0008050e-01   1.0000000e+00
   3.1800000e+00   6.9900840e-01   1.0000000e+00
   3.2000000e+00   6.9740527e-01   1.0000000e+00
   3.2200000e+00   6.9601267e-01   1.0000000e+00
   3.2400000e+00   6.9483059e-01   1.0000000e+00
   3.2600000e+00   6.9345745e-01   1.0000000e+00
   3.2800000e+00   6.9187545e-01   1.0000000e+00
   3.3000000e+00   6.9008459e-01   1.0000000e+00
   3.3200000e+00   6.8744967e-01   1.0000000e+00
   3.3400000e+00   6.8319313e-01   1.0000000e+00
   3.3600000e+00   6.7731498e-01   1.0000000e+00
