   6.0000000e-01   9.6694360e-01   0.0000000e+00
   6.2000000e-01   9.5059316e-01   0.0000000e+00
   6.4000000e-01   9.3236301e-01   0.0000000e+00
   6.6000000e-01   9.1225316e-01   0.0000000e+00
   6.8000000e-01   8.8767181e-01   0.0000000e+00
   7.0000000e-01   8.6331810e-01   0.0000000e+00
   7.2000000e-01   8.3919201e-01   0.0000000e+00
   7.4000000e-01   8.1683801e-01   0.0000000e+00
   7.6000000e-01   7.9652696e-01   0.0000000e+00
   7.8000000e-01   7.7825887e-01   0.0000000e+00
   8.0000000e-01   7.6425980e-01   0.0000000e+00
   8.2000000e-01   7.5004618e-01   0.0000000e+00
   8.4000000e-01   7.3561800e-01   0.0000000e+00
   8.6000000e-01   7.2328172e-01   0.0000000e+00
   8.8000000e-01   7.1178087e-01   0.0000000e+00
   9.0000000e-01   7.0111545e-01   0.0000000e+00
   9.2000000e-01   6.9327945e-01   0.0000000e+00
   9.4000000e-01   6.8642238e-01   0.0000000e+00
   9.6000000e-01   6.8054424e-01   0.0000000e+00
   9.8000000e-01   6.7489136e-01   0.0000000e+00
   1.0000000e+00   6.7019460e-01   0.0000000e+00
   1.0200000e+00   6.6645396e-01   0.0000000e+00
   1.0400000e+00   6.6223929e-01   0.0000000e+00
   1.0600000e+00   6.5835181e-01   0.0000000e+00
   1.0800000e+00   6.5479153e-01   0.0000000e+00
   1.1000000e+00   6.5110386e-01   0.0000000e+00
   1.1200000e+00   6.4718454e-01   0.0000000e+00
   1.1400000e+00   6.4303356e-01   0.0000000e+00
   1.1600000e+00   6.3929292e-01   0.0000000e+00
   1.1800000e+00   6.3555228e-01   0.0000000e+00
   1.2000000e+00   6.3181164e-01   0.0000000e+00
   1.2200000e+00   6.2849609e-01   0.0000000e+00
   1.2400000e+00   6.2523518e-01   0.0000000e+00
   1.2600000e+00   6.2202892e-01   0.0000000e+00
   1.2800000e+00   6.1863090e-01   0.0000000e+00
   1.3000000e+00   6.1513666e-01   0.0000000e+00
   1.3200000e+00   6.1154620e-01   0.0000000e+00
   1.3400000e+00   6.0887432e-01   0.0000000e+00
   1.3600000e+00   6.0595603e-01   0.0000000e+00
   1.3800000e+00   6.0279134e-01   0.0000000e+00
   1.4000000e+00   5.9996122e-01   0.0000000e+00
   1.4200000e+00   5.9708048e-01   0.0000000e+00
   1.4400000e+00   5.9414912e-01   0.0000000e+00
   1.4600000e+00   5.9094286e-01   0.0000000e+00
   1.4800000e+00   5.8773660e-01   0.0000000e+00
   1.5000000e+00   5.8453033e-01   0.0000000e+00
   1.5200000e+00   5.8132407e-01   0.0000000e+00
   1.5400000e+00   5.7833974e-01   0.0000000e+00
   1.5600000e+00   5.7557733e-01   0.0000000e+00
   1.5800000e+00   5.7257825e-01   0.0000000e+00
   1.6000000e+00   5.6958085e-01   0.0000000e+00
   1.6200000e+00   5.6658511e-01   0.0000000e+00
   1.6400000e+00   5.6391323e-01   0.0000000e+00
   1.6600000e+00   5.6124134e-01   0.0000000e+00
   1.6800000e+00   5.5856946e-01   0.0000000e+00
   1.7000000e+00   5.5589757e-01   0.0000000e+00
   1.7200000e+00   5.5342314e-01   0.0000000e+00
   1.7400000e+00   5.5114617e-01   0.0000000e+00
   1.7600000e+00   5.4928690e-01   0.0000000e+00
   1.7800000e+00   5.4755571e-01   0.0000000e+00
   1.8000000e+00   5.4595258e-01   0.0000000e+00
   1.8200000e+00   5.4430453e-01   0.0000000e+00
   1.8400000e+00   5.4241175e-01   0.0000000e+00
   1.8600000e+00   5.4027424e-01   0.0000000e+00
   1.8800000e+00   5.3906199e-01   0.0000000e+00
   1.9000000e+00   5.3757552e-01   0.0000000e+00
   1.9200000e+00   5.3581484e-01   0.0000000e+00
   1.9400000e+00   5.3390663e-01   0.0000000e+00
   1.9600000e+00   5.3215096e-01   0.0000000e+00
   1.9800000e+00   5.3054783e-01   0.0000000e+00
   2.0000000e+00   5.2894470e-01   0.0000000e+00
   2.0200000e+00   5.2734157e-01   0.0000000e+00
   2.0400000e+00   5.2573844e-01   0.0000000e+00
   2.0600000e+00   5.2413531e-01   0.0000000e+00
   2.0800000e+00   5.2238367e-01   0.0000000e+00
   2.1000000e+00   5.2048352e-01   0.0000000e+00
   2.1200000e+00   5.1852636e-01   0.0000000e+00
   2.1400000e+00   5.1674622e-01   0.0000000e+00
   2.1600000e+00   5.1514309e-01   0.0000000e+00
   2.1800000e+00   5.1353996e-01   0.0000000e+00
   2.2000000e+00   5.1193683e-01   0.0000000e+00
   2.2200000e+00   5.1033370e-01   0.0000000e+00
   2.2400000e+00   5.0836583e-01   0.0000000e+00
   2.2600000e+00   5.0631314e-01   0.0000000e+00
   2.2800000e+00   5.0417563e-01   0.0000000e+00
   2.3000000e+00   5.0203813e-01   0.0000000e+00
   2.3200000e+00   4.9990799e-01   0.0000000e+00
   2.3400000e+00   4.9778522e-01   0.0000000e+00
   2.3600000e+00   4.9618209e-01   0.0000000e+00
   2.3800000e+00   4.9479519e-01   0.0000000e+00
   2.4000000e+00   4.9362451e-01   0.0000000e+00
   2.4200000e+00   4.9223997e-01   0.0000000e+00
   2.4400000e+00   4.9084569e-01   0.0000000e+00
   2.4600000e+00   4.8944169e-01   0.0000000e+00
   2.4800000e+00   4.8829047e-01   0.0000000e+00
   2.5000000e+00   4.8691330e-01   0.0000000e+00
   2.5200000e+00   4.8531017e-01   0.0000000e+00
   2.5400000e+00   4.8420721e-01   0.0000000e+00
   2.5600000e+00   4.8312135e-01   0.0000000e+00
   2.5800000e+00   4.8205260e-01   0.0000000e+00
   2.6000000e+00   4.8098385e-01   0.0000000e+00
   2.6200000e+00   4.7991509e-01   0.0000000e+00
   2.6400000e+00   4.7884634e-01   0.0000000e+00
   2.6600000e+00   4.7777758e-01   0.0000000e+00
   2.6800000e+00   4.7670883e-01   0.0000000e+00
   2.7000000e+00   4.7564008e-01   0.0000000e+00
   2.7200000e+00   4.7457132e-01   0.0000000e+00
   2.7400000e+00   4.7350257e-01   0.0000000e+00
   2.7600000e+00   4.7243381e-01   0.0000000e+00
   2.7800000e+00   4.7114716e-01   0.0000000e+00
   2.8000000e+00   4.6975289e-01   0.0000000e+00
   2.8200000e+00   4.6825099e-01   0.0000000e+00
   2.8400000e+00   4.6718223e-01   0.0000000e+00
   2.8600000e+00   4.6637295e-01   0.0000000e+00
   2.8800000e+00   4.6582314e-01   0.0000000e+00
   2.9000000e+00   4.6488649e-01   0.0000000e+00
   2.9200000e+00   4.6374097e-01   0.0000000e+00
   2.9400000e+00   4.6238660e-01   0.0000000e+00
   2.9600000e+00   4.6095242e-01   0.0000000e+00
   2.0700000e+00   7.7377116e-01   1.0000000e+00
   2.0900000e+00   7.7353252e-01   1.0000000e+00
   2.1100000e+00   7.7234445e-01   1.0000000e+00
   2.1300000e+00   7.7020694e-01   1.0000000e+00
   2.1500000e+00   7.6806944e-01   1.0000000e+00
   2.1700000e+00   7.6593193e-01   1.0000000e+00
   2.1900000e+00   7.6379442e-01   1.0000000e+00
   2.2100000e+00   7.6165691e-01   1.0000000e+00
   2.2300000e+00   7.5988414e-01   1.0000000e+00
   2.2500000e+00   7.5847610e-01   1.0000000e+00
   2.2700000e+00   7.5740735e-01   1.0000000e+00
   2.2900000e+00   7.5627289e-01   1.0000000e+00
   2.3100000e+00   7.5507273e-01   1.0000000e+00
   2.3300000e+00   7.5348434e-01   1.0000000e+00
   2.3500000e+00   7.5215577e-01   1.0000000e+00
   2.3700000e+00   7.5108702e-01   1.0000000e+00
   2.3900000e+00   7.4915335e-01   1.0000000e+00
   2.4100000e+00   7.4727566e-01   1.0000000e+00
   2.4300000e+00   7.4545394e-01   1.0000000e+00
   2.4500000e+00   7.4365169e-01   1.0000000e+00
   2.4700000e+00   7.4168181e-01   1.0000000e+00
   2.4900000e+00   7.3954430e-01   1.0000000e+00
   2.5100000e+00   7.3740679e-01   1.0000000e+00
   2.5300000e+00   7.3551937e-01   1.0000000e+00
   2.5500000e+00   7.3388203e-01   1.0000000e+00
   2.5700000e+00   7.3227890e-01   1.0000000e+00
   2.5900000e+00   7.3067577e-01   1.0000000e+00
   2.6100000e+00   7.2907264e-01   1.0000000e+00
   2.6300000e+00   7.2761969e-01   1.0000000e+00
   2.6500000e+00   7.2635883e-01   1.0000000e+00
   2.6700000e+00   7.2529008e-01   1.0000000e+00
   2.6900000e+00   7.2422133e-01   1.0000000e+00
   2.7100000e+00   7.2337819e-01   1.0000000e+00
   2.7300000e+00   7.2276066e-01   1.0000000e+00
   2.7500000e+00   7.2189172e-01   1.0000000e+00
   2.7700000e+00   7.2103182e-01   1.0000000e+00
   2.7900000e+00   7.2018097e-01   1.0000000e+00
   2.8100000e+00   7.1944412e-01   1.0000000e+00
   2.8300000e+00   7.1827413e-01   1.0000000e+00
   2.8500000e+00   7.1667100e-01   1.0000000e+00
   2.8700000e+00   7.1454893e-01   1.0000000e+00
   2.8900000e+00   7.1241913e-01   1.0000000e+00
   2.9100000e+00   7.1028163e-01   1.0000000e+00
   2.9300000e+00   7.0842973e-01   1.0000000e+00
   2.9500000e+00   7.0670222e-01   1.0000000e+00
   2.9700000e+00   7.0509909e-01   1.0000000e+00
   2.9900000e+00   7.0349596e-01   1.0000000e+00
   3.0100000e+00   7.0189283e-01   1.0000000e+00
   3.0300000e+00   7.0028970e-01   1.0000000e+00
   3.0500000e+00   6.9868657e-01   1.0000000e+00
   3.0700000e+00   6.9743677e-01   1.0000000e+00
   3.0900000e+00   6.9654031e-01   1.0000000e+00
   3.1100000e+00   6.9600593e-01   1.0000000e+00
   3.1300000e+00   6.9541155e-01   1.0000000e+00
   3.1500000e+00   6.9475717e-01   1.0000000e+00
   3.1700000e+00   6.9368842e-01   1.0000000e+00
   3.1900000e+00   6.9261966e-01   1.0000000e+00
   3.2100000e+00   6.9155091e-01   1.0000000e+00
   3.2300000e+00   6.9048215e-01   1.0000000e+00
   3.2500000e+00   6.8865243e-01   1.0000000e+00
   3.2700000e+00   6.8606173e-01   1.0000000e+00
   3.2900000e+00   6.8269654e-01   1.0000000e+00
   3.3100000e+00   6.7971353e-01   1.0000000e+00
   3.3300000e+00   6.7711270e-01   1.0000000e+00
   3.3500000e+00   6.7497520e-01   1.0000000e+00
   3.3700000e+00   6.7308207e-01   1.0000000e+00
   3.3900000e+00   6.7143334e-01   1.0000000e+00
