   6.1000000e-01   9.5852198e-01   0.0000000e+00
   6.3000000e-01   9.4200661e-01   0.0000000e+00
   6.5000000e-01   9.1861541e-01   0.0000000e+00
   6.7000000e-01   8.9249163e-01   0.0000000e+00
   6.9000000e-01   8.6363526e-01   0.0000000e+00
   7.1000000e-01   8.4160776e-01   0.0000000e+00
   7.3000000e-01   8.1983507e-01   0.0000000e+00
   7.5000000e-01   7.9831718e-01   0.0000000e+00
   7.7000000e-01   7.7995857e-01   0.0000000e+00
   7.9000000e-01   7.6346797e-01   0.0000000e+00
   8.1000000e-01   7.4884538e-01   0.0000000e+00
   8.3000000e-01   7.2907343e-01   0.0000000e+00
   8.5000000e-01   7.1217785e-01   0.0000000e+00
   8.7000000e-01   6.9815863e-01   0.0000000e+00
   8.9000000e-01   6.8792163e-01   0.0000000e+00
   9.1000000e-01   6.7898504e-01   0.0000000e+00
   9.3000000e-01   6.7134886e-01   0.0000000e+00
   9.5000000e-01   6.6510932e-01   0.0000000e+00
   9.7000000e-01   6.5910679e-01   0.0000000e+00
   9.9000000e-01   6.5334128e-01   0.0000000e+00
   1.0100000e+00   6.4853189e-01   0.0000000e+00
   1.0300000e+00   6.4395951e-01   0.0000000e+00
   1.0500000e+00   6.3962414e-01   0.0000000e+00
   1.0700000e+00   6.3570649e-01   0.0000000e+00
   1.0900000e+00   6.3199770e-01   0.0000000e+00
   1.1100000e+00   6.2849776e-01   0.0000000e+00
   1.1300000e+00   6.2529150e-01   0.0000000e+00
   1.1500000e+00   6.2208892e-01   0.0000000e+00
   1.1700000e+00   6.1889003e-01   0.0000000e+00
   1.1900000e+00   6.1621814e-01   0.0000000e+00
   1.2100000e+00   6.1354626e-01   0.0000000e+00
   1.2300000e+00   6.1087437e-01   0.0000000e+00
   1.2500000e+00   6.0851091e-01   0.0000000e+00
   1.2700000e+00   6.0606867e-01   0.0000000e+00
   1.2900000e+00   6.0354765e-01   0.0000000e+00
   1.3100000e+00   6.0041648e-01   0.0000000e+00
   1.3300000e+00   5.9751495e-01   0.0000000e+00
   1.3500000e+00   5.9484306e-01   0.0000000e+00
   1.3700000e+00   5.9266398e-01   0.0000000e+00
   1.3900000e+00   5.9012955e-01   0.0000000e+00
   1.4100000e+00   5.8723976e-01   0.0000000e+00
   1.4300000e+00   5.8429297e-01   0.0000000e+00
   1.4500000e+00   5.8141223e-01   0.0000000e+00
   1.4700000e+00   5.7859754e-01   0.0000000e+00
   1.4900000e+00   5.7539128e-01   0.0000000e+00
   1.5100000e+00   5.7218501e-01   0.0000000e+00
   1.5300000e+00   5.6897875e-01   0.0000000e+00
   1.5500000e+00   5.6621635e-01   0.0000000e+00
   1.5700000e+00   5.6333560e-01   0.0000000e+00
   1.5900000e+00   5.6033653e-01   0.0000000e+00
   1.6100000e+00   5.5734079e-01   0.0000000e+00
   1.6300000e+00   5.5450698e-01   0.0000000e+00
   1.6500000e+00   5.5183510e-01   0.0000000e+00
   1.6700000e+00   5.4916321e-01   0.0000000e+00
   1.6900000e+00   5.4649133e-01   0.0000000e+00
   1.7100000e+00   5.4381944e-01   0.0000000e+00
   1.7300000e+00   5.4193738e-01   0.0000000e+00
   1.7500000e+00   5.4019478e-01   0.0000000e+00
   1.7700000e+00   5.3859165e-01   0.0000000e+00
   1.7900000e+00   5.3682693e-01   0.0000000e+00
   1.8100000e+00   5.3487582e-01   0.0000000e+00
   1.8300000e+00   5.3273832e-01   0.0000000e+00
   1.8500000e+00   5.3060081e-01   0.0000000e+00
   1.8700000e+00   5.2846330e-01   0.0000000e+00
   1.8900000e+00   5.2632579e-01   0.0000000e+00
   1.9100000e+00   5.2488021e-01   0.0000000e+00
   1.9300000e+00   5.2350839e-01   0.0000000e+00
   1.9500000e+00   5.2221034e-01   0.0000000e+00
   1.9700000e+00   5.2071984e-01   0.0000000e+00
   1.9900000e+00   5.1944022e-01   0.0000000e+00
   2.0100000e+00   5.1837146e-01   0.0000000e+00
   2.0300000e+00   5.1677236e-01   0.0000000e+00
   2.0500000e+00   5.1537809e-01   0.0000000e+00
   2.0700000e+00   5.1418864e-01   0.0000000e+00
   2.0900000e+00   5.1282287e-01   0.0000000e+00
   2.1100000e+00   5.1142859e-01   0.0000000e+00
   2.1300000e+00   5.1000582e-01   0.0000000e+00
   2.1500000e+00   5.0893706e-01   0.0000000e+00
   2.1700000e+00   5.0786831e-01   0.0000000e+00
   2.1900000e+00   5.0679955e-01   0.0000000e+00
   2.2100000e+00   5.0476800e-01   0.0000000e+00
   2.2300000e+00   5.0286583e-01   0.0000000e+00
   2.2500000e+00   5.0109306e-01   0.0000000e+00
   2.2700000e+00   4.9924186e-01   0.0000000e+00
   2.2900000e+00   4.9731321e-01   0.0000000e+00
   2.3100000e+00   4.9530711e-01   0.0000000e+00
   2.3300000e+00   4.9370397e-01   0.0000000e+00
   2.3500000e+00   4.9210084e-01   0.0000000e+00
   2.3700000e+00   4.9049771e-01   0.0000000e+00
   2.3900000e+00   4.8889458e-01   0.0000000e+00
   2.4100000e+00   4.8713356e-01   0.0000000e+00
   2.4300000e+00   4.8521463e-01   0.0000000e+00
   2.4500000e+00   4.8347538e-01   0.0000000e+00
   2.4700000e+00   4.8203014e-01   0.0000000e+00
   2.4900000e+00   4.8087893e-01   0.0000000e+00
   2.5100000e+00   4.7927579e-01   0.0000000e+00
   2.5300000e+00   4.7767266e-01   0.0000000e+00
   2.5500000e+00   4.7606953e-01   0.0000000e+00
   2.5700000e+00   4.7484991e-01   0.0000000e+00
   2.5900000e+00   4.7370572e-01   0.0000000e+00
   2.6100000e+00   4.7263697e-01   0.0000000e+00
   2.6300000e+00   4.7171839e-01   0.0000000e+00
   2.6500000e+00   4.7094165e-01   0.0000000e+00
   2.6700000e+00   4.7030672e-01   0.0000000e+00
   2.6900000e+00   4.6816922e-01   0.0000000e+00
   2.7100000e+00   4.6670855e-01   0.0000000e+00
   2.7300000e+00   4.6592472e-01   0.0000000e+00
   2.7500000e+00   4.6505578e-01   0.0000000e+00
   2.7700000e+00   4.6408693e-01   0.0000000e+00
   2.7900000e+00   4.6301818e-01   0.0000000e+00
   2.8100000e+00   4.6194943e-01   0.0000000e+00
   2.8300000e+00   4.6088067e-01   0.0000000e+00
   2.8500000e+00   4.5981192e-01   0.0000000e+00
   2.0400000e+00   7.6456282e-01   1.0000000e+00
   2.0600000e+00   7.6218392e-01   1.0000000e+00
   2.0800000e+00   7.5992571e-01   1.0000000e+00
   2.1000000e+00   7.5778821e-01   1.0000000e+00
   2.1200000e+00   7.5583105e-01   1.0000000e+00
   2.1400000e+00   7.5408275e-01   1.0000000e+00
   2.1600000e+00   7.5254331e-01   1.0000000e+00
   2.1800000e+00   7.5147456e-01   1.0000000e+00
   2.2000000e+00   7.5040580e-01   1.0000000e+00
   2.2200000e+00   7.4933705e-01   1.0000000e+00
   2.2400000e+00   7.4790356e-01   1.0000000e+00
   2.2600000e+00   7.4638525e-01   1.0000000e+00
   2.2800000e+00   7.4478212e-01   1.0000000e+00
   2.3000000e+00   7.4317898e-01   1.0000000e+00
   2.3200000e+00   7.4156848e-01   1.0000000e+00
   2.3400000e+00   7.3995061e-01   1.0000000e+00
   2.3600000e+00   7.3781310e-01   1.0000000e+00
   2.3800000e+00   7.3567559e-01   1.0000000e+00
   2.4000000e+00   7.3353808e-01   1.0000000e+00
   2.4200000e+00   7.3108479e-01   1.0000000e+00
   2.4400000e+00   7.2872132e-01   1.0000000e+00
   2.4600000e+00   7.2644769e-01   1.0000000e+00
   2.4800000e+00   7.2484455e-01   1.0000000e+00
   2.5000000e+00   7.2324142e-01   1.0000000e+00
   2.5200000e+00   7.2163829e-01   1.0000000e+00
   2.5400000e+00   7.2053533e-01   1.0000000e+00
   2.5600000e+00   7.1964123e-01   1.0000000e+00
   2.5800000e+00   7.1895599e-01   1.0000000e+00
   2.6000000e+00   7.1842161e-01   1.0000000e+00
   2.6200000e+00   7.1788723e-01   1.0000000e+00
   2.6400000e+00   7.1735286e-01   1.0000000e+00
   2.6600000e+00   7.1675145e-01   1.0000000e+00
   2.6800000e+00   7.1564918e-01   1.0000000e+00
   2.7000000e+00   7.1404605e-01   1.0000000e+00
   2.7200000e+00   7.1289415e-01   1.0000000e+00
   2.7400000e+00   7.1144925e-01   1.0000000e+00
   2.7600000e+00   7.0971137e-01   1.0000000e+00
   2.7800000e+00   7.0757387e-01   1.0000000e+00
   2.8000000e+00   7.0548698e-01   1.0000000e+00
   2.8200000e+00   7.0345070e-01   1.0000000e+00
   2.8400000e+00   7.0184757e-01   1.0000000e+00
   2.8600000e+00   7.0024444e-01   1.0000000e+00
   2.8800000e+00   6.9864131e-01   1.0000000e+00
   2.9000000e+00   6.9703818e-01   1.0000000e+00
   2.9200000e+00   6.9586347e-01   1.0000000e+00
   2.9400000e+00   6.9511719e-01   1.0000000e+00
   2.9600000e+00   6.9477928e-01   1.0000000e+00
   2.9800000e+00   6.9404981e-01   1.0000000e+00
   3.0000000e+00   6.9292877e-01   1.0000000e+00
   3.0200000e+00   6.9132564e-01   1.0000000e+00
   3.0400000e+00   6.8948751e-01   1.0000000e+00
   3.0600000e+00   6.8741438e-01   1.0000000e+00
   3.0800000e+00   6.8457020e-01   1.0000000e+00
   3.1000000e+00   6.8189998e-01   1.0000000e+00
   3.1200000e+00   6.7940373e-01   1.0000000e+00
   3.1400000e+00   6.7768060e-01   1.0000000e+00
   3.1600000e+00   6.7575027e-01   1.0000000e+00
   3.1800000e+00   6.7361277e-01   1.0000000e+00
   3.2000000e+00   6.7147526e-01   1.0000000e+00
   3.2200000e+00   6.6975880e-01   1.0000000e+00
   3.2400000e+00   6.6846340e-01   1.0000000e+00
   3.2600000e+00   6.6709026e-01   1.0000000e+00
   3.2800000e+00   6.6569598e-01   1.0000000e+00
   3.3000000e+00   6.6428058e-01   1.0000000e+00
   3.3200000e+00   6.6314076e-01   1.0000000e+00
   3.3400000e+00   6.6176929e-01   1.0000000e+00
   3.3600000e+00   6.6016616e-01   1.0000000e+00
   3.3800000e+00   6.5709671e-01   1.0000000e+00
