   6.0000000e-01   9.1453711e-01   0.0000000e+00
   6.2000000e-01   8.9512390e-01   0.0000000e+00
   6.4000000e-01   8.7269048e-01   0.0000000e+00
   6.6000000e-01   8.4723686e-01   0.0000000e+00
   6.8000000e-01   8.1731174e-01   0.0000000e+00
   7.0000000e-01   7.9262209e-01   0.0000000e+00
   7.2000000e-01   7.7316789e-01   0.0000000e+00
   7.4000000e-01   7.5553345e-01   0.0000000e+00
   7.6000000e-01   7.3856479e-01   0.0000000e+00
   7.8000000e-01   7.2226192e-01   0.0000000e+00
   8.0000000e-01   7.0762321e-01   0.0000000e+00
   8.2000000e-01   6.9255539e-01   0.0000000e+00
   8.4000000e-01   6.7705845e-01   0.0000000e+00
   8.6000000e-01   6.6783723e-01   0.0000000e+00
   8.8000000e-01   6.5909072e-01   0.0000000e+00
   9.0000000e-01   6.5081894e-01   0.0000000e+00
   9.2000000e-01   6.4367222e-01   0.0000000e+00
   9.4000000e-01   6.3697909e-01   0.0000000e+00
   9.6000000e-01   6.3073955e-01   0.0000000e+00
   9.8000000e-01   6.2486140e-01   0.0000000e+00
   1.0000000e+00   6.1898325e-01   0.0000000e+00
   1.0200000e+00   6.1310511e-01   0.0000000e+00
   1.0400000e+00   6.0817502e-01   0.0000000e+00
   1.0600000e+00   6.0330528e-01   0.0000000e+00
   1.0800000e+00   5.9849588e-01   0.0000000e+00
   1.1000000e+00   5.9392719e-01   0.0000000e+00
   1.1200000e+00   5.8956735e-01   0.0000000e+00
   1.1400000e+00   5.8541637e-01   0.0000000e+00
   1.1600000e+00   5.8168311e-01   0.0000000e+00
   1.1800000e+00   5.7821334e-01   0.0000000e+00
   1.2000000e+00   5.7500708e-01   0.0000000e+00
   1.2200000e+00   5.7137573e-01   0.0000000e+00
   1.2400000e+00   5.6784395e-01   0.0000000e+00
   1.2600000e+00   5.6441173e-01   0.0000000e+00
   1.2800000e+00   5.6158898e-01   0.0000000e+00
   1.3000000e+00   5.5903376e-01   0.0000000e+00
   1.3200000e+00   5.5674607e-01   0.0000000e+00
   1.3400000e+00   5.5353981e-01   0.0000000e+00
   1.3600000e+00   5.5082634e-01   0.0000000e+00
   1.3800000e+00   5.4860569e-01   0.0000000e+00
   1.4000000e+00   5.4684432e-01   0.0000000e+00
   1.4200000e+00   5.4503233e-01   0.0000000e+00
   1.4400000e+00   5.4316972e-01   0.0000000e+00
   1.4600000e+00   5.4103222e-01   0.0000000e+00
   1.4800000e+00   5.3892085e-01   0.0000000e+00
   1.5000000e+00   5.3683563e-01   0.0000000e+00
   1.5200000e+00   5.3576688e-01   0.0000000e+00
   1.5400000e+00   5.3425427e-01   0.0000000e+00
   1.5600000e+00   5.3229780e-01   0.0000000e+00
   1.5800000e+00   5.3016029e-01   0.0000000e+00
   1.6000000e+00   5.2802279e-01   0.0000000e+00
   1.6200000e+00   5.2588528e-01   0.0000000e+00
   1.6400000e+00   5.2384163e-01   0.0000000e+00
   1.6600000e+00   5.2201824e-01   0.0000000e+00
   1.6800000e+00   5.2041511e-01   0.0000000e+00
   1.7000000e+00   5.1932355e-01   0.0000000e+00
   1.7200000e+00   5.1784849e-01   0.0000000e+00
   1.7400000e+00   5.1598992e-01   0.0000000e+00
   1.7600000e+00   5.1468714e-01   0.0000000e+00
   1.7800000e+00   5.1368778e-01   0.0000000e+00
   1.8000000e+00   5.1299182e-01   0.0000000e+00
   1.8200000e+00   5.1192307e-01   0.0000000e+00
   1.8400000e+00   5.1085431e-01   0.0000000e+00
   1.8600000e+00   5.0978556e-01   0.0000000e+00
   1.8800000e+00   5.0871680e-01   0.0000000e+00
   1.9000000e+00   5.0764805e-01   0.0000000e+00
   1.9200000e+00   5.0657930e-01   0.0000000e+00
   1.9400000e+00   5.0528124e-01   0.0000000e+00
   1.9600000e+00   5.0388697e-01   0.0000000e+00
   1.9800000e+00   5.0239647e-01   0.0000000e+00
   2.0000000e+00   5.0132772e-01   0.0000000e+00
   2.0200000e+00   5.0025896e-01   0.0000000e+00
   2.0400000e+00   4.9919021e-01   0.0000000e+00
   2.0600000e+00   4.9729409e-01   0.0000000e+00
   2.0800000e+00   4.9542579e-01   0.0000000e+00
   2.1000000e+00   4.9358530e-01   0.0000000e+00
   2.1200000e+00   4.9180181e-01   0.0000000e+00
   2.1400000e+00   4.8990500e-01   0.0000000e+00
   2.1600000e+00   4.8789487e-01   0.0000000e+00
   2.1800000e+00   4.8682612e-01   0.0000000e+00
   2.2000000e+00   4.8551666e-01   0.0000000e+00
   2.2200000e+00   4.8396651e-01   0.0000000e+00
   2.2400000e+00   4.8272811e-01   0.0000000e+00
   2.2600000e+00   4.8157454e-01   0.0000000e+00
   2.2800000e+00   4.8050579e-01   0.0000000e+00
   2.3000000e+00   4.7943703e-01   0.0000000e+00
   2.3200000e+00   4.7836828e-01   0.0000000e+00
   2.3400000e+00   4.7729952e-01   0.0000000e+00
   2.3600000e+00   4.7623077e-01   0.0000000e+00
   2.3800000e+00   4.7472956e-01   0.0000000e+00
   2.4000000e+00   4.7279590e-01   0.0000000e+00
   2.4200000e+00   4.7128997e-01   0.0000000e+00
   2.4400000e+00   4.7000263e-01   0.0000000e+00
   2.4600000e+00   4.6893387e-01   0.0000000e+00
   2.4800000e+00   4.6770020e-01   0.0000000e+00
   2.5000000e+00   4.6601461e-01   0.0000000e+00
   2.5200000e+00   4.6387710e-01   0.0000000e+00
   2.5400000e+00   4.6273994e-01   0.0000000e+00
   2.5600000e+00   4.6163698e-01   0.0000000e+00
   2.5800000e+00   4.6056822e-01   0.0000000e+00
   2.6000000e+00   4.5923263e-01   0.0000000e+00
   2.6200000e+00   4.5783835e-01   0.0000000e+00
   2.6400000e+00   4.5638540e-01   0.0000000e+00
   2.6600000e+00   4.5531665e-01   0.0000000e+00
   2.6800000e+00   4.5424789e-01   0.0000000e+00
   2.7000000e+00   4.5317914e-01   0.0000000e+00
   2.7200000e+00   4.5211038e-01   0.0000000e+00
   2.7400000e+00   4.5104163e-01   0.0000000e+00
   2.7600000e+00   4.4997287e-01   0.0000000e+00
   2.7800000e+00   4.4890412e-01   0.0000000e+00
   2.8000000e+00   4.4783537e-01   0.0000000e+00
   2.8200000e+00   4.4676661e-01   0.0000000e+00
   2.8400000e+00   4.4569786e-01   0.0000000e+00
   2.8600000e+00   4.4462910e-01   0.0000000e+00
   2.8800000e+00   4.4356035e-01   0.0000000e+00
   2.9000000e+00   4.4208932e-01   0.0000000e+00
   2.9200000e+00   4.4083785e-01   0.0000000e+00
   2.9400000e+00   4.3980595e-01   0.0000000e+00
   2.9600000e+00   4.3893367e-01   0.0000000e+00
   2.9800000e+00   4.3774825e-01   0.0000000e+00
   3.0000000e+00   4.3624969e-01   0.0000000e+00
   3.0200000e+00   4.3571532e-01   0.0000000e+00
   3.0400000e+00   4.3494594e-01   0.0000000e+00
   3.0600000e+00   4.3394156e-01   0.0000000e+00
   3.0800000e+00   4.3287281e-01   0.0000000e+00
   3.1000000e+00   4.3180406e-01   0.0000000e+00
   3.1200000e+00   4.3073530e-01   0.0000000e+00
   3.1400000e+00   4.2978655e-01   0.0000000e+00
   3.1600000e+00   4.2904499e-01   0.0000000e+00
   3.1800000e+00   4.2851061e-01   0.0000000e+00
   3.2000000e+00   4.2797624e-01   0.0000000e+00
   3.2200000e+00   4.2723133e-01   0.0000000e+00
   3.2400000e+00   4.2627590e-01   0.0000000e+00
   3.2600000e+00   4.2581593e-01   0.0000000e+00
   3.2800000e+00   4.2539821e-01   0.0000000e+00
   3.3000000e+00   4.2502276e-01   0.0000000e+00
   3.3200000e+00   4.2402507e-01   0.0000000e+00
   3.3400000e+00   4.2325903e-01   0.0000000e+00
   3.3600000e+00   4.2272466e-01   0.0000000e+00
   3.3800000e+00   4.2219028e-01   0.0000000e+00
   3.4000000e+00   4.2165590e-01   0.0000000e+00
   3.4200000e+00   4.2112153e-01   0.0000000e+00
   3.4400000e+00   4.2033171e-01   0.0000000e+00
   3.4600000e+00   4.1926364e-01   0.0000000e+00
   3.4800000e+00   4.1791733e-01   0.0000000e+00
   2.0100000e+00   7.7130115e-01   1.0000000e+00
   2.0300000e+00   7.7023240e-01   1.0000000e+00
   2.0500000e+00   7.6895680e-01   1.0000000e+00
   2.0700000e+00   7.6747437e-01   1.0000000e+00
   2.0900000e+00   7.6587124e-01   1.0000000e+00
   2.1100000e+00   7.6444846e-01   1.0000000e+00
   2.1300000e+00   7.6320603e-01   1.0000000e+00
   2.1500000e+00   7.6254428e-01   1.0000000e+00
   2.1700000e+00   7.6141184e-01   1.0000000e+00
   2.1900000e+00   7.5980871e-01   1.0000000e+00
   2.2100000e+00   7.5820557e-01   1.0000000e+00
   2.2300000e+00   7.5660244e-01   1.0000000e+00
   2.2500000e+00   7.5499931e-01   1.0000000e+00
   2.2700000e+00   7.5339618e-01   1.0000000e+00
   2.2900000e+00   7.5159594e-01   1.0000000e+00
   2.3100000e+00   7.4959859e-01   1.0000000e+00
   2.3300000e+00   7.4642181e-01   1.0000000e+00
   2.3500000e+00   7.4376467e-01   1.0000000e+00
   2.3700000e+00   7.4162716e-01   1.0000000e+00
   2.3900000e+00   7.3948965e-01   1.0000000e+00
   2.4100000e+00   7.3719425e-01   1.0000000e+00
   2.4300000e+00   7.3474095e-01   1.0000000e+00
   2.4500000e+00   7.3246732e-01   1.0000000e+00
   2.4700000e+00   7.3057016e-01   1.0000000e+00
   2.4900000e+00   7.2904949e-01   1.0000000e+00
   2.5100000e+00   7.2798074e-01   1.0000000e+00
   2.5300000e+00   7.2716207e-01   1.0000000e+00
   2.5500000e+00   7.2659349e-01   1.0000000e+00
   2.5700000e+00   7.2567560e-01   1.0000000e+00
   2.5900000e+00   7.2481571e-01   1.0000000e+00
   2.6100000e+00   7.2401380e-01   1.0000000e+00
   2.6300000e+00   7.2332924e-01   1.0000000e+00
   2.6500000e+00   7.2243583e-01   1.0000000e+00
   2.6700000e+00   7.2133356e-01   1.0000000e+00
   2.6900000e+00   7.1973043e-01   1.0000000e+00
   2.7100000e+00   7.1812730e-01   1.0000000e+00
   2.7300000e+00   7.1652417e-01   1.0000000e+00
   2.7500000e+00   7.1425191e-01   1.0000000e+00
