   6.1000000e-01   9.8203756e-01   0.0000000e+00
   6.3000000e-01   9.6942776e-01   0.0000000e+00
   6.5000000e-01   9.5313364e-01   0.0000000e+00
   6.7000000e-01   9.3510060e-01   0.0000000e+00
   6.9000000e-01   9.1532865e-01   0.0000000e+00
   7.1000000e-01   8.9464618e-01   0.0000000e+00
   7.3000000e-01   8.7405389e-01   0.0000000e+00
   7.5000000e-01   8.5355178e-01   0.0000000e+00
   7.7000000e-01   8.3524281e-01   0.0000000e+00
   7.9000000e-01   8.1823459e-01   0.0000000e+00
   8.1000000e-01   8.0252713e-01   0.0000000e+00
   8.3000000e-01   7.8596144e-01   0.0000000e+00
   8.5000000e-01   7.7122617e-01   0.0000000e+00
   8.7000000e-01   7.5832131e-01   0.0000000e+00
   8.9000000e-01   7.4752782e-01   0.0000000e+00
   9.1000000e-01   7.3748896e-01   0.0000000e+00
   9.3000000e-01   7.2820473e-01   0.0000000e+00
   9.5000000e-01   7.2017365e-01   0.0000000e+00
   9.7000000e-01   7.1271281e-01   0.0000000e+00
   9.9000000e-01   7.0582223e-01   0.0000000e+00
   1.0100000e+00   6.9940970e-01   0.0000000e+00
   1.0300000e+00   6.9394524e-01   0.0000000e+00
   1.0500000e+00   6.8942883e-01   0.0000000e+00
   1.0700000e+00   6.8515382e-01   0.0000000e+00
   1.0900000e+00   6.8087880e-01   0.0000000e+00
   1.1100000e+00   6.7660378e-01   0.0000000e+00
   1.1300000e+00   6.7232877e-01   0.0000000e+00
   1.1500000e+00   6.6805744e-01   0.0000000e+00
   1.1700000e+00   6.6378979e-01   0.0000000e+00
   1.1900000e+00   6.6004915e-01   0.0000000e+00
   1.2100000e+00   6.5630851e-01   0.0000000e+00
   1.2300000e+00   6.5256787e-01   0.0000000e+00
   1.2500000e+00   6.4882723e-01   0.0000000e+00
   1.2700000e+00   6.4489484e-01   0.0000000e+00
   1.2900000e+00   6.4077069e-01   0.0000000e+00
   1.3100000e+00   6.3611148e-01   0.0000000e+00
   1.3300000e+00   6.3191155e-01   0.0000000e+00
   1.3500000e+00   6.2817091e-01   0.0000000e+00
   1.3700000e+00   6.2393747e-01   0.0000000e+00
   1.3900000e+00   6.1987131e-01   0.0000000e+00
   1.4100000e+00   6.1597243e-01   0.0000000e+00
   1.4300000e+00   6.1223179e-01   0.0000000e+00
   1.4500000e+00   6.0841975e-01   0.0000000e+00
   1.4700000e+00   6.0453630e-01   0.0000000e+00
   1.4900000e+00   6.0028743e-01   0.0000000e+00
   1.5100000e+00   5.9629267e-01   0.0000000e+00
   1.5300000e+00   5.9255203e-01   0.0000000e+00
   1.5500000e+00   5.8792368e-01   0.0000000e+00
   1.5700000e+00   5.8369560e-01   0.0000000e+00
   1.5900000e+00   5.7986778e-01   0.0000000e+00
   1.6100000e+00   5.7666152e-01   0.0000000e+00
   1.6300000e+00   5.7345525e-01   0.0000000e+00
   1.6500000e+00   5.7024899e-01   0.0000000e+00
   1.6700000e+00   5.6704273e-01   0.0000000e+00
   1.6900000e+00   5.6409225e-01   0.0000000e+00
   1.7100000e+00   5.6139757e-01   0.0000000e+00
   1.7300000e+00   5.5872568e-01   0.0000000e+00
   1.7500000e+00   5.5605380e-01   0.0000000e+00
   1.7700000e+00   5.5338191e-01   0.0000000e+00
   1.7900000e+00   5.5087161e-01   0.0000000e+00
   1.8100000e+00   5.4854770e-01   0.0000000e+00
   1.8300000e+00   5.4641019e-01   0.0000000e+00
   1.8500000e+00   5.4427268e-01   0.0000000e+00
   1.8700000e+00   5.4213517e-01   0.0000000e+00
   1.8900000e+00   5.3999767e-01   0.0000000e+00
   1.9100000e+00   5.3786016e-01   0.0000000e+00
   1.9300000e+00   5.3572265e-01   0.0000000e+00
   1.9500000e+00   5.3358514e-01   0.0000000e+00
   1.9700000e+00   5.3156027e-01   0.0000000e+00
   1.9900000e+00   5.2974627e-01   0.0000000e+00
   2.0100000e+00   5.2814313e-01   0.0000000e+00
   2.0300000e+00   5.2654000e-01   0.0000000e+00
   2.0500000e+00   5.2473003e-01   0.0000000e+00
   2.0700000e+00   5.2271322e-01   0.0000000e+00
   2.0900000e+00   5.2057571e-01   0.0000000e+00
   2.1100000e+00   5.1852838e-01   0.0000000e+00
   2.1300000e+00   5.1657122e-01   0.0000000e+00
   2.1500000e+00   5.1503178e-01   0.0000000e+00
   2.1700000e+00   5.1372768e-01   0.0000000e+00
   2.1900000e+00   5.1265893e-01   0.0000000e+00
   2.2100000e+00   5.1159017e-01   0.0000000e+00
   2.2300000e+00   5.1033905e-01   0.0000000e+00
   2.2500000e+00   5.0890556e-01   0.0000000e+00
   2.2700000e+00   5.0755050e-01   0.0000000e+00
   2.2900000e+00   5.0633860e-01   0.0000000e+00
   2.3100000e+00   5.0526984e-01   0.0000000e+00
   2.3300000e+00   5.0418635e-01   0.0000000e+00
   2.3500000e+00   5.0284303e-01   0.0000000e+00
   2.3700000e+00   5.0123990e-01   0.0000000e+00
   2.3900000e+00   4.9963677e-01   0.0000000e+00
   2.4100000e+00   4.9803364e-01   0.0000000e+00
   2.4300000e+00   4.9643051e-01   0.0000000e+00
   2.4500000e+00   4.9462825e-01   0.0000000e+00
   2.4700000e+00   4.9269960e-01   0.0000000e+00
   2.4900000e+00   4.9064455e-01   0.0000000e+00
   2.5100000e+00   4.8904142e-01   0.0000000e+00
   2.5300000e+00   4.8743829e-01   0.0000000e+00
   2.5500000e+00   4.8583516e-01   0.0000000e+00
   2.5700000e+00   4.8461554e-01   0.0000000e+00
   2.5900000e+00   4.8333792e-01   0.0000000e+00
   2.6100000e+00   4.8200233e-01   0.0000000e+00
   2.6300000e+00   4.8054938e-01   0.0000000e+00
   2.6500000e+00   4.7928852e-01   0.0000000e+00
   2.6700000e+00   4.7821977e-01   0.0000000e+00
   2.6900000e+00   4.7715101e-01   0.0000000e+00
   2.7100000e+00   4.7630787e-01   0.0000000e+00
   2.7300000e+00   4.7569035e-01   0.0000000e+00
   2.7500000e+00   4.7448684e-01   0.0000000e+00
   2.7700000e+00   4.7319248e-01   0.0000000e+00
   2.7900000e+00   4.7180724e-01   0.0000000e+00
   2.8100000e+00   4.7063726e-01   0.0000000e+00
   2.8300000e+00   4.6925070e-01   0.0000000e+00
   2.8500000e+00   4.6764757e-01   0.0000000e+00
   2.8700000e+00   4.6656338e-01   0.0000000e+00
   2.8900000e+00   4.6548691e-01   0.0000000e+00
   2.9100000e+00   4.6441816e-01   0.0000000e+00
   2.9300000e+00   4.6334940e-01   0.0000000e+00
   2.9500000e+00   4.6228065e-01   0.0000000e+00
   2.9700000e+00   4.6121190e-01   0.0000000e+00
   2.9900000e+00   4.6009085e-01   0.0000000e+00
   3.0100000e+00   4.5872877e-01   0.0000000e+00
   3.0300000e+00   4.5712564e-01   0.0000000e+00
   3.0500000e+00   4.5599250e-01   0.0000000e+00
   3.0700000e+00   4.5489156e-01   0.0000000e+00
   3.0900000e+00   4.5382281e-01   0.0000000e+00
   3.1100000e+00   4.5275405e-01   0.0000000e+00
   3.1300000e+00   4.5168530e-01   0.0000000e+00
   3.1500000e+00   4.5061654e-01   0.0000000e+00
   3.1700000e+00   4.4954779e-01   0.0000000e+00
   3.1900000e+00   4.4847904e-01   0.0000000e+00
   3.2100000e+00   4.4741028e-01   0.0000000e+00
   3.2300000e+00   4.4634153e-01   0.0000000e+00
   3.2500000e+00   4.4527278e-01   0.0000000e+00
   3.2700000e+00   4.4420402e-01   0.0000000e+00
   3.2900000e+00   4.4313527e-01   0.0000000e+00
   3.3100000e+00   4.4210204e-01   0.0000000e+00
   3.3300000e+00   4.4110435e-01   0.0000000e+00
   3.3500000e+00   4.4056997e-01   0.0000000e+00
   3.3700000e+00   4.4003559e-01   0.0000000e+00
   3.3900000e+00   4.3950122e-01   0.0000000e+00
   3.4100000e+00   4.3859473e-01   0.0000000e+00
   3.4300000e+00   4.3773483e-01   0.0000000e+00
   3.4500000e+00   4.3692152e-01   0.0000000e+00
   3.4700000e+00   4.3624837e-01   0.0000000e+00
   3.4900000e+00   4.3538847e-01   0.0000000e+00
   3.5100000e+00   4.3434183e-01   0.0000000e+00
   3.5300000e+00   4.3380745e-01   0.0000000e+00
   3.5500000e+00   4.3305316e-01   0.0000000e+00
   3.5700000e+00   4.3207896e-01   0.0000000e+00
   3.5900000e+00   4.3165653e-01   0.0000000e+00
   3.6100000e+00   4.3134206e-01   0.0000000e+00
   3.6300000e+00   4.3113557e-01   0.0000000e+00
   3.6500000e+00   4.3060119e-01   0.0000000e+00
   3.6700000e+00   4.3006681e-01   0.0000000e+00
   3.6900000e+00   4.2953244e-01   0.0000000e+00
   3.7100000e+00   4.2899806e-01   0.0000000e+00
   3.7300000e+00   4.2826824e-01   0.0000000e+00
   3.7500000e+00   4.2734299e-01   0.0000000e+00
   3.7700000e+00   4.2627423e-01   0.0000000e+00
   3.7900000e+00   4.2520548e-01   0.0000000e+00
   2.0700000e+00   8.0191854e-01   1.0000000e+00
   2.0900000e+00   8.0138416e-01   1.0000000e+00
   2.1100000e+00   8.0057926e-01   1.0000000e+00
   2.1300000e+00   7.9950382e-01   1.0000000e+00
   2.1500000e+00   7.9749369e-01   1.0000000e+00
   2.1700000e+00   7.9595425e-01   1.0000000e+00
   2.1900000e+00   7.9488549e-01   1.0000000e+00
   2.2100000e+00   7.9285394e-01   1.0000000e+00
   2.2300000e+00   7.9076940e-01   1.0000000e+00
   2.2500000e+00   7.8863189e-01   1.0000000e+00
   2.2700000e+00   7.8649439e-01   1.0000000e+00
   2.2900000e+00   7.8422547e-01   1.0000000e+00
   2.3100000e+00   7.8182515e-01   1.0000000e+00
   2.3300000e+00   7.7866311e-01   1.0000000e+00
   2.3500000e+00   7.7628053e-01   1.0000000e+00
   2.3700000e+00   7.7467740e-01   1.0000000e+00
   2.3900000e+00   7.7307427e-01   1.0000000e+00
   2.4100000e+00   7.7131324e-01   1.0000000e+00
   2.4300000e+00   7.6939432e-01   1.0000000e+00
   2.4500000e+00   7.6765506e-01   1.0000000e+00
   2.4700000e+00   7.6625106e-01   1.0000000e+00
   2.4900000e+00   7.6518231e-01   1.0000000e+00
   2.5100000e+00   7.6411355e-01   1.0000000e+00
   2.5300000e+00   7.6329488e-01   1.0000000e+00
   2.5500000e+00   7.6272630e-01   1.0000000e+00
   2.5700000e+00   7.6180842e-01   1.0000000e+00
   2.5900000e+00   7.6081510e-01   1.0000000e+00
   2.6100000e+00   7.5974634e-01   1.0000000e+00
   2.6300000e+00   7.5852741e-01   1.0000000e+00
   2.6500000e+00   7.5713313e-01   1.0000000e+00
   2.6700000e+00   7.5556352e-01   1.0000000e+00
   2.6900000e+00   7.5449476e-01   1.0000000e+00
   2.7100000e+00   7.5342601e-01   1.0000000e+00
   2.7300000e+00   7.5235726e-01   1.0000000e+00
   2.7500000e+00   7.5162306e-01   1.0000000e+00
   2.7700000e+00   7.5087983e-01   1.0000000e+00
   2.7900000e+00   7.5012756e-01   1.0000000e+00
   2.8100000e+00   7.4905880e-01   1.0000000e+00
   2.8300000e+00   7.4799005e-01   1.0000000e+00
   2.8500000e+00   7.4692129e-01   1.0000000e+00
   2.8700000e+00   7.4585254e-01   1.0000000e+00
   2.8900000e+00   7.4478379e-01   1.0000000e+00
   2.9100000e+00   7.4371503e-01   1.0000000e+00
   2.9300000e+00   7.4236066e-01   1.0000000e+00
   2.9500000e+00   7.4096639e-01   1.0000000e+00
   2.9700000e+00   7.3953221e-01   1.0000000e+00
   2.9900000e+00   7.3841117e-01   1.0000000e+00
   3.0100000e+00   7.3704908e-01   1.0000000e+00
   3.0300000e+00   7.3544595e-01   1.0000000e+00
   3.0500000e+00   7.3384282e-01   1.0000000e+00
   3.0700000e+00   7.3241635e-01   1.0000000e+00
   3.0900000e+00   7.3116656e-01   1.0000000e+00
   3.1100000e+00   7.3009780e-01   1.0000000e+00
   3.1300000e+00   7.2896905e-01   1.0000000e+00
   3.1500000e+00   7.2778029e-01   1.0000000e+00
   3.1700000e+00   7.2617716e-01   1.0000000e+00
   3.1900000e+00   7.2457402e-01   1.0000000e+00
   3.2100000e+00   7.2297089e-01   1.0000000e+00
   3.2300000e+00   7.2136776e-01   1.0000000e+00
   3.2500000e+00   7.1946024e-01   1.0000000e+00
   3.2700000e+00   7.1724833e-01   1.0000000e+00
   3.2900000e+00   7.1476417e-01   1.0000000e+00
   3.3100000e+00   7.1241781e-01   1.0000000e+00
   3.3300000e+00   7.1020924e-01   1.0000000e+00
   3.3500000e+00   7.0753736e-01   1.0000000e+00
   3.3700000e+00   7.0535424e-01   1.0000000e+00
   3.3900000e+00   7.0365990e-01   1.0000000e+00
   3.4100000e+00   7.0168466e-01   1.0000000e+00
   3.4300000e+00   6.9988373e-01   1.0000000e+00
   3.4500000e+00   6.9825711e-01   1.0000000e+00
   3.4700000e+00   6.9704958e-01   1.0000000e+00
