   6.0000000e-01   1.0038035e+00   0.0000000e+00
   6.2000000e-01   9.9226248e-01   0.0000000e+00
   6.4000000e-01   9.7878540e-01   0.0000000e+00
   6.6000000e-01   9.6337231e-01   0.0000000e+00
   6.8000000e-01   9.4199723e-01   0.0000000e+00
   7.0000000e-01   9.2153266e-01   0.0000000e+00
   7.2000000e-01   9.0197861e-01   0.0000000e+00
   7.4000000e-01   8.8307963e-01   0.0000000e+00
   7.6000000e-01   8.6516625e-01   0.0000000e+00
   7.8000000e-01   8.4823848e-01   0.0000000e+00
   8.0000000e-01   8.3359977e-01   0.0000000e+00
   8.2000000e-01   8.1853195e-01   0.0000000e+00
   8.4000000e-01   8.0303502e-01   0.0000000e+00
   8.6000000e-01   7.9119891e-01   0.0000000e+00
   8.8000000e-01   7.7940271e-01   0.0000000e+00
   9.0000000e-01   7.6764642e-01   0.0000000e+00
   9.2000000e-01   7.5791765e-01   0.0000000e+00
   9.4000000e-01   7.4895895e-01   0.0000000e+00
   9.6000000e-01   7.4077031e-01   0.0000000e+00
   9.8000000e-01   7.3238923e-01   0.0000000e+00
   1.0000000e+00   7.2472524e-01   0.0000000e+00
   1.0200000e+00   7.1777834e-01   0.0000000e+00
   1.0400000e+00   7.1130546e-01   0.0000000e+00
   1.0600000e+00   7.0522013e-01   0.0000000e+00
   1.0800000e+00   6.9952234e-01   0.0000000e+00
   1.1000000e+00   6.9441927e-01   0.0000000e+00
   1.1200000e+00   6.8946304e-01   0.0000000e+00
   1.1400000e+00   6.8465364e-01   0.0000000e+00
   1.1600000e+00   6.7984425e-01   0.0000000e+00
   1.1800000e+00   6.7503486e-01   0.0000000e+00
   1.2000000e+00   6.7022546e-01   0.0000000e+00
   1.2200000e+00   6.6584115e-01   0.0000000e+00
   1.2400000e+00   6.6104886e-01   0.0000000e+00
   1.2600000e+00   6.5584859e-01   0.0000000e+00
   1.2800000e+00   6.5035395e-01   0.0000000e+00
   1.3000000e+00   6.4512684e-01   0.0000000e+00
   1.3200000e+00   6.4016727e-01   0.0000000e+00
   1.3400000e+00   6.3428912e-01   0.0000000e+00
   1.3600000e+00   6.2890378e-01   0.0000000e+00
   1.3800000e+00   6.2401123e-01   0.0000000e+00
   1.4000000e+00   6.1920184e-01   0.0000000e+00
   1.4200000e+00   6.1439245e-01   0.0000000e+00
   1.4400000e+00   6.0958305e-01   0.0000000e+00
   1.4600000e+00   6.0477366e-01   0.0000000e+00
   1.4800000e+00   5.9997734e-01   0.0000000e+00
   1.5000000e+00   5.9519409e-01   0.0000000e+00
   1.5200000e+00   5.9091907e-01   0.0000000e+00
   1.5400000e+00   5.8664406e-01   0.0000000e+00
   1.5600000e+00   5.8236904e-01   0.0000000e+00
   1.5800000e+00   5.7842122e-01   0.0000000e+00
   1.6000000e+00   5.7468225e-01   0.0000000e+00
   1.6200000e+00   5.7115213e-01   0.0000000e+00
   1.6400000e+00   5.6785201e-01   0.0000000e+00
   1.6600000e+00   5.6433163e-01   0.0000000e+00
   1.6800000e+00   5.6059099e-01   0.0000000e+00
   1.7000000e+00   5.5787350e-01   0.0000000e+00
   1.7200000e+00   5.5498136e-01   0.0000000e+00
   1.7400000e+00   5.5191456e-01   0.0000000e+00
   1.7600000e+00   5.4898654e-01   0.0000000e+00
   1.7800000e+00   5.4626738e-01   0.0000000e+00
   1.8000000e+00   5.4375708e-01   0.0000000e+00
   1.8200000e+00   5.4166449e-01   0.0000000e+00
   1.8400000e+00   5.3981662e-01   0.0000000e+00
   1.8600000e+00   5.3821349e-01   0.0000000e+00
   1.8800000e+00   5.3707299e-01   0.0000000e+00
   1.9000000e+00   5.3596836e-01   0.0000000e+00
   1.9200000e+00   5.3489961e-01   0.0000000e+00
   1.9400000e+00   5.3360156e-01   0.0000000e+00
   1.9600000e+00   5.3226360e-01   0.0000000e+00
   1.9800000e+00   5.3088574e-01   0.0000000e+00
   2.0000000e+00   5.3035136e-01   0.0000000e+00
   2.0200000e+00   5.2955181e-01   0.0000000e+00
   2.0400000e+00   5.2848708e-01   0.0000000e+00
   2.0600000e+00   5.2741833e-01   0.0000000e+00
   2.0800000e+00   5.2620107e-01   0.0000000e+00
   2.1000000e+00   5.2483529e-01   0.0000000e+00
   2.1200000e+00   5.2341252e-01   0.0000000e+00
   2.1400000e+00   5.2216675e-01   0.0000000e+00
   2.1600000e+00   5.2109800e-01   0.0000000e+00
   2.1800000e+00   5.2002924e-01   0.0000000e+00
   2.2000000e+00   5.1896049e-01   0.0000000e+00
   2.2200000e+00   5.1789174e-01   0.0000000e+00
   2.2400000e+00   5.1645824e-01   0.0000000e+00
   2.2600000e+00   5.1493993e-01   0.0000000e+00
   2.2800000e+00   5.1333680e-01   0.0000000e+00
   2.3000000e+00   5.1199649e-01   0.0000000e+00
   2.3200000e+00   5.1104440e-01   0.0000000e+00
   2.3400000e+00   5.1048053e-01   0.0000000e+00
   2.3600000e+00   5.0887740e-01   0.0000000e+00
   2.3800000e+00   5.0770673e-01   0.0000000e+00
   2.4000000e+00   5.0696851e-01   0.0000000e+00
   2.4200000e+00   5.0580255e-01   0.0000000e+00
   2.4400000e+00   5.0451757e-01   0.0000000e+00
   2.4600000e+00   5.0311356e-01   0.0000000e+00
   2.4800000e+00   5.0196235e-01   0.0000000e+00
   2.5000000e+00   5.0058517e-01   0.0000000e+00
   2.5200000e+00   4.9898204e-01   0.0000000e+00
   2.5400000e+00   4.9787908e-01   0.0000000e+00
   2.5600000e+00   4.9679323e-01   0.0000000e+00
   2.5800000e+00   4.9572447e-01   0.0000000e+00
   2.6000000e+00   4.9465572e-01   0.0000000e+00
   2.6200000e+00   4.9358697e-01   0.0000000e+00
   2.6400000e+00   4.9251821e-01   0.0000000e+00
   2.6600000e+00   4.9141594e-01   0.0000000e+00
   2.6800000e+00   4.9006324e-01   0.0000000e+00
   2.7000000e+00   4.8846011e-01   0.0000000e+00
   2.7200000e+00   4.8775944e-01   0.0000000e+00
   2.7400000e+00   4.8664006e-01   0.0000000e+00
   2.7600000e+00   4.8510200e-01   0.0000000e+00
   2.7800000e+00   4.8340029e-01   0.0000000e+00
   2.8000000e+00   4.8201505e-01   0.0000000e+00
   2.8200000e+00   4.8094630e-01   0.0000000e+00
   2.8400000e+00   4.7987755e-01   0.0000000e+00
   2.8600000e+00   4.7906826e-01   0.0000000e+00
   2.8800000e+00   4.7851846e-01   0.0000000e+00
   2.9000000e+00   4.7758180e-01   0.0000000e+00
   2.9200000e+00   4.7657909e-01   0.0000000e+00
   2.9400000e+00   4.7551034e-01   0.0000000e+00
   2.9600000e+00   4.7427263e-01   0.0000000e+00
   2.9800000e+00   4.7287836e-01   0.0000000e+00
   3.0000000e+00   4.7132751e-01   0.0000000e+00
   3.0200000e+00   4.7025876e-01   0.0000000e+00
   3.0400000e+00   4.6919000e-01   0.0000000e+00
   3.0600000e+00   4.6812125e-01   0.0000000e+00
   3.0800000e+00   4.6705250e-01   0.0000000e+00
   3.1000000e+00   4.6598374e-01   0.0000000e+00
   3.1200000e+00   4.6491499e-01   0.0000000e+00
   3.1400000e+00   4.6384623e-01   0.0000000e+00
   3.1600000e+00   4.6277748e-01   0.0000000e+00
   3.1800000e+00   4.6170873e-01   0.0000000e+00
   3.2000000e+00   4.6063997e-01   0.0000000e+00
   3.2200000e+00   4.5978175e-01   0.0000000e+00
   3.2400000e+00   4.5913404e-01   0.0000000e+00
   3.2600000e+00   4.5829528e-01   0.0000000e+00
   3.2800000e+00   4.5734152e-01   0.0000000e+00
   3.3000000e+00   4.5627276e-01   0.0000000e+00
   3.3200000e+00   4.5520401e-01   0.0000000e+00
   3.3400000e+00   4.5413526e-01   0.0000000e+00
   3.3600000e+00   4.5306650e-01   0.0000000e+00
   3.3800000e+00   4.5199775e-01   0.0000000e+00
   3.4000000e+00   4.5092899e-01   0.0000000e+00
   3.4200000e+00   4.4986024e-01   0.0000000e+00
   3.4400000e+00   4.4879149e-01   0.0000000e+00
   3.4600000e+00   4.4779212e-01   0.0000000e+00
   3.4800000e+00   4.4686214e-01   0.0000000e+00
   3.5000000e+00   4.4632777e-01   0.0000000e+00
   3.5200000e+00   4.4579339e-01   0.0000000e+00
   3.5400000e+00   4.4525901e-01   0.0000000e+00
   3.5600000e+00   4.4428481e-01   0.0000000e+00
   3.5800000e+00   4.4326333e-01   0.0000000e+00
   3.6000000e+00   4.4219458e-01   0.0000000e+00
   3.6200000e+00   4.4133232e-01   0.0000000e+00
   3.6400000e+00   4.4058909e-01   0.0000000e+00
   3.6600000e+00   4.3996488e-01   0.0000000e+00
   3.6800000e+00   4.3889612e-01   0.0000000e+00
   3.7000000e+00   4.3782737e-01   0.0000000e+00
   3.7200000e+00   4.3675862e-01   0.0000000e+00
   3.7400000e+00   4.3529898e-01   0.0000000e+00
   2.0100000e+00   8.5532180e-01   1.0000000e+00
   2.0300000e+00   8.5104678e-01   1.0000000e+00
   2.0500000e+00   8.4697861e-01   1.0000000e+00
   2.0700000e+00   8.4311727e-01   1.0000000e+00
   2.0900000e+00   8.3937663e-01   1.0000000e+00
   2.1100000e+00   8.3581635e-01   1.0000000e+00
   2.1300000e+00   8.3243641e-01   1.0000000e+00
   2.1500000e+00   8.2982822e-01   1.0000000e+00
   2.1700000e+00   8.2745537e-01   1.0000000e+00
   2.1900000e+00   8.2531786e-01   1.0000000e+00
   2.2100000e+00   8.2366175e-01   1.0000000e+00
   2.2300000e+00   8.2203213e-01   1.0000000e+00
   2.2500000e+00   8.2042900e-01   1.0000000e+00
   2.2700000e+00   8.1882587e-01   1.0000000e+00
   2.2900000e+00   8.1722274e-01   1.0000000e+00
   2.3100000e+00   8.1561961e-01   1.0000000e+00
   2.3300000e+00   8.1397225e-01   1.0000000e+00
   2.3500000e+00   8.1154544e-01   1.0000000e+00
   2.3700000e+00   8.0833918e-01   1.0000000e+00
   2.3900000e+00   8.0513291e-01   1.0000000e+00
   2.4100000e+00   8.0192665e-01   1.0000000e+00
   2.4300000e+00   7.9872039e-01   1.0000000e+00
   2.4500000e+00   7.9571325e-01   1.0000000e+00
   2.4700000e+00   7.9291497e-01   1.0000000e+00
   2.4900000e+00   7.9032555e-01   1.0000000e+00
   2.5100000e+00   7.8818804e-01   1.0000000e+00
   2.5300000e+00   7.8630062e-01   1.0000000e+00
   2.5500000e+00   7.8466328e-01   1.0000000e+00
   2.5700000e+00   7.8306015e-01   1.0000000e+00
   2.5900000e+00   7.8145702e-01   1.0000000e+00
   2.6100000e+00   7.7985389e-01   1.0000000e+00
   2.6300000e+00   7.7825076e-01   1.0000000e+00
   2.6500000e+00   7.7663087e-01   1.0000000e+00
   2.6700000e+00   7.7499422e-01   1.0000000e+00
   2.6900000e+00   7.7285672e-01   1.0000000e+00
   2.7100000e+00   7.7117044e-01   1.0000000e+00
   2.7300000e+00   7.6993538e-01   1.0000000e+00
   2.7500000e+00   7.6819750e-01   1.0000000e+00
   2.7700000e+00   7.6615086e-01   1.0000000e+00
   2.7900000e+00   7.6379545e-01   1.0000000e+00
