   6.1000000e-01   9.9345325e-01   0.0000000e+00
   6.3000000e-01   9.8137783e-01   0.0000000e+00
   6.5000000e-01   9.6531772e-01   0.0000000e+00
   6.7000000e-01   9.4553137e-01   0.0000000e+00
   6.9000000e-01   9.2201878e-01   0.0000000e+00
   7.1000000e-01   9.0169299e-01   0.0000000e+00
   7.3000000e-01   8.8232131e-01   0.0000000e+00
   7.5000000e-01   8.6390373e-01   0.0000000e+00
   7.7000000e-01   8.4737893e-01   0.0000000e+00
   7.9000000e-01   8.3179314e-01   0.0000000e+00
   8.1000000e-01   8.1714637e-01   0.0000000e+00
   8.3000000e-01   8.0378695e-01   0.0000000e+00
   8.5000000e-01   7.9121199e-01   0.0000000e+00
   8.7000000e-01   7.7942149e-01   0.0000000e+00
   8.9000000e-01   7.6888413e-01   0.0000000e+00
   9.1000000e-01   7.5911816e-01   0.0000000e+00
   9.3000000e-01   7.5012358e-01   0.0000000e+00
   9.5000000e-01   7.4228090e-01   0.0000000e+00
   9.7000000e-01   7.3467525e-01   0.0000000e+00
   9.9000000e-01   7.2730660e-01   0.0000000e+00
   1.0100000e+00   7.2089408e-01   0.0000000e+00
   1.0300000e+00   7.1471857e-01   0.0000000e+00
   1.0500000e+00   7.0878007e-01   0.0000000e+00
   1.0700000e+00   7.0397402e-01   0.0000000e+00
   1.0900000e+00   6.9967419e-01   0.0000000e+00
   1.1100000e+00   6.9588057e-01   0.0000000e+00
   1.1300000e+00   6.9267431e-01   0.0000000e+00
   1.1500000e+00   6.8944225e-01   0.0000000e+00
   1.1700000e+00   6.8618439e-01   0.0000000e+00
   1.1900000e+00   6.7923749e-01   0.0000000e+00
   1.2100000e+00   6.7377838e-01   0.0000000e+00
   1.2300000e+00   6.6980706e-01   0.0000000e+00
   1.2500000e+00   6.6505870e-01   0.0000000e+00
   1.2700000e+00   6.6012896e-01   0.0000000e+00
   1.2900000e+00   6.5501783e-01   0.0000000e+00
   1.3100000e+00   6.5135228e-01   0.0000000e+00
   1.3300000e+00   6.4791637e-01   0.0000000e+00
   1.3500000e+00   6.4471011e-01   0.0000000e+00
   1.3700000e+00   6.4002544e-01   0.0000000e+00
   1.3900000e+00   6.3471421e-01   0.0000000e+00
   1.4100000e+00   6.2877640e-01   0.0000000e+00
   1.4300000e+00   6.2262335e-01   0.0000000e+00
   1.4500000e+00   6.1682196e-01   0.0000000e+00
   1.4700000e+00   6.1137224e-01   0.0000000e+00
   1.4900000e+00   6.0714951e-01   0.0000000e+00
   1.5100000e+00   6.0343501e-01   0.0000000e+00
   1.5300000e+00   6.0022875e-01   0.0000000e+00
   1.5500000e+00   5.9569092e-01   0.0000000e+00
   1.5700000e+00   5.9118091e-01   0.0000000e+00
   1.5900000e+00   5.8669870e-01   0.0000000e+00
   1.6100000e+00   5.8326579e-01   0.0000000e+00
   1.6300000e+00   5.8048059e-01   0.0000000e+00
   1.6500000e+00   5.7834308e-01   0.0000000e+00
   1.6700000e+00   5.7620557e-01   0.0000000e+00
   1.6900000e+00   5.7406806e-01   0.0000000e+00
   1.7100000e+00   5.7193055e-01   0.0000000e+00
   1.7300000e+00   5.7058286e-01   0.0000000e+00
   1.7500000e+00   5.6909640e-01   0.0000000e+00
   1.7700000e+00   5.6747115e-01   0.0000000e+00
   1.7900000e+00   5.6501048e-01   0.0000000e+00
   1.8100000e+00   5.6224439e-01   0.0000000e+00
   1.8300000e+00   5.5917288e-01   0.0000000e+00
   1.8500000e+00   5.5756975e-01   0.0000000e+00
   1.8700000e+00   5.5573530e-01   0.0000000e+00
   1.8900000e+00   5.5366954e-01   0.0000000e+00
   1.9100000e+00   5.5153203e-01   0.0000000e+00
   1.9300000e+00   5.4950918e-01   0.0000000e+00
   1.9500000e+00   5.4760097e-01   0.0000000e+00
   1.9700000e+00   5.4599784e-01   0.0000000e+00
   1.9900000e+00   5.4439470e-01   0.0000000e+00
   2.0100000e+00   5.4279157e-01   0.0000000e+00
   2.0300000e+00   5.4118844e-01   0.0000000e+00
   2.0500000e+00   5.3917163e-01   0.0000000e+00
   2.0700000e+00   5.3674113e-01   0.0000000e+00
   2.0900000e+00   5.3436627e-01   0.0000000e+00
   2.1100000e+00   5.3211008e-01   0.0000000e+00
   2.1300000e+00   5.2997257e-01   0.0000000e+00
   2.1500000e+00   5.2777137e-01   0.0000000e+00
   2.1700000e+00   5.2533483e-01   0.0000000e+00
   2.1900000e+00   5.2266295e-01   0.0000000e+00
   2.2100000e+00   5.1999106e-01   0.0000000e+00
   2.2300000e+00   5.1750154e-01   0.0000000e+00
   2.2500000e+00   5.1519439e-01   0.0000000e+00
   2.2700000e+00   5.1305689e-01   0.0000000e+00
   2.2900000e+00   5.1091938e-01   0.0000000e+00
   2.3100000e+00   5.0878187e-01   0.0000000e+00
   2.3300000e+00   5.0667385e-01   0.0000000e+00
   2.3500000e+00   5.0508546e-01   0.0000000e+00
   2.3700000e+00   5.0401670e-01   0.0000000e+00
   2.3900000e+00   5.0208304e-01   0.0000000e+00
   2.4100000e+00   5.0020535e-01   0.0000000e+00
   2.4300000e+00   4.9838363e-01   0.0000000e+00
   2.4500000e+00   4.9697963e-01   0.0000000e+00
   2.4700000e+00   4.9566079e-01   0.0000000e+00
   2.4900000e+00   4.9442711e-01   0.0000000e+00
   2.5100000e+00   4.9228960e-01   0.0000000e+00
   2.5300000e+00   4.9090235e-01   0.0000000e+00
   2.5500000e+00   4.9026536e-01   0.0000000e+00
   2.5700000e+00   4.8896397e-01   0.0000000e+00
   2.5900000e+00   4.8764513e-01   0.0000000e+00
   2.6100000e+00   4.8630884e-01   0.0000000e+00
   2.6300000e+00   4.8524009e-01   0.0000000e+00
   2.6500000e+00   4.8417134e-01   0.0000000e+00
   2.6700000e+00   4.8310258e-01   0.0000000e+00
   2.6900000e+00   4.8203383e-01   0.0000000e+00
   2.7100000e+00   4.8096507e-01   0.0000000e+00
   2.7300000e+00   4.7989632e-01   0.0000000e+00
   2.7500000e+00   4.7882756e-01   0.0000000e+00
   2.7700000e+00   4.7786776e-01   0.0000000e+00
   2.7900000e+00   4.7701690e-01   0.0000000e+00
   2.8100000e+00   4.7638129e-01   0.0000000e+00
   2.8300000e+00   4.7552911e-01   0.0000000e+00
   2.8500000e+00   4.7446036e-01   0.0000000e+00
   2.8700000e+00   4.7339160e-01   0.0000000e+00
   2.8900000e+00   4.7252399e-01   0.0000000e+00
   2.9100000e+00   4.7185752e-01   0.0000000e+00
   2.9300000e+00   4.7103752e-01   0.0000000e+00
   2.9500000e+00   4.7009315e-01   0.0000000e+00
   2.9700000e+00   4.6902440e-01   0.0000000e+00
   2.9900000e+00   4.6795564e-01   0.0000000e+00
   3.0100000e+00   4.6688689e-01   0.0000000e+00
   3.0300000e+00   4.6581813e-01   0.0000000e+00
   3.0500000e+00   4.6474938e-01   0.0000000e+00
   3.0700000e+00   4.6385729e-01   0.0000000e+00
   3.0900000e+00   4.6314187e-01   0.0000000e+00
   3.1100000e+00   4.6213415e-01   0.0000000e+00
   3.1300000e+00   4.6088873e-01   0.0000000e+00
   3.1500000e+00   4.5940561e-01   0.0000000e+00
   3.1700000e+00   4.5833685e-01   0.0000000e+00
   3.1900000e+00   4.5726810e-01   0.0000000e+00
   3.2100000e+00   4.5619935e-01   0.0000000e+00
   3.2300000e+00   4.5513059e-01   0.0000000e+00
   3.2500000e+00   4.5406184e-01   0.0000000e+00
   3.2700000e+00   4.5299308e-01   0.0000000e+00
   3.2900000e+00   4.5192433e-01   0.0000000e+00
   3.3100000e+00   4.5085557e-01   0.0000000e+00
   3.3300000e+00   4.4978682e-01   0.0000000e+00
   3.3500000e+00   4.4871807e-01   0.0000000e+00
   3.3700000e+00   4.4789370e-01   0.0000000e+00
   3.3900000e+00   4.4731372e-01   0.0000000e+00
   3.4100000e+00   4.4640723e-01   0.0000000e+00
   3.4300000e+00   4.4554733e-01   0.0000000e+00
   3.4500000e+00   4.4473402e-01   0.0000000e+00
   3.4700000e+00   4.4419965e-01   0.0000000e+00
   3.4900000e+00   4.4364316e-01   0.0000000e+00
   3.5100000e+00   4.4306455e-01   0.0000000e+00
   3.5300000e+00   4.4146142e-01   0.0000000e+00
   3.5500000e+00   4.4029812e-01   0.0000000e+00
   3.5700000e+00   4.3957464e-01   0.0000000e+00
   3.5900000e+00   4.3871710e-01   0.0000000e+00
   3.6100000e+00   4.3754746e-01   0.0000000e+00
   3.6300000e+00   4.3606571e-01   0.0000000e+00
   2.0000000e+00   8.5679647e-01   1.0000000e+00
   2.0200000e+00   8.5404828e-01   1.0000000e+00
   2.0400000e+00   8.4962066e-01   1.0000000e+00
   2.0600000e+00   8.4516752e-01   1.0000000e+00
   2.0800000e+00   8.4071438e-01   1.0000000e+00
   2.1000000e+00   8.3626124e-01   1.0000000e+00
   2.1200000e+00   8.3295033e-01   1.0000000e+00
   2.1400000e+00   8.3079235e-01   1.0000000e+00
   2.1600000e+00   8.2978728e-01   1.0000000e+00
   2.1800000e+00   8.2925290e-01   1.0000000e+00
   2.2000000e+00   8.2799642e-01   1.0000000e+00
   2.2200000e+00   8.2601784e-01   1.0000000e+00
   2.2400000e+00   8.2497455e-01   1.0000000e+00
   2.2600000e+00   8.2418571e-01   1.0000000e+00
   2.2800000e+00   8.2365133e-01   1.0000000e+00
   2.3000000e+00   8.2285414e-01   1.0000000e+00
   2.3200000e+00   8.2162449e-01   1.0000000e+00
   2.3400000e+00   8.1996239e-01   1.0000000e+00
   2.3600000e+00   8.1622175e-01   1.0000000e+00
   2.3800000e+00   8.1248111e-01   1.0000000e+00
   2.4000000e+00   8.0874047e-01   1.0000000e+00
   2.4200000e+00   8.0499984e-01   1.0000000e+00
   2.4400000e+00   8.0125920e-01   1.0000000e+00
   2.4600000e+00   7.9751856e-01   1.0000000e+00
   2.4800000e+00   7.9410776e-01   1.0000000e+00
   2.5000000e+00   7.9160080e-01   1.0000000e+00
   2.5200000e+00   7.8999767e-01   1.0000000e+00
   2.5400000e+00   7.8839454e-01   1.0000000e+00
   2.5600000e+00   7.8717491e-01   1.0000000e+00
   2.5800000e+00   7.8633880e-01   1.0000000e+00
   2.6000000e+00   7.8527073e-01   1.0000000e+00
   2.6200000e+00   7.8401023e-01   1.0000000e+00
   2.6400000e+00   7.8255727e-01   1.0000000e+00
   2.6600000e+00   7.8152203e-01   1.0000000e+00
   2.6800000e+00   7.8073723e-01   1.0000000e+00
   2.7000000e+00   7.8020285e-01   1.0000000e+00
   2.7200000e+00   7.7876602e-01   1.0000000e+00
   2.7400000e+00   7.7724604e-01   1.0000000e+00
   2.7600000e+00   7.7564291e-01   1.0000000e+00
   2.7800000e+00   7.7403977e-01   1.0000000e+00
   2.8000000e+00   7.7238603e-01   1.0000000e+00
   2.8200000e+00   7.7068166e-01   1.0000000e+00
   2.8400000e+00   7.6854415e-01   1.0000000e+00
   2.8600000e+00   7.6640665e-01   1.0000000e+00
   2.8800000e+00   7.6426914e-01   1.0000000e+00
   2.9000000e+00   7.6132707e-01   1.0000000e+00
