   6.1000000e-01   9.9397254e-01   0.0000000e+00
   6.3000000e-01   9.8212307e-01   0.0000000e+00
   6.5000000e-01   9.6549105e-01   0.0000000e+00
   6.7000000e-01   9.4488436e-01   0.0000000e+00
   6.9000000e-01   9.2030302e-01   0.0000000e+00
   7.1000000e-01   9.0027424e-01   0.0000000e+00
   7.3000000e-01   8.8114896e-01   0.0000000e+00
   7.5000000e-01   8.6292716e-01   0.0000000e+00
   7.7000000e-01   8.4640236e-01   0.0000000e+00
   7.9000000e-01   8.3081658e-01   0.0000000e+00
   8.1000000e-01   8.1616981e-01   0.0000000e+00
   8.3000000e-01   8.0281038e-01   0.0000000e+00
   8.5000000e-01   7.8997393e-01   0.0000000e+00
   8.7000000e-01   7.7766046e-01   0.0000000e+00
   8.9000000e-01   7.6699503e-01   0.0000000e+00
   9.1000000e-01   7.5716503e-01   0.0000000e+00
   9.3000000e-01   7.4817045e-01   0.0000000e+00
   9.5000000e-01   7.4032778e-01   0.0000000e+00
   9.7000000e-01   7.3269396e-01   0.0000000e+00
   9.9000000e-01   7.2526900e-01   0.0000000e+00
   1.0100000e+00   7.1832210e-01   0.0000000e+00
   1.0300000e+00   7.1208624e-01   0.0000000e+00
   1.0500000e+00   7.0656143e-01   0.0000000e+00
   1.0700000e+00   7.0193239e-01   0.0000000e+00
   1.0900000e+00   6.9772106e-01   0.0000000e+00
   1.1100000e+00   6.9392745e-01   0.0000000e+00
   1.1300000e+00   6.9072118e-01   0.0000000e+00
   1.1500000e+00   6.8749281e-01   0.0000000e+00
   1.1700000e+00   6.8424232e-01   0.0000000e+00
   1.1900000e+00   6.7782979e-01   0.0000000e+00
   1.2100000e+00   6.7247998e-01   0.0000000e+00
   1.2300000e+00   6.6819287e-01   0.0000000e+00
   1.2500000e+00   6.6291014e-01   0.0000000e+00
   1.2700000e+00   6.5763777e-01   0.0000000e+00
   1.2900000e+00   6.5237577e-01   0.0000000e+00
   1.3100000e+00   6.4916951e-01   0.0000000e+00
   1.3300000e+00   6.4596325e-01   0.0000000e+00
   1.3500000e+00   6.4275699e-01   0.0000000e+00
   1.3700000e+00   6.3757952e-01   0.0000000e+00
   1.3900000e+00   6.3213083e-01   0.0000000e+00
   1.4100000e+00   6.2641092e-01   0.0000000e+00
   1.4300000e+00   6.2027330e-01   0.0000000e+00
   1.4500000e+00   6.1435525e-01   0.0000000e+00
   1.4700000e+00   6.0865676e-01   0.0000000e+00
   1.4900000e+00   6.0494227e-01   0.0000000e+00
   1.5100000e+00   6.0148189e-01   0.0000000e+00
   1.5300000e+00   5.9827563e-01   0.0000000e+00
   1.5500000e+00   5.9373780e-01   0.0000000e+00
   1.5700000e+00   5.8939138e-01   0.0000000e+00
   1.5900000e+00   5.8523637e-01   0.0000000e+00
   1.6100000e+00   5.8191678e-01   0.0000000e+00
   1.6300000e+00   5.7892104e-01   0.0000000e+00
   1.6500000e+00   5.7624916e-01   0.0000000e+00
   1.6700000e+00   5.7357727e-01   0.0000000e+00
   1.6900000e+00   5.7141696e-01   0.0000000e+00
   1.7100000e+00   5.6976823e-01   0.0000000e+00
   1.7300000e+00   5.6856001e-01   0.0000000e+00
   1.7500000e+00   5.6714327e-01   0.0000000e+00
   1.7700000e+00   5.6551803e-01   0.0000000e+00
   1.7900000e+00   5.6321894e-01   0.0000000e+00
   1.8100000e+00   5.6075591e-01   0.0000000e+00
   1.8300000e+00   5.5812894e-01   0.0000000e+00
   1.8500000e+00   5.5599143e-01   0.0000000e+00
   1.8700000e+00   5.5385392e-01   0.0000000e+00
   1.8900000e+00   5.5171642e-01   0.0000000e+00
   1.9100000e+00   5.4992487e-01   0.0000000e+00
   1.9300000e+00   5.4834218e-01   0.0000000e+00
   1.9500000e+00   5.4696835e-01   0.0000000e+00
   1.9700000e+00   5.4578696e-01   0.0000000e+00
   1.9900000e+00   5.4439470e-01   0.0000000e+00
   2.0100000e+00   5.4279157e-01   0.0000000e+00
   2.0300000e+00   5.4171879e-01   0.0000000e+00
   2.0500000e+00   5.4023434e-01   0.0000000e+00
   2.0700000e+00   5.3833822e-01   0.0000000e+00
   2.0900000e+00   5.3560668e-01   0.0000000e+00
   2.1100000e+00   5.3281813e-01   0.0000000e+00
   2.1300000e+00   5.2997257e-01   0.0000000e+00
   2.1500000e+00   5.2777137e-01   0.0000000e+00
   2.1700000e+00   5.2533483e-01   0.0000000e+00
   2.1900000e+00   5.2266295e-01   0.0000000e+00
   2.2100000e+00   5.1999106e-01   0.0000000e+00
   2.2300000e+00   5.1750154e-01   0.0000000e+00
   2.2500000e+00   5.1519439e-01   0.0000000e+00
   2.2700000e+00   5.1305689e-01   0.0000000e+00
   2.2900000e+00   5.1105079e-01   0.0000000e+00
   2.3100000e+00   5.0917609e-01   0.0000000e+00
   2.3300000e+00   5.0807785e-01   0.0000000e+00
   2.3500000e+00   5.0645998e-01   0.0000000e+00
   2.3700000e+00   5.0432247e-01   0.0000000e+00
   2.3900000e+00   5.0218496e-01   0.0000000e+00
   2.4100000e+00   5.0020535e-01   0.0000000e+00
   2.4300000e+00   4.9838363e-01   0.0000000e+00
   2.4500000e+00   4.9697963e-01   0.0000000e+00
   2.4700000e+00   4.9570202e-01   0.0000000e+00
   2.4900000e+00   4.9455080e-01   0.0000000e+00
   2.5100000e+00   4.9294767e-01   0.0000000e+00
   2.5300000e+00   4.9184471e-01   0.0000000e+00
   2.5500000e+00   4.9124193e-01   0.0000000e+00
   2.5700000e+00   4.8955702e-01   0.0000000e+00
   2.5900000e+00   4.8791266e-01   0.0000000e+00
   2.6100000e+00   4.8630884e-01   0.0000000e+00
   2.6300000e+00   4.8524009e-01   0.0000000e+00
   2.6500000e+00   4.8417134e-01   0.0000000e+00
   2.6700000e+00   4.8310258e-01   0.0000000e+00
   2.6900000e+00   4.8203383e-01   0.0000000e+00
   2.7100000e+00   4.8096507e-01   0.0000000e+00
   2.7300000e+00   4.7989632e-01   0.0000000e+00
   2.7500000e+00   4.7849300e-01   0.0000000e+00
   2.7700000e+00   4.7720768e-01   0.0000000e+00
   2.7900000e+00   4.7604034e-01   0.0000000e+00
   2.8100000e+00   4.7550596e-01   0.0000000e+00
   2.8300000e+00   4.7497159e-01   0.0000000e+00
   2.8500000e+00   4.7443721e-01   0.0000000e+00
   2.8700000e+00   4.7286494e-01   0.0000000e+00
   2.8900000e+00   4.7188066e-01   0.0000000e+00
   2.9100000e+00   4.7148438e-01   0.0000000e+00
   2.9300000e+00   4.7091314e-01   0.0000000e+00
   2.9500000e+00   4.7009315e-01   0.0000000e+00
   2.9700000e+00   4.6902440e-01   0.0000000e+00
   2.9900000e+00   4.6795564e-01   0.0000000e+00
   3.0100000e+00   4.6688689e-01   0.0000000e+00
   3.0300000e+00   4.6581813e-01   0.0000000e+00
   3.0500000e+00   4.6474938e-01   0.0000000e+00
   3.0700000e+00   4.6368062e-01   0.0000000e+00
   3.0900000e+00   4.6261187e-01   0.0000000e+00
   3.1100000e+00   4.6154312e-01   0.0000000e+00
   3.1300000e+00   4.6047436e-01   0.0000000e+00
   3.1500000e+00   4.5940561e-01   0.0000000e+00
   3.1700000e+00   4.5833685e-01   0.0000000e+00
   3.1900000e+00   4.5726810e-01   0.0000000e+00
   3.2100000e+00   4.5619935e-01   0.0000000e+00
   3.2300000e+00   4.5513059e-01   0.0000000e+00
   3.2500000e+00   4.5406184e-01   0.0000000e+00
   3.2700000e+00   4.5299308e-01   0.0000000e+00
   3.2900000e+00   4.5192433e-01   0.0000000e+00
   3.3100000e+00   4.5085557e-01   0.0000000e+00
   3.3300000e+00   4.4978682e-01   0.0000000e+00
   3.3500000e+00   4.4871807e-01   0.0000000e+00
   3.3700000e+00   4.4789370e-01   0.0000000e+00
   3.3900000e+00   4.4731372e-01   0.0000000e+00
   3.4100000e+00   4.4640723e-01   0.0000000e+00
   3.4300000e+00   4.4541961e-01   0.0000000e+00
   3.4500000e+00   4.4435086e-01   0.0000000e+00
   3.4700000e+00   4.4328210e-01   0.0000000e+00
   3.4900000e+00   4.4221335e-01   0.0000000e+00
   3.5100000e+00   4.4114460e-01   0.0000000e+00
   3.5300000e+00   4.4007584e-01   0.0000000e+00
   3.5500000e+00   4.3900709e-01   0.0000000e+00
   3.5700000e+00   4.3793834e-01   0.0000000e+00
   3.5900000e+00   4.3460745e-01   0.0000000e+00
   2.0000000e+00   8.5636637e-01   1.0000000e+00
   2.0200000e+00   8.5184230e-01   1.0000000e+00
   2.0400000e+00   8.4493167e-01   1.0000000e+00
   2.0600000e+00   8.4005318e-01   1.0000000e+00
   2.0800000e+00   8.3577345e-01   1.0000000e+00
   2.1000000e+00   8.3209247e-01   1.0000000e+00
   2.1200000e+00   8.2960762e-01   1.0000000e+00
   2.1400000e+00   8.2783081e-01   1.0000000e+00
   2.1600000e+00   8.2676206e-01   1.0000000e+00
   2.1800000e+00   8.2569331e-01   1.0000000e+00
   2.2000000e+00   8.2486525e-01   1.0000000e+00
   2.2200000e+00   8.2427790e-01   1.0000000e+00
   2.2400000e+00   8.2337879e-01   1.0000000e+00
   2.2600000e+00   8.2239485e-01   1.0000000e+00
   2.2800000e+00   8.2132610e-01   1.0000000e+00
   2.3000000e+00   8.1999453e-01   1.0000000e+00
   2.3200000e+00   8.1823788e-01   1.0000000e+00
   2.3400000e+00   8.1605614e-01   1.0000000e+00
   2.3600000e+00   8.1231550e-01   1.0000000e+00
   2.3800000e+00   8.0965600e-01   1.0000000e+00
   2.4000000e+00   8.0807764e-01   1.0000000e+00
   2.4200000e+00   8.0527204e-01   1.0000000e+00
   2.4400000e+00   8.0186532e-01   1.0000000e+00
   2.4600000e+00   7.9785749e-01   1.0000000e+00
   2.4800000e+00   7.9422074e-01   1.0000000e+00
   2.5000000e+00   7.9160080e-01   1.0000000e+00
   2.5200000e+00   7.8999767e-01   1.0000000e+00
   2.5400000e+00   7.8789436e-01   1.0000000e+00
   2.5600000e+00   7.8615746e-01   1.0000000e+00
   2.5800000e+00   7.8478697e-01   1.0000000e+00
   2.6000000e+00   7.8371822e-01   1.0000000e+00
   2.6200000e+00   7.8264947e-01   1.0000000e+00
   2.6400000e+00   7.8158071e-01   1.0000000e+00
   2.6600000e+00   7.8051196e-01   1.0000000e+00
   2.6800000e+00   7.7944320e-01   1.0000000e+00
   2.7000000e+00   7.7837445e-01   1.0000000e+00
   2.7200000e+00   7.7775692e-01   1.0000000e+00
   2.7400000e+00   7.7701369e-01   1.0000000e+00
   2.7600000e+00   7.7614475e-01   1.0000000e+00
   2.7800000e+00   7.7507600e-01   1.0000000e+00
