   6.1000000e-01   9.7933384e-01   0.0000000e+00
   6.3000000e-01   9.6603545e-01   0.0000000e+00
   6.5000000e-01   9.4829712e-01   0.0000000e+00
   6.7000000e-01   9.2633572e-01   0.0000000e+00
   6.9000000e-01   9.0015124e-01   0.0000000e+00
   7.1000000e-01   8.7897460e-01   0.0000000e+00
   7.3000000e-01   8.5891030e-01   0.0000000e+00
   7.5000000e-01   8.3995834e-01   0.0000000e+00
   7.7000000e-01   8.2423073e-01   0.0000000e+00
   7.9000000e-01   8.1011632e-01   0.0000000e+00
   8.1000000e-01   7.9761512e-01   0.0000000e+00
   8.3000000e-01   7.8425570e-01   0.0000000e+00
   8.5000000e-01   7.7141925e-01   0.0000000e+00
   8.7000000e-01   7.5910577e-01   0.0000000e+00
   8.9000000e-01   7.4803403e-01   0.0000000e+00
   9.1000000e-01   7.3773369e-01   0.0000000e+00
   9.3000000e-01   7.2820473e-01   0.0000000e+00
   9.5000000e-01   7.1982768e-01   0.0000000e+00
   9.7000000e-01   7.1168765e-01   0.0000000e+00
   9.9000000e-01   7.0378463e-01   0.0000000e+00
   1.0100000e+00   6.9683772e-01   0.0000000e+00
   1.0300000e+00   6.9083888e-01   0.0000000e+00
   1.0500000e+00   6.8578810e-01   0.0000000e+00
   1.0700000e+00   6.8026398e-01   0.0000000e+00
   1.0900000e+00   6.7600704e-01   0.0000000e+00
   1.1100000e+00   6.7301730e-01   0.0000000e+00
   1.1300000e+00   6.7231132e-01   0.0000000e+00
   1.1500000e+00   6.6955363e-01   0.0000000e+00
   1.1700000e+00   6.6474424e-01   0.0000000e+00
   1.1900000e+00   6.5993485e-01   0.0000000e+00
   1.2100000e+00   6.5512545e-01   0.0000000e+00
   1.2300000e+00   6.5031606e-01   0.0000000e+00
   1.2500000e+00   6.4242248e-01   0.0000000e+00
   1.2700000e+00   6.3502901e-01   0.0000000e+00
   1.2900000e+00   6.2813568e-01   0.0000000e+00
   1.3100000e+00   6.2706692e-01   0.0000000e+00
   1.3300000e+00   6.2599817e-01   0.0000000e+00
   1.3500000e+00   6.2492941e-01   0.0000000e+00
   1.3700000e+00   6.1745423e-01   0.0000000e+00
   1.3900000e+00   6.1158950e-01   0.0000000e+00
   1.4100000e+00   6.0733522e-01   0.0000000e+00
   1.4300000e+00   6.0388491e-01   0.0000000e+00
   1.4500000e+00   6.0037928e-01   0.0000000e+00
   1.4700000e+00   5.9681830e-01   0.0000000e+00
   1.4900000e+00   5.9511059e-01   0.0000000e+00
   1.5100000e+00   5.9238642e-01   0.0000000e+00
   1.5300000e+00   5.8864578e-01   0.0000000e+00
   1.5500000e+00   5.8490514e-01   0.0000000e+00
   1.5700000e+00   5.8149170e-01   0.0000000e+00
   1.5900000e+00   5.7840544e-01   0.0000000e+00
   1.6100000e+00   5.7573355e-01   0.0000000e+00
   1.6300000e+00   5.7310860e-01   0.0000000e+00
   1.6500000e+00   5.7053058e-01   0.0000000e+00
   1.6700000e+00   5.6839307e-01   0.0000000e+00
   1.6900000e+00   5.6625556e-01   0.0000000e+00
   1.7100000e+00   5.6411805e-01   0.0000000e+00
   1.7300000e+00   5.6198055e-01   0.0000000e+00
   1.7500000e+00   5.5984304e-01   0.0000000e+00
   1.7700000e+00   5.5770553e-01   0.0000000e+00
   1.7900000e+00   5.5556802e-01   0.0000000e+00
   1.8100000e+00   5.5345297e-01   0.0000000e+00
   1.8300000e+00   5.5136038e-01   0.0000000e+00
   1.8500000e+00   5.4975725e-01   0.0000000e+00
   1.8700000e+00   5.4792280e-01   0.0000000e+00
   1.8900000e+00   5.4585704e-01   0.0000000e+00
   1.9100000e+00   5.4406550e-01   0.0000000e+00
   1.9300000e+00   5.4236816e-01   0.0000000e+00
   1.9500000e+00   5.4076503e-01   0.0000000e+00
   1.9700000e+00   5.3904926e-01   0.0000000e+00
   1.9900000e+00   5.3712263e-01   0.0000000e+00
   2.0100000e+00   5.3498512e-01   0.0000000e+00
   2.0300000e+00   5.3284761e-01   0.0000000e+00
   2.0500000e+00   5.3091694e-01   0.0000000e+00
   2.0700000e+00   5.2919312e-01   0.0000000e+00
   2.0900000e+00   5.2699595e-01   0.0000000e+00
   2.1100000e+00   5.2483195e-01   0.0000000e+00
   2.1300000e+00   5.2270113e-01   0.0000000e+00
   2.1500000e+00   5.2150500e-01   0.0000000e+00
   2.1700000e+00   5.1983818e-01   0.0000000e+00
   2.1900000e+00   5.1770067e-01   0.0000000e+00
   2.2100000e+00   5.1604456e-01   0.0000000e+00
   2.2300000e+00   5.1423258e-01   0.0000000e+00
   2.2500000e+00   5.1226471e-01   0.0000000e+00
   2.2700000e+00   5.1037527e-01   0.0000000e+00
   2.2900000e+00   5.0869469e-01   0.0000000e+00
   2.3100000e+00   5.0722297e-01   0.0000000e+00
   2.3300000e+00   5.0612473e-01   0.0000000e+00
   2.3500000e+00   5.0450685e-01   0.0000000e+00
   2.3700000e+00   5.0236935e-01   0.0000000e+00
   2.3900000e+00   5.0066429e-01   0.0000000e+00
   2.4100000e+00   4.9901020e-01   0.0000000e+00
   2.4300000e+00   4.9740707e-01   0.0000000e+00
   2.4500000e+00   4.9560481e-01   0.0000000e+00
   2.4700000e+00   4.9371739e-01   0.0000000e+00
   2.4900000e+00   4.9174481e-01   0.0000000e+00
   2.5100000e+00   4.9067605e-01   0.0000000e+00
   2.5300000e+00   4.8935721e-01   0.0000000e+00
   2.5500000e+00   4.8778828e-01   0.0000000e+00
   2.5700000e+00   4.8618515e-01   0.0000000e+00
   2.5900000e+00   4.8458202e-01   0.0000000e+00
   2.6100000e+00   4.8297889e-01   0.0000000e+00
   2.6300000e+00   4.8152594e-01   0.0000000e+00
   2.6500000e+00   4.8026509e-01   0.0000000e+00
   2.6700000e+00   4.7919633e-01   0.0000000e+00
   2.6900000e+00   4.7812758e-01   0.0000000e+00
   2.7100000e+00   4.7705882e-01   0.0000000e+00
   2.7300000e+00   4.7599007e-01   0.0000000e+00
   2.7500000e+00   4.7492131e-01   0.0000000e+00
   2.7700000e+00   4.7385256e-01   0.0000000e+00
   2.7900000e+00   4.7278381e-01   0.0000000e+00
   2.8100000e+00   4.7171505e-01   0.0000000e+00
   2.8300000e+00   4.7064630e-01   0.0000000e+00
   2.8500000e+00   4.6957754e-01   0.0000000e+00
   2.8700000e+00   4.6798984e-01   0.0000000e+00
   2.8900000e+00   4.6659557e-01   0.0000000e+00
   2.9100000e+00   4.6539472e-01   0.0000000e+00
   2.9300000e+00   4.6432597e-01   0.0000000e+00
   2.9500000e+00   4.6325721e-01   0.0000000e+00
   2.9700000e+00   4.6218846e-01   0.0000000e+00
   2.9900000e+00   4.6111970e-01   0.0000000e+00
   3.0100000e+00   4.6005095e-01   0.0000000e+00
   3.0300000e+00   4.5898219e-01   0.0000000e+00
   3.0500000e+00   4.5791344e-01   0.0000000e+00
   3.0700000e+00   4.5684469e-01   0.0000000e+00
   3.0900000e+00   4.5577593e-01   0.0000000e+00
   3.1100000e+00   4.5470718e-01   0.0000000e+00
   3.1300000e+00   4.5369843e-01   0.0000000e+00
   3.1500000e+00   4.5274968e-01   0.0000000e+00
   3.1700000e+00   4.5220862e-01   0.0000000e+00
   3.1900000e+00   4.5113652e-01   0.0000000e+00
   3.2100000e+00   4.4953339e-01   0.0000000e+00
   3.2300000e+00   4.4919342e-01   0.0000000e+00
   3.2500000e+00   4.4871905e-01   0.0000000e+00
   3.2700000e+00   4.4811027e-01   0.0000000e+00
   3.2900000e+00   4.4722924e-01   0.0000000e+00
   3.3100000e+00   4.4652154e-01   0.0000000e+00
   3.3300000e+00   4.4598716e-01   0.0000000e+00
   3.3500000e+00   4.4545278e-01   0.0000000e+00
   3.3700000e+00   4.4467402e-01   0.0000000e+00
   3.3900000e+00   4.4365087e-01   0.0000000e+00
   3.4100000e+00   4.4332633e-01   0.0000000e+00
   3.4300000e+00   4.4290862e-01   0.0000000e+00
   3.4500000e+00   4.4239773e-01   0.0000000e+00
   3.4700000e+00   4.4146776e-01   0.0000000e+00
   3.4900000e+00   4.4073558e-01   0.0000000e+00
   3.5100000e+00   4.4020121e-01   0.0000000e+00
   3.5300000e+00   4.3966683e-01   0.0000000e+00
   3.5500000e+00   4.3913245e-01   0.0000000e+00
   3.5700000e+00   4.3859807e-01   0.0000000e+00
   3.5900000e+00   4.3774054e-01   0.0000000e+00
   3.6100000e+00   4.3698389e-01   0.0000000e+00
   3.6300000e+00   4.3632813e-01   0.0000000e+00
   3.6500000e+00   4.3614846e-01   0.0000000e+00
   3.6700000e+00   4.3552425e-01   0.0000000e+00
   3.6900000e+00   4.3445550e-01   0.0000000e+00
   3.7100000e+00   4.3338674e-01   0.0000000e+00
   3.7300000e+00   4.3270887e-01   0.0000000e+00
   3.7500000e+00   4.3242188e-01   0.0000000e+00
   3.7700000e+00   4.3187344e-01   0.0000000e+00
   3.7900000e+00   4.3114363e-01   0.0000000e+00
   2.0100000e+00   8.4064313e-01   1.0000000e+00
   2.0300000e+00   8.3744896e-01   1.0000000e+00
   2.0500000e+00   8.3466243e-01   1.0000000e+00
   2.0700000e+00   8.3228353e-01   1.0000000e+00
   2.0900000e+00   8.2984901e-01   1.0000000e+00
   2.1100000e+00   8.2738598e-01   1.0000000e+00
   2.1300000e+00   8.2489444e-01   1.0000000e+00
   2.1500000e+00   8.2288431e-01   1.0000000e+00
   2.1700000e+00   8.2134487e-01   1.0000000e+00
   2.1900000e+00   8.2027612e-01   1.0000000e+00
   2.2100000e+00   8.1872596e-01   1.0000000e+00
   2.2300000e+00   8.1714932e-01   1.0000000e+00
   2.2500000e+00   8.1554619e-01   1.0000000e+00
   2.2700000e+00   8.1394306e-01   1.0000000e+00
   2.2900000e+00   8.1227422e-01   1.0000000e+00
   2.3100000e+00   8.1053968e-01   1.0000000e+00
   2.3300000e+00   8.0841692e-01   1.0000000e+00
   2.3500000e+00   8.0655397e-01   1.0000000e+00
   2.3700000e+00   8.0495084e-01   1.0000000e+00
   2.3900000e+00   7.9988807e-01   1.0000000e+00
   2.4100000e+00   7.9536498e-01   1.0000000e+00
   2.4300000e+00   7.9138157e-01   1.0000000e+00
   2.4500000e+00   7.8910794e-01   1.0000000e+00
   2.4700000e+00   7.8708710e-01   1.0000000e+00
   2.4900000e+00   7.8531904e-01   1.0000000e+00
   2.5100000e+00   7.8264716e-01   1.0000000e+00
   2.5300000e+00   7.8047545e-01   1.0000000e+00
   2.5500000e+00   7.7880391e-01   1.0000000e+00
   2.5700000e+00   7.7720078e-01   1.0000000e+00
   2.5900000e+00   7.7546422e-01   1.0000000e+00
   2.6100000e+00   7.7359425e-01   1.0000000e+00
   2.6300000e+00   7.7145674e-01   1.0000000e+00
   2.6500000e+00   7.6931923e-01   1.0000000e+00
   2.6700000e+00   7.6718172e-01   1.0000000e+00
   2.6900000e+00   7.6504422e-01   1.0000000e+00
   2.7100000e+00   7.6290671e-01   1.0000000e+00
   2.7300000e+00   7.6076920e-01   1.0000000e+00
   2.7500000e+00   7.5829713e-01   1.0000000e+00
   2.7700000e+00   7.5583410e-01   1.0000000e+00
   2.7900000e+00   7.5338011e-01   1.0000000e+00
   2.8100000e+00   7.5124260e-01   1.0000000e+00
   2.8300000e+00   7.4910510e-01   1.0000000e+00
   2.8500000e+00   7.4696759e-01   1.0000000e+00
   2.8700000e+00   7.4586797e-01   1.0000000e+00
   2.8900000e+00   7.4478379e-01   1.0000000e+00
   2.9100000e+00   7.4371503e-01   1.0000000e+00
   2.9300000e+00   7.4293189e-01   1.0000000e+00
   2.9500000e+00   7.4235761e-01   1.0000000e+00
   2.9700000e+00   7.4199219e-01   1.0000000e+00
   2.9900000e+00   7.4188761e-01   1.0000000e+00
   3.0100000e+00   7.4130095e-01   1.0000000e+00
   3.0300000e+00   7.4023220e-01   1.0000000e+00
   3.0500000e+00   7.4104344e-01   1.0000000e+00
