   6.0000000e-01   9.7524084e-01   0.0000000e+00
   6.2000000e-01   9.6178824e-01   0.0000000e+00
   6.4000000e-01   9.4598191e-01   0.0000000e+00
   6.6000000e-01   9.2782184e-01   0.0000000e+00
   6.8000000e-01   9.0270612e-01   0.0000000e+00
   7.0000000e-01   8.8009431e-01   0.0000000e+00
   7.2000000e-01   8.5998642e-01   0.0000000e+00
   7.4000000e-01   8.4176462e-01   0.0000000e+00
   7.6000000e-01   8.2516807e-01   0.0000000e+00
   7.8000000e-01   8.1019677e-01   0.0000000e+00
   8.0000000e-01   7.9865906e-01   0.0000000e+00
   8.2000000e-01   7.8647768e-01   0.0000000e+00
   8.4000000e-01   7.7365263e-01   0.0000000e+00
   8.6000000e-01   7.6239651e-01   0.0000000e+00
   8.8000000e-01   7.5115749e-01   0.0000000e+00
   9.0000000e-01   7.3993557e-01   0.0000000e+00
   9.2000000e-01   7.3045154e-01   0.0000000e+00
   9.4000000e-01   7.2178818e-01   0.0000000e+00
   9.6000000e-01   7.1394550e-01   0.0000000e+00
   9.8000000e-01   7.0657686e-01   0.0000000e+00
   1.0000000e+00   6.9968628e-01   0.0000000e+00
   1.0200000e+00   6.9327375e-01   0.0000000e+00
   1.0400000e+00   6.8875735e-01   0.0000000e+00
   1.0600000e+00   6.8382559e-01   0.0000000e+00
   1.0800000e+00   6.7847848e-01   0.0000000e+00
   1.1000000e+00   6.7274475e-01   0.0000000e+00
   1.1200000e+00   6.6709913e-01   0.0000000e+00
   1.1400000e+00   6.6154160e-01   0.0000000e+00
   1.1600000e+00   6.5598408e-01   0.0000000e+00
   1.1800000e+00   6.5042656e-01   0.0000000e+00
   1.2000000e+00   6.4486904e-01   0.0000000e+00
   1.2200000e+00   6.3931152e-01   0.0000000e+00
   1.2400000e+00   6.3375400e-01   0.0000000e+00
   1.2600000e+00   6.2819648e-01   0.0000000e+00
   1.2800000e+00   6.2597548e-01   0.0000000e+00
   1.3000000e+00   6.2635985e-01   0.0000000e+00
   1.3200000e+00   6.2934960e-01   0.0000000e+00
   1.3400000e+00   6.2774647e-01   0.0000000e+00
   1.3600000e+00   6.2294012e-01   0.0000000e+00
   1.3800000e+00   6.1493056e-01   0.0000000e+00
   1.4000000e+00   6.1051804e-01   0.0000000e+00
   1.4200000e+00   6.0684610e-01   0.0000000e+00
   1.4400000e+00   6.0391474e-01   0.0000000e+00
   1.4600000e+00   6.0085129e-01   0.0000000e+00
   1.4800000e+00   5.9798362e-01   0.0000000e+00
   1.5000000e+00   5.9531174e-01   0.0000000e+00
   1.5200000e+00   5.9263985e-01   0.0000000e+00
   1.5400000e+00   5.8952411e-01   0.0000000e+00
   1.5600000e+00   5.8596451e-01   0.0000000e+00
   1.5800000e+00   5.8287826e-01   0.0000000e+00
   1.6000000e+00   5.8010445e-01   0.0000000e+00
   1.6200000e+00   5.7764309e-01   0.0000000e+00
   1.6400000e+00   5.7550558e-01   0.0000000e+00
   1.6600000e+00   5.7336807e-01   0.0000000e+00
   1.6800000e+00   5.7123056e-01   0.0000000e+00
   1.7000000e+00   5.6909306e-01   0.0000000e+00
   1.7200000e+00   5.6695555e-01   0.0000000e+00
   1.7400000e+00   5.6481804e-01   0.0000000e+00
   1.7600000e+00   5.6295878e-01   0.0000000e+00
   1.7800000e+00   5.6106600e-01   0.0000000e+00
   1.8000000e+00   5.5913971e-01   0.0000000e+00
   1.8200000e+00   5.5655765e-01   0.0000000e+00
   1.8400000e+00   5.5446506e-01   0.0000000e+00
   1.8600000e+00   5.5286193e-01   0.0000000e+00
   1.8800000e+00   5.5033354e-01   0.0000000e+00
   1.9000000e+00   5.4807937e-01   0.0000000e+00
   1.9200000e+00   5.4609941e-01   0.0000000e+00
   1.9400000e+00   5.4426698e-01   0.0000000e+00
   1.9600000e+00   5.4228201e-01   0.0000000e+00
   1.9800000e+00   5.4014450e-01   0.0000000e+00
   2.0000000e+00   5.3800700e-01   0.0000000e+00
   2.0200000e+00   5.3613466e-01   0.0000000e+00
   2.0400000e+00   5.3452750e-01   0.0000000e+00
   2.0600000e+00   5.3251069e-01   0.0000000e+00
   2.0800000e+00   5.3058204e-01   0.0000000e+00
   2.1000000e+00   5.2874154e-01   0.0000000e+00
   2.1200000e+00   5.2695806e-01   0.0000000e+00
   2.1400000e+00   5.2499756e-01   0.0000000e+00
   2.1600000e+00   5.2286006e-01   0.0000000e+00
   2.1800000e+00   5.2072255e-01   0.0000000e+00
   2.2000000e+00   5.1882574e-01   0.0000000e+00
   2.2200000e+00   5.1716963e-01   0.0000000e+00
   2.2400000e+00   5.1520177e-01   0.0000000e+00
   2.2600000e+00   5.1339715e-01   0.0000000e+00
   2.2800000e+00   5.1175578e-01   0.0000000e+00
   2.3000000e+00   5.1055562e-01   0.0000000e+00
   2.3200000e+00   5.0914661e-01   0.0000000e+00
   2.3400000e+00   5.0752873e-01   0.0000000e+00
   2.3600000e+00   5.0539123e-01   0.0000000e+00
   2.3800000e+00   5.0346994e-01   0.0000000e+00
   2.4000000e+00   5.0176489e-01   0.0000000e+00
   2.4200000e+00   5.0016176e-01   0.0000000e+00
   2.4400000e+00   4.9855863e-01   0.0000000e+00
   2.4600000e+00   4.9695550e-01   0.0000000e+00
   2.4800000e+00   4.9535237e-01   0.0000000e+00
   2.5000000e+00   4.9374924e-01   0.0000000e+00
   2.5200000e+00   4.9214610e-01   0.0000000e+00
   2.5400000e+00   4.9104315e-01   0.0000000e+00
   2.5600000e+00   4.8976554e-01   0.0000000e+00
   2.5800000e+00   4.8831327e-01   0.0000000e+00
   2.6000000e+00   4.8644330e-01   0.0000000e+00
   2.6200000e+00   4.8458974e-01   0.0000000e+00
   2.6400000e+00   4.8275259e-01   0.0000000e+00
   2.6600000e+00   4.8165032e-01   0.0000000e+00
   2.6800000e+00   4.8029762e-01   0.0000000e+00
   2.7000000e+00   4.7869449e-01   0.0000000e+00
   2.7200000e+00   4.7709136e-01   0.0000000e+00
   2.7400000e+00   4.7565551e-01   0.0000000e+00
   2.7600000e+00   4.7438694e-01   0.0000000e+00
   2.7800000e+00   4.7331818e-01   0.0000000e+00
   2.8000000e+00   4.7224943e-01   0.0000000e+00
   2.8200000e+00   4.7118067e-01   0.0000000e+00
   2.8400000e+00   4.7011192e-01   0.0000000e+00
   2.8600000e+00   4.6904317e-01   0.0000000e+00
   2.8800000e+00   4.6797441e-01   0.0000000e+00
   2.9000000e+00   4.6690566e-01   0.0000000e+00
   2.9200000e+00   4.6569410e-01   0.0000000e+00
   2.9400000e+00   4.6433973e-01   0.0000000e+00
   2.9600000e+00   4.6273659e-01   0.0000000e+00
   2.9800000e+00   4.6118575e-01   0.0000000e+00
   3.0000000e+00   4.5968719e-01   0.0000000e+00
   3.0200000e+00   4.5915282e-01   0.0000000e+00
   3.0400000e+00   4.5838344e-01   0.0000000e+00
   3.0600000e+00   4.5737906e-01   0.0000000e+00
   3.0800000e+00   4.5631031e-01   0.0000000e+00
   3.1000000e+00   4.5535989e-01   0.0000000e+00
   3.1200000e+00   4.5452781e-01   0.0000000e+00
   3.1400000e+00   4.5387342e-01   0.0000000e+00
   3.1600000e+00   4.5301353e-01   0.0000000e+00
   3.1800000e+00   4.5194811e-01   0.0000000e+00
   3.2000000e+00   4.5141374e-01   0.0000000e+00
   3.2200000e+00   4.5066883e-01   0.0000000e+00
   3.2400000e+00   4.4971340e-01   0.0000000e+00
   3.2600000e+00   4.4864465e-01   0.0000000e+00
   3.2800000e+00   4.4776362e-01   0.0000000e+00
   3.3000000e+00   4.4707031e-01   0.0000000e+00
   3.3200000e+00   4.4692819e-01   0.0000000e+00
   3.3400000e+00   4.4632276e-01   0.0000000e+00
   3.3600000e+00   4.4525400e-01   0.0000000e+00
   3.3800000e+00   4.4467402e-01   0.0000000e+00
   3.4000000e+00   4.4411684e-01   0.0000000e+00
   3.4200000e+00   4.4358246e-01   0.0000000e+00
   3.4400000e+00   4.4279264e-01   0.0000000e+00
   3.4600000e+00   4.4200214e-01   0.0000000e+00
   3.4800000e+00   4.4121094e-01   0.0000000e+00
   3.5000000e+00   4.4118882e-01   0.0000000e+00
   3.5200000e+00   4.4091058e-01   0.0000000e+00
   3.5400000e+00   4.4037620e-01   0.0000000e+00
   3.5600000e+00   4.3984182e-01   0.0000000e+00
   3.5800000e+00   4.3914587e-01   0.0000000e+00
   3.6000000e+00   4.3828833e-01   0.0000000e+00
   3.6200000e+00   4.3742607e-01   0.0000000e+00
   3.6400000e+00   4.3672775e-01   0.0000000e+00
   3.6600000e+00   4.3619338e-01   0.0000000e+00
   3.6800000e+00   4.3565900e-01   0.0000000e+00
   3.7000000e+00   4.3487085e-01   0.0000000e+00
   3.7200000e+00   4.3382893e-01   0.0000000e+00
   3.7400000e+00   4.3354194e-01   0.0000000e+00
   3.7600000e+00   4.3326133e-01   0.0000000e+00
   3.7800000e+00   4.3298712e-01   0.0000000e+00
   3.8000000e+00   4.3261029e-01   0.0000000e+00
   2.0100000e+00   8.4552595e-01   1.0000000e+00
   2.0300000e+00   8.4286212e-01   1.0000000e+00
   2.0500000e+00   8.3998743e-01   1.0000000e+00
   2.0700000e+00   8.3690186e-01   1.0000000e+00
   2.0900000e+00   8.3369560e-01   1.0000000e+00
   2.1100000e+00   8.3057951e-01   1.0000000e+00
   2.1300000e+00   8.2755360e-01   1.0000000e+00
   2.1500000e+00   8.2500909e-01   1.0000000e+00
   2.1700000e+00   8.2293527e-01   1.0000000e+00
   2.1900000e+00   8.2133214e-01   1.0000000e+00
   2.2100000e+00   8.1972901e-01   1.0000000e+00
   2.2300000e+00   8.1830825e-01   1.0000000e+00
   2.2500000e+00   8.1706985e-01   1.0000000e+00
   2.2700000e+00   8.1575303e-01   1.0000000e+00
   2.2900000e+00   8.1429305e-01   1.0000000e+00
   2.3100000e+00   8.1268992e-01   1.0000000e+00
   2.3300000e+00   8.1110153e-01   1.0000000e+00
   2.3500000e+00   8.0977296e-01   1.0000000e+00
   2.3700000e+00   8.0870420e-01   1.0000000e+00
   2.3900000e+00   8.0763545e-01   1.0000000e+00
   2.4100000e+00   8.0554038e-01   1.0000000e+00
   2.4300000e+00   8.0241899e-01   1.0000000e+00
   2.4500000e+00   7.9787678e-01   1.0000000e+00
   2.4700000e+00   7.9347889e-01   1.0000000e+00
   2.4900000e+00   7.8922529e-01   1.0000000e+00
   2.5100000e+00   7.8655341e-01   1.0000000e+00
   2.5300000e+00   7.8413161e-01   1.0000000e+00
   2.5500000e+00   7.8195990e-01   1.0000000e+00
   2.5700000e+00   7.8020590e-01   1.0000000e+00
   2.5900000e+00   7.7839391e-01   1.0000000e+00
   2.6100000e+00   7.7652394e-01   1.0000000e+00
   2.6300000e+00   7.7438643e-01   1.0000000e+00
   2.6500000e+00   7.7223216e-01   1.0000000e+00
   2.6700000e+00   7.7006114e-01   1.0000000e+00
   2.6900000e+00   7.6738925e-01   1.0000000e+00
   2.7100000e+00   7.6471737e-01   1.0000000e+00
   2.7300000e+00   7.6204548e-01   1.0000000e+00
   2.7500000e+00   7.5970816e-01   1.0000000e+00
   2.7700000e+00   7.5736180e-01   1.0000000e+00
   2.7900000e+00   7.5500639e-01   1.0000000e+00
   2.8100000e+00   7.5233451e-01   1.0000000e+00
   2.8300000e+00   7.4966262e-01   1.0000000e+00
   2.8500000e+00   7.4699074e-01   1.0000000e+00
   2.8700000e+00   7.4535674e-01   1.0000000e+00
   2.8900000e+00   7.4393932e-01   1.0000000e+00
   2.9100000e+00   7.4273847e-01   1.0000000e+00
   2.9300000e+00   7.4166972e-01   1.0000000e+00
   2.9500000e+00   7.4068544e-01   1.0000000e+00
   2.9700000e+00   7.3978564e-01   1.0000000e+00
   2.9900000e+00   7.3930354e-01   1.0000000e+00
   3.0100000e+00   7.3906250e-01   1.0000000e+00
   3.0300000e+00   7.3906250e-01   1.0000000e+00
