   6.0000000e-01   9.7442822e-01   0.0000000e+00
   6.2000000e-01   9.5975266e-01   0.0000000e+00
   6.4000000e-01   9.4257082e-01   0.0000000e+00
   6.6000000e-01   9.2288271e-01   0.0000000e+00
   6.8000000e-01   8.9723261e-01   0.0000000e+00
   7.0000000e-01   8.7408643e-01   0.0000000e+00
   7.2000000e-01   8.5344416e-01   0.0000000e+00
   7.4000000e-01   8.3536517e-01   0.0000000e+00
   7.6000000e-01   8.1855239e-01   0.0000000e+00
   7.8000000e-01   8.0300582e-01   0.0000000e+00
   8.0000000e-01   7.8996219e-01   0.0000000e+00
   8.2000000e-01   7.7756222e-01   0.0000000e+00
   8.4000000e-01   7.6580593e-01   0.0000000e+00
   8.6000000e-01   7.5404963e-01   0.0000000e+00
   8.8000000e-01   7.4310596e-01   0.0000000e+00
   9.0000000e-01   7.3297491e-01   0.0000000e+00
   9.2000000e-01   7.2451471e-01   0.0000000e+00
   9.4000000e-01   7.1645748e-01   0.0000000e+00
   9.6000000e-01   7.0880322e-01   0.0000000e+00
   9.8000000e-01   7.0101283e-01   0.0000000e+00
   1.0000000e+00   6.9417857e-01   0.0000000e+00
   1.0200000e+00   6.8830042e-01   0.0000000e+00
   1.0400000e+00   6.8337033e-01   0.0000000e+00
   1.0600000e+00   6.7867927e-01   0.0000000e+00
   1.0800000e+00   6.7422724e-01   0.0000000e+00
   1.1000000e+00   6.7043363e-01   0.0000000e+00
   1.1200000e+00   6.6693369e-01   0.0000000e+00
   1.1400000e+00   6.6372743e-01   0.0000000e+00
   1.1600000e+00   6.6052117e-01   0.0000000e+00
   1.1800000e+00   6.5731490e-01   0.0000000e+00
   1.2000000e+00   6.5410864e-01   0.0000000e+00
   1.2200000e+00   6.4962713e-01   0.0000000e+00
   1.2400000e+00   6.4529009e-01   0.0000000e+00
   1.2600000e+00   6.4109754e-01   0.0000000e+00
   1.2800000e+00   6.3716514e-01   0.0000000e+00
   1.3000000e+00   6.3313653e-01   0.0000000e+00
   1.3200000e+00   6.2901169e-01   0.0000000e+00
   1.3400000e+00   6.2580543e-01   0.0000000e+00
   1.3600000e+00   6.2235277e-01   0.0000000e+00
   1.3800000e+00   6.1865370e-01   0.0000000e+00
   1.4000000e+00   6.1528920e-01   0.0000000e+00
   1.4200000e+00   6.1200382e-01   0.0000000e+00
   1.4400000e+00   6.0879756e-01   0.0000000e+00
   1.4600000e+00   6.0559129e-01   0.0000000e+00
   1.4800000e+00   6.0239810e-01   0.0000000e+00
   1.5000000e+00   5.9921799e-01   0.0000000e+00
   1.5200000e+00   5.9654610e-01   0.0000000e+00
   1.5400000e+00   5.9320843e-01   0.0000000e+00
   1.5600000e+00   5.8920498e-01   0.0000000e+00
   1.5800000e+00   5.8591154e-01   0.0000000e+00
   1.6000000e+00   5.8292887e-01   0.0000000e+00
   1.6200000e+00   5.8025699e-01   0.0000000e+00
   1.6400000e+00   5.7767896e-01   0.0000000e+00
   1.6600000e+00   5.7532120e-01   0.0000000e+00
   1.6800000e+00   5.7318369e-01   0.0000000e+00
   1.7000000e+00   5.7104618e-01   0.0000000e+00
   1.7200000e+00   5.6910613e-01   0.0000000e+00
   1.7400000e+00   5.6736353e-01   0.0000000e+00
   1.7600000e+00   5.6548215e-01   0.0000000e+00
   1.7800000e+00   5.6347271e-01   0.0000000e+00
   1.8000000e+00   5.6133520e-01   0.0000000e+00
   1.8200000e+00   5.5924261e-01   0.0000000e+00
   1.8400000e+00   5.5739475e-01   0.0000000e+00
   1.8600000e+00   5.5579162e-01   0.0000000e+00
   1.8800000e+00   5.5372586e-01   0.0000000e+00
   1.9000000e+00   5.5179721e-01   0.0000000e+00
   1.9200000e+00   5.5000566e-01   0.0000000e+00
   1.9400000e+00   5.4817323e-01   0.0000000e+00
   1.9600000e+00   5.4624458e-01   0.0000000e+00
   1.9800000e+00   5.4421971e-01   0.0000000e+00
   2.0000000e+00   5.4261658e-01   0.0000000e+00
   2.0200000e+00   5.4127862e-01   0.0000000e+00
   2.0400000e+00   5.4020583e-01   0.0000000e+00
   2.0600000e+00   5.3872340e-01   0.0000000e+00
   2.0800000e+00   5.3718061e-01   0.0000000e+00
   2.1000000e+00   5.3557748e-01   0.0000000e+00
   2.1200000e+00   5.3379400e-01   0.0000000e+00
   2.1400000e+00   5.3186535e-01   0.0000000e+00
   2.1600000e+00   5.2979153e-01   0.0000000e+00
   2.1800000e+00   5.2818840e-01   0.0000000e+00
   2.2000000e+00   5.2658526e-01   0.0000000e+00
   2.2200000e+00   5.2498213e-01   0.0000000e+00
   2.2400000e+00   5.2337900e-01   0.0000000e+00
   2.2600000e+00   5.2165184e-01   0.0000000e+00
   2.2800000e+00   5.1980063e-01   0.0000000e+00
   2.3000000e+00   5.1766313e-01   0.0000000e+00
   2.3200000e+00   5.1553299e-01   0.0000000e+00
   2.3400000e+00   5.1341022e-01   0.0000000e+00
   2.3600000e+00   5.1180709e-01   0.0000000e+00
   2.3800000e+00   5.1020396e-01   0.0000000e+00
   2.4000000e+00   5.0860083e-01   0.0000000e+00
   2.4200000e+00   5.0699770e-01   0.0000000e+00
   2.4400000e+00   5.0539457e-01   0.0000000e+00
   2.4600000e+00   5.0379144e-01   0.0000000e+00
   2.4800000e+00   5.0218830e-01   0.0000000e+00
   2.5000000e+00   5.0058517e-01   0.0000000e+00
   2.5200000e+00   4.9898204e-01   0.0000000e+00
   2.5400000e+00   4.9737891e-01   0.0000000e+00
   2.5600000e+00   4.9577578e-01   0.0000000e+00
   2.5800000e+00   4.9417265e-01   0.0000000e+00
   2.6000000e+00   4.9256952e-01   0.0000000e+00
   2.6200000e+00   4.9089130e-01   0.0000000e+00
   2.6400000e+00   4.8913799e-01   0.0000000e+00
   2.6600000e+00   4.8703399e-01   0.0000000e+00
   2.6800000e+00   4.8518043e-01   0.0000000e+00
   2.7000000e+00   4.8357730e-01   0.0000000e+00
   2.7200000e+00   4.8242539e-01   0.0000000e+00
   2.7400000e+00   4.8131507e-01   0.0000000e+00
   2.7600000e+00   4.8024631e-01   0.0000000e+00
   2.7800000e+00   4.7895966e-01   0.0000000e+00
   2.8000000e+00   4.7756539e-01   0.0000000e+00
   2.8200000e+00   4.7606349e-01   0.0000000e+00
   2.8400000e+00   4.7499473e-01   0.0000000e+00
   2.8600000e+00   4.7366651e-01   0.0000000e+00
   2.8800000e+00   4.7207881e-01   0.0000000e+00
   2.9000000e+00   4.7087796e-01   0.0000000e+00
   2.9200000e+00   4.6974315e-01   0.0000000e+00
   2.9400000e+00   4.6867440e-01   0.0000000e+00
   2.9600000e+00   4.6760565e-01   0.0000000e+00
   2.9800000e+00   4.6653689e-01   0.0000000e+00
   3.0000000e+00   4.6546814e-01   0.0000000e+00
   3.0200000e+00   4.6439938e-01   0.0000000e+00
   3.0400000e+00   4.6286063e-01   0.0000000e+00
   3.0600000e+00   4.6085188e-01   0.0000000e+00
   3.0800000e+00   4.5942104e-01   0.0000000e+00
   3.1000000e+00   4.5817124e-01   0.0000000e+00
   3.1200000e+00   4.5710249e-01   0.0000000e+00
   3.1400000e+00   4.5603373e-01   0.0000000e+00
   3.1600000e+00   4.5496498e-01   0.0000000e+00
   3.1800000e+00   4.5389623e-01   0.0000000e+00
   3.2000000e+00   4.5282747e-01   0.0000000e+00
   3.2200000e+00   4.5175872e-01   0.0000000e+00
   3.2400000e+00   4.5068996e-01   0.0000000e+00
   3.2600000e+00   4.4992560e-01   0.0000000e+00
   3.2800000e+00   4.4927623e-01   0.0000000e+00
   3.3000000e+00   4.4874185e-01   0.0000000e+00
   3.3200000e+00   4.4820747e-01   0.0000000e+00
   3.3400000e+00   4.4767310e-01   0.0000000e+00
   3.3600000e+00   4.4713872e-01   0.0000000e+00
   3.3800000e+00   4.4611557e-01   0.0000000e+00
   3.4000000e+00   4.4544173e-01   0.0000000e+00
   3.4200000e+00   4.4511719e-01   0.0000000e+00
   3.4400000e+00   4.4486174e-01   0.0000000e+00
   3.4600000e+00   4.4446683e-01   0.0000000e+00
   3.4800000e+00   4.4393246e-01   0.0000000e+00
   3.5000000e+00   4.4342019e-01   0.0000000e+00
   3.5200000e+00   4.4316406e-01   0.0000000e+00
   3.5400000e+00   4.4316406e-01   0.0000000e+00
   3.5600000e+00   4.4316406e-01   0.0000000e+00
   3.5800000e+00   4.4316406e-01   0.0000000e+00
   3.6000000e+00   4.4316406e-01   0.0000000e+00
   3.6200000e+00   4.4316406e-01   0.0000000e+00
   3.6400000e+00   4.4329881e-01   0.0000000e+00
   3.6600000e+00   4.4356831e-01   0.0000000e+00
   3.6800000e+00   4.4517144e-01   0.0000000e+00
   2.0100000e+00   8.3285482e-01   1.0000000e+00
   2.0300000e+00   8.3017487e-01   1.0000000e+00
   2.0500000e+00   8.2791264e-01   1.0000000e+00
   2.0700000e+00   8.2606812e-01   1.0000000e+00
   2.0900000e+00   8.2476200e-01   1.0000000e+00
   2.1100000e+00   8.2357457e-01   1.0000000e+00
   2.1300000e+00   8.2250582e-01   1.0000000e+00
   2.1500000e+00   8.2137337e-01   1.0000000e+00
   2.1700000e+00   8.2000559e-01   1.0000000e+00
   2.1900000e+00   8.1840246e-01   1.0000000e+00
   2.2100000e+00   8.1679932e-01   1.0000000e+00
   2.2300000e+00   8.1483146e-01   1.0000000e+00
   2.2500000e+00   8.1249885e-01   1.0000000e+00
   2.2700000e+00   8.0858661e-01   1.0000000e+00
   2.2900000e+00   8.0395860e-01   1.0000000e+00
   2.3100000e+00   7.9861483e-01   1.0000000e+00
   2.3300000e+00   7.9335952e-01   1.0000000e+00
   2.3500000e+00   7.8966310e-01   1.0000000e+00
   2.3700000e+00   7.8752560e-01   1.0000000e+00
   2.3900000e+00   7.8582054e-01   1.0000000e+00
   2.4100000e+00   7.8416645e-01   1.0000000e+00
   2.4300000e+00   7.8256332e-01   1.0000000e+00
   2.4500000e+00   7.8135844e-01   1.0000000e+00
   2.4700000e+00   7.8044758e-01   1.0000000e+00
   2.4900000e+00   7.7983074e-01   1.0000000e+00
   2.5100000e+00   7.7876199e-01   1.0000000e+00
   2.5300000e+00   7.7769323e-01   1.0000000e+00
   2.5500000e+00   7.7662448e-01   1.0000000e+00
   2.5700000e+00   7.7593923e-01   1.0000000e+00
   2.5900000e+00   7.7492916e-01   1.0000000e+00
   2.6100000e+00   7.7359425e-01   1.0000000e+00
   2.6300000e+00   7.7160692e-01   1.0000000e+00
   2.6500000e+00   7.6974466e-01   1.0000000e+00
   2.6700000e+00   7.6800747e-01   1.0000000e+00
   2.6900000e+00   7.6426683e-01   1.0000000e+00
   2.7100000e+00   7.6075181e-01   1.0000000e+00
   2.7300000e+00   7.5746239e-01   1.0000000e+00
   2.7500000e+00   7.5492526e-01   1.0000000e+00
   2.7700000e+00   7.5269688e-01   1.0000000e+00
   2.7900000e+00   7.5077727e-01   1.0000000e+00
   2.8100000e+00   7.4917414e-01   1.0000000e+00
   2.8300000e+00   7.4757101e-01   1.0000000e+00
   2.8500000e+00   7.4596788e-01   1.0000000e+00
   2.8700000e+00   7.4488369e-01   1.0000000e+00
   2.8900000e+00   7.4380722e-01   1.0000000e+00
   2.9100000e+00   7.4273847e-01   1.0000000e+00
   2.9300000e+00   7.4195533e-01   1.0000000e+00
   2.9500000e+00   7.4121210e-01   1.0000000e+00
   2.9700000e+00   7.4050877e-01   1.0000000e+00
   2.9900000e+00   7.3944002e-01   1.0000000e+00
   3.0100000e+00   7.3837126e-01   1.0000000e+00
   3.0300000e+00   7.3730251e-01   1.0000000e+00
   3.0500000e+00   7.3576375e-01   1.0000000e+00
   3.0700000e+00   7.3401614e-01   1.0000000e+00
   3.0900000e+00   7.3205968e-01   1.0000000e+00
   3.1100000e+00   7.2992217e-01   1.0000000e+00
   3.1300000e+00   7.2778466e-01   1.0000000e+00
   3.1500000e+00   7.2564715e-01   1.0000000e+00
   3.1700000e+00   7.2350965e-01   1.0000000e+00
   3.1900000e+00   7.2137214e-01   1.0000000e+00
   3.2100000e+00   7.1923463e-01   1.0000000e+00
   3.2300000e+00   7.1667607e-01   1.0000000e+00
   3.2500000e+00   7.1436523e-01   1.0000000e+00
   3.2700000e+00   7.1230213e-01   1.0000000e+00
   3.2900000e+00   7.1107444e-01   1.0000000e+00
   3.3100000e+00   7.1015788e-01   1.0000000e+00
   3.3300000e+00   7.0955245e-01   1.0000000e+00
   3.3500000e+00   7.0848369e-01   1.0000000e+00
   3.3700000e+00   7.0717055e-01   1.0000000e+00
   3.3900000e+00   7.0561303e-01   1.0000000e+00
   3.4100000e+00   7.0438200e-01   1.0000000e+00
   3.4300000e+00   7.0323211e-01   1.0000000e+00
   3.4500000e+00   7.0216336e-01   1.0000000e+00
   3.4700000e+00   7.0067827e-01   1.0000000e+00
   3.4900000e+00   6.9862190e-01   1.0000000e+00
   3.5100000e+00   6.9599424e-01   1.0000000e+00
   3.5300000e+00   6.9439111e-01   1.0000000e+00
   3.5500000e+00   6.9234815e-01   1.0000000e+00
   3.5700000e+00   6.8986537e-01   1.0000000e+00
   3.5900000e+00   6.8719348e-01   1.0000000e+00
   3.6100000e+00   6.8472809e-01   1.0000000e+00
   3.6300000e+00   6.8246920e-01   1.0000000e+00
   3.6500000e+00   6.8095590e-01   1.0000000e+00
   3.6700000e+00   6.7966488e-01   1.0000000e+00
   3.6900000e+00   6.7859612e-01   1.0000000e+00
