   6.0000000e-01   9.3334124e-01   0.0000000e+00
   6.2000000e-01   9.1019811e-01   0.0000000e+00
   6.4000000e-01   8.8551553e-01   0.0000000e+00
   6.6000000e-01   8.5929351e-01   0.0000000e+00
   6.8000000e-01   8.3257466e-01   0.0000000e+00
   7.0000000e-01   8.0904261e-01   0.0000000e+00
   7.2000000e-01   7.8869736e-01   0.0000000e+00
   7.4000000e-01   7.6708964e-01   0.0000000e+00
   7.6000000e-01   7.4657209e-01   0.0000000e+00
   7.8000000e-01   7.2714473e-01   0.0000000e+00
   8.0000000e-01   7.1282181e-01   0.0000000e+00
   8.2000000e-01   6.9871345e-01   0.0000000e+00
   8.4000000e-01   6.8481965e-01   0.0000000e+00
   8.6000000e-01   6.7354072e-01   0.0000000e+00
   8.8000000e-01   6.6310293e-01   0.0000000e+00
   9.0000000e-01   6.5350625e-01   0.0000000e+00
   9.2000000e-01   6.4529078e-01   0.0000000e+00
   9.4000000e-01   6.3744241e-01   0.0000000e+00
   9.6000000e-01   6.2996113e-01   0.0000000e+00
   9.8000000e-01   6.2259249e-01   0.0000000e+00
   1.0000000e+00   6.1570190e-01   0.0000000e+00
   1.0200000e+00   6.0928938e-01   0.0000000e+00
   1.0400000e+00   6.0287685e-01   0.0000000e+00
   1.0600000e+00   5.9682169e-01   0.0000000e+00
   1.0800000e+00   5.9112390e-01   0.0000000e+00
   1.1000000e+00   5.8553943e-01   0.0000000e+00
   1.1200000e+00   5.7980812e-01   0.0000000e+00
   1.1400000e+00   5.7392997e-01   0.0000000e+00
   1.1600000e+00   5.6805920e-01   0.0000000e+00
   1.1800000e+00   5.6245192e-01   0.0000000e+00
   1.2000000e+00   5.5710815e-01   0.0000000e+00
   1.2200000e+00   5.5218947e-01   0.0000000e+00
   1.2400000e+00   5.4732543e-01   0.0000000e+00
   1.2600000e+00   5.4251603e-01   0.0000000e+00
   1.2800000e+00   5.3770664e-01   0.0000000e+00
   1.3000000e+00   5.3293479e-01   0.0000000e+00
   1.3200000e+00   5.2820049e-01   0.0000000e+00
   1.3400000e+00   5.2392547e-01   0.0000000e+00
   1.3600000e+00   5.1989685e-01   0.0000000e+00
   1.3800000e+00   5.1611464e-01   0.0000000e+00
   1.4000000e+00   5.1275014e-01   0.0000000e+00
   1.4200000e+00   5.0946476e-01   0.0000000e+00
   1.4400000e+00   5.0625849e-01   0.0000000e+00
   1.4600000e+00   5.0305223e-01   0.0000000e+00
   1.4800000e+00   4.9985904e-01   0.0000000e+00
   1.5000000e+00   4.9667892e-01   0.0000000e+00
   1.5200000e+00   4.9400704e-01   0.0000000e+00
   1.5400000e+00   4.9111322e-01   0.0000000e+00
   1.5600000e+00   4.8799748e-01   0.0000000e+00
   1.5800000e+00   4.8511841e-01   0.0000000e+00
   1.6000000e+00   4.8255346e-01   0.0000000e+00
   1.6200000e+00   4.8030263e-01   0.0000000e+00
   1.6400000e+00   4.7860564e-01   0.0000000e+00
   1.6600000e+00   4.7668839e-01   0.0000000e+00
   1.6800000e+00   4.7455088e-01   0.0000000e+00
   1.7000000e+00   4.7292494e-01   0.0000000e+00
   1.7200000e+00   4.7150787e-01   0.0000000e+00
   1.7400000e+00   4.7029964e-01   0.0000000e+00
   1.7600000e+00   4.6895265e-01   0.0000000e+00
   1.7800000e+00   4.6747758e-01   0.0000000e+00
   1.8000000e+00   4.6587445e-01   0.0000000e+00
   1.8200000e+00   4.6431623e-01   0.0000000e+00
   1.8400000e+00   4.6300275e-01   0.0000000e+00
   1.8600000e+00   4.6193400e-01   0.0000000e+00
   1.8800000e+00   4.6086524e-01   0.0000000e+00
   1.9000000e+00   4.5962351e-01   0.0000000e+00
   1.9200000e+00   4.5820879e-01   0.0000000e+00
   1.9400000e+00   4.5706426e-01   0.0000000e+00
   1.9600000e+00   4.5622480e-01   0.0000000e+00
   1.9800000e+00   4.5569042e-01   0.0000000e+00
   2.0000000e+00   4.5515605e-01   0.0000000e+00
   2.0200000e+00   4.5435650e-01   0.0000000e+00
   2.0400000e+00   4.5329177e-01   0.0000000e+00
   2.0600000e+00   4.5222302e-01   0.0000000e+00
   2.0800000e+00   4.5115426e-01   0.0000000e+00
   2.1000000e+00   4.5008551e-01   0.0000000e+00
   2.1200000e+00   4.4919711e-01   0.0000000e+00
   2.1400000e+00   4.4848572e-01   0.0000000e+00
   2.1600000e+00   4.4795134e-01   0.0000000e+00
   2.1800000e+00   4.4741697e-01   0.0000000e+00
   2.2000000e+00   4.4664189e-01   0.0000000e+00
   2.2200000e+00   4.4562611e-01   0.0000000e+00
   2.2400000e+00   4.4455736e-01   0.0000000e+00
   2.2600000e+00   4.4348860e-01   0.0000000e+00
   2.2800000e+00   4.4241985e-01   0.0000000e+00
   2.3000000e+00   4.4148250e-01   0.0000000e+00
   2.3200000e+00   4.4073927e-01   0.0000000e+00
   2.3400000e+00   4.4019015e-01   0.0000000e+00
   2.3600000e+00   4.3912139e-01   0.0000000e+00
   2.3800000e+00   4.3805264e-01   0.0000000e+00
   2.4000000e+00   4.3698389e-01   0.0000000e+00
   2.4200000e+00   4.3591513e-01   0.0000000e+00
   2.4400000e+00   4.3484638e-01   0.0000000e+00
   2.4600000e+00   4.3377762e-01   0.0000000e+00
   2.4800000e+00   4.3262641e-01   0.0000000e+00
   2.5000000e+00   4.3124924e-01   0.0000000e+00
   2.5200000e+00   4.2964610e-01   0.0000000e+00
   2.5400000e+00   4.2904332e-01   0.0000000e+00
   2.5600000e+00   4.2847474e-01   0.0000000e+00
   2.5800000e+00   4.2794036e-01   0.0000000e+00
   2.6000000e+00   4.2713914e-01   0.0000000e+00
   2.6200000e+00   4.2620415e-01   0.0000000e+00
   2.6400000e+00   4.2513540e-01   0.0000000e+00
   2.6600000e+00   4.2406665e-01   0.0000000e+00
   2.6800000e+00   4.2299789e-01   0.0000000e+00
   2.7000000e+00   4.2192914e-01   0.0000000e+00
   2.7200000e+00   4.2131161e-01   0.0000000e+00
   2.7400000e+00   4.2056838e-01   0.0000000e+00
   2.7600000e+00   4.1969944e-01   0.0000000e+00
   2.7800000e+00   4.1884858e-01   0.0000000e+00
   2.8000000e+00   4.1810535e-01   0.0000000e+00
   2.8200000e+00   4.1746974e-01   0.0000000e+00
   2.8400000e+00   4.1640098e-01   0.0000000e+00
   2.8600000e+00   4.1585118e-01   0.0000000e+00
   2.8800000e+00   4.1582031e-01   0.0000000e+00
   2.9000000e+00   4.1501575e-01   0.0000000e+00
   2.9200000e+00   4.1422190e-01   0.0000000e+00
   2.9400000e+00   4.1343876e-01   0.0000000e+00
   2.9600000e+00   4.1290439e-01   0.0000000e+00
   2.9800000e+00   4.1234387e-01   0.0000000e+00
   3.0000000e+00   4.1175720e-01   0.0000000e+00
   3.0200000e+00   4.1068845e-01   0.0000000e+00
   3.0400000e+00   4.0961969e-01   0.0000000e+00
   3.0600000e+00   4.0855094e-01   0.0000000e+00
   3.0800000e+00   4.0783552e-01   0.0000000e+00
   3.1000000e+00   4.0709229e-01   0.0000000e+00
   3.1200000e+00   4.0632124e-01   0.0000000e+00
   3.1400000e+00   4.0525248e-01   0.0000000e+00
   3.1600000e+00   4.0418373e-01   0.0000000e+00
   3.1800000e+00   4.0311498e-01   0.0000000e+00
   3.2000000e+00   4.0204622e-01   0.0000000e+00
   3.2200000e+00   4.0097747e-01   0.0000000e+00
   3.2400000e+00   3.9990872e-01   0.0000000e+00
   3.2600000e+00   3.9914435e-01   0.0000000e+00
   3.2800000e+00   3.9849498e-01   0.0000000e+00
   3.3000000e+00   3.9796060e-01   0.0000000e+00
   3.3200000e+00   3.9735516e-01   0.0000000e+00
   3.3400000e+00   3.9651807e-01   0.0000000e+00
   3.3600000e+00   3.9544932e-01   0.0000000e+00
   3.3800000e+00   3.9438056e-01   0.0000000e+00
   3.4000000e+00   3.9331181e-01   0.0000000e+00
   3.4200000e+00   3.9224305e-01   0.0000000e+00
   3.4400000e+00   3.9142974e-01   0.0000000e+00
   3.4600000e+00   3.9068651e-01   0.0000000e+00
   3.4800000e+00   3.9001335e-01   0.0000000e+00
   3.5000000e+00   3.8894460e-01   0.0000000e+00
   3.5200000e+00   3.8787584e-01   0.0000000e+00
   3.5400000e+00   3.8680709e-01   0.0000000e+00
   3.5600000e+00   3.8661799e-01   0.0000000e+00
   3.5800000e+00   3.8620028e-01   0.0000000e+00
   3.6000000e+00   3.8555395e-01   0.0000000e+00
   3.6200000e+00   3.8469170e-01   0.0000000e+00
   3.6400000e+00   3.8403830e-01   0.0000000e+00
   3.6600000e+00   3.8359375e-01   0.0000000e+00
   3.6800000e+00   3.8359375e-01   0.0000000e+00
   3.7000000e+00   3.8333998e-01   0.0000000e+00
   3.7200000e+00   3.8283243e-01   0.0000000e+00
   3.7400000e+00   3.8229806e-01   0.0000000e+00
   3.7600000e+00   3.8190079e-01   0.0000000e+00
   3.7800000e+00   3.8164063e-01   0.0000000e+00
   3.8000000e+00   3.8164063e-01   0.0000000e+00
   2.0100000e+00   7.0588356e-01   1.0000000e+00
   2.0300000e+00   7.0374605e-01   1.0000000e+00
   2.0500000e+00   7.0140170e-01   1.0000000e+00
   2.0700000e+00   6.9885051e-01   1.0000000e+00
   2.0900000e+00   6.9677266e-01   1.0000000e+00
   2.1100000e+00   6.9484199e-01   1.0000000e+00
   2.1300000e+00   6.9305851e-01   1.0000000e+00
   2.1500000e+00   6.9098469e-01   1.0000000e+00
   2.1700000e+00   6.8914621e-01   1.0000000e+00
   2.1900000e+00   6.8754308e-01   1.0000000e+00
   2.2100000e+00   6.8690275e-01   1.0000000e+00
   2.2300000e+00   6.8595066e-01   1.0000000e+00
   2.2500000e+00   6.8468681e-01   1.0000000e+00
