   6.0000000e-01   9.5124017e-01   0.0000000e+00
   6.2000000e-01   9.3098417e-01   0.0000000e+00
   6.4000000e-01   9.0745919e-01   0.0000000e+00
   6.6000000e-01   8.8066525e-01   0.0000000e+00
   6.8000000e-01   8.5287765e-01   0.0000000e+00
   7.0000000e-01   8.2713870e-01   0.0000000e+00
   7.2000000e-01   8.0344841e-01   0.0000000e+00
   7.4000000e-01   7.8182456e-01   0.0000000e+00
   7.6000000e-01   7.6214579e-01   0.0000000e+00
   7.8000000e-01   7.4441207e-01   0.0000000e+00
   8.0000000e-01   7.3031581e-01   0.0000000e+00
   8.2000000e-01   7.1471764e-01   0.0000000e+00
   8.4000000e-01   6.9761757e-01   0.0000000e+00
   8.6000000e-01   6.8365536e-01   0.0000000e+00
   8.8000000e-01   6.7114944e-01   0.0000000e+00
   9.0000000e-01   6.6009982e-01   0.0000000e+00
   9.2000000e-01   6.5081560e-01   0.0000000e+00
   9.4000000e-01   6.4207145e-01   0.0000000e+00
   9.6000000e-01   6.3386738e-01   0.0000000e+00
   9.8000000e-01   6.2644242e-01   0.0000000e+00
   1.0000000e+00   6.1925649e-01   0.0000000e+00
   1.0200000e+00   6.1230959e-01   0.0000000e+00
   1.0400000e+00   6.0536268e-01   0.0000000e+00
   1.0600000e+00   5.9895183e-01   0.0000000e+00
   1.0800000e+00   5.9307702e-01   0.0000000e+00
   1.1000000e+00   5.8749255e-01   0.0000000e+00
   1.1200000e+00   5.8176124e-01   0.0000000e+00
   1.1400000e+00   5.7588310e-01   0.0000000e+00
   1.1600000e+00   5.7001232e-01   0.0000000e+00
   1.1800000e+00   5.6440505e-01   0.0000000e+00
   1.2000000e+00   5.5906128e-01   0.0000000e+00
   1.2200000e+00   5.5371751e-01   0.0000000e+00
   1.2400000e+00   5.4852795e-01   0.0000000e+00
   1.2600000e+00   5.4349259e-01   0.0000000e+00
   1.2800000e+00   5.3868320e-01   0.0000000e+00
   1.3000000e+00   5.3387381e-01   0.0000000e+00
   1.3200000e+00   5.2906441e-01   0.0000000e+00
   1.3400000e+00   5.2425502e-01   0.0000000e+00
   1.3600000e+00   5.1969203e-01   0.0000000e+00
   1.3800000e+00   5.1537544e-01   0.0000000e+00
   1.4000000e+00   5.1147656e-01   0.0000000e+00
   1.4200000e+00   5.0778654e-01   0.0000000e+00
   1.4400000e+00   5.0430537e-01   0.0000000e+00
   1.4600000e+00   5.0109911e-01   0.0000000e+00
   1.4800000e+00   4.9789285e-01   0.0000000e+00
   1.5000000e+00   4.9468658e-01   0.0000000e+00
   1.5200000e+00   4.9148032e-01   0.0000000e+00
   1.5400000e+00   4.8849599e-01   0.0000000e+00
   1.5600000e+00   4.8573358e-01   0.0000000e+00
   1.5800000e+00   4.8338889e-01   0.0000000e+00
   1.6000000e+00   4.8114778e-01   0.0000000e+00
   1.6200000e+00   4.7901028e-01   0.0000000e+00
   1.6400000e+00   4.7696663e-01   0.0000000e+00
   1.6600000e+00   4.7514324e-01   0.0000000e+00
   1.6800000e+00   4.7354011e-01   0.0000000e+00
   1.7000000e+00   4.7244855e-01   0.0000000e+00
   1.7200000e+00   4.7117094e-01   0.0000000e+00
   1.7400000e+00   4.6970728e-01   0.0000000e+00
   1.7600000e+00   4.6838239e-01   0.0000000e+00
   1.7800000e+00   4.6718558e-01   0.0000000e+00
   1.8000000e+00   4.6611682e-01   0.0000000e+00
   1.8200000e+00   4.6504807e-01   0.0000000e+00
   1.8400000e+00   4.6397931e-01   0.0000000e+00
   1.8600000e+00   4.6291056e-01   0.0000000e+00
   1.8800000e+00   4.6137918e-01   0.0000000e+00
   1.9000000e+00   4.6015788e-01   0.0000000e+00
   1.9200000e+00   4.5924668e-01   0.0000000e+00
   1.9400000e+00   4.5848300e-01   0.0000000e+00
   1.9600000e+00   4.5756679e-01   0.0000000e+00
   1.9800000e+00   4.5649803e-01   0.0000000e+00
   2.0000000e+00   4.5542928e-01   0.0000000e+00
   2.0200000e+00   4.5436053e-01   0.0000000e+00
   2.0400000e+00   4.5329177e-01   0.0000000e+00
   2.0600000e+00   4.5222302e-01   0.0000000e+00
   2.0800000e+00   4.5115426e-01   0.0000000e+00
   2.1000000e+00   4.5008551e-01   0.0000000e+00
   2.1200000e+00   4.4901675e-01   0.0000000e+00
   2.1400000e+00   4.4794800e-01   0.0000000e+00
   2.1600000e+00   4.4687925e-01   0.0000000e+00
   2.1800000e+00   4.4581049e-01   0.0000000e+00
   2.2000000e+00   4.4450104e-01   0.0000000e+00
   2.2200000e+00   4.4295088e-01   0.0000000e+00
   2.2400000e+00   4.4171249e-01   0.0000000e+00
   2.2600000e+00   4.4055891e-01   0.0000000e+00
   2.2800000e+00   4.3949016e-01   0.0000000e+00
   2.3000000e+00   4.3842141e-01   0.0000000e+00
   2.3200000e+00   4.3734528e-01   0.0000000e+00
   2.3400000e+00   4.3626178e-01   0.0000000e+00
   2.3600000e+00   4.3465865e-01   0.0000000e+00
   2.3800000e+00   4.3327175e-01   0.0000000e+00
   2.4000000e+00   4.3210107e-01   0.0000000e+00
   2.4200000e+00   4.3103232e-01   0.0000000e+00
   2.4400000e+00   4.2996356e-01   0.0000000e+00
   2.4600000e+00   4.2889481e-01   0.0000000e+00
   2.4800000e+00   4.2782606e-01   0.0000000e+00
   2.5000000e+00   4.2675730e-01   0.0000000e+00
   2.5200000e+00   4.2568855e-01   0.0000000e+00
   2.5400000e+00   4.2562014e-01   0.0000000e+00
   2.5600000e+00   4.2520243e-01   0.0000000e+00
   2.5800000e+00   4.2443541e-01   0.0000000e+00
   2.6000000e+00   4.2336666e-01   0.0000000e+00
   2.6200000e+00   4.2237299e-01   0.0000000e+00
   2.6400000e+00   4.2145442e-01   0.0000000e+00
   2.6600000e+00   4.2088653e-01   0.0000000e+00
   2.6800000e+00   4.2006820e-01   0.0000000e+00
   2.7000000e+00   4.1899945e-01   0.0000000e+00
   2.7200000e+00   4.1838192e-01   0.0000000e+00
   2.7400000e+00   4.1780597e-01   0.0000000e+00
   2.7600000e+00   4.1727159e-01   0.0000000e+00
   2.7800000e+00   4.1673722e-01   0.0000000e+00
   2.8000000e+00   4.1615222e-01   0.0000000e+00
   2.8200000e+00   4.1551661e-01   0.0000000e+00
   2.8400000e+00   4.1444786e-01   0.0000000e+00
   2.8600000e+00   4.1363858e-01   0.0000000e+00
   2.8800000e+00   4.1308877e-01   0.0000000e+00
   2.9000000e+00   4.1255439e-01   0.0000000e+00
   2.9200000e+00   4.1202001e-01   0.0000000e+00
   2.9400000e+00   4.1148564e-01   0.0000000e+00
   2.9600000e+00   4.1112021e-01   0.0000000e+00
   2.9800000e+00   4.1091136e-01   0.0000000e+00
   3.0000000e+00   4.1085907e-01   0.0000000e+00
   3.0200000e+00   4.1032469e-01   0.0000000e+00
   3.0400000e+00   4.0955532e-01   0.0000000e+00
   3.0600000e+00   4.0855094e-01   0.0000000e+00
   3.0800000e+00   4.0818885e-01   0.0000000e+00
   3.1000000e+00   4.0777114e-01   0.0000000e+00
   3.1200000e+00   4.0729780e-01   0.0000000e+00
   3.1400000e+00   4.0634905e-01   0.0000000e+00
   3.1600000e+00   4.0560582e-01   0.0000000e+00
   3.1800000e+00   4.0506810e-01   0.0000000e+00
   3.2000000e+00   4.0399935e-01   0.0000000e+00
   3.2200000e+00   4.0293059e-01   0.0000000e+00
   3.2400000e+00   4.0186184e-01   0.0000000e+00
   3.2600000e+00   4.0079309e-01   0.0000000e+00
   3.2800000e+00   3.9972433e-01   0.0000000e+00
   3.3000000e+00   3.9865558e-01   0.0000000e+00
   3.3200000e+00   3.9765788e-01   0.0000000e+00
   3.3400000e+00   3.9689185e-01   0.0000000e+00
   3.3600000e+00   3.9635747e-01   0.0000000e+00
   3.3800000e+00   3.9533432e-01   0.0000000e+00
   3.4000000e+00   3.9428837e-01   0.0000000e+00
   3.4200000e+00   3.9321961e-01   0.0000000e+00
   3.4400000e+00   3.9266175e-01   0.0000000e+00
   3.4600000e+00   3.9224403e-01   0.0000000e+00
   3.4800000e+00   3.9196648e-01   0.0000000e+00
   3.5000000e+00   3.9089772e-01   0.0000000e+00
   3.5200000e+00   3.8982897e-01   0.0000000e+00
   3.5400000e+00   3.8876022e-01   0.0000000e+00
   3.5600000e+00   3.8813129e-01   0.0000000e+00
   3.5800000e+00   3.8771122e-01   0.0000000e+00
   3.6000000e+00   3.8750000e-01   0.0000000e+00
   3.6200000e+00   3.8729350e-01   0.0000000e+00
   3.6400000e+00   3.8692307e-01   0.0000000e+00
   3.6600000e+00   3.8638869e-01   0.0000000e+00
   3.6800000e+00   3.8585431e-01   0.0000000e+00
   3.7000000e+00   3.8582748e-01   0.0000000e+00
   3.7200000e+00   3.8630819e-01   0.0000000e+00
   3.7400000e+00   3.8723345e-01   0.0000000e+00
   2.4900000e+00   6.4787111e-01   1.0000000e+00
   2.5100000e+00   6.4626798e-01   1.0000000e+00
   2.5300000e+00   6.4441476e-01   1.0000000e+00
   2.5500000e+00   6.4231146e-01   1.0000000e+00
   2.5700000e+00   6.3979044e-01   1.0000000e+00
   2.5900000e+00   6.3746084e-01   1.0000000e+00
   2.6100000e+00   6.3532264e-01   1.0000000e+00
   2.6300000e+00   6.3356933e-01   1.0000000e+00
   2.6500000e+00   6.3164068e-01   1.0000000e+00
   2.6700000e+00   6.2953668e-01   1.0000000e+00
   2.6900000e+00   6.2793355e-01   1.0000000e+00
   2.7100000e+00   6.2655604e-01   1.0000000e+00
   2.7300000e+00   6.2540413e-01   1.0000000e+00
   2.7500000e+00   6.2433538e-01   1.0000000e+00
