   6.1000000e-01   9.6517987e-01   0.0000000e+00
   6.3000000e-01   9.5385407e-01   0.0000000e+00
   6.5000000e-01   9.3515962e-01   0.0000000e+00
   6.7000000e-01   9.1298735e-01   0.0000000e+00
   6.9000000e-01   8.8733725e-01   0.0000000e+00
   7.1000000e-01   8.6441870e-01   0.0000000e+00
   7.3000000e-01   8.4122961e-01   0.0000000e+00
   7.5000000e-01   8.1777000e-01   0.0000000e+00
   7.7000000e-01   7.9882737e-01   0.0000000e+00
   7.9000000e-01   7.8310949e-01   0.0000000e+00
   8.1000000e-01   7.7061636e-01   0.0000000e+00
   8.3000000e-01   7.5511942e-01   0.0000000e+00
   8.5000000e-01   7.3936100e-01   0.0000000e+00
   8.7000000e-01   7.2334109e-01   0.0000000e+00
   8.9000000e-01   7.0893502e-01   0.0000000e+00
   9.1000000e-01   6.9507474e-01   0.0000000e+00
   9.3000000e-01   6.8176023e-01   0.0000000e+00
   9.5000000e-01   6.6980009e-01   0.0000000e+00
   9.7000000e-01   6.5882791e-01   0.0000000e+00
   9.9000000e-01   6.4884370e-01   0.0000000e+00
   1.0100000e+00   6.4029367e-01   0.0000000e+00
   1.0300000e+00   6.3198065e-01   0.0000000e+00
   1.0500000e+00   6.2390465e-01   0.0000000e+00
   1.0700000e+00   6.1731845e-01   0.0000000e+00
   1.0900000e+00   6.1108628e-01   0.0000000e+00
   1.1100000e+00   6.0520813e-01   0.0000000e+00
   1.1300000e+00   5.9945402e-01   0.0000000e+00
   1.1500000e+00   5.9390139e-01   0.0000000e+00
   1.1700000e+00   5.8855025e-01   0.0000000e+00
   1.1900000e+00   5.8267210e-01   0.0000000e+00
   1.2100000e+00   5.7721904e-01   0.0000000e+00
   1.2300000e+00   5.7219106e-01   0.0000000e+00
   1.2500000e+00   5.6707325e-01   0.0000000e+00
   1.2700000e+00   5.6193833e-01   0.0000000e+00
   1.2900000e+00   5.5678632e-01   0.0000000e+00
   1.3100000e+00   5.5190183e-01   0.0000000e+00
   1.3300000e+00   5.4678771e-01   0.0000000e+00
   1.3500000e+00   5.4144394e-01   0.0000000e+00
   1.3700000e+00   5.3610017e-01   0.0000000e+00
   1.3900000e+00   5.3113253e-01   0.0000000e+00
   1.4100000e+00   5.2654104e-01   0.0000000e+00
   1.4300000e+00   5.2226602e-01   0.0000000e+00
   1.4500000e+00   5.1799101e-01   0.0000000e+00
   1.4700000e+00   5.1371599e-01   0.0000000e+00
   1.4900000e+00   5.0941483e-01   0.0000000e+00
   1.5100000e+00   5.0485955e-01   0.0000000e+00
   1.5300000e+00   5.0005016e-01   0.0000000e+00
   1.5500000e+00   4.9657233e-01   0.0000000e+00
   1.5700000e+00   4.9306669e-01   0.0000000e+00
   1.5900000e+00   4.8953324e-01   0.0000000e+00
   1.6100000e+00   4.8600313e-01   0.0000000e+00
   1.6300000e+00   4.8268187e-01   0.0000000e+00
   1.6500000e+00   4.7956947e-01   0.0000000e+00
   1.6700000e+00   4.7689759e-01   0.0000000e+00
   1.6900000e+00   4.7448149e-01   0.0000000e+00
   1.7100000e+00   4.7232118e-01   0.0000000e+00
   1.7300000e+00   4.7057858e-01   0.0000000e+00
   1.7500000e+00   4.6876659e-01   0.0000000e+00
   1.7700000e+00   4.6688522e-01   0.0000000e+00
   1.7900000e+00   4.6490929e-01   0.0000000e+00
   1.8100000e+00   4.6314222e-01   0.0000000e+00
   1.8300000e+00   4.6158400e-01   0.0000000e+00
   1.8500000e+00   4.6051525e-01   0.0000000e+00
   1.8700000e+00   4.5967781e-01   0.0000000e+00
   1.8900000e+00   4.5907168e-01   0.0000000e+00
   1.9100000e+00   4.5819134e-01   0.0000000e+00
   1.9300000e+00   4.5733144e-01   0.0000000e+00
   1.9500000e+00   4.5649199e-01   0.0000000e+00
   1.9700000e+00   4.5607025e-01   0.0000000e+00
   1.9900000e+00   4.5585938e-01   0.0000000e+00
   2.0100000e+00   4.5585938e-01   0.0000000e+00
   2.0300000e+00   4.5532903e-01   0.0000000e+00
   2.0500000e+00   4.5479667e-01   0.0000000e+00
   2.0700000e+00   4.5426229e-01   0.0000000e+00
   2.0900000e+00   4.5372791e-01   0.0000000e+00
   2.1100000e+00   4.5310336e-01   0.0000000e+00
   2.1300000e+00   4.5238863e-01   0.0000000e+00
   2.1500000e+00   4.5125619e-01   0.0000000e+00
   2.1700000e+00   4.4988840e-01   0.0000000e+00
   2.1900000e+00   4.4828527e-01   0.0000000e+00
   2.2100000e+00   4.4764494e-01   0.0000000e+00
   2.2300000e+00   4.4669285e-01   0.0000000e+00
   2.2500000e+00   4.4542900e-01   0.0000000e+00
   2.2700000e+00   4.4407394e-01   0.0000000e+00
   2.2900000e+00   4.4286203e-01   0.0000000e+00
   2.3100000e+00   4.4179328e-01   0.0000000e+00
   2.3300000e+00   4.4072452e-01   0.0000000e+00
   2.3500000e+00   4.3965577e-01   0.0000000e+00
   2.3700000e+00   4.3858702e-01   0.0000000e+00
   2.3900000e+00   4.3751826e-01   0.0000000e+00
   2.4100000e+00   4.3644951e-01   0.0000000e+00
   2.4300000e+00   4.3538076e-01   0.0000000e+00
   2.4500000e+00   4.3451113e-01   0.0000000e+00
   2.4700000e+00   4.3380912e-01   0.0000000e+00
   2.4900000e+00   4.3327475e-01   0.0000000e+00
   2.5100000e+00   4.3274037e-01   0.0000000e+00
   2.5300000e+00   4.3245608e-01   0.0000000e+00
   2.5500000e+00   4.3242188e-01   0.0000000e+00
   2.5700000e+00   4.3203837e-01   0.0000000e+00
   2.5900000e+00   4.3157942e-01   0.0000000e+00
   2.6100000e+00   4.3104505e-01   0.0000000e+00
   2.6300000e+00   4.3081103e-01   0.0000000e+00
   2.6500000e+00   4.3094445e-01   0.0000000e+00
   2.6700000e+00   4.3144531e-01   0.0000000e+00
   2.6900000e+00   4.3144531e-01   0.0000000e+00
   2.7100000e+00   4.3121970e-01   0.0000000e+00
   2.7300000e+00   4.3076847e-01   0.0000000e+00
   2.7500000e+00   4.3023409e-01   0.0000000e+00
   2.7700000e+00   4.2980867e-01   0.0000000e+00
   2.7900000e+00   4.2949219e-01   0.0000000e+00
   2.8100000e+00   4.2928972e-01   0.0000000e+00
   2.8300000e+00   4.2865411e-01   0.0000000e+00
   2.8500000e+00   4.2758536e-01   0.0000000e+00
   2.8700000e+00   4.2755449e-01   0.0000000e+00
   2.8900000e+00   4.2733792e-01   0.0000000e+00
   2.9100000e+00   4.2693564e-01   0.0000000e+00
   2.9300000e+00   4.2668688e-01   0.0000000e+00
   2.9500000e+00   4.2647802e-01   0.0000000e+00
   2.9700000e+00   4.2630907e-01   0.0000000e+00
   2.9900000e+00   4.2572241e-01   0.0000000e+00
   3.0100000e+00   4.2489470e-01   0.0000000e+00
   3.0300000e+00   4.2382594e-01   0.0000000e+00
   3.0500000e+00   4.2369719e-01   0.0000000e+00
   3.0700000e+00   4.2327948e-01   0.0000000e+00
   3.0900000e+00   4.2257281e-01   0.0000000e+00
   3.1100000e+00   4.2174072e-01   0.0000000e+00
   3.1300000e+00   4.2099749e-01   0.0000000e+00
   3.1500000e+00   4.2034311e-01   0.0000000e+00
   3.1700000e+00   4.1927769e-01   0.0000000e+00
   3.1900000e+00   4.1847780e-01   0.0000000e+00
   3.2100000e+00   4.1794342e-01   0.0000000e+00
   3.2300000e+00   4.1698799e-01   0.0000000e+00
   3.2500000e+00   4.1612809e-01   0.0000000e+00
   3.2700000e+00   4.1536373e-01   0.0000000e+00
   3.2900000e+00   4.1482935e-01   0.0000000e+00
   3.3100000e+00   4.1425945e-01   0.0000000e+00
   3.3300000e+00   4.1365401e-01   0.0000000e+00
   3.3500000e+00   4.1258525e-01   0.0000000e+00
   3.3700000e+00   4.1176089e-01   0.0000000e+00
   3.3900000e+00   4.1118090e-01   0.0000000e+00
   3.4100000e+00   4.1064653e-01   0.0000000e+00
   3.4300000e+00   4.1023987e-01   0.0000000e+00
   3.4500000e+00   4.0996094e-01   0.0000000e+00
   3.4700000e+00   4.0982216e-01   0.0000000e+00
   3.4900000e+00   4.0949664e-01   0.0000000e+00
   3.5100000e+00   4.0898438e-01   0.0000000e+00
   3.5300000e+00   4.0898438e-01   0.0000000e+00
   3.5500000e+00   4.0898438e-01   0.0000000e+00
   3.5700000e+00   4.0898438e-01   0.0000000e+00
   3.5900000e+00   4.0963070e-01   0.0000000e+00
   3.6100000e+00   4.1048824e-01   0.0000000e+00
   3.6300000e+00   4.1155699e-01   0.0000000e+00
   3.6500000e+00   4.1253591e-01   0.0000000e+00
   3.6700000e+00   4.1329256e-01   0.0000000e+00
   3.6900000e+00   4.1382694e-01   0.0000000e+00
   3.7100000e+00   4.1334623e-01   0.0000000e+00
   2.0000000e+00   7.1128866e-01   1.0000000e+00
   2.0200000e+00   7.1048507e-01   1.0000000e+00
   2.0400000e+00   7.0994667e-01   1.0000000e+00
   2.0600000e+00   7.0858493e-01   1.0000000e+00
   2.0800000e+00   7.0739951e-01   1.0000000e+00
   2.1000000e+00   7.0639041e-01   1.0000000e+00
   2.1200000e+00   7.0567568e-01   1.0000000e+00
   2.1400000e+00   7.0478394e-01   1.0000000e+00
   2.1600000e+00   7.0371518e-01   1.0000000e+00
   2.1800000e+00   7.0264643e-01   1.0000000e+00
   2.2000000e+00   7.0157768e-01   1.0000000e+00
   2.2200000e+00   7.0050892e-01   1.0000000e+00
   2.2400000e+00   6.9944017e-01   1.0000000e+00
   2.2600000e+00   6.9812334e-01   1.0000000e+00
   2.2800000e+00   6.9655844e-01   1.0000000e+00
   2.3000000e+00   6.9468375e-01   1.0000000e+00
   2.3200000e+00   6.9319728e-01   1.0000000e+00
   2.3400000e+00   6.9209905e-01   1.0000000e+00
   2.3600000e+00   6.8996154e-01   1.0000000e+00
   2.3800000e+00   6.8782403e-01   1.0000000e+00
   2.4000000e+00   6.8568652e-01   1.0000000e+00
   2.4200000e+00   6.8418059e-01   1.0000000e+00
   2.4400000e+00   6.8279369e-01   1.0000000e+00
   2.4600000e+00   6.8152581e-01   1.0000000e+00
   2.4800000e+00   6.7992268e-01   1.0000000e+00
   2.5000000e+00   6.7831955e-01   1.0000000e+00
   2.5200000e+00   6.7671642e-01   1.0000000e+00
   2.5400000e+00   6.7511329e-01   1.0000000e+00
   2.5600000e+00   6.7351015e-01   1.0000000e+00
   2.5800000e+00   6.7190702e-01   1.0000000e+00
   2.6000000e+00   6.7030389e-01   1.0000000e+00
   2.6200000e+00   6.6877585e-01   1.0000000e+00
   2.6400000e+00   6.6732290e-01   1.0000000e+00
   2.6600000e+00   6.6622063e-01   1.0000000e+00
   2.6800000e+00   6.6486793e-01   1.0000000e+00
   2.7000000e+00   6.6326480e-01   1.0000000e+00
   2.7200000e+00   6.6256412e-01   1.0000000e+00
   2.7400000e+00   6.6194660e-01   1.0000000e+00
   2.7600000e+00   6.6141222e-01   1.0000000e+00
   2.7800000e+00   6.6065994e-01   1.0000000e+00
