   6.0000000e-01   9.7491296e-01   0.0000000e+00
   6.2000000e-01   9.6267261e-01   0.0000000e+00
   6.4000000e-01   9.4705066e-01   0.0000000e+00
   6.6000000e-01   9.2804711e-01   0.0000000e+00
   6.8000000e-01   9.0506889e-01   0.0000000e+00
   7.0000000e-01   8.8277357e-01   0.0000000e+00
   7.2000000e-01   8.6116113e-01   0.0000000e+00
   7.4000000e-01   8.3673871e-01   0.0000000e+00
   7.6000000e-01   8.1454226e-01   0.0000000e+00
   7.8000000e-01   7.9457177e-01   0.0000000e+00
   8.0000000e-01   7.8229722e-01   0.0000000e+00
   8.2000000e-01   7.6787710e-01   0.0000000e+00
   8.4000000e-01   7.5131141e-01   0.0000000e+00
   8.6000000e-01   7.3736060e-01   0.0000000e+00
   8.8000000e-01   7.2303198e-01   0.0000000e+00
   9.0000000e-01   7.0832556e-01   0.0000000e+00
   9.2000000e-01   6.9539053e-01   0.0000000e+00
   9.4000000e-01   6.8383100e-01   0.0000000e+00
   9.6000000e-01   6.7364697e-01   0.0000000e+00
   9.8000000e-01   6.6574395e-01   0.0000000e+00
   1.0000000e+00   6.5831899e-01   0.0000000e+00
   1.0200000e+00   6.5137209e-01   0.0000000e+00
   1.0400000e+00   6.4489921e-01   0.0000000e+00
   1.0600000e+00   6.3881388e-01   0.0000000e+00
   1.0800000e+00   6.3311609e-01   0.0000000e+00
   1.1000000e+00   6.2801302e-01   0.0000000e+00
   1.1200000e+00   6.2305679e-01   0.0000000e+00
   1.1400000e+00   6.1824739e-01   0.0000000e+00
   1.1600000e+00   6.1344537e-01   0.0000000e+00
   1.1800000e+00   6.0890685e-01   0.0000000e+00
   1.2000000e+00   6.0463183e-01   0.0000000e+00
   1.2200000e+00   6.0035682e-01   0.0000000e+00
   1.2400000e+00   5.9592759e-01   0.0000000e+00
   1.2600000e+00   5.9134416e-01   0.0000000e+00
   1.2800000e+00   5.8653476e-01   0.0000000e+00
   1.3000000e+00   5.8172537e-01   0.0000000e+00
   1.3200000e+00   5.7691598e-01   0.0000000e+00
   1.3400000e+00   5.7210658e-01   0.0000000e+00
   1.3600000e+00   5.6754359e-01   0.0000000e+00
   1.3800000e+00   5.6322700e-01   0.0000000e+00
   1.4000000e+00   5.5819971e-01   0.0000000e+00
   1.4200000e+00   5.5314391e-01   0.0000000e+00
   1.4400000e+00   5.4805962e-01   0.0000000e+00
   1.4600000e+00   5.4325022e-01   0.0000000e+00
   1.4800000e+00   5.3844083e-01   0.0000000e+00
   1.5000000e+00   5.3363144e-01   0.0000000e+00
   1.5200000e+00   5.2882204e-01   0.0000000e+00
   1.5400000e+00   5.2423458e-01   0.0000000e+00
   1.5600000e+00   5.1986904e-01   0.0000000e+00
   1.5800000e+00   5.1624841e-01   0.0000000e+00
   1.6000000e+00   5.1294022e-01   0.0000000e+00
   1.6200000e+00   5.0994449e-01   0.0000000e+00
   1.6400000e+00   5.0746033e-01   0.0000000e+00
   1.6600000e+00   5.0541668e-01   0.0000000e+00
   1.6800000e+00   5.0381355e-01   0.0000000e+00
   1.7000000e+00   5.0169884e-01   0.0000000e+00
   1.7200000e+00   4.9977019e-01   0.0000000e+00
   1.7400000e+00   4.9802759e-01   0.0000000e+00
   1.7600000e+00   4.9670271e-01   0.0000000e+00
   1.7800000e+00   4.9534431e-01   0.0000000e+00
   1.8000000e+00   4.9395239e-01   0.0000000e+00
   1.8200000e+00   4.9190471e-01   0.0000000e+00
   1.8400000e+00   4.9034650e-01   0.0000000e+00
   1.8600000e+00   4.8927775e-01   0.0000000e+00
   1.8800000e+00   4.8820899e-01   0.0000000e+00
   1.9000000e+00   4.8679427e-01   0.0000000e+00
   1.9200000e+00   4.8503359e-01   0.0000000e+00
   1.9400000e+00   4.8358398e-01   0.0000000e+00
   1.9600000e+00   4.8253567e-01   0.0000000e+00
   1.9800000e+00   4.8188866e-01   0.0000000e+00
   2.0000000e+00   4.8081991e-01   0.0000000e+00
   2.0200000e+00   4.7975115e-01   0.0000000e+00
   2.0400000e+00   4.7868240e-01   0.0000000e+00
   2.0600000e+00   4.7761364e-01   0.0000000e+00
   2.0800000e+00   4.7654489e-01   0.0000000e+00
   2.1000000e+00   4.7547613e-01   0.0000000e+00
   2.1200000e+00   4.7440738e-01   0.0000000e+00
   2.1400000e+00   4.7330678e-01   0.0000000e+00
   2.1600000e+00   4.7217434e-01   0.0000000e+00
   2.1800000e+00   4.7057121e-01   0.0000000e+00
   2.2000000e+00   4.6920878e-01   0.0000000e+00
   2.2200000e+00   4.6808705e-01   0.0000000e+00
   2.2400000e+00   4.6628882e-01   0.0000000e+00
   2.2600000e+00   4.6444499e-01   0.0000000e+00
   2.2800000e+00   4.6255555e-01   0.0000000e+00
   2.3000000e+00   4.6095242e-01   0.0000000e+00
   2.3200000e+00   4.5935666e-01   0.0000000e+00
   2.3400000e+00   4.5776827e-01   0.0000000e+00
   2.3600000e+00   4.5669952e-01   0.0000000e+00
   2.3800000e+00   4.5519831e-01   0.0000000e+00
   2.4000000e+00   4.5326465e-01   0.0000000e+00
   2.4200000e+00   4.5207451e-01   0.0000000e+00
   2.4400000e+00   4.5111269e-01   0.0000000e+00
   2.4600000e+00   4.5037919e-01   0.0000000e+00
   2.4800000e+00   4.4931043e-01   0.0000000e+00
   2.5000000e+00   4.4824168e-01   0.0000000e+00
   2.5200000e+00   4.4717292e-01   0.0000000e+00
   2.5400000e+00   4.4610417e-01   0.0000000e+00
   2.5600000e+00   4.4522717e-01   0.0000000e+00
   2.5800000e+00   4.4454193e-01   0.0000000e+00
   2.6000000e+00   4.4400755e-01   0.0000000e+00
   2.6200000e+00   4.4339808e-01   0.0000000e+00
   2.6400000e+00   4.4271352e-01   0.0000000e+00
   2.6600000e+00   4.4167828e-01   0.0000000e+00
   2.6800000e+00   4.4089348e-01   0.0000000e+00
   2.7000000e+00   4.4035910e-01   0.0000000e+00
   2.7200000e+00   4.3982472e-01   0.0000000e+00
   2.7400000e+00   4.3895578e-01   0.0000000e+00
   2.7600000e+00   4.3775228e-01   0.0000000e+00
   2.7800000e+00   4.3658495e-01   0.0000000e+00
   2.8000000e+00   4.3568347e-01   0.0000000e+00
   2.8200000e+00   4.3504786e-01   0.0000000e+00
   2.8400000e+00   4.3397911e-01   0.0000000e+00
   2.8600000e+00   4.3316983e-01   0.0000000e+00
   2.8800000e+00   4.3262002e-01   0.0000000e+00
   2.9000000e+00   4.3208564e-01   0.0000000e+00
   2.9200000e+00   4.3140846e-01   0.0000000e+00
   2.9400000e+00   4.3058846e-01   0.0000000e+00
   2.9600000e+00   4.2951971e-01   0.0000000e+00
   2.9800000e+00   4.2845096e-01   0.0000000e+00
   3.0000000e+00   4.2738220e-01   0.0000000e+00
   3.0200000e+00   4.2631345e-01   0.0000000e+00
   3.0400000e+00   4.2547969e-01   0.0000000e+00
   3.0600000e+00   4.2488094e-01   0.0000000e+00
   3.0800000e+00   4.2434656e-01   0.0000000e+00
   3.1000000e+00   4.2369385e-01   0.0000000e+00
   3.1200000e+00   4.2292280e-01   0.0000000e+00
   3.1400000e+00   4.2197405e-01   0.0000000e+00
   3.1600000e+00   4.2123249e-01   0.0000000e+00
   3.1800000e+00   4.2069811e-01   0.0000000e+00
   3.2000000e+00   4.2016374e-01   0.0000000e+00
   3.2200000e+00   4.1941883e-01   0.0000000e+00
   3.2400000e+00   4.1846340e-01   0.0000000e+00
   3.2600000e+00   4.1769904e-01   0.0000000e+00
   3.2800000e+00   4.1704967e-01   0.0000000e+00
   3.3000000e+00   4.1651529e-01   0.0000000e+00
   3.3200000e+00   4.1590985e-01   0.0000000e+00
   3.3400000e+00   4.1507276e-01   0.0000000e+00
   3.3600000e+00   4.1400400e-01   0.0000000e+00
   3.3800000e+00   4.1342402e-01   0.0000000e+00
   3.4000000e+00   4.1286684e-01   0.0000000e+00
   3.4200000e+00   4.1233246e-01   0.0000000e+00
   3.4400000e+00   4.1154264e-01   0.0000000e+00
   3.4600000e+00   4.1075214e-01   0.0000000e+00
   3.4800000e+00   4.0996094e-01   0.0000000e+00
   3.5000000e+00   4.0991671e-01   0.0000000e+00
   3.5200000e+00   4.0936022e-01   0.0000000e+00
   3.5400000e+00   4.0829147e-01   0.0000000e+00
   3.5600000e+00   4.0810236e-01   0.0000000e+00
   3.5800000e+00   4.0768465e-01   0.0000000e+00
   3.6000000e+00   4.0703833e-01   0.0000000e+00
   3.6200000e+00   4.0617607e-01   0.0000000e+00
   3.6400000e+00   4.0543284e-01   0.0000000e+00
   3.6600000e+00   4.0480863e-01   0.0000000e+00
   3.6800000e+00   4.0373987e-01   0.0000000e+00
   3.7000000e+00   4.0267112e-01   0.0000000e+00
   3.7200000e+00   4.0160237e-01   0.0000000e+00
   3.7400000e+00   4.0092449e-01   0.0000000e+00
   3.7600000e+00   4.0018126e-01   0.0000000e+00
   3.7800000e+00   3.9937267e-01   0.0000000e+00
   3.8000000e+00   3.9846146e-01   0.0000000e+00
   2.0100000e+00   7.3615095e-01   1.0000000e+00
   2.0300000e+00   7.3507816e-01   1.0000000e+00
   2.0500000e+00   7.3400740e-01   1.0000000e+00
   2.0700000e+00   7.3293864e-01   1.0000000e+00
   2.0900000e+00   7.3157287e-01   1.0000000e+00
   2.1100000e+00   7.2999824e-01   1.0000000e+00
   2.1300000e+00   7.2821476e-01   1.0000000e+00
   2.1500000e+00   7.2607725e-01   1.0000000e+00
   2.1700000e+00   7.2393974e-01   1.0000000e+00
   2.1900000e+00   7.2180223e-01   1.0000000e+00
   2.2100000e+00   7.1966472e-01   1.0000000e+00
   2.2300000e+00   7.1716248e-01   1.0000000e+00
   2.2500000e+00   7.1429550e-01   1.0000000e+00
   2.2700000e+00   7.1158538e-01   1.0000000e+00
   2.2900000e+00   7.0922727e-01   1.0000000e+00
   2.3100000e+00   7.0722117e-01   1.0000000e+00
   2.3300000e+00   7.0561804e-01   1.0000000e+00
   2.3500000e+00   7.0401491e-01   1.0000000e+00
   2.3700000e+00   7.0241178e-01   1.0000000e+00
   2.3900000e+00   7.0080864e-01   1.0000000e+00
   2.4100000e+00   6.9952130e-01   1.0000000e+00
   2.4300000e+00   6.9854975e-01   1.0000000e+00
   2.4500000e+00   6.9761712e-01   1.0000000e+00
   2.4700000e+00   6.9639048e-01   1.0000000e+00
   2.4900000e+00   6.9486981e-01   1.0000000e+00
   2.5100000e+00   6.9380105e-01   1.0000000e+00
   2.5300000e+00   6.9248221e-01   1.0000000e+00
   2.5500000e+00   6.9091328e-01   1.0000000e+00
   2.5700000e+00   6.8892664e-01   1.0000000e+00
   2.5900000e+00   6.8686457e-01   1.0000000e+00
   2.6100000e+00   6.8472706e-01   1.0000000e+00
   2.6300000e+00   6.8258955e-01   1.0000000e+00
   2.6500000e+00   6.8046880e-01   1.0000000e+00
   2.6700000e+00   6.7836481e-01   1.0000000e+00
   2.6900000e+00   6.7676168e-01   1.0000000e+00
   2.7100000e+00   6.7538416e-01   1.0000000e+00
   2.7300000e+00   6.7423226e-01   1.0000000e+00
   2.7500000e+00   6.7349806e-01   1.0000000e+00
   2.7700000e+00   6.7264588e-01   1.0000000e+00
   2.7900000e+00   6.7167571e-01   1.0000000e+00
   2.8100000e+00   6.7037628e-01   1.0000000e+00
   2.8300000e+00   6.6972656e-01   1.0000000e+00
   2.8500000e+00   6.6972656e-01   1.0000000e+00
   2.8700000e+00   6.6920762e-01   1.0000000e+00
   2.8900000e+00   6.6868096e-01   1.0000000e+00
   2.9100000e+00   6.6814658e-01   1.0000000e+00
   2.9300000e+00   6.6732658e-01   1.0000000e+00
   2.9500000e+00   6.6638221e-01   1.0000000e+00
   2.9700000e+00   6.6531346e-01   1.0000000e+00
   2.9900000e+00   6.6429699e-01   1.0000000e+00
   3.0100000e+00   6.6352157e-01   1.0000000e+00
   3.0300000e+00   6.6298719e-01   1.0000000e+00
   3.0500000e+00   6.6151282e-01   1.0000000e+00
   3.0700000e+00   6.5979739e-01   1.0000000e+00
   3.0900000e+00   6.5784093e-01   1.0000000e+00
   3.1100000e+00   6.5570342e-01   1.0000000e+00
   3.1300000e+00   6.5362591e-01   1.0000000e+00
   3.1500000e+00   6.5160841e-01   1.0000000e+00
   3.1700000e+00   6.5000862e-01   1.0000000e+00
   3.1900000e+00   6.4867435e-01   1.0000000e+00
   3.2100000e+00   6.4760560e-01   1.0000000e+00
   3.2300000e+00   6.4569473e-01   1.0000000e+00
   3.2500000e+00   6.4412713e-01   1.0000000e+00
   3.2700000e+00   6.4290279e-01   1.0000000e+00
   3.2900000e+00   6.4218069e-01   1.0000000e+00
   3.3100000e+00   6.4128526e-01   1.0000000e+00
   3.3300000e+00   6.4021651e-01   1.0000000e+00
   3.3500000e+00   6.3914775e-01   1.0000000e+00
   3.3700000e+00   6.3783461e-01   1.0000000e+00
   3.3900000e+00   6.3627709e-01   1.0000000e+00
   3.4100000e+00   6.3579028e-01   1.0000000e+00
   3.4300000e+00   6.3529143e-01   1.0000000e+00
   3.4500000e+00   6.3478055e-01   1.0000000e+00
