   6.0000000e-01   9.8150653e-01   0.0000000e+00
   6.2000000e-01   9.6812568e-01   0.0000000e+00
   6.4000000e-01   9.5200856e-01   0.0000000e+00
   6.6000000e-01   9.3315519e-01   0.0000000e+00
   6.8000000e-01   9.1231448e-01   0.0000000e+00
   7.0000000e-01   8.9192904e-01   0.0000000e+00
   7.2000000e-01   8.7199885e-01   0.0000000e+00
   7.4000000e-01   8.4816379e-01   0.0000000e+00
   7.6000000e-01   8.2581715e-01   0.0000000e+00
   7.8000000e-01   8.0495895e-01   0.0000000e+00
   8.0000000e-01   7.9096794e-01   0.0000000e+00
   8.2000000e-01   7.7568960e-01   0.0000000e+00
   8.4000000e-01   7.5912391e-01   0.0000000e+00
   8.6000000e-01   7.4569607e-01   0.0000000e+00
   8.8000000e-01   7.3250560e-01   0.0000000e+00
   9.0000000e-01   7.1955249e-01   0.0000000e+00
   9.2000000e-01   7.0730673e-01   0.0000000e+00
   9.4000000e-01   6.9591114e-01   0.0000000e+00
   9.6000000e-01   6.8536572e-01   0.0000000e+00
   9.8000000e-01   6.7740638e-01   0.0000000e+00
   1.0000000e+00   6.6968607e-01   0.0000000e+00
   1.0200000e+00   6.6220479e-01   0.0000000e+00
   1.0400000e+00   6.5567158e-01   0.0000000e+00
   1.0600000e+00   6.4955607e-01   0.0000000e+00
   1.0800000e+00   6.4385827e-01   0.0000000e+00
   1.1000000e+00   6.3851450e-01   0.0000000e+00
   1.1200000e+00   6.3323275e-01   0.0000000e+00
   1.1400000e+00   6.2801302e-01   0.0000000e+00
   1.1600000e+00   6.2319625e-01   0.0000000e+00
   1.1800000e+00   6.1811598e-01   0.0000000e+00
   1.2000000e+00   6.1277221e-01   0.0000000e+00
   1.2200000e+00   6.0912878e-01   0.0000000e+00
   1.2400000e+00   6.0539551e-01   0.0000000e+00
   1.2600000e+00   6.0157241e-01   0.0000000e+00
   1.2800000e+00   5.9729739e-01   0.0000000e+00
   1.3000000e+00   5.9302238e-01   0.0000000e+00
   1.3200000e+00   5.8874736e-01   0.0000000e+00
   1.3400000e+00   5.8447235e-01   0.0000000e+00
   1.3600000e+00   5.8019733e-01   0.0000000e+00
   1.3800000e+00   5.7592231e-01   0.0000000e+00
   1.4000000e+00   5.7164730e-01   0.0000000e+00
   1.4200000e+00   5.6724254e-01   0.0000000e+00
   1.4400000e+00   5.6270805e-01   0.0000000e+00
   1.4600000e+00   5.5789866e-01   0.0000000e+00
   1.4800000e+00   5.5311541e-01   0.0000000e+00
   1.5000000e+00   5.4835830e-01   0.0000000e+00
   1.5200000e+00   5.4461767e-01   0.0000000e+00
   1.5400000e+00   5.4065510e-01   0.0000000e+00
   1.5600000e+00   5.3647060e-01   0.0000000e+00
   1.5800000e+00   5.3284997e-01   0.0000000e+00
   1.6000000e+00   5.2933126e-01   0.0000000e+00
   1.6200000e+00   5.2591447e-01   0.0000000e+00
   1.6400000e+00   5.2236155e-01   0.0000000e+00
   1.6600000e+00   5.1924915e-01   0.0000000e+00
   1.6800000e+00   5.1657727e-01   0.0000000e+00
   1.7000000e+00   5.1390538e-01   0.0000000e+00
   1.7200000e+00   5.1143095e-01   0.0000000e+00
   1.7400000e+00   5.0915398e-01   0.0000000e+00
   1.7600000e+00   5.0701647e-01   0.0000000e+00
   1.7800000e+00   5.0487896e-01   0.0000000e+00
   1.8000000e+00   5.0274145e-01   0.0000000e+00
   1.8200000e+00   5.0064886e-01   0.0000000e+00
   1.8400000e+00   4.9880100e-01   0.0000000e+00
   1.8600000e+00   4.9719787e-01   0.0000000e+00
   1.8800000e+00   4.9605737e-01   0.0000000e+00
   1.9000000e+00   4.9460677e-01   0.0000000e+00
   1.9200000e+00   4.9284609e-01   0.0000000e+00
   1.9400000e+00   4.9116718e-01   0.0000000e+00
   1.9600000e+00   4.8979335e-01   0.0000000e+00
   1.9800000e+00   4.8872460e-01   0.0000000e+00
   2.0000000e+00   4.8765584e-01   0.0000000e+00
   2.0200000e+00   4.8632191e-01   0.0000000e+00
   2.0400000e+00   4.8472281e-01   0.0000000e+00
   2.0600000e+00   4.8353337e-01   0.0000000e+00
   2.0800000e+00   4.8225575e-01   0.0000000e+00
   2.1000000e+00   4.8088998e-01   0.0000000e+00
   2.1200000e+00   4.7946720e-01   0.0000000e+00
   2.1400000e+00   4.7822144e-01   0.0000000e+00
   2.1600000e+00   4.7715269e-01   0.0000000e+00
   2.1800000e+00   4.7608393e-01   0.0000000e+00
   2.2000000e+00   4.7453378e-01   0.0000000e+00
   2.2200000e+00   4.7250222e-01   0.0000000e+00
   2.2400000e+00   4.7109418e-01   0.0000000e+00
   2.2600000e+00   4.6973175e-01   0.0000000e+00
   2.2800000e+00   4.6841493e-01   0.0000000e+00
   2.3000000e+00   4.6681180e-01   0.0000000e+00
   2.3200000e+00   4.6520867e-01   0.0000000e+00
   2.3400000e+00   4.6360553e-01   0.0000000e+00
   2.3600000e+00   4.6200240e-01   0.0000000e+00
   2.3800000e+00   4.6039927e-01   0.0000000e+00
   2.4000000e+00   4.5879614e-01   0.0000000e+00
   2.4200000e+00   4.5750880e-01   0.0000000e+00
   2.4400000e+00   4.5613163e-01   0.0000000e+00
   2.4600000e+00   4.5466462e-01   0.0000000e+00
   2.4800000e+00   4.5277450e-01   0.0000000e+00
   2.5000000e+00   4.5156225e-01   0.0000000e+00
   2.5200000e+00   4.5102787e-01   0.0000000e+00
   2.5400000e+00   4.4999332e-01   0.0000000e+00
   2.5600000e+00   4.4894167e-01   0.0000000e+00
   2.5800000e+00   4.4787291e-01   0.0000000e+00
   2.6000000e+00   4.4680416e-01   0.0000000e+00
   2.6200000e+00   4.4581049e-01   0.0000000e+00
   2.6400000e+00   4.4489192e-01   0.0000000e+00
   2.6600000e+00   4.4435754e-01   0.0000000e+00
   2.6800000e+00   4.4382316e-01   0.0000000e+00
   2.7000000e+00   4.4328879e-01   0.0000000e+00
   2.7200000e+00   4.4230318e-01   0.0000000e+00
   2.7400000e+00   4.4144329e-01   0.0000000e+00
   2.7600000e+00   4.4070909e-01   0.0000000e+00
   2.7800000e+00   4.4017472e-01   0.0000000e+00
   2.8000000e+00   4.3958972e-01   0.0000000e+00
   2.8200000e+00   4.3895411e-01   0.0000000e+00
   2.8400000e+00   4.3788536e-01   0.0000000e+00
   2.8600000e+00   4.3681660e-01   0.0000000e+00
   2.8800000e+00   4.3574785e-01   0.0000000e+00
   2.9000000e+00   4.3467910e-01   0.0000000e+00
   2.9200000e+00   4.3375315e-01   0.0000000e+00
   2.9400000e+00   4.3297001e-01   0.0000000e+00
   2.9600000e+00   4.3243564e-01   0.0000000e+00
   2.9800000e+00   4.3184897e-01   0.0000000e+00
   3.0000000e+00   4.3121002e-01   0.0000000e+00
   3.0200000e+00   4.2960689e-01   0.0000000e+00
   3.0400000e+00   4.2847376e-01   0.0000000e+00
   3.0600000e+00   4.2781063e-01   0.0000000e+00
   3.0800000e+00   4.2692291e-01   0.0000000e+00
   3.1000000e+00   4.2606302e-01   0.0000000e+00
   3.1200000e+00   4.2523093e-01   0.0000000e+00
   3.1400000e+00   4.2457655e-01   0.0000000e+00
   3.1600000e+00   4.2371665e-01   0.0000000e+00
   3.1800000e+00   4.2265124e-01   0.0000000e+00
   3.2000000e+00   4.2211686e-01   0.0000000e+00
   3.2200000e+00   4.2137196e-01   0.0000000e+00
   3.2400000e+00   4.2041653e-01   0.0000000e+00
   3.2600000e+00   4.1934777e-01   0.0000000e+00
   3.2800000e+00   4.1846674e-01   0.0000000e+00
   3.3000000e+00   4.1777344e-01   0.0000000e+00
   3.3200000e+00   4.1770238e-01   0.0000000e+00
   3.3400000e+00   4.1739966e-01   0.0000000e+00
   3.3600000e+00   4.1686528e-01   0.0000000e+00
   3.3800000e+00   4.1633091e-01   0.0000000e+00
   3.4000000e+00   4.1579653e-01   0.0000000e+00
   3.4200000e+00   4.1526215e-01   0.0000000e+00
   3.4400000e+00   4.1472777e-01   0.0000000e+00
   3.4600000e+00   4.1426279e-01   0.0000000e+00
   3.4800000e+00   4.1386719e-01   0.0000000e+00
   3.5000000e+00   4.1382296e-01   0.0000000e+00
   3.5200000e+00   4.1326647e-01   0.0000000e+00
   3.5400000e+00   4.1219772e-01   0.0000000e+00
   3.5600000e+00   4.1156879e-01   0.0000000e+00
   3.5800000e+00   4.1098714e-01   0.0000000e+00
   3.6000000e+00   4.1045276e-01   0.0000000e+00
   3.6200000e+00   4.1012488e-01   0.0000000e+00
   3.6400000e+00   4.0987111e-01   0.0000000e+00
   3.6600000e+00   4.0969144e-01   0.0000000e+00
   3.6800000e+00   4.0862269e-01   0.0000000e+00
   3.7000000e+00   4.0806148e-01   0.0000000e+00
   3.7200000e+00   4.0800781e-01   0.0000000e+00
   3.7400000e+00   4.0761693e-01   0.0000000e+00
   3.7600000e+00   4.0715430e-01   0.0000000e+00
   3.7800000e+00   4.0661993e-01   0.0000000e+00
   3.8000000e+00   4.0608555e-01   0.0000000e+00
   2.0100000e+00   7.4786970e-01   1.0000000e+00
   2.0300000e+00   7.4573622e-01   1.0000000e+00
   2.0500000e+00   7.4380757e-01   1.0000000e+00
   2.0700000e+00   7.4208374e-01   1.0000000e+00
   2.0900000e+00   7.4018359e-01   1.0000000e+00
   2.1100000e+00   7.3825494e-01   1.0000000e+00
   2.1300000e+00   7.3629779e-01   1.0000000e+00
   2.1500000e+00   7.3469466e-01   1.0000000e+00
   2.1700000e+00   7.3309152e-01   1.0000000e+00
   2.1900000e+00   7.3148839e-01   1.0000000e+00
   2.2100000e+00   7.2988526e-01   1.0000000e+00
   2.2300000e+00   7.2809976e-01   1.0000000e+00
   2.2500000e+00   7.2613189e-01   1.0000000e+00
   2.2700000e+00   7.2424246e-01   1.0000000e+00
   2.2900000e+00   7.2249617e-01   1.0000000e+00
   2.3100000e+00   7.2089304e-01   1.0000000e+00
   2.3300000e+00   7.1928991e-01   1.0000000e+00
   2.3500000e+00   7.1768678e-01   1.0000000e+00
   2.3700000e+00   7.1608365e-01   1.0000000e+00
   2.3900000e+00   7.1491297e-01   1.0000000e+00
   2.4100000e+00   7.1379326e-01   1.0000000e+00
   2.4300000e+00   7.1272451e-01   1.0000000e+00
   2.4500000e+00   7.1165575e-01   1.0000000e+00
   2.4700000e+00   7.1054577e-01   1.0000000e+00
   2.4900000e+00   7.0939455e-01   1.0000000e+00
   2.5100000e+00   7.0779142e-01   1.0000000e+00
   2.5300000e+00   7.0618829e-01   1.0000000e+00
   2.5500000e+00   7.0458516e-01   1.0000000e+00
   2.5700000e+00   7.0336554e-01   1.0000000e+00
   2.5900000e+00   7.0195450e-01   1.0000000e+00
   2.6100000e+00   7.0035206e-01   1.0000000e+00
   2.6300000e+00   6.9836473e-01   1.0000000e+00
   2.6500000e+00   6.9656950e-01   1.0000000e+00
   2.6700000e+00   6.9496637e-01   1.0000000e+00
   2.6900000e+00   6.9336324e-01   1.0000000e+00
   2.7100000e+00   6.9176011e-01   1.0000000e+00
   2.7300000e+00   6.9015698e-01   1.0000000e+00
   2.7500000e+00   6.8855385e-01   1.0000000e+00
   2.7700000e+00   6.8716861e-01   1.0000000e+00
   2.7900000e+00   6.8600128e-01   1.0000000e+00
   2.8100000e+00   6.8536567e-01   1.0000000e+00
   2.8300000e+00   6.8451349e-01   1.0000000e+00
   2.8500000e+00   6.8344473e-01   1.0000000e+00
   2.8700000e+00   6.8289492e-01   1.0000000e+00
   2.8900000e+00   6.8215169e-01   1.0000000e+00
   2.9100000e+00   6.8121503e-01   1.0000000e+00
   2.9300000e+00   6.8014628e-01   1.0000000e+00
   2.9500000e+00   6.7899305e-01   1.0000000e+00
   2.9700000e+00   6.7775534e-01   1.0000000e+00
   2.9900000e+00   6.7620450e-01   1.0000000e+00
   3.0100000e+00   6.7489470e-01   1.0000000e+00
   3.0300000e+00   6.7382595e-01   1.0000000e+00
   3.0500000e+00   6.7181719e-01   1.0000000e+00
   3.0700000e+00   6.6992073e-01   1.0000000e+00
   3.0900000e+00   6.6813656e-01   1.0000000e+00
   3.1100000e+00   6.6677009e-01   1.0000000e+00
   3.1300000e+00   6.6555249e-01   1.0000000e+00
   3.1500000e+00   6.6448373e-01   1.0000000e+00
   3.1700000e+00   6.6340830e-01   1.0000000e+00
   3.1900000e+00   6.6180182e-01   1.0000000e+00
   3.2100000e+00   6.5966432e-01   1.0000000e+00
   3.2300000e+00   6.5752681e-01   1.0000000e+00
   3.2500000e+00   6.5554149e-01   1.0000000e+00
   3.2700000e+00   6.5370838e-01   1.0000000e+00
   3.2900000e+00   6.5229297e-01   1.0000000e+00
   3.3100000e+00   6.5097983e-01   1.0000000e+00
   3.3300000e+00   6.4976895e-01   1.0000000e+00
   3.3500000e+00   6.4763145e-01   1.0000000e+00
   3.3700000e+00   6.4549394e-01   1.0000000e+00
   3.3900000e+00   6.4335643e-01   1.0000000e+00
   3.4100000e+00   6.4121892e-01   1.0000000e+00
   3.4300000e+00   6.3933686e-01   1.0000000e+00
   3.4500000e+00   6.3771023e-01   1.0000000e+00
   3.4700000e+00   6.3636392e-01   1.0000000e+00
   3.4900000e+00   6.3463307e-01   1.0000000e+00
   3.5100000e+00   6.3251768e-01   1.0000000e+00
   3.5300000e+00   6.3091455e-01   1.0000000e+00
   3.5500000e+00   6.2931141e-01   1.0000000e+00
   3.5700000e+00   6.2770828e-01   1.0000000e+00
   3.5900000e+00   6.2642831e-01   1.0000000e+00
   3.6100000e+00   6.2525395e-01   1.0000000e+00
   3.6300000e+00   6.2418520e-01   1.0000000e+00
   3.6500000e+00   6.2329611e-01   1.0000000e+00
   3.6700000e+00   6.2285156e-01   1.0000000e+00
   3.6900000e+00   6.2285156e-01   1.0000000e+00
   3.7100000e+00   6.2488174e-01   1.0000000e+00
