   6.0000000e-01   9.8419384e-01   0.0000000e+00
   6.2000000e-01   9.7028933e-01   0.0000000e+00
   6.4000000e-01   9.5497914e-01   0.0000000e+00
   6.6000000e-01   9.3826327e-01   0.0000000e+00
   6.8000000e-01   9.1956007e-01   0.0000000e+00
   7.0000000e-01   8.9994636e-01   0.0000000e+00
   7.2000000e-01   8.7942214e-01   0.0000000e+00
   7.4000000e-01   8.5722706e-01   0.0000000e+00
   7.6000000e-01   8.3630488e-01   0.0000000e+00
   7.8000000e-01   8.1665559e-01   0.0000000e+00
   8.0000000e-01   8.0179829e-01   0.0000000e+00
   8.2000000e-01   7.8715556e-01   0.0000000e+00
   8.4000000e-01   7.7272738e-01   0.0000000e+00
   8.6000000e-01   7.5934515e-01   0.0000000e+00
   8.8000000e-01   7.4699010e-01   0.0000000e+00
   9.0000000e-01   7.3566223e-01   0.0000000e+00
   9.2000000e-01   7.2584363e-01   0.0000000e+00
   9.4000000e-01   7.1665159e-01   0.0000000e+00
   9.6000000e-01   7.0808613e-01   0.0000000e+00
   9.8000000e-01   7.0083012e-01   0.0000000e+00
   1.0000000e+00   6.9453023e-01   0.0000000e+00
   1.0200000e+00   6.8918646e-01   0.0000000e+00
   1.0400000e+00   6.8384269e-01   0.0000000e+00
   1.0600000e+00   6.7885628e-01   0.0000000e+00
   1.0800000e+00   6.7422724e-01   0.0000000e+00
   1.1000000e+00   6.6971153e-01   0.0000000e+00
   1.1200000e+00   6.6504897e-01   0.0000000e+00
   1.1400000e+00   6.6023958e-01   0.0000000e+00
   1.1600000e+00   6.5543756e-01   0.0000000e+00
   1.1800000e+00   6.5089904e-01   0.0000000e+00
   1.2000000e+00   6.4662402e-01   0.0000000e+00
   1.2200000e+00   6.4277409e-01   0.0000000e+00
   1.2400000e+00   6.3897880e-01   0.0000000e+00
   1.2600000e+00   6.3523816e-01   0.0000000e+00
   1.2800000e+00   6.3149752e-01   0.0000000e+00
   1.3000000e+00   6.2775689e-01   0.0000000e+00
   1.3200000e+00   6.2401625e-01   0.0000000e+00
   1.3400000e+00   6.2027561e-01   0.0000000e+00
   1.3600000e+00   6.1628857e-01   0.0000000e+00
   1.3800000e+00   6.1205512e-01   0.0000000e+00
   1.4000000e+00   6.0778011e-01   0.0000000e+00
   1.4200000e+00   6.0350509e-01   0.0000000e+00
   1.4400000e+00   5.9923008e-01   0.0000000e+00
   1.4600000e+00   5.9524068e-01   0.0000000e+00
   1.4800000e+00   5.9162977e-01   0.0000000e+00
   1.5000000e+00   5.8839737e-01   0.0000000e+00
   1.5200000e+00   5.8465673e-01   0.0000000e+00
   1.5400000e+00   5.8091609e-01   0.0000000e+00
   1.5600000e+00   5.7717545e-01   0.0000000e+00
   1.5800000e+00   5.7343481e-01   0.0000000e+00
   1.6000000e+00   5.6990470e-01   0.0000000e+00
   1.6200000e+00   5.6658511e-01   0.0000000e+00
   1.6400000e+00   5.6391323e-01   0.0000000e+00
   1.6600000e+00   5.6124134e-01   0.0000000e+00
   1.6800000e+00   5.5856946e-01   0.0000000e+00
   1.7000000e+00   5.5589757e-01   0.0000000e+00
   1.7200000e+00   5.5322569e-01   0.0000000e+00
   1.7400000e+00   5.5055380e-01   0.0000000e+00
   1.7600000e+00   5.4816016e-01   0.0000000e+00
   1.7800000e+00   5.4589459e-01   0.0000000e+00
   1.8000000e+00   5.4375708e-01   0.0000000e+00
   1.8200000e+00   5.4166449e-01   0.0000000e+00
   1.8400000e+00   5.3981662e-01   0.0000000e+00
   1.8600000e+00   5.3821349e-01   0.0000000e+00
   1.8800000e+00   5.3661036e-01   0.0000000e+00
   1.9000000e+00   5.3483425e-01   0.0000000e+00
   1.9200000e+00   5.3288515e-01   0.0000000e+00
   1.9400000e+00   5.3074765e-01   0.0000000e+00
   1.9600000e+00   5.2861014e-01   0.0000000e+00
   1.9800000e+00   5.2647263e-01   0.0000000e+00
   2.0000000e+00   5.2433512e-01   0.0000000e+00
   2.0200000e+00   5.2219761e-01   0.0000000e+00
   2.0400000e+00   5.2006011e-01   0.0000000e+00
   2.0600000e+00   5.1792260e-01   0.0000000e+00
   2.0800000e+00   5.1593360e-01   0.0000000e+00
   2.1000000e+00   5.1409311e-01   0.0000000e+00
   2.1200000e+00   5.1267033e-01   0.0000000e+00
   2.1400000e+00   5.1139272e-01   0.0000000e+00
   2.1600000e+00   5.1026028e-01   0.0000000e+00
   2.1800000e+00   5.0865715e-01   0.0000000e+00
   2.2000000e+00   5.0705401e-01   0.0000000e+00
   2.2200000e+00   5.0545088e-01   0.0000000e+00
   2.2400000e+00   5.0421249e-01   0.0000000e+00
   2.2600000e+00   5.0281084e-01   0.0000000e+00
   2.2800000e+00   5.0124594e-01   0.0000000e+00
   2.3000000e+00   4.9937125e-01   0.0000000e+00
   2.3200000e+00   4.9789953e-01   0.0000000e+00
   2.3400000e+00   4.9683077e-01   0.0000000e+00
   2.3600000e+00   4.9576202e-01   0.0000000e+00
   2.3800000e+00   4.9426081e-01   0.0000000e+00
   2.4000000e+00   4.9232715e-01   0.0000000e+00
   2.4200000e+00   4.9018964e-01   0.0000000e+00
   2.4400000e+00   4.8815169e-01   0.0000000e+00
   2.4600000e+00   4.8621331e-01   0.0000000e+00
   2.4800000e+00   4.8461018e-01   0.0000000e+00
   2.5000000e+00   4.8300705e-01   0.0000000e+00
   2.5200000e+00   4.8140392e-01   0.0000000e+00
   2.5400000e+00   4.8030096e-01   0.0000000e+00
   2.5600000e+00   4.7921510e-01   0.0000000e+00
   2.5800000e+00   4.7814635e-01   0.0000000e+00
   2.6000000e+00   4.7707760e-01   0.0000000e+00
   2.6200000e+00   4.7593375e-01   0.0000000e+00
   2.6400000e+00   4.7471482e-01   0.0000000e+00
   2.6600000e+00   4.7314520e-01   0.0000000e+00
   2.6800000e+00   4.7182602e-01   0.0000000e+00
   2.7000000e+00   4.7075726e-01   0.0000000e+00
   2.7200000e+00   4.6968851e-01   0.0000000e+00
   2.7400000e+00   4.6861975e-01   0.0000000e+00
   2.7600000e+00   4.6755100e-01   0.0000000e+00
   2.7800000e+00   4.6648225e-01   0.0000000e+00
   2.8000000e+00   4.6541349e-01   0.0000000e+00
   2.8200000e+00   4.6434474e-01   0.0000000e+00
   2.8400000e+00   4.6327598e-01   0.0000000e+00
   2.8600000e+00   4.6194776e-01   0.0000000e+00
   2.8800000e+00   4.6036006e-01   0.0000000e+00
   2.9000000e+00   4.5915921e-01   0.0000000e+00
   2.9200000e+00   4.5802440e-01   0.0000000e+00
   2.9400000e+00   4.5695565e-01   0.0000000e+00
   2.9600000e+00   4.5588690e-01   0.0000000e+00
   2.9800000e+00   4.5479200e-01   0.0000000e+00
   3.0000000e+00   4.5367096e-01   0.0000000e+00
   3.0200000e+00   4.5206783e-01   0.0000000e+00
   3.0400000e+00   4.5069970e-01   0.0000000e+00
   3.0600000e+00   4.4956656e-01   0.0000000e+00
   3.0800000e+00   4.4849781e-01   0.0000000e+00
   3.1000000e+00   4.4742906e-01   0.0000000e+00
   3.1200000e+00   4.4636030e-01   0.0000000e+00
   3.1400000e+00   4.4541155e-01   0.0000000e+00
   3.1600000e+00   4.4466665e-01   0.0000000e+00
   3.1800000e+00   4.4412559e-01   0.0000000e+00
   3.2000000e+00   4.4252246e-01   0.0000000e+00
   3.2200000e+00   4.4134038e-01   0.0000000e+00
   3.2400000e+00   4.4057936e-01   0.0000000e+00
   3.2600000e+00   4.3974059e-01   0.0000000e+00
   3.2800000e+00   4.3878683e-01   0.0000000e+00
   3.3000000e+00   4.3771808e-01   0.0000000e+00
   3.3200000e+00   4.3679144e-01   0.0000000e+00
   3.3400000e+00   4.3632813e-01   0.0000000e+00
   3.3600000e+00   4.3632813e-01   0.0000000e+00
   3.3800000e+00   4.3535058e-01   0.0000000e+00
   3.4000000e+00   4.3432743e-01   0.0000000e+00
   3.4200000e+00   4.3325868e-01   0.0000000e+00
   3.4400000e+00   4.3218992e-01   0.0000000e+00
   3.4600000e+00   4.3119056e-01   0.0000000e+00
   3.4800000e+00   4.3026058e-01   0.0000000e+00
   3.5000000e+00   4.2974832e-01   0.0000000e+00
   3.5200000e+00   4.2949219e-01   0.0000000e+00
   3.5400000e+00   4.2949219e-01   0.0000000e+00
   3.5600000e+00   4.2861254e-01   0.0000000e+00
   3.5800000e+00   4.2796149e-01   0.0000000e+00
   3.6000000e+00   4.2753906e-01   0.0000000e+00
   2.0000000e+00   7.9331990e-01   1.0000000e+00
   2.0200000e+00   7.9225115e-01   1.0000000e+00
   2.0400000e+00   7.9118240e-01   1.0000000e+00
   2.0600000e+00   7.9011364e-01   1.0000000e+00
   2.0800000e+00   7.8874787e-01   1.0000000e+00
   2.1000000e+00   7.8708508e-01   1.0000000e+00
   2.1200000e+00   7.8494757e-01   1.0000000e+00
   2.1400000e+00   7.8281006e-01   1.0000000e+00
   2.1600000e+00   7.8067256e-01   1.0000000e+00
   2.1800000e+00   7.7853505e-01   1.0000000e+00
   2.2000000e+00   7.7639754e-01   1.0000000e+00
   2.2200000e+00   7.7426003e-01   1.0000000e+00
   2.2400000e+00   7.7139305e-01   1.0000000e+00
   2.2600000e+00   7.6860450e-01   1.0000000e+00
   2.2800000e+00   7.6589438e-01   1.0000000e+00
   2.3000000e+00   7.6388828e-01   1.0000000e+00
   2.3200000e+00   7.6208367e-01   1.0000000e+00
   2.3400000e+00   7.6048053e-01   1.0000000e+00
   2.3600000e+00   7.5887740e-01   1.0000000e+00
   2.3800000e+00   7.5770673e-01   1.0000000e+00
   2.4000000e+00   7.5696851e-01   1.0000000e+00
   2.4200000e+00   7.5611834e-01   1.0000000e+00
   2.4400000e+00   7.5515888e-01   1.0000000e+00
   2.4600000e+00   7.5409012e-01   1.0000000e+00
   2.4800000e+00   7.5302137e-01   1.0000000e+00
   2.5000000e+00   7.5195261e-01   1.0000000e+00
   2.5200000e+00   7.5088386e-01   1.0000000e+00
   2.5400000e+00   7.5081545e-01   1.0000000e+00
   2.5600000e+00   7.5058950e-01   1.0000000e+00
   2.5800000e+00   7.5020599e-01   1.0000000e+00
   2.6000000e+00   7.4940477e-01   1.0000000e+00
   2.6200000e+00   7.4846978e-01   1.0000000e+00
   2.6400000e+00   7.4740102e-01   1.0000000e+00
   2.6600000e+00   7.4629876e-01   1.0000000e+00
   2.6800000e+00   7.4494606e-01   1.0000000e+00
   2.7000000e+00   7.4334292e-01   1.0000000e+00
   2.7200000e+00   7.4219102e-01   1.0000000e+00
   2.7400000e+00   7.4108069e-01   1.0000000e+00
   2.7600000e+00   7.4001194e-01   1.0000000e+00
   2.7800000e+00   7.3916108e-01   1.0000000e+00
   2.8000000e+00   7.3841785e-01   1.0000000e+00
   2.8200000e+00   7.3778224e-01   1.0000000e+00
   2.8400000e+00   7.3671348e-01   1.0000000e+00
   2.8600000e+00   7.3564473e-01   1.0000000e+00
   2.8800000e+00   7.3457597e-01   1.0000000e+00
   2.9000000e+00   7.3310494e-01   1.0000000e+00
   2.9200000e+00   7.3171067e-01   1.0000000e+00
   2.9400000e+00   7.3039315e-01   1.0000000e+00
   2.9600000e+00   7.2932440e-01   1.0000000e+00
   2.9800000e+00   7.2830793e-01   1.0000000e+00
   3.0000000e+00   7.2734375e-01   1.0000000e+00
   3.0200000e+00   7.2734375e-01   1.0000000e+00
   3.0400000e+00   7.2687375e-01   1.0000000e+00
   3.0600000e+00   7.2593375e-01   1.0000000e+00
   3.0800000e+00   7.2486500e-01   1.0000000e+00
   3.1000000e+00   7.2391458e-01   1.0000000e+00
   3.1200000e+00   7.2308249e-01   1.0000000e+00
   3.1400000e+00   7.2242811e-01   1.0000000e+00
   3.1600000e+00   7.2156654e-01   1.0000000e+00
   3.1800000e+00   7.2049779e-01   1.0000000e+00
   3.2000000e+00   7.1942904e-01   1.0000000e+00
   3.2200000e+00   7.1836028e-01   1.0000000e+00
   3.2400000e+00   7.1729153e-01   1.0000000e+00
   3.2600000e+00   7.1561400e-01   1.0000000e+00
   3.2800000e+00   7.1370647e-01   1.0000000e+00
   3.3000000e+00   7.1156897e-01   1.0000000e+00
   3.3200000e+00   7.0943146e-01   1.0000000e+00
   3.3400000e+00   7.0729395e-01   1.0000000e+00
   3.3600000e+00   7.0515644e-01   1.0000000e+00
   3.3800000e+00   7.0301893e-01   1.0000000e+00
   3.4000000e+00   7.0088143e-01   1.0000000e+00
   3.4200000e+00   6.9874392e-01   1.0000000e+00
   3.4400000e+00   6.9686185e-01   1.0000000e+00
   3.4600000e+00   6.9504987e-01   1.0000000e+00
   3.4800000e+00   6.9330796e-01   1.0000000e+00
   3.5000000e+00   6.9121467e-01   1.0000000e+00
   3.5200000e+00   6.8963366e-01   1.0000000e+00
   3.5400000e+00   6.8856490e-01   1.0000000e+00
   3.5600000e+00   6.8705632e-01   1.0000000e+00
