   6.0000000e-01   9.8850641e-01   0.0000000e+00
   6.2000000e-01   9.7559890e-01   0.0000000e+00
   6.4000000e-01   9.6170578e-01   0.0000000e+00
   6.6000000e-01   9.4682706e-01   0.0000000e+00
   6.8000000e-01   9.2598636e-01   0.0000000e+00
   7.0000000e-01   9.0491803e-01   0.0000000e+00
   7.2000000e-01   8.8362207e-01   0.0000000e+00
   7.4000000e-01   8.6326276e-01   0.0000000e+00
   7.6000000e-01   8.4419581e-01   0.0000000e+00
   7.8000000e-01   8.2642121e-01   0.0000000e+00
   8.0000000e-01   8.1114286e-01   0.0000000e+00
   8.2000000e-01   7.9522085e-01   0.0000000e+00
   8.4000000e-01   7.7865516e-01   0.0000000e+00
   8.6000000e-01   7.6522732e-01   0.0000000e+00
   8.8000000e-01   7.5305263e-01   0.0000000e+00
   9.0000000e-01   7.4213107e-01   0.0000000e+00
   9.2000000e-01   7.3284685e-01   0.0000000e+00
   9.4000000e-01   7.2418919e-01   0.0000000e+00
   9.6000000e-01   7.1615810e-01   0.0000000e+00
   9.8000000e-01   7.0926752e-01   0.0000000e+00
   1.0000000e+00   7.0261596e-01   0.0000000e+00
   1.0200000e+00   6.9620344e-01   0.0000000e+00
   1.0400000e+00   6.9168703e-01   0.0000000e+00
   1.0600000e+00   6.8711264e-01   0.0000000e+00
   1.0800000e+00   6.8248026e-01   0.0000000e+00
   1.1000000e+00   6.7791157e-01   0.0000000e+00
   1.1200000e+00   6.7355173e-01   0.0000000e+00
   1.1400000e+00   6.6940075e-01   0.0000000e+00
   1.1600000e+00   6.6564537e-01   0.0000000e+00
   1.1800000e+00   6.6136298e-01   0.0000000e+00
   1.2000000e+00   6.5655359e-01   0.0000000e+00
   1.2200000e+00   6.5259436e-01   0.0000000e+00
   1.2400000e+00   6.4874443e-01   0.0000000e+00
   1.2600000e+00   6.4500379e-01   0.0000000e+00
   1.2800000e+00   6.4107139e-01   0.0000000e+00
   1.3000000e+00   6.3696769e-01   0.0000000e+00
   1.3200000e+00   6.3269267e-01   0.0000000e+00
   1.3400000e+00   6.2841766e-01   0.0000000e+00
   1.3600000e+00   6.2414264e-01   0.0000000e+00
   1.3800000e+00   6.1986762e-01   0.0000000e+00
   1.4000000e+00   6.1596875e-01   0.0000000e+00
   1.4200000e+00   6.1214899e-01   0.0000000e+00
   1.4400000e+00   6.0840835e-01   0.0000000e+00
   1.4600000e+00   6.0452490e-01   0.0000000e+00
   1.4800000e+00   6.0045874e-01   0.0000000e+00
   1.5000000e+00   5.9620987e-01   0.0000000e+00
   1.5200000e+00   5.9246923e-01   0.0000000e+00
   1.5400000e+00   5.8850666e-01   0.0000000e+00
   1.5600000e+00   5.8432217e-01   0.0000000e+00
   1.5800000e+00   5.8070153e-01   0.0000000e+00
   1.6000000e+00   5.7728808e-01   0.0000000e+00
   1.6200000e+00   5.7408182e-01   0.0000000e+00
   1.6400000e+00   5.7096942e-01   0.0000000e+00
   1.6600000e+00   5.6807728e-01   0.0000000e+00
   1.6800000e+00   5.6540539e-01   0.0000000e+00
   1.7000000e+00   5.6324508e-01   0.0000000e+00
   1.7200000e+00   5.6089872e-01   0.0000000e+00
   1.7400000e+00   5.5836630e-01   0.0000000e+00
   1.7600000e+00   5.5569442e-01   0.0000000e+00
   1.7800000e+00   5.5310332e-01   0.0000000e+00
   1.8000000e+00   5.5059302e-01   0.0000000e+00
   1.8200000e+00   5.4845551e-01   0.0000000e+00
   1.8400000e+00   5.4631800e-01   0.0000000e+00
   1.8600000e+00   5.4418049e-01   0.0000000e+00
   1.8800000e+00   5.4250561e-01   0.0000000e+00
   1.9000000e+00   5.4069362e-01   0.0000000e+00
   1.9200000e+00   5.3874453e-01   0.0000000e+00
   1.9400000e+00   5.3683632e-01   0.0000000e+00
   1.9600000e+00   5.3502433e-01   0.0000000e+00
   1.9800000e+00   5.3330857e-01   0.0000000e+00
   2.0000000e+00   5.3117106e-01   0.0000000e+00
   2.0200000e+00   5.2903355e-01   0.0000000e+00
   2.0400000e+00   5.2689604e-01   0.0000000e+00
   2.0600000e+00   5.2517222e-01   0.0000000e+00
   2.0800000e+00   5.2336023e-01   0.0000000e+00
   2.1000000e+00   5.2146008e-01   0.0000000e+00
   2.1200000e+00   5.1950293e-01   0.0000000e+00
   2.1400000e+00   5.1775463e-01   0.0000000e+00
   2.1600000e+00   5.1621518e-01   0.0000000e+00
   2.1800000e+00   5.1514643e-01   0.0000000e+00
   2.2000000e+00   5.1359628e-01   0.0000000e+00
   2.2200000e+00   5.1156472e-01   0.0000000e+00
   2.2400000e+00   5.1015668e-01   0.0000000e+00
   2.2600000e+00   5.0891829e-01   0.0000000e+00
   2.2800000e+00   5.0784953e-01   0.0000000e+00
   2.3000000e+00   5.0651797e-01   0.0000000e+00
   2.3200000e+00   5.0479080e-01   0.0000000e+00
   2.3400000e+00   5.0266803e-01   0.0000000e+00
   2.3600000e+00   5.0106490e-01   0.0000000e+00
   2.3800000e+00   4.9946177e-01   0.0000000e+00
   2.4000000e+00   4.9785864e-01   0.0000000e+00
   2.4200000e+00   4.9625551e-01   0.0000000e+00
   2.4400000e+00   4.9455282e-01   0.0000000e+00
   2.4600000e+00   4.9275056e-01   0.0000000e+00
   2.4800000e+00   4.9069551e-01   0.0000000e+00
   2.5000000e+00   4.8886642e-01   0.0000000e+00
   2.5200000e+00   4.8726329e-01   0.0000000e+00
   2.5400000e+00   4.8566016e-01   0.0000000e+00
   2.5600000e+00   4.8424878e-01   0.0000000e+00
   2.5800000e+00   4.8302916e-01   0.0000000e+00
   2.6000000e+00   4.8196041e-01   0.0000000e+00
   2.6200000e+00   4.8089165e-01   0.0000000e+00
   2.6400000e+00   4.7982290e-01   0.0000000e+00
   2.6600000e+00   4.7875415e-01   0.0000000e+00
   2.6800000e+00   4.7768539e-01   0.0000000e+00
   2.7000000e+00   4.7661664e-01   0.0000000e+00
   2.7200000e+00   4.7554788e-01   0.0000000e+00
   2.7400000e+00   4.7431185e-01   0.0000000e+00
   2.7600000e+00   4.7290853e-01   0.0000000e+00
   2.7800000e+00   4.7152330e-01   0.0000000e+00
   2.8000000e+00   4.7029630e-01   0.0000000e+00
   2.8200000e+00   4.6922755e-01   0.0000000e+00
   2.8400000e+00   4.6815880e-01   0.0000000e+00
   2.8600000e+00   4.6709004e-01   0.0000000e+00
   2.8800000e+00   4.6602129e-01   0.0000000e+00
   2.9000000e+00   4.6495253e-01   0.0000000e+00
   2.9200000e+00   4.6359816e-01   0.0000000e+00
   2.9400000e+00   4.6195818e-01   0.0000000e+00
   2.9600000e+00   4.6015857e-01   0.0000000e+00
   2.9800000e+00   4.5872439e-01   0.0000000e+00
   3.0000000e+00   4.5765564e-01   0.0000000e+00
   3.0200000e+00   4.5658688e-01   0.0000000e+00
   3.0400000e+00   4.5551813e-01   0.0000000e+00
   3.0600000e+00   4.5444938e-01   0.0000000e+00
   3.0800000e+00   4.5338062e-01   0.0000000e+00
   3.1000000e+00   4.5231187e-01   0.0000000e+00
   3.1200000e+00   4.5124311e-01   0.0000000e+00
   3.1400000e+00   4.5017436e-01   0.0000000e+00
   3.1600000e+00   4.4910561e-01   0.0000000e+00
   3.1800000e+00   4.4803685e-01   0.0000000e+00
   3.2000000e+00   4.4696810e-01   0.0000000e+00
   3.2200000e+00   4.4589934e-01   0.0000000e+00
   3.2400000e+00   4.4483059e-01   0.0000000e+00
   3.2600000e+00   4.4406622e-01   0.0000000e+00
   3.2800000e+00   4.4332299e-01   0.0000000e+00
   3.3000000e+00   4.4260089e-01   0.0000000e+00
   3.3200000e+00   4.4153214e-01   0.0000000e+00
   3.3400000e+00   4.4046338e-01   0.0000000e+00
   3.3600000e+00   4.3939463e-01   0.0000000e+00
   3.3800000e+00   4.3881465e-01   0.0000000e+00
   3.4000000e+00   4.3807141e-01   0.0000000e+00
   3.4200000e+00   4.3716493e-01   0.0000000e+00
   3.4400000e+00   4.3635162e-01   0.0000000e+00
   3.4600000e+00   4.3560838e-01   0.0000000e+00
   3.4800000e+00   4.3493523e-01   0.0000000e+00
   3.5000000e+00   4.3391070e-01   0.0000000e+00
   3.5200000e+00   4.3339844e-01   0.0000000e+00
   3.5400000e+00   4.3339844e-01   0.0000000e+00
   3.5600000e+00   4.3295861e-01   0.0000000e+00
   3.5800000e+00   4.3263309e-01   0.0000000e+00
   3.6000000e+00   4.3242188e-01   0.0000000e+00
   3.6200000e+00   4.3242188e-01   0.0000000e+00
   2.0700000e+00   8.0227458e-01   1.0000000e+00
   2.0900000e+00   8.0090881e-01   1.0000000e+00
   2.1100000e+00   7.9951453e-01   1.0000000e+00
   2.1300000e+00   7.9809175e-01   1.0000000e+00
   2.1500000e+00   7.9695931e-01   1.0000000e+00
   2.1700000e+00   7.9559152e-01   1.0000000e+00
   2.1900000e+00   7.9398839e-01   1.0000000e+00
   2.2100000e+00   7.9238526e-01   1.0000000e+00
   2.2300000e+00   7.9059976e-01   1.0000000e+00
   2.2500000e+00   7.8863189e-01   1.0000000e+00
   2.2700000e+00   7.8649439e-01   1.0000000e+00
   2.2900000e+00   7.8429118e-01   1.0000000e+00
   2.3100000e+00   7.8202226e-01   1.0000000e+00
   2.3300000e+00   7.7936512e-01   1.0000000e+00
   2.3500000e+00   7.7696779e-01   1.0000000e+00
   2.3700000e+00   7.7483028e-01   1.0000000e+00
   2.3900000e+00   7.7312523e-01   1.0000000e+00
   2.4100000e+00   7.7131324e-01   1.0000000e+00
   2.4300000e+00   7.6939432e-01   1.0000000e+00
   2.4500000e+00   7.6765506e-01   1.0000000e+00
   2.4700000e+00   7.6625106e-01   1.0000000e+00
   2.4900000e+00   7.6518231e-01   1.0000000e+00
   2.5100000e+00   7.6411355e-01   1.0000000e+00
   2.5300000e+00   7.6329488e-01   1.0000000e+00
   2.5500000e+00   7.6272630e-01   1.0000000e+00
   2.5700000e+00   7.6180842e-01   1.0000000e+00
   2.5900000e+00   7.6081510e-01   1.0000000e+00
   2.6100000e+00   7.5974634e-01   1.0000000e+00
   2.6300000e+00   7.5852741e-01   1.0000000e+00
   2.6500000e+00   7.5711638e-01   1.0000000e+00
   2.6700000e+00   7.5551325e-01   1.0000000e+00
   2.6900000e+00   7.5391011e-01   1.0000000e+00
   2.7100000e+00   7.5275821e-01   1.0000000e+00
   2.7300000e+00   7.5205753e-01   1.0000000e+00
   2.7500000e+00   7.5152316e-01   1.0000000e+00
   2.7700000e+00   7.5077088e-01   1.0000000e+00
   2.7900000e+00   7.4980071e-01   1.0000000e+00
   2.8100000e+00   7.4840005e-01   1.0000000e+00
   2.8300000e+00   7.4743252e-01   1.0000000e+00
   2.8500000e+00   7.4689815e-01   1.0000000e+00
   2.8700000e+00   7.4636377e-01   1.0000000e+00
   2.8900000e+00   7.4562825e-01   1.0000000e+00
   2.9100000e+00   7.4469159e-01   1.0000000e+00
   2.9300000e+00   7.4333722e-01   1.0000000e+00
   2.9500000e+00   7.4194295e-01   1.0000000e+00
   2.9700000e+00   7.4050877e-01   1.0000000e+00
   2.9900000e+00   7.3944002e-01   1.0000000e+00
   3.0100000e+00   7.3837126e-01   1.0000000e+00
   3.0300000e+00   7.3730251e-01   1.0000000e+00
   3.0500000e+00   7.3529375e-01   1.0000000e+00
   3.0700000e+00   7.3357396e-01   1.0000000e+00
   3.0900000e+00   7.3214312e-01   1.0000000e+00
   3.1100000e+00   7.3083770e-01   1.0000000e+00
   3.1300000e+00   7.2944342e-01   1.0000000e+00
   3.1500000e+00   7.2796029e-01   1.0000000e+00
   3.1700000e+00   7.2689154e-01   1.0000000e+00
   3.1900000e+00   7.2582279e-01   1.0000000e+00
   3.2100000e+00   7.2475403e-01   1.0000000e+00
   3.2300000e+00   7.2284317e-01   1.0000000e+00
   3.2500000e+00   7.2081899e-01   1.0000000e+00
   3.2700000e+00   7.1868148e-01   1.0000000e+00
   3.2900000e+00   7.1654397e-01   1.0000000e+00
   3.3100000e+00   7.1440646e-01   1.0000000e+00
   3.3300000e+00   7.1226895e-01   1.0000000e+00
   3.3500000e+00   7.1013145e-01   1.0000000e+00
   3.3700000e+00   7.0823832e-01   1.0000000e+00
   3.3900000e+00   7.0658959e-01   1.0000000e+00
   3.4100000e+00   7.0461435e-01   1.0000000e+00
   3.4300000e+00   7.0268570e-01   1.0000000e+00
   3.4500000e+00   7.0080363e-01   1.0000000e+00
   3.4700000e+00   6.9920050e-01   1.0000000e+00
   3.4900000e+00   6.9761948e-01   1.0000000e+00
   3.5100000e+00   6.9606058e-01   1.0000000e+00
   3.5300000e+00   6.9552620e-01   1.0000000e+00
   3.5500000e+00   6.9477191e-01   1.0000000e+00
   3.5700000e+00   6.9379771e-01   1.0000000e+00
