   6.1000000e-01   9.9516533e-01   0.0000000e+00
   6.3000000e-01   9.8407620e-01   0.0000000e+00
   6.5000000e-01   9.6766944e-01   0.0000000e+00
   6.7000000e-01   9.4877852e-01   0.0000000e+00
   6.9000000e-01   9.2740344e-01   0.0000000e+00
   7.1000000e-01   9.0648361e-01   0.0000000e+00
   7.3000000e-01   8.8661913e-01   0.0000000e+00
   7.5000000e-01   8.6780998e-01   0.0000000e+00
   7.7000000e-01   8.5084132e-01   0.0000000e+00
   7.9000000e-01   8.3449923e-01   0.0000000e+00
   8.1000000e-01   8.1878371e-01   0.0000000e+00
   8.3000000e-01   8.0435553e-01   0.0000000e+00
   8.5000000e-01   7.9045032e-01   0.0000000e+00
   8.7000000e-01   7.7706810e-01   0.0000000e+00
   8.9000000e-01   7.6492760e-01   0.0000000e+00
   9.1000000e-01   7.5384815e-01   0.0000000e+00
   9.3000000e-01   7.4382973e-01   0.0000000e+00
   9.5000000e-01   7.3545268e-01   0.0000000e+00
   9.7000000e-01   7.2731265e-01   0.0000000e+00
   9.9000000e-01   7.1940963e-01   0.0000000e+00
   1.0100000e+00   7.1246272e-01   0.0000000e+00
   1.0300000e+00   7.0551582e-01   0.0000000e+00
   1.0500000e+00   6.9856892e-01   0.0000000e+00
   1.0700000e+00   6.9269412e-01   0.0000000e+00
   1.0900000e+00   6.8720518e-01   0.0000000e+00
   1.1100000e+00   6.8210211e-01   0.0000000e+00
   1.1300000e+00   6.7741675e-01   0.0000000e+00
   1.1500000e+00   6.7293288e-01   0.0000000e+00
   1.1700000e+00   6.6865049e-01   0.0000000e+00
   1.1900000e+00   6.6384110e-01   0.0000000e+00
   1.2100000e+00   6.5924424e-01   0.0000000e+00
   1.2300000e+00   6.5485993e-01   0.0000000e+00
   1.2500000e+00   6.4996808e-01   0.0000000e+00
   1.2700000e+00   6.4494615e-01   0.0000000e+00
   1.2900000e+00   6.3979413e-01   0.0000000e+00
   1.3100000e+00   6.3498474e-01   0.0000000e+00
   1.3300000e+00   6.3017534e-01   0.0000000e+00
   1.3500000e+00   6.2536595e-01   0.0000000e+00
   1.3700000e+00   6.2104936e-01   0.0000000e+00
   1.3900000e+00   6.1656549e-01   0.0000000e+00
   1.4100000e+00   6.1191433e-01   0.0000000e+00
   1.4300000e+00   6.0736441e-01   0.0000000e+00
   1.4500000e+00   6.0288054e-01   0.0000000e+00
   1.4700000e+00   5.9846271e-01   0.0000000e+00
   1.4900000e+00   5.9367946e-01   0.0000000e+00
   1.5100000e+00   5.8915033e-01   0.0000000e+00
   1.5300000e+00   5.8487532e-01   0.0000000e+00
   1.5500000e+00   5.8060030e-01   0.0000000e+00
   1.5700000e+00   5.7648888e-01   0.0000000e+00
   1.5900000e+00   5.7254105e-01   0.0000000e+00
   1.6100000e+00   5.6858989e-01   0.0000000e+00
   1.6300000e+00   5.6461759e-01   0.0000000e+00
   1.6500000e+00   5.6062416e-01   0.0000000e+00
   1.6700000e+00   5.5795227e-01   0.0000000e+00
   1.6900000e+00   5.5502460e-01   0.0000000e+00
   1.7100000e+00   5.5184114e-01   0.0000000e+00
   1.7300000e+00   5.4902979e-01   0.0000000e+00
   1.7500000e+00   5.4656642e-01   0.0000000e+00
   1.7700000e+00   5.4445102e-01   0.0000000e+00
   1.7900000e+00   5.4252473e-01   0.0000000e+00
   1.8100000e+00   5.4027056e-01   0.0000000e+00
   1.8300000e+00   5.3768850e-01   0.0000000e+00
   1.8500000e+00   5.3608537e-01   0.0000000e+00
   1.8700000e+00   5.3425093e-01   0.0000000e+00
   1.8900000e+00   5.3218517e-01   0.0000000e+00
   1.9100000e+00   5.3039362e-01   0.0000000e+00
   1.9300000e+00   5.2869628e-01   0.0000000e+00
   1.9500000e+00   5.2709315e-01   0.0000000e+00
   1.9700000e+00   5.2537739e-01   0.0000000e+00
   1.9900000e+00   5.2345075e-01   0.0000000e+00
   2.0100000e+00   5.2131324e-01   0.0000000e+00
   2.0300000e+00   5.1917574e-01   0.0000000e+00
   2.0500000e+00   5.1724507e-01   0.0000000e+00
   2.0700000e+00   5.1552124e-01   0.0000000e+00
   2.0900000e+00   5.1391811e-01   0.0000000e+00
   2.1100000e+00   5.1231498e-01   0.0000000e+00
   2.1300000e+00   5.1071185e-01   0.0000000e+00
   2.1500000e+00   5.0910872e-01   0.0000000e+00
   2.1700000e+00   5.0750559e-01   0.0000000e+00
   2.1900000e+00   5.0590246e-01   0.0000000e+00
   2.2100000e+00   5.0429932e-01   0.0000000e+00
   2.2300000e+00   5.0269619e-01   0.0000000e+00
   2.2500000e+00   5.0109306e-01   0.0000000e+00
   2.2700000e+00   4.9973800e-01   0.0000000e+00
   2.2900000e+00   4.9846039e-01   0.0000000e+00
   2.3100000e+00   4.9726023e-01   0.0000000e+00
   2.3300000e+00   4.9568658e-01   0.0000000e+00
   2.3500000e+00   4.9463257e-01   0.0000000e+00
   2.3700000e+00   4.9409820e-01   0.0000000e+00
   2.3900000e+00   4.9313136e-01   0.0000000e+00
   2.4100000e+00   4.9227147e-01   0.0000000e+00
   2.4300000e+00   4.9151850e-01   0.0000000e+00
   2.4500000e+00   4.9078500e-01   0.0000000e+00
   2.4700000e+00   4.8988387e-01   0.0000000e+00
   2.4900000e+00   4.8881512e-01   0.0000000e+00
   2.5100000e+00   4.8774636e-01   0.0000000e+00
   2.5300000e+00   4.8667761e-01   0.0000000e+00
   2.5500000e+00   4.8560886e-01   0.0000000e+00
   2.5700000e+00   4.8454010e-01   0.0000000e+00
   2.5900000e+00   4.8360477e-01   0.0000000e+00
   2.6100000e+00   4.8280286e-01   0.0000000e+00
   2.6300000e+00   4.8211830e-01   0.0000000e+00
   2.6500000e+00   4.8124165e-01   0.0000000e+00
   2.6700000e+00   4.8017289e-01   0.0000000e+00
   2.6900000e+00   4.7910414e-01   0.0000000e+00
   2.7100000e+00   4.7803539e-01   0.0000000e+00
   2.7300000e+00   4.7696663e-01   0.0000000e+00
   2.7500000e+00   4.7623244e-01   0.0000000e+00
   2.7700000e+00   4.7538026e-01   0.0000000e+00
   2.7900000e+00   4.7441008e-01   0.0000000e+00
   2.8100000e+00   4.7290819e-01   0.0000000e+00
   2.8300000e+00   4.7162286e-01   0.0000000e+00
   2.8500000e+00   4.7055411e-01   0.0000000e+00
   2.8700000e+00   4.6896641e-01   0.0000000e+00
   2.8900000e+00   4.6757213e-01   0.0000000e+00
   2.9100000e+00   4.6637128e-01   0.0000000e+00
   2.9300000e+00   4.6530253e-01   0.0000000e+00
   2.9500000e+00   4.6423377e-01   0.0000000e+00
   2.9700000e+00   4.6316502e-01   0.0000000e+00
   2.9900000e+00   4.6209627e-01   0.0000000e+00
   3.0100000e+00   4.6102751e-01   0.0000000e+00
   3.0300000e+00   4.5995876e-01   0.0000000e+00
   3.0500000e+00   4.5842000e-01   0.0000000e+00
   3.0700000e+00   4.5720240e-01   0.0000000e+00
   3.0900000e+00   4.5630593e-01   0.0000000e+00
   3.1100000e+00   4.5506155e-01   0.0000000e+00
   3.1300000e+00   4.5349060e-01   0.0000000e+00
   3.1500000e+00   4.5159311e-01   0.0000000e+00
   3.1700000e+00   4.5052435e-01   0.0000000e+00
   3.1900000e+00   4.4945560e-01   0.0000000e+00
   3.2100000e+00   4.4838685e-01   0.0000000e+00
   3.2300000e+00   4.4731809e-01   0.0000000e+00
   3.2500000e+00   4.4624934e-01   0.0000000e+00
   3.2700000e+00   4.4518058e-01   0.0000000e+00
   3.2900000e+00   4.4429955e-01   0.0000000e+00
   3.3100000e+00   4.4352079e-01   0.0000000e+00
   3.3300000e+00   4.4284429e-01   0.0000000e+00
   3.3500000e+00   4.4124116e-01   0.0000000e+00
   3.3700000e+00   4.4012680e-01   0.0000000e+00
   3.3900000e+00   4.3950122e-01   0.0000000e+00
   3.4100000e+00   4.3859473e-01   0.0000000e+00
   3.4300000e+00   4.3773483e-01   0.0000000e+00
   3.4500000e+00   4.3692152e-01   0.0000000e+00
   3.4700000e+00   4.3638715e-01   0.0000000e+00
   3.4900000e+00   4.3584171e-01   0.0000000e+00
   3.5100000e+00   4.3528522e-01   0.0000000e+00
   3.5300000e+00   4.3421647e-01   0.0000000e+00
   3.5500000e+00   4.3380745e-01   0.0000000e+00
   3.5700000e+00   4.3405818e-01   0.0000000e+00
   2.0100000e+00   8.3578450e-01   1.0000000e+00
   2.0300000e+00   8.3151352e-01   1.0000000e+00
   2.0500000e+00   8.2786104e-01   1.0000000e+00
   2.0700000e+00   8.2482707e-01   1.0000000e+00
   2.0900000e+00   8.2215518e-01   1.0000000e+00
   2.1100000e+00   8.1975383e-01   1.0000000e+00
   2.1300000e+00   8.1762300e-01   1.0000000e+00
   2.1500000e+00   8.1661794e-01   1.0000000e+00
   2.1700000e+00   8.1584822e-01   1.0000000e+00
   2.1900000e+00   8.1531384e-01   1.0000000e+00
   2.2100000e+00   8.1477946e-01   1.0000000e+00
   2.2300000e+00   8.1315088e-01   1.0000000e+00
   2.2500000e+00   8.1042808e-01   1.0000000e+00
   2.2700000e+00   8.0743166e-01   1.0000000e+00
   2.2900000e+00   8.0493039e-01   1.0000000e+00
   2.3100000e+00   8.0292429e-01   1.0000000e+00
   2.3300000e+00   8.0130642e-01   1.0000000e+00
   2.3500000e+00   7.9942873e-01   1.0000000e+00
   2.3700000e+00   7.9729122e-01   1.0000000e+00
   2.3900000e+00   7.9515371e-01   1.0000000e+00
   2.4100000e+00   7.9301621e-01   1.0000000e+00
   2.4300000e+00   7.9087870e-01   1.0000000e+00
   2.4500000e+00   7.8874119e-01   1.0000000e+00
   2.4700000e+00   7.8660368e-01   1.0000000e+00
   2.4900000e+00   7.8446617e-01   1.0000000e+00
   2.5100000e+00   7.8232866e-01   1.0000000e+00
   2.5300000e+00   7.7844055e-01   1.0000000e+00
   2.5500000e+00   7.7280183e-01   1.0000000e+00
   2.5700000e+00   7.6884122e-01   1.0000000e+00
   2.5900000e+00   7.6539121e-01   1.0000000e+00
   2.6100000e+00   7.6245179e-01   1.0000000e+00
   2.6300000e+00   7.6008027e-01   1.0000000e+00
