   6.1000000e-01   9.9360211e-01   0.0000000e+00
   6.3000000e-01   9.8068388e-01   0.0000000e+00
   6.5000000e-01   9.6298310e-01   0.0000000e+00
   6.7000000e-01   9.4130766e-01   0.0000000e+00
   6.9000000e-01   9.1565756e-01   0.0000000e+00
   7.1000000e-01   8.9547055e-01   0.0000000e+00
   7.3000000e-01   8.7660474e-01   0.0000000e+00
   7.5000000e-01   8.5906013e-01   0.0000000e+00
   7.7000000e-01   8.4316023e-01   0.0000000e+00
   7.9000000e-01   8.2788689e-01   0.0000000e+00
   8.1000000e-01   8.1324012e-01   0.0000000e+00
   8.3000000e-01   7.9988070e-01   0.0000000e+00
   8.5000000e-01   7.8704425e-01   0.0000000e+00
   8.7000000e-01   7.7473077e-01   0.0000000e+00
   8.9000000e-01   7.6365903e-01   0.0000000e+00
   9.1000000e-01   7.5335869e-01   0.0000000e+00
   9.3000000e-01   7.4382973e-01   0.0000000e+00
   9.5000000e-01   7.3545268e-01   0.0000000e+00
   9.7000000e-01   7.2731265e-01   0.0000000e+00
   9.9000000e-01   7.1940963e-01   0.0000000e+00
   1.0100000e+00   7.1246272e-01   0.0000000e+00
   1.0300000e+00   7.0622687e-01   0.0000000e+00
   1.0500000e+00   7.0070206e-01   0.0000000e+00
   1.0700000e+00   6.9535828e-01   0.0000000e+00
   1.0900000e+00   6.9097732e-01   0.0000000e+00
   1.1100000e+00   6.8755915e-01   0.0000000e+00
   1.1300000e+00   6.8624232e-01   0.0000000e+00
   1.1500000e+00   6.8449489e-01   0.0000000e+00
   1.1700000e+00   6.8231684e-01   0.0000000e+00
   1.1900000e+00   6.7724025e-01   0.0000000e+00
   1.2100000e+00   6.7216367e-01   0.0000000e+00
   1.2300000e+00   6.6708709e-01   0.0000000e+00
   1.2500000e+00   6.6262735e-01   0.0000000e+00
   1.2700000e+00   6.5839356e-01   0.0000000e+00
   1.2900000e+00   6.5438573e-01   0.0000000e+00
   1.3100000e+00   6.5039234e-01   0.0000000e+00
   1.3300000e+00   6.4644312e-01   0.0000000e+00
   1.3500000e+00   6.4253806e-01   0.0000000e+00
   1.3700000e+00   6.3863299e-01   0.0000000e+00
   1.3900000e+00   6.3472793e-01   0.0000000e+00
   1.4100000e+00   6.3082287e-01   0.0000000e+00
   1.4300000e+00   6.2691781e-01   0.0000000e+00
   1.4500000e+00   6.2301274e-01   0.0000000e+00
   1.4700000e+00   6.1910768e-01   0.0000000e+00
   1.4900000e+00   6.1520262e-01   0.0000000e+00
   1.5100000e+00   6.1129755e-01   0.0000000e+00
   1.5300000e+00   6.0739249e-01   0.0000000e+00
   1.5500000e+00   6.0348743e-01   0.0000000e+00
   1.5700000e+00   5.9958236e-01   0.0000000e+00
   1.5900000e+00   5.9567730e-01   0.0000000e+00
   1.6100000e+00   5.9177224e-01   0.0000000e+00
   1.6300000e+00   5.8786718e-01   0.0000000e+00
   1.6500000e+00   5.8396211e-01   0.0000000e+00
   1.6700000e+00   5.8005705e-01   0.0000000e+00
   1.6900000e+00   5.7615199e-01   0.0000000e+00
   1.7100000e+00   5.7224692e-01   0.0000000e+00
   1.7300000e+00   5.6834186e-01   0.0000000e+00
   1.7500000e+00   5.6443680e-01   0.0000000e+00
   1.7700000e+00   5.6053173e-01   0.0000000e+00
   1.7900000e+00   5.4640715e-01   0.0000000e+00
   1.8100000e+00   5.4072340e-01   0.0000000e+00
   1.8300000e+00   5.4348050e-01   0.0000000e+00
   1.8500000e+00   5.4134300e-01   0.0000000e+00
   1.8700000e+00   5.3966812e-01   0.0000000e+00
   1.8900000e+00   5.3845586e-01   0.0000000e+00
   1.9100000e+00   5.3773307e-01   0.0000000e+00
   1.9300000e+00   5.3698984e-01   0.0000000e+00
   1.9500000e+00   5.3622617e-01   0.0000000e+00
   1.9700000e+00   5.3504478e-01   0.0000000e+00
   1.9900000e+00   5.3365252e-01   0.0000000e+00
   2.0100000e+00   5.3204938e-01   0.0000000e+00
   2.0300000e+00   5.3044625e-01   0.0000000e+00
   2.0500000e+00   5.2863628e-01   0.0000000e+00
   2.0700000e+00   5.2661947e-01   0.0000000e+00
   2.0900000e+00   5.2477898e-01   0.0000000e+00
   2.1100000e+00   5.2314734e-01   0.0000000e+00
   2.1300000e+00   5.2172457e-01   0.0000000e+00
   2.1500000e+00   5.2059212e-01   0.0000000e+00
   2.1700000e+00   5.1922434e-01   0.0000000e+00
   2.1900000e+00   5.1762121e-01   0.0000000e+00
   2.2100000e+00   5.1601807e-01   0.0000000e+00
   2.2300000e+00   5.1423258e-01   0.0000000e+00
   2.2500000e+00   5.1226471e-01   0.0000000e+00
   2.2700000e+00   5.1037527e-01   0.0000000e+00
   2.2900000e+00   5.0856328e-01   0.0000000e+00
   2.3100000e+00   5.0682875e-01   0.0000000e+00
   2.3300000e+00   5.0472072e-01   0.0000000e+00
   2.3500000e+00   5.0313233e-01   0.0000000e+00
   2.3700000e+00   5.0206358e-01   0.0000000e+00
   2.3900000e+00   5.0056237e-01   0.0000000e+00
   2.4100000e+00   4.9901020e-01   0.0000000e+00
   2.4300000e+00   4.9740707e-01   0.0000000e+00
   2.4500000e+00   4.9580394e-01   0.0000000e+00
   2.4700000e+00   4.9424204e-01   0.0000000e+00
   2.4900000e+00   4.9272137e-01   0.0000000e+00
   2.5100000e+00   4.9165261e-01   0.0000000e+00
   2.5300000e+00   4.9058386e-01   0.0000000e+00
   2.5500000e+00   4.8951511e-01   0.0000000e+00
   2.5700000e+00   4.8844635e-01   0.0000000e+00
   2.5900000e+00   4.8737760e-01   0.0000000e+00
   2.6100000e+00   4.8630884e-01   0.0000000e+00
   2.6300000e+00   4.8493973e-01   0.0000000e+00
   2.6500000e+00   4.8321993e-01   0.0000000e+00
   2.6700000e+00   4.8114946e-01   0.0000000e+00
   2.6900000e+00   4.8008070e-01   0.0000000e+00
   2.7100000e+00   4.7901195e-01   0.0000000e+00
   2.7300000e+00   4.7794319e-01   0.0000000e+00
   2.7500000e+00   4.7687444e-01   0.0000000e+00
   2.7700000e+00   4.7580568e-01   0.0000000e+00
   2.7900000e+00   4.7473693e-01   0.0000000e+00
   2.8100000e+00   4.7366818e-01   0.0000000e+00
   2.8300000e+00   4.7259942e-01   0.0000000e+00
   2.8500000e+00   4.7153067e-01   0.0000000e+00
   2.8700000e+00   4.6994297e-01   0.0000000e+00
   2.8900000e+00   4.6854869e-01   0.0000000e+00
   2.9100000e+00   4.6734784e-01   0.0000000e+00
   2.9300000e+00   4.6627909e-01   0.0000000e+00
   2.9500000e+00   4.6529481e-01   0.0000000e+00
   2.9700000e+00   4.6439501e-01   0.0000000e+00
   2.9900000e+00   4.6380835e-01   0.0000000e+00
   3.0100000e+00   4.6298064e-01   0.0000000e+00
   3.0300000e+00   4.6191188e-01   0.0000000e+00
   3.0500000e+00   4.6084313e-01   0.0000000e+00
   3.0700000e+00   4.5977437e-01   0.0000000e+00
   3.0900000e+00   4.5870562e-01   0.0000000e+00
   3.1100000e+00   4.5763687e-01   0.0000000e+00
   3.1300000e+00   4.5656811e-01   0.0000000e+00
   3.1500000e+00   4.5549936e-01   0.0000000e+00
   3.1700000e+00   4.5443060e-01   0.0000000e+00
   3.1900000e+00   4.5336185e-01   0.0000000e+00
   3.2100000e+00   4.5229310e-01   0.0000000e+00
   3.2300000e+00   4.5080329e-01   0.0000000e+00
   3.2500000e+00   4.4940901e-01   0.0000000e+00
   3.2700000e+00   4.4811027e-01   0.0000000e+00
   3.2900000e+00   4.4704152e-01   0.0000000e+00
   3.3100000e+00   4.4600829e-01   0.0000000e+00
   3.3300000e+00   4.4501060e-01   0.0000000e+00
   3.3500000e+00   4.4447622e-01   0.0000000e+00
   3.3700000e+00   4.4369746e-01   0.0000000e+00
   3.3900000e+00   4.4267431e-01   0.0000000e+00
   3.4100000e+00   4.4197766e-01   0.0000000e+00
   3.4300000e+00   4.4123443e-01   0.0000000e+00
   3.4500000e+00   4.4044461e-01   0.0000000e+00
   3.4700000e+00   4.3951463e-01   0.0000000e+00
   3.4900000e+00   4.3879351e-01   0.0000000e+00
   3.5100000e+00   4.3828125e-01   0.0000000e+00
   3.5300000e+00   4.3828125e-01   0.0000000e+00
   3.5500000e+00   4.3784142e-01   0.0000000e+00
   3.5700000e+00   4.3696177e-01   0.0000000e+00
   3.5900000e+00   4.3621618e-01   0.0000000e+00
   3.6100000e+00   4.3485346e-01   0.0000000e+00
   3.6300000e+00   4.3287360e-01   0.0000000e+00
   2.0700000e+00   8.3112386e-01   1.0000000e+00
   2.0900000e+00   8.3100454e-01   1.0000000e+00
   2.1100000e+00   8.3032033e-01   1.0000000e+00
   2.1300000e+00   8.2907122e-01   1.0000000e+00
   2.1500000e+00   8.2746809e-01   1.0000000e+00
   2.1700000e+00   8.2586496e-01   1.0000000e+00
   2.1900000e+00   8.2426183e-01   1.0000000e+00
   2.2100000e+00   8.2265870e-01   1.0000000e+00
   2.2300000e+00   8.2123794e-01   1.0000000e+00
   2.2500000e+00   8.1999954e-01   1.0000000e+00
   2.2700000e+00   8.1843464e-01   1.0000000e+00
   2.2900000e+00   8.1664914e-01   1.0000000e+00
   2.3100000e+00   8.1464304e-01   1.0000000e+00
   2.3300000e+00   8.1298094e-01   1.0000000e+00
   2.3500000e+00   8.1027957e-01   1.0000000e+00
   2.3700000e+00   8.0653893e-01   1.0000000e+00
   2.3900000e+00   8.0323075e-01   1.0000000e+00
   2.4100000e+00   8.0013142e-01   1.0000000e+00
   2.4300000e+00   7.9724095e-01   1.0000000e+00
   2.4500000e+00   7.9417081e-01   1.0000000e+00
   2.4700000e+00   7.9093035e-01   1.0000000e+00
   2.4900000e+00   7.8751955e-01   1.0000000e+00
   2.5100000e+00   7.8591642e-01   1.0000000e+00
   2.5300000e+00   7.8456338e-01   1.0000000e+00
   2.5500000e+00   7.8346042e-01   1.0000000e+00
   2.5700000e+00   7.8200816e-01   1.0000000e+00
   2.5900000e+00   7.8061388e-01   1.0000000e+00
   2.6100000e+00   7.7927759e-01   1.0000000e+00
   2.6300000e+00   7.7790848e-01   1.0000000e+00
   2.6500000e+00   7.7615517e-01   1.0000000e+00
   2.6700000e+00   7.7401766e-01   1.0000000e+00
   2.6900000e+00   7.7188015e-01   1.0000000e+00
   2.7100000e+00   7.6996826e-01   1.0000000e+00
   2.7300000e+00   7.6828198e-01   1.0000000e+00
   2.7500000e+00   7.6634428e-01   1.0000000e+00
   2.7700000e+00   7.6430668e-01   1.0000000e+00
   2.7900000e+00   7.6216918e-01   1.0000000e+00
   2.8100000e+00   7.5993043e-01   1.0000000e+00
   2.8300000e+00   7.5747512e-01   1.0000000e+00
   2.8500000e+00   7.5480324e-01   1.0000000e+00
   2.8700000e+00   7.5316924e-01   1.0000000e+00
   2.8900000e+00   7.5175182e-01   1.0000000e+00
   2.9100000e+00   7.5055097e-01   1.0000000e+00
   2.9300000e+00   7.4976783e-01   1.0000000e+00
   2.9500000e+00   7.4910907e-01   1.0000000e+00
   2.9700000e+00   7.4857470e-01   1.0000000e+00
