   6.1000000e-01   9.9156214e-01   0.0000000e+00
   6.3000000e-01   9.7993863e-01   0.0000000e+00
   6.5000000e-01   9.6269714e-01   0.0000000e+00
   6.7000000e-01   9.4098415e-01   0.0000000e+00
   6.9000000e-01   9.1479968e-01   0.0000000e+00
   7.1000000e-01   8.9453355e-01   0.0000000e+00
   7.3000000e-01   8.7528959e-01   0.0000000e+00
   7.5000000e-01   8.5706779e-01   0.0000000e+00
   7.7000000e-01   8.4054299e-01   0.0000000e+00
   7.9000000e-01   8.2490457e-01   0.0000000e+00
   8.1000000e-01   8.1015254e-01   0.0000000e+00
   8.3000000e-01   7.9625874e-01   0.0000000e+00
   8.5000000e-01   7.8288791e-01   0.0000000e+00
   8.7000000e-01   7.7004006e-01   0.0000000e+00
   8.9000000e-01   7.5802763e-01   0.0000000e+00
   9.1000000e-01   7.4701221e-01   0.0000000e+00
   9.3000000e-01   7.3699380e-01   0.0000000e+00
   9.5000000e-01   7.2861675e-01   0.0000000e+00
   9.7000000e-01   7.2044855e-01   0.0000000e+00
   9.9000000e-01   7.1248921e-01   0.0000000e+00
   1.0100000e+00   7.0500793e-01   0.0000000e+00
   1.0300000e+00   6.9823770e-01   0.0000000e+00
   1.0500000e+00   6.9217851e-01   0.0000000e+00
   1.0700000e+00   6.8737246e-01   0.0000000e+00
   1.0900000e+00   6.8283192e-01   0.0000000e+00
   1.1100000e+00   6.7855691e-01   0.0000000e+00
   1.1300000e+00   6.7428189e-01   0.0000000e+00
   1.1500000e+00   6.6999213e-01   0.0000000e+00
   1.1700000e+00   6.6568763e-01   0.0000000e+00
   1.1900000e+00   6.5927511e-01   0.0000000e+00
   1.2100000e+00   6.5201806e-01   0.0000000e+00
   1.2300000e+00   6.4391650e-01   0.0000000e+00
   1.2500000e+00   6.4241402e-01   0.0000000e+00
   1.2700000e+00   6.3956616e-01   0.0000000e+00
   1.2900000e+00   6.3537291e-01   0.0000000e+00
   1.3100000e+00   6.3338558e-01   0.0000000e+00
   1.3300000e+00   6.3185754e-01   0.0000000e+00
   1.3500000e+00   6.3078879e-01   0.0000000e+00
   1.3700000e+00   6.1493597e-01   0.0000000e+00
   1.3900000e+00   6.0410159e-01   0.0000000e+00
   1.4100000e+00   5.9828565e-01   0.0000000e+00
   1.4300000e+00   5.9643848e-01   0.0000000e+00
   1.4500000e+00   5.9425035e-01   0.0000000e+00
   1.4700000e+00   5.9172128e-01   0.0000000e+00
   1.4900000e+00   5.8955762e-01   0.0000000e+00
   1.5100000e+00   5.8713986e-01   0.0000000e+00
   1.5300000e+00   5.8446797e-01   0.0000000e+00
   1.5500000e+00   5.7709058e-01   0.0000000e+00
   1.5700000e+00   5.7295468e-01   0.0000000e+00
   1.5900000e+00   5.7206029e-01   0.0000000e+00
   1.6100000e+00   5.6971225e-01   0.0000000e+00
   1.6300000e+00   5.6720229e-01   0.0000000e+00
   1.6500000e+00   5.6453041e-01   0.0000000e+00
   1.6700000e+00   5.6185852e-01   0.0000000e+00
   1.6900000e+00   5.5918664e-01   0.0000000e+00
   1.7100000e+00   5.5651475e-01   0.0000000e+00
   1.7300000e+00   5.5463269e-01   0.0000000e+00
   1.7500000e+00   5.5275097e-01   0.0000000e+00
   1.7700000e+00   5.5086959e-01   0.0000000e+00
   1.7900000e+00   5.4873208e-01   0.0000000e+00
   1.8100000e+00   5.4663949e-01   0.0000000e+00
   1.8300000e+00   5.4459181e-01   0.0000000e+00
   1.8500000e+00   5.4352306e-01   0.0000000e+00
   1.8700000e+00   5.4268562e-01   0.0000000e+00
   1.8900000e+00   5.4207949e-01   0.0000000e+00
   1.9100000e+00   5.4050723e-01   0.0000000e+00
   1.9300000e+00   5.3888164e-01   0.0000000e+00
   1.9500000e+00   5.3720273e-01   0.0000000e+00
   1.9700000e+00   5.3613397e-01   0.0000000e+00
   1.9900000e+00   5.3506522e-01   0.0000000e+00
   2.0100000e+00   5.3399646e-01   0.0000000e+00
   2.0300000e+00   5.3186702e-01   0.0000000e+00
   2.0500000e+00   5.2973354e-01   0.0000000e+00
   2.0700000e+00   5.2759603e-01   0.0000000e+00
   2.0900000e+00   5.2575554e-01   0.0000000e+00
   2.1100000e+00   5.2394355e-01   0.0000000e+00
   2.1300000e+00   5.2216007e-01   0.0000000e+00
   2.1500000e+00   5.2002256e-01   0.0000000e+00
   2.1700000e+00   5.1788505e-01   0.0000000e+00
   2.1900000e+00   5.1574754e-01   0.0000000e+00
   2.2100000e+00   5.1409144e-01   0.0000000e+00
   2.2300000e+00   5.1246182e-01   0.0000000e+00
   2.2500000e+00   5.1085869e-01   0.0000000e+00
   2.2700000e+00   5.0900748e-01   0.0000000e+00
   2.2900000e+00   5.0701313e-01   0.0000000e+00
   2.3100000e+00   5.0487562e-01   0.0000000e+00
   2.3300000e+00   5.0276760e-01   0.0000000e+00
   2.3500000e+00   5.0117921e-01   0.0000000e+00
   2.3700000e+00   5.0011045e-01   0.0000000e+00
   2.3900000e+00   4.9817679e-01   0.0000000e+00
   2.4100000e+00   4.9614121e-01   0.0000000e+00
   2.4300000e+00   4.9400370e-01   0.0000000e+00
   2.4500000e+00   4.9206531e-01   0.0000000e+00
   2.4700000e+00   4.9033579e-01   0.0000000e+00
   2.4900000e+00   4.8881512e-01   0.0000000e+00
   2.5100000e+00   4.8774636e-01   0.0000000e+00
   2.5300000e+00   4.8617744e-01   0.0000000e+00
   2.5500000e+00   4.8410834e-01   0.0000000e+00
   2.5700000e+00   4.8273784e-01   0.0000000e+00
   2.5900000e+00   4.8151822e-01   0.0000000e+00
   2.6100000e+00   4.8044947e-01   0.0000000e+00
   2.6300000e+00   4.7938071e-01   0.0000000e+00
   2.6500000e+00   4.7831196e-01   0.0000000e+00
   2.6700000e+00   4.7724321e-01   0.0000000e+00
   2.6900000e+00   4.7617445e-01   0.0000000e+00
   2.7100000e+00   4.7510570e-01   0.0000000e+00
   2.7300000e+00   4.7403694e-01   0.0000000e+00
   2.7500000e+00   4.7296819e-01   0.0000000e+00
   2.7700000e+00   4.7200838e-01   0.0000000e+00
   2.7900000e+00   4.7115753e-01   0.0000000e+00
   2.8100000e+00   4.7052192e-01   0.0000000e+00
   2.8300000e+00   4.6966974e-01   0.0000000e+00
   2.8500000e+00   4.6860098e-01   0.0000000e+00
   2.8700000e+00   4.6753223e-01   0.0000000e+00
   2.8900000e+00   4.6646347e-01   0.0000000e+00
   2.9100000e+00   4.6539472e-01   0.0000000e+00
   2.9300000e+00   4.6432596e-01   0.0000000e+00
   2.9500000e+00   4.6325721e-01   0.0000000e+00
   2.9700000e+00   4.6218846e-01   0.0000000e+00
   2.9900000e+00   4.6117199e-01   0.0000000e+00
   3.0100000e+00   4.6039657e-01   0.0000000e+00
   3.0300000e+00   4.5986219e-01   0.0000000e+00
   3.0500000e+00   4.5885781e-01   0.0000000e+00
   3.0700000e+00   4.5782125e-01   0.0000000e+00
   3.0900000e+00   4.5675250e-01   0.0000000e+00
   3.1100000e+00   4.5568374e-01   0.0000000e+00
   3.1300000e+00   4.5461499e-01   0.0000000e+00
   3.1500000e+00   4.5354623e-01   0.0000000e+00
   3.1700000e+00   4.5247748e-01   0.0000000e+00
   3.1900000e+00   4.5140872e-01   0.0000000e+00
   3.2100000e+00   4.5033997e-01   0.0000000e+00
   3.2300000e+00   4.4927122e-01   0.0000000e+00
   3.2500000e+00   4.4835466e-01   0.0000000e+00
   3.2700000e+00   4.4759029e-01   0.0000000e+00
   3.2900000e+00   4.4686819e-01   0.0000000e+00
   3.3100000e+00   4.4600829e-01   0.0000000e+00
   3.3300000e+00   4.4501060e-01   0.0000000e+00
   3.3500000e+00   4.4447622e-01   0.0000000e+00
   3.3700000e+00   4.4394184e-01   0.0000000e+00
   3.3900000e+00   4.4340747e-01   0.0000000e+00
   3.4100000e+00   4.4250098e-01   0.0000000e+00
   3.4300000e+00   4.4164108e-01   0.0000000e+00
   3.4500000e+00   4.4082777e-01   0.0000000e+00
   3.4700000e+00   4.4029340e-01   0.0000000e+00
   3.4900000e+00   4.3974796e-01   0.0000000e+00
   3.5100000e+00   4.3919147e-01   0.0000000e+00
   3.5300000e+00   4.3812272e-01   0.0000000e+00
   3.5500000e+00   4.3727388e-01   0.0000000e+00
   3.5700000e+00   4.3664495e-01   0.0000000e+00
   3.5900000e+00   4.3611057e-01   0.0000000e+00
   3.6100000e+00   4.3557619e-01   0.0000000e+00
   3.6300000e+00   4.3504182e-01   0.0000000e+00
   3.6500000e+00   4.3468710e-01   0.0000000e+00
   3.6700000e+00   4.3477694e-01   0.0000000e+00
   3.6900000e+00   4.3531131e-01   0.0000000e+00
   3.7100000e+00   4.3533815e-01   0.0000000e+00
   3.7300000e+00   4.3535156e-01   0.0000000e+00
   3.7500000e+00   4.3535156e-01   0.0000000e+00
   3.7700000e+00   4.3644842e-01   0.0000000e+00
   2.0100000e+00   8.3381324e-01   1.0000000e+00
   2.0300000e+00   8.3114539e-01   1.0000000e+00
   2.0500000e+00   8.2868236e-01   1.0000000e+00
   2.0700000e+00   8.2642416e-01   1.0000000e+00
   2.0900000e+00   8.2428665e-01   1.0000000e+00
   2.1100000e+00   8.2223932e-01   1.0000000e+00
   2.1300000e+00   8.2028216e-01   1.0000000e+00
   2.1500000e+00   8.1874272e-01   1.0000000e+00
   2.1700000e+00   8.1743862e-01   1.0000000e+00
   2.1900000e+00   8.1636987e-01   1.0000000e+00
   2.2100000e+00   8.1481971e-01   1.0000000e+00
   2.2300000e+00   8.1324307e-01   1.0000000e+00
   2.2500000e+00   8.1163994e-01   1.0000000e+00
   2.2700000e+00   8.1003681e-01   1.0000000e+00
   2.2900000e+00   8.0843367e-01   1.0000000e+00
   2.3100000e+00   8.0683054e-01   1.0000000e+00
   2.3300000e+00   8.0513896e-01   1.0000000e+00
   2.3500000e+00   8.0188847e-01   1.0000000e+00
   2.3700000e+00   7.9707908e-01   1.0000000e+00
   2.3900000e+00   7.9270214e-01   1.0000000e+00
   2.4100000e+00   7.8884984e-01   1.0000000e+00
   2.4300000e+00   7.8552220e-01   1.0000000e+00
   2.4500000e+00   7.8324857e-01   1.0000000e+00
   2.4700000e+00   7.8126895e-01   1.0000000e+00
   2.4900000e+00   7.7958336e-01   1.0000000e+00
   2.5100000e+00   7.7744585e-01   1.0000000e+00
   2.5300000e+00   7.7555843e-01   1.0000000e+00
   2.5500000e+00   7.7392110e-01   1.0000000e+00
   2.5700000e+00   7.7270147e-01   1.0000000e+00
   2.5900000e+00   7.7169071e-01   1.0000000e+00
   2.6100000e+00   7.7088880e-01   1.0000000e+00
   2.6300000e+00   7.6990388e-01   1.0000000e+00
   2.6500000e+00   7.6834267e-01   1.0000000e+00
   2.6700000e+00   7.6620516e-01   1.0000000e+00
   2.6900000e+00   7.6406765e-01   1.0000000e+00
   2.7100000e+00   7.6215576e-01   1.0000000e+00
   2.7300000e+00   7.6046948e-01   1.0000000e+00
   2.7500000e+00   7.5853178e-01   1.0000000e+00
   2.7700000e+00   7.5638523e-01   1.0000000e+00
   2.7900000e+00   7.5402983e-01   1.0000000e+00
   2.8100000e+00   7.5145918e-01   1.0000000e+00
   2.8300000e+00   7.4910510e-01   1.0000000e+00
   2.8500000e+00   7.4696759e-01   1.0000000e+00
   2.8700000e+00   7.4483008e-01   1.0000000e+00
   2.8900000e+00   7.4289371e-01   1.0000000e+00
   2.9100000e+00   7.4115849e-01   1.0000000e+00
   2.9300000e+00   7.3984097e-01   1.0000000e+00
   2.9500000e+00   7.3873231e-01   1.0000000e+00
   2.9700000e+00   7.3783251e-01   1.0000000e+00
   2.9900000e+00   7.3729813e-01   1.0000000e+00
   3.0100000e+00   7.3676376e-01   1.0000000e+00
   3.0300000e+00   7.3622938e-01   1.0000000e+00
   3.0500000e+00   7.3569500e-01   1.0000000e+00
   3.0700000e+00   7.3463062e-01   1.0000000e+00
   3.0900000e+00   7.3303624e-01   1.0000000e+00
   3.1100000e+00   7.3089873e-01   1.0000000e+00
