   6.0000000e-01   9.6604547e-01   0.0000000e+00
   6.2000000e-01   9.5175007e-01   0.0000000e+00
   6.4000000e-01   9.3477709e-01   0.0000000e+00
   6.6000000e-01   9.1512653e-01   0.0000000e+00
   6.8000000e-01   8.9001081e-01   0.0000000e+00
   7.0000000e-01   8.6762663e-01   0.0000000e+00
   7.2000000e-01   8.4797399e-01   0.0000000e+00
   7.4000000e-01   8.3062517e-01   0.0000000e+00
   7.6000000e-01   8.1455562e-01   0.0000000e+00
   7.8000000e-01   7.9976536e-01   0.0000000e+00
   8.0000000e-01   7.8757995e-01   0.0000000e+00
   8.2000000e-01   7.7560910e-01   0.0000000e+00
   8.4000000e-01   7.6385280e-01   0.0000000e+00
   8.6000000e-01   7.5209651e-01   0.0000000e+00
   8.8000000e-01   7.4115284e-01   0.0000000e+00
   9.0000000e-01   7.3102179e-01   0.0000000e+00
   9.2000000e-01   7.2198229e-01   0.0000000e+00
   9.4000000e-01   7.1318753e-01   0.0000000e+00
   9.6000000e-01   7.0463750e-01   0.0000000e+00
   9.8000000e-01   6.9620010e-01   0.0000000e+00
   1.0000000e+00   6.8824076e-01   0.0000000e+00
   1.0200000e+00   6.8075948e-01   0.0000000e+00
   1.0400000e+00   6.7090806e-01   0.0000000e+00
   1.0600000e+00   6.6340732e-01   0.0000000e+00
   1.0800000e+00   6.5825726e-01   0.0000000e+00
   1.1000000e+00   6.5563352e-01   0.0000000e+00
   1.1200000e+00   6.5303914e-01   0.0000000e+00
   1.1400000e+00   6.5047413e-01   0.0000000e+00
   1.1600000e+00   6.4790912e-01   0.0000000e+00
   1.1800000e+00   6.4534411e-01   0.0000000e+00
   1.2000000e+00   6.4277910e-01   0.0000000e+00
   1.2200000e+00   6.4021409e-01   0.0000000e+00
   1.2400000e+00   6.3764908e-01   0.0000000e+00
   1.2600000e+00   6.3508407e-01   0.0000000e+00
   1.2800000e+00   6.2842290e-01   0.0000000e+00
   1.3000000e+00   6.2513424e-01   0.0000000e+00
   1.3200000e+00   6.2521808e-01   0.0000000e+00
   1.3400000e+00   6.2254619e-01   0.0000000e+00
   1.3600000e+00   6.1864230e-01   0.0000000e+00
   1.3800000e+00   6.1350641e-01   0.0000000e+00
   1.4000000e+00   6.1004332e-01   0.0000000e+00
   1.4200000e+00   6.0697584e-01   0.0000000e+00
   1.4400000e+00   6.0430395e-01   0.0000000e+00
   1.4600000e+00   6.0177488e-01   0.0000000e+00
   1.4800000e+00   5.9945466e-01   0.0000000e+00
   1.5000000e+00   5.9734329e-01   0.0000000e+00
   1.5200000e+00   5.9574016e-01   0.0000000e+00
   1.5400000e+00   5.9369317e-01   0.0000000e+00
   1.5600000e+00   5.9120233e-01   0.0000000e+00
   1.5800000e+00   5.8296819e-01   0.0000000e+00
   1.6000000e+00   5.7954000e-01   0.0000000e+00
   1.6200000e+00   5.8091776e-01   0.0000000e+00
   1.6400000e+00   5.7799308e-01   0.0000000e+00
   1.6600000e+00   5.7572918e-01   0.0000000e+00
   1.6800000e+00   5.7412605e-01   0.0000000e+00
   1.7000000e+00   5.7252292e-01   0.0000000e+00
   1.7200000e+00   5.7111724e-01   0.0000000e+00
   1.7400000e+00   5.6990902e-01   0.0000000e+00
   1.7600000e+00   5.6828378e-01   0.0000000e+00
   1.7800000e+00   5.6640240e-01   0.0000000e+00
   1.8000000e+00   5.6426489e-01   0.0000000e+00
   1.8200000e+00   5.6208247e-01   0.0000000e+00
   1.8400000e+00   5.5965531e-01   0.0000000e+00
   1.8600000e+00   5.5698343e-01   0.0000000e+00
   1.8800000e+00   5.5431154e-01   0.0000000e+00
   1.9000000e+00   5.5181264e-01   0.0000000e+00
   1.9200000e+00   5.4948672e-01   0.0000000e+00
   1.9400000e+00   5.4734921e-01   0.0000000e+00
   1.9600000e+00   5.4526802e-01   0.0000000e+00
   1.9800000e+00   5.4324315e-01   0.0000000e+00
   2.0000000e+00   5.4164001e-01   0.0000000e+00
   2.0200000e+00   5.3977171e-01   0.0000000e+00
   2.0400000e+00   5.3763823e-01   0.0000000e+00
   2.0600000e+00   5.3550072e-01   0.0000000e+00
   2.0800000e+00   5.3336321e-01   0.0000000e+00
   2.1000000e+00   5.3122571e-01   0.0000000e+00
   2.1200000e+00   5.2926855e-01   0.0000000e+00
   2.1400000e+00   5.2745656e-01   0.0000000e+00
   2.1600000e+00   5.2578974e-01   0.0000000e+00
   2.1800000e+00   5.2365224e-01   0.0000000e+00
   2.2000000e+00   5.2151473e-01   0.0000000e+00
   2.2200000e+00   5.1937722e-01   0.0000000e+00
   2.2400000e+00   5.1760445e-01   0.0000000e+00
   2.2600000e+00   5.1591650e-01   0.0000000e+00
   2.2800000e+00   5.1431337e-01   0.0000000e+00
   2.3000000e+00   5.1271023e-01   0.0000000e+00
   2.3200000e+00   5.1110710e-01   0.0000000e+00
   2.3400000e+00   5.0950397e-01   0.0000000e+00
   2.3600000e+00   5.0790084e-01   0.0000000e+00
   2.3800000e+00   5.0629771e-01   0.0000000e+00
   2.4000000e+00   5.0469458e-01   0.0000000e+00
   2.4200000e+00   5.0309145e-01   0.0000000e+00
   2.4400000e+00   5.0148832e-01   0.0000000e+00
   2.4600000e+00   4.9988518e-01   0.0000000e+00
   2.4800000e+00   4.9828205e-01   0.0000000e+00
   2.5000000e+00   4.9667892e-01   0.0000000e+00
   2.5200000e+00   4.9507579e-01   0.0000000e+00
   2.5400000e+00   4.9347266e-01   0.0000000e+00
   2.5600000e+00   4.9186953e-01   0.0000000e+00
   2.5800000e+00   4.9026640e-01   0.0000000e+00
   2.6000000e+00   4.8866327e-01   0.0000000e+00
   2.6200000e+00   4.8706014e-01   0.0000000e+00
   2.6400000e+00   4.8545701e-01   0.0000000e+00
   2.6600000e+00   4.8388739e-01   0.0000000e+00
   2.6800000e+00   4.8256820e-01   0.0000000e+00
   2.7000000e+00   4.8149945e-01   0.0000000e+00
   2.7200000e+00   4.8043070e-01   0.0000000e+00
   2.7400000e+00   4.7919466e-01   0.0000000e+00
   2.7600000e+00   4.7779134e-01   0.0000000e+00
   2.7800000e+00   4.7640611e-01   0.0000000e+00
   2.8000000e+00   4.7512850e-01   0.0000000e+00
   2.8200000e+00   4.7395851e-01   0.0000000e+00
   2.8400000e+00   4.7235538e-01   0.0000000e+00
   2.8600000e+00   4.7101172e-01   0.0000000e+00
   2.8800000e+00   4.6992754e-01   0.0000000e+00
   2.9000000e+00   4.6885878e-01   0.0000000e+00
   2.9200000e+00   4.6779003e-01   0.0000000e+00
   2.9400000e+00   4.6672128e-01   0.0000000e+00
   2.9600000e+00   4.6565252e-01   0.0000000e+00
   2.9800000e+00   4.6458377e-01   0.0000000e+00
   3.0000000e+00   4.6351501e-01   0.0000000e+00
   3.0200000e+00   4.6244626e-01   0.0000000e+00
   3.0400000e+00   4.6137750e-01   0.0000000e+00
   3.0600000e+00   4.6030875e-01   0.0000000e+00
   3.0800000e+00   4.5888666e-01   0.0000000e+00
   3.1000000e+00   4.5749239e-01   0.0000000e+00
   3.1200000e+00   4.5612593e-01   0.0000000e+00
   3.1400000e+00   4.5505717e-01   0.0000000e+00
   3.1600000e+00   4.5399009e-01   0.0000000e+00
   3.1800000e+00   4.5292468e-01   0.0000000e+00
   3.2000000e+00   4.5239030e-01   0.0000000e+00
   3.2200000e+00   4.5185592e-01   0.0000000e+00
   3.2400000e+00   4.5132154e-01   0.0000000e+00
   3.2600000e+00   4.5048278e-01   0.0000000e+00
   3.2800000e+00   4.4962288e-01   0.0000000e+00
   3.3000000e+00   4.4874185e-01   0.0000000e+00
   3.3200000e+00   4.4820747e-01   0.0000000e+00
   3.3400000e+00   4.4767310e-01   0.0000000e+00
   3.3600000e+00   4.4713872e-01   0.0000000e+00
   3.3800000e+00   4.4611557e-01   0.0000000e+00
   3.4000000e+00   4.4525567e-01   0.0000000e+00
   3.4200000e+00   4.4455903e-01   0.0000000e+00
   3.4400000e+00   4.4402465e-01   0.0000000e+00
   3.4600000e+00   4.4342088e-01   0.0000000e+00
   3.4800000e+00   4.4274773e-01   0.0000000e+00
   3.5000000e+00   4.4170109e-01   0.0000000e+00
   3.5200000e+00   4.4091058e-01   0.0000000e+00
   3.5400000e+00   4.4037620e-01   0.0000000e+00
   3.5600000e+00   4.3940200e-01   0.0000000e+00
   3.5800000e+00   4.3838052e-01   0.0000000e+00
   3.6000000e+00   4.3731177e-01   0.0000000e+00
   3.6200000e+00   4.3665601e-01   0.0000000e+00
   3.6400000e+00   4.3623829e-01   0.0000000e+00
   3.6600000e+00   4.3605863e-01   0.0000000e+00
   3.6800000e+00   4.3498988e-01   0.0000000e+00
   3.7000000e+00   4.3392112e-01   0.0000000e+00
   3.7200000e+00   4.3285237e-01   0.0000000e+00
   3.7400000e+00   4.3256537e-01   0.0000000e+00
   3.7600000e+00   4.3214766e-01   0.0000000e+00
   3.7800000e+00   4.3159923e-01   0.0000000e+00
   3.8000000e+00   4.3068803e-01   0.0000000e+00
   2.0100000e+00   8.4552595e-01   1.0000000e+00
   2.0300000e+00   8.4392282e-01   1.0000000e+00
   2.0500000e+00   8.4211284e-01   1.0000000e+00
   2.0700000e+00   8.4009603e-01   1.0000000e+00
   2.0900000e+00   8.3795852e-01   1.0000000e+00
   2.1100000e+00   8.3591119e-01   1.0000000e+00
   2.1300000e+00   8.3395404e-01   1.0000000e+00
   2.1500000e+00   8.3241459e-01   1.0000000e+00
   2.1700000e+00   8.3111049e-01   1.0000000e+00
   2.1900000e+00   8.3004174e-01   1.0000000e+00
   2.2100000e+00   8.2849159e-01   1.0000000e+00
   2.2300000e+00   8.2691494e-01   1.0000000e+00
   2.2500000e+00   8.2531181e-01   1.0000000e+00
   2.2700000e+00   8.2346061e-01   1.0000000e+00
   2.2900000e+00   8.2166336e-01   1.0000000e+00
   2.3100000e+00   8.1992008e-01   1.0000000e+00
   2.3300000e+00   8.1922353e-01   1.0000000e+00
   2.3500000e+00   8.1566900e-01   1.0000000e+00
   2.3700000e+00   8.0925648e-01   1.0000000e+00
   2.3900000e+00   8.0630359e-01   1.0000000e+00
   2.4100000e+00   8.0375839e-01   1.0000000e+00
   2.4300000e+00   8.0162088e-01   1.0000000e+00
   2.4500000e+00   7.9928425e-01   1.0000000e+00
   2.4700000e+00   7.9677999e-01   1.0000000e+00
   2.4900000e+00   7.9410811e-01   1.0000000e+00
   2.5100000e+00   7.9143622e-01   1.0000000e+00
   2.5300000e+00   7.8951460e-01   1.0000000e+00
   2.5500000e+00   7.8834323e-01   1.0000000e+00
   2.5700000e+00   7.8689097e-01   1.0000000e+00
   2.5900000e+00   7.8536327e-01   1.0000000e+00
   2.6100000e+00   7.8376014e-01   1.0000000e+00
   2.6300000e+00   7.8200683e-01   1.0000000e+00
   2.6500000e+00   7.8001115e-01   1.0000000e+00
   2.6700000e+00   7.7777310e-01   1.0000000e+00
   2.6900000e+00   7.7403246e-01   1.0000000e+00
   2.7100000e+00   7.7051743e-01   1.0000000e+00
   2.7300000e+00   7.6722802e-01   1.0000000e+00
   2.7500000e+00   7.6469088e-01   1.0000000e+00
   2.7700000e+00   7.6202671e-01   1.0000000e+00
   2.7900000e+00   7.5923551e-01   1.0000000e+00
   2.8100000e+00   7.5589980e-01   1.0000000e+00
   2.8300000e+00   7.5343038e-01   1.0000000e+00
   2.8500000e+00   7.5182725e-01   1.0000000e+00
   2.8700000e+00   7.5074307e-01   1.0000000e+00
   2.8900000e+00   7.4966660e-01   1.0000000e+00
   2.9100000e+00   7.4859784e-01   1.0000000e+00
   2.9300000e+00   7.4781471e-01   1.0000000e+00
   2.9500000e+00   7.4715595e-01   1.0000000e+00
   2.9700000e+00   7.4662157e-01   1.0000000e+00
   2.9900000e+00   7.4603491e-01   1.0000000e+00
   3.0100000e+00   7.4520720e-01   1.0000000e+00
   3.0300000e+00   7.4413845e-01   1.0000000e+00
   3.0500000e+00   7.4306969e-01   1.0000000e+00
   3.0700000e+00   7.4182427e-01   1.0000000e+00
   3.0900000e+00   7.4040218e-01   1.0000000e+00
   3.1100000e+00   7.3856238e-01   1.0000000e+00
   3.1300000e+00   7.3663373e-01   1.0000000e+00
   3.1500000e+00   7.3461622e-01   1.0000000e+00
   3.1700000e+00   7.3300641e-01   1.0000000e+00
   3.1900000e+00   7.3086556e-01   1.0000000e+00
   3.2100000e+00   7.2819368e-01   1.0000000e+00
   3.2300000e+00   7.2594284e-01   1.0000000e+00
   3.2500000e+00   7.2374867e-01   1.0000000e+00
   3.2700000e+00   7.2161117e-01   1.0000000e+00
   3.2900000e+00   7.1947366e-01   1.0000000e+00
   3.3100000e+00   7.1737168e-01   1.0000000e+00
   3.3300000e+00   7.1530523e-01   1.0000000e+00
   3.3500000e+00   7.1370210e-01   1.0000000e+00
   3.3700000e+00   7.1234336e-01   1.0000000e+00
   3.3900000e+00   7.1122900e-01   1.0000000e+00
   3.4100000e+00   7.0941603e-01   1.0000000e+00
