   6.0000000e-01   9.1649731e-01   0.0000000e+00
   6.2000000e-01   8.9267630e-01   0.0000000e+00
   6.4000000e-01   8.6834372e-01   0.0000000e+00
   6.6000000e-01   8.4349956e-01   0.0000000e+00
   6.8000000e-01   8.1517758e-01   0.0000000e+00
   7.0000000e-01   7.9163579e-01   0.0000000e+00
   7.2000000e-01   7.7287421e-01   0.0000000e+00
   7.4000000e-01   7.5069526e-01   0.0000000e+00
   7.6000000e-01   7.2982202e-01   0.0000000e+00
   7.8000000e-01   7.1025450e-01   0.0000000e+00
   8.0000000e-01   6.9860347e-01   0.0000000e+00
   8.2000000e-01   6.8716699e-01   0.0000000e+00
   8.4000000e-01   6.7594508e-01   0.0000000e+00
   8.6000000e-01   6.6629209e-01   0.0000000e+00
   8.8000000e-01   6.5706251e-01   0.0000000e+00
   9.0000000e-01   6.4825634e-01   0.0000000e+00
   9.2000000e-01   6.4028560e-01   0.0000000e+00
   9.4000000e-01   6.3264609e-01   0.0000000e+00
   9.6000000e-01   6.2533779e-01   0.0000000e+00
   9.8000000e-01   6.1844721e-01   0.0000000e+00
   1.0000000e+00   6.1179565e-01   0.0000000e+00
   1.0200000e+00   6.0538313e-01   0.0000000e+00
   1.0400000e+00   5.9897060e-01   0.0000000e+00
   1.0600000e+00   5.9291544e-01   0.0000000e+00
   1.0800000e+00   5.8721765e-01   0.0000000e+00
   1.1000000e+00   5.8139248e-01   0.0000000e+00
   1.1200000e+00   5.7539767e-01   0.0000000e+00
   1.1400000e+00   5.6923321e-01   0.0000000e+00
   1.1600000e+00   5.6388207e-01   0.0000000e+00
   1.1800000e+00   5.5826743e-01   0.0000000e+00
   1.2000000e+00   5.5238928e-01   0.0000000e+00
   1.2200000e+00   5.4778638e-01   0.0000000e+00
   1.2400000e+00   5.4319322e-01   0.0000000e+00
   1.2600000e+00   5.3860978e-01   0.0000000e+00
   1.2800000e+00   5.3380039e-01   0.0000000e+00
   1.3000000e+00   5.2902854e-01   0.0000000e+00
   1.3200000e+00   5.2429424e-01   0.0000000e+00
   1.3400000e+00   5.2001922e-01   0.0000000e+00
   1.3600000e+00   5.1623701e-01   0.0000000e+00
   1.3800000e+00   5.1294759e-01   0.0000000e+00
   1.4000000e+00   5.0974133e-01   0.0000000e+00
   1.4200000e+00   5.0666481e-01   0.0000000e+00
   1.4400000e+00   5.0371802e-01   0.0000000e+00
   1.4600000e+00   5.0090332e-01   0.0000000e+00
   1.4800000e+00   4.9790592e-01   0.0000000e+00
   1.5000000e+00   4.9472580e-01   0.0000000e+00
   1.5200000e+00   4.9205391e-01   0.0000000e+00
   1.5400000e+00   4.8916010e-01   0.0000000e+00
   1.5600000e+00   4.8604436e-01   0.0000000e+00
   1.5800000e+00   4.8316529e-01   0.0000000e+00
   1.6000000e+00   4.8060034e-01   0.0000000e+00
   1.6200000e+00   4.7834951e-01   0.0000000e+00
   1.6400000e+00   4.7665251e-01   0.0000000e+00
   1.6600000e+00   4.7473526e-01   0.0000000e+00
   1.6800000e+00   4.7259775e-01   0.0000000e+00
   1.7000000e+00   4.7097182e-01   0.0000000e+00
   1.7200000e+00   4.6915983e-01   0.0000000e+00
   1.7400000e+00   4.6716179e-01   0.0000000e+00
   1.7600000e+00   4.6558077e-01   0.0000000e+00
   1.7800000e+00   4.6409431e-01   0.0000000e+00
   1.8000000e+00   4.6270239e-01   0.0000000e+00
   1.8200000e+00   4.6065471e-01   0.0000000e+00
   1.8400000e+00   4.5909650e-01   0.0000000e+00
   1.8600000e+00   4.5802775e-01   0.0000000e+00
   1.8800000e+00   4.5695899e-01   0.0000000e+00
   1.9000000e+00   4.5554427e-01   0.0000000e+00
   1.9200000e+00   4.5378359e-01   0.0000000e+00
   1.9400000e+00   4.5210468e-01   0.0000000e+00
   1.9600000e+00   4.5073085e-01   0.0000000e+00
   1.9800000e+00   4.4966210e-01   0.0000000e+00
   2.0000000e+00   4.4859334e-01   0.0000000e+00
   2.0200000e+00   4.4752459e-01   0.0000000e+00
   2.0400000e+00   4.4645583e-01   0.0000000e+00
   2.0600000e+00   4.4538708e-01   0.0000000e+00
   2.0800000e+00   4.4416982e-01   0.0000000e+00
   2.1000000e+00   4.4280404e-01   0.0000000e+00
   2.1200000e+00   4.4156162e-01   0.0000000e+00
   2.1400000e+00   4.4064138e-01   0.0000000e+00
   2.1600000e+00   4.4004331e-01   0.0000000e+00
   2.1800000e+00   4.3897456e-01   0.0000000e+00
   2.2000000e+00   4.3766510e-01   0.0000000e+00
   2.2200000e+00   4.3611495e-01   0.0000000e+00
   2.2400000e+00   4.3487655e-01   0.0000000e+00
   2.2600000e+00   4.3372298e-01   0.0000000e+00
   2.2800000e+00   4.3265422e-01   0.0000000e+00
   2.3000000e+00   4.3158547e-01   0.0000000e+00
   2.3200000e+00   4.3051671e-01   0.0000000e+00
   2.3400000e+00   4.2944796e-01   0.0000000e+00
   2.3600000e+00   4.2837921e-01   0.0000000e+00
   2.3800000e+00   4.2731045e-01   0.0000000e+00
   2.4000000e+00   4.2624170e-01   0.0000000e+00
   2.4200000e+00   4.2517294e-01   0.0000000e+00
   2.4400000e+00   4.2410419e-01   0.0000000e+00
   2.4600000e+00   4.2303544e-01   0.0000000e+00
   2.4800000e+00   4.2196668e-01   0.0000000e+00
   2.5000000e+00   4.2089793e-01   0.0000000e+00
   2.5200000e+00   4.1982917e-01   0.0000000e+00
   2.5400000e+00   4.1876042e-01   0.0000000e+00
   2.5600000e+00   4.1788342e-01   0.0000000e+00
   2.5800000e+00   4.1719818e-01   0.0000000e+00
   2.6000000e+00   4.1639695e-01   0.0000000e+00
   2.6200000e+00   4.1553706e-01   0.0000000e+00
   2.6400000e+00   4.1461848e-01   0.0000000e+00
   2.6600000e+00   4.1405059e-01   0.0000000e+00
   2.6800000e+00   4.1323227e-01   0.0000000e+00
   2.7000000e+00   4.1216351e-01   0.0000000e+00
   2.7200000e+00   4.1109476e-01   0.0000000e+00
   2.7400000e+00   4.1036057e-01   0.0000000e+00
   2.7600000e+00   4.0996094e-01   0.0000000e+00
   2.7800000e+00   4.0952514e-01   0.0000000e+00
   2.8000000e+00   4.0887410e-01   0.0000000e+00
   2.8200000e+00   4.0800781e-01   0.0000000e+00
   2.8400000e+00   4.0800781e-01   0.0000000e+00
   2.8600000e+00   4.0774834e-01   0.0000000e+00
   2.8800000e+00   4.0722939e-01   0.0000000e+00
   2.9000000e+00   4.0709730e-01   0.0000000e+00
   2.9200000e+00   4.0703125e-01   0.0000000e+00
   2.9400000e+00   4.0703125e-01   0.0000000e+00
   2.9600000e+00   4.0669335e-01   0.0000000e+00
   2.9800000e+00   4.0604231e-01   0.0000000e+00
   3.0000000e+00   4.0507813e-01   0.0000000e+00
   3.0200000e+00   4.0507813e-01   0.0000000e+00
   3.0400000e+00   4.0507813e-01   0.0000000e+00
   3.0600000e+00   4.0507813e-01   0.0000000e+00
   3.0800000e+00   4.0472479e-01   0.0000000e+00
   3.1000000e+00   4.0428093e-01   0.0000000e+00
   3.1200000e+00   4.0374656e-01   0.0000000e+00
   3.1400000e+00   4.0297217e-01   0.0000000e+00
   3.1600000e+00   4.0178675e-01   0.0000000e+00
   3.1800000e+00   4.0019030e-01   0.0000000e+00
   3.2000000e+00   3.9965592e-01   0.0000000e+00
   3.2200000e+00   3.9870049e-01   0.0000000e+00
   3.2400000e+00   3.9732401e-01   0.0000000e+00
   3.2600000e+00   3.9632966e-01   0.0000000e+00
   3.2800000e+00   3.9556529e-01   0.0000000e+00
   3.3000000e+00   3.9503091e-01   0.0000000e+00
   3.3200000e+00   3.9456760e-01   0.0000000e+00
   3.3400000e+00   3.9433594e-01   0.0000000e+00
   3.3600000e+00   3.9433594e-01   0.0000000e+00
   3.3800000e+00   3.9384717e-01   0.0000000e+00
   3.4000000e+00   3.9333559e-01   0.0000000e+00
   3.4200000e+00   3.9280121e-01   0.0000000e+00
   3.4400000e+00   3.9354405e-01   0.0000000e+00
   2.0000000e+00   6.9312357e-01   1.0000000e+00
   2.0200000e+00   6.8964811e-01   1.0000000e+00
   2.0400000e+00   6.8643782e-01   1.0000000e+00
   2.0600000e+00   6.8364523e-01   1.0000000e+00
   2.0800000e+00   6.8091300e-01   1.0000000e+00
   2.1000000e+00   6.7824112e-01   1.0000000e+00
   2.1200000e+00   6.7574959e-01   1.0000000e+00
   2.1400000e+00   6.7343507e-01   1.0000000e+00
   2.1600000e+00   6.7129756e-01   1.0000000e+00
   2.1800000e+00   6.6916005e-01   1.0000000e+00
   2.2000000e+00   6.6702254e-01   1.0000000e+00
   2.2200000e+00   6.6488503e-01   1.0000000e+00
   2.2400000e+00   6.6311226e-01   1.0000000e+00
   2.2600000e+00   6.6130027e-01   1.0000000e+00
   2.2800000e+00   6.5944907e-01   1.0000000e+00
   2.3000000e+00   6.5744297e-01   1.0000000e+00
   2.3200000e+00   6.5563098e-01   1.0000000e+00
   2.3400000e+00   6.5401311e-01   1.0000000e+00
   2.3600000e+00   6.5187560e-01   1.0000000e+00
   2.3800000e+00   6.4973809e-01   1.0000000e+00
   2.4000000e+00   6.4760058e-01   1.0000000e+00
   2.4200000e+00   6.4609466e-01   1.0000000e+00
   2.4400000e+00   6.4460819e-01   1.0000000e+00
   2.4600000e+00   6.4314118e-01   1.0000000e+00
   2.4800000e+00   6.4100368e-01   1.0000000e+00
   2.5000000e+00   6.3886617e-01   1.0000000e+00
   2.5200000e+00   6.3672866e-01   1.0000000e+00
   2.5400000e+00   6.3459115e-01   1.0000000e+00
   2.5600000e+00   6.3226189e-01   1.0000000e+00
   2.5800000e+00   6.2974087e-01   1.0000000e+00
   2.6000000e+00   6.2680214e-01   1.0000000e+00
   2.6200000e+00   6.2372965e-01   1.0000000e+00
   2.6400000e+00   6.2052339e-01   1.0000000e+00
   2.6600000e+00   6.1735064e-01   1.0000000e+00
   2.6800000e+00   6.1442832e-01   1.0000000e+00
   2.7000000e+00   6.1175644e-01   1.0000000e+00
   2.7200000e+00   6.0908455e-01   1.0000000e+00
   2.7400000e+00   6.0657995e-01   1.0000000e+00
   2.7600000e+00   6.0424262e-01   1.0000000e+00
   2.7800000e+00   6.0210512e-01   1.0000000e+00
   2.8000000e+00   6.0001823e-01   1.0000000e+00
   2.8200000e+00   5.9798195e-01   1.0000000e+00
   2.8400000e+00   5.9637882e-01   1.0000000e+00
   2.8600000e+00   5.9529463e-01   1.0000000e+00
   2.8800000e+00   5.9472939e-01   1.0000000e+00
