   6.0000000e-01   9.8150653e-01   0.0000000e+00
   6.2000000e-01   9.6797147e-01   0.0000000e+00
   6.4000000e-01   9.5154761e-01   0.0000000e+00
   6.6000000e-01   9.3223494e-01   0.0000000e+00
   6.8000000e-01   9.1192862e-01   0.0000000e+00
   7.0000000e-01   8.9162229e-01   0.0000000e+00
   7.2000000e-01   8.7131596e-01   0.0000000e+00
   7.4000000e-01   8.4762371e-01   0.0000000e+00
   7.6000000e-01   8.2550470e-01   0.0000000e+00
   7.8000000e-01   8.0495895e-01   0.0000000e+00
   8.0000000e-01   7.9096794e-01   0.0000000e+00
   8.2000000e-01   7.7568960e-01   0.0000000e+00
   8.4000000e-01   7.5912391e-01   0.0000000e+00
   8.6000000e-01   7.4569607e-01   0.0000000e+00
   8.8000000e-01   7.3230245e-01   0.0000000e+00
   9.0000000e-01   7.1894302e-01   0.0000000e+00
   9.2000000e-01   7.0703183e-01   0.0000000e+00
   9.4000000e-01   6.9607842e-01   0.0000000e+00
   9.6000000e-01   6.8608281e-01   0.0000000e+00
   9.8000000e-01   6.7764541e-01   0.0000000e+00
   1.0000000e+00   6.6968607e-01   0.0000000e+00
   1.0200000e+00   6.6220479e-01   0.0000000e+00
   1.0400000e+00   6.5614560e-01   0.0000000e+00
   1.0600000e+00   6.5017694e-01   0.0000000e+00
   1.0800000e+00   6.4429879e-01   0.0000000e+00
   1.1000000e+00   6.3866134e-01   0.0000000e+00
   1.1200000e+00   6.3323275e-01   0.0000000e+00
   1.1400000e+00   6.2801302e-01   0.0000000e+00
   1.1600000e+00   6.2319625e-01   0.0000000e+00
   1.1800000e+00   6.1811598e-01   0.0000000e+00
   1.2000000e+00   6.1277221e-01   0.0000000e+00
   1.2200000e+00   6.0870369e-01   0.0000000e+00
   1.2400000e+00   6.0479912e-01   0.0000000e+00
   1.2600000e+00   6.0105848e-01   0.0000000e+00
   1.2800000e+00   5.9712608e-01   0.0000000e+00
   1.3000000e+00   5.9298483e-01   0.0000000e+00
   1.3200000e+00   5.8863473e-01   0.0000000e+00
   1.3400000e+00   5.8382533e-01   0.0000000e+00
   1.3600000e+00   5.7926234e-01   0.0000000e+00
   1.3800000e+00   5.7494575e-01   0.0000000e+00
   1.4000000e+00   5.7067073e-01   0.0000000e+00
   1.4200000e+00   5.6639572e-01   0.0000000e+00
   1.4400000e+00   5.6212070e-01   0.0000000e+00
   1.4600000e+00   5.5770288e-01   0.0000000e+00
   1.4800000e+00   5.5310234e-01   0.0000000e+00
   1.5000000e+00   5.4831909e-01   0.0000000e+00
   1.5200000e+00   5.4404407e-01   0.0000000e+00
   1.5400000e+00   5.3932520e-01   0.0000000e+00
   1.5600000e+00   5.3416247e-01   0.0000000e+00
   1.5800000e+00   5.3012747e-01   0.0000000e+00
   1.6000000e+00   5.2650683e-01   0.0000000e+00
   1.6200000e+00   5.2330057e-01   0.0000000e+00
   1.6400000e+00   5.2009431e-01   0.0000000e+00
   1.6600000e+00   5.1688805e-01   0.0000000e+00
   1.6800000e+00   5.1368178e-01   0.0000000e+00
   1.7000000e+00   5.1098710e-01   0.0000000e+00
   1.7200000e+00   5.0850127e-01   0.0000000e+00
   1.7400000e+00   5.0622429e-01   0.0000000e+00
   1.7600000e+00   5.0408678e-01   0.0000000e+00
   1.7800000e+00   5.0194927e-01   0.0000000e+00
   1.8000000e+00   4.9981177e-01   0.0000000e+00
   1.8200000e+00   4.9776409e-01   0.0000000e+00
   1.8400000e+00   4.9620588e-01   0.0000000e+00
   1.8600000e+00   4.9513712e-01   0.0000000e+00
   1.8800000e+00   4.9314311e-01   0.0000000e+00
   1.9000000e+00   4.9142331e-01   0.0000000e+00
   1.9200000e+00   4.8997773e-01   0.0000000e+00
   1.9400000e+00   4.8890898e-01   0.0000000e+00
   1.9600000e+00   4.8784023e-01   0.0000000e+00
   1.9800000e+00   4.8677147e-01   0.0000000e+00
   2.0000000e+00   4.8570272e-01   0.0000000e+00
   2.0200000e+00   4.8436879e-01   0.0000000e+00
   2.0400000e+00   4.8276969e-01   0.0000000e+00
   2.0600000e+00   4.8158024e-01   0.0000000e+00
   2.0800000e+00   4.8059965e-01   0.0000000e+00
   2.1000000e+00   4.7982791e-01   0.0000000e+00
   2.1200000e+00   4.7893283e-01   0.0000000e+00
   2.1400000e+00   4.7771556e-01   0.0000000e+00
   2.1600000e+00   4.7617612e-01   0.0000000e+00
   2.1800000e+00   4.7510737e-01   0.0000000e+00
   2.2000000e+00   4.7379791e-01   0.0000000e+00
   2.2200000e+00   4.7224776e-01   0.0000000e+00
   2.2400000e+00   4.7100936e-01   0.0000000e+00
   2.2600000e+00   4.6985579e-01   0.0000000e+00
   2.2800000e+00   4.6878704e-01   0.0000000e+00
   2.3000000e+00   4.6745547e-01   0.0000000e+00
   2.3200000e+00   4.6573567e-01   0.0000000e+00
   2.3400000e+00   4.6362765e-01   0.0000000e+00
   2.3600000e+00   4.6255889e-01   0.0000000e+00
   2.3800000e+00   4.6105769e-01   0.0000000e+00
   2.4000000e+00   4.5912402e-01   0.0000000e+00
   2.4200000e+00   4.5761809e-01   0.0000000e+00
   2.4400000e+00   4.5633075e-01   0.0000000e+00
   2.4600000e+00   4.5526200e-01   0.0000000e+00
   2.4800000e+00   4.5419324e-01   0.0000000e+00
   2.5000000e+00   4.5312449e-01   0.0000000e+00
   2.5200000e+00   4.5205574e-01   0.0000000e+00
   2.5400000e+00   4.5098698e-01   0.0000000e+00
   2.5600000e+00   4.4991823e-01   0.0000000e+00
   2.5800000e+00   4.4884947e-01   0.0000000e+00
   2.6000000e+00   4.4804756e-01   0.0000000e+00
   2.6200000e+00   4.4730433e-01   0.0000000e+00
   2.6400000e+00   4.4661977e-01   0.0000000e+00
   2.6600000e+00   4.4558453e-01   0.0000000e+00
   2.6800000e+00   4.4479973e-01   0.0000000e+00
   2.7000000e+00   4.4426535e-01   0.0000000e+00
   2.7200000e+00   4.4373097e-01   0.0000000e+00
   2.7400000e+00   4.4302931e-01   0.0000000e+00
   2.7600000e+00   4.4216037e-01   0.0000000e+00
   2.7800000e+00   4.4109162e-01   0.0000000e+00
   2.8000000e+00   4.4002287e-01   0.0000000e+00
   2.8200000e+00   4.3895411e-01   0.0000000e+00
   2.8400000e+00   4.3788536e-01   0.0000000e+00
   2.8600000e+00   4.3707608e-01   0.0000000e+00
   2.8800000e+00   4.3652627e-01   0.0000000e+00
   2.9000000e+00   4.3558961e-01   0.0000000e+00
   2.9200000e+00   4.3472971e-01   0.0000000e+00
   2.9400000e+00   4.3394658e-01   0.0000000e+00
   2.9600000e+00   4.3324325e-01   0.0000000e+00
   2.9800000e+00   4.3235721e-01   0.0000000e+00
   3.0000000e+00   4.3128845e-01   0.0000000e+00
   3.0200000e+00   4.3021970e-01   0.0000000e+00
   3.0400000e+00   4.2938594e-01   0.0000000e+00
   3.0600000e+00   4.2878719e-01   0.0000000e+00
   3.0800000e+00   4.2754614e-01   0.0000000e+00
   3.1000000e+00   4.2636072e-01   0.0000000e+00
   3.1200000e+00   4.2523093e-01   0.0000000e+00
   3.1400000e+00   4.2469655e-01   0.0000000e+00
   3.1600000e+00   4.2416051e-01   0.0000000e+00
   3.1800000e+00   4.2362279e-01   0.0000000e+00
   3.2000000e+00   4.2255403e-01   0.0000000e+00
   3.2200000e+00   4.2169581e-01   0.0000000e+00
   3.2400000e+00   4.2104811e-01   0.0000000e+00
   3.2600000e+00   4.2051373e-01   0.0000000e+00
   3.2800000e+00   4.1988549e-01   0.0000000e+00
   3.3000000e+00   4.1916339e-01   0.0000000e+00
   3.3200000e+00   4.1823676e-01   0.0000000e+00
   3.3400000e+00   4.1777344e-01   0.0000000e+00
   3.3600000e+00   4.1777344e-01   0.0000000e+00
   3.3800000e+00   4.1728467e-01   0.0000000e+00
   3.4000000e+00   4.1677309e-01   0.0000000e+00
   3.4200000e+00   4.1623871e-01   0.0000000e+00
   3.4400000e+00   4.1595978e-01   0.0000000e+00
   3.4600000e+00   4.1568153e-01   0.0000000e+00
   3.4800000e+00   4.1540398e-01   0.0000000e+00
   3.5000000e+00   4.1437945e-01   0.0000000e+00
   3.5200000e+00   4.1386719e-01   0.0000000e+00
   3.5400000e+00   4.1386719e-01   0.0000000e+00
   3.5600000e+00   4.1298754e-01   0.0000000e+00
   3.5800000e+00   4.1217491e-01   0.0000000e+00
   3.6000000e+00   4.1142932e-01   0.0000000e+00
   3.6200000e+00   4.1089494e-01   0.0000000e+00
   3.6400000e+00   4.1040548e-01   0.0000000e+00
   3.6600000e+00   4.0996094e-01   0.0000000e+00
   3.6800000e+00   4.0996094e-01   0.0000000e+00
   3.7000000e+00   4.0945339e-01   0.0000000e+00
   3.7200000e+00   4.0843830e-01   0.0000000e+00
   3.7400000e+00   4.0815131e-01   0.0000000e+00
   3.7600000e+00   4.0773360e-01   0.0000000e+00
   3.7800000e+00   4.0718517e-01   0.0000000e+00
   3.8000000e+00   4.0643151e-01   0.0000000e+00
   2.0100000e+00   7.4982282e-01   1.0000000e+00
   2.0300000e+00   7.4768934e-01   1.0000000e+00
   2.0500000e+00   7.4534701e-01   1.0000000e+00
   2.0700000e+00   7.4279582e-01   1.0000000e+00
   2.0900000e+00   7.4042095e-01   1.0000000e+00
   2.1100000e+00   7.3816477e-01   1.0000000e+00
   2.1300000e+00   7.3602726e-01   1.0000000e+00
   2.1500000e+00   7.3388975e-01   1.0000000e+00
   2.1700000e+00   7.3175224e-01   1.0000000e+00
   2.1900000e+00   7.2961473e-01   1.0000000e+00
   2.2100000e+00   7.2699582e-01   1.0000000e+00
   2.2300000e+00   7.2453279e-01   1.0000000e+00
   2.2500000e+00   7.2222564e-01   1.0000000e+00
   2.2700000e+00   7.1984007e-01   1.0000000e+00
   2.2900000e+00   7.1744274e-01   1.0000000e+00
   2.3100000e+00   7.1503367e-01   1.0000000e+00
   2.3300000e+00   7.1343054e-01   1.0000000e+00
   2.3500000e+00   7.1182741e-01   1.0000000e+00
   2.3700000e+00   7.1022428e-01   1.0000000e+00
   2.3900000e+00   7.0905360e-01   1.0000000e+00
   2.4100000e+00   7.0793388e-01   1.0000000e+00
   2.4300000e+00   7.0686513e-01   1.0000000e+00
   2.4500000e+00   7.0599550e-01   1.0000000e+00
   2.4700000e+00   7.0529350e-01   1.0000000e+00
   2.4900000e+00   7.0475912e-01   1.0000000e+00
   2.5100000e+00   7.0422474e-01   1.0000000e+00
   2.5300000e+00   7.0344028e-01   1.0000000e+00
   2.5500000e+00   7.0240573e-01   1.0000000e+00
   2.5700000e+00   7.0133698e-01   1.0000000e+00
   2.5900000e+00   7.0013480e-01   1.0000000e+00
   2.6100000e+00   6.9879920e-01   1.0000000e+00
   2.6300000e+00   6.9734625e-01   1.0000000e+00
   2.6500000e+00   6.9606864e-01   1.0000000e+00
   2.6700000e+00   6.9496637e-01   1.0000000e+00
   2.6900000e+00   6.9336324e-01   1.0000000e+00
   2.7100000e+00   6.9176011e-01   1.0000000e+00
   2.7300000e+00   6.9015698e-01   1.0000000e+00
   2.7500000e+00   6.8855385e-01   1.0000000e+00
   2.7700000e+00   6.8705966e-01   1.0000000e+00
   2.7900000e+00   6.8567443e-01   1.0000000e+00
   2.8100000e+00   6.8470691e-01   1.0000000e+00
   2.8300000e+00   6.8395596e-01   1.0000000e+00
   2.8500000e+00   6.8342159e-01   1.0000000e+00
   2.8700000e+00   6.8236826e-01   1.0000000e+00
   2.8900000e+00   6.8150836e-01   1.0000000e+00
   2.9100000e+00   6.8084189e-01   1.0000000e+00
   2.9300000e+00   6.8002190e-01   1.0000000e+00
   2.9500000e+00   6.7899305e-01   1.0000000e+00
   2.9700000e+00   6.7775534e-01   1.0000000e+00
   2.9900000e+00   6.7615221e-01   1.0000000e+00
   3.0100000e+00   6.7454908e-01   1.0000000e+00
   3.0300000e+00   6.7294595e-01   1.0000000e+00
   3.0500000e+00   6.7134282e-01   1.0000000e+00
   3.0700000e+00   6.6973969e-01   1.0000000e+00
   3.0900000e+00   6.6813656e-01   1.0000000e+00
   3.1100000e+00   6.6677009e-01   1.0000000e+00
   3.1300000e+00   6.6549248e-01   1.0000000e+00
   3.1500000e+00   6.6430372e-01   1.0000000e+00
   3.1700000e+00   6.6269725e-01   1.0000000e+00
   3.1900000e+00   6.6082526e-01   1.0000000e+00
   3.2100000e+00   6.5868775e-01   1.0000000e+00
   3.2300000e+00   6.5655025e-01   1.0000000e+00
   3.2500000e+00   6.5441274e-01   1.0000000e+00
   3.2700000e+00   6.5227523e-01   1.0000000e+00
   3.2900000e+00   6.5032545e-01   1.0000000e+00
   3.3100000e+00   6.4851346e-01   1.0000000e+00
   3.3300000e+00   6.4683927e-01   1.0000000e+00
   3.3500000e+00   6.4470176e-01   1.0000000e+00
   3.3700000e+00   6.4256425e-01   1.0000000e+00
   3.3900000e+00   6.4042674e-01   1.0000000e+00
   3.4100000e+00   6.3828924e-01   1.0000000e+00
   3.4300000e+00   6.3627945e-01   1.0000000e+00
   3.4500000e+00   6.3439738e-01   1.0000000e+00
   3.4700000e+00   6.3279425e-01   1.0000000e+00
   3.4900000e+00   6.3120218e-01   1.0000000e+00
   3.5100000e+00   6.2962116e-01   1.0000000e+00
   3.5300000e+00   6.2855240e-01   1.0000000e+00
   3.5500000e+00   6.2726374e-01   1.0000000e+00
   3.5700000e+00   6.2575516e-01   1.0000000e+00
   3.5900000e+00   6.2479835e-01   1.0000000e+00
   3.6100000e+00   6.2394951e-01   1.0000000e+00
   3.6300000e+00   6.2320864e-01   1.0000000e+00
