   6.1000000e-01   9.8932104e-01   0.0000000e+00
   6.3000000e-01   9.7793420e-01   0.0000000e+00
   6.5000000e-01   9.6286776e-01   0.0000000e+00
   6.7000000e-01   9.4357825e-01   0.0000000e+00
   6.9000000e-01   9.2006566e-01   0.0000000e+00
   7.1000000e-01   8.9928461e-01   0.0000000e+00
   7.3000000e-01   8.7941811e-01   0.0000000e+00
   7.5000000e-01   8.6046615e-01   0.0000000e+00
   7.7000000e-01   8.4407276e-01   0.0000000e+00
   7.9000000e-01   8.2887652e-01   0.0000000e+00
   8.1000000e-01   8.1487746e-01   0.0000000e+00
   8.3000000e-01   8.0044928e-01   0.0000000e+00
   8.5000000e-01   7.8628259e-01   0.0000000e+00
   8.7000000e-01   7.7237738e-01   0.0000000e+00
   8.9000000e-01   7.6010882e-01   0.0000000e+00
   9.1000000e-01   7.4896534e-01   0.0000000e+00
   9.3000000e-01   7.3894692e-01   0.0000000e+00
   9.5000000e-01   7.3074285e-01   0.0000000e+00
   9.7000000e-01   7.2290018e-01   0.0000000e+00
   9.9000000e-01   7.1541890e-01   0.0000000e+00
   1.0100000e+00   7.0793762e-01   0.0000000e+00
   1.0300000e+00   7.0116739e-01   0.0000000e+00
   1.0500000e+00   6.9510820e-01   0.0000000e+00
   1.0700000e+00   6.8958742e-01   0.0000000e+00
   1.0900000e+00   6.8439584e-01   0.0000000e+00
   1.1100000e+00   6.7953347e-01   0.0000000e+00
   1.1300000e+00   6.7525845e-01   0.0000000e+00
   1.1500000e+00   6.7098712e-01   0.0000000e+00
   1.1700000e+00   6.6671948e-01   0.0000000e+00
   1.1900000e+00   6.6297884e-01   0.0000000e+00
   1.2100000e+00   6.5902566e-01   0.0000000e+00
   1.2300000e+00   6.5485993e-01   0.0000000e+00
   1.2500000e+00   6.5058492e-01   0.0000000e+00
   1.2700000e+00   6.4621402e-01   0.0000000e+00
   1.2900000e+00   6.4174725e-01   0.0000000e+00
   1.3100000e+00   6.3693786e-01   0.0000000e+00
   1.3300000e+00   6.3212847e-01   0.0000000e+00
   1.3500000e+00   6.2731907e-01   0.0000000e+00
   1.3700000e+00   6.2300248e-01   0.0000000e+00
   1.3900000e+00   6.1870668e-01   0.0000000e+00
   1.4100000e+00   6.1443166e-01   0.0000000e+00
   1.4300000e+00   6.0989717e-01   0.0000000e+00
   1.4500000e+00   6.0529664e-01   0.0000000e+00
   1.4700000e+00   6.0063005e-01   0.0000000e+00
   1.4900000e+00   5.9635503e-01   0.0000000e+00
   1.5100000e+00   5.9208002e-01   0.0000000e+00
   1.5300000e+00   5.8780500e-01   0.0000000e+00
   1.5500000e+00   5.8352999e-01   0.0000000e+00
   1.5700000e+00   5.7941857e-01   0.0000000e+00
   1.5900000e+00   5.7547074e-01   0.0000000e+00
   1.6100000e+00   5.7173010e-01   0.0000000e+00
   1.6300000e+00   5.6803639e-01   0.0000000e+00
   1.6500000e+00   5.6438962e-01   0.0000000e+00
   1.6700000e+00   5.6118335e-01   0.0000000e+00
   1.6900000e+00   5.5823288e-01   0.0000000e+00
   1.7100000e+00   5.5553819e-01   0.0000000e+00
   1.7300000e+00   5.5286631e-01   0.0000000e+00
   1.7500000e+00   5.5019442e-01   0.0000000e+00
   1.7700000e+00   5.4752253e-01   0.0000000e+00
   1.7900000e+00   5.4501223e-01   0.0000000e+00
   1.8100000e+00   5.4268832e-01   0.0000000e+00
   1.8300000e+00   5.4055082e-01   0.0000000e+00
   1.8500000e+00   5.3841331e-01   0.0000000e+00
   1.8700000e+00   5.3627580e-01   0.0000000e+00
   1.8900000e+00   5.3413829e-01   0.0000000e+00
   1.9100000e+00   5.3200078e-01   0.0000000e+00
   1.9300000e+00   5.2986328e-01   0.0000000e+00
   1.9500000e+00   5.2772577e-01   0.0000000e+00
   1.9700000e+00   5.2570089e-01   0.0000000e+00
   1.9900000e+00   5.2388689e-01   0.0000000e+00
   2.0100000e+00   5.2228376e-01   0.0000000e+00
   2.0300000e+00   5.1961994e-01   0.0000000e+00
   2.0500000e+00   5.1715892e-01   0.0000000e+00
   2.0700000e+00   5.1490072e-01   0.0000000e+00
   2.0900000e+00   5.1276321e-01   0.0000000e+00
   2.1100000e+00   5.1062570e-01   0.0000000e+00
   2.1300000e+00   5.0848819e-01   0.0000000e+00
   2.1500000e+00   5.0647806e-01   0.0000000e+00
   2.1700000e+00   5.0493862e-01   0.0000000e+00
   2.1900000e+00   5.0386987e-01   0.0000000e+00
   2.2100000e+00   5.0135691e-01   0.0000000e+00
   2.2300000e+00   4.9931159e-01   0.0000000e+00
   2.2500000e+00   4.9773392e-01   0.0000000e+00
   2.2700000e+00   4.9641709e-01   0.0000000e+00
   2.2900000e+00   4.9495711e-01   0.0000000e+00
   2.3100000e+00   4.9335398e-01   0.0000000e+00
   2.3300000e+00   4.9178033e-01   0.0000000e+00
   2.3500000e+00   4.9072632e-01   0.0000000e+00
   2.3700000e+00   4.9019195e-01   0.0000000e+00
   2.3900000e+00   4.8879266e-01   0.0000000e+00
   2.4100000e+00   4.8760724e-01   0.0000000e+00
   2.4300000e+00   4.8663569e-01   0.0000000e+00
   2.4500000e+00   4.8570306e-01   0.0000000e+00
   2.4700000e+00   4.8447641e-01   0.0000000e+00
   2.4900000e+00   4.8295574e-01   0.0000000e+00
   2.5100000e+00   4.8188699e-01   0.0000000e+00
   2.5300000e+00   4.8106832e-01   0.0000000e+00
   2.5500000e+00   4.8049974e-01   0.0000000e+00
   2.5700000e+00   4.7958185e-01   0.0000000e+00
   2.5900000e+00   4.7872196e-01   0.0000000e+00
   2.6100000e+00   4.7792005e-01   0.0000000e+00
   2.6300000e+00   4.7738567e-01   0.0000000e+00
   2.6500000e+00   4.7683453e-01   0.0000000e+00
   2.6700000e+00   4.7626664e-01   0.0000000e+00
   2.6900000e+00   4.7519789e-01   0.0000000e+00
   2.7100000e+00   4.7412914e-01   0.0000000e+00
   2.7300000e+00   4.7306038e-01   0.0000000e+00
   2.7500000e+00   4.7232619e-01   0.0000000e+00
   2.7700000e+00   4.7158296e-01   0.0000000e+00
   2.7900000e+00   4.7083068e-01   0.0000000e+00
   2.8100000e+00   4.6976193e-01   0.0000000e+00
   2.8300000e+00   4.6869317e-01   0.0000000e+00
   2.8500000e+00   4.6762442e-01   0.0000000e+00
   2.8700000e+00   4.6655567e-01   0.0000000e+00
   2.8900000e+00   4.6548691e-01   0.0000000e+00
   2.9100000e+00   4.6441816e-01   0.0000000e+00
   2.9300000e+00   4.6334940e-01   0.0000000e+00
   2.9500000e+00   4.6228065e-01   0.0000000e+00
   2.9700000e+00   4.6121190e-01   0.0000000e+00
   2.9900000e+00   4.6014314e-01   0.0000000e+00
   3.0100000e+00   4.5907439e-01   0.0000000e+00
   3.0300000e+00   4.5800563e-01   0.0000000e+00
   3.0500000e+00   4.5693688e-01   0.0000000e+00
   3.0700000e+00   4.5586812e-01   0.0000000e+00
   3.0900000e+00   4.5479937e-01   0.0000000e+00
   3.1100000e+00   4.5373062e-01   0.0000000e+00
   3.1300000e+00   4.5266186e-01   0.0000000e+00
   3.1500000e+00   4.5159311e-01   0.0000000e+00
   3.1700000e+00   4.5052435e-01   0.0000000e+00
   3.1900000e+00   4.4945560e-01   0.0000000e+00
   3.2100000e+00   4.4838685e-01   0.0000000e+00
   3.2300000e+00   4.4773915e-01   0.0000000e+00
   3.2500000e+00   4.4699591e-01   0.0000000e+00
   3.2700000e+00   4.4615715e-01   0.0000000e+00
   3.2900000e+00   4.4508839e-01   0.0000000e+00
   3.3100000e+00   4.4401964e-01   0.0000000e+00
   3.3300000e+00   4.4295088e-01   0.0000000e+00
   3.3500000e+00   4.4188213e-01   0.0000000e+00
   3.3700000e+00   4.4105776e-01   0.0000000e+00
   3.3900000e+00   4.4047778e-01   0.0000000e+00
   3.4100000e+00   4.3957130e-01   0.0000000e+00
   3.4300000e+00   4.3858368e-01   0.0000000e+00
   3.4500000e+00   4.3751492e-01   0.0000000e+00
   3.4700000e+00   4.3658495e-01   0.0000000e+00
   3.4900000e+00   4.3585277e-01   0.0000000e+00
   3.5100000e+00   4.3531839e-01   0.0000000e+00
   3.5300000e+00   4.3478402e-01   0.0000000e+00
   3.5500000e+00   4.3402973e-01   0.0000000e+00
   3.5700000e+00   4.3305552e-01   0.0000000e+00
   3.5900000e+00   4.3263309e-01   0.0000000e+00
   3.6100000e+00   4.3231863e-01   0.0000000e+00
   3.6300000e+00   4.3211213e-01   0.0000000e+00
   3.6500000e+00   4.3130826e-01   0.0000000e+00
   3.6700000e+00   4.2983757e-01   0.0000000e+00
   3.6900000e+00   4.2770006e-01   0.0000000e+00
   2.0100000e+00   8.2991304e-01   1.0000000e+00
   2.0300000e+00   8.2741794e-01   1.0000000e+00
   2.0500000e+00   8.2492350e-01   1.0000000e+00
   2.0700000e+00   8.2242974e-01   1.0000000e+00
   2.0900000e+00   8.1993598e-01   1.0000000e+00
   2.1100000e+00   8.1768270e-01   1.0000000e+00
   2.1300000e+00   8.1566988e-01   1.0000000e+00
   2.1500000e+00   8.1453744e-01   1.0000000e+00
   2.1700000e+00   8.1316965e-01   1.0000000e+00
   2.1900000e+00   8.1156652e-01   1.0000000e+00
   2.2100000e+00   8.1044479e-01   1.0000000e+00
   2.2300000e+00   8.0880244e-01   1.0000000e+00
   2.2500000e+00   8.0663948e-01   1.0000000e+00
   2.2700000e+00   8.0421566e-01   1.0000000e+00
   2.2900000e+00   8.0200071e-01   1.0000000e+00
   2.3100000e+00   7.9999461e-01   1.0000000e+00
   2.3300000e+00   7.9836199e-01   1.0000000e+00
   2.3500000e+00   7.9620974e-01   1.0000000e+00
   2.3700000e+00   7.9353786e-01   1.0000000e+00
   2.3900000e+00   7.9086597e-01   1.0000000e+00
   2.4100000e+00   7.8835198e-01   1.0000000e+00
   2.4300000e+00   7.8599588e-01   1.0000000e+00
   2.4500000e+00   7.8365925e-01   1.0000000e+00
   2.4700000e+00   7.8111376e-01   1.0000000e+00
   2.4900000e+00   7.7835942e-01   1.0000000e+00
   2.5100000e+00   7.7515315e-01   1.0000000e+00
   2.5300000e+00   7.7194689e-01   1.0000000e+00
   2.5500000e+00   7.6874063e-01   1.0000000e+00
   2.5700000e+00   7.6591787e-01   1.0000000e+00
   2.5900000e+00   7.6317056e-01   1.0000000e+00
   2.6100000e+00   7.6049867e-01   1.0000000e+00
   2.6300000e+00   7.5812714e-01   1.0000000e+00
   2.6500000e+00   7.5617333e-01   1.0000000e+00
   2.6700000e+00   7.5463723e-01   1.0000000e+00
   2.6900000e+00   7.5410285e-01   1.0000000e+00
