   6.1000000e-01   9.9472315e-01   0.0000000e+00
   6.3000000e-01   9.8356227e-01   0.0000000e+00
   6.5000000e-01   9.6818671e-01   0.0000000e+00
   6.7000000e-01   9.5007859e-01   0.0000000e+00
   6.9000000e-01   9.2923788e-01   0.0000000e+00
   7.1000000e-01   9.0839718e-01   0.0000000e+00
   7.3000000e-01   8.8874155e-01   0.0000000e+00
   7.5000000e-01   8.7027099e-01   0.0000000e+00
   7.7000000e-01   8.5428057e-01   0.0000000e+00
   7.9000000e-01   8.3901863e-01   0.0000000e+00
   8.1000000e-01   8.2448519e-01   0.0000000e+00
   8.3000000e-01   8.0952263e-01   0.0000000e+00
   8.5000000e-01   7.9586751e-01   0.0000000e+00
   8.7000000e-01   7.8351983e-01   0.0000000e+00
   8.9000000e-01   7.7122916e-01   0.0000000e+00
   9.1000000e-01   7.5995225e-01   0.0000000e+00
   9.3000000e-01   7.4968911e-01   0.0000000e+00
   9.5000000e-01   7.4148504e-01   0.0000000e+00
   9.7000000e-01   7.3364237e-01   0.0000000e+00
   9.9000000e-01   7.2616109e-01   0.0000000e+00
   1.0100000e+00   7.1867981e-01   0.0000000e+00
   1.0300000e+00   7.1143555e-01   0.0000000e+00
   1.0500000e+00   7.0442830e-01   0.0000000e+00
   1.0700000e+00   6.9891085e-01   0.0000000e+00
   1.0900000e+00   6.9362709e-01   0.0000000e+00
   1.1100000e+00   6.8857699e-01   0.0000000e+00
   1.1300000e+00   6.8335726e-01   0.0000000e+00
   1.1500000e+00   6.7834270e-01   0.0000000e+00
   1.1700000e+00   6.7353330e-01   0.0000000e+00
   1.1900000e+00   6.6872391e-01   0.0000000e+00
   1.2100000e+00   6.6391452e-01   0.0000000e+00
   1.2300000e+00   6.5910512e-01   0.0000000e+00
   1.2500000e+00   6.5398731e-01   0.0000000e+00
   1.2700000e+00   6.4875652e-01   0.0000000e+00
   1.2900000e+00   6.4341275e-01   0.0000000e+00
   1.3100000e+00   6.3814407e-01   0.0000000e+00
   1.3300000e+00   6.3310503e-01   0.0000000e+00
   1.3500000e+00   6.2829564e-01   0.0000000e+00
   1.3700000e+00   6.2299344e-01   0.0000000e+00
   1.3900000e+00   6.1785853e-01   0.0000000e+00
   1.4100000e+00   6.1289089e-01   0.0000000e+00
   1.4300000e+00   6.0808150e-01   0.0000000e+00
   1.4500000e+00   6.0334351e-01   0.0000000e+00
   1.4700000e+00   5.9867693e-01   0.0000000e+00
   1.4900000e+00   5.9440191e-01   0.0000000e+00
   1.5100000e+00   5.9012689e-01   0.0000000e+00
   1.5300000e+00   5.8585188e-01   0.0000000e+00
   1.5500000e+00   5.8157686e-01   0.0000000e+00
   1.5700000e+00   5.7730185e-01   0.0000000e+00
   1.5900000e+00   5.7302683e-01   0.0000000e+00
   1.6100000e+00   5.6896234e-01   0.0000000e+00
   1.6300000e+00   5.6505977e-01   0.0000000e+00
   1.6500000e+00   5.6131913e-01   0.0000000e+00
   1.6700000e+00   5.5757850e-01   0.0000000e+00
   1.6900000e+00   5.5434943e-01   0.0000000e+00
   1.7100000e+00   5.5163194e-01   0.0000000e+00
   1.7300000e+00   5.4856515e-01   0.0000000e+00
   1.7500000e+00   5.4556774e-01   0.0000000e+00
   1.7700000e+00   5.4263972e-01   0.0000000e+00
   1.7900000e+00   5.4012942e-01   0.0000000e+00
   1.8100000e+00   5.3778305e-01   0.0000000e+00
   1.8300000e+00   5.3560063e-01   0.0000000e+00
   1.8500000e+00   5.3292874e-01   0.0000000e+00
   1.8700000e+00   5.3048817e-01   0.0000000e+00
   1.8900000e+00   5.2827892e-01   0.0000000e+00
   1.9100000e+00   5.2683334e-01   0.0000000e+00
   1.9300000e+00   5.2534687e-01   0.0000000e+00
   1.9500000e+00   5.2381952e-01   0.0000000e+00
   1.9700000e+00   5.2179464e-01   0.0000000e+00
   1.9900000e+00   5.1998064e-01   0.0000000e+00
   2.0100000e+00   5.1837751e-01   0.0000000e+00
   2.0300000e+00   5.1624403e-01   0.0000000e+00
   2.0500000e+00   5.1452222e-01   0.0000000e+00
   2.0700000e+00   5.1321208e-01   0.0000000e+00
   2.0900000e+00   5.1184631e-01   0.0000000e+00
   2.1100000e+00   5.1045203e-01   0.0000000e+00
   2.1300000e+00   5.0902925e-01   0.0000000e+00
   2.1500000e+00   5.0783312e-01   0.0000000e+00
   2.1700000e+00   5.0616630e-01   0.0000000e+00
   2.1900000e+00   5.0402879e-01   0.0000000e+00
   2.2100000e+00   5.0285409e-01   0.0000000e+00
   2.2300000e+00   5.0154999e-01   0.0000000e+00
   2.2500000e+00   5.0011650e-01   0.0000000e+00
   2.2700000e+00   4.9876144e-01   0.0000000e+00
   2.2900000e+00   4.9754953e-01   0.0000000e+00
   2.3100000e+00   4.9648078e-01   0.0000000e+00
   2.3300000e+00   4.9541203e-01   0.0000000e+00
   2.3500000e+00   4.9434327e-01   0.0000000e+00
   2.3700000e+00   4.9327452e-01   0.0000000e+00
   2.3900000e+00   4.9220576e-01   0.0000000e+00
   2.4100000e+00   4.9113701e-01   0.0000000e+00
   2.4300000e+00   4.9006826e-01   0.0000000e+00
   2.4500000e+00   4.8899950e-01   0.0000000e+00
   2.4700000e+00   4.8797198e-01   0.0000000e+00
   2.4900000e+00   4.8698568e-01   0.0000000e+00
   2.5100000e+00   4.8645131e-01   0.0000000e+00
   2.5300000e+00   4.8591693e-01   0.0000000e+00
   2.5500000e+00   4.8538255e-01   0.0000000e+00
   2.5700000e+00   4.8484818e-01   0.0000000e+00
   2.5900000e+00   4.8418038e-01   0.0000000e+00
   2.6100000e+00   4.8337916e-01   0.0000000e+00
   2.6300000e+00   4.8261076e-01   0.0000000e+00
   2.6500000e+00   4.8219305e-01   0.0000000e+00
   2.6700000e+00   4.8212602e-01   0.0000000e+00
   2.6900000e+00   4.8105726e-01   0.0000000e+00
   2.7100000e+00   4.8021412e-01   0.0000000e+00
   2.7300000e+00   4.7959660e-01   0.0000000e+00
   2.7500000e+00   4.7906222e-01   0.0000000e+00
   2.7700000e+00   4.7830994e-01   0.0000000e+00
   2.7900000e+00   4.7733977e-01   0.0000000e+00
   2.8100000e+00   4.7604034e-01   0.0000000e+00
   2.8300000e+00   4.7539063e-01   0.0000000e+00
   2.8500000e+00   4.7539063e-01   0.0000000e+00
   2.8700000e+00   4.7331484e-01   0.0000000e+00
   2.8900000e+00   4.7201276e-01   0.0000000e+00
   2.9100000e+00   4.7148438e-01   0.0000000e+00
   2.9300000e+00   4.7062753e-01   0.0000000e+00
   2.9500000e+00   4.6948201e-01   0.0000000e+00
   2.9700000e+00   4.6804783e-01   0.0000000e+00
   2.9900000e+00   4.6692679e-01   0.0000000e+00
   3.0100000e+00   4.6556470e-01   0.0000000e+00
   3.0300000e+00   4.6396157e-01   0.0000000e+00
   3.0500000e+00   4.6282844e-01   0.0000000e+00
   3.0700000e+00   4.6172750e-01   0.0000000e+00
   3.0900000e+00   4.6065875e-01   0.0000000e+00
   3.1100000e+00   4.5958999e-01   0.0000000e+00
   3.1300000e+00   4.5852124e-01   0.0000000e+00
   3.1500000e+00   4.5745248e-01   0.0000000e+00
   3.1700000e+00   4.5638373e-01   0.0000000e+00
   3.1900000e+00   4.5531497e-01   0.0000000e+00
   3.2100000e+00   4.5424622e-01   0.0000000e+00
   3.2300000e+00   4.5359852e-01   0.0000000e+00
   3.2500000e+00   4.5285529e-01   0.0000000e+00
   3.2700000e+00   4.5201652e-01   0.0000000e+00
   2.0100000e+00   8.5042085e-01   1.0000000e+00
   2.0300000e+00   8.4668827e-01   1.0000000e+00
   2.0500000e+00   8.4295166e-01   1.0000000e+00
   2.0700000e+00   8.3921102e-01   1.0000000e+00
   2.0900000e+00   8.3547038e-01   1.0000000e+00
   2.1100000e+00   8.3181992e-01   1.0000000e+00
   2.1300000e+00   8.2825963e-01   1.0000000e+00
   2.1500000e+00   8.2511706e-01   1.0000000e+00
   2.1700000e+00   8.2220983e-01   1.0000000e+00
   2.1900000e+00   8.1953795e-01   1.0000000e+00
   2.2100000e+00   8.1638466e-01   1.0000000e+00
   2.2300000e+00   8.1356962e-01   1.0000000e+00
   2.2500000e+00   8.1109283e-01   1.0000000e+00
   2.2700000e+00   8.0895532e-01   1.0000000e+00
   2.2900000e+00   8.0681782e-01   1.0000000e+00
   2.3100000e+00   8.0468031e-01   1.0000000e+00
   2.3300000e+00   8.0252806e-01   1.0000000e+00
   2.3500000e+00   8.0011599e-01   1.0000000e+00
   2.3700000e+00   7.9744411e-01   1.0000000e+00
   2.3900000e+00   7.9520467e-01   1.0000000e+00
   2.4100000e+00   7.9301621e-01   1.0000000e+00
   2.4300000e+00   7.9087870e-01   1.0000000e+00
   2.4500000e+00   7.8874119e-01   1.0000000e+00
   2.4700000e+00   7.8660368e-01   1.0000000e+00
   2.4900000e+00   7.8446617e-01   1.0000000e+00
   2.5100000e+00   7.8232866e-01   1.0000000e+00
   2.5300000e+00   7.8044124e-01   1.0000000e+00
   2.5500000e+00   7.7880391e-01   1.0000000e+00
   2.5700000e+00   7.7720078e-01   1.0000000e+00
   2.5900000e+00   7.7546422e-01   1.0000000e+00
   2.6100000e+00   7.7359425e-01   1.0000000e+00
   2.6300000e+00   7.7145674e-01   1.0000000e+00
