   6.1000000e-01   9.5477529e-01   0.0000000e+00
   6.3000000e-01   9.3971956e-01   0.0000000e+00
   6.5000000e-01   9.1991882e-01   0.0000000e+00
   6.7000000e-01   8.9639183e-01   0.0000000e+00
   6.9000000e-01   8.6913860e-01   0.0000000e+00
   7.1000000e-01   8.4416166e-01   0.0000000e+00
   7.3000000e-01   8.2022900e-01   0.0000000e+00
   7.5000000e-01   7.9734062e-01   0.0000000e+00
   7.7000000e-01   7.7964779e-01   0.0000000e+00
   7.9000000e-01   7.6434428e-01   0.0000000e+00
   8.1000000e-01   7.5143009e-01   0.0000000e+00
   8.3000000e-01   7.3379565e-01   0.0000000e+00
   8.5000000e-01   7.1773013e-01   0.0000000e+00
   8.7000000e-01   7.0323354e-01   0.0000000e+00
   8.9000000e-01   6.9124323e-01   0.0000000e+00
   9.1000000e-01   6.8079570e-01   0.0000000e+00
   9.3000000e-01   6.7189096e-01   0.0000000e+00
   9.5000000e-01   6.6546300e-01   0.0000000e+00
   9.7000000e-01   6.5957714e-01   0.0000000e+00
   9.9000000e-01   6.5423337e-01   0.0000000e+00
   1.0100000e+00   6.4888960e-01   0.0000000e+00
   1.0300000e+00   6.4354583e-01   0.0000000e+00
   1.0500000e+00   6.3820205e-01   0.0000000e+00
   1.0700000e+00   6.3357301e-01   0.0000000e+00
   1.0900000e+00   6.2924134e-01   0.0000000e+00
   1.1100000e+00   6.2520702e-01   0.0000000e+00
   1.1300000e+00   6.2146638e-01   0.0000000e+00
   1.1500000e+00   6.1772943e-01   0.0000000e+00
   1.1700000e+00   6.1399616e-01   0.0000000e+00
   1.1900000e+00   6.1078990e-01   0.0000000e+00
   1.2100000e+00   6.0758364e-01   0.0000000e+00
   1.2300000e+00   6.0437737e-01   0.0000000e+00
   1.2500000e+00   6.0117111e-01   0.0000000e+00
   1.2700000e+00   5.9806073e-01   0.0000000e+00
   1.2900000e+00   5.9504622e-01   0.0000000e+00
   1.3100000e+00   5.9229924e-01   0.0000000e+00
   1.3300000e+00   5.8932262e-01   0.0000000e+00
   1.3500000e+00   5.8611636e-01   0.0000000e+00
   1.3700000e+00   5.8340290e-01   0.0000000e+00
   1.3900000e+00   5.8071023e-01   0.0000000e+00
   1.4100000e+00   5.7803834e-01   0.0000000e+00
   1.4300000e+00   5.7562593e-01   0.0000000e+00
   1.4500000e+00   5.7335097e-01   0.0000000e+00
   1.4700000e+00   5.7121346e-01   0.0000000e+00
   1.4900000e+00   5.6904981e-01   0.0000000e+00
   1.5100000e+00   5.6663204e-01   0.0000000e+00
   1.5300000e+00   5.6396016e-01   0.0000000e+00
   1.5500000e+00   5.6128827e-01   0.0000000e+00
   1.5700000e+00   5.5861639e-01   0.0000000e+00
   1.5900000e+00   5.5594450e-01   0.0000000e+00
   1.6100000e+00   5.5285156e-01   0.0000000e+00
   1.6300000e+00   5.4952864e-01   0.0000000e+00
   1.6500000e+00   5.4597572e-01   0.0000000e+00
   1.6700000e+00   5.4330384e-01   0.0000000e+00
   1.6900000e+00   5.4088774e-01   0.0000000e+00
   1.7100000e+00   5.3872743e-01   0.0000000e+00
   1.7300000e+00   5.3698483e-01   0.0000000e+00
   1.7500000e+00   5.3489460e-01   0.0000000e+00
   1.7700000e+00   5.3245673e-01   0.0000000e+00
   1.7900000e+00   5.2973521e-01   0.0000000e+00
   1.8100000e+00   5.2755043e-01   0.0000000e+00
   1.8300000e+00   5.2590238e-01   0.0000000e+00
   1.8500000e+00   5.2376487e-01   0.0000000e+00
   1.8700000e+00   5.2185868e-01   0.0000000e+00
   1.8900000e+00   5.2018380e-01   0.0000000e+00
   1.9100000e+00   5.1892663e-01   0.0000000e+00
   1.9300000e+00   5.1764902e-01   0.0000000e+00
   1.9500000e+00   5.1635097e-01   0.0000000e+00
   1.9700000e+00   5.1486047e-01   0.0000000e+00
   1.9900000e+00   5.1358084e-01   0.0000000e+00
   2.0100000e+00   5.1251209e-01   0.0000000e+00
   2.0300000e+00   5.1144334e-01   0.0000000e+00
   2.0500000e+00   5.1058142e-01   0.0000000e+00
   2.0700000e+00   5.0992635e-01   0.0000000e+00
   2.0900000e+00   5.0909496e-01   0.0000000e+00
   2.1100000e+00   5.0814488e-01   0.0000000e+00
   2.1300000e+00   5.0707613e-01   0.0000000e+00
   2.1500000e+00   5.0600737e-01   0.0000000e+00
   2.1700000e+00   5.0493862e-01   0.0000000e+00
   2.1900000e+00   5.0386987e-01   0.0000000e+00
   2.2100000e+00   5.0280111e-01   0.0000000e+00
   2.2300000e+00   5.0154999e-01   0.0000000e+00
   2.2500000e+00   5.0011650e-01   0.0000000e+00
   2.2700000e+00   4.9851337e-01   0.0000000e+00
   2.2900000e+00   4.9697594e-01   0.0000000e+00
   2.3100000e+00   4.9550422e-01   0.0000000e+00
   2.3300000e+00   4.9442072e-01   0.0000000e+00
   2.3500000e+00   4.9307741e-01   0.0000000e+00
   2.3700000e+00   4.9147427e-01   0.0000000e+00
   2.3900000e+00   4.9030360e-01   0.0000000e+00
   2.4100000e+00   4.8918388e-01   0.0000000e+00
   2.4300000e+00   4.8811513e-01   0.0000000e+00
   2.4500000e+00   4.8684725e-01   0.0000000e+00
   2.4700000e+00   4.8545298e-01   0.0000000e+00
   2.4900000e+00   4.8393231e-01   0.0000000e+00
   2.5100000e+00   4.8286355e-01   0.0000000e+00
   2.5300000e+00   4.8204488e-01   0.0000000e+00
   2.5500000e+00   4.8147630e-01   0.0000000e+00
   2.5700000e+00   4.8055842e-01   0.0000000e+00
   2.5900000e+00   4.7956510e-01   0.0000000e+00
   2.6100000e+00   4.7849634e-01   0.0000000e+00
   2.6300000e+00   4.7742759e-01   0.0000000e+00
   2.6500000e+00   4.7634208e-01   0.0000000e+00
   2.6700000e+00   4.7523981e-01   0.0000000e+00
   2.6900000e+00   4.7363668e-01   0.0000000e+00
   2.7100000e+00   4.7225916e-01   0.0000000e+00
   2.7300000e+00   4.7110726e-01   0.0000000e+00
   2.7500000e+00   4.7003850e-01   0.0000000e+00
   2.7700000e+00   4.6896975e-01   0.0000000e+00
   2.7900000e+00   4.6790099e-01   0.0000000e+00
   2.8100000e+00   4.6673101e-01   0.0000000e+00
   2.8300000e+00   4.6534445e-01   0.0000000e+00
   2.8500000e+00   4.6374132e-01   0.0000000e+00
   2.8700000e+00   4.6265713e-01   0.0000000e+00
   2.8900000e+00   4.6158066e-01   0.0000000e+00
   2.9100000e+00   4.6051191e-01   0.0000000e+00
   2.9300000e+00   4.5915754e-01   0.0000000e+00
   2.9500000e+00   4.5784774e-01   0.0000000e+00
   2.9700000e+00   4.5658251e-01   0.0000000e+00
   2.9900000e+00   4.5615271e-01   0.0000000e+00
   3.0100000e+00   4.5620499e-01   0.0000000e+00
   3.0300000e+00   4.5673937e-01   0.0000000e+00
   2.0100000e+00   7.5568220e-01   1.0000000e+00
   2.0300000e+00   7.5354872e-01   1.0000000e+00
   2.0500000e+00   7.5120639e-01   1.0000000e+00
   2.0700000e+00   7.4865519e-01   1.0000000e+00
   2.0900000e+00   7.4598331e-01   1.0000000e+00
   2.1100000e+00   7.4340160e-01   1.0000000e+00
   2.1300000e+00   7.4091007e-01   1.0000000e+00
   2.1500000e+00   7.3889994e-01   1.0000000e+00
   2.1700000e+00   7.3736050e-01   1.0000000e+00
   2.1900000e+00   7.3629174e-01   1.0000000e+00
   2.2100000e+00   7.3474159e-01   1.0000000e+00
   2.2300000e+00   7.3316494e-01   1.0000000e+00
   2.2500000e+00   7.3156181e-01   1.0000000e+00
   2.2700000e+00   7.2995868e-01   1.0000000e+00
   2.2900000e+00   7.2835555e-01   1.0000000e+00
   2.3100000e+00   7.2675242e-01   1.0000000e+00
   2.3300000e+00   7.2516403e-01   1.0000000e+00
   2.3500000e+00   7.2383546e-01   1.0000000e+00
   2.3700000e+00   7.2276670e-01   1.0000000e+00
   2.3900000e+00   7.2126550e-01   1.0000000e+00
   2.4100000e+00   7.1971333e-01   1.0000000e+00
   2.4300000e+00   7.1811019e-01   1.0000000e+00
   2.4500000e+00   7.1630794e-01   1.0000000e+00
   2.4700000e+00   7.1437929e-01   1.0000000e+00
   2.4900000e+00   7.1232424e-01   1.0000000e+00
   2.5100000e+00   7.1072111e-01   1.0000000e+00
   2.5300000e+00   7.0961815e-01   1.0000000e+00
   2.5500000e+00   7.0901536e-01   1.0000000e+00
   2.5700000e+00   7.0886450e-01   1.0000000e+00
   2.5900000e+00   7.0865564e-01   1.0000000e+00
   2.6100000e+00   7.0838880e-01   1.0000000e+00
   2.6300000e+00   7.0800460e-01   1.0000000e+00
   2.6500000e+00   7.0781250e-01   1.0000000e+00
   2.6700000e+00   7.0781250e-01   1.0000000e+00
   2.6900000e+00   7.0781250e-01   1.0000000e+00
   2.7100000e+00   7.0758689e-01   1.0000000e+00
   2.7300000e+00   7.0713566e-01   1.0000000e+00
   2.7500000e+00   7.0660128e-01   1.0000000e+00
   2.7700000e+00   7.0584901e-01   1.0000000e+00
   2.7900000e+00   7.0487883e-01   1.0000000e+00
   2.8100000e+00   7.0307324e-01   1.0000000e+00
   2.8300000e+00   7.0083450e-01   1.0000000e+00
   2.8500000e+00   6.9816261e-01   1.0000000e+00
   2.8700000e+00   6.9445283e-01   1.0000000e+00
   2.8900000e+00   6.9133105e-01   1.0000000e+00
   2.9100000e+00   6.8879725e-01   1.0000000e+00
   2.9300000e+00   6.8751659e-01   1.0000000e+00
   2.9500000e+00   6.8660907e-01   1.0000000e+00
   2.9700000e+00   6.8607470e-01   1.0000000e+00
   2.9900000e+00   6.8548803e-01   1.0000000e+00
   3.0100000e+00   6.8466032e-01   1.0000000e+00
   3.0300000e+00   6.8359157e-01   1.0000000e+00
   3.0500000e+00   6.8205282e-01   1.0000000e+00
   3.0700000e+00   6.8030521e-01   1.0000000e+00
   3.0900000e+00   6.7834874e-01   1.0000000e+00
   3.1100000e+00   6.7668457e-01   1.0000000e+00
   3.1300000e+00   6.7519811e-01   1.0000000e+00
   3.1500000e+00   6.7388934e-01   1.0000000e+00
   3.1700000e+00   6.7175183e-01   1.0000000e+00
   3.1900000e+00   6.6961432e-01   1.0000000e+00
   3.2100000e+00   6.6747682e-01   1.0000000e+00
   3.2300000e+00   6.6533931e-01   1.0000000e+00
   3.2500000e+00   6.6320180e-01   1.0000000e+00
   3.2700000e+00   6.6106429e-01   1.0000000e+00
