   6.0000000e-01   9.4961492e-01   0.0000000e+00
   6.2000000e-01   9.2737562e-01   0.0000000e+00
   6.4000000e-01   9.0201989e-01   0.0000000e+00
   6.6000000e-01   8.7354773e-01   0.0000000e+00
   6.8000000e-01   8.4308824e-01   0.0000000e+00
   7.0000000e-01   8.1763658e-01   0.0000000e+00
   7.2000000e-01   7.9719274e-01   0.0000000e+00
   7.4000000e-01   7.7882814e-01   0.0000000e+00
   7.6000000e-01   7.6045046e-01   0.0000000e+00
   7.8000000e-01   7.4205972e-01   0.0000000e+00
   8.0000000e-01   7.2388284e-01   0.0000000e+00
   8.2000000e-01   7.0677874e-01   0.0000000e+00
   8.4000000e-01   6.9074743e-01   0.0000000e+00
   8.6000000e-01   6.8151481e-01   0.0000000e+00
   8.8000000e-01   6.7276260e-01   0.0000000e+00
   9.0000000e-01   6.6449081e-01   0.0000000e+00
   9.2000000e-01   6.5792339e-01   0.0000000e+00
   9.4000000e-01   6.5188130e-01   0.0000000e+00
   9.6000000e-01   6.4636455e-01   0.0000000e+00
   9.8000000e-01   6.4059904e-01   0.0000000e+00
   1.0000000e+00   6.3531158e-01   0.0000000e+00
   1.0200000e+00   6.3050219e-01   0.0000000e+00
   1.0400000e+00   6.2569280e-01   0.0000000e+00
   1.0600000e+00   6.2088340e-01   0.0000000e+00
   1.0800000e+00   6.1607401e-01   0.0000000e+00
   1.1000000e+00   6.1150532e-01   0.0000000e+00
   1.1200000e+00   6.0714548e-01   0.0000000e+00
   1.1400000e+00   6.0299450e-01   0.0000000e+00
   1.1600000e+00   5.9925386e-01   0.0000000e+00
   1.1800000e+00   5.9551322e-01   0.0000000e+00
   1.2000000e+00   5.9177258e-01   0.0000000e+00
   1.2200000e+00   5.8760686e-01   0.0000000e+00
   1.2400000e+00   5.8354070e-01   0.0000000e+00
   1.2600000e+00   5.7957410e-01   0.0000000e+00
   1.2800000e+00   5.7602522e-01   0.0000000e+00
   1.3000000e+00   5.7261010e-01   0.0000000e+00
   1.3200000e+00   5.6932875e-01   0.0000000e+00
   1.3400000e+00   5.6558811e-01   0.0000000e+00
   1.3600000e+00   5.6209387e-01   0.0000000e+00
   1.3800000e+00   5.5884603e-01   0.0000000e+00
   1.4000000e+00   5.5526363e-01   0.0000000e+00
   1.4200000e+00   5.5199132e-01   0.0000000e+00
   1.4400000e+00   5.4902910e-01   0.0000000e+00
   1.4600000e+00   5.4660598e-01   0.0000000e+00
   1.4800000e+00   5.4380435e-01   0.0000000e+00
   1.5000000e+00   5.4062424e-01   0.0000000e+00
   1.5200000e+00   5.3795235e-01   0.0000000e+00
   1.5400000e+00   5.3528047e-01   0.0000000e+00
   1.5600000e+00   5.3260858e-01   0.0000000e+00
   1.5800000e+00   5.2993669e-01   0.0000000e+00
   1.6000000e+00   5.2747534e-01   0.0000000e+00
   1.6200000e+00   5.2522451e-01   0.0000000e+00
   1.6400000e+00   5.2352751e-01   0.0000000e+00
   1.6600000e+00   5.2161026e-01   0.0000000e+00
   1.6800000e+00   5.1947275e-01   0.0000000e+00
   1.7000000e+00   5.1733524e-01   0.0000000e+00
   1.7200000e+00   5.1539519e-01   0.0000000e+00
   1.7400000e+00   5.1365259e-01   0.0000000e+00
   1.7600000e+00   5.1204946e-01   0.0000000e+00
   1.7800000e+00   5.1044633e-01   0.0000000e+00
   1.8000000e+00   5.0884320e-01   0.0000000e+00
   1.8200000e+00   5.0724007e-01   0.0000000e+00
   1.8400000e+00   5.0563694e-01   0.0000000e+00
   1.8600000e+00   5.0403381e-01   0.0000000e+00
   1.8800000e+00   5.0196805e-01   0.0000000e+00
   1.9000000e+00   5.0003939e-01   0.0000000e+00
   1.9200000e+00   4.9824785e-01   0.0000000e+00
   1.9400000e+00   4.9664472e-01   0.0000000e+00
   1.9600000e+00   4.9498527e-01   0.0000000e+00
   1.9800000e+00   4.9326950e-01   0.0000000e+00
   2.0000000e+00   4.9113200e-01   0.0000000e+00
   2.0200000e+00   4.8925966e-01   0.0000000e+00
   2.0400000e+00   4.8765250e-01   0.0000000e+00
   2.0600000e+00   4.8604937e-01   0.0000000e+00
   2.0800000e+00   4.8444624e-01   0.0000000e+00
   2.1000000e+00   4.8284311e-01   0.0000000e+00
   2.1200000e+00   4.8142033e-01   0.0000000e+00
   2.1400000e+00   4.8017456e-01   0.0000000e+00
   2.1600000e+00   4.7910581e-01   0.0000000e+00
   2.1800000e+00   4.7803706e-01   0.0000000e+00
   2.2000000e+00   4.7648690e-01   0.0000000e+00
   2.2200000e+00   4.7445535e-01   0.0000000e+00
   2.2400000e+00   4.7304731e-01   0.0000000e+00
   2.2600000e+00   4.7168488e-01   0.0000000e+00
   2.2800000e+00   4.7036805e-01   0.0000000e+00
   2.3000000e+00   4.6889633e-01   0.0000000e+00
   2.3200000e+00   4.6762609e-01   0.0000000e+00
   2.3400000e+00   4.6655734e-01   0.0000000e+00
   2.3600000e+00   4.6548858e-01   0.0000000e+00
   2.3800000e+00   4.6398737e-01   0.0000000e+00
   2.4000000e+00   4.6205371e-01   0.0000000e+00
   2.4200000e+00   4.6086357e-01   0.0000000e+00
   2.4400000e+00   4.5980219e-01   0.0000000e+00
   2.4600000e+00   4.5886956e-01   0.0000000e+00
   2.0100000e+00   7.4006929e-01   1.0000000e+00
   2.0300000e+00   7.3792775e-01   1.0000000e+00
   2.0500000e+00   7.3558139e-01   1.0000000e+00
   2.0700000e+00   7.3303019e-01   1.0000000e+00
   2.0900000e+00   7.3035831e-01   1.0000000e+00
   2.1100000e+00   7.2759625e-01   1.0000000e+00
   2.1300000e+00   7.2474401e-01   1.0000000e+00
   2.1500000e+00   7.2160144e-01   1.0000000e+00
   2.1700000e+00   7.1869421e-01   1.0000000e+00
   2.1900000e+00   7.1602232e-01   1.0000000e+00
   2.2100000e+00   7.1383184e-01   1.0000000e+00
   2.2300000e+00   7.1148547e-01   1.0000000e+00
   2.2500000e+00   7.0898323e-01   1.0000000e+00
   2.2700000e+00   7.0655941e-01   1.0000000e+00
   2.2900000e+00   7.0427875e-01   1.0000000e+00
   2.3100000e+00   7.0214125e-01   1.0000000e+00
   2.3300000e+00   6.9998900e-01   1.0000000e+00
   2.3500000e+00   6.9757693e-01   1.0000000e+00
   2.3700000e+00   6.9490504e-01   1.0000000e+00
   2.3900000e+00   6.9266561e-01   1.0000000e+00
   2.4100000e+00   6.9047714e-01   1.0000000e+00
   2.4300000e+00   6.8833963e-01   1.0000000e+00
   2.4500000e+00   6.8660038e-01   1.0000000e+00
   2.4700000e+00   6.8515514e-01   1.0000000e+00
   2.4900000e+00   6.8400393e-01   1.0000000e+00
   2.5100000e+00   6.8240079e-01   1.0000000e+00
   2.5300000e+00   6.8079766e-01   1.0000000e+00
   2.5500000e+00   6.7919453e-01   1.0000000e+00
   2.5700000e+00   6.7720789e-01   1.0000000e+00
   2.5900000e+00   6.7541266e-01   1.0000000e+00
   2.6100000e+00   6.7380884e-01   1.0000000e+00
   2.6300000e+00   6.7243973e-01   1.0000000e+00
   2.6500000e+00   6.7071993e-01   1.0000000e+00
   2.6700000e+00   6.6864946e-01   1.0000000e+00
   2.6900000e+00   6.6758070e-01   1.0000000e+00
   2.7100000e+00   6.6651195e-01   1.0000000e+00
   2.7300000e+00   6.6544319e-01   1.0000000e+00
   2.7500000e+00   6.6437444e-01   1.0000000e+00
   2.7700000e+00   6.6330568e-01   1.0000000e+00
   2.7900000e+00   6.6223693e-01   1.0000000e+00
   2.8100000e+00   6.6106694e-01   1.0000000e+00
   2.8300000e+00   6.5968038e-01   1.0000000e+00
   2.8500000e+00   6.5807725e-01   1.0000000e+00
   2.8700000e+00   6.5699307e-01   1.0000000e+00
   2.8900000e+00   6.5551432e-01   1.0000000e+00
   2.9100000e+00   6.5364100e-01   1.0000000e+00
   2.9300000e+00   6.5150349e-01   1.0000000e+00
   2.9500000e+00   6.4936598e-01   1.0000000e+00
   2.9700000e+00   6.4722848e-01   1.0000000e+00
   2.9900000e+00   6.4509097e-01   1.0000000e+00
   3.0100000e+00   6.4295346e-01   1.0000000e+00
   3.0300000e+00   6.4081595e-01   1.0000000e+00
   3.0500000e+00   6.3961844e-01   1.0000000e+00
   3.0700000e+00   6.3830864e-01   1.0000000e+00
   3.0900000e+00   6.3688656e-01   1.0000000e+00
   3.1100000e+00   6.3552009e-01   1.0000000e+00
   3.1300000e+00   6.3430249e-01   1.0000000e+00
   3.1500000e+00   6.3323373e-01   1.0000000e+00
   3.1700000e+00   6.3215496e-01   1.0000000e+00
   3.1900000e+00   6.3027962e-01   1.0000000e+00
   3.2100000e+00   6.2760774e-01   1.0000000e+00
   3.2300000e+00   6.2535691e-01   1.0000000e+00
