   6.0000000e-01   9.2316931e-01   0.0000000e+00
   6.2000000e-01   8.9964600e-01   0.0000000e+00
   6.4000000e-01   8.7479212e-01   0.0000000e+00
   6.6000000e-01   8.4860764e-01   0.0000000e+00
   6.8000000e-01   8.2242317e-01   0.0000000e+00
   7.0000000e-01   7.9919786e-01   0.0000000e+00
   7.2000000e-01   7.7893173e-01   0.0000000e+00
   7.4000000e-01   7.5698542e-01   0.0000000e+00
   7.6000000e-01   7.3636428e-01   0.0000000e+00
   7.8000000e-01   7.1706832e-01   0.0000000e+00
   8.0000000e-01   7.0360364e-01   0.0000000e+00
   8.2000000e-01   6.8992439e-01   0.0000000e+00
   8.4000000e-01   6.7603059e-01   0.0000000e+00
   8.6000000e-01   6.6632059e-01   0.0000000e+00
   8.8000000e-01   6.5685935e-01   0.0000000e+00
   9.0000000e-01   6.4764688e-01   0.0000000e+00
   9.2000000e-01   6.3943141e-01   0.0000000e+00
   9.4000000e-01   6.3166952e-01   0.0000000e+00
   9.6000000e-01   6.2436123e-01   0.0000000e+00
   9.8000000e-01   6.1747064e-01   0.0000000e+00
   1.0000000e+00   6.1081909e-01   0.0000000e+00
   1.0200000e+00   6.0440657e-01   0.0000000e+00
   1.0400000e+00   5.9799404e-01   0.0000000e+00
   1.0600000e+00   5.9211756e-01   0.0000000e+00
   1.0800000e+00   5.8677713e-01   0.0000000e+00
   1.1000000e+00   5.8124564e-01   0.0000000e+00
   1.1200000e+00   5.7539767e-01   0.0000000e+00
   1.1400000e+00   5.6923321e-01   0.0000000e+00
   1.1600000e+00   5.6388207e-01   0.0000000e+00
   1.1800000e+00   5.5826743e-01   0.0000000e+00
   1.2000000e+00   5.5238928e-01   0.0000000e+00
   1.2200000e+00   5.4736130e-01   0.0000000e+00
   1.2400000e+00   5.4244261e-01   0.0000000e+00
   1.2600000e+00   5.3763322e-01   0.0000000e+00
   1.2800000e+00   5.3301558e-01   0.0000000e+00
   1.3000000e+00   5.2856925e-01   0.0000000e+00
   1.3200000e+00   5.2429424e-01   0.0000000e+00
   1.3400000e+00   5.2001922e-01   0.0000000e+00
   1.3600000e+00   5.1623701e-01   0.0000000e+00
   1.3800000e+00   5.1294759e-01   0.0000000e+00
   1.4000000e+00   5.0936519e-01   0.0000000e+00
   1.4200000e+00   5.0583341e-01   0.0000000e+00
   1.4400000e+00   5.0235224e-01   0.0000000e+00
   1.4600000e+00   4.9928879e-01   0.0000000e+00
   1.4800000e+00   4.9640805e-01   0.0000000e+00
   1.5000000e+00   4.9371002e-01   0.0000000e+00
   1.5200000e+00   4.9050376e-01   0.0000000e+00
   1.5400000e+00   4.8751942e-01   0.0000000e+00
   1.5600000e+00   4.8475702e-01   0.0000000e+00
   1.5800000e+00   4.8241232e-01   0.0000000e+00
   1.6000000e+00   4.8006596e-01   0.0000000e+00
   1.6200000e+00   4.7771792e-01   0.0000000e+00
   1.6400000e+00   4.7532763e-01   0.0000000e+00
   1.6600000e+00   4.7359810e-01   0.0000000e+00
   1.6800000e+00   4.7252934e-01   0.0000000e+00
   1.7000000e+00   4.7043744e-01   0.0000000e+00
   1.7200000e+00   4.6852019e-01   0.0000000e+00
   1.7400000e+00   4.6677759e-01   0.0000000e+00
   1.7600000e+00   4.6489622e-01   0.0000000e+00
   1.7800000e+00   4.6304835e-01   0.0000000e+00
   1.8000000e+00   4.6123401e-01   0.0000000e+00
   1.8200000e+00   4.6007542e-01   0.0000000e+00
   1.8400000e+00   4.5842738e-01   0.0000000e+00
   1.8600000e+00   4.5628987e-01   0.0000000e+00
   1.8800000e+00   4.5507762e-01   0.0000000e+00
   1.9000000e+00   4.5376413e-01   0.0000000e+00
   1.9200000e+00   4.5234941e-01   0.0000000e+00
   1.9400000e+00   4.5074628e-01   0.0000000e+00
   1.9600000e+00   4.4925579e-01   0.0000000e+00
   1.9800000e+00   4.4787792e-01   0.0000000e+00
   2.0000000e+00   4.4734355e-01   0.0000000e+00
   2.0200000e+00   4.4654400e-01   0.0000000e+00
   2.0400000e+00   4.4547927e-01   0.0000000e+00
   2.0600000e+00   4.4441052e-01   0.0000000e+00
   2.0800000e+00   4.4334176e-01   0.0000000e+00
   2.1000000e+00   4.4227301e-01   0.0000000e+00
   2.1200000e+00   4.4120425e-01   0.0000000e+00
   2.1400000e+00   4.4016735e-01   0.0000000e+00
   2.1600000e+00   4.3916228e-01   0.0000000e+00
   2.1800000e+00   4.3862790e-01   0.0000000e+00
   2.2000000e+00   4.3785282e-01   0.0000000e+00
   2.2200000e+00   4.3683705e-01   0.0000000e+00
   2.2400000e+00   4.3576829e-01   0.0000000e+00
   2.2600000e+00   4.3469954e-01   0.0000000e+00
   2.2800000e+00   4.3363079e-01   0.0000000e+00
   2.3000000e+00   4.3256203e-01   0.0000000e+00
   2.3200000e+00   4.3149328e-01   0.0000000e+00
   2.3400000e+00   4.3042452e-01   0.0000000e+00
   2.3600000e+00   4.2935577e-01   0.0000000e+00
   2.3800000e+00   4.2807079e-01   0.0000000e+00
   2.4000000e+00   4.2656958e-01   0.0000000e+00
   2.4200000e+00   4.2528224e-01   0.0000000e+00
   2.4400000e+00   4.2400463e-01   0.0000000e+00
   2.4600000e+00   4.2273675e-01   0.0000000e+00
   2.4800000e+00   4.2121608e-01   0.0000000e+00
   2.5000000e+00   4.1992136e-01   0.0000000e+00
   2.5200000e+00   4.1885261e-01   0.0000000e+00
   2.5400000e+00   4.1828403e-01   0.0000000e+00
   2.5600000e+00   4.1754080e-01   0.0000000e+00
   2.5800000e+00   4.1662291e-01   0.0000000e+00
   2.6000000e+00   4.1555416e-01   0.0000000e+00
   2.6200000e+00   4.1456049e-01   0.0000000e+00
   2.6400000e+00   4.1364192e-01   0.0000000e+00
   2.6600000e+00   4.1310754e-01   0.0000000e+00
   2.6800000e+00   4.1257316e-01   0.0000000e+00
   2.7000000e+00   4.1203879e-01   0.0000000e+00
   2.7200000e+00   4.1105318e-01   0.0000000e+00
   2.7400000e+00   4.1036057e-01   0.0000000e+00
   2.7600000e+00   4.0996094e-01   0.0000000e+00
   2.7800000e+00   4.0952514e-01   0.0000000e+00
   2.8000000e+00   4.0887410e-01   0.0000000e+00
   2.8200000e+00   4.0800781e-01   0.0000000e+00
   2.8400000e+00   4.0800781e-01   0.0000000e+00
   2.8600000e+00   4.0774834e-01   0.0000000e+00
   2.8800000e+00   4.0722939e-01   0.0000000e+00
   2.9000000e+00   4.0709730e-01   0.0000000e+00
   2.9200000e+00   4.0703125e-01   0.0000000e+00
   2.9400000e+00   4.0703125e-01   0.0000000e+00
   2.9600000e+00   4.0703125e-01   0.0000000e+00
   2.9800000e+00   4.0700511e-01   0.0000000e+00
   3.0000000e+00   4.0695282e-01   0.0000000e+00
   3.0200000e+00   4.0641844e-01   0.0000000e+00
   3.0400000e+00   4.0611907e-01   0.0000000e+00
   3.0600000e+00   4.0605469e-01   0.0000000e+00
   3.0800000e+00   4.0711469e-01   0.0000000e+00
   2.0000000e+00   6.9214701e-01   1.0000000e+00
   2.0200000e+00   6.8867154e-01   1.0000000e+00
   2.0400000e+00   6.8546125e-01   1.0000000e+00
   2.0600000e+00   6.8225499e-01   1.0000000e+00
   2.0800000e+00   6.7919724e-01   1.0000000e+00
   2.1000000e+00   6.7628799e-01   1.0000000e+00
   2.1200000e+00   6.7343575e-01   1.0000000e+00
   2.1400000e+00   6.7043835e-01   1.0000000e+00
   2.1600000e+00   6.6729577e-01   1.0000000e+00
   2.1800000e+00   6.6462389e-01   1.0000000e+00
   2.2000000e+00   6.6195200e-01   1.0000000e+00
   2.2200000e+00   6.5928012e-01   1.0000000e+00
   2.2400000e+00   6.5697297e-01   1.0000000e+00
   2.2600000e+00   6.5462661e-01   1.0000000e+00
   2.2800000e+00   6.5224103e-01   1.0000000e+00
   2.3000000e+00   6.4943773e-01   1.0000000e+00
   2.3200000e+00   6.4644770e-01   1.0000000e+00
   2.3400000e+00   6.4327092e-01   1.0000000e+00
   2.3600000e+00   6.4113341e-01   1.0000000e+00
   2.3800000e+00   6.3899591e-01   1.0000000e+00
   2.4000000e+00   6.3685840e-01   1.0000000e+00
   2.4200000e+00   6.3472089e-01   1.0000000e+00
   2.4400000e+00   6.3258338e-01   1.0000000e+00
   2.4600000e+00   6.3044587e-01   1.0000000e+00
   2.4800000e+00   6.2822590e-01   1.0000000e+00
   2.5000000e+00   6.2577998e-01   1.0000000e+00
   2.5200000e+00   6.2310809e-01   1.0000000e+00
   2.5400000e+00   6.2043621e-01   1.0000000e+00
   2.5600000e+00   6.1776432e-01   1.0000000e+00
   2.5800000e+00   6.1509243e-01   1.0000000e+00
   2.6000000e+00   6.1242055e-01   1.0000000e+00
   2.6200000e+00   6.0982375e-01   1.0000000e+00
   2.6400000e+00   6.0730205e-01   1.0000000e+00
   2.6600000e+00   6.0513103e-01   1.0000000e+00
   2.6800000e+00   6.0270957e-01   1.0000000e+00
   2.7000000e+00   6.0003769e-01   1.0000000e+00
   2.7200000e+00   5.9826826e-01   1.0000000e+00
   2.7400000e+00   5.9641469e-01   1.0000000e+00
   2.7600000e+00   5.9447700e-01   1.0000000e+00
   2.7800000e+00   5.9255739e-01   1.0000000e+00
   2.8000000e+00   5.9074540e-01   1.0000000e+00
   2.8200000e+00   5.8904104e-01   1.0000000e+00
   2.8400000e+00   5.8690353e-01   1.0000000e+00
   2.8600000e+00   5.8476602e-01   1.0000000e+00
   2.8800000e+00   5.8262851e-01   1.0000000e+00
