   6.0000000e-01   9.4082586e-01   0.0000000e+00
   6.2000000e-01   9.1889498e-01   0.0000000e+00
   6.4000000e-01   8.9422783e-01   0.0000000e+00
   6.6000000e-01   8.6682443e-01   0.0000000e+00
   6.8000000e-01   8.3743369e-01   0.0000000e+00
   7.0000000e-01   8.1168501e-01   0.0000000e+00
   7.2000000e-01   7.8957839e-01   0.0000000e+00
   7.4000000e-01   7.6975346e-01   0.0000000e+00
   7.6000000e-01   7.5099896e-01   0.0000000e+00
   7.8000000e-01   7.3331488e-01   0.0000000e+00
   8.0000000e-01   7.1781795e-01   0.0000000e+00
   8.2000000e-01   7.0232101e-01   0.0000000e+00
   8.4000000e-01   6.8682408e-01   0.0000000e+00
   8.6000000e-01   6.7446500e-01   0.0000000e+00
   8.8000000e-01   6.6315590e-01   0.0000000e+00
   9.0000000e-01   6.5289679e-01   0.0000000e+00
   9.2000000e-01   6.4385729e-01   0.0000000e+00
   9.4000000e-01   6.3532200e-01   0.0000000e+00
   9.6000000e-01   6.2729092e-01   0.0000000e+00
   9.8000000e-01   6.2034401e-01   0.0000000e+00
   1.0000000e+00   6.1339711e-01   0.0000000e+00
   1.0200000e+00   6.0645021e-01   0.0000000e+00
   1.0400000e+00   6.0045137e-01   0.0000000e+00
   1.0600000e+00   5.9451287e-01   0.0000000e+00
   1.0800000e+00   5.8863473e-01   0.0000000e+00
   1.1000000e+00   5.8275658e-01   0.0000000e+00
   1.1200000e+00   5.7687843e-01   0.0000000e+00
   1.1400000e+00   5.7100028e-01   0.0000000e+00
   1.1600000e+00   5.6512951e-01   0.0000000e+00
   1.1800000e+00   5.5952223e-01   0.0000000e+00
   1.2000000e+00   5.5417846e-01   0.0000000e+00
   1.2200000e+00   5.4925978e-01   0.0000000e+00
   1.2400000e+00   5.4439574e-01   0.0000000e+00
   1.2600000e+00   5.3958634e-01   0.0000000e+00
   1.2800000e+00   5.3477695e-01   0.0000000e+00
   1.3000000e+00   5.2996756e-01   0.0000000e+00
   1.3200000e+00   5.2515816e-01   0.0000000e+00
   1.3400000e+00   5.2034877e-01   0.0000000e+00
   1.3600000e+00   5.1603218e-01   0.0000000e+00
   1.3800000e+00   5.1220839e-01   0.0000000e+00
   1.4000000e+00   5.0846775e-01   0.0000000e+00
   1.4200000e+00   5.0498659e-01   0.0000000e+00
   1.4400000e+00   5.0176489e-01   0.0000000e+00
   1.4600000e+00   4.9880739e-01   0.0000000e+00
   1.4800000e+00   4.9548446e-01   0.0000000e+00
   1.5000000e+00   4.9179611e-01   0.0000000e+00
   1.5200000e+00   4.8912423e-01   0.0000000e+00
   1.5400000e+00   4.8667427e-01   0.0000000e+00
   1.5600000e+00   4.8444624e-01   0.0000000e+00
   1.5800000e+00   4.8198154e-01   0.0000000e+00
   1.6000000e+00   4.7962377e-01   0.0000000e+00
   1.6200000e+00   4.7737294e-01   0.0000000e+00
   1.6400000e+00   4.7576981e-01   0.0000000e+00
   1.6600000e+00   4.7416668e-01   0.0000000e+00
   1.6800000e+00   4.7256355e-01   0.0000000e+00
   1.7000000e+00   4.7096042e-01   0.0000000e+00
   1.7200000e+00   4.6955474e-01   0.0000000e+00
   1.7400000e+00   4.6834652e-01   0.0000000e+00
   1.7600000e+00   4.6672128e-01   0.0000000e+00
   1.7800000e+00   4.6500148e-01   0.0000000e+00
   1.8000000e+00   4.6318713e-01   0.0000000e+00
   1.8200000e+00   4.6211838e-01   0.0000000e+00
   1.8400000e+00   4.6104963e-01   0.0000000e+00
   1.8600000e+00   4.5998087e-01   0.0000000e+00
   1.8800000e+00   4.5798686e-01   0.0000000e+00
   1.9000000e+00   4.5626706e-01   0.0000000e+00
   1.9200000e+00   4.5482148e-01   0.0000000e+00
   1.9400000e+00   4.5375273e-01   0.0000000e+00
   1.9600000e+00   4.5262766e-01   0.0000000e+00
   1.9800000e+00   4.5144627e-01   0.0000000e+00
   2.0000000e+00   4.4984314e-01   0.0000000e+00
   2.0200000e+00   4.4877035e-01   0.0000000e+00
   2.0400000e+00   4.4822792e-01   0.0000000e+00
   2.0600000e+00   4.4769354e-01   0.0000000e+00
   2.0800000e+00   4.4701065e-01   0.0000000e+00
   2.1000000e+00   4.4617926e-01   0.0000000e+00
   2.1200000e+00   4.4511050e-01   0.0000000e+00
   2.1400000e+00   4.4404175e-01   0.0000000e+00
   2.1600000e+00   4.4297300e-01   0.0000000e+00
   2.1800000e+00   4.4190424e-01   0.0000000e+00
   2.2000000e+00   4.4083549e-01   0.0000000e+00
   2.2200000e+00   4.3976673e-01   0.0000000e+00
   2.2400000e+00   4.3869798e-01   0.0000000e+00
   2.2600000e+00   4.3762923e-01   0.0000000e+00
   2.2800000e+00   4.3656047e-01   0.0000000e+00
   2.3000000e+00   4.3549172e-01   0.0000000e+00
   2.3200000e+00   4.3442296e-01   0.0000000e+00
   2.3400000e+00   4.3335421e-01   0.0000000e+00
   2.3600000e+00   4.3228546e-01   0.0000000e+00
   2.3800000e+00   4.3100047e-01   0.0000000e+00
   2.4000000e+00   4.2949927e-01   0.0000000e+00
   2.4200000e+00   4.2821193e-01   0.0000000e+00
   2.4400000e+00   4.2703388e-01   0.0000000e+00
   2.4600000e+00   4.2596512e-01   0.0000000e+00
   2.4800000e+00   4.2497883e-01   0.0000000e+00
   2.5000000e+00   4.2421850e-01   0.0000000e+00
   2.5200000e+00   4.2368412e-01   0.0000000e+00
   2.5400000e+00   4.2264957e-01   0.0000000e+00
   2.5600000e+00   4.2159792e-01   0.0000000e+00
   2.5800000e+00   4.2052916e-01   0.0000000e+00
   2.6000000e+00   4.1946041e-01   0.0000000e+00
   2.6200000e+00   4.1854183e-01   0.0000000e+00
   2.6400000e+00   4.1777344e-01   0.0000000e+00
   2.6600000e+00   4.1770641e-01   0.0000000e+00
   2.6800000e+00   4.1713852e-01   0.0000000e+00
   2.7000000e+00   4.1606976e-01   0.0000000e+00
   2.7200000e+00   4.1545224e-01   0.0000000e+00
   2.7400000e+00   4.1487628e-01   0.0000000e+00
   2.7600000e+00   4.1434191e-01   0.0000000e+00
   2.7800000e+00   4.1358963e-01   0.0000000e+00
   2.8000000e+00   4.1278035e-01   0.0000000e+00
   2.8200000e+00   4.1191406e-01   0.0000000e+00
   2.8400000e+00   4.1191406e-01   0.0000000e+00
   2.8600000e+00   4.1139512e-01   0.0000000e+00
   2.8800000e+00   4.1035723e-01   0.0000000e+00
   2.9000000e+00   4.1009303e-01   0.0000000e+00
   2.9200000e+00   4.0967532e-01   0.0000000e+00
   2.9400000e+00   4.0910409e-01   0.0000000e+00
   2.9600000e+00   4.0820429e-01   0.0000000e+00
   2.9800000e+00   4.0748720e-01   0.0000000e+00
   3.0000000e+00   4.0695282e-01   0.0000000e+00
   3.0200000e+00   4.0641844e-01   0.0000000e+00
   3.0400000e+00   4.0564907e-01   0.0000000e+00
   3.0600000e+00   4.0464469e-01   0.0000000e+00
   3.0800000e+00   4.0392927e-01   0.0000000e+00
   3.1000000e+00   4.0330437e-01   0.0000000e+00
   3.1200000e+00   4.0276999e-01   0.0000000e+00
   3.1400000e+00   4.0211561e-01   0.0000000e+00
   3.1600000e+00   4.0125571e-01   0.0000000e+00
   3.1800000e+00   4.0019030e-01   0.0000000e+00
   3.2000000e+00   3.9965592e-01   0.0000000e+00
   3.2200000e+00   3.9891102e-01   0.0000000e+00
   3.2400000e+00   3.9795559e-01   0.0000000e+00
   3.2600000e+00   3.9719122e-01   0.0000000e+00
   3.2800000e+00   3.9644799e-01   0.0000000e+00
   3.3000000e+00   3.9572589e-01   0.0000000e+00
   3.3200000e+00   3.9472820e-01   0.0000000e+00
   3.3400000e+00   3.9396216e-01   0.0000000e+00
   3.3600000e+00   3.9342778e-01   0.0000000e+00
   3.3800000e+00   3.9240463e-01   0.0000000e+00
   3.4000000e+00   3.9154474e-01   0.0000000e+00
   3.4200000e+00   3.9084809e-01   0.0000000e+00
   3.4400000e+00   3.9005827e-01   0.0000000e+00
   3.4600000e+00   3.8926776e-01   0.0000000e+00
   3.4800000e+00   3.8847656e-01   0.0000000e+00
   3.5000000e+00   3.8843234e-01   0.0000000e+00
   3.5200000e+00   3.8787584e-01   0.0000000e+00
   3.5400000e+00   3.8680709e-01   0.0000000e+00
   3.5600000e+00   3.8617816e-01   0.0000000e+00
   3.5800000e+00   3.8559651e-01   0.0000000e+00
   3.6000000e+00   3.8506213e-01   0.0000000e+00
   3.6200000e+00   3.8452776e-01   0.0000000e+00
   3.6400000e+00   3.8403830e-01   0.0000000e+00
   3.6600000e+00   3.8359375e-01   0.0000000e+00
   3.6800000e+00   3.8359375e-01   0.0000000e+00
   3.7000000e+00   3.8359375e-01   0.0000000e+00
   3.7200000e+00   3.8359375e-01   0.0000000e+00
   3.7400000e+00   3.8320287e-01   0.0000000e+00
   3.7600000e+00   3.8287735e-01   0.0000000e+00
   3.7800000e+00   3.8261719e-01   0.0000000e+00
   2.0000000e+00   6.9300720e-01   1.0000000e+00
   2.0200000e+00   6.9113890e-01   1.0000000e+00
   2.0400000e+00   6.8900542e-01   1.0000000e+00
   2.0600000e+00   6.8604055e-01   1.0000000e+00
   2.0800000e+00   6.8325200e-01   1.0000000e+00
   2.1000000e+00   6.8063977e-01   1.0000000e+00
   2.1200000e+00   6.7832191e-01   1.0000000e+00
   2.1400000e+00   6.7579519e-01   1.0000000e+00
   2.1600000e+00   6.7305962e-01   1.0000000e+00
   2.1800000e+00   6.6985335e-01   1.0000000e+00
   2.2000000e+00   6.6664709e-01   1.0000000e+00
   2.2200000e+00   6.6344083e-01   1.0000000e+00
   2.2400000e+00   6.6023457e-01   1.0000000e+00
   2.2600000e+00   6.5702831e-01   1.0000000e+00
   2.2800000e+00   6.5382204e-01   1.0000000e+00
   2.3000000e+00   6.5087860e-01   1.0000000e+00
   2.3200000e+00   6.4833075e-01   1.0000000e+00
   2.3400000e+00   6.4617850e-01   1.0000000e+00
   2.3600000e+00   6.4350661e-01   1.0000000e+00
   2.3800000e+00   6.4148341e-01   1.0000000e+00
   2.4000000e+00   6.4010889e-01   1.0000000e+00
   2.4200000e+00   6.3840855e-01   1.0000000e+00
   2.4400000e+00   6.3658919e-01   1.0000000e+00
   2.4600000e+00   6.3465081e-01   1.0000000e+00
   2.4800000e+00   6.3313014e-01   1.0000000e+00
   2.5000000e+00   6.3183543e-01   1.0000000e+00
   2.5200000e+00   6.3076667e-01   1.0000000e+00
   2.5400000e+00   6.2919775e-01   1.0000000e+00
   2.5600000e+00   6.2761172e-01   1.0000000e+00
   2.5800000e+00   6.2600859e-01   1.0000000e+00
   2.6000000e+00   6.2467230e-01   1.0000000e+00
   2.6200000e+00   6.2339469e-01   1.0000000e+00
   2.6400000e+00   6.2217575e-01   1.0000000e+00
   2.6600000e+00   6.2053911e-01   1.0000000e+00
   2.6800000e+00   6.1865203e-01   1.0000000e+00
   2.7000000e+00   6.1651452e-01   1.0000000e+00
   2.7200000e+00   6.1527947e-01   1.0000000e+00
   2.7400000e+00   6.1396028e-01   1.0000000e+00
   2.7600000e+00   6.1255697e-01   1.0000000e+00
