   6.1000000e-01   9.6780649e-01   0.0000000e+00
   6.3000000e-01   9.5701507e-01   0.0000000e+00
   6.5000000e-01   9.3896763e-01   0.0000000e+00
   6.7000000e-01   9.1818762e-01   0.0000000e+00
   6.9000000e-01   8.9467503e-01   0.0000000e+00
   7.1000000e-01   8.7207296e-01   0.0000000e+00
   7.3000000e-01   8.4870352e-01   0.0000000e+00
   7.5000000e-01   8.2456672e-01   0.0000000e+00
   7.7000000e-01   8.0522113e-01   0.0000000e+00
   7.9000000e-01   7.8930579e-01   0.0000000e+00
   8.1000000e-01   7.7682071e-01   0.0000000e+00
   8.3000000e-01   7.5918627e-01   0.0000000e+00
   8.5000000e-01   7.4338224e-01   0.0000000e+00
   8.7000000e-01   7.2940863e-01   0.0000000e+00
   8.9000000e-01   7.1470221e-01   0.0000000e+00
   9.1000000e-01   7.0059183e-01   0.0000000e+00
   9.3000000e-01   6.8707751e-01   0.0000000e+00
   9.5000000e-01   6.7582473e-01   0.0000000e+00
   9.7000000e-01   6.6571245e-01   0.0000000e+00
   9.9000000e-01   6.5674067e-01   0.0000000e+00
   1.0100000e+00   6.4872502e-01   0.0000000e+00
   1.0300000e+00   6.4070936e-01   0.0000000e+00
   1.0500000e+00   6.3269371e-01   0.0000000e+00
   1.0700000e+00   6.2610751e-01   0.0000000e+00
   1.0900000e+00   6.1999569e-01   0.0000000e+00
   1.1100000e+00   6.1435824e-01   0.0000000e+00
   1.1300000e+00   6.0901447e-01   0.0000000e+00
   1.1500000e+00   6.0367070e-01   0.0000000e+00
   1.1700000e+00   5.9832693e-01   0.0000000e+00
   1.1900000e+00   5.9298316e-01   0.0000000e+00
   1.2100000e+00   5.8785193e-01   0.0000000e+00
   1.2300000e+00   5.8293325e-01   0.0000000e+00
   1.2500000e+00   5.7812385e-01   0.0000000e+00
   1.2700000e+00   5.7321858e-01   0.0000000e+00
   1.2900000e+00   5.6821743e-01   0.0000000e+00
   1.3100000e+00   5.6279858e-01   0.0000000e+00
   1.3300000e+00   5.5715007e-01   0.0000000e+00
   1.3500000e+00   5.5127192e-01   0.0000000e+00
   1.3700000e+00   5.4637938e-01   0.0000000e+00
   1.3900000e+00   5.4134034e-01   0.0000000e+00
   1.4100000e+00   5.3615481e-01   0.0000000e+00
   1.4300000e+00   5.3107052e-01   0.0000000e+00
   1.4500000e+00   5.2612367e-01   0.0000000e+00
   1.4700000e+00   5.2131428e-01   0.0000000e+00
   1.4900000e+00   5.1655717e-01   0.0000000e+00
   1.5100000e+00   5.1230830e-01   0.0000000e+00
   1.5300000e+00   5.0856766e-01   0.0000000e+00
   1.5500000e+00   5.0438316e-01   0.0000000e+00
   1.5700000e+00   5.0048060e-01   0.0000000e+00
   1.5900000e+00   4.9685997e-01   0.0000000e+00
   1.6100000e+00   4.9365370e-01   0.0000000e+00
   1.6300000e+00   4.9049437e-01   0.0000000e+00
   1.6500000e+00   4.8738197e-01   0.0000000e+00
   1.6700000e+00   4.8471009e-01   0.0000000e+00
   1.6900000e+00   4.8229399e-01   0.0000000e+00
   1.7100000e+00   4.8013368e-01   0.0000000e+00
   1.7300000e+00   4.7839108e-01   0.0000000e+00
   1.7500000e+00   4.7671821e-01   0.0000000e+00
   1.7700000e+00   4.7511508e-01   0.0000000e+00
   1.7900000e+00   4.7351195e-01   0.0000000e+00
   1.8100000e+00   4.7190882e-01   0.0000000e+00
   1.8300000e+00   4.7030569e-01   0.0000000e+00
   1.8500000e+00   4.6870256e-01   0.0000000e+00
   1.8700000e+00   4.6756206e-01   0.0000000e+00
   1.8900000e+00   4.6688418e-01   0.0000000e+00
   1.9100000e+00   4.6634981e-01   0.0000000e+00
   1.9300000e+00   4.6581543e-01   0.0000000e+00
   1.9500000e+00   4.6528105e-01   0.0000000e+00
   1.9700000e+00   4.6474667e-01   0.0000000e+00
   1.9900000e+00   4.6421230e-01   0.0000000e+00
   2.0100000e+00   4.6367792e-01   0.0000000e+00
   2.0300000e+00   4.6367389e-01   0.0000000e+00
   2.0500000e+00   4.6367188e-01   0.0000000e+00
   2.0700000e+00   4.6367188e-01   0.0000000e+00
   2.0900000e+00   4.6307784e-01   0.0000000e+00
   2.1100000e+00   4.6224645e-01   0.0000000e+00
   2.1300000e+00   4.6117769e-01   0.0000000e+00
   2.1500000e+00   4.6010894e-01   0.0000000e+00
   2.1700000e+00   4.5904018e-01   0.0000000e+00
   2.1900000e+00   4.5797143e-01   0.0000000e+00
   2.2100000e+00   4.5690267e-01   0.0000000e+00
   2.2300000e+00   4.5565155e-01   0.0000000e+00
   2.2500000e+00   4.5421806e-01   0.0000000e+00
   2.2700000e+00   4.5261493e-01   0.0000000e+00
   2.2900000e+00   4.5107750e-01   0.0000000e+00
   2.3100000e+00   4.4960578e-01   0.0000000e+00
   2.3300000e+00   4.4855177e-01   0.0000000e+00
   2.3500000e+00   4.4775757e-01   0.0000000e+00
   2.3700000e+00   4.4722320e-01   0.0000000e+00
   2.3900000e+00   4.4625636e-01   0.0000000e+00
   2.4100000e+00   4.4523857e-01   0.0000000e+00
   2.4300000e+00   4.4416982e-01   0.0000000e+00
   2.4500000e+00   4.4330019e-01   0.0000000e+00
   2.4700000e+00   4.4259819e-01   0.0000000e+00
   2.4900000e+00   4.4206381e-01   0.0000000e+00
   2.5100000e+00   4.4152943e-01   0.0000000e+00
   2.5300000e+00   4.4124514e-01   0.0000000e+00
   2.5500000e+00   4.4121094e-01   0.0000000e+00
   2.5700000e+00   4.4044392e-01   0.0000000e+00
   2.5900000e+00   4.3979288e-01   0.0000000e+00
   2.6100000e+00   4.3925781e-01   0.0000000e+00
   2.6300000e+00   4.3895745e-01   0.0000000e+00
   2.6500000e+00   4.3827290e-01   0.0000000e+00
   2.6700000e+00   4.3720414e-01   0.0000000e+00
   2.6900000e+00   4.3613539e-01   0.0000000e+00
   2.7100000e+00   4.3551786e-01   0.0000000e+00
   2.7300000e+00   4.3535156e-01   0.0000000e+00
   2.7500000e+00   4.3468244e-01   0.0000000e+00
   2.7700000e+00   4.3392245e-01   0.0000000e+00
   2.7900000e+00   4.3307159e-01   0.0000000e+00
   2.8100000e+00   4.3253721e-01   0.0000000e+00
   2.8300000e+00   4.3200284e-01   0.0000000e+00
   2.8500000e+00   4.3146846e-01   0.0000000e+00
   2.8700000e+00   4.3041514e-01   0.0000000e+00
   2.8900000e+00   4.2975638e-01   0.0000000e+00
   2.9100000e+00   4.2949219e-01   0.0000000e+00
   2.9300000e+00   4.2892095e-01   0.0000000e+00
   2.9500000e+00   4.2826991e-01   0.0000000e+00
   2.9700000e+00   4.2753906e-01   0.0000000e+00
   2.9900000e+00   4.2748678e-01   0.0000000e+00
   3.0100000e+00   4.2719344e-01   0.0000000e+00
   3.0300000e+00   4.2665907e-01   0.0000000e+00
   3.0500000e+00   4.2612469e-01   0.0000000e+00
   3.0700000e+00   4.2559031e-01   0.0000000e+00
   3.0900000e+00   4.2505593e-01   0.0000000e+00
   3.1100000e+00   4.2452156e-01   0.0000000e+00
   3.1300000e+00   4.2392718e-01   0.0000000e+00
   3.1500000e+00   4.2327279e-01   0.0000000e+00
   3.1700000e+00   4.2220738e-01   0.0000000e+00
   3.1900000e+00   4.2140749e-01   0.0000000e+00
   3.2100000e+00   4.2087311e-01   0.0000000e+00
   3.2300000e+00   4.2033873e-01   0.0000000e+00
   3.2500000e+00   4.1965216e-01   0.0000000e+00
   3.2700000e+00   4.1881340e-01   0.0000000e+00
   3.2900000e+00   4.1793237e-01   0.0000000e+00
   3.3100000e+00   4.1722466e-01   0.0000000e+00
   3.3300000e+00   4.1669029e-01   0.0000000e+00
   3.3500000e+00   4.1615591e-01   0.0000000e+00
   3.3700000e+00   4.1537715e-01   0.0000000e+00
   3.3900000e+00   4.1435400e-01   0.0000000e+00
   3.4100000e+00   4.1365735e-01   0.0000000e+00
   3.4300000e+00   4.1304184e-01   0.0000000e+00
   3.4500000e+00   4.1250746e-01   0.0000000e+00
   3.4700000e+00   4.1183431e-01   0.0000000e+00
   3.4900000e+00   4.1098546e-01   0.0000000e+00
   3.5100000e+00   4.0996094e-01   0.0000000e+00
   3.5300000e+00   4.0996094e-01   0.0000000e+00
   3.5500000e+00   4.0952111e-01   0.0000000e+00
   3.5700000e+00   4.0864146e-01   0.0000000e+00
   3.5900000e+00   4.0821903e-01   0.0000000e+00
   3.6100000e+00   4.0780132e-01   0.0000000e+00
   3.6300000e+00   4.0738832e-01   0.0000000e+00
   3.6500000e+00   4.0640940e-01   0.0000000e+00
   3.6700000e+00   4.0565275e-01   0.0000000e+00
   3.6900000e+00   4.0511837e-01   0.0000000e+00
   3.7100000e+00   4.0458400e-01   0.0000000e+00
   3.7300000e+00   4.0385418e-01   0.0000000e+00
   3.7500000e+00   4.0292892e-01   0.0000000e+00
   3.7700000e+00   4.0213438e-01   0.0000000e+00
   3.7900000e+00   4.0146993e-01   0.0000000e+00
   2.0100000e+00   7.3126209e-01   1.0000000e+00
   2.0300000e+00   7.2966299e-01   1.0000000e+00
   2.0500000e+00   7.2806187e-01   1.0000000e+00
   2.0700000e+00   7.2645874e-01   1.0000000e+00
   2.0900000e+00   7.2455859e-01   1.0000000e+00
   2.1100000e+00   7.2253976e-01   1.0000000e+00
   2.1300000e+00   7.2040226e-01   1.0000000e+00
   2.1500000e+00   7.1826475e-01   1.0000000e+00
   2.1700000e+00   7.1612724e-01   1.0000000e+00
   2.1900000e+00   7.1398973e-01   1.0000000e+00
   2.2100000e+00   7.1185222e-01   1.0000000e+00
   2.2300000e+00   7.0953235e-01   1.0000000e+00
   2.2500000e+00   7.0703010e-01   1.0000000e+00
   2.2700000e+00   7.0435822e-01   1.0000000e+00
   2.2900000e+00   7.0181774e-01   1.0000000e+00
   2.3100000e+00   6.9940867e-01   1.0000000e+00
   2.3300000e+00   6.9779079e-01   1.0000000e+00
   2.3500000e+00   6.9591310e-01   1.0000000e+00
   2.3700000e+00   6.9377560e-01   1.0000000e+00
   2.3900000e+00   6.9250300e-01   1.0000000e+00
   2.4100000e+00   6.9101653e-01   1.0000000e+00
   2.4300000e+00   6.8931620e-01   1.0000000e+00
   2.4500000e+00   6.8737781e-01   1.0000000e+00
   2.4700000e+00   6.8556583e-01   1.0000000e+00
   2.4900000e+00   6.8388023e-01   1.0000000e+00
   2.5100000e+00   6.8174273e-01   1.0000000e+00
   2.5300000e+00   6.7935513e-01   1.0000000e+00
   2.5500000e+00   6.7671745e-01   1.0000000e+00
   2.5700000e+00   6.7481258e-01   1.0000000e+00
   2.5900000e+00   6.7279174e-01   1.0000000e+00
   2.6100000e+00   6.7065492e-01   1.0000000e+00
   2.6300000e+00   6.6798303e-01   1.0000000e+00
   2.6500000e+00   6.6536142e-01   1.0000000e+00
   2.6700000e+00   6.6279008e-01   1.0000000e+00
   2.6900000e+00   6.6172133e-01   1.0000000e+00
   2.7100000e+00   6.6065257e-01   1.0000000e+00
   2.7300000e+00   6.5958382e-01   1.0000000e+00
   2.7500000e+00   6.5951875e-01   1.0000000e+00
   2.7700000e+00   6.5986236e-01   1.0000000e+00
   2.7900000e+00   6.6061463e-01   1.0000000e+00
   2.8100000e+00   6.6168339e-01   1.0000000e+00
   2.8300000e+00   6.6275214e-01   1.0000000e+00
   2.8500000e+00   6.6382089e-01   1.0000000e+00
