   6.0000000e-01   9.7881921e-01   0.0000000e+00
   6.2000000e-01   9.6673307e-01   0.0000000e+00
   6.4000000e-01   9.5147419e-01   0.0000000e+00
   6.6000000e-01   9.3304255e-01   0.0000000e+00
   6.8000000e-01   9.1113310e-01   0.0000000e+00
   7.0000000e-01   8.8967889e-01   0.0000000e+00
   7.2000000e-01   8.6867995e-01   0.0000000e+00
   7.4000000e-01   8.4513050e-01   0.0000000e+00
   7.6000000e-01   8.2346106e-01   0.0000000e+00
   7.8000000e-01   8.0367161e-01   0.0000000e+00
   8.0000000e-01   7.9043357e-01   0.0000000e+00
   8.2000000e-01   7.7526451e-01   0.0000000e+00
   8.4000000e-01   7.5816445e-01   0.0000000e+00
   8.6000000e-01   7.4524819e-01   0.0000000e+00
   8.8000000e-01   7.3136176e-01   0.0000000e+00
   9.0000000e-01   7.1650515e-01   0.0000000e+00
   9.2000000e-01   7.0303574e-01   0.0000000e+00
   9.4000000e-01   6.9085535e-01   0.0000000e+00
   9.6000000e-01   6.7996396e-01   0.0000000e+00
   9.8000000e-01   6.7099219e-01   0.0000000e+00
   1.0000000e+00   6.6249847e-01   0.0000000e+00
   1.0200000e+00   6.5448282e-01   0.0000000e+00
   1.0400000e+00   6.4788925e-01   0.0000000e+00
   1.0600000e+00   6.4174357e-01   0.0000000e+00
   1.0800000e+00   6.3604577e-01   0.0000000e+00
   1.1000000e+00   6.3070200e-01   0.0000000e+00
   1.1200000e+00   6.2542025e-01   0.0000000e+00
   1.1400000e+00   6.2020052e-01   0.0000000e+00
   1.1600000e+00   6.1539849e-01   0.0000000e+00
   1.1800000e+00   6.1085998e-01   0.0000000e+00
   1.2000000e+00   6.0658496e-01   0.0000000e+00
   1.2200000e+00   6.0230994e-01   0.0000000e+00
   1.2400000e+00   5.9788072e-01   0.0000000e+00
   1.2600000e+00   5.9329728e-01   0.0000000e+00
   1.2800000e+00   5.8867964e-01   0.0000000e+00
   1.3000000e+00   5.8419577e-01   0.0000000e+00
   1.3200000e+00   5.7984566e-01   0.0000000e+00
   1.3400000e+00   5.7503627e-01   0.0000000e+00
   1.3600000e+00   5.6998048e-01   0.0000000e+00
   1.3800000e+00   5.6467828e-01   0.0000000e+00
   1.4000000e+00   5.6008679e-01   0.0000000e+00
   1.4200000e+00   5.5552379e-01   0.0000000e+00
   1.4400000e+00   5.5098930e-01   0.0000000e+00
   1.4600000e+00   5.4632272e-01   0.0000000e+00
   1.4800000e+00   5.4182577e-01   0.0000000e+00
   1.5000000e+00   5.3749847e-01   0.0000000e+00
   1.5200000e+00   5.3215470e-01   0.0000000e+00
   1.5400000e+00   5.2703286e-01   0.0000000e+00
   1.5600000e+00   5.2213294e-01   0.0000000e+00
   1.5800000e+00   5.1797793e-01   0.0000000e+00
   1.6000000e+00   5.1424064e-01   0.0000000e+00
   1.6200000e+00   5.1092105e-01   0.0000000e+00
   1.6400000e+00   5.0824916e-01   0.0000000e+00
   1.6600000e+00   5.0557728e-01   0.0000000e+00
   1.6800000e+00   5.0290539e-01   0.0000000e+00
   1.7000000e+00   5.0074508e-01   0.0000000e+00
   1.7200000e+00   4.9899108e-01   0.0000000e+00
   1.7400000e+00   4.9764339e-01   0.0000000e+00
   1.7600000e+00   4.9601815e-01   0.0000000e+00
   1.7800000e+00   4.9429835e-01   0.0000000e+00
   1.8000000e+00   4.9248401e-01   0.0000000e+00
   1.8200000e+00   4.9141525e-01   0.0000000e+00
   1.8400000e+00   4.9034650e-01   0.0000000e+00
   1.8600000e+00   4.8927775e-01   0.0000000e+00
   1.8800000e+00   4.8820899e-01   0.0000000e+00
   1.9000000e+00   4.8696726e-01   0.0000000e+00
   1.9200000e+00   4.8555254e-01   0.0000000e+00
   1.9400000e+00   4.8417871e-01   0.0000000e+00
   1.9600000e+00   4.8295741e-01   0.0000000e+00
   1.9800000e+00   4.8188866e-01   0.0000000e+00
   2.0000000e+00   4.8081991e-01   0.0000000e+00
   2.0200000e+00   4.8028150e-01   0.0000000e+00
   2.0400000e+00   4.8027344e-01   0.0000000e+00
   2.0600000e+00   4.7944607e-01   0.0000000e+00
   2.0800000e+00   4.7834950e-01   0.0000000e+00
   2.1000000e+00   4.7698373e-01   0.0000000e+00
   2.1200000e+00   4.7556095e-01   0.0000000e+00
   2.1400000e+00   4.7431519e-01   0.0000000e+00
   2.1600000e+00   4.7324644e-01   0.0000000e+00
   2.1800000e+00   4.7217768e-01   0.0000000e+00
   2.2000000e+00   4.7086823e-01   0.0000000e+00
   2.2200000e+00   4.6931807e-01   0.0000000e+00
   2.2400000e+00   4.6771494e-01   0.0000000e+00
   2.2600000e+00   4.6611181e-01   0.0000000e+00
   2.2800000e+00   4.6450868e-01   0.0000000e+00
   2.3000000e+00   4.6290555e-01   0.0000000e+00
   2.3200000e+00   4.6130979e-01   0.0000000e+00
   2.3400000e+00   4.5972140e-01   0.0000000e+00
   2.3600000e+00   4.5865264e-01   0.0000000e+00
   2.3800000e+00   4.5736766e-01   0.0000000e+00
   2.4000000e+00   4.5586645e-01   0.0000000e+00
   2.4200000e+00   4.5426332e-01   0.0000000e+00
   2.4400000e+00   4.5285932e-01   0.0000000e+00
   2.4600000e+00   4.5165444e-01   0.0000000e+00
   2.4800000e+00   4.5103760e-01   0.0000000e+00
   2.5000000e+00   4.5019480e-01   0.0000000e+00
   2.5200000e+00   4.4912605e-01   0.0000000e+00
   2.5400000e+00   4.4805730e-01   0.0000000e+00
   2.5600000e+00   4.4698854e-01   0.0000000e+00
   2.5800000e+00   4.4591979e-01   0.0000000e+00
   2.6000000e+00   4.4511788e-01   0.0000000e+00
   2.6200000e+00   4.4444973e-01   0.0000000e+00
   2.6400000e+00   4.4391536e-01   0.0000000e+00
   2.6600000e+00   4.4334746e-01   0.0000000e+00
   2.6800000e+00   4.4252914e-01   0.0000000e+00
   2.7000000e+00   4.4146039e-01   0.0000000e+00
   2.7200000e+00   4.4084286e-01   0.0000000e+00
   2.7400000e+00   4.4009963e-01   0.0000000e+00
   2.7600000e+00   4.3923069e-01   0.0000000e+00
   2.7800000e+00   4.3816193e-01   0.0000000e+00
   2.8000000e+00   4.3714380e-01   0.0000000e+00
   2.8200000e+00   4.3617628e-01   0.0000000e+00
   2.8400000e+00   4.3564190e-01   0.0000000e+00
   2.8600000e+00   4.3484805e-01   0.0000000e+00
   2.8800000e+00   4.3379473e-01   0.0000000e+00
   2.9000000e+00   4.3312825e-01   0.0000000e+00
   2.9200000e+00   4.3238502e-01   0.0000000e+00
   2.9400000e+00   4.3156503e-01   0.0000000e+00
   2.9600000e+00   4.3049627e-01   0.0000000e+00
   2.9800000e+00   4.2945366e-01   0.0000000e+00
   3.0000000e+00   4.2843719e-01   0.0000000e+00
   3.0200000e+00   4.2790282e-01   0.0000000e+00
   3.0400000e+00   4.2713344e-01   0.0000000e+00
   3.0600000e+00   4.2612906e-01   0.0000000e+00
   3.0800000e+00   4.2541364e-01   0.0000000e+00
   3.1000000e+00   4.2467041e-01   0.0000000e+00
   3.1200000e+00   4.2389936e-01   0.0000000e+00
   3.1400000e+00   4.2295062e-01   0.0000000e+00
   3.1600000e+00   4.2220738e-01   0.0000000e+00
   3.1800000e+00   4.2166966e-01   0.0000000e+00
   3.2000000e+00   4.2060091e-01   0.0000000e+00
   3.2200000e+00   4.1953216e-01   0.0000000e+00
   3.2400000e+00   4.1846340e-01   0.0000000e+00
   3.2600000e+00   4.1769904e-01   0.0000000e+00
   3.2800000e+00   4.1704967e-01   0.0000000e+00
   3.3000000e+00   4.1651529e-01   0.0000000e+00
   3.3200000e+00   4.1605197e-01   0.0000000e+00
   3.3400000e+00   4.1582031e-01   0.0000000e+00
   3.3600000e+00   4.1582031e-01   0.0000000e+00
   3.3800000e+00   4.1484277e-01   0.0000000e+00
   3.4000000e+00   4.1419173e-01   0.0000000e+00
   3.4200000e+00   4.1386719e-01   0.0000000e+00
   3.4400000e+00   4.1335630e-01   0.0000000e+00
   3.4600000e+00   4.1270526e-01   0.0000000e+00
   3.4800000e+00   4.1191406e-01   0.0000000e+00
   3.5000000e+00   4.1186984e-01   0.0000000e+00
   3.5200000e+00   4.1131334e-01   0.0000000e+00
   3.5400000e+00   4.1024459e-01   0.0000000e+00
   3.5600000e+00   4.1005549e-01   0.0000000e+00
   3.5800000e+00   4.0979936e-01   0.0000000e+00
   3.6000000e+00   4.0947620e-01   0.0000000e+00
   3.6200000e+00   4.0894182e-01   0.0000000e+00
   3.6400000e+00   4.0836253e-01   0.0000000e+00
   3.6600000e+00   4.0773832e-01   0.0000000e+00
   3.6800000e+00   4.0666956e-01   0.0000000e+00
   3.7000000e+00   4.0610835e-01   0.0000000e+00
   3.7200000e+00   4.0605469e-01   0.0000000e+00
   3.7400000e+00   4.0566381e-01   0.0000000e+00
   3.7600000e+00   4.0520118e-01   0.0000000e+00
   3.7800000e+00   4.0466680e-01   0.0000000e+00
   3.8000000e+00   4.0397487e-01   0.0000000e+00
   2.0100000e+00   7.4299293e-01   1.0000000e+00
   2.0300000e+00   7.4191612e-01   1.0000000e+00
   2.0500000e+00   7.4042965e-01   1.0000000e+00
   2.0700000e+00   7.3853353e-01   1.0000000e+00
   2.0900000e+00   7.3609901e-01   1.0000000e+00
   2.1100000e+00   7.3381633e-01   1.0000000e+00
   2.1300000e+00   7.3168550e-01   1.0000000e+00
   2.1500000e+00   7.3048937e-01   1.0000000e+00
   2.1700000e+00   7.2882255e-01   1.0000000e+00
   2.1900000e+00   7.2668504e-01   1.0000000e+00
   2.2100000e+00   7.2454754e-01   1.0000000e+00
   2.2300000e+00   7.2222766e-01   1.0000000e+00
   2.2500000e+00   7.1972542e-01   1.0000000e+00
   2.2700000e+00   7.1730160e-01   1.0000000e+00
   2.2900000e+00   7.1508664e-01   1.0000000e+00
   2.3100000e+00   7.1308054e-01   1.0000000e+00
   2.3300000e+00   7.1146267e-01   1.0000000e+00
   2.3500000e+00   7.0958498e-01   1.0000000e+00
   2.3700000e+00   7.0744747e-01   1.0000000e+00
   2.3900000e+00   7.0617487e-01   1.0000000e+00
   2.4100000e+00   7.0484630e-01   1.0000000e+00
   2.4300000e+00   7.0346176e-01   1.0000000e+00
   2.4500000e+00   7.0225688e-01   1.0000000e+00
   2.4700000e+00   7.0130479e-01   1.0000000e+00
   2.4900000e+00   7.0060549e-01   1.0000000e+00
   2.5100000e+00   6.9900236e-01   1.0000000e+00
   2.5300000e+00   6.9739923e-01   1.0000000e+00
   2.5500000e+00   6.9579610e-01   1.0000000e+00
   2.5700000e+00   6.9419296e-01   1.0000000e+00
   2.5900000e+00   6.9245641e-01   1.0000000e+00
   2.6100000e+00   6.9058644e-01   1.0000000e+00
   2.6300000e+00   6.8814857e-01   1.0000000e+00
   2.6500000e+00   6.8536002e-01   1.0000000e+00
   2.6700000e+00   6.8222079e-01   1.0000000e+00
   2.6900000e+00   6.8008328e-01   1.0000000e+00
   2.7100000e+00   6.7794577e-01   1.0000000e+00
   2.7300000e+00   6.7580826e-01   1.0000000e+00
   2.7500000e+00   6.7433988e-01   1.0000000e+00
   2.7700000e+00   6.7296236e-01   1.0000000e+00
   2.7900000e+00   6.7167571e-01   1.0000000e+00
   2.8100000e+00   6.7027504e-01   1.0000000e+00
   2.8300000e+00   6.6930752e-01   1.0000000e+00
   2.8500000e+00   6.6877315e-01   1.0000000e+00
   2.8700000e+00   6.6875772e-01   1.0000000e+00
   2.8900000e+00   6.6854886e-01   1.0000000e+00
   2.9100000e+00   6.6814658e-01   1.0000000e+00
   2.9300000e+00   6.6789782e-01   1.0000000e+00
   2.9500000e+00   6.6777344e-01   1.0000000e+00
   2.9700000e+00   6.6777344e-01   1.0000000e+00
   2.9900000e+00   6.6777344e-01   1.0000000e+00
   3.0100000e+00   6.6777344e-01   1.0000000e+00
   3.0300000e+00   6.6777344e-01   1.0000000e+00
   3.0500000e+00   6.6777344e-01   1.0000000e+00
   3.0700000e+00   6.6724344e-01   1.0000000e+00
   3.0900000e+00   6.6618343e-01   1.0000000e+00
   3.1100000e+00   6.6481697e-01   1.0000000e+00
   3.1300000e+00   6.6359936e-01   1.0000000e+00
   3.1500000e+00   6.6253061e-01   1.0000000e+00
   3.1700000e+00   6.6146185e-01   1.0000000e+00
   3.1900000e+00   6.6039310e-01   1.0000000e+00
   3.2100000e+00   6.5932435e-01   1.0000000e+00
   3.2300000e+00   6.5741348e-01   1.0000000e+00
   3.2500000e+00   6.5557954e-01   1.0000000e+00
   3.2700000e+00   6.5382252e-01   1.0000000e+00
   3.2900000e+00   6.5235298e-01   1.0000000e+00
   3.3100000e+00   6.5088345e-01   1.0000000e+00
   3.3300000e+00   6.4941391e-01   1.0000000e+00
   3.3500000e+00   6.4794437e-01   1.0000000e+00
   3.3700000e+00   6.4647484e-01   1.0000000e+00
   3.3900000e+00   6.4500530e-01   1.0000000e+00
