   6.0000000e-01   9.9363159e-01   0.0000000e+00
   6.2000000e-01   9.8263563e-01   0.0000000e+00
   6.4000000e-01   9.7094037e-01   0.0000000e+00
   6.6000000e-01   9.5854581e-01   0.0000000e+00
   6.8000000e-01   9.3770511e-01   0.0000000e+00
   7.0000000e-01   9.1640915e-01   0.0000000e+00
   7.2000000e-01   8.9465793e-01   0.0000000e+00
   7.4000000e-01   8.7511862e-01   0.0000000e+00
   7.6000000e-01   8.5704130e-01   0.0000000e+00
   7.8000000e-01   8.4042598e-01   0.0000000e+00
   8.0000000e-01   8.2589253e-01   0.0000000e+00
   8.2000000e-01   8.1114453e-01   0.0000000e+00
   8.4000000e-01   7.9618198e-01   0.0000000e+00
   8.6000000e-01   7.8226537e-01   0.0000000e+00
   8.8000000e-01   7.6917279e-01   0.0000000e+00
   9.0000000e-01   7.5690423e-01   0.0000000e+00
   9.2000000e-01   7.4659617e-01   0.0000000e+00
   9.4000000e-01   7.3715941e-01   0.0000000e+00
   9.6000000e-01   7.2859394e-01   0.0000000e+00
   9.8000000e-01   7.2116898e-01   0.0000000e+00
   1.0000000e+00   7.1398305e-01   0.0000000e+00
   1.0200000e+00   7.0703615e-01   0.0000000e+00
   1.0400000e+00   7.0056328e-01   0.0000000e+00
   1.0600000e+00   6.9483531e-01   0.0000000e+00
   1.0800000e+00   6.8985224e-01   0.0000000e+00
   1.1000000e+00   6.8557723e-01   0.0000000e+00
   1.1200000e+00   6.8130221e-01   0.0000000e+00
   1.1400000e+00   6.7702719e-01   0.0000000e+00
   1.1600000e+00   6.7275955e-01   0.0000000e+00
   1.1800000e+00   6.6875541e-01   0.0000000e+00
   1.2000000e+00   6.6501477e-01   0.0000000e+00
   1.2200000e+00   6.6127413e-01   0.0000000e+00
   1.2400000e+00   6.5707086e-01   0.0000000e+00
   1.2600000e+00   6.5240497e-01   0.0000000e+00
   1.2800000e+00   6.4744470e-01   0.0000000e+00
   1.3000000e+00   6.4278952e-01   0.0000000e+00
   1.3200000e+00   6.3843941e-01   0.0000000e+00
   1.3400000e+00   6.3363002e-01   0.0000000e+00
   1.3600000e+00   6.2882063e-01   0.0000000e+00
   1.3800000e+00   6.2401123e-01   0.0000000e+00
   1.4000000e+00   6.1920184e-01   0.0000000e+00
   1.4200000e+00   6.1465192e-01   0.0000000e+00
   1.4400000e+00   6.1036147e-01   0.0000000e+00
   1.4600000e+00   6.0633522e-01   0.0000000e+00
   1.4800000e+00   6.0193046e-01   0.0000000e+00
   1.5000000e+00   5.9714721e-01   0.0000000e+00
   1.5200000e+00   5.9287220e-01   0.0000000e+00
   1.5400000e+00   5.8859718e-01   0.0000000e+00
   1.5600000e+00   5.8432217e-01   0.0000000e+00
   1.5800000e+00   5.8037434e-01   0.0000000e+00
   1.6000000e+00   5.7663537e-01   0.0000000e+00
   1.6200000e+00   5.7310526e-01   0.0000000e+00
   1.6400000e+00   5.6999286e-01   0.0000000e+00
   1.6600000e+00   5.6710072e-01   0.0000000e+00
   1.6800000e+00   5.6442883e-01   0.0000000e+00
   1.7000000e+00   5.6175695e-01   0.0000000e+00
   1.7200000e+00   5.5928252e-01   0.0000000e+00
   1.7400000e+00   5.5700554e-01   0.0000000e+00
   1.7600000e+00   5.5431154e-01   0.0000000e+00
   1.7800000e+00   5.5152299e-01   0.0000000e+00
   1.8000000e+00   5.4863989e-01   0.0000000e+00
   1.8200000e+00   5.4654730e-01   0.0000000e+00
   1.8400000e+00   5.4469944e-01   0.0000000e+00
   1.8600000e+00   5.4309631e-01   0.0000000e+00
   1.8800000e+00   5.4056792e-01   0.0000000e+00
   1.9000000e+00   5.3814076e-01   0.0000000e+00
   1.9200000e+00   5.3581484e-01   0.0000000e+00
   1.9400000e+00   5.3367733e-01   0.0000000e+00
   1.9600000e+00   5.3153983e-01   0.0000000e+00
   1.9800000e+00   5.2940232e-01   0.0000000e+00
   2.0000000e+00   5.2726481e-01   0.0000000e+00
   2.0200000e+00   5.2539248e-01   0.0000000e+00
   2.0400000e+00   5.2378531e-01   0.0000000e+00
   2.0600000e+00   5.2176850e-01   0.0000000e+00
   2.0800000e+00   5.1954283e-01   0.0000000e+00
   2.1000000e+00   5.1710830e-01   0.0000000e+00
   2.1200000e+00   5.1479713e-01   0.0000000e+00
   2.1400000e+00   5.1283997e-01   0.0000000e+00
   2.1600000e+00   5.1123684e-01   0.0000000e+00
   2.1800000e+00   5.0963371e-01   0.0000000e+00
   2.2000000e+00   5.0827128e-01   0.0000000e+00
   2.2200000e+00   5.0714955e-01   0.0000000e+00
   2.2400000e+00   5.0571606e-01   0.0000000e+00
   2.2600000e+00   5.0419775e-01   0.0000000e+00
   2.2800000e+00   5.0259462e-01   0.0000000e+00
   2.3000000e+00   5.0112289e-01   0.0000000e+00
   2.3200000e+00   4.9985265e-01   0.0000000e+00
   2.3400000e+00   4.9878390e-01   0.0000000e+00
   2.3600000e+00   4.9771514e-01   0.0000000e+00
   2.3800000e+00   4.9664639e-01   0.0000000e+00
   2.4000000e+00   4.9557764e-01   0.0000000e+00
   2.4200000e+00   4.9419309e-01   0.0000000e+00
   2.4400000e+00   4.9269925e-01   0.0000000e+00
   2.4600000e+00   4.9109612e-01   0.0000000e+00
   2.4800000e+00   4.8957545e-01   0.0000000e+00
   2.5000000e+00   4.8828074e-01   0.0000000e+00
   2.5200000e+00   4.8721199e-01   0.0000000e+00
   2.5400000e+00   4.8614323e-01   0.0000000e+00
   2.5600000e+00   4.8507448e-01   0.0000000e+00
   2.5800000e+00   4.8400572e-01   0.0000000e+00
   2.6000000e+00   4.8293697e-01   0.0000000e+00
   2.6200000e+00   4.8186822e-01   0.0000000e+00
   2.6400000e+00   4.8079946e-01   0.0000000e+00
   2.6600000e+00   4.7976422e-01   0.0000000e+00
   2.6800000e+00   4.7897941e-01   0.0000000e+00
   2.7000000e+00   4.7844504e-01   0.0000000e+00
   2.7200000e+00   4.7745943e-01   0.0000000e+00
   2.7400000e+00   4.7659954e-01   0.0000000e+00
   2.7600000e+00   4.7586534e-01   0.0000000e+00
   2.7800000e+00   4.7489517e-01   0.0000000e+00
   2.8000000e+00   4.7370975e-01   0.0000000e+00
   2.8200000e+00   4.7230909e-01   0.0000000e+00
   2.8400000e+00   4.7177471e-01   0.0000000e+00
   2.8600000e+00   4.7098086e-01   0.0000000e+00
   2.8800000e+00   4.6992754e-01   0.0000000e+00
   2.9000000e+00   4.6885878e-01   0.0000000e+00
   2.9200000e+00   4.6779003e-01   0.0000000e+00
   2.9400000e+00   4.6672128e-01   0.0000000e+00
   2.9600000e+00   4.6565252e-01   0.0000000e+00
   2.9800000e+00   4.6458377e-01   0.0000000e+00
   3.0000000e+00   4.6351501e-01   0.0000000e+00
   3.0200000e+00   4.6244626e-01   0.0000000e+00
   3.0400000e+00   4.6137750e-01   0.0000000e+00
   3.0600000e+00   4.6030875e-01   0.0000000e+00
   3.0800000e+00   4.5853333e-01   0.0000000e+00
   3.1000000e+00   4.5693187e-01   0.0000000e+00
   3.1200000e+00   4.5550437e-01   0.0000000e+00
   3.1400000e+00   4.5472998e-01   0.0000000e+00
   3.1600000e+00   4.5354456e-01   0.0000000e+00
   3.1800000e+00   4.5194811e-01   0.0000000e+00
   3.2000000e+00   4.5141374e-01   0.0000000e+00
   3.2200000e+00   4.5066883e-01   0.0000000e+00
   3.2400000e+00   4.4971340e-01   0.0000000e+00
   3.2600000e+00   4.4864465e-01   0.0000000e+00
   3.2800000e+00   4.4776362e-01   0.0000000e+00
   3.3000000e+00   4.4707031e-01   0.0000000e+00
   3.3200000e+00   4.4692819e-01   0.0000000e+00
   3.3400000e+00   4.4632276e-01   0.0000000e+00
   3.3600000e+00   4.4525400e-01   0.0000000e+00
   3.3800000e+00   4.4418525e-01   0.0000000e+00
   3.4000000e+00   4.4293044e-01   0.0000000e+00
   3.4200000e+00   4.4148958e-01   0.0000000e+00
   3.4400000e+00   4.4039733e-01   0.0000000e+00
   3.4600000e+00   4.3951463e-01   0.0000000e+00
   3.4800000e+00   4.3884148e-01   0.0000000e+00
   3.5000000e+00   4.3779484e-01   0.0000000e+00
   3.5200000e+00   4.3700433e-01   0.0000000e+00
   3.5400000e+00   4.3646995e-01   0.0000000e+00
   3.5600000e+00   4.3637540e-01   0.0000000e+00
   2.0100000e+00   8.2989490e-01   1.0000000e+00
   2.0300000e+00   8.2723511e-01   1.0000000e+00
   2.0500000e+00   8.2477611e-01   1.0000000e+00
   2.0700000e+00   8.2251791e-01   1.0000000e+00
   2.0900000e+00   8.2038040e-01   1.0000000e+00
   2.1100000e+00   8.1815271e-01   1.0000000e+00
   2.1300000e+00   8.1583485e-01   1.0000000e+00
   2.1500000e+00   8.1322666e-01   1.0000000e+00
   2.1700000e+00   8.1085380e-01   1.0000000e+00
   2.1900000e+00   8.0871629e-01   1.0000000e+00
   2.2100000e+00   8.0706019e-01   1.0000000e+00
   2.2300000e+00   8.0543057e-01   1.0000000e+00
   2.2500000e+00   8.0382744e-01   1.0000000e+00
   2.2700000e+00   8.0222431e-01   1.0000000e+00
   2.2900000e+00   8.0055547e-01   1.0000000e+00
   2.3100000e+00   7.9882093e-01   1.0000000e+00
   2.3300000e+00   7.9668343e-01   1.0000000e+00
   2.3500000e+00   7.9454592e-01   1.0000000e+00
   2.3700000e+00   7.9240841e-01   1.0000000e+00
   2.3900000e+00   7.9027090e-01   1.0000000e+00
   2.4100000e+00   7.8813339e-01   1.0000000e+00
   2.4300000e+00   7.8599588e-01   1.0000000e+00
   2.4500000e+00   7.8385838e-01   1.0000000e+00
   2.4700000e+00   7.8163841e-01   1.0000000e+00
   2.4900000e+00   7.7933598e-01   1.0000000e+00
   2.5100000e+00   7.7612971e-01   1.0000000e+00
   2.5300000e+00   7.7342363e-01   1.0000000e+00
   2.5500000e+00   7.7121771e-01   1.0000000e+00
   2.5700000e+00   7.6946371e-01   1.0000000e+00
   2.5900000e+00   7.6778515e-01   1.0000000e+00
   2.6100000e+00   7.6618201e-01   1.0000000e+00
   2.6300000e+00   7.6472906e-01   1.0000000e+00
   2.6500000e+00   7.6345145e-01   1.0000000e+00
   2.6700000e+00   7.6234918e-01   1.0000000e+00
   2.6900000e+00   7.6074605e-01   1.0000000e+00
   2.7100000e+00   7.5959415e-01   1.0000000e+00
   2.7300000e+00   7.5889347e-01   1.0000000e+00
   2.7500000e+00   7.5835909e-01   1.0000000e+00
   2.7700000e+00   7.5760682e-01   1.0000000e+00
   2.7900000e+00   7.5663665e-01   1.0000000e+00
   2.8100000e+00   7.5513475e-01   1.0000000e+00
   2.8300000e+00   7.5384942e-01   1.0000000e+00
   2.8500000e+00   7.5278067e-01   1.0000000e+00
   2.8700000e+00   7.5067402e-01   1.0000000e+00
   2.8900000e+00   7.4915537e-01   1.0000000e+00
   2.9100000e+00   7.4822470e-01   1.0000000e+00
   2.9300000e+00   7.4711909e-01   1.0000000e+00
   2.9500000e+00   7.4576472e-01   1.0000000e+00
   2.9700000e+00   7.4416159e-01   1.0000000e+00
   2.9900000e+00   7.4255846e-01   1.0000000e+00
   3.0100000e+00   7.4095533e-01   1.0000000e+00
   3.0300000e+00   7.3935220e-01   1.0000000e+00
   3.0500000e+00   7.3774907e-01   1.0000000e+00
   3.0700000e+00   7.3596927e-01   1.0000000e+00
   3.0900000e+00   7.3401280e-01   1.0000000e+00
   3.1100000e+00   7.3211196e-01   1.0000000e+00
   3.1300000e+00   7.3041998e-01   1.0000000e+00
   3.1500000e+00   7.2893686e-01   1.0000000e+00
   3.1700000e+00   7.2786476e-01   1.0000000e+00
   3.1900000e+00   7.2652715e-01   1.0000000e+00
   3.2100000e+00   7.2492402e-01   1.0000000e+00
   3.2300000e+00   7.2332089e-01   1.0000000e+00
   3.2500000e+00   7.2141337e-01   1.0000000e+00
   3.2700000e+00   7.1920146e-01   1.0000000e+00
   3.2900000e+00   7.1652957e-01   1.0000000e+00
   3.3100000e+00   7.1385769e-01   1.0000000e+00
   3.3300000e+00   7.1118580e-01   1.0000000e+00
   3.3500000e+00   7.0851392e-01   1.0000000e+00
   3.3700000e+00   7.0633080e-01   1.0000000e+00
   3.3900000e+00   7.0463646e-01   1.0000000e+00
   3.4100000e+00   7.0340544e-01   1.0000000e+00
