   6.1000000e-01   9.9554550e-01   0.0000000e+00
   6.3000000e-01   9.8407620e-01   0.0000000e+00
   6.5000000e-01   9.6766944e-01   0.0000000e+00
   6.7000000e-01   9.4877852e-01   0.0000000e+00
   6.9000000e-01   9.2740344e-01   0.0000000e+00
   7.1000000e-01   9.0693887e-01   0.0000000e+00
   7.3000000e-01   8.8689202e-01   0.0000000e+00
   7.5000000e-01   8.6726287e-01   0.0000000e+00
   7.7000000e-01   8.4980072e-01   0.0000000e+00
   7.9000000e-01   8.3369363e-01   0.0000000e+00
   8.1000000e-01   8.1894160e-01   0.0000000e+00
   8.3000000e-01   8.0504780e-01   0.0000000e+00
   8.5000000e-01   7.9167697e-01   0.0000000e+00
   8.7000000e-01   7.7882912e-01   0.0000000e+00
   8.9000000e-01   7.6762932e-01   0.0000000e+00
   9.1000000e-01   7.5697529e-01   0.0000000e+00
   9.3000000e-01   7.4686704e-01   0.0000000e+00
   9.5000000e-01   7.3794018e-01   0.0000000e+00
   9.7000000e-01   7.2973612e-01   0.0000000e+00
   9.9000000e-01   7.2225484e-01   0.0000000e+00
   1.0100000e+00   7.1477356e-01   0.0000000e+00
   1.0300000e+00   7.0752930e-01   0.0000000e+00
   1.0500000e+00   7.0052205e-01   0.0000000e+00
   1.0700000e+00   6.9464724e-01   0.0000000e+00
   1.0900000e+00   6.8915830e-01   0.0000000e+00
   1.1100000e+00   6.8405523e-01   0.0000000e+00
   1.1300000e+00   6.7924584e-01   0.0000000e+00
   1.1500000e+00   6.7444013e-01   0.0000000e+00
   1.1700000e+00   6.6963811e-01   0.0000000e+00
   1.1900000e+00   6.6536309e-01   0.0000000e+00
   1.2100000e+00   6.6087553e-01   0.0000000e+00
   1.2300000e+00   6.5617543e-01   0.0000000e+00
   1.2500000e+00   6.5105762e-01   0.0000000e+00
   1.2700000e+00   6.4592271e-01   0.0000000e+00
   1.2900000e+00   6.4077069e-01   0.0000000e+00
   1.3100000e+00   6.3596130e-01   0.0000000e+00
   1.3300000e+00   6.3115191e-01   0.0000000e+00
   1.3500000e+00   6.2634251e-01   0.0000000e+00
   1.3700000e+00   6.2153312e-01   0.0000000e+00
   1.3900000e+00   6.1672373e-01   0.0000000e+00
   1.4100000e+00   6.1191433e-01   0.0000000e+00
   1.4300000e+00   6.0736441e-01   0.0000000e+00
   1.4500000e+00   6.0288054e-01   0.0000000e+00
   1.4700000e+00   5.9846271e-01   0.0000000e+00
   1.4900000e+00   5.9367946e-01   0.0000000e+00
   1.5100000e+00   5.8915033e-01   0.0000000e+00
   1.5300000e+00   5.8487532e-01   0.0000000e+00
   1.5500000e+00   5.8060030e-01   0.0000000e+00
   1.5700000e+00   5.7648888e-01   0.0000000e+00
   1.5900000e+00   5.7254105e-01   0.0000000e+00
   1.6100000e+00   5.6858989e-01   0.0000000e+00
   1.6300000e+00   5.6457066e-01   0.0000000e+00
   1.6500000e+00   5.6048337e-01   0.0000000e+00
   1.6700000e+00   5.5727710e-01   0.0000000e+00
   1.6900000e+00   5.5432663e-01   0.0000000e+00
   1.7100000e+00   5.5163194e-01   0.0000000e+00
   1.7300000e+00   5.4856515e-01   0.0000000e+00
   1.7500000e+00   5.4556774e-01   0.0000000e+00
   1.7700000e+00   5.4263972e-01   0.0000000e+00
   1.7900000e+00   5.4029100e-01   0.0000000e+00
   1.8100000e+00   5.3829261e-01   0.0000000e+00
   1.8300000e+00   5.3664457e-01   0.0000000e+00
   1.8500000e+00   5.3450706e-01   0.0000000e+00
   1.8700000e+00   5.3236955e-01   0.0000000e+00
   1.8900000e+00   5.3023204e-01   0.0000000e+00
   1.9100000e+00   5.2844050e-01   0.0000000e+00
   1.9300000e+00   5.2674316e-01   0.0000000e+00
   1.9500000e+00   5.2514003e-01   0.0000000e+00
   1.9700000e+00   5.2342426e-01   0.0000000e+00
   1.9900000e+00   5.2149763e-01   0.0000000e+00
   2.0100000e+00   5.1936012e-01   0.0000000e+00
   2.0300000e+00   5.1775296e-01   0.0000000e+00
   2.0500000e+00   5.1614781e-01   0.0000000e+00
   2.0700000e+00   5.1454468e-01   0.0000000e+00
   2.0900000e+00   5.1264453e-01   0.0000000e+00
   2.1100000e+00   5.1080605e-01   0.0000000e+00
   2.1300000e+00   5.0902925e-01   0.0000000e+00
   2.1500000e+00   5.0783312e-01   0.0000000e+00
   2.1700000e+00   5.0616630e-01   0.0000000e+00
   2.1900000e+00   5.0402879e-01   0.0000000e+00
   2.2100000e+00   5.0237269e-01   0.0000000e+00
   2.2300000e+00   5.0074307e-01   0.0000000e+00
   2.2500000e+00   4.9913994e-01   0.0000000e+00
   2.2700000e+00   4.9753681e-01   0.0000000e+00
   2.2900000e+00   4.9599938e-01   0.0000000e+00
   2.3100000e+00   4.9452765e-01   0.0000000e+00
   2.3300000e+00   4.9345890e-01   0.0000000e+00
   2.3500000e+00   4.9239015e-01   0.0000000e+00
   2.3700000e+00   4.9132139e-01   0.0000000e+00
   2.3900000e+00   4.9025264e-01   0.0000000e+00
   2.4100000e+00   4.8918388e-01   0.0000000e+00
   2.4300000e+00   4.8811513e-01   0.0000000e+00
   2.4500000e+00   4.8704638e-01   0.0000000e+00
   2.4700000e+00   4.8601885e-01   0.0000000e+00
   2.4900000e+00   4.8503256e-01   0.0000000e+00
   2.5100000e+00   4.8449818e-01   0.0000000e+00
   2.5300000e+00   4.8371372e-01   0.0000000e+00
   2.5500000e+00   4.8267917e-01   0.0000000e+00
   2.5700000e+00   4.8199392e-01   0.0000000e+00
   2.5900000e+00   4.8138411e-01   0.0000000e+00
   2.6100000e+00   4.8084973e-01   0.0000000e+00
   2.6300000e+00   4.8016518e-01   0.0000000e+00
   2.6500000e+00   4.7932204e-01   0.0000000e+00
   2.6700000e+00   4.7832031e-01   0.0000000e+00
   2.6900000e+00   4.7832031e-01   0.0000000e+00
   2.7100000e+00   4.7786909e-01   0.0000000e+00
   2.7300000e+00   4.7696663e-01   0.0000000e+00
   2.7500000e+00   4.7623244e-01   0.0000000e+00
   2.7700000e+00   4.7548921e-01   0.0000000e+00
   2.7900000e+00   4.7473693e-01   0.0000000e+00
   2.8100000e+00   4.7366818e-01   0.0000000e+00
   2.8300000e+00   4.7259942e-01   0.0000000e+00
   2.8500000e+00   4.7153067e-01   0.0000000e+00
   2.8700000e+00   4.7046192e-01   0.0000000e+00
   2.8900000e+00   4.6939316e-01   0.0000000e+00
   2.9100000e+00   4.6832441e-01   0.0000000e+00
   2.9300000e+00   4.6725565e-01   0.0000000e+00
   2.9500000e+00   4.6618690e-01   0.0000000e+00
   2.9700000e+00   4.6511815e-01   0.0000000e+00
   2.9900000e+00   4.6404939e-01   0.0000000e+00
   3.0100000e+00   4.6298064e-01   0.0000000e+00
   3.0300000e+00   4.6191188e-01   0.0000000e+00
   3.0500000e+00   4.6084313e-01   0.0000000e+00
   3.0700000e+00   4.5959771e-01   0.0000000e+00
   3.0900000e+00   4.5817562e-01   0.0000000e+00
   3.1100000e+00   4.5704583e-01   0.0000000e+00
   3.1300000e+00   4.5615374e-01   0.0000000e+00
   3.1500000e+00   4.5549936e-01   0.0000000e+00
   3.1700000e+00   4.5443394e-01   0.0000000e+00
   3.1900000e+00   4.5363405e-01   0.0000000e+00
   3.2100000e+00   4.5309967e-01   0.0000000e+00
   2.0100000e+00   8.4064918e-01   1.0000000e+00
   2.0300000e+00   8.3479924e-01   1.0000000e+00
   2.0500000e+00   8.3038309e-01   1.0000000e+00
   2.0700000e+00   8.2740072e-01   1.0000000e+00
   2.0900000e+00   8.2526321e-01   1.0000000e+00
   2.1100000e+00   8.2321588e-01   1.0000000e+00
   2.1300000e+00   8.2125872e-01   1.0000000e+00
   2.1500000e+00   8.1965559e-01   1.0000000e+00
   2.1700000e+00   8.1805246e-01   1.0000000e+00
   2.1900000e+00   8.1644933e-01   1.0000000e+00
   2.2100000e+00   8.1484620e-01   1.0000000e+00
   2.2300000e+00   8.1287833e-01   1.0000000e+00
   2.2500000e+00   8.1054573e-01   1.0000000e+00
   2.2700000e+00   8.0812191e-01   1.0000000e+00
   2.2900000e+00   8.0584125e-01   1.0000000e+00
   2.3100000e+00   8.0370375e-01   1.0000000e+00
   2.3300000e+00   8.0155150e-01   1.0000000e+00
   2.3500000e+00   7.9913943e-01   1.0000000e+00
   2.3700000e+00   7.9646754e-01   1.0000000e+00
   2.3900000e+00   7.9379566e-01   1.0000000e+00
   2.4100000e+00   7.9112377e-01   1.0000000e+00
   2.4300000e+00   7.8845189e-01   1.0000000e+00
   2.4500000e+00   7.8597913e-01   1.0000000e+00
   2.4700000e+00   7.8367399e-01   1.0000000e+00
   2.4900000e+00   7.8153648e-01   1.0000000e+00
   2.5100000e+00   7.7939898e-01   1.0000000e+00
   2.5300000e+00   7.7751156e-01   1.0000000e+00
   2.5500000e+00   7.7587422e-01   1.0000000e+00
   2.5700000e+00   7.7427109e-01   1.0000000e+00
   2.5900000e+00   7.7266796e-01   1.0000000e+00
   2.6100000e+00   7.7106483e-01   1.0000000e+00
   2.6300000e+00   7.6931152e-01   1.0000000e+00
