   6.1000000e-01   9.8848798e-01   0.0000000e+00
   6.3000000e-01   9.7510713e-01   0.0000000e+00
   6.5000000e-01   9.5587830e-01   0.0000000e+00
   6.7000000e-01   9.3317165e-01   0.0000000e+00
   6.9000000e-01   9.0698718e-01   0.0000000e+00
   7.1000000e-01   8.8717631e-01   0.0000000e+00
   7.3000000e-01   8.6859646e-01   0.0000000e+00
   7.5000000e-01   8.5124763e-01   0.0000000e+00
   7.7000000e-01   8.3556965e-01   0.0000000e+00
   7.9000000e-01   8.2056921e-01   0.0000000e+00
   8.1000000e-01   8.0624629e-01   0.0000000e+00
   8.3000000e-01   7.9235249e-01   0.0000000e+00
   8.5000000e-01   7.7950464e-01   0.0000000e+00
   8.7000000e-01   7.6770274e-01   0.0000000e+00
   8.9000000e-01   7.5594644e-01   0.0000000e+00
   9.1000000e-01   7.4534873e-01   0.0000000e+00
   9.3000000e-01   7.3590961e-01   0.0000000e+00
   9.5000000e-01   7.2842833e-01   0.0000000e+00
   9.7000000e-01   7.2094705e-01   0.0000000e+00
   9.9000000e-01   7.1346577e-01   0.0000000e+00
   1.0100000e+00   7.0598450e-01   0.0000000e+00
   1.0300000e+00   6.9945128e-01   0.0000000e+00
   1.0500000e+00   6.9386612e-01   0.0000000e+00
   1.0700000e+00   6.8887971e-01   0.0000000e+00
   1.0900000e+00   6.8458356e-01   0.0000000e+00
   1.1100000e+00   6.8097767e-01   0.0000000e+00
   1.1300000e+00   6.7809595e-01   0.0000000e+00
   1.1500000e+00   6.7398320e-01   0.0000000e+00
   1.1700000e+00   6.6863943e-01   0.0000000e+00
   1.1900000e+00   6.6329566e-01   0.0000000e+00
   1.2100000e+00   6.5922714e-01   0.0000000e+00
   1.2300000e+00   6.5643387e-01   0.0000000e+00
   1.2500000e+00   6.4627747e-01   0.0000000e+00
   1.2700000e+00   6.3644344e-01   0.0000000e+00
   1.2900000e+00   6.2693178e-01   0.0000000e+00
   1.3100000e+00   6.2768012e-01   0.0000000e+00
   1.3300000e+00   6.2418007e-01   0.0000000e+00
   1.3500000e+00   6.1643160e-01   0.0000000e+00
   1.3700000e+00   6.0868313e-01   0.0000000e+00
   1.3900000e+00   6.0290939e-01   0.0000000e+00
   1.4100000e+00   5.9911036e-01   0.0000000e+00
   1.4300000e+00   5.9671338e-01   0.0000000e+00
   1.4500000e+00   5.9432176e-01   0.0000000e+00
   1.4700000e+00   5.9193549e-01   0.0000000e+00
   1.4900000e+00   5.8994020e-01   0.0000000e+00
   1.5100000e+00   5.8413317e-01   0.0000000e+00
   1.5300000e+00   5.7451438e-01   0.0000000e+00
   1.5500000e+00   5.7892208e-01   0.0000000e+00
   1.5700000e+00   5.7729609e-01   0.0000000e+00
   1.5900000e+00   5.6963642e-01   0.0000000e+00
   1.6100000e+00   5.7039745e-01   0.0000000e+00
   1.6300000e+00   5.7041691e-01   0.0000000e+00
   1.6500000e+00   5.6969481e-01   0.0000000e+00
   1.6700000e+00   5.6809168e-01   0.0000000e+00
   1.6900000e+00   5.6623276e-01   0.0000000e+00
   1.7100000e+00   5.6411805e-01   0.0000000e+00
   1.7300000e+00   5.6237545e-01   0.0000000e+00
   1.7500000e+00   5.6042434e-01   0.0000000e+00
   1.7700000e+00   5.5826472e-01   0.0000000e+00
   1.7900000e+00   5.5607758e-01   0.0000000e+00
   1.8100000e+00   5.5440471e-01   0.0000000e+00
   1.8300000e+00   5.5324613e-01   0.0000000e+00
   1.8500000e+00   5.5110862e-01   0.0000000e+00
   1.8700000e+00   5.4920243e-01   0.0000000e+00
   1.8900000e+00   5.4752755e-01   0.0000000e+00
   1.9100000e+00   5.4627038e-01   0.0000000e+00
   1.9300000e+00   5.4499277e-01   0.0000000e+00
   1.9500000e+00   5.4369472e-01   0.0000000e+00
   1.9700000e+00   5.4220422e-01   0.0000000e+00
   1.9900000e+00   5.4092459e-01   0.0000000e+00
   2.0100000e+00   5.3985584e-01   0.0000000e+00
   2.0300000e+00   5.3878709e-01   0.0000000e+00
   2.0500000e+00   5.3751149e-01   0.0000000e+00
   2.0700000e+00   5.3602905e-01   0.0000000e+00
   2.0900000e+00   5.3442592e-01   0.0000000e+00
   2.1100000e+00   5.3273262e-01   0.0000000e+00
   2.1300000e+00   5.3094913e-01   0.0000000e+00
   2.1500000e+00   5.2887531e-01   0.0000000e+00
   2.1700000e+00   5.2703684e-01   0.0000000e+00
   2.1900000e+00   5.2543371e-01   0.0000000e+00
   2.2100000e+00   5.2334917e-01   0.0000000e+00
   2.2300000e+00   5.2123815e-01   0.0000000e+00
   2.2500000e+00   5.1910064e-01   0.0000000e+00
   2.2700000e+00   5.1671507e-01   0.0000000e+00
   2.2900000e+00   5.1425204e-01   0.0000000e+00
   2.3100000e+00   5.1171156e-01   0.0000000e+00
   2.3300000e+00   5.0957405e-01   0.0000000e+00
   2.3500000e+00   5.0743654e-01   0.0000000e+00
   2.3700000e+00   5.0529903e-01   0.0000000e+00
   2.3900000e+00   5.0359398e-01   0.0000000e+00
   2.4100000e+00   5.0178199e-01   0.0000000e+00
   2.4300000e+00   4.9986307e-01   0.0000000e+00
   2.4500000e+00   4.9792469e-01   0.0000000e+00
   2.4700000e+00   4.9615393e-01   0.0000000e+00
   2.4900000e+00   4.9455080e-01   0.0000000e+00
   2.5100000e+00   4.9294767e-01   0.0000000e+00
   2.5300000e+00   4.9134454e-01   0.0000000e+00
   2.5500000e+00   4.8974141e-01   0.0000000e+00
   2.5700000e+00   4.8852179e-01   0.0000000e+00
   2.5900000e+00   4.8737760e-01   0.0000000e+00
   2.6100000e+00   4.8630884e-01   0.0000000e+00
   2.6300000e+00   4.8508991e-01   0.0000000e+00
   2.6500000e+00   4.8367888e-01   0.0000000e+00
   2.6700000e+00   4.8207575e-01   0.0000000e+00
   2.6900000e+00   4.8047261e-01   0.0000000e+00
   2.7100000e+00   4.7932071e-01   0.0000000e+00
   2.7300000e+00   4.7862003e-01   0.0000000e+00
   2.7500000e+00   4.7775109e-01   0.0000000e+00
   2.7700000e+00   4.7689120e-01   0.0000000e+00
   2.7900000e+00   4.7604034e-01   0.0000000e+00
   2.8100000e+00   4.7550596e-01   0.0000000e+00
   2.8300000e+00   4.7497159e-01   0.0000000e+00
   2.8500000e+00   4.7443721e-01   0.0000000e+00
   2.8700000e+00   4.7338389e-01   0.0000000e+00
   2.8900000e+00   4.7252399e-01   0.0000000e+00
   2.9100000e+00   4.7185752e-01   0.0000000e+00
   2.9300000e+00   4.7132314e-01   0.0000000e+00
   2.9500000e+00   4.7070429e-01   0.0000000e+00
   2.9700000e+00   4.7000096e-01   0.0000000e+00
   2.9900000e+00   4.6893220e-01   0.0000000e+00
   3.0100000e+00   4.6786345e-01   0.0000000e+00
   3.0300000e+00   4.6679469e-01   0.0000000e+00
   3.0500000e+00   4.6572594e-01   0.0000000e+00
   3.0700000e+00   4.6448052e-01   0.0000000e+00
   3.0900000e+00   4.6305843e-01   0.0000000e+00
   3.1100000e+00   4.6169197e-01   0.0000000e+00
   3.1300000e+00   4.6035436e-01   0.0000000e+00
   3.1500000e+00   4.5904559e-01   0.0000000e+00
   3.1700000e+00   4.5691476e-01   0.0000000e+00
   3.1900000e+00   4.5531497e-01   0.0000000e+00
   3.2100000e+00   4.5424622e-01   0.0000000e+00
   3.2300000e+00   4.5317747e-01   0.0000000e+00
   3.2500000e+00   4.5210871e-01   0.0000000e+00
   3.2700000e+00   4.5103996e-01   0.0000000e+00
   3.2900000e+00   4.4997120e-01   0.0000000e+00
   3.3100000e+00   4.4893798e-01   0.0000000e+00
   3.3300000e+00   4.4794029e-01   0.0000000e+00
   3.3500000e+00   4.4740591e-01   0.0000000e+00
   3.3700000e+00   4.4687153e-01   0.0000000e+00
   3.3900000e+00   4.4633715e-01   0.0000000e+00
   3.4100000e+00   4.4580278e-01   0.0000000e+00
   3.4300000e+00   4.4514068e-01   0.0000000e+00
   3.4500000e+00   4.4435086e-01   0.0000000e+00
   3.4700000e+00   4.4342088e-01   0.0000000e+00
   3.4900000e+00   4.4268871e-01   0.0000000e+00
   3.5100000e+00   4.4215433e-01   0.0000000e+00
   3.5300000e+00   4.4161995e-01   0.0000000e+00
   3.5500000e+00   4.4086566e-01   0.0000000e+00
   3.5700000e+00   4.3989146e-01   0.0000000e+00
   3.5900000e+00   4.3882271e-01   0.0000000e+00
   3.6100000e+00   4.3775395e-01   0.0000000e+00
   3.6300000e+00   4.3668520e-01   0.0000000e+00
   3.6500000e+00   4.3543678e-01   0.0000000e+00
   3.6700000e+00   4.3374382e-01   0.0000000e+00
   3.6900000e+00   4.3160631e-01   0.0000000e+00
   3.7100000e+00   4.3149898e-01   0.0000000e+00
   3.7300000e+00   4.3066355e-01   0.0000000e+00
   3.7500000e+00   4.2910003e-01   0.0000000e+00
   2.1000000e+00   8.2410895e-01   1.0000000e+00
   2.1200000e+00   8.2285984e-01   1.0000000e+00
   2.1400000e+00   8.2143372e-01   1.0000000e+00
   2.1600000e+00   8.1983059e-01   1.0000000e+00
   2.1800000e+00   8.1822746e-01   1.0000000e+00
   2.2000000e+00   8.1686503e-01   1.0000000e+00
   2.2200000e+00   8.1574330e-01   1.0000000e+00
   2.2400000e+00   8.1285086e-01   1.0000000e+00
   2.2600000e+00   8.0941029e-01   1.0000000e+00
   2.2800000e+00   8.0542158e-01   1.0000000e+00
   2.3000000e+00   8.0088375e-01   1.0000000e+00
   2.3200000e+00   7.9598717e-01   1.0000000e+00
   2.3400000e+00   7.9073186e-01   1.0000000e+00
   2.3600000e+00   7.8859435e-01   1.0000000e+00
   2.3800000e+00   7.8667307e-01   1.0000000e+00
   2.4000000e+00   7.8496802e-01   1.0000000e+00
   2.4200000e+00   7.8368068e-01   1.0000000e+00
   2.4400000e+00   7.8250263e-01   1.0000000e+00
   2.4600000e+00   7.8143387e-01   1.0000000e+00
   2.4800000e+00   7.8036512e-01   1.0000000e+00
   2.5000000e+00   7.7929636e-01   1.0000000e+00
   2.5200000e+00   7.7822761e-01   1.0000000e+00
   2.5400000e+00   7.7715886e-01   1.0000000e+00
   2.5600000e+00   7.7609010e-01   1.0000000e+00
   2.5800000e+00   7.7502135e-01   1.0000000e+00
   2.6000000e+00   7.7395260e-01   1.0000000e+00
   2.6200000e+00   7.7288384e-01   1.0000000e+00
   2.6400000e+00   7.7181509e-01   1.0000000e+00
   2.6600000e+00   7.7071282e-01   1.0000000e+00
   2.6800000e+00   7.6936012e-01   1.0000000e+00
   2.7000000e+00   7.6775699e-01   1.0000000e+00
   2.7200000e+00   7.6615386e-01   1.0000000e+00
   2.7400000e+00   7.6471801e-01   1.0000000e+00
   2.7600000e+00   7.6344944e-01   1.0000000e+00
   2.7800000e+00   7.6172699e-01   1.0000000e+00
   2.8000000e+00   7.5963106e-01   1.0000000e+00
   2.8200000e+00   7.5716164e-01   1.0000000e+00
   2.8400000e+00   7.5555851e-01   1.0000000e+00
   2.8600000e+00   7.5421485e-01   1.0000000e+00
   2.8800000e+00   7.5313066e-01   1.0000000e+00
   2.9000000e+00   7.5286647e-01   1.0000000e+00
   2.9200000e+00   7.5230595e-01   1.0000000e+00
   2.9400000e+00   7.5144910e-01   1.0000000e+00
   2.9600000e+00   7.5001492e-01   1.0000000e+00
   2.9800000e+00   7.4878960e-01   1.0000000e+00
   3.0000000e+00   7.4777313e-01   1.0000000e+00
   3.0200000e+00   7.4723875e-01   1.0000000e+00
   3.0400000e+00   7.4623438e-01   1.0000000e+00
   3.0600000e+00   7.4476000e-01   1.0000000e+00
