   6.0000000e-01   9.1575604e-01   0.0000000e+00
   6.2000000e-01   8.9763754e-01   0.0000000e+00
   6.4000000e-01   8.7611867e-01   0.0000000e+00
   6.6000000e-01   8.5119943e-01   0.0000000e+00
   6.8000000e-01   8.2180869e-01   0.0000000e+00
   7.0000000e-01   7.9674289e-01   0.0000000e+00
   7.2000000e-01   7.7600205e-01   0.0000000e+00
   7.4000000e-01   7.5811884e-01   0.0000000e+00
   7.6000000e-01   7.4140396e-01   0.0000000e+00
   7.8000000e-01   7.2585739e-01   0.0000000e+00
   8.0000000e-01   7.1218217e-01   0.0000000e+00
   8.2000000e-01   6.9786328e-01   0.0000000e+00
   8.4000000e-01   6.8290073e-01   0.0000000e+00
   8.6000000e-01   6.7159900e-01   0.0000000e+00
   8.8000000e-01   6.6155611e-01   0.0000000e+00
   9.0000000e-01   6.5277206e-01   0.0000000e+00
   9.2000000e-01   6.4533570e-01   0.0000000e+00
   9.4000000e-01   6.3831705e-01   0.0000000e+00
   9.6000000e-01   6.3171611e-01   0.0000000e+00
   9.8000000e-01   6.2578165e-01   0.0000000e+00
   1.0000000e+00   6.1960815e-01   0.0000000e+00
   1.0200000e+00   6.1319563e-01   0.0000000e+00
   1.0400000e+00   6.0820519e-01   0.0000000e+00
   1.0600000e+00   6.0330528e-01   0.0000000e+00
   1.0800000e+00   5.9849588e-01   0.0000000e+00
   1.1000000e+00   5.9440859e-01   0.0000000e+00
   1.1200000e+00   5.9063778e-01   0.0000000e+00
   1.1400000e+00   5.8718344e-01   0.0000000e+00
   1.1600000e+00   5.8292317e-01   0.0000000e+00
   1.1800000e+00   5.7918990e-01   0.0000000e+00
   1.2000000e+00   5.7598364e-01   0.0000000e+00
   1.2200000e+00   5.7320246e-01   0.0000000e+00
   1.2400000e+00   5.7047593e-01   0.0000000e+00
   1.2600000e+00   5.6780404e-01   0.0000000e+00
   1.2800000e+00   5.6513216e-01   0.0000000e+00
   1.3000000e+00   5.6246028e-01   0.0000000e+00
   1.3200000e+00   5.5978839e-01   0.0000000e+00
   1.3400000e+00   5.5711650e-01   0.0000000e+00
   1.3600000e+00   5.5444462e-01   0.0000000e+00
   1.3800000e+00   5.5177273e-01   0.0000000e+00
   1.4000000e+00   5.4947699e-01   0.0000000e+00
   1.4200000e+00   5.4726036e-01   0.0000000e+00
   1.4400000e+00   5.4512285e-01   0.0000000e+00
   1.4600000e+00   5.4312815e-01   0.0000000e+00
   1.4800000e+00   5.4132924e-01   0.0000000e+00
   1.5000000e+00   5.3972610e-01   0.0000000e+00
   1.5200000e+00   5.3812297e-01   0.0000000e+00
   1.5400000e+00   5.3629791e-01   0.0000000e+00
   1.5600000e+00   5.3425093e-01   0.0000000e+00
   1.5800000e+00   5.3211342e-01   0.0000000e+00
   1.6000000e+00   5.2997591e-01   0.0000000e+00
   1.6200000e+00   5.2783840e-01   0.0000000e+00
   1.6400000e+00   5.2579476e-01   0.0000000e+00
   1.6600000e+00   5.2397137e-01   0.0000000e+00
   1.6800000e+00   5.2236824e-01   0.0000000e+00
   1.7000000e+00   5.2076511e-01   0.0000000e+00
   1.7200000e+00   5.1916197e-01   0.0000000e+00
   1.7400000e+00   5.1755884e-01   0.0000000e+00
   1.7600000e+00   5.1595571e-01   0.0000000e+00
   1.7800000e+00   5.1443337e-01   0.0000000e+00
   1.8000000e+00   5.1299182e-01   0.0000000e+00
   1.8200000e+00   5.1192307e-01   0.0000000e+00
   1.8400000e+00   5.1085431e-01   0.0000000e+00
   1.8600000e+00   5.0978556e-01   0.0000000e+00
   1.8800000e+00   5.0871680e-01   0.0000000e+00
   1.9000000e+00   5.0764805e-01   0.0000000e+00
   1.9200000e+00   5.0657930e-01   0.0000000e+00
   1.9400000e+00   5.0551054e-01   0.0000000e+00
   1.9600000e+00   5.0438547e-01   0.0000000e+00
   1.9800000e+00   5.0320408e-01   0.0000000e+00
   2.0000000e+00   5.0160095e-01   0.0000000e+00
   2.0200000e+00   5.0026299e-01   0.0000000e+00
   2.0400000e+00   4.9919021e-01   0.0000000e+00
   2.0600000e+00   4.9729409e-01   0.0000000e+00
   2.0800000e+00   4.9542579e-01   0.0000000e+00
   2.1000000e+00   4.9358530e-01   0.0000000e+00
   2.1200000e+00   4.9198216e-01   0.0000000e+00
   2.1400000e+00   4.9041088e-01   0.0000000e+00
   2.1600000e+00   4.8887144e-01   0.0000000e+00
   2.1800000e+00   4.8780268e-01   0.0000000e+00
   2.2000000e+00   4.8625253e-01   0.0000000e+00
   2.2200000e+00   4.8422097e-01   0.0000000e+00
   2.2400000e+00   4.8281293e-01   0.0000000e+00
   2.2600000e+00   4.8157454e-01   0.0000000e+00
   2.2800000e+00   4.8050579e-01   0.0000000e+00
   2.3000000e+00   4.7943703e-01   0.0000000e+00
   2.3200000e+00   4.7836828e-01   0.0000000e+00
   2.3400000e+00   4.7729952e-01   0.0000000e+00
   2.3600000e+00   4.7623077e-01   0.0000000e+00
   2.3800000e+00   4.7472956e-01   0.0000000e+00
   2.4000000e+00   4.7279590e-01   0.0000000e+00
   2.4200000e+00   4.7128997e-01   0.0000000e+00
   2.4400000e+00   4.7000263e-01   0.0000000e+00
   2.4600000e+00   4.6893387e-01   0.0000000e+00
   2.4800000e+00   4.6786512e-01   0.0000000e+00
   2.5000000e+00   4.6679636e-01   0.0000000e+00
   2.5200000e+00   4.6572761e-01   0.0000000e+00
   2.5400000e+00   4.6465886e-01   0.0000000e+00
   2.5600000e+00   4.6339835e-01   0.0000000e+00
   2.5800000e+00   4.6194609e-01   0.0000000e+00
   2.6000000e+00   4.6060980e-01   0.0000000e+00
   2.6200000e+00   4.5933219e-01   0.0000000e+00
   2.6400000e+00   4.5811325e-01   0.0000000e+00
   2.6600000e+00   4.5654364e-01   0.0000000e+00
   2.6800000e+00   4.5522445e-01   0.0000000e+00
   2.7000000e+00   4.5415570e-01   0.0000000e+00
   2.7200000e+00   4.5308695e-01   0.0000000e+00
   2.7400000e+00   4.5201819e-01   0.0000000e+00
   2.7600000e+00   4.5094944e-01   0.0000000e+00
   2.7800000e+00   4.4988068e-01   0.0000000e+00
   2.8000000e+00   4.4876131e-01   0.0000000e+00
   2.8200000e+00   4.4759132e-01   0.0000000e+00
   2.8400000e+00   4.4598819e-01   0.0000000e+00
   2.8600000e+00   4.4490401e-01   0.0000000e+00
   2.8800000e+00   4.4433877e-01   0.0000000e+00
   2.9000000e+00   4.4299983e-01   0.0000000e+00
   2.9200000e+00   4.4181441e-01   0.0000000e+00
   2.9400000e+00   4.4078251e-01   0.0000000e+00
   2.9600000e+00   4.4007918e-01   0.0000000e+00
   2.9800000e+00   4.3919314e-01   0.0000000e+00
   3.0000000e+00   4.3812439e-01   0.0000000e+00
   3.0200000e+00   4.3705563e-01   0.0000000e+00
   3.0400000e+00   4.3598688e-01   0.0000000e+00
   3.0600000e+00   4.3491813e-01   0.0000000e+00
   3.0800000e+00   4.3420271e-01   0.0000000e+00
   3.1000000e+00   4.3345947e-01   0.0000000e+00
   3.1200000e+00   4.3268843e-01   0.0000000e+00
   3.1400000e+00   4.3161967e-01   0.0000000e+00
   3.1600000e+00   4.3055092e-01   0.0000000e+00
   3.1800000e+00   4.2948216e-01   0.0000000e+00
   3.2000000e+00   4.2841341e-01   0.0000000e+00
   3.2200000e+00   4.2755518e-01   0.0000000e+00
   3.2400000e+00   4.2690748e-01   0.0000000e+00
   3.2600000e+00   4.2667749e-01   0.0000000e+00
   3.2800000e+00   4.2637478e-01   0.0000000e+00
   3.3000000e+00   4.2599933e-01   0.0000000e+00
   3.3200000e+00   4.2500163e-01   0.0000000e+00
   3.3400000e+00   4.2423560e-01   0.0000000e+00
   3.3600000e+00   4.2370122e-01   0.0000000e+00
   3.3800000e+00   4.2365561e-01   0.0000000e+00
   2.1000000e+00   7.6604623e-01   1.0000000e+00
   2.1200000e+00   7.6462345e-01   1.0000000e+00
   2.1400000e+00   7.6337769e-01   1.0000000e+00
   2.1600000e+00   7.6230893e-01   1.0000000e+00
   2.1800000e+00   7.6124018e-01   1.0000000e+00
   2.2000000e+00   7.6017143e-01   1.0000000e+00
   2.2200000e+00   7.5910267e-01   1.0000000e+00
   2.2400000e+00   7.5766918e-01   1.0000000e+00
   2.2600000e+00   7.5602684e-01   1.0000000e+00
   2.2800000e+00   7.5417563e-01   1.0000000e+00
   2.3000000e+00   7.5203812e-01   1.0000000e+00
   2.3200000e+00   7.4990062e-01   1.0000000e+00
   2.3400000e+00   7.4776311e-01   1.0000000e+00
   2.3600000e+00   7.4562560e-01   1.0000000e+00
   2.3800000e+00   7.4327186e-01   1.0000000e+00
   2.4000000e+00   7.4070190e-01   1.0000000e+00
   2.4200000e+00   7.3834581e-01   1.0000000e+00
   2.4400000e+00   7.3619857e-01   1.0000000e+00
   2.4600000e+00   7.3426019e-01   1.0000000e+00
   2.4800000e+00   7.3265705e-01   1.0000000e+00
   2.5000000e+00   7.3105392e-01   1.0000000e+00
   2.5200000e+00   7.2945079e-01   1.0000000e+00
   2.5400000e+00   7.2784766e-01   1.0000000e+00
   2.5600000e+00   7.2662804e-01   1.0000000e+00
   2.5800000e+00   7.2579193e-01   1.0000000e+00
   2.6000000e+00   7.2472386e-01   1.0000000e+00
   2.6200000e+00   7.2346335e-01   1.0000000e+00
   2.6400000e+00   7.2201040e-01   1.0000000e+00
   2.6600000e+00   7.2087462e-01   1.0000000e+00
   2.6800000e+00   7.1923797e-01   1.0000000e+00
   2.7000000e+00   7.1710046e-01   1.0000000e+00
   2.7200000e+00   7.1541418e-01   1.0000000e+00
   2.7400000e+00   7.1376947e-01   1.0000000e+00
   2.7600000e+00   7.1216634e-01   1.0000000e+00
   2.7800000e+00   7.1034531e-01   1.0000000e+00
   2.8000000e+00   7.0841666e-01   1.0000000e+00
   2.8200000e+00   7.0638039e-01   1.0000000e+00
   2.8400000e+00   7.0477726e-01   1.0000000e+00
   2.8600000e+00   7.0317413e-01   1.0000000e+00
   2.8800000e+00   7.0157099e-01   1.0000000e+00
   2.9000000e+00   7.0077243e-01   1.0000000e+00
   2.9200000e+00   6.9982034e-01   1.0000000e+00
   2.9400000e+00   6.9871473e-01   1.0000000e+00
   2.9600000e+00   6.9728055e-01   1.0000000e+00
   2.9800000e+00   6.9597679e-01   1.0000000e+00
   3.0000000e+00   6.9480346e-01   1.0000000e+00
   3.0200000e+00   6.9266596e-01   1.0000000e+00
