   6.1000000e-01   9.5695438e-01   0.0000000e+00
   6.3000000e-01   9.4121006e-01   0.0000000e+00
   6.5000000e-01   9.2049074e-01   0.0000000e+00
   6.7000000e-01   8.9703884e-01   0.0000000e+00
   6.9000000e-01   8.7085437e-01   0.0000000e+00
   7.1000000e-01   8.4603566e-01   0.0000000e+00
   7.3000000e-01   8.2235142e-01   0.0000000e+00
   7.5000000e-01   7.9980163e-01   0.0000000e+00
   7.7000000e-01   7.8219932e-01   0.0000000e+00
   7.9000000e-01   7.6683178e-01   0.0000000e+00
   8.1000000e-01   7.5369900e-01   0.0000000e+00
   8.3000000e-01   7.3713331e-01   0.0000000e+00
   8.5000000e-01   7.2213655e-01   0.0000000e+00
   8.7000000e-01   7.0870872e-01   0.0000000e+00
   8.9000000e-01   6.9575561e-01   0.0000000e+00
   9.1000000e-01   6.8431476e-01   0.0000000e+00
   9.3000000e-01   6.7438617e-01   0.0000000e+00
   9.5000000e-01   6.6742384e-01   0.0000000e+00
   9.7000000e-01   6.6103176e-01   0.0000000e+00
   9.9000000e-01   6.5520993e-01   0.0000000e+00
   1.0100000e+00   6.4986616e-01   0.0000000e+00
   1.0300000e+00   6.4452239e-01   0.0000000e+00
   1.0500000e+00   6.3917862e-01   0.0000000e+00
   1.0700000e+00   6.3454958e-01   0.0000000e+00
   1.0900000e+00   6.2997720e-01   0.0000000e+00
   1.1100000e+00   6.2546148e-01   0.0000000e+00
   1.1300000e+00   6.2077612e-01   0.0000000e+00
   1.1500000e+00   6.1629962e-01   0.0000000e+00
   1.1700000e+00   6.1203198e-01   0.0000000e+00
   1.1900000e+00   6.0829134e-01   0.0000000e+00
   1.2100000e+00   6.0476324e-01   0.0000000e+00
   1.2300000e+00   6.0144769e-01   0.0000000e+00
   1.2500000e+00   5.9793300e-01   0.0000000e+00
   1.2700000e+00   5.9430534e-01   0.0000000e+00
   1.2900000e+00   5.9056471e-01   0.0000000e+00
   1.3100000e+00   5.8697424e-01   0.0000000e+00
   1.3300000e+00   5.8384307e-01   0.0000000e+00
   1.3500000e+00   5.8117119e-01   0.0000000e+00
   1.3700000e+00   5.7800650e-01   0.0000000e+00
   1.3900000e+00   5.7500909e-01   0.0000000e+00
   1.4100000e+00   5.7217897e-01   0.0000000e+00
   1.4300000e+00   5.7002603e-01   0.0000000e+00
   1.4500000e+00   5.6829080e-01   0.0000000e+00
   1.4700000e+00   5.6697329e-01   0.0000000e+00
   1.4900000e+00   5.6621669e-01   0.0000000e+00
   1.5100000e+00   5.6330010e-01   0.0000000e+00
   1.5300000e+00   5.5822352e-01   0.0000000e+00
   1.5500000e+00   5.5314694e-01   0.0000000e+00
   1.5700000e+00   5.4807036e-01   0.0000000e+00
   1.5900000e+00   5.4299377e-01   0.0000000e+00
   1.6100000e+00   5.3791719e-01   0.0000000e+00
   1.6300000e+00   5.3309873e-01   0.0000000e+00
   1.6500000e+00   5.2853839e-01   0.0000000e+00
   1.6700000e+00   5.2640088e-01   0.0000000e+00
   1.6900000e+00   5.2451916e-01   0.0000000e+00
   1.7100000e+00   5.2289323e-01   0.0000000e+00
   1.7300000e+00   5.2168501e-01   0.0000000e+00
   1.7500000e+00   5.2054652e-01   0.0000000e+00
   1.7700000e+00   5.1947776e-01   0.0000000e+00
   1.7900000e+00   5.1824743e-01   0.0000000e+00
   1.8100000e+00   5.1685315e-01   0.0000000e+00
   1.8300000e+00   5.1529494e-01   0.0000000e+00
   1.8500000e+00   5.1422619e-01   0.0000000e+00
   1.8700000e+00   5.1315743e-01   0.0000000e+00
   1.8900000e+00   5.1208868e-01   0.0000000e+00
   1.9100000e+00   5.1101992e-01   0.0000000e+00
   1.9300000e+00   5.1018047e-01   0.0000000e+00
   1.9500000e+00   5.0957031e-01   0.0000000e+00
   1.9700000e+00   5.0945768e-01   0.0000000e+00
   1.9900000e+00   5.0913417e-01   0.0000000e+00
   2.0100000e+00   5.0859979e-01   0.0000000e+00
   2.0300000e+00   5.0806542e-01   0.0000000e+00
   2.0500000e+00   5.0753104e-01   0.0000000e+00
   2.0700000e+00   5.0699666e-01   0.0000000e+00
   2.0900000e+00   5.0646229e-01   0.0000000e+00
   2.1100000e+00   5.0592791e-01   0.0000000e+00
   2.1300000e+00   5.0539353e-01   0.0000000e+00
   2.1500000e+00   5.0485916e-01   0.0000000e+00
   2.1700000e+00   5.0432478e-01   0.0000000e+00
   2.1900000e+00   5.0379040e-01   0.0000000e+00
   2.2100000e+00   5.0277462e-01   0.0000000e+00
   2.2300000e+00   5.0173236e-01   0.0000000e+00
   2.2500000e+00   5.0066360e-01   0.0000000e+00
   2.2700000e+00   4.9959485e-01   0.0000000e+00
   2.2900000e+00   4.9846039e-01   0.0000000e+00
   2.3100000e+00   4.9726023e-01   0.0000000e+00
   2.3300000e+00   4.9565710e-01   0.0000000e+00
   2.3500000e+00   4.9405397e-01   0.0000000e+00
   2.3700000e+00   4.9245084e-01   0.0000000e+00
   2.3900000e+00   4.9128016e-01   0.0000000e+00
   2.4100000e+00   4.9000255e-01   0.0000000e+00
   2.4300000e+00   4.8861801e-01   0.0000000e+00
   2.4500000e+00   4.8741313e-01   0.0000000e+00
   2.4700000e+00   4.8650227e-01   0.0000000e+00
   2.4900000e+00   4.8588543e-01   0.0000000e+00
   2.5100000e+00   4.8481668e-01   0.0000000e+00
   2.5300000e+00   4.8374792e-01   0.0000000e+00
   2.5500000e+00   4.8267917e-01   0.0000000e+00
   2.5700000e+00   4.8161041e-01   0.0000000e+00
   2.5900000e+00   4.8054166e-01   0.0000000e+00
   2.6100000e+00   4.7947291e-01   0.0000000e+00
   2.6300000e+00   4.7840415e-01   0.0000000e+00
   2.6500000e+00   4.7735215e-01   0.0000000e+00
   2.6700000e+00   4.7631692e-01   0.0000000e+00
   2.6900000e+00   4.7578254e-01   0.0000000e+00
   2.7100000e+00   4.7502255e-01   0.0000000e+00
   2.7300000e+00   4.7403694e-01   0.0000000e+00
   2.7500000e+00   4.7296819e-01   0.0000000e+00
   2.7700000e+00   4.7168154e-01   0.0000000e+00
   2.7900000e+00   4.7017699e-01   0.0000000e+00
   2.8100000e+00   4.6834318e-01   0.0000000e+00
   2.8300000e+00   4.6715909e-01   0.0000000e+00
   2.8500000e+00   4.6662471e-01   0.0000000e+00
   2.8700000e+00   4.6557139e-01   0.0000000e+00
   2.8900000e+00   4.6471149e-01   0.0000000e+00
   2.9100000e+00   4.6404502e-01   0.0000000e+00
   2.9300000e+00   4.6322502e-01   0.0000000e+00
   2.9500000e+00   4.6219617e-01   0.0000000e+00
   2.9700000e+00   4.6095847e-01   0.0000000e+00
   2.9900000e+00   4.5956448e-01   0.0000000e+00
   3.0100000e+00   4.5913468e-01   0.0000000e+00
   3.0300000e+00   4.5966906e-01   0.0000000e+00
   2.0100000e+00   7.4594680e-01   1.0000000e+00
   2.0300000e+00   7.4326282e-01   1.0000000e+00
   2.0500000e+00   7.4058489e-01   1.0000000e+00
   2.0700000e+00   7.3791301e-01   1.0000000e+00
   2.0900000e+00   7.3524112e-01   1.0000000e+00
   2.1100000e+00   7.3274959e-01   1.0000000e+00
   2.1300000e+00   7.3043841e-01   1.0000000e+00
   2.1500000e+00   7.2883528e-01   1.0000000e+00
   2.1700000e+00   7.2723215e-01   1.0000000e+00
   2.1900000e+00   7.2562902e-01   1.0000000e+00
   2.2100000e+00   7.2354449e-01   1.0000000e+00
   2.2300000e+00   7.2179820e-01   1.0000000e+00
   2.2500000e+00   7.2039017e-01   1.0000000e+00
   2.2700000e+00   7.1882527e-01   1.0000000e+00
   2.2900000e+00   7.1703977e-01   1.0000000e+00
   2.3100000e+00   7.1503367e-01   1.0000000e+00
   2.3300000e+00   7.1343054e-01   1.0000000e+00
   2.3500000e+00   7.1182741e-01   1.0000000e+00
   2.3700000e+00   7.1022428e-01   1.0000000e+00
   2.3900000e+00   7.0862114e-01   1.0000000e+00
   2.4100000e+00   7.0686012e-01   1.0000000e+00
   2.4300000e+00   7.0494120e-01   1.0000000e+00
   2.4500000e+00   7.0320194e-01   1.0000000e+00
   2.4700000e+00   7.0179793e-01   1.0000000e+00
   2.4900000e+00   7.0072918e-01   1.0000000e+00
   2.5100000e+00   6.9966043e-01   1.0000000e+00
   2.5300000e+00   6.9909185e-01   1.0000000e+00
   2.5500000e+00   6.9902344e-01   1.0000000e+00
   2.5700000e+00   6.9863993e-01   1.0000000e+00
   2.5900000e+00   6.9844783e-01   1.0000000e+00
   2.6100000e+00   6.9844714e-01   1.0000000e+00
   2.6300000e+00   6.9843712e-01   1.0000000e+00
   2.6500000e+00   6.9773074e-01   1.0000000e+00
   2.6700000e+00   6.9632800e-01   1.0000000e+00
   2.6900000e+00   6.9492526e-01   1.0000000e+00
   2.7100000e+00   6.9352252e-01   1.0000000e+00
   2.7300000e+00   6.9211978e-01   1.0000000e+00
   2.7500000e+00   6.9071704e-01   1.0000000e+00
   2.7700000e+00   6.8931430e-01   1.0000000e+00
   2.7900000e+00   6.8791156e-01   1.0000000e+00
   2.8100000e+00   6.8650882e-01   1.0000000e+00
   2.8300000e+00   6.8510608e-01   1.0000000e+00
   2.8500000e+00   6.8370334e-01   1.0000000e+00
   2.8700000e+00   6.8230060e-01   1.0000000e+00
   2.8900000e+00   6.8089786e-01   1.0000000e+00
   2.9100000e+00   6.7949512e-01   1.0000000e+00
   2.9300000e+00   6.7809238e-01   1.0000000e+00
   2.9500000e+00   6.7668964e-01   1.0000000e+00
   2.9700000e+00   6.7528690e-01   1.0000000e+00
   2.9900000e+00   6.7388416e-01   1.0000000e+00
   3.0100000e+00   6.7248142e-01   1.0000000e+00
   3.0300000e+00   6.7107868e-01   1.0000000e+00
   3.0500000e+00   6.6967594e-01   1.0000000e+00
   3.0700000e+00   6.6827320e-01   1.0000000e+00
   3.0900000e+00   6.6687046e-01   1.0000000e+00
   3.1100000e+00   6.6546772e-01   1.0000000e+00
   3.1300000e+00   6.6406498e-01   1.0000000e+00
   3.1500000e+00   6.6266224e-01   1.0000000e+00
   3.1700000e+00   6.6125950e-01   1.0000000e+00
   3.1900000e+00   6.5985676e-01   1.0000000e+00
   3.2100000e+00   6.5845402e-01   1.0000000e+00
   3.2300000e+00   6.5731444e-01   1.0000000e+00
