   6.0000000e-01   9.0860638e-01   0.0000000e+00
   6.2000000e-01   8.8273032e-01   0.0000000e+00
   6.4000000e-01   8.5717812e-01   0.0000000e+00
   6.6000000e-01   8.3194976e-01   0.0000000e+00
   6.8000000e-01   8.0523091e-01   0.0000000e+00
   7.0000000e-01   7.8351989e-01   0.0000000e+00
   7.2000000e-01   7.6681669e-01   0.0000000e+00
   7.4000000e-01   7.4338932e-01   0.0000000e+00
   7.6000000e-01   7.2128742e-01   0.0000000e+00
   7.8000000e-01   7.0051099e-01   0.0000000e+00
   8.0000000e-01   6.9014730e-01   0.0000000e+00
   8.2000000e-01   6.7935449e-01   0.0000000e+00
   8.4000000e-01   6.6813258e-01   0.0000000e+00
   8.6000000e-01   6.5847959e-01   0.0000000e+00
   8.8000000e-01   6.4945316e-01   0.0000000e+00
   9.0000000e-01   6.4105331e-01   0.0000000e+00
   9.2000000e-01   6.3332730e-01   0.0000000e+00
   9.4000000e-01   6.2589664e-01   0.0000000e+00
   9.6000000e-01   6.1876133e-01   0.0000000e+00
   9.8000000e-01   6.1234880e-01   0.0000000e+00
   1.0000000e+00   6.0593628e-01   0.0000000e+00
   1.0200000e+00   5.9952375e-01   0.0000000e+00
   1.0400000e+00   5.9311123e-01   0.0000000e+00
   1.0600000e+00   5.8705607e-01   0.0000000e+00
   1.0800000e+00   5.8135827e-01   0.0000000e+00
   1.1000000e+00   5.7577380e-01   0.0000000e+00
   1.1200000e+00   5.7004249e-01   0.0000000e+00
   1.1400000e+00   5.6416435e-01   0.0000000e+00
   1.1600000e+00   5.5829357e-01   0.0000000e+00
   1.1800000e+00   5.5268630e-01   0.0000000e+00
   1.2000000e+00   5.4734253e-01   0.0000000e+00
   1.2200000e+00   5.4242384e-01   0.0000000e+00
   1.2400000e+00   5.3771401e-01   0.0000000e+00
   1.2600000e+00   5.3321303e-01   0.0000000e+00
   1.2800000e+00   5.2874626e-01   0.0000000e+00
   1.3000000e+00   5.2418327e-01   0.0000000e+00
   1.3200000e+00   5.1952406e-01   0.0000000e+00
   1.3400000e+00   5.1578342e-01   0.0000000e+00
   1.3600000e+00   5.1253558e-01   0.0000000e+00
   1.3800000e+00   5.0978055e-01   0.0000000e+00
   1.4000000e+00   5.0635639e-01   0.0000000e+00
   1.4200000e+00   5.0303346e-01   0.0000000e+00
   1.4400000e+00   4.9981177e-01   0.0000000e+00
   1.4600000e+00   4.9685426e-01   0.0000000e+00
   1.4800000e+00   4.9354441e-01   0.0000000e+00
   1.5000000e+00   4.8988220e-01   0.0000000e+00
   1.5200000e+00   4.8774469e-01   0.0000000e+00
   1.5400000e+00   4.8538526e-01   0.0000000e+00
   1.5600000e+00   4.8280389e-01   0.0000000e+00
   1.5800000e+00   4.8045920e-01   0.0000000e+00
   1.6000000e+00   4.7821810e-01   0.0000000e+00
   1.6200000e+00   4.7608059e-01   0.0000000e+00
   1.6400000e+00   4.7403694e-01   0.0000000e+00
   1.6600000e+00   4.7221355e-01   0.0000000e+00
   1.6800000e+00   4.7061042e-01   0.0000000e+00
   1.7000000e+00   4.6849572e-01   0.0000000e+00
   1.7200000e+00   4.6656707e-01   0.0000000e+00
   1.7400000e+00   4.6482447e-01   0.0000000e+00
   1.7600000e+00   4.6322134e-01   0.0000000e+00
   1.7800000e+00   4.6161821e-01   0.0000000e+00
   1.8000000e+00   4.6001508e-01   0.0000000e+00
   1.8200000e+00   4.5845686e-01   0.0000000e+00
   1.8400000e+00   4.5714338e-01   0.0000000e+00
   1.8600000e+00   4.5607462e-01   0.0000000e+00
   1.8800000e+00   4.5408061e-01   0.0000000e+00
   1.9000000e+00   4.5236081e-01   0.0000000e+00
   1.9200000e+00   4.5091523e-01   0.0000000e+00
   1.9400000e+00   4.4984648e-01   0.0000000e+00
   1.9600000e+00   4.4877773e-01   0.0000000e+00
   1.9800000e+00   4.4770897e-01   0.0000000e+00
   2.0000000e+00   4.4664022e-01   0.0000000e+00
   2.0200000e+00   4.4557146e-01   0.0000000e+00
   2.0400000e+00   4.4450271e-01   0.0000000e+00
   2.0600000e+00   4.4343396e-01   0.0000000e+00
   2.0800000e+00   4.4236520e-01   0.0000000e+00
   2.1000000e+00   4.4129645e-01   0.0000000e+00
   2.1200000e+00   4.4022769e-01   0.0000000e+00
   2.1400000e+00   4.3915894e-01   0.0000000e+00
   2.1600000e+00   4.3809019e-01   0.0000000e+00
   2.1800000e+00   4.3702143e-01   0.0000000e+00
   2.2000000e+00   4.3595268e-01   0.0000000e+00
   2.2200000e+00   4.3488392e-01   0.0000000e+00
   2.2400000e+00   4.3345043e-01   0.0000000e+00
   2.2600000e+00   4.3205616e-01   0.0000000e+00
   2.2800000e+00   4.3070110e-01   0.0000000e+00
   2.3000000e+00   4.2963234e-01   0.0000000e+00
   2.3200000e+00   4.2856359e-01   0.0000000e+00
   2.3400000e+00   4.2749484e-01   0.0000000e+00
   2.3600000e+00   4.2642608e-01   0.0000000e+00
   2.3800000e+00   4.2557355e-01   0.0000000e+00
   2.4000000e+00   4.2493726e-01   0.0000000e+00
   2.4200000e+00   4.2408709e-01   0.0000000e+00
   2.4400000e+00   4.2312763e-01   0.0000000e+00
   2.4600000e+00   4.2205887e-01   0.0000000e+00
   2.4800000e+00   4.2090766e-01   0.0000000e+00
   2.5000000e+00   4.1953049e-01   0.0000000e+00
   2.5200000e+00   4.1792735e-01   0.0000000e+00
   2.5400000e+00   4.1732457e-01   0.0000000e+00
   2.5600000e+00   4.1675599e-01   0.0000000e+00
   2.5800000e+00   4.1622161e-01   0.0000000e+00
   2.6000000e+00   4.1542039e-01   0.0000000e+00
   2.6200000e+00   4.1456049e-01   0.0000000e+00
   2.6400000e+00   4.1364192e-01   0.0000000e+00
   2.6600000e+00   4.1310754e-01   0.0000000e+00
   2.6800000e+00   4.1257316e-01   0.0000000e+00
   2.7000000e+00   4.1203879e-01   0.0000000e+00
   2.7200000e+00   4.1105318e-01   0.0000000e+00
   2.7400000e+00   4.1019329e-01   0.0000000e+00
   2.7600000e+00   4.0945909e-01   0.0000000e+00
   2.7800000e+00   4.0892472e-01   0.0000000e+00
   2.8000000e+00   4.0839034e-01   0.0000000e+00
   2.8200000e+00   4.0785596e-01   0.0000000e+00
   2.8400000e+00   4.0732159e-01   0.0000000e+00
   2.8600000e+00   4.0704668e-01   0.0000000e+00
   2.8800000e+00   4.0703125e-01   0.0000000e+00
   2.9000000e+00   4.0703125e-01   0.0000000e+00
   2.9200000e+00   4.0703125e-01   0.0000000e+00
   2.9400000e+00   4.0703125e-01   0.0000000e+00
   2.9600000e+00   4.0686230e-01   0.0000000e+00
   2.9800000e+00   4.0651063e-01   0.0000000e+00
   3.0000000e+00   4.0597626e-01   0.0000000e+00
   3.0200000e+00   4.0544188e-01   0.0000000e+00
   3.0400000e+00   4.0490750e-01   0.0000000e+00
   3.0600000e+00   4.0437313e-01   0.0000000e+00
   3.0800000e+00   4.0383875e-01   0.0000000e+00
   3.1000000e+00   4.0318604e-01   0.0000000e+00
   3.1200000e+00   4.0241499e-01   0.0000000e+00
   3.1400000e+00   4.0134623e-01   0.0000000e+00
   3.1600000e+00   4.0027915e-01   0.0000000e+00
   3.1800000e+00   3.9921374e-01   0.0000000e+00
   3.2000000e+00   3.9867936e-01   0.0000000e+00
   3.2200000e+00   3.9814498e-01   0.0000000e+00
   3.2400000e+00   3.9761061e-01   0.0000000e+00
   3.2600000e+00   3.9707623e-01   0.0000000e+00
   3.2800000e+00   3.9672958e-01   0.0000000e+00
   3.3000000e+00   3.9657065e-01   0.0000000e+00
   3.3200000e+00   3.9703397e-01   0.0000000e+00
   3.3400000e+00   3.9726563e-01   0.0000000e+00
   3.3600000e+00   3.9726563e-01   0.0000000e+00
   3.3800000e+00   3.9775440e-01   0.0000000e+00
   2.0000000e+00   6.8699096e-01   1.0000000e+00
   2.0200000e+00   6.8404988e-01   1.0000000e+00
   2.0400000e+00   6.8137396e-01   1.0000000e+00
   2.0600000e+00   6.7828839e-01   1.0000000e+00
   2.0800000e+00   6.7543950e-01   1.0000000e+00
   2.1000000e+00   6.7282727e-01   1.0000000e+00
   2.1200000e+00   6.7050941e-01   1.0000000e+00
   2.1400000e+00   6.6804638e-01   1.0000000e+00
   2.1600000e+00   6.6543818e-01   1.0000000e+00
   2.1800000e+00   6.6330067e-01   1.0000000e+00
   2.2000000e+00   6.6140387e-01   1.0000000e+00
   2.2200000e+00   6.5974776e-01   1.0000000e+00
   2.2400000e+00   6.5777989e-01   1.0000000e+00
   2.2600000e+00   6.5585124e-01   1.0000000e+00
   2.2800000e+00   6.5396180e-01   1.0000000e+00
   2.3000000e+00   6.5235867e-01   1.0000000e+00
   2.3200000e+00   6.5076291e-01   1.0000000e+00
   2.3400000e+00   6.4917452e-01   1.0000000e+00
   2.3600000e+00   6.4810577e-01   1.0000000e+00
   2.3800000e+00   6.4660456e-01   1.0000000e+00
   2.4000000e+00   6.4467090e-01   1.0000000e+00
   2.4200000e+00   6.4284918e-01   1.0000000e+00
   2.4400000e+00   6.4103719e-01   1.0000000e+00
   2.4600000e+00   6.3923493e-01   1.0000000e+00
   2.4800000e+00   6.3693250e-01   1.0000000e+00
   2.5000000e+00   6.3417816e-01   1.0000000e+00
   2.5200000e+00   6.3097190e-01   1.0000000e+00
   2.5400000e+00   6.2826581e-01   1.0000000e+00
   2.5600000e+00   6.2557682e-01   1.0000000e+00
   2.5800000e+00   6.2290493e-01   1.0000000e+00
   2.6000000e+00   6.2023305e-01   1.0000000e+00
   2.6200000e+00   6.1763625e-01   1.0000000e+00
   2.6400000e+00   6.1511455e-01   1.0000000e+00
   2.6600000e+00   6.1297704e-01   1.0000000e+00
   2.6800000e+00   6.1083953e-01   1.0000000e+00
   2.7000000e+00   6.0870202e-01   1.0000000e+00
   2.7200000e+00   6.0656452e-01   1.0000000e+00
   2.7400000e+00   6.0459429e-01   1.0000000e+00
   2.7600000e+00   6.0279134e-01   1.0000000e+00
   2.7800000e+00   6.0140611e-01   1.0000000e+00
