   6.0000000e-01   9.1510736e-01   0.0000000e+00
   6.2000000e-01   8.9485135e-01   0.0000000e+00
   6.4000000e-01   8.7128884e-01   0.0000000e+00
   6.6000000e-01   8.4441981e-01   0.0000000e+00
   6.8000000e-01   8.1556344e-01   0.0000000e+00
   7.0000000e-01   7.9217017e-01   0.0000000e+00
   7.2000000e-01   7.7423999e-01   0.0000000e+00
   7.4000000e-01   7.5719290e-01   0.0000000e+00
   7.6000000e-01   7.4040695e-01   0.0000000e+00
   7.8000000e-01   7.2388215e-01   0.0000000e+00
   8.0000000e-01   7.0902486e-01   0.0000000e+00
   8.2000000e-01   6.9438212e-01   0.0000000e+00
   8.4000000e-01   6.7995394e-01   0.0000000e+00
   8.6000000e-01   6.7023254e-01   0.0000000e+00
   8.8000000e-01   6.6117191e-01   0.0000000e+00
   9.0000000e-01   6.5277206e-01   0.0000000e+00
   9.2000000e-01   6.4533570e-01   0.0000000e+00
   9.4000000e-01   6.3840354e-01   0.0000000e+00
   9.6000000e-01   6.3197558e-01   0.0000000e+00
   9.8000000e-01   6.2651918e-01   0.0000000e+00
   1.0000000e+00   6.2058471e-01   0.0000000e+00
   1.0200000e+00   6.1417219e-01   0.0000000e+00
   1.0400000e+00   6.0918175e-01   0.0000000e+00
   1.0600000e+00   6.0428184e-01   0.0000000e+00
   1.0800000e+00   5.9947245e-01   0.0000000e+00
   1.1000000e+00   5.9490375e-01   0.0000000e+00
   1.1200000e+00   5.9041988e-01   0.0000000e+00
   1.1400000e+00   5.8602083e-01   0.0000000e+00
   1.1600000e+00   5.8122618e-01   0.0000000e+00
   1.1800000e+00   5.7695853e-01   0.0000000e+00
   1.2000000e+00   5.7321789e-01   0.0000000e+00
   1.2200000e+00   5.6990234e-01   0.0000000e+00
   1.2400000e+00   5.6664143e-01   0.0000000e+00
   1.2600000e+00   5.6343517e-01   0.0000000e+00
   1.2800000e+00   5.6022890e-01   0.0000000e+00
   1.3000000e+00   5.5709773e-01   0.0000000e+00
   1.3200000e+00   5.5404165e-01   0.0000000e+00
   1.3400000e+00   5.5190414e-01   0.0000000e+00
   1.3600000e+00   5.4952023e-01   0.0000000e+00
   1.3800000e+00   5.4688992e-01   0.0000000e+00
   1.4000000e+00   5.4497031e-01   0.0000000e+00
   1.4200000e+00   5.4307920e-01   0.0000000e+00
   1.4400000e+00   5.4121660e-01   0.0000000e+00
   1.4600000e+00   5.3907909e-01   0.0000000e+00
   1.4800000e+00   5.3694158e-01   0.0000000e+00
   1.5000000e+00   5.3480408e-01   0.0000000e+00
   1.5200000e+00   5.3266657e-01   0.0000000e+00
   1.5400000e+00   5.3052906e-01   0.0000000e+00
   1.5600000e+00   5.2839155e-01   0.0000000e+00
   1.5800000e+00   5.2658123e-01   0.0000000e+00
   1.6000000e+00   5.2476925e-01   0.0000000e+00
   1.6200000e+00   5.2295559e-01   0.0000000e+00
   1.6400000e+00   5.2091194e-01   0.0000000e+00
   1.6600000e+00   5.1908855e-01   0.0000000e+00
   1.6800000e+00   5.1748542e-01   0.0000000e+00
   1.7000000e+00   5.1537072e-01   0.0000000e+00
   1.7200000e+00   5.1344207e-01   0.0000000e+00
   1.7400000e+00   5.1169947e-01   0.0000000e+00
   1.7600000e+00   5.1037458e-01   0.0000000e+00
   1.7800000e+00   5.0917776e-01   0.0000000e+00
   1.8000000e+00   5.0810901e-01   0.0000000e+00
   1.8200000e+00   5.0708517e-01   0.0000000e+00
   1.8400000e+00   5.0630606e-01   0.0000000e+00
   1.8600000e+00   5.0577169e-01   0.0000000e+00
   1.8800000e+00   5.0431205e-01   0.0000000e+00
   1.9000000e+00   5.0295365e-01   0.0000000e+00
   1.9200000e+00   5.0169648e-01   0.0000000e+00
   1.9400000e+00   5.0062773e-01   0.0000000e+00
   1.9600000e+00   4.9955897e-01   0.0000000e+00
   1.9800000e+00   4.9849022e-01   0.0000000e+00
   2.0000000e+00   4.9742147e-01   0.0000000e+00
   2.0200000e+00   4.9608754e-01   0.0000000e+00
   2.0400000e+00   4.9448844e-01   0.0000000e+00
   2.0600000e+00   4.9247163e-01   0.0000000e+00
   2.0800000e+00   4.9054297e-01   0.0000000e+00
   2.1000000e+00   4.8870248e-01   0.0000000e+00
   2.1200000e+00   4.8709935e-01   0.0000000e+00
   2.1400000e+00   4.8549622e-01   0.0000000e+00
   2.1600000e+00   4.8389309e-01   0.0000000e+00
   2.1800000e+00   4.8228996e-01   0.0000000e+00
   2.2000000e+00   4.8092753e-01   0.0000000e+00
   2.2200000e+00   4.7980580e-01   0.0000000e+00
   2.2400000e+00   4.7873704e-01   0.0000000e+00
   2.2600000e+00   4.7766829e-01   0.0000000e+00
   2.2800000e+00   4.7659954e-01   0.0000000e+00
   2.3000000e+00   4.7553078e-01   0.0000000e+00
   2.3200000e+00   4.7446203e-01   0.0000000e+00
   2.3400000e+00   4.7339327e-01   0.0000000e+00
   2.3600000e+00   4.7232452e-01   0.0000000e+00
   2.3800000e+00   4.7125576e-01   0.0000000e+00
   2.4000000e+00   4.7018701e-01   0.0000000e+00
   2.4200000e+00   4.6911826e-01   0.0000000e+00
   2.4400000e+00   4.6785038e-01   0.0000000e+00
   2.4600000e+00   4.6638337e-01   0.0000000e+00
   2.4800000e+00   4.6441079e-01   0.0000000e+00
   2.5000000e+00   4.6289011e-01   0.0000000e+00
   2.5200000e+00   4.6182136e-01   0.0000000e+00
   2.5400000e+00   4.6075261e-01   0.0000000e+00
   2.5600000e+00   4.5930034e-01   0.0000000e+00
   2.5800000e+00   4.5746457e-01   0.0000000e+00
   2.6000000e+00   4.5612760e-01   0.0000000e+00
   2.6200000e+00   4.5504174e-01   0.0000000e+00
   2.6400000e+00   4.5420700e-01   0.0000000e+00
   2.6600000e+00   4.5263739e-01   0.0000000e+00
   2.6800000e+00   4.5131820e-01   0.0000000e+00
   2.7000000e+00   4.5024945e-01   0.0000000e+00
   2.7200000e+00   4.4963192e-01   0.0000000e+00
   2.7400000e+00   4.4888869e-01   0.0000000e+00
   2.7600000e+00   4.4801975e-01   0.0000000e+00
   2.7800000e+00   4.4695100e-01   0.0000000e+00
   2.8000000e+00   4.4593286e-01   0.0000000e+00
   2.8200000e+00   4.4496534e-01   0.0000000e+00
   2.8400000e+00   4.4443096e-01   0.0000000e+00
   2.8600000e+00   4.4363711e-01   0.0000000e+00
   2.8800000e+00   4.4258379e-01   0.0000000e+00
   2.9000000e+00   4.4151503e-01   0.0000000e+00
   2.9200000e+00   4.4044628e-01   0.0000000e+00
   2.9400000e+00   4.3937753e-01   0.0000000e+00
   2.9600000e+00   4.3830877e-01   0.0000000e+00
   2.9800000e+00   4.3724002e-01   0.0000000e+00
   3.0000000e+00   4.3617126e-01   0.0000000e+00
   3.0200000e+00   4.3510251e-01   0.0000000e+00
   3.0400000e+00   4.3403375e-01   0.0000000e+00
   3.0600000e+00   4.3296500e-01   0.0000000e+00
   3.0800000e+00   4.3189625e-01   0.0000000e+00
   3.1000000e+00   4.3082749e-01   0.0000000e+00
   3.1200000e+00   4.2975874e-01   0.0000000e+00
   3.1400000e+00   4.2868998e-01   0.0000000e+00
   3.1600000e+00   4.2762123e-01   0.0000000e+00
   3.1800000e+00   4.2655248e-01   0.0000000e+00
   3.2000000e+00   4.2548372e-01   0.0000000e+00
   3.2200000e+00   4.2462550e-01   0.0000000e+00
   3.2400000e+00   4.2397779e-01   0.0000000e+00
   3.2600000e+00   4.2344342e-01   0.0000000e+00
   3.2800000e+00   4.2290904e-01   0.0000000e+00
   3.3000000e+00   4.2237466e-01   0.0000000e+00
   3.3200000e+00   4.2184029e-01   0.0000000e+00
   3.3400000e+00   4.2130591e-01   0.0000000e+00
   3.3600000e+00   4.2077153e-01   0.0000000e+00
   3.3800000e+00   4.2023716e-01   0.0000000e+00
   3.4000000e+00   4.1970278e-01   0.0000000e+00
   3.4200000e+00   4.1916840e-01   0.0000000e+00
   2.0000000e+00   7.7113220e-01   1.0000000e+00
   2.0200000e+00   7.6926390e-01   1.0000000e+00
   2.0400000e+00   7.6713042e-01   1.0000000e+00
   2.0600000e+00   7.6457923e-01   1.0000000e+00
   2.0800000e+00   7.6211620e-01   1.0000000e+00
   2.1000000e+00   7.5974133e-01   1.0000000e+00
   2.1200000e+00   7.5778418e-01   1.0000000e+00
   2.1400000e+00   7.5594034e-01   1.0000000e+00
   2.1600000e+00   7.5420984e-01   1.0000000e+00
   2.1800000e+00   7.5153795e-01   1.0000000e+00
   2.2000000e+00   7.4886607e-01   1.0000000e+00
   2.2200000e+00   7.4619418e-01   1.0000000e+00
   2.2400000e+00   7.4388703e-01   1.0000000e+00
   2.2600000e+00   7.4166470e-01   1.0000000e+00
   2.2800000e+00   7.3952719e-01   1.0000000e+00
   2.3000000e+00   7.3752109e-01   1.0000000e+00
   2.3200000e+00   7.3571648e-01   1.0000000e+00
   2.3400000e+00   7.3411335e-01   1.0000000e+00
   2.3600000e+00   7.3251022e-01   1.0000000e+00
   2.3800000e+00   7.3112331e-01   1.0000000e+00
   2.4000000e+00   7.2995264e-01   1.0000000e+00
   2.4200000e+00   7.2856809e-01   1.0000000e+00
   2.4400000e+00   7.2727338e-01   1.0000000e+00
   2.4600000e+00   7.2606850e-01   1.0000000e+00
   2.4800000e+00   7.2536920e-01   1.0000000e+00
   2.5000000e+00   7.2421799e-01   1.0000000e+00
   2.5200000e+00   7.2261485e-01   1.0000000e+00
   2.5400000e+00   7.2151190e-01   1.0000000e+00
   2.5600000e+00   7.2042604e-01   1.0000000e+00
   2.5800000e+00   7.1935729e-01   1.0000000e+00
   2.6000000e+00   7.1802169e-01   1.0000000e+00
   2.6200000e+00   7.1655232e-01   1.0000000e+00
   2.6400000e+00   7.1494919e-01   1.0000000e+00
   2.6600000e+00   7.1327903e-01   1.0000000e+00
   2.6800000e+00   7.1110801e-01   1.0000000e+00
   2.7000000e+00   7.0843612e-01   1.0000000e+00
   2.7200000e+00   7.0892283e-01   1.0000000e+00
