   6.0000000e-01   9.7027960e-01   0.0000000e+00
   6.2000000e-01   9.5276723e-01   0.0000000e+00
   6.4000000e-01   9.3128423e-01   0.0000000e+00
   6.6000000e-01   9.0583061e-01   0.0000000e+00
   6.8000000e-01   8.7590549e-01   0.0000000e+00
   7.0000000e-01   8.4848429e-01   0.0000000e+00
   7.2000000e-01   8.2356701e-01   0.0000000e+00
   7.4000000e-01   8.0121301e-01   0.0000000e+00
   7.6000000e-01   7.8090196e-01   0.0000000e+00
   7.8000000e-01   7.6263387e-01   0.0000000e+00
   8.0000000e-01   7.4789796e-01   0.0000000e+00
   8.2000000e-01   7.3144560e-01   0.0000000e+00
   8.4000000e-01   7.1327678e-01   0.0000000e+00
   8.6000000e-01   6.9824581e-01   0.0000000e+00
   8.8000000e-01   6.8345221e-01   0.0000000e+00
   9.0000000e-01   6.6889596e-01   0.0000000e+00
   9.2000000e-01   6.5620566e-01   0.0000000e+00
   9.4000000e-01   6.4485499e-01   0.0000000e+00
   9.6000000e-01   6.3484394e-01   0.0000000e+00
   9.8000000e-01   6.2736266e-01   0.0000000e+00
   1.0000000e+00   6.1988139e-01   0.0000000e+00
   1.0200000e+00   6.1240011e-01   0.0000000e+00
   1.0400000e+00   6.0444480e-01   0.0000000e+00
   1.0600000e+00   5.9717405e-01   0.0000000e+00
   1.0800000e+00   5.9058785e-01   0.0000000e+00
   1.1000000e+00   5.8470970e-01   0.0000000e+00
   1.1200000e+00   5.7889357e-01   0.0000000e+00
   1.1400000e+00   5.7313946e-01   0.0000000e+00
   1.1600000e+00   5.6779569e-01   0.0000000e+00
   1.1800000e+00   5.6245192e-01   0.0000000e+00
   1.2000000e+00   5.5710815e-01   0.0000000e+00
   1.2200000e+00   5.5218947e-01   0.0000000e+00
   1.2400000e+00   5.4732543e-01   0.0000000e+00
   1.2600000e+00   5.4251603e-01   0.0000000e+00
   1.2800000e+00   5.3770664e-01   0.0000000e+00
   1.3000000e+00   5.3293479e-01   0.0000000e+00
   1.3200000e+00   5.2820049e-01   0.0000000e+00
   1.3400000e+00   5.2392547e-01   0.0000000e+00
   1.3600000e+00   5.1965045e-01   0.0000000e+00
   1.3800000e+00   5.1537544e-01   0.0000000e+00
   1.4000000e+00   5.1147656e-01   0.0000000e+00
   1.4200000e+00   5.0765680e-01   0.0000000e+00
   1.4400000e+00   5.0391616e-01   0.0000000e+00
   1.4600000e+00   5.0017552e-01   0.0000000e+00
   1.4800000e+00   4.9646103e-01   0.0000000e+00
   1.5000000e+00   4.9277267e-01   0.0000000e+00
   1.5200000e+00   4.9010079e-01   0.0000000e+00
   1.5400000e+00   4.8742890e-01   0.0000000e+00
   1.5600000e+00   4.8475702e-01   0.0000000e+00
   1.5800000e+00   4.8241232e-01   0.0000000e+00
   1.6000000e+00   4.8006596e-01   0.0000000e+00
   1.6200000e+00   4.7771792e-01   0.0000000e+00
   1.6400000e+00   4.7532763e-01   0.0000000e+00
   1.6600000e+00   4.7359810e-01   0.0000000e+00
   1.6800000e+00   4.7252934e-01   0.0000000e+00
   1.7000000e+00   4.7094902e-01   0.0000000e+00
   1.7200000e+00   4.6915983e-01   0.0000000e+00
   1.7400000e+00   4.6716179e-01   0.0000000e+00
   1.7600000e+00   4.6558077e-01   0.0000000e+00
   1.7800000e+00   4.6425589e-01   0.0000000e+00
   1.8000000e+00   4.6318713e-01   0.0000000e+00
   1.8200000e+00   4.6207346e-01   0.0000000e+00
   1.8400000e+00   4.6071506e-01   0.0000000e+00
   1.8600000e+00   4.5911193e-01   0.0000000e+00
   1.8800000e+00   4.5797143e-01   0.0000000e+00
   1.9000000e+00   4.5686680e-01   0.0000000e+00
   1.9200000e+00   4.5579805e-01   0.0000000e+00
   1.9400000e+00   4.5472929e-01   0.0000000e+00
   1.9600000e+00   4.5366054e-01   0.0000000e+00
   1.9800000e+00   4.5259178e-01   0.0000000e+00
   2.0000000e+00   4.5152303e-01   0.0000000e+00
   2.0200000e+00   4.5071945e-01   0.0000000e+00
   2.0400000e+00   4.5018104e-01   0.0000000e+00
   2.0600000e+00   4.4923298e-01   0.0000000e+00
   2.0800000e+00   4.4837308e-01   0.0000000e+00
   2.1000000e+00   4.4760135e-01   0.0000000e+00
   2.1200000e+00   4.4670627e-01   0.0000000e+00
   2.1400000e+00   4.4548900e-01   0.0000000e+00
   2.1600000e+00   4.4394956e-01   0.0000000e+00
   2.1800000e+00   4.4288081e-01   0.0000000e+00
   2.2000000e+00   4.4181205e-01   0.0000000e+00
   2.2200000e+00   4.4074330e-01   0.0000000e+00
   2.2400000e+00   4.3967454e-01   0.0000000e+00
   2.2600000e+00   4.3848175e-01   0.0000000e+00
   2.2800000e+00   4.3716493e-01   0.0000000e+00
   2.3000000e+00   4.3556180e-01   0.0000000e+00
   2.3200000e+00   4.3396604e-01   0.0000000e+00
   2.3400000e+00   4.3237765e-01   0.0000000e+00
   2.3600000e+00   4.3130889e-01   0.0000000e+00
   2.3800000e+00   4.3024014e-01   0.0000000e+00
   2.4000000e+00   4.2917139e-01   0.0000000e+00
   2.4200000e+00   4.2810263e-01   0.0000000e+00
   2.4400000e+00   4.2703388e-01   0.0000000e+00
   2.4600000e+00   4.2596512e-01   0.0000000e+00
   2.4800000e+00   4.2497883e-01   0.0000000e+00
   2.5000000e+00   4.2421850e-01   0.0000000e+00
   2.5200000e+00   4.2368412e-01   0.0000000e+00
   2.5400000e+00   4.2264957e-01   0.0000000e+00
   2.5600000e+00   4.2178967e-01   0.0000000e+00
   2.5800000e+00   4.2110443e-01   0.0000000e+00
   2.6000000e+00   4.2057005e-01   0.0000000e+00
   2.6200000e+00   4.1996058e-01   0.0000000e+00
   2.6400000e+00   4.1927602e-01   0.0000000e+00
   2.6600000e+00   4.1820727e-01   0.0000000e+00
   2.6800000e+00   4.1713852e-01   0.0000000e+00
   2.7000000e+00   4.1606976e-01   0.0000000e+00
   2.7200000e+00   4.1545224e-01   0.0000000e+00
   2.7400000e+00   4.1470900e-01   0.0000000e+00
   2.7600000e+00   4.1384006e-01   0.0000000e+00
   2.7800000e+00   4.1298921e-01   0.0000000e+00
   2.8000000e+00   4.1224597e-01   0.0000000e+00
   2.8200000e+00   4.1161036e-01   0.0000000e+00
   2.8400000e+00   4.1054161e-01   0.0000000e+00
   2.8600000e+00   4.0999180e-01   0.0000000e+00
   2.8800000e+00   4.0996094e-01   0.0000000e+00
   2.9000000e+00   4.0915638e-01   0.0000000e+00
   2.9200000e+00   4.0850533e-01   0.0000000e+00
   2.9400000e+00   4.0800781e-01   0.0000000e+00
   2.9600000e+00   4.0783886e-01   0.0000000e+00
   2.9800000e+00   4.0751334e-01   0.0000000e+00
   3.0000000e+00   4.0703125e-01   0.0000000e+00
   3.0200000e+00   4.0703125e-01   0.0000000e+00
   3.0400000e+00   4.0679625e-01   0.0000000e+00
   3.0600000e+00   4.0632625e-01   0.0000000e+00
   3.0800000e+00   4.0579187e-01   0.0000000e+00
   3.1000000e+00   4.0525750e-01   0.0000000e+00
   3.1200000e+00   4.0472312e-01   0.0000000e+00
   3.1400000e+00   4.0418874e-01   0.0000000e+00
   3.1600000e+00   4.0365604e-01   0.0000000e+00
   3.1800000e+00   4.0312500e-01   0.0000000e+00
   3.2000000e+00   4.0312500e-01   0.0000000e+00
   3.2200000e+00   4.0291447e-01   0.0000000e+00
   3.2400000e+00   4.0249342e-01   0.0000000e+00
   3.2600000e+00   4.0226343e-01   0.0000000e+00
   3.2800000e+00   4.0205458e-01   0.0000000e+00
   3.3000000e+00   4.0186685e-01   0.0000000e+00
   3.3200000e+00   4.0119035e-01   0.0000000e+00
   3.3400000e+00   4.0005054e-01   0.0000000e+00
   3.3600000e+00   3.9844741e-01   0.0000000e+00
   2.2500000e+00   6.7015602e-01   1.0000000e+00
   2.2700000e+00   6.6887743e-01   1.0000000e+00
   2.2900000e+00   6.6723508e-01   1.0000000e+00
   2.3100000e+00   6.6522898e-01   1.0000000e+00
   2.3300000e+00   6.6361111e-01   1.0000000e+00
   2.3500000e+00   6.6173342e-01   1.0000000e+00
   2.3700000e+00   6.5959591e-01   1.0000000e+00
   2.3900000e+00   6.5745840e-01   1.0000000e+00
   2.4100000e+00   6.5532089e-01   1.0000000e+00
   2.4300000e+00   6.5318338e-01   1.0000000e+00
   2.4500000e+00   6.5084675e-01   1.0000000e+00
   2.4700000e+00   6.4842495e-01   1.0000000e+00
   2.4900000e+00   6.4591799e-01   1.0000000e+00
   2.5100000e+00   6.4431486e-01   1.0000000e+00
   2.5300000e+00   6.4246164e-01   1.0000000e+00
   2.5500000e+00   6.4035834e-01   1.0000000e+00
   2.5700000e+00   6.3822083e-01   1.0000000e+00
   2.5900000e+00   6.3621674e-01   1.0000000e+00
   2.6100000e+00   6.3434608e-01   1.0000000e+00
   2.6300000e+00   6.3259277e-01   1.0000000e+00
   2.6500000e+00   6.3064736e-01   1.0000000e+00
   2.6700000e+00   6.2850985e-01   1.0000000e+00
   2.6900000e+00   6.2637234e-01   1.0000000e+00
   2.7100000e+00   6.2446045e-01   1.0000000e+00
   2.7300000e+00   6.2277417e-01   1.0000000e+00
   2.7500000e+00   6.2117103e-01   1.0000000e+00
   2.7700000e+00   6.1956790e-01   1.0000000e+00
   2.7900000e+00   6.1796477e-01   1.0000000e+00
   2.8100000e+00   6.1646287e-01   1.0000000e+00
   2.8300000e+00   6.1517755e-01   1.0000000e+00
   2.8500000e+00   6.1410879e-01   1.0000000e+00
   2.8700000e+00   6.1355899e-01   1.0000000e+00
   2.8900000e+00   6.1241347e-01   1.0000000e+00
   2.9100000e+00   6.1067225e-01   1.0000000e+00
   2.9300000e+00   6.1015324e-01   1.0000000e+00
   2.9500000e+00   6.1033904e-01   1.0000000e+00
   2.9700000e+00   6.1122967e-01   1.0000000e+00
   2.9900000e+00   6.1212030e-01   1.0000000e+00
   3.0100000e+00   6.1301093e-01   1.0000000e+00
   3.0300000e+00   6.1390156e-01   1.0000000e+00
   3.0500000e+00   6.1306885e-01   1.0000000e+00
   3.0700000e+00   6.1123479e-01   1.0000000e+00
   3.0900000e+00   6.0839936e-01   1.0000000e+00
   3.1100000e+00   6.0560540e-01   1.0000000e+00
   3.1300000e+00   6.0346686e-01   1.0000000e+00
   3.1500000e+00   6.0198373e-01   1.0000000e+00
   3.1700000e+00   6.0090830e-01   1.0000000e+00
   3.1900000e+00   5.9930182e-01   1.0000000e+00
   3.2100000e+00   5.9716432e-01   1.0000000e+00
   3.2300000e+00   5.9586892e-01   1.0000000e+00
   3.2500000e+00   5.9453464e-01   1.0000000e+00
   3.2700000e+00   5.9316150e-01   1.0000000e+00
   3.2900000e+00   5.9137064e-01   1.0000000e+00
   3.3100000e+00   5.8940646e-01   1.0000000e+00
   3.3300000e+00   5.8726895e-01   1.0000000e+00
   3.3500000e+00   5.8513145e-01   1.0000000e+00
