   6.1000000e-01   9.7330954e-01   0.0000000e+00
   6.3000000e-01   9.5740030e-01   0.0000000e+00
   6.5000000e-01   9.3343717e-01   0.0000000e+00
   6.7000000e-01   9.0649305e-01   0.0000000e+00
   6.9000000e-01   8.7656794e-01   0.0000000e+00
   7.1000000e-01   8.5301642e-01   0.0000000e+00
   7.3000000e-01   8.2984945e-01   0.0000000e+00
   7.5000000e-01   8.0706702e-01   0.0000000e+00
   7.7000000e-01   7.8852737e-01   0.0000000e+00
   7.9000000e-01   7.7253326e-01   0.0000000e+00
   8.1000000e-01   7.5908469e-01   0.0000000e+00
   8.3000000e-01   7.4091587e-01   0.0000000e+00
   8.5000000e-01   7.2405449e-01   0.0000000e+00
   8.7000000e-01   7.0850055e-01   0.0000000e+00
   8.9000000e-01   6.9259731e-01   0.0000000e+00
   9.1000000e-01   6.7793344e-01   0.0000000e+00
   9.3000000e-01   6.6450895e-01   0.0000000e+00
   9.5000000e-01   6.5397896e-01   0.0000000e+00
   9.7000000e-01   6.4422807e-01   0.0000000e+00
   9.9000000e-01   6.3525630e-01   0.0000000e+00
   1.0100000e+00   6.2724064e-01   0.0000000e+00
   1.0300000e+00   6.1946200e-01   0.0000000e+00
   1.0500000e+00   6.1192038e-01   0.0000000e+00
   1.0700000e+00   6.0551119e-01   0.0000000e+00
   1.0900000e+00   5.9924718e-01   0.0000000e+00
   1.1100000e+00   5.9312833e-01   0.0000000e+00
   1.1300000e+00   5.8696388e-01   0.0000000e+00
   1.1500000e+00   5.8120977e-01   0.0000000e+00
   1.1700000e+00   5.7586600e-01   0.0000000e+00
   1.1900000e+00   5.7052222e-01   0.0000000e+00
   1.2100000e+00   5.6517845e-01   0.0000000e+00
   1.2300000e+00   5.5983468e-01   0.0000000e+00
   1.2500000e+00   5.5449091e-01   0.0000000e+00
   1.2700000e+00   5.4924302e-01   0.0000000e+00
   1.2900000e+00   5.4409100e-01   0.0000000e+00
   1.3100000e+00   5.3905634e-01   0.0000000e+00
   1.3300000e+00   5.3333275e-01   0.0000000e+00
   1.3500000e+00   5.2692022e-01   0.0000000e+00
   1.3700000e+00   5.2198611e-01   0.0000000e+00
   1.3900000e+00   5.1711435e-01   0.0000000e+00
   1.4100000e+00   5.1230496e-01   0.0000000e+00
   1.4300000e+00   5.0801451e-01   0.0000000e+00
   1.4500000e+00   5.0385616e-01   0.0000000e+00
   1.4700000e+00   4.9982990e-01   0.0000000e+00
   1.4900000e+00   4.9509894e-01   0.0000000e+00
   1.5100000e+00   4.9113033e-01   0.0000000e+00
   1.5300000e+00   4.8792406e-01   0.0000000e+00
   1.5500000e+00   4.8516166e-01   0.0000000e+00
   1.5700000e+00   4.8244451e-01   0.0000000e+00
   1.5900000e+00   4.7977263e-01   0.0000000e+00
   1.6100000e+00   4.7710074e-01   0.0000000e+00
   1.6300000e+00   4.7452272e-01   0.0000000e+00
   1.6500000e+00   4.7203856e-01   0.0000000e+00
   1.6700000e+00   4.7043543e-01   0.0000000e+00
   1.6900000e+00   4.6883230e-01   0.0000000e+00
   1.7100000e+00   4.6722917e-01   0.0000000e+00
   1.7300000e+00   4.6523112e-01   0.0000000e+00
   1.7500000e+00   4.6330247e-01   0.0000000e+00
   1.7700000e+00   4.6144321e-01   0.0000000e+00
   1.7900000e+00   4.5984008e-01   0.0000000e+00
   1.8100000e+00   4.5825940e-01   0.0000000e+00
   1.8300000e+00   4.5670119e-01   0.0000000e+00
   1.8500000e+00   4.5563243e-01   0.0000000e+00
   1.8700000e+00   4.5456368e-01   0.0000000e+00
   1.8900000e+00   4.5349493e-01   0.0000000e+00
   1.9100000e+00   4.5242617e-01   0.0000000e+00
   1.9300000e+00   4.5147207e-01   0.0000000e+00
   1.9500000e+00   4.5063261e-01   0.0000000e+00
   1.9700000e+00   4.5009824e-01   0.0000000e+00
   1.9900000e+00   4.4956386e-01   0.0000000e+00
   2.0100000e+00   4.4902948e-01   0.0000000e+00
   2.0300000e+00   4.4849511e-01   0.0000000e+00
   2.0500000e+00   4.4796073e-01   0.0000000e+00
   2.0700000e+00   4.4742635e-01   0.0000000e+00
   2.0900000e+00   4.4659496e-01   0.0000000e+00
   2.1100000e+00   4.4573506e-01   0.0000000e+00
   2.1300000e+00   4.4484666e-01   0.0000000e+00
   2.1500000e+00   4.4431228e-01   0.0000000e+00
   2.1700000e+00   4.4377790e-01   0.0000000e+00
   2.1900000e+00   4.4324353e-01   0.0000000e+00
   2.2100000e+00   4.4174635e-01   0.0000000e+00
   2.2300000e+00   4.4037856e-01   0.0000000e+00
   2.2500000e+00   4.3914017e-01   0.0000000e+00
   2.2700000e+00   4.3807141e-01   0.0000000e+00
   2.2900000e+00   4.3700266e-01   0.0000000e+00
   2.3100000e+00   4.3593390e-01   0.0000000e+00
   2.3300000e+00   4.3486515e-01   0.0000000e+00
   2.3500000e+00   4.3379640e-01   0.0000000e+00
   2.3700000e+00   4.3272764e-01   0.0000000e+00
   2.3900000e+00   4.3165889e-01   0.0000000e+00
   2.4100000e+00   4.3059013e-01   0.0000000e+00
   2.4300000e+00   4.2952138e-01   0.0000000e+00
   2.4500000e+00   4.2865175e-01   0.0000000e+00
   2.4700000e+00   4.2794975e-01   0.0000000e+00
   2.4900000e+00   4.2741537e-01   0.0000000e+00
   2.5100000e+00   4.2688099e-01   0.0000000e+00
   2.5300000e+00   4.2634662e-01   0.0000000e+00
   2.5500000e+00   4.2581224e-01   0.0000000e+00
   2.5700000e+00   4.2566137e-01   0.0000000e+00
   2.5900000e+00   4.2531909e-01   0.0000000e+00
   2.6100000e+00   4.2478541e-01   0.0000000e+00
   2.6300000e+00   4.2401701e-01   0.0000000e+00
   2.6500000e+00   4.2361605e-01   0.0000000e+00
   2.6700000e+00   4.2358254e-01   0.0000000e+00
   2.6900000e+00   4.2304816e-01   0.0000000e+00
   2.7100000e+00   4.2251379e-01   0.0000000e+00
   2.7300000e+00   4.2197941e-01   0.0000000e+00
   2.7500000e+00   4.2144503e-01   0.0000000e+00
   2.7700000e+00   4.2091066e-01   0.0000000e+00
   2.7900000e+00   4.2037628e-01   0.0000000e+00
   2.8100000e+00   4.1994313e-01   0.0000000e+00
   2.8300000e+00   4.1972656e-01   0.0000000e+00
   2.8500000e+00   4.1972656e-01   0.0000000e+00
   2.8700000e+00   4.1972656e-01   0.0000000e+00
   2.8900000e+00   4.1972656e-01   0.0000000e+00
   2.9100000e+00   4.1972656e-01   0.0000000e+00
   2.9300000e+00   4.1972656e-01   0.0000000e+00
   2.9500000e+00   4.1972656e-01   0.0000000e+00
   2.9700000e+00   4.1972656e-01   0.0000000e+00
   2.9900000e+00   4.1972656e-01   0.0000000e+00
   3.0100000e+00   4.1972656e-01   0.0000000e+00
   3.0300000e+00   4.1972656e-01   0.0000000e+00
   3.0500000e+00   4.1972656e-01   0.0000000e+00
   3.0700000e+00   4.1954989e-01   0.0000000e+00
   3.0900000e+00   4.1919656e-01   0.0000000e+00
   3.1100000e+00   4.1866218e-01   0.0000000e+00
   3.1300000e+00   4.1812781e-01   0.0000000e+00
   3.1500000e+00   4.1759343e-01   0.0000000e+00
   3.1700000e+00   4.1706239e-01   0.0000000e+00
   3.1900000e+00   4.1679688e-01   0.0000000e+00
   3.2100000e+00   4.1679688e-01   0.0000000e+00
   3.2300000e+00   4.1637582e-01   0.0000000e+00
   3.2500000e+00   4.1574591e-01   0.0000000e+00
   3.2700000e+00   4.1490715e-01   0.0000000e+00
   3.2900000e+00   4.1421384e-01   0.0000000e+00
   3.3100000e+00   4.1383166e-01   0.0000000e+00
   3.3300000e+00   4.1376060e-01   0.0000000e+00
   3.3500000e+00   4.1322622e-01   0.0000000e+00
   3.3700000e+00   4.1269184e-01   0.0000000e+00
   3.3900000e+00   4.1215747e-01   0.0000000e+00
   3.4100000e+00   4.1125098e-01   0.0000000e+00
   3.4300000e+00   4.1051881e-01   0.0000000e+00
   3.4500000e+00   4.0996094e-01   0.0000000e+00
   3.4700000e+00   4.0982216e-01   0.0000000e+00
   3.4900000e+00   4.0948558e-01   0.0000000e+00
   3.5100000e+00   4.0895121e-01   0.0000000e+00
   3.5300000e+00   4.0841683e-01   0.0000000e+00
   3.5500000e+00   4.0766254e-01   0.0000000e+00
   3.5700000e+00   4.0668834e-01   0.0000000e+00
   3.5900000e+00   4.0594274e-01   0.0000000e+00
   3.6100000e+00   4.0530276e-01   0.0000000e+00
   3.6300000e+00   4.0476838e-01   0.0000000e+00
   3.6500000e+00   4.0423400e-01   0.0000000e+00
   3.6700000e+00   4.0369963e-01   0.0000000e+00
   3.6900000e+00   4.0316525e-01   0.0000000e+00
   3.7100000e+00   4.0212333e-01   0.0000000e+00
   3.7300000e+00   4.0106799e-01   0.0000000e+00
   3.7500000e+00   3.9999924e-01   0.0000000e+00
   3.7700000e+00   3.9893048e-01   0.0000000e+00
   3.7900000e+00   3.9801928e-01   0.0000000e+00
   2.2800000e+00   6.7446962e-01   1.0000000e+00
   2.3000000e+00   6.7299789e-01   1.0000000e+00
   2.3200000e+00   6.7171291e-01   1.0000000e+00
   2.3400000e+00   6.7061467e-01   1.0000000e+00
   2.3600000e+00   6.6847716e-01   1.0000000e+00
   2.3800000e+00   6.6655588e-01   1.0000000e+00
   2.4000000e+00   6.6485083e-01   1.0000000e+00
   2.4200000e+00   6.6324770e-01   1.0000000e+00
   2.4400000e+00   6.6164457e-01   1.0000000e+00
   2.4600000e+00   6.6004144e-01   1.0000000e+00
   2.4800000e+00   6.5835584e-01   1.0000000e+00
   2.5000000e+00   6.5644429e-01   1.0000000e+00
   2.5200000e+00   6.5430678e-01   1.0000000e+00
   2.5400000e+00   6.5166910e-01   1.0000000e+00
   2.5600000e+00   6.4939783e-01   1.0000000e+00
   2.5800000e+00   6.4749296e-01   1.0000000e+00
   2.6000000e+00   6.4588983e-01   1.0000000e+00
   2.6200000e+00   6.4406143e-01   1.0000000e+00
   2.6400000e+00   6.4200776e-01   1.0000000e+00
   2.6600000e+00   6.3890204e-01   1.0000000e+00
   2.6800000e+00   6.3654762e-01   1.0000000e+00
   2.7000000e+00   6.3494449e-01   1.0000000e+00
   2.7200000e+00   6.3334136e-01   1.0000000e+00
   2.7400000e+00   6.3207279e-01   1.0000000e+00
   2.7600000e+00   6.3113878e-01   1.0000000e+00
   2.7800000e+00   6.3038651e-01   1.0000000e+00
   2.8000000e+00   6.2947599e-01   1.0000000e+00
   2.8200000e+00   6.2840724e-01   1.0000000e+00
   2.8400000e+00   6.2733848e-01   1.0000000e+00
   2.8600000e+00   6.2601026e-01   1.0000000e+00
   2.8800000e+00   6.2442256e-01   1.0000000e+00
   2.9000000e+00   6.2281943e-01   1.0000000e+00
   2.9200000e+00   6.2107349e-01   1.0000000e+00
   2.9400000e+00   6.1918474e-01   1.0000000e+00
   2.9600000e+00   6.1738513e-01   1.0000000e+00
   2.9800000e+00   6.1592481e-01   1.0000000e+00
   3.0000000e+00   6.1480377e-01   1.0000000e+00
   3.0200000e+00   6.1320064e-01   1.0000000e+00
   3.0400000e+00   6.1183251e-01   1.0000000e+00
   3.0600000e+00   6.1069938e-01   1.0000000e+00
   3.0800000e+00   6.0963062e-01   1.0000000e+00
   3.1000000e+00   6.0844353e-01   1.0000000e+00
   3.1200000e+00   6.0713811e-01   1.0000000e+00
   3.1400000e+00   6.0553498e-01   1.0000000e+00
   3.1600000e+00   6.0393185e-01   1.0000000e+00
   3.1800000e+00   6.0232871e-01   1.0000000e+00
   3.2000000e+00   6.0072558e-01   1.0000000e+00
   3.2200000e+00   5.9954351e-01   1.0000000e+00
   3.2400000e+00   5.9878248e-01   1.0000000e+00
   3.2600000e+00   5.9763933e-01   1.0000000e+00
   3.2800000e+00   5.9645391e-01   1.0000000e+00
   3.3000000e+00   5.9522623e-01   1.0000000e+00
   3.3200000e+00   5.9469185e-01   1.0000000e+00
   3.3400000e+00   5.9415747e-01   1.0000000e+00
   3.3600000e+00   5.9362309e-01   1.0000000e+00
   3.3800000e+00   5.9602135e-01   1.0000000e+00
