   6.0000000e-01   9.8191284e-01   0.0000000e+00
   6.2000000e-01   9.6922058e-01   0.0000000e+00
   6.4000000e-01   9.5394459e-01   0.0000000e+00
   6.6000000e-01   9.3608488e-01   0.0000000e+00
   6.8000000e-01   9.1524417e-01   0.0000000e+00
   7.0000000e-01   8.9463110e-01   0.0000000e+00
   7.2000000e-01   8.7424565e-01   0.0000000e+00
   7.4000000e-01   8.5055339e-01   0.0000000e+00
   7.6000000e-01   8.2843439e-01   0.0000000e+00
   7.8000000e-01   8.0788864e-01   0.0000000e+00
   8.0000000e-01   7.9410816e-01   0.0000000e+00
   8.2000000e-01   7.7946945e-01   0.0000000e+00
   8.4000000e-01   7.6397252e-01   0.0000000e+00
   8.6000000e-01   7.4952153e-01   0.0000000e+00
   8.8000000e-01   7.3528511e-01   0.0000000e+00
   9.0000000e-01   7.2126324e-01   0.0000000e+00
   9.2000000e-01   7.0852802e-01   0.0000000e+00
   9.4000000e-01   6.9671472e-01   0.0000000e+00
   9.6000000e-01   6.8582334e-01   0.0000000e+00
   9.8000000e-01   6.7690788e-01   0.0000000e+00
   1.0000000e+00   6.6870951e-01   0.0000000e+00
   1.0200000e+00   6.6122823e-01   0.0000000e+00
   1.0400000e+00   6.5516904e-01   0.0000000e+00
   1.0600000e+00   6.4920037e-01   0.0000000e+00
   1.0800000e+00   6.4332223e-01   0.0000000e+00
   1.1000000e+00   6.3768478e-01   0.0000000e+00
   1.1200000e+00   6.3225619e-01   0.0000000e+00
   1.1400000e+00   6.2703645e-01   0.0000000e+00
   1.1600000e+00   6.2222706e-01   0.0000000e+00
   1.1800000e+00   6.1741767e-01   0.0000000e+00
   1.2000000e+00   6.1260827e-01   0.0000000e+00
   1.2200000e+00   6.0822396e-01   0.0000000e+00
   1.2400000e+00   6.0389430e-01   0.0000000e+00
   1.2600000e+00   5.9961928e-01   0.0000000e+00
   1.2800000e+00   5.9534427e-01   0.0000000e+00
   1.3000000e+00   5.9103171e-01   0.0000000e+00
   1.3200000e+00   5.8668160e-01   0.0000000e+00
   1.3400000e+00   5.8187221e-01   0.0000000e+00
   1.3600000e+00   5.7730922e-01   0.0000000e+00
   1.3800000e+00   5.7299262e-01   0.0000000e+00
   1.4000000e+00   5.6871761e-01   0.0000000e+00
   1.4200000e+00   5.6392365e-01   0.0000000e+00
   1.4400000e+00   5.5861074e-01   0.0000000e+00
   1.4600000e+00   5.5262664e-01   0.0000000e+00
   1.4800000e+00   5.4722989e-01   0.0000000e+00
   1.5000000e+00   5.4242050e-01   0.0000000e+00
   1.5200000e+00   5.3761111e-01   0.0000000e+00
   1.5400000e+00   5.3257978e-01   0.0000000e+00
   1.5600000e+00   5.2732654e-01   0.0000000e+00
   1.5800000e+00   5.2296434e-01   0.0000000e+00
   1.6000000e+00   5.1912345e-01   0.0000000e+00
   1.6200000e+00   5.1580386e-01   0.0000000e+00
   1.6400000e+00   5.1322584e-01   0.0000000e+00
   1.6600000e+00   5.1086807e-01   0.0000000e+00
   1.6800000e+00   5.0873057e-01   0.0000000e+00
   1.7000000e+00   5.0761621e-01   0.0000000e+00
   1.7200000e+00   5.0632719e-01   0.0000000e+00
   1.7400000e+00   5.0486353e-01   0.0000000e+00
   1.7600000e+00   5.0326040e-01   0.0000000e+00
   1.7800000e+00   5.0173806e-01   0.0000000e+00
   1.8000000e+00   5.0029651e-01   0.0000000e+00
   1.8200000e+00   4.9918284e-01   0.0000000e+00
   1.8400000e+00   4.9782444e-01   0.0000000e+00
   1.8600000e+00   4.9622131e-01   0.0000000e+00
   1.8800000e+00   4.9461818e-01   0.0000000e+00
   1.9000000e+00   4.9318803e-01   0.0000000e+00
   1.9200000e+00   4.9193086e-01   0.0000000e+00
   1.9400000e+00   4.9040351e-01   0.0000000e+00
   1.9600000e+00   4.8874003e-01   0.0000000e+00
   1.9800000e+00   4.8694042e-01   0.0000000e+00
   2.0000000e+00   4.8640605e-01   0.0000000e+00
   2.0200000e+00   4.8534132e-01   0.0000000e+00
   2.0400000e+00   4.8374625e-01   0.0000000e+00
   2.0600000e+00   4.8214312e-01   0.0000000e+00
   2.0800000e+00   4.8083701e-01   0.0000000e+00
   2.1000000e+00   4.7982791e-01   0.0000000e+00
   2.1200000e+00   4.7911318e-01   0.0000000e+00
   2.1400000e+00   4.7822144e-01   0.0000000e+00
   2.1600000e+00   4.7715269e-01   0.0000000e+00
   2.1800000e+00   4.7608393e-01   0.0000000e+00
   2.2000000e+00   4.7477448e-01   0.0000000e+00
   2.2200000e+00   4.7322432e-01   0.0000000e+00
   2.2400000e+00   4.7198593e-01   0.0000000e+00
   2.2600000e+00   4.7070832e-01   0.0000000e+00
   2.2800000e+00   4.6939149e-01   0.0000000e+00
   2.3000000e+00   4.6791977e-01   0.0000000e+00
   2.3200000e+00   4.6664953e-01   0.0000000e+00
   2.3400000e+00   4.6558077e-01   0.0000000e+00
   2.3600000e+00   4.6451202e-01   0.0000000e+00
   2.3800000e+00   4.6301081e-01   0.0000000e+00
   2.4000000e+00   4.6107715e-01   0.0000000e+00
   2.4200000e+00   4.5957122e-01   0.0000000e+00
   2.4400000e+00   4.5828388e-01   0.0000000e+00
   2.4600000e+00   4.5721512e-01   0.0000000e+00
   2.4800000e+00   4.5606391e-01   0.0000000e+00
   2.5000000e+00   4.5468674e-01   0.0000000e+00
   2.5200000e+00   4.5308360e-01   0.0000000e+00
   2.5400000e+00   4.5248082e-01   0.0000000e+00
   2.5600000e+00   4.5152873e-01   0.0000000e+00
   2.5800000e+00   4.5022734e-01   0.0000000e+00
   2.6000000e+00   4.4915789e-01   0.0000000e+00
   2.6200000e+00   4.4835598e-01   0.0000000e+00
   2.6400000e+00   4.4782161e-01   0.0000000e+00
   2.6600000e+00   4.4725371e-01   0.0000000e+00
   2.6800000e+00   4.4643539e-01   0.0000000e+00
   2.7000000e+00   4.4536664e-01   0.0000000e+00
   2.7200000e+00   4.4429788e-01   0.0000000e+00
   2.7400000e+00   4.4322913e-01   0.0000000e+00
   2.7600000e+00   4.4216037e-01   0.0000000e+00
   2.7800000e+00   4.4130952e-01   0.0000000e+00
   2.8000000e+00   4.4056629e-01   0.0000000e+00
   2.8200000e+00   4.3993067e-01   0.0000000e+00
   2.8400000e+00   4.3886192e-01   0.0000000e+00
   2.8600000e+00   4.3779317e-01   0.0000000e+00
   2.8800000e+00   4.3672441e-01   0.0000000e+00
   2.9000000e+00   4.3605794e-01   0.0000000e+00
   2.9200000e+00   4.3531471e-01   0.0000000e+00
   2.9400000e+00   4.3449471e-01   0.0000000e+00
   2.9600000e+00   4.3342596e-01   0.0000000e+00
   2.9800000e+00   4.3238335e-01   0.0000000e+00
   3.0000000e+00   4.3136688e-01   0.0000000e+00
   3.0200000e+00   4.3083250e-01   0.0000000e+00
   3.0400000e+00   4.3006313e-01   0.0000000e+00
   3.0600000e+00   4.2905875e-01   0.0000000e+00
   3.0800000e+00   4.2799000e-01   0.0000000e+00
   3.1000000e+00   4.2692124e-01   0.0000000e+00
   3.1200000e+00   4.2585249e-01   0.0000000e+00
   3.1400000e+00   4.2490374e-01   0.0000000e+00
   3.1600000e+00   4.2416051e-01   0.0000000e+00
   3.1800000e+00   4.2362279e-01   0.0000000e+00
   3.2000000e+00   4.2255403e-01   0.0000000e+00
   3.2200000e+00   4.2169581e-01   0.0000000e+00
   3.2400000e+00   4.2104811e-01   0.0000000e+00
   3.2600000e+00   4.2020934e-01   0.0000000e+00
   3.2800000e+00   4.1934944e-01   0.0000000e+00
   3.3000000e+00   4.1846841e-01   0.0000000e+00
   3.3200000e+00   4.1800510e-01   0.0000000e+00
   3.3400000e+00   4.1777344e-01   0.0000000e+00
   3.3600000e+00   4.1777344e-01   0.0000000e+00
   3.3800000e+00   4.1679589e-01   0.0000000e+00
   3.4000000e+00   4.1614485e-01   0.0000000e+00
   3.4200000e+00   4.1582031e-01   0.0000000e+00
   3.4400000e+00   4.1556487e-01   0.0000000e+00
   3.4600000e+00   4.1516996e-01   0.0000000e+00
   3.4800000e+00   4.1463558e-01   0.0000000e+00
   3.5000000e+00   4.1412332e-01   0.0000000e+00
   3.5200000e+00   4.1386719e-01   0.0000000e+00
   3.5400000e+00   4.1386719e-01   0.0000000e+00
   3.5600000e+00   4.1298754e-01   0.0000000e+00
   3.5800000e+00   4.1217491e-01   0.0000000e+00
   3.6000000e+00   4.1142932e-01   0.0000000e+00
   3.6200000e+00   4.1089494e-01   0.0000000e+00
   3.6400000e+00   4.1040548e-01   0.0000000e+00
   3.6600000e+00   4.0996094e-01   0.0000000e+00
   3.6800000e+00   4.0996094e-01   0.0000000e+00
   3.7000000e+00   4.0945339e-01   0.0000000e+00
   3.7200000e+00   4.0843830e-01   0.0000000e+00
   3.7400000e+00   4.0815131e-01   0.0000000e+00
   3.7600000e+00   4.0800781e-01   0.0000000e+00
   3.7800000e+00   4.0800781e-01   0.0000000e+00
   3.8000000e+00   4.0769271e-01   0.0000000e+00
   2.0000000e+00   7.5382731e-01   1.0000000e+00
   2.0200000e+00   7.5195498e-01   1.0000000e+00
   2.0400000e+00   7.5034781e-01   1.0000000e+00
   2.0600000e+00   7.4833100e-01   1.0000000e+00
   2.0800000e+00   7.4625384e-01   1.0000000e+00
   2.1000000e+00   7.4411633e-01   1.0000000e+00
   2.1200000e+00   7.4197882e-01   1.0000000e+00
   2.1400000e+00   7.3987316e-01   1.0000000e+00
   2.1600000e+00   7.3779934e-01   1.0000000e+00
   2.1800000e+00   7.3619621e-01   1.0000000e+00
   2.2000000e+00   7.3411168e-01   1.0000000e+00
   2.2200000e+00   7.3154574e-01   1.0000000e+00
   2.2400000e+00   7.2814439e-01   1.0000000e+00
   2.2600000e+00   7.2494549e-01   1.0000000e+00
   2.2800000e+00   7.2194907e-01   1.0000000e+00
   2.3000000e+00   7.1981156e-01   1.0000000e+00
   2.3200000e+00   7.1768143e-01   1.0000000e+00
   2.3400000e+00   7.1555866e-01   1.0000000e+00
   2.3600000e+00   7.1395553e-01   1.0000000e+00
   2.3800000e+00   7.1235240e-01   1.0000000e+00
   2.4000000e+00   7.1074927e-01   1.0000000e+00
   2.4200000e+00   7.0977772e-01   1.0000000e+00
   2.4400000e+00   7.0892519e-01   1.0000000e+00
   2.4600000e+00   7.0819169e-01   1.0000000e+00
   2.4800000e+00   7.0712293e-01   1.0000000e+00
   2.5000000e+00   7.0605418e-01   1.0000000e+00
   2.5200000e+00   7.0498542e-01   1.0000000e+00
   2.5400000e+00   7.0391667e-01   1.0000000e+00
   2.5600000e+00   7.0284792e-01   1.0000000e+00
   2.5800000e+00   7.0177916e-01   1.0000000e+00
   2.6000000e+00   7.0071041e-01   1.0000000e+00
   2.6200000e+00   6.9964165e-01   1.0000000e+00
   2.6400000e+00   6.9857290e-01   1.0000000e+00
   2.6600000e+00   6.9747063e-01   1.0000000e+00
   2.6800000e+00   6.9611793e-01   1.0000000e+00
   2.7000000e+00   6.9451480e-01   1.0000000e+00
   2.7200000e+00   6.9336290e-01   1.0000000e+00
   2.7400000e+00   6.9225257e-01   1.0000000e+00
   2.7600000e+00   6.9118381e-01   1.0000000e+00
   2.7800000e+00   6.8989716e-01   1.0000000e+00
   2.8000000e+00   6.8855350e-01   1.0000000e+00
   2.8200000e+00   6.8715284e-01   1.0000000e+00
   2.8400000e+00   6.8661846e-01   1.0000000e+00
   2.8600000e+00   6.8530567e-01   1.0000000e+00
   2.8800000e+00   6.8321445e-01   1.0000000e+00
   2.9000000e+00   6.8107694e-01   1.0000000e+00
   2.9200000e+00   6.7893943e-01   1.0000000e+00
   2.9400000e+00   6.7680193e-01   1.0000000e+00
   2.9600000e+00   6.7466442e-01   1.0000000e+00
   2.9800000e+00   6.7260534e-01   1.0000000e+00
   3.0000000e+00   6.7062469e-01   1.0000000e+00
   3.0200000e+00   6.7009032e-01   1.0000000e+00
   3.0400000e+00   6.6955594e-01   1.0000000e+00
   3.0600000e+00   6.6902156e-01   1.0000000e+00
   3.0800000e+00   6.6778052e-01   1.0000000e+00
   3.1000000e+00   6.6635843e-01   1.0000000e+00
   3.1200000e+00   6.6475530e-01   1.0000000e+00
   3.1400000e+00   6.6327217e-01   1.0000000e+00
   3.1600000e+00   6.6199623e-01   1.0000000e+00
   3.1800000e+00   6.6092748e-01   1.0000000e+00
   3.2000000e+00   6.5985872e-01   1.0000000e+00
   3.2200000e+00   6.5857944e-01   1.0000000e+00
   3.2400000e+00   6.5708963e-01   1.0000000e+00
   3.2600000e+00   6.5548650e-01   1.0000000e+00
   3.2800000e+00   6.5407110e-01   1.0000000e+00
   3.3000000e+00   6.5284341e-01   1.0000000e+00
   3.3200000e+00   6.5216692e-01   1.0000000e+00
   3.3400000e+00   6.5102710e-01   1.0000000e+00
   3.3600000e+00   6.4942397e-01   1.0000000e+00
   3.3800000e+00   6.4782084e-01   1.0000000e+00
   3.4000000e+00   6.4603166e-01   1.0000000e+00
   3.4200000e+00   6.4405642e-01   1.0000000e+00
