   6.0000000e-01   9.8345965e-01   0.0000000e+00
   6.2000000e-01   9.7023301e-01   0.0000000e+00
   6.4000000e-01   9.5446019e-01   0.0000000e+00
   6.6000000e-01   9.3614119e-01   0.0000000e+00
   6.8000000e-01   9.1583487e-01   0.0000000e+00
   7.0000000e-01   8.9575617e-01   0.0000000e+00
   7.2000000e-01   8.7590510e-01   0.0000000e+00
   7.4000000e-01   8.5274722e-01   0.0000000e+00
   7.6000000e-01   8.3094067e-01   0.0000000e+00
   7.8000000e-01   8.1048543e-01   0.0000000e+00
   8.0000000e-01   7.9617058e-01   0.0000000e+00
   8.2000000e-01   7.8099749e-01   0.0000000e+00
   8.4000000e-01   7.6496618e-01   0.0000000e+00
   8.6000000e-01   7.5102677e-01   0.0000000e+00
   8.8000000e-01   7.3711017e-01   0.0000000e+00
   9.0000000e-01   7.2321637e-01   0.0000000e+00
   9.2000000e-01   7.1077079e-01   0.0000000e+00
   9.4000000e-01   6.9945600e-01   0.0000000e+00
   9.6000000e-01   6.8927197e-01   0.0000000e+00
   9.8000000e-01   6.8125631e-01   0.0000000e+00
   1.0000000e+00   6.7324066e-01   0.0000000e+00
   1.0200000e+00   6.6522500e-01   0.0000000e+00
   1.0400000e+00   6.5863144e-01   0.0000000e+00
   1.0600000e+00   6.5266444e-01   0.0000000e+00
   1.0800000e+00   6.4732401e-01   0.0000000e+00
   1.1000000e+00   6.4203321e-01   0.0000000e+00
   1.1200000e+00   6.3657278e-01   0.0000000e+00
   1.1400000e+00   6.3094270e-01   0.0000000e+00
   1.1600000e+00   6.2613331e-01   0.0000000e+00
   1.1800000e+00   6.2132392e-01   0.0000000e+00
   1.2000000e+00   6.1651452e-01   0.0000000e+00
   1.2200000e+00   6.1213021e-01   0.0000000e+00
   1.2400000e+00   6.0780055e-01   0.0000000e+00
   1.2600000e+00   6.0352553e-01   0.0000000e+00
   1.2800000e+00   5.9925052e-01   0.0000000e+00
   1.3000000e+00   5.9497550e-01   0.0000000e+00
   1.3200000e+00   5.9070049e-01   0.0000000e+00
   1.3400000e+00   5.8642547e-01   0.0000000e+00
   1.3600000e+00   5.8215045e-01   0.0000000e+00
   1.3800000e+00   5.7787544e-01   0.0000000e+00
   1.4000000e+00   5.7322428e-01   0.0000000e+00
   1.4200000e+00   5.6849401e-01   0.0000000e+00
   1.4400000e+00   5.6368462e-01   0.0000000e+00
   1.4600000e+00   5.5873242e-01   0.0000000e+00
   1.4800000e+00   5.5359750e-01   0.0000000e+00
   1.5000000e+00   5.4827987e-01   0.0000000e+00
   1.5200000e+00   5.4347048e-01   0.0000000e+00
   1.5400000e+00   5.3866109e-01   0.0000000e+00
   1.5600000e+00   5.3385169e-01   0.0000000e+00
   1.5800000e+00   5.3002387e-01   0.0000000e+00
   1.6000000e+00   5.2661210e-01   0.0000000e+00
   1.6200000e+00   5.2361636e-01   0.0000000e+00
   1.6400000e+00   5.2094448e-01   0.0000000e+00
   1.6600000e+00   5.1827259e-01   0.0000000e+00
   1.6800000e+00   5.1560071e-01   0.0000000e+00
   1.7000000e+00   5.1344040e-01   0.0000000e+00
   1.7200000e+00   5.1148894e-01   0.0000000e+00
   1.7400000e+00   5.0974634e-01   0.0000000e+00
   1.7600000e+00   5.0814321e-01   0.0000000e+00
   1.7800000e+00   5.0654008e-01   0.0000000e+00
   1.8000000e+00   5.0493695e-01   0.0000000e+00
   1.8200000e+00   5.0328890e-01   0.0000000e+00
   1.8400000e+00   5.0139613e-01   0.0000000e+00
   1.8600000e+00   4.9925862e-01   0.0000000e+00
   1.8800000e+00   4.9804637e-01   0.0000000e+00
   1.9000000e+00   4.9655990e-01   0.0000000e+00
   1.9200000e+00   4.9479922e-01   0.0000000e+00
   1.9400000e+00   4.9312031e-01   0.0000000e+00
   1.9600000e+00   4.9163384e-01   0.0000000e+00
   1.9800000e+00   4.9033982e-01   0.0000000e+00
   2.0000000e+00   4.8820231e-01   0.0000000e+00
   2.0200000e+00   4.8659515e-01   0.0000000e+00
   2.0400000e+00   4.8551833e-01   0.0000000e+00
   2.0600000e+00   4.8444958e-01   0.0000000e+00
   2.0800000e+00   4.8308381e-01   0.0000000e+00
   2.1000000e+00   4.8142102e-01   0.0000000e+00
   2.1200000e+00   4.7982457e-01   0.0000000e+00
   2.1400000e+00   4.7869547e-01   0.0000000e+00
   2.1600000e+00   4.7803371e-01   0.0000000e+00
   2.1800000e+00   4.7643058e-01   0.0000000e+00
   2.2000000e+00   4.7506815e-01   0.0000000e+00
   2.2200000e+00   4.7394642e-01   0.0000000e+00
   2.2400000e+00   4.7287767e-01   0.0000000e+00
   2.2600000e+00   4.7180891e-01   0.0000000e+00
   2.2800000e+00   4.7074016e-01   0.0000000e+00
   2.3000000e+00   4.6954000e-01   0.0000000e+00
   2.3200000e+00   4.6814572e-01   0.0000000e+00
   2.3400000e+00   4.6655734e-01   0.0000000e+00
   2.3600000e+00   4.6548858e-01   0.0000000e+00
   2.3800000e+00   4.6420360e-01   0.0000000e+00
   2.4000000e+00   4.6270239e-01   0.0000000e+00
   2.4200000e+00   4.6141505e-01   0.0000000e+00
   2.4400000e+00   4.6023700e-01   0.0000000e+00
   2.4600000e+00   4.5916825e-01   0.0000000e+00
   2.4800000e+00   4.5809949e-01   0.0000000e+00
   2.5000000e+00   4.5703074e-01   0.0000000e+00
   2.5200000e+00   4.5596199e-01   0.0000000e+00
   2.5400000e+00   4.5439306e-01   0.0000000e+00
   2.5600000e+00   4.5319054e-01   0.0000000e+00
   2.5800000e+00   4.5235443e-01   0.0000000e+00
   2.6000000e+00   4.5128636e-01   0.0000000e+00
   2.6200000e+00   4.5010094e-01   0.0000000e+00
   2.6400000e+00   4.4879817e-01   0.0000000e+00
   2.6600000e+00   4.4826379e-01   0.0000000e+00
   2.6800000e+00   4.4772941e-01   0.0000000e+00
   2.7000000e+00   4.4719504e-01   0.0000000e+00
   2.7200000e+00   4.4620943e-01   0.0000000e+00
   2.7400000e+00   4.4534954e-01   0.0000000e+00
   2.7600000e+00   4.4461534e-01   0.0000000e+00
   2.7800000e+00   4.4408097e-01   0.0000000e+00
   2.8000000e+00   4.4349597e-01   0.0000000e+00
   2.8200000e+00   4.4286036e-01   0.0000000e+00
   2.8400000e+00   4.4179161e-01   0.0000000e+00
   2.8600000e+00   4.4072285e-01   0.0000000e+00
   2.8800000e+00   4.3965410e-01   0.0000000e+00
   2.9000000e+00   4.3898763e-01   0.0000000e+00
   2.9200000e+00   4.3824439e-01   0.0000000e+00
   2.9400000e+00   4.3742440e-01   0.0000000e+00
   2.9600000e+00   4.3635565e-01   0.0000000e+00
   2.9800000e+00   4.3528689e-01   0.0000000e+00
   3.0000000e+00   4.3421814e-01   0.0000000e+00
   3.0200000e+00   4.3314938e-01   0.0000000e+00
   3.0400000e+00   4.3208063e-01   0.0000000e+00
   3.0600000e+00   4.3101188e-01   0.0000000e+00
   3.0800000e+00   4.2994312e-01   0.0000000e+00
   3.1000000e+00   4.2911104e-01   0.0000000e+00
   3.1200000e+00   4.2851563e-01   0.0000000e+00
   3.1400000e+00   4.2815561e-01   0.0000000e+00
   3.1600000e+00   4.2717737e-01   0.0000000e+00
   3.1800000e+00   4.2558093e-01   0.0000000e+00
   3.2000000e+00   4.2504655e-01   0.0000000e+00
   3.2200000e+00   4.2451217e-01   0.0000000e+00
   3.2400000e+00   4.2397779e-01   0.0000000e+00
   3.2600000e+00   4.2313903e-01   0.0000000e+00
   3.2800000e+00   4.2237299e-01   0.0000000e+00
   3.3000000e+00   4.2167969e-01   0.0000000e+00
   3.3200000e+00   4.2153757e-01   0.0000000e+00
   3.3400000e+00   4.2093213e-01   0.0000000e+00
   3.3600000e+00   4.1986338e-01   0.0000000e+00
   3.3800000e+00   4.1977217e-01   0.0000000e+00
   3.4000000e+00   4.1935445e-01   0.0000000e+00
   3.4200000e+00   4.1861024e-01   0.0000000e+00
   3.4400000e+00   4.1805237e-01   0.0000000e+00
   3.4600000e+00   4.1770405e-01   0.0000000e+00
   3.4800000e+00   4.1756527e-01   0.0000000e+00
   3.5000000e+00   4.1703089e-01   0.0000000e+00
   3.5200000e+00   4.1649652e-01   0.0000000e+00
   3.5400000e+00   4.1596214e-01   0.0000000e+00
   3.5600000e+00   4.1586759e-01   0.0000000e+00
   3.5800000e+00   4.1549715e-01   0.0000000e+00
   3.6000000e+00   4.1485083e-01   0.0000000e+00
   3.6200000e+00   4.1398857e-01   0.0000000e+00
   3.6400000e+00   4.1329025e-01   0.0000000e+00
   3.6600000e+00   4.1275588e-01   0.0000000e+00
   3.6800000e+00   4.1222150e-01   0.0000000e+00
   3.7000000e+00   4.1143335e-01   0.0000000e+00
   3.7200000e+00   4.1039143e-01   0.0000000e+00
   3.7400000e+00   4.1010444e-01   0.0000000e+00
   3.7600000e+00   4.0968672e-01   0.0000000e+00
   3.7800000e+00   4.0913829e-01   0.0000000e+00
   3.8000000e+00   4.0838464e-01   0.0000000e+00
   2.0100000e+00   7.5763532e-01   1.0000000e+00
   2.0300000e+00   7.5656254e-01   1.0000000e+00
   2.0500000e+00   7.5507809e-01   1.0000000e+00
   2.0700000e+00   7.5318197e-01   1.0000000e+00
   2.0900000e+00   7.5104446e-01   1.0000000e+00
   2.1100000e+00   7.4899713e-01   1.0000000e+00
   2.1300000e+00   7.4703997e-01   1.0000000e+00
   2.1500000e+00   7.4543684e-01   1.0000000e+00
   2.1700000e+00   7.4383371e-01   1.0000000e+00
   2.1900000e+00   7.4223058e-01   1.0000000e+00
   2.2100000e+00   7.3966465e-01   1.0000000e+00
   2.2300000e+00   7.3704574e-01   1.0000000e+00
   2.2500000e+00   7.3437385e-01   1.0000000e+00
   2.2700000e+00   7.3219811e-01   1.0000000e+00
   2.2900000e+00   7.3024297e-01   1.0000000e+00
   2.3100000e+00   7.2850843e-01   1.0000000e+00
   2.3300000e+00   7.2640041e-01   1.0000000e+00
   2.3500000e+00   7.2481202e-01   1.0000000e+00
   2.3700000e+00   7.2374327e-01   1.0000000e+00
   2.3900000e+00   7.2224206e-01   1.0000000e+00
   2.4100000e+00   7.2084778e-01   1.0000000e+00
   2.4300000e+00   7.1956044e-01   1.0000000e+00
   2.4500000e+00   7.1849169e-01   1.0000000e+00
   2.4700000e+00   7.1738170e-01   1.0000000e+00
   2.4900000e+00   7.1623049e-01   1.0000000e+00
   2.5100000e+00   7.1462736e-01   1.0000000e+00
   2.5300000e+00   7.1352440e-01   1.0000000e+00
   2.5500000e+00   7.1292161e-01   1.0000000e+00
   2.5700000e+00   7.1200373e-01   1.0000000e+00
   2.5900000e+00   7.1087699e-01   1.0000000e+00
   2.6100000e+00   7.0954139e-01   1.0000000e+00
   2.6300000e+00   7.0793826e-01   1.0000000e+00
   2.6500000e+00   7.0631837e-01   1.0000000e+00
   2.6700000e+00   7.0468172e-01   1.0000000e+00
   2.6900000e+00   7.0254422e-01   1.0000000e+00
   2.7100000e+00   7.0040671e-01   1.0000000e+00
   2.7300000e+00   6.9826920e-01   1.0000000e+00
   2.7500000e+00   6.9680082e-01   1.0000000e+00
   2.7700000e+00   6.9553225e-01   1.0000000e+00
   2.7900000e+00   6.9446349e-01   1.0000000e+00
   2.8100000e+00   6.9329351e-01   1.0000000e+00
   2.8300000e+00   6.9190695e-01   1.0000000e+00
   2.8500000e+00   6.9030382e-01   1.0000000e+00
   2.8700000e+00   6.8921963e-01   1.0000000e+00
   2.8900000e+00   6.8814316e-01   1.0000000e+00
   2.9100000e+00   6.8707441e-01   1.0000000e+00
   2.9300000e+00   6.8572004e-01   1.0000000e+00
   2.9500000e+00   6.8424129e-01   1.0000000e+00
   2.9700000e+00   6.8263815e-01   1.0000000e+00
   2.9900000e+00   6.8108731e-01   1.0000000e+00
   3.0100000e+00   6.7977751e-01   1.0000000e+00
   3.0300000e+00   6.7870876e-01   1.0000000e+00
   3.0500000e+00   6.7717000e-01   1.0000000e+00
   3.0700000e+00   6.7559906e-01   1.0000000e+00
   3.0900000e+00   6.7399593e-01   1.0000000e+00
   3.1100000e+00   6.7191946e-01   1.0000000e+00
   3.1300000e+00   6.6966529e-01   1.0000000e+00
   3.1500000e+00   6.6723341e-01   1.0000000e+00
   3.1700000e+00   6.6563028e-01   1.0000000e+00
   3.1900000e+00   6.6402715e-01   1.0000000e+00
   3.2100000e+00   6.6242402e-01   1.0000000e+00
   3.2300000e+00   6.6082089e-01   1.0000000e+00
   3.2500000e+00   6.5936995e-01   1.0000000e+00
   3.2700000e+00   6.5807121e-01   1.0000000e+00
   3.2900000e+00   6.5700245e-01   1.0000000e+00
   3.3100000e+00   6.5593370e-01   1.0000000e+00
   3.3300000e+00   6.5486495e-01   1.0000000e+00
   3.3500000e+00   6.5379619e-01   1.0000000e+00
   3.3700000e+00   6.5321621e-01   1.0000000e+00
   3.3900000e+00   6.5312500e-01   1.0000000e+00
   3.4100000e+00   6.5200868e-01   1.0000000e+00
   3.4300000e+00   6.5052123e-01   1.0000000e+00
   3.4500000e+00   6.4866266e-01   1.0000000e+00
   3.4700000e+00   6.4624759e-01   1.0000000e+00
   3.4900000e+00   6.4347010e-01   1.0000000e+00
   3.5100000e+00   6.4033018e-01   1.0000000e+00
   3.5300000e+00   6.3872705e-01   1.0000000e+00
   3.5500000e+00   6.3668409e-01   1.0000000e+00
   3.5700000e+00   6.3420131e-01   1.0000000e+00
   3.5900000e+00   6.3217574e-01   1.0000000e+00
   3.6100000e+00   6.3046464e-01   1.0000000e+00
   3.6300000e+00   6.2906801e-01   1.0000000e+00
   3.6500000e+00   6.2790942e-01   1.0000000e+00
   3.6700000e+00   6.2652857e-01   1.0000000e+00
   3.6900000e+00   6.2492543e-01   1.0000000e+00
   3.7100000e+00   6.2382985e-01   1.0000000e+00
