   6.1000000e-01   9.9502621e-01   0.0000000e+00
   6.3000000e-01   9.8333095e-01   0.0000000e+00
   6.5000000e-01   9.6738348e-01   0.0000000e+00
   6.7000000e-01   9.4845501e-01   0.0000000e+00
   6.9000000e-01   9.2654555e-01   0.0000000e+00
   7.1000000e-01   9.0600187e-01   0.0000000e+00
   7.3000000e-01   8.8625405e-01   0.0000000e+00
   7.5000000e-01   8.6730209e-01   0.0000000e+00
   7.7000000e-01   8.5046484e-01   0.0000000e+00
   7.9000000e-01   8.3467020e-01   0.0000000e+00
   8.1000000e-01   8.1991817e-01   0.0000000e+00
   8.3000000e-01   8.0602436e-01   0.0000000e+00
   8.5000000e-01   7.9291502e-01   0.0000000e+00
   8.7000000e-01   7.8059015e-01   0.0000000e+00
   8.9000000e-01   7.6870579e-01   0.0000000e+00
   9.1000000e-01   7.5775440e-01   0.0000000e+00
   9.3000000e-01   7.4773598e-01   0.0000000e+00
   9.5000000e-01   7.3935893e-01   0.0000000e+00
   9.7000000e-01   7.3119074e-01   0.0000000e+00
   9.9000000e-01   7.2323140e-01   0.0000000e+00
   1.0100000e+00   7.1575012e-01   0.0000000e+00
   1.0300000e+00   7.0874287e-01   0.0000000e+00
   1.0500000e+00   7.0220965e-01   0.0000000e+00
   1.0700000e+00   6.9615449e-01   0.0000000e+00
   1.0900000e+00   6.9042854e-01   0.0000000e+00
   1.1100000e+00   6.8503179e-01   0.0000000e+00
   1.1300000e+00   6.8022240e-01   0.0000000e+00
   1.1500000e+00   6.7541301e-01   0.0000000e+00
   1.1700000e+00   6.7060361e-01   0.0000000e+00
   1.1900000e+00   6.6579422e-01   0.0000000e+00
   1.2100000e+00   6.6098483e-01   0.0000000e+00
   1.2300000e+00   6.5617543e-01   0.0000000e+00
   1.2500000e+00   6.5105762e-01   0.0000000e+00
   1.2700000e+00   6.4592271e-01   0.0000000e+00
   1.2900000e+00   6.4077069e-01   0.0000000e+00
   1.3100000e+00   6.3596130e-01   0.0000000e+00
   1.3300000e+00   6.3115191e-01   0.0000000e+00
   1.3500000e+00   6.2634251e-01   0.0000000e+00
   1.3700000e+00   6.2104032e-01   0.0000000e+00
   1.3900000e+00   6.1609347e-01   0.0000000e+00
   1.4100000e+00   6.1150198e-01   0.0000000e+00
   1.4300000e+00   6.0670801e-01   0.0000000e+00
   1.4500000e+00   6.0178195e-01   0.0000000e+00
   1.4700000e+00   5.9672380e-01   0.0000000e+00
   1.4900000e+00   5.9244878e-01   0.0000000e+00
   1.5100000e+00   5.8817377e-01   0.0000000e+00
   1.5300000e+00   5.8389875e-01   0.0000000e+00
   1.5500000e+00   5.7962374e-01   0.0000000e+00
   1.5700000e+00   5.7551232e-01   0.0000000e+00
   1.5900000e+00   5.7156449e-01   0.0000000e+00
   1.6100000e+00   5.6782385e-01   0.0000000e+00
   1.6300000e+00   5.6408321e-01   0.0000000e+00
   1.6500000e+00   5.6034257e-01   0.0000000e+00
   1.6700000e+00   5.5660193e-01   0.0000000e+00
   1.6900000e+00   5.5337287e-01   0.0000000e+00
   1.7100000e+00   5.5065538e-01   0.0000000e+00
   1.7300000e+00   5.4798349e-01   0.0000000e+00
   1.7500000e+00   5.4531161e-01   0.0000000e+00
   1.7700000e+00   5.4263972e-01   0.0000000e+00
   1.7900000e+00   5.4012942e-01   0.0000000e+00
   1.8100000e+00   5.3782797e-01   0.0000000e+00
   1.8300000e+00   5.3573538e-01   0.0000000e+00
   1.8500000e+00   5.3413225e-01   0.0000000e+00
   1.8700000e+00   5.3229780e-01   0.0000000e+00
   1.8900000e+00   5.3023204e-01   0.0000000e+00
   1.9100000e+00   5.2844050e-01   0.0000000e+00
   1.9300000e+00   5.2674316e-01   0.0000000e+00
   1.9500000e+00   5.2514003e-01   0.0000000e+00
   1.9700000e+00   5.2342426e-01   0.0000000e+00
   1.9900000e+00   5.2149763e-01   0.0000000e+00
   2.0100000e+00   5.1936012e-01   0.0000000e+00
   2.0300000e+00   5.1722261e-01   0.0000000e+00
   2.0500000e+00   5.1549878e-01   0.0000000e+00
   2.0700000e+00   5.1418864e-01   0.0000000e+00
   2.0900000e+00   5.1252585e-01   0.0000000e+00
   2.1100000e+00   5.1080605e-01   0.0000000e+00
   2.1300000e+00   5.0902925e-01   0.0000000e+00
   2.1500000e+00   5.0783312e-01   0.0000000e+00
   2.1700000e+00   5.0616630e-01   0.0000000e+00
   2.1900000e+00   5.0402879e-01   0.0000000e+00
   2.2100000e+00   5.0237269e-01   0.0000000e+00
   2.2300000e+00   5.0092544e-01   0.0000000e+00
   2.2500000e+00   4.9968704e-01   0.0000000e+00
   2.2700000e+00   4.9861829e-01   0.0000000e+00
   2.2900000e+00   4.9754953e-01   0.0000000e+00
   2.3100000e+00   4.9648078e-01   0.0000000e+00
   2.3300000e+00   4.9538254e-01   0.0000000e+00
   2.3500000e+00   4.9376467e-01   0.0000000e+00
   2.3700000e+00   4.9162716e-01   0.0000000e+00
   2.3900000e+00   4.9035456e-01   0.0000000e+00
   2.4100000e+00   4.8918388e-01   0.0000000e+00
   2.4300000e+00   4.8811513e-01   0.0000000e+00
   2.4500000e+00   4.8704638e-01   0.0000000e+00
   2.4700000e+00   4.8593639e-01   0.0000000e+00
   2.4900000e+00   4.8478518e-01   0.0000000e+00
   2.5100000e+00   4.8318204e-01   0.0000000e+00
   2.5300000e+00   4.8232917e-01   0.0000000e+00
   2.5500000e+00   4.8222656e-01   0.0000000e+00
   2.5700000e+00   4.8145955e-01   0.0000000e+00
   2.5900000e+00   4.8080850e-01   0.0000000e+00
   2.6100000e+00   4.8027344e-01   0.0000000e+00
   2.6300000e+00   4.7997308e-01   0.0000000e+00
   2.6500000e+00   4.7932204e-01   0.0000000e+00
   2.6700000e+00   4.7832031e-01   0.0000000e+00
   2.6900000e+00   4.7832031e-01   0.0000000e+00
   2.7100000e+00   4.7786909e-01   0.0000000e+00
   2.7300000e+00   4.7696663e-01   0.0000000e+00
   2.7500000e+00   4.7623244e-01   0.0000000e+00
   2.7700000e+00   4.7538026e-01   0.0000000e+00
   2.7900000e+00   4.7441008e-01   0.0000000e+00
   2.8100000e+00   4.7300942e-01   0.0000000e+00
   2.8300000e+00   4.7204190e-01   0.0000000e+00
   2.8500000e+00   4.7150752e-01   0.0000000e+00
   2.8700000e+00   4.7045420e-01   0.0000000e+00
   2.8900000e+00   4.6939316e-01   0.0000000e+00
   2.9100000e+00   4.6832441e-01   0.0000000e+00
   2.9300000e+00   4.6725565e-01   0.0000000e+00
   2.9500000e+00   4.6618690e-01   0.0000000e+00
   2.9700000e+00   4.6511815e-01   0.0000000e+00
   2.9900000e+00   4.6404939e-01   0.0000000e+00
   3.0100000e+00   4.6298064e-01   0.0000000e+00
   3.0300000e+00   4.6191188e-01   0.0000000e+00
   3.0500000e+00   4.6084313e-01   0.0000000e+00
   3.0700000e+00   4.5995104e-01   0.0000000e+00
   3.0900000e+00   4.5923562e-01   0.0000000e+00
   3.1100000e+00   4.5846458e-01   0.0000000e+00
   3.1300000e+00   4.5766468e-01   0.0000000e+00
   3.1500000e+00   4.5683594e-01   0.0000000e+00
   3.1700000e+00   4.5682926e-01   0.0000000e+00
   3.1900000e+00   4.5629154e-01   0.0000000e+00
   3.2100000e+00   4.5522278e-01   0.0000000e+00
   3.2300000e+00   4.5794351e-01   0.0000000e+00
   2.0000000e+00   8.4367106e-01   1.0000000e+00
   2.0200000e+00   8.3941216e-01   1.0000000e+00
   2.0400000e+00   8.3303188e-01   1.0000000e+00
   2.0600000e+00   8.2951513e-01   1.0000000e+00
   2.0800000e+00   8.2642082e-01   1.0000000e+00
   2.1000000e+00   8.2374893e-01   1.0000000e+00
   2.1200000e+00   8.2125740e-01   1.0000000e+00
   2.1400000e+00   8.1897472e-01   1.0000000e+00
   2.1600000e+00   8.1690090e-01   1.0000000e+00
   2.1800000e+00   8.1529777e-01   1.0000000e+00
   2.2000000e+00   8.1393534e-01   1.0000000e+00
   2.2200000e+00   8.1281361e-01   1.0000000e+00
   2.2400000e+00   8.1065065e-01   1.0000000e+00
   2.2600000e+00   8.0848129e-01   1.0000000e+00
   2.2800000e+00   8.0630555e-01   1.0000000e+00
   2.3000000e+00   8.0457102e-01   1.0000000e+00
   2.3200000e+00   8.0262762e-01   1.0000000e+00
   2.3400000e+00   8.0047537e-01   1.0000000e+00
   2.3600000e+00   7.9780348e-01   1.0000000e+00
   2.3800000e+00   7.9534783e-01   1.0000000e+00
   2.4000000e+00   7.9310840e-01   1.0000000e+00
   2.4200000e+00   7.9033931e-01   1.0000000e+00
   2.4400000e+00   7.8765032e-01   1.0000000e+00
   2.4600000e+00   7.8504144e-01   1.0000000e+00
   2.4800000e+00   7.8343830e-01   1.0000000e+00
   2.5000000e+00   7.8183517e-01   1.0000000e+00
   2.5200000e+00   7.8023204e-01   1.0000000e+00
   2.5400000e+00   7.7762856e-01   1.0000000e+00
   2.5600000e+00   7.7537439e-01   1.0000000e+00
   2.5800000e+00   7.7346952e-01   1.0000000e+00
   2.6000000e+00   7.7186639e-01   1.0000000e+00
   2.6200000e+00   7.7026326e-01   1.0000000e+00
   2.6400000e+00   7.6866013e-01   1.0000000e+00
   2.6600000e+00   7.6700673e-01   1.0000000e+00
   2.6800000e+00   7.6497768e-01   1.0000000e+00
   2.7000000e+00   7.6257298e-01   1.0000000e+00
   2.7200000e+00   7.6016828e-01   1.0000000e+00
   2.7400000e+00   7.5776359e-01   1.0000000e+00
   2.7600000e+00   7.5535889e-01   1.0000000e+00
   2.7800000e+00   7.5295419e-01   1.0000000e+00
   2.8000000e+00   7.5042296e-01   1.0000000e+00
   2.8200000e+00   7.4776518e-01   1.0000000e+00
   2.8400000e+00   7.4402454e-01   1.0000000e+00
   2.8600000e+00   7.4119913e-01   1.0000000e+00
   2.8800000e+00   7.3928896e-01   1.0000000e+00
   2.9000000e+00   7.3662906e-01   1.0000000e+00
   2.9200000e+00   7.3421193e-01   1.0000000e+00
   2.9400000e+00   7.3203756e-01   1.0000000e+00
   2.9600000e+00   7.2936568e-01   1.0000000e+00
   2.9800000e+00   7.2666765e-01   1.0000000e+00
   3.0000000e+00   7.2394348e-01   1.0000000e+00
   3.0200000e+00   7.2073722e-01   1.0000000e+00
