   6.1000000e-01   9.9277002e-01   0.0000000e+00
   6.3000000e-01   9.8160914e-01   0.0000000e+00
   6.5000000e-01   9.6612095e-01   0.0000000e+00
   6.7000000e-01   9.4715494e-01   0.0000000e+00
   6.9000000e-01   9.2471111e-01   0.0000000e+00
   7.1000000e-01   9.0499882e-01   0.0000000e+00
   7.3000000e-01   8.8620107e-01   0.0000000e+00
   7.5000000e-01   8.6831787e-01   0.0000000e+00
   7.7000000e-01   8.5254937e-01   0.0000000e+00
   7.9000000e-01   8.3766559e-01   0.0000000e+00
   8.1000000e-01   8.2366652e-01   0.0000000e+00
   8.3000000e-01   8.0923834e-01   0.0000000e+00
   8.5000000e-01   7.9611760e-01   0.0000000e+00
   8.7000000e-01   7.8430430e-01   0.0000000e+00
   8.9000000e-01   7.7295432e-01   0.0000000e+00
   9.1000000e-01   7.6253730e-01   0.0000000e+00
   9.3000000e-01   7.5305327e-01   0.0000000e+00
   9.5000000e-01   7.4503761e-01   0.0000000e+00
   9.7000000e-01   7.3705011e-01   0.0000000e+00
   9.9000000e-01   7.2909077e-01   0.0000000e+00
   1.0100000e+00   7.2160950e-01   0.0000000e+00
   1.0300000e+00   7.1460225e-01   0.0000000e+00
   1.0500000e+00   7.0806903e-01   0.0000000e+00
   1.0700000e+00   7.0201387e-01   0.0000000e+00
   1.0900000e+00   6.9628792e-01   0.0000000e+00
   1.1100000e+00   6.9089117e-01   0.0000000e+00
   1.1300000e+00   6.8595774e-01   0.0000000e+00
   1.1500000e+00   6.8082283e-01   0.0000000e+00
   1.1700000e+00   6.7548643e-01   0.0000000e+00
   1.1900000e+00   6.7067703e-01   0.0000000e+00
   1.2100000e+00   6.6586764e-01   0.0000000e+00
   1.2300000e+00   6.6105825e-01   0.0000000e+00
   1.2500000e+00   6.5563202e-01   0.0000000e+00
   1.2700000e+00   6.5007570e-01   0.0000000e+00
   1.2900000e+00   6.4438931e-01   0.0000000e+00
   1.3100000e+00   6.3897045e-01   0.0000000e+00
   1.3300000e+00   6.3332195e-01   0.0000000e+00
   1.3500000e+00   6.2744380e-01   0.0000000e+00
   1.3700000e+00   6.2205845e-01   0.0000000e+00
   1.3900000e+00   6.1669390e-01   0.0000000e+00
   1.4100000e+00   6.1135013e-01   0.0000000e+00
   1.4300000e+00   6.0600635e-01   0.0000000e+00
   1.4500000e+00   6.0073399e-01   0.0000000e+00
   1.4700000e+00   5.9553303e-01   0.0000000e+00
   1.4900000e+00   5.9072363e-01   0.0000000e+00
   1.5100000e+00   5.8591424e-01   0.0000000e+00
   1.5300000e+00   5.8110485e-01   0.0000000e+00
   1.5500000e+00   5.7718316e-01   0.0000000e+00
   1.5700000e+00   5.7302481e-01   0.0000000e+00
   1.5900000e+00   5.6862979e-01   0.0000000e+00
   1.6100000e+00   5.6424145e-01   0.0000000e+00
   1.6300000e+00   5.6022389e-01   0.0000000e+00
   1.6500000e+00   5.5657712e-01   0.0000000e+00
   1.6700000e+00   5.5337085e-01   0.0000000e+00
   1.6900000e+00   5.5016459e-01   0.0000000e+00
   1.7100000e+00   5.4695833e-01   0.0000000e+00
   1.7300000e+00   5.4414698e-01   0.0000000e+00
   1.7500000e+00   5.4126624e-01   0.0000000e+00
   1.7700000e+00   5.3831611e-01   0.0000000e+00
   1.7900000e+00   5.3510984e-01   0.0000000e+00
   1.8100000e+00   5.3192604e-01   0.0000000e+00
   1.8300000e+00   5.2876469e-01   0.0000000e+00
   1.8500000e+00   5.2609281e-01   0.0000000e+00
   1.8700000e+00   5.2365224e-01   0.0000000e+00
   1.8900000e+00   5.2144298e-01   0.0000000e+00
   1.9100000e+00   5.1930547e-01   0.0000000e+00
   1.9300000e+00   5.1728261e-01   0.0000000e+00
   1.9500000e+00   5.1537440e-01   0.0000000e+00
   1.9700000e+00   5.1377127e-01   0.0000000e+00
   1.9900000e+00   5.1216814e-01   0.0000000e+00
   2.0100000e+00   5.1056501e-01   0.0000000e+00
   2.0300000e+00   5.0843153e-01   0.0000000e+00
   2.0500000e+00   5.0691656e-01   0.0000000e+00
   2.0700000e+00   5.0602010e-01   0.0000000e+00
   2.0900000e+00   5.0489169e-01   0.0000000e+00
   2.1100000e+00   5.0379645e-01   0.0000000e+00
   2.1300000e+00   5.0273437e-01   0.0000000e+00
   2.1500000e+00   5.0267069e-01   0.0000000e+00
   2.1700000e+00   5.0237165e-01   0.0000000e+00
   2.1900000e+00   5.0183728e-01   0.0000000e+00
   2.2100000e+00   5.0130290e-01   0.0000000e+00
   2.2300000e+00   5.0076852e-01   0.0000000e+00
   2.2500000e+00   5.0023415e-01   0.0000000e+00
   2.2700000e+00   4.9969977e-01   0.0000000e+00
   2.2900000e+00   4.9923109e-01   0.0000000e+00
   2.3100000e+00   4.9882813e-01   0.0000000e+00
   2.3300000e+00   4.9882813e-01   0.0000000e+00
   2.3500000e+00   4.9882813e-01   0.0000000e+00
   2.3700000e+00   4.9882813e-01   0.0000000e+00
   2.3900000e+00   4.9796322e-01   0.0000000e+00
   2.4100000e+00   4.9715428e-01   0.0000000e+00
   2.4300000e+00   4.9640132e-01   0.0000000e+00
   2.4500000e+00   4.9586694e-01   0.0000000e+00
   2.4700000e+00   4.9529133e-01   0.0000000e+00
   2.4900000e+00   4.9467449e-01   0.0000000e+00
   2.5100000e+00   4.9360574e-01   0.0000000e+00
   2.5300000e+00   4.9303716e-01   0.0000000e+00
   2.5500000e+00   4.9296875e-01   0.0000000e+00
   2.5700000e+00   4.9220173e-01   0.0000000e+00
   2.5900000e+00   4.9155069e-01   0.0000000e+00
   2.6100000e+00   4.9101563e-01   0.0000000e+00
   2.6300000e+00   4.9071527e-01   0.0000000e+00
   2.6500000e+00   4.9004747e-01   0.0000000e+00
   2.6700000e+00   4.8901223e-01   0.0000000e+00
   2.6900000e+00   4.8847785e-01   0.0000000e+00
   2.7100000e+00   4.8794347e-01   0.0000000e+00
   2.7300000e+00   4.8740910e-01   0.0000000e+00
   2.7500000e+00   4.8687472e-01   0.0000000e+00
   2.7700000e+00   4.8623139e-01   0.0000000e+00
   2.7900000e+00   4.8547912e-01   0.0000000e+00
   2.8100000e+00   4.8441037e-01   0.0000000e+00
   2.8300000e+00   4.8334161e-01   0.0000000e+00
   2.8500000e+00   4.8227286e-01   0.0000000e+00
   2.8700000e+00   4.8172305e-01   0.0000000e+00
   2.8900000e+00   4.8097982e-01   0.0000000e+00
   2.9100000e+00   4.8004316e-01   0.0000000e+00
   2.9300000e+00   4.7897440e-01   0.0000000e+00
   2.9500000e+00   4.7790565e-01   0.0000000e+00
   2.9700000e+00   4.7683690e-01   0.0000000e+00
   2.9900000e+00   4.7576814e-01   0.0000000e+00
   3.0100000e+00   4.7469939e-01   0.0000000e+00
   3.0300000e+00   4.7363063e-01   0.0000000e+00
   2.0400000e+00   8.4579854e-01   1.0000000e+00
   2.0600000e+00   8.4371263e-01   1.0000000e+00
   2.0800000e+00   8.4157110e-01   1.0000000e+00
   2.1000000e+00   8.3937393e-01   1.0000000e+00
   2.1200000e+00   8.3652169e-01   1.0000000e+00
   2.1400000e+00   8.3358797e-01   1.0000000e+00
   2.1600000e+00   8.3057278e-01   1.0000000e+00
   2.1800000e+00   8.2896965e-01   1.0000000e+00
   2.2000000e+00   8.2712581e-01   1.0000000e+00
   2.2200000e+00   8.2504128e-01   1.0000000e+00
   2.2400000e+00   8.2290377e-01   1.0000000e+00
   2.2600000e+00   8.2089030e-01   1.0000000e+00
   2.2800000e+00   8.1900087e-01   1.0000000e+00
   2.3000000e+00   8.1700351e-01   1.0000000e+00
   2.3200000e+00   8.1441645e-01   1.0000000e+00
   2.3400000e+00   8.1123967e-01   1.0000000e+00
   2.3600000e+00   8.0910216e-01   1.0000000e+00
   2.3800000e+00   8.0653220e-01   1.0000000e+00
   2.4000000e+00   8.0352978e-01   1.0000000e+00
   2.4200000e+00   7.9842878e-01   1.0000000e+00
   2.4400000e+00   7.9277158e-01   1.0000000e+00
   2.4600000e+00   7.8655818e-01   1.0000000e+00
   2.4800000e+00   7.8133972e-01   1.0000000e+00
   2.5000000e+00   7.7792892e-01   1.0000000e+00
   2.5200000e+00   7.7632579e-01   1.0000000e+00
   2.5400000e+00   7.7422249e-01   1.0000000e+00
   2.5600000e+00   7.7229384e-01   1.0000000e+00
   2.5800000e+00   7.7053984e-01   1.0000000e+00
   2.6000000e+00   7.6920355e-01   1.0000000e+00
   2.6200000e+00   7.6800103e-01   1.0000000e+00
   2.6400000e+00   7.6693227e-01   1.0000000e+00
   2.6600000e+00   7.6579649e-01   1.0000000e+00
   2.6800000e+00   7.6415985e-01   1.0000000e+00
   2.7000000e+00   7.6202234e-01   1.0000000e+00
