   6.0000000e-01   9.7182641e-01   0.0000000e+00
   6.2000000e-01   9.5516755e-01   0.0000000e+00
   6.4000000e-01   9.3623004e-01   0.0000000e+00
   6.6000000e-01   9.1501389e-01   0.0000000e+00
   6.8000000e-01   8.8882942e-01   0.0000000e+00
   7.0000000e-01   8.6492123e-01   0.0000000e+00
   7.2000000e-01   8.4328932e-01   0.0000000e+00
   7.4000000e-01   8.2414158e-01   0.0000000e+00
   7.6000000e-01   8.0637102e-01   0.0000000e+00
   7.8000000e-01   7.8997762e-01   0.0000000e+00
   8.0000000e-01   7.7597855e-01   0.0000000e+00
   8.2000000e-01   7.6176493e-01   0.0000000e+00
   8.4000000e-01   7.4733675e-01   0.0000000e+00
   8.6000000e-01   7.3500047e-01   0.0000000e+00
   8.8000000e-01   7.2410909e-01   0.0000000e+00
   9.0000000e-01   7.1466259e-01   0.0000000e+00
   9.2000000e-01   7.0698150e-01   0.0000000e+00
   9.4000000e-01   6.9992698e-01   0.0000000e+00
   9.6000000e-01   6.9349902e-01   0.0000000e+00
   9.8000000e-01   6.8821157e-01   0.0000000e+00
   1.0000000e+00   6.8316315e-01   0.0000000e+00
   1.0200000e+00   6.7835375e-01   0.0000000e+00
   1.0400000e+00   6.7449242e-01   0.0000000e+00
   1.0600000e+00   6.7087011e-01   0.0000000e+00
   1.0800000e+00   6.6748684e-01   0.0000000e+00
   1.1000000e+00   6.6452128e-01   0.0000000e+00
   1.1200000e+00   6.6164054e-01   0.0000000e+00
   1.1400000e+00   6.5884462e-01   0.0000000e+00
   1.1600000e+00   6.5563835e-01   0.0000000e+00
   1.1800000e+00   6.5243209e-01   0.0000000e+00
   1.2000000e+00   6.4922583e-01   0.0000000e+00
   1.2200000e+00   6.4686973e-01   0.0000000e+00
   1.2400000e+00   6.4431451e-01   0.0000000e+00
   1.2600000e+00   6.4156017e-01   0.0000000e+00
   1.2800000e+00   6.3854566e-01   0.0000000e+00
   1.3000000e+00   6.3570246e-01   0.0000000e+00
   1.3200000e+00   6.3303058e-01   0.0000000e+00
   1.3400000e+00   6.3035869e-01   0.0000000e+00
   1.3600000e+00   6.2744041e-01   0.0000000e+00
   1.3800000e+00   6.2427572e-01   0.0000000e+00
   1.4000000e+00   6.2106946e-01   0.0000000e+00
   1.4200000e+00   6.1786319e-01   0.0000000e+00
   1.4400000e+00   6.1465693e-01   0.0000000e+00
   1.4600000e+00   6.1145067e-01   0.0000000e+00
   1.4800000e+00   6.0824441e-01   0.0000000e+00
   1.5000000e+00   6.0503814e-01   0.0000000e+00
   1.5200000e+00   6.0183188e-01   0.0000000e+00
   1.5400000e+00   5.9862562e-01   0.0000000e+00
   1.5600000e+00   5.9541936e-01   0.0000000e+00
   1.5800000e+00   5.9221310e-01   0.0000000e+00
   1.6000000e+00   5.8911210e-01   0.0000000e+00
   1.6200000e+00   5.8611636e-01   0.0000000e+00
   1.6400000e+00   5.8335061e-01   0.0000000e+00
   1.6600000e+00   5.8036461e-01   0.0000000e+00
   1.6800000e+00   5.7715835e-01   0.0000000e+00
   1.7000000e+00   5.7446366e-01   0.0000000e+00
   1.7200000e+00   5.7197783e-01   0.0000000e+00
   1.7400000e+00   5.6970085e-01   0.0000000e+00
   1.7600000e+00   5.6728510e-01   0.0000000e+00
   1.7800000e+00   5.6490286e-01   0.0000000e+00
   1.8000000e+00   5.6255414e-01   0.0000000e+00
   1.8200000e+00   5.6090609e-01   0.0000000e+00
   1.8400000e+00   5.5901331e-01   0.0000000e+00
   1.8600000e+00   5.5687580e-01   0.0000000e+00
   1.8800000e+00   5.5473830e-01   0.0000000e+00
   1.9000000e+00   5.5277377e-01   0.0000000e+00
   1.9200000e+00   5.5098222e-01   0.0000000e+00
   1.9400000e+00   5.4960839e-01   0.0000000e+00
   1.9600000e+00   5.4833078e-01   0.0000000e+00
   1.9800000e+00   5.4714940e-01   0.0000000e+00
   2.0000000e+00   5.4554626e-01   0.0000000e+00
   2.0200000e+00   5.4420831e-01   0.0000000e+00
   2.0400000e+00   5.4313552e-01   0.0000000e+00
   2.0600000e+00   5.4206677e-01   0.0000000e+00
   2.0800000e+00   5.4084950e-01   0.0000000e+00
   2.1000000e+00   5.3948373e-01   0.0000000e+00
   2.1200000e+00   5.3806095e-01   0.0000000e+00
   2.1400000e+00   5.3681519e-01   0.0000000e+00
   2.1600000e+00   5.3574643e-01   0.0000000e+00
   2.1800000e+00   5.3467768e-01   0.0000000e+00
   2.2000000e+00   5.3312753e-01   0.0000000e+00
   2.2200000e+00   5.3109597e-01   0.0000000e+00
   2.2400000e+00   5.2968793e-01   0.0000000e+00
   2.2600000e+00   5.2832550e-01   0.0000000e+00
   2.2800000e+00   5.2700868e-01   0.0000000e+00
   2.3000000e+00   5.2540555e-01   0.0000000e+00
   2.3200000e+00   5.2380242e-01   0.0000000e+00
   2.3400000e+00   5.2219928e-01   0.0000000e+00
   2.3600000e+00   5.2059615e-01   0.0000000e+00
   2.3800000e+00   5.1899302e-01   0.0000000e+00
   2.4000000e+00   5.1738989e-01   0.0000000e+00
   2.4200000e+00   5.1610255e-01   0.0000000e+00
   2.4400000e+00   5.1492450e-01   0.0000000e+00
   2.4600000e+00   5.1385575e-01   0.0000000e+00
   2.4800000e+00   5.1270453e-01   0.0000000e+00
   2.5000000e+00   5.1132736e-01   0.0000000e+00
   2.5200000e+00   5.0972423e-01   0.0000000e+00
   2.5400000e+00   5.0812110e-01   0.0000000e+00
   2.5600000e+00   5.0651797e-01   0.0000000e+00
   2.5800000e+00   5.0491484e-01   0.0000000e+00
   2.6000000e+00   5.0304486e-01   0.0000000e+00
   2.6200000e+00   5.0104112e-01   0.0000000e+00
   2.6400000e+00   4.9890361e-01   0.0000000e+00
   2.6600000e+00   4.9676610e-01   0.0000000e+00
   2.6800000e+00   4.9462859e-01   0.0000000e+00
   2.7000000e+00   4.9249109e-01   0.0000000e+00
   2.7200000e+00   4.9125603e-01   0.0000000e+00
   2.7400000e+00   4.8993685e-01   0.0000000e+00
   2.7600000e+00   4.8853353e-01   0.0000000e+00
   2.7800000e+00   4.8714830e-01   0.0000000e+00
   2.8000000e+00   4.8592130e-01   0.0000000e+00
   2.8200000e+00   4.8485255e-01   0.0000000e+00
   2.8400000e+00   4.8378380e-01   0.0000000e+00
   2.8600000e+00   4.8323399e-01   0.0000000e+00
   2.8800000e+00   4.8320313e-01   0.0000000e+00
   2.9000000e+00   4.8239856e-01   0.0000000e+00
   2.9200000e+00   4.8146190e-01   0.0000000e+00
   2.9400000e+00   4.8039315e-01   0.0000000e+00
   2.9600000e+00   4.7949335e-01   0.0000000e+00
   2.9800000e+00   4.7875011e-01   0.0000000e+00
   3.0000000e+00   4.7816345e-01   0.0000000e+00
   3.0200000e+00   4.7709470e-01   0.0000000e+00
   3.0400000e+00   4.7602594e-01   0.0000000e+00
   3.0600000e+00   4.7495719e-01   0.0000000e+00
   3.0800000e+00   4.7530177e-01   0.0000000e+00
   2.1300000e+00   7.8387882e-01   1.0000000e+00
   2.1500000e+00   7.8186869e-01   1.0000000e+00
   2.1700000e+00   7.8032925e-01   1.0000000e+00
   2.1900000e+00   7.7926049e-01   1.0000000e+00
   2.2100000e+00   7.7771034e-01   1.0000000e+00
   2.2300000e+00   7.7576896e-01   1.0000000e+00
   2.2500000e+00   7.7343635e-01   1.0000000e+00
   2.2700000e+00   7.7101254e-01   1.0000000e+00
   2.2900000e+00   7.6873188e-01   1.0000000e+00
   2.3100000e+00   7.6659437e-01   1.0000000e+00
   2.3300000e+00   7.6447160e-01   1.0000000e+00
   2.3500000e+00   7.6260866e-01   1.0000000e+00
   2.3700000e+00   7.6100553e-01   1.0000000e+00
   2.3900000e+00   7.5896994e-01   1.0000000e+00
   2.4100000e+00   7.5704129e-01   1.0000000e+00
   2.4300000e+00   7.5521957e-01   1.0000000e+00
   2.4500000e+00   7.5341731e-01   1.0000000e+00
   2.4700000e+00   7.5148866e-01   1.0000000e+00
   2.4900000e+00   7.4943361e-01   1.0000000e+00
   2.5100000e+00   7.4783048e-01   1.0000000e+00
   2.5300000e+00   7.4597726e-01   1.0000000e+00
   2.5500000e+00   7.4387396e-01   1.0000000e+00
   2.5700000e+00   7.4211996e-01   1.0000000e+00
   2.5900000e+00   7.4057482e-01   1.0000000e+00
   2.6100000e+00   7.3923853e-01   1.0000000e+00
   2.6300000e+00   7.3786942e-01   1.0000000e+00
   2.6500000e+00   7.3613286e-01   1.0000000e+00
   2.6700000e+00   7.3402887e-01   1.0000000e+00
   2.6900000e+00   7.3242574e-01   1.0000000e+00
   2.7100000e+00   7.3104822e-01   1.0000000e+00
   2.7300000e+00   7.2989632e-01   1.0000000e+00
   2.7500000e+00   7.2882756e-01   1.0000000e+00
   2.7700000e+00   7.2764986e-01   1.0000000e+00
   2.7900000e+00   7.2636321e-01   1.0000000e+00
   2.8100000e+00   7.2476008e-01   1.0000000e+00
   2.8300000e+00   7.2315695e-01   1.0000000e+00
   2.8500000e+00   7.2155382e-01   1.0000000e+00
   2.8700000e+00   7.1943174e-01   1.0000000e+00
   2.8900000e+00   7.1750309e-01   1.0000000e+00
   2.9100000e+00   7.1576786e-01   1.0000000e+00
   2.9300000e+00   7.1387911e-01   1.0000000e+00
   2.9500000e+00   7.1186598e-01   1.0000000e+00
   2.9700000e+00   7.0972848e-01   1.0000000e+00
   2.9900000e+00   7.0764326e-01   1.0000000e+00
   3.0100000e+00   7.0579908e-01   1.0000000e+00
   3.0300000e+00   7.0419595e-01   1.0000000e+00
   3.0500000e+00   7.0306282e-01   1.0000000e+00
   3.0700000e+00   7.0178521e-01   1.0000000e+00
   3.0900000e+00   7.0036312e-01   1.0000000e+00
   3.1100000e+00   6.9899666e-01   1.0000000e+00
   3.1300000e+00   6.9783905e-01   1.0000000e+00
   3.1500000e+00   6.9689030e-01   1.0000000e+00
   3.1700000e+00   6.9635593e-01   1.0000000e+00
   3.1900000e+00   6.9582155e-01   1.0000000e+00
   3.2100000e+00   6.9528717e-01   1.0000000e+00
   3.2300000e+00   6.9348964e-01   1.0000000e+00
   3.2500000e+00   6.9167431e-01   1.0000000e+00
   3.2700000e+00   6.8984119e-01   1.0000000e+00
   3.2900000e+00   6.8786261e-01   1.0000000e+00
   3.3100000e+00   6.8553738e-01   1.0000000e+00
   3.3300000e+00   6.8286549e-01   1.0000000e+00
   3.3500000e+00   6.8019361e-01   1.0000000e+00
   3.3700000e+00   6.7776611e-01   1.0000000e+00
   3.3900000e+00   6.7558299e-01   1.0000000e+00
   3.4100000e+00   6.7344549e-01   1.0000000e+00
   3.4300000e+00   6.7156342e-01   1.0000000e+00
   3.4500000e+00   6.6993680e-01   1.0000000e+00
   3.4700000e+00   6.6886804e-01   1.0000000e+00
   3.4900000e+00   6.6779929e-01   1.0000000e+00
   3.5100000e+00   6.6673053e-01   1.0000000e+00
   3.5300000e+00   6.6566178e-01   1.0000000e+00
   3.5500000e+00   6.6503285e-01   1.0000000e+00
   3.5700000e+00   6.6484375e-01   1.0000000e+00
   3.5900000e+00   6.6419743e-01   1.0000000e+00
   3.6100000e+00   6.6323664e-01   1.0000000e+00
   3.6300000e+00   6.6196139e-01   1.0000000e+00
   3.6500000e+00   6.6026843e-01   1.0000000e+00
   3.6700000e+00   6.5835319e-01   1.0000000e+00
   3.6900000e+00   6.5621568e-01   1.0000000e+00
   3.7100000e+00   6.5357063e-01   1.0000000e+00
   3.7300000e+00   6.5071672e-01   1.0000000e+00
   3.7500000e+00   6.4765396e-01   1.0000000e+00
   3.7700000e+00   6.4499613e-01   1.0000000e+00
   3.7900000e+00   6.4283478e-01   1.0000000e+00
