   6.1000000e-01   9.6769656e-01   0.0000000e+00
   6.3000000e-01   9.5195225e-01   0.0000000e+00
   6.5000000e-01   9.3127047e-01   0.0000000e+00
   6.7000000e-01   9.0810454e-01   0.0000000e+00
   6.9000000e-01   8.8245444e-01   0.0000000e+00
   7.1000000e-01   8.5725960e-01   0.0000000e+00
   7.3000000e-01   8.3278150e-01   0.0000000e+00
   7.5000000e-01   8.0902015e-01   0.0000000e+00
   7.7000000e-01   7.9048050e-01   0.0000000e+00
   7.9000000e-01   7.7464428e-01   0.0000000e+00
   8.1000000e-01   7.6151150e-01   0.0000000e+00
   8.3000000e-01   7.4494582e-01   0.0000000e+00
   8.5000000e-01   7.2968757e-01   0.0000000e+00
   8.7000000e-01   7.1573676e-01   0.0000000e+00
   8.9000000e-01   7.0346820e-01   0.0000000e+00
   9.1000000e-01   6.9275918e-01   0.0000000e+00
   9.3000000e-01   6.8360970e-01   0.0000000e+00
   9.5000000e-01   6.7700877e-01   0.0000000e+00
   9.7000000e-01   6.7079738e-01   0.0000000e+00
   9.9000000e-01   6.6497555e-01   0.0000000e+00
   1.0100000e+00   6.5963178e-01   0.0000000e+00
   1.0300000e+00   6.5428801e-01   0.0000000e+00
   1.0500000e+00   6.4894424e-01   0.0000000e+00
   1.0700000e+00   6.4431520e-01   0.0000000e+00
   1.0900000e+00   6.3986317e-01   0.0000000e+00
   1.1100000e+00   6.3558816e-01   0.0000000e+00
   1.1300000e+00   6.3131314e-01   0.0000000e+00
   1.1500000e+00   6.2703812e-01   0.0000000e+00
   1.1700000e+00   6.2276311e-01   0.0000000e+00
   1.1900000e+00   6.1848809e-01   0.0000000e+00
   1.2100000e+00   6.1442562e-01   0.0000000e+00
   1.2300000e+00   6.1057569e-01   0.0000000e+00
   1.2500000e+00   6.0745188e-01   0.0000000e+00
   1.2700000e+00   6.0455404e-01   0.0000000e+00
   1.2900000e+00   6.0188215e-01   0.0000000e+00
   1.3100000e+00   5.9921027e-01   0.0000000e+00
   1.3300000e+00   5.9653838e-01   0.0000000e+00
   1.3500000e+00   5.9386650e-01   0.0000000e+00
   1.3700000e+00   5.9119461e-01   0.0000000e+00
   1.3900000e+00   5.8852273e-01   0.0000000e+00
   1.4100000e+00   5.8585084e-01   0.0000000e+00
   1.4300000e+00   5.8317896e-01   0.0000000e+00
   1.4500000e+00   5.8057848e-01   0.0000000e+00
   1.4700000e+00   5.7804940e-01   0.0000000e+00
   1.4900000e+00   5.7591189e-01   0.0000000e+00
   1.5100000e+00   5.7377438e-01   0.0000000e+00
   1.5300000e+00   5.7163688e-01   0.0000000e+00
   1.5500000e+00   5.6949937e-01   0.0000000e+00
   1.5700000e+00   5.6719826e-01   0.0000000e+00
   1.5900000e+00   5.6473357e-01   0.0000000e+00
   1.6100000e+00   5.6227221e-01   0.0000000e+00
   1.6300000e+00   5.5992584e-01   0.0000000e+00
   1.6500000e+00   5.5769447e-01   0.0000000e+00
   1.6700000e+00   5.5502259e-01   0.0000000e+00
   1.6900000e+00   5.5209491e-01   0.0000000e+00
   1.7100000e+00   5.4891145e-01   0.0000000e+00
   1.7300000e+00   5.4610010e-01   0.0000000e+00
   1.7500000e+00   5.4335848e-01   0.0000000e+00
   1.7700000e+00   5.4068660e-01   0.0000000e+00
   1.7900000e+00   5.3801471e-01   0.0000000e+00
   1.8100000e+00   5.3536529e-01   0.0000000e+00
   1.8300000e+00   5.3273832e-01   0.0000000e+00
   1.8500000e+00   5.3060081e-01   0.0000000e+00
   1.8700000e+00   5.2846330e-01   0.0000000e+00
   1.8900000e+00   5.2632579e-01   0.0000000e+00
   1.9100000e+00   5.2418828e-01   0.0000000e+00
   1.9300000e+00   5.2216543e-01   0.0000000e+00
   1.9500000e+00   5.2025722e-01   0.0000000e+00
   1.9700000e+00   5.1876672e-01   0.0000000e+00
   1.9900000e+00   5.1748709e-01   0.0000000e+00
   2.0100000e+00   5.1641834e-01   0.0000000e+00
   2.0300000e+00   5.1481924e-01   0.0000000e+00
   2.0500000e+00   5.1342496e-01   0.0000000e+00
   2.0700000e+00   5.1223552e-01   0.0000000e+00
   2.0900000e+00   5.1116676e-01   0.0000000e+00
   2.1100000e+00   5.1009801e-01   0.0000000e+00
   2.1300000e+00   5.0902925e-01   0.0000000e+00
   2.1500000e+00   5.0789681e-01   0.0000000e+00
   2.1700000e+00   5.0652902e-01   0.0000000e+00
   2.1900000e+00   5.0492589e-01   0.0000000e+00
   2.2100000e+00   5.0380416e-01   0.0000000e+00
   2.2300000e+00   5.0270892e-01   0.0000000e+00
   2.2500000e+00   5.0164017e-01   0.0000000e+00
   2.2700000e+00   5.0032334e-01   0.0000000e+00
   2.2900000e+00   4.9886336e-01   0.0000000e+00
   2.3100000e+00   4.9726023e-01   0.0000000e+00
   2.3300000e+00   4.9567184e-01   0.0000000e+00
   2.3500000e+00   4.9434327e-01   0.0000000e+00
   2.3700000e+00   4.9327452e-01   0.0000000e+00
   2.3900000e+00   4.9220576e-01   0.0000000e+00
   2.4100000e+00   4.9082122e-01   0.0000000e+00
   2.4300000e+00   4.8912088e-01   0.0000000e+00
   2.4500000e+00   4.8758075e-01   0.0000000e+00
   2.4700000e+00   4.8650227e-01   0.0000000e+00
   2.4900000e+00   4.8588543e-01   0.0000000e+00
   2.5100000e+00   4.8481668e-01   0.0000000e+00
   2.5300000e+00   4.8374792e-01   0.0000000e+00
   2.5500000e+00   4.8267917e-01   0.0000000e+00
   2.5700000e+00   4.8161041e-01   0.0000000e+00
   2.5900000e+00   4.8067508e-01   0.0000000e+00
   2.6100000e+00   4.7987317e-01   0.0000000e+00
   2.6300000e+00   4.7888826e-01   0.0000000e+00
   2.6500000e+00   4.7736056e-01   0.0000000e+00
   2.6700000e+00   4.7529008e-01   0.0000000e+00
   2.6900000e+00   4.7422133e-01   0.0000000e+00
   2.7100000e+00   4.7315257e-01   0.0000000e+00
   2.7300000e+00   4.7208382e-01   0.0000000e+00
   2.7500000e+00   4.7101506e-01   0.0000000e+00
   2.7700000e+00   4.6983736e-01   0.0000000e+00
   2.7900000e+00   4.6855071e-01   0.0000000e+00
   2.8100000e+00   4.6694758e-01   0.0000000e+00
   2.8300000e+00   4.6534445e-01   0.0000000e+00
   2.8500000e+00   4.6374132e-01   0.0000000e+00
   2.8700000e+00   4.6265713e-01   0.0000000e+00
   2.8900000e+00   4.6158066e-01   0.0000000e+00
   2.9100000e+00   4.6051191e-01   0.0000000e+00
   2.9300000e+00   4.5887192e-01   0.0000000e+00
   2.9500000e+00   4.5715212e-01   0.0000000e+00
   2.9700000e+00   4.5535252e-01   0.0000000e+00
   2.9900000e+00   4.5428377e-01   0.0000000e+00
   3.0100000e+00   4.5321501e-01   0.0000000e+00
   3.0300000e+00   4.5214626e-01   0.0000000e+00
   3.0500000e+00   4.5060750e-01   0.0000000e+00
   3.0700000e+00   4.4921323e-01   0.0000000e+00
   3.0900000e+00   4.4796343e-01   0.0000000e+00
   3.1100000e+00   4.4713135e-01   0.0000000e+00
   3.1300000e+00   4.4638812e-01   0.0000000e+00
   3.1500000e+00   4.4573373e-01   0.0000000e+00
   3.1700000e+00   4.4467166e-01   0.0000000e+00
   3.1900000e+00   4.4414063e-01   0.0000000e+00
   3.2100000e+00   4.4414063e-01   0.0000000e+00
   3.2300000e+00   4.4498273e-01   0.0000000e+00
   2.0100000e+00   7.7230794e-01   1.0000000e+00
   2.0300000e+00   7.6644591e-01   1.0000000e+00
   2.0500000e+00   7.6161003e-01   1.0000000e+00
   2.0700000e+00   7.5780030e-01   1.0000000e+00
   2.0900000e+00   7.5459403e-01   1.0000000e+00
   2.1100000e+00   7.5165830e-01   1.0000000e+00
   2.1300000e+00   7.4899310e-01   1.0000000e+00
   2.1500000e+00   7.4738997e-01   1.0000000e+00
   2.1700000e+00   7.4578684e-01   1.0000000e+00
   2.1900000e+00   7.4418371e-01   1.0000000e+00
   2.2100000e+00   7.4306198e-01   1.0000000e+00
   2.2300000e+00   7.4178437e-01   1.0000000e+00
   2.2500000e+00   7.4035087e-01   1.0000000e+00
   2.2700000e+00   7.3899582e-01   1.0000000e+00
   2.2900000e+00   7.3778391e-01   1.0000000e+00
   2.3100000e+00   7.3671515e-01   1.0000000e+00
   2.3300000e+00   7.3563166e-01   1.0000000e+00
   2.3500000e+00   7.3428834e-01   1.0000000e+00
   2.3700000e+00   7.3268521e-01   1.0000000e+00
   2.3900000e+00   7.3151454e-01   1.0000000e+00
   2.4100000e+00   7.3007903e-01   1.0000000e+00
   2.4300000e+00   7.2837870e-01   1.0000000e+00
   2.4500000e+00   7.2644031e-01   1.0000000e+00
   2.4700000e+00   7.2462833e-01   1.0000000e+00
   2.4900000e+00   7.2294273e-01   1.0000000e+00
   2.5100000e+00   7.2080523e-01   1.0000000e+00
   2.5300000e+00   7.1941798e-01   1.0000000e+00
   2.5500000e+00   7.1878099e-01   1.0000000e+00
   2.5700000e+00   7.1786310e-01   1.0000000e+00
   2.5900000e+00   7.1686978e-01   1.0000000e+00
   2.6100000e+00   7.1580103e-01   1.0000000e+00
   2.6300000e+00   7.1473228e-01   1.0000000e+00
   2.6500000e+00   7.1368028e-01   1.0000000e+00
   2.6700000e+00   7.1264504e-01   1.0000000e+00
   2.6900000e+00   7.1211066e-01   1.0000000e+00
   2.7100000e+00   7.1135067e-01   1.0000000e+00
   2.7300000e+00   7.1036507e-01   1.0000000e+00
   2.7500000e+00   7.0929631e-01   1.0000000e+00
   2.7700000e+00   7.0800966e-01   1.0000000e+00
   2.7900000e+00   7.0650511e-01   1.0000000e+00
   2.8100000e+00   7.0436760e-01   1.0000000e+00
   2.8300000e+00   7.0223010e-01   1.0000000e+00
   2.8500000e+00   7.0009259e-01   1.0000000e+00
   2.8700000e+00   6.9795508e-01   1.0000000e+00
   2.8900000e+00   6.9581757e-01   1.0000000e+00
   2.9100000e+00   6.9368006e-01   1.0000000e+00
   2.9300000e+00   6.9182817e-01   1.0000000e+00
   2.9500000e+00   6.9010066e-01   1.0000000e+00
   2.9700000e+00   6.8849753e-01   1.0000000e+00
   2.9900000e+00   6.8694668e-01   1.0000000e+00
   3.0100000e+00   6.8563689e-01   1.0000000e+00
   3.0300000e+00   6.8456813e-01   1.0000000e+00
   3.0500000e+00   6.8255938e-01   1.0000000e+00
   3.0700000e+00   6.8066292e-01   1.0000000e+00
   3.0900000e+00   6.7887874e-01   1.0000000e+00
   3.1100000e+00   6.7680227e-01   1.0000000e+00
   3.1300000e+00   6.7448810e-01   1.0000000e+00
   3.1500000e+00   6.7193622e-01   1.0000000e+00
   3.1700000e+00   6.6979537e-01   1.0000000e+00
   3.1900000e+00   6.6738900e-01   1.0000000e+00
   3.2100000e+00   6.6471711e-01   1.0000000e+00
   3.2300000e+00   6.6162418e-01   1.0000000e+00
   3.2500000e+00   6.5877896e-01   1.0000000e+00
   3.2700000e+00   6.5618148e-01   1.0000000e+00
   3.2900000e+00   6.5441942e-01   1.0000000e+00
   3.3100000e+00   6.5300401e-01   1.0000000e+00
   3.3300000e+00   6.5193526e-01   1.0000000e+00
   3.3500000e+00   6.5086650e-01   1.0000000e+00
   3.3700000e+00   6.5004214e-01   1.0000000e+00
   3.3900000e+00   6.4946215e-01   1.0000000e+00
   3.4100000e+00   6.4855567e-01   1.0000000e+00
   3.4300000e+00   6.4769577e-01   1.0000000e+00
   3.4500000e+00   6.4688246e-01   1.0000000e+00
   3.4700000e+00   6.4648686e-01   1.0000000e+00
   3.4900000e+00   6.4625589e-01   1.0000000e+00
   3.5100000e+00   6.4618955e-01   1.0000000e+00
   3.5300000e+00   6.4458642e-01   1.0000000e+00
   3.5500000e+00   6.4276338e-01   1.0000000e+00
   3.5700000e+00   6.4072042e-01   1.0000000e+00
   3.5900000e+00   6.3858291e-01   1.0000000e+00
   3.6100000e+00   6.3654865e-01   1.0000000e+00
   3.6300000e+00   6.3461764e-01   1.0000000e+00
   3.6500000e+00   6.3301451e-01   1.0000000e+00
   3.6700000e+00   6.3141138e-01   1.0000000e+00
   3.6900000e+00   6.2980825e-01   1.0000000e+00
   3.7100000e+00   6.2820512e-01   1.0000000e+00
   3.7300000e+00   6.2679742e-01   1.0000000e+00
   3.7500000e+00   6.2558517e-01   1.0000000e+00
   3.7700000e+00   6.2451642e-01   1.0000000e+00
