   6.0000000e-01   9.7068591e-01   0.0000000e+00
   6.2000000e-01   9.5339950e-01   0.0000000e+00
   6.4000000e-01   9.3149948e-01   0.0000000e+00
   6.6000000e-01   9.0498585e-01   0.0000000e+00
   6.8000000e-01   8.6704508e-01   0.0000000e+00
   7.0000000e-01   8.3729894e-01   0.0000000e+00
   7.2000000e-01   8.1574743e-01   0.0000000e+00
   7.4000000e-01   7.9772142e-01   0.0000000e+00
   7.6000000e-01   7.8100083e-01   0.0000000e+00
   7.8000000e-01   7.6558567e-01   0.0000000e+00
   8.0000000e-01   7.5297921e-01   0.0000000e+00
   8.2000000e-01   7.3972908e-01   0.0000000e+00
   8.4000000e-01   7.2583527e-01   0.0000000e+00
   8.6000000e-01   7.1560230e-01   0.0000000e+00
   8.8000000e-01   7.0540923e-01   0.0000000e+00
   9.0000000e-01   6.9525607e-01   0.0000000e+00
   9.2000000e-01   6.8597185e-01   0.0000000e+00
   9.4000000e-01   6.7731419e-01   0.0000000e+00
   9.6000000e-01   6.6928310e-01   0.0000000e+00
   9.8000000e-01   6.6227988e-01   0.0000000e+00
   1.0000000e+00   6.5503764e-01   0.0000000e+00
   1.0200000e+00   6.4755636e-01   0.0000000e+00
   1.0400000e+00   6.4054911e-01   0.0000000e+00
   1.0600000e+00   6.3410808e-01   0.0000000e+00
   1.0800000e+00   6.2823327e-01   0.0000000e+00
   1.1000000e+00   6.2288950e-01   0.0000000e+00
   1.1200000e+00   6.1760775e-01   0.0000000e+00
   1.1400000e+00   6.1238802e-01   0.0000000e+00
   1.1600000e+00   6.0758599e-01   0.0000000e+00
   1.1800000e+00   6.0304747e-01   0.0000000e+00
   1.2000000e+00   5.9877246e-01   0.0000000e+00
   1.2200000e+00   5.9492253e-01   0.0000000e+00
   1.2400000e+00   5.9112724e-01   0.0000000e+00
   1.2600000e+00   5.8738660e-01   0.0000000e+00
   1.2800000e+00   5.8383772e-01   0.0000000e+00
   1.3000000e+00   5.8046014e-01   0.0000000e+00
   1.3200000e+00   5.7725388e-01   0.0000000e+00
   1.3400000e+00   5.7404762e-01   0.0000000e+00
   1.3600000e+00   5.7108776e-01   0.0000000e+00
   1.3800000e+00   5.6837430e-01   0.0000000e+00
   1.4000000e+00   5.6645469e-01   0.0000000e+00
   1.4200000e+00   5.6456358e-01   0.0000000e+00
   1.4400000e+00   5.6270097e-01   0.0000000e+00
   1.4600000e+00   5.6070628e-01   0.0000000e+00
   1.4800000e+00   5.5889429e-01   0.0000000e+00
   1.5000000e+00   5.5726501e-01   0.0000000e+00
   1.5200000e+00   5.5512750e-01   0.0000000e+00
   1.5400000e+00   5.5343385e-01   0.0000000e+00
   1.5600000e+00   5.5218406e-01   0.0000000e+00
   1.5800000e+00   5.5111530e-01   0.0000000e+00
   1.6000000e+00   5.4983602e-01   0.0000000e+00
   1.6200000e+00   5.4834622e-01   0.0000000e+00
   1.6400000e+00   5.4630257e-01   0.0000000e+00
   1.6600000e+00   5.4447918e-01   0.0000000e+00
   1.6800000e+00   5.4287605e-01   0.0000000e+00
   1.7000000e+00   5.4076134e-01   0.0000000e+00
   1.7200000e+00   5.3903015e-01   0.0000000e+00
   1.7400000e+00   5.3768246e-01   0.0000000e+00
   1.7600000e+00   5.3577897e-01   0.0000000e+00
   1.7800000e+00   5.3365286e-01   0.0000000e+00
   1.8000000e+00   5.3130414e-01   0.0000000e+00
   1.8200000e+00   5.2965609e-01   0.0000000e+00
   1.8400000e+00   5.2776331e-01   0.0000000e+00
   1.8600000e+00   5.2562580e-01   0.0000000e+00
   1.8800000e+00   5.2302567e-01   0.0000000e+00
   1.9000000e+00   5.2073562e-01   0.0000000e+00
   1.9200000e+00   5.1875566e-01   0.0000000e+00
   1.9400000e+00   5.1692323e-01   0.0000000e+00
   1.9600000e+00   5.1493826e-01   0.0000000e+00
   1.9800000e+00   5.1280076e-01   0.0000000e+00
   2.0000000e+00   5.1066325e-01   0.0000000e+00
   2.0200000e+00   5.0879091e-01   0.0000000e+00
   2.0400000e+00   5.0718375e-01   0.0000000e+00
   2.0600000e+00   5.0558062e-01   0.0000000e+00
   2.0800000e+00   5.0397749e-01   0.0000000e+00
   2.1000000e+00   5.0237436e-01   0.0000000e+00
   2.1200000e+00   5.0095158e-01   0.0000000e+00
   2.1400000e+00   4.9967397e-01   0.0000000e+00
   2.1600000e+00   4.9854153e-01   0.0000000e+00
   2.1800000e+00   4.9693840e-01   0.0000000e+00
   2.2000000e+00   4.9557597e-01   0.0000000e+00
   2.2200000e+00   4.9445423e-01   0.0000000e+00
   2.2400000e+00   4.9302074e-01   0.0000000e+00
   2.2600000e+00   4.9162647e-01   0.0000000e+00
   2.2800000e+00   4.9027141e-01   0.0000000e+00
   2.3000000e+00   4.8920266e-01   0.0000000e+00
   2.3200000e+00   4.8813390e-01   0.0000000e+00
   2.3400000e+00   4.8706515e-01   0.0000000e+00
   2.3600000e+00   4.8599639e-01   0.0000000e+00
   2.3800000e+00   4.8471141e-01   0.0000000e+00
   2.4000000e+00   4.8321020e-01   0.0000000e+00
   2.4200000e+00   4.8192286e-01   0.0000000e+00
   2.4400000e+00   4.8074481e-01   0.0000000e+00
   2.4600000e+00   4.7967606e-01   0.0000000e+00
   2.4800000e+00   4.7852485e-01   0.0000000e+00
   2.5000000e+00   4.7714767e-01   0.0000000e+00
   2.5200000e+00   4.7554454e-01   0.0000000e+00
   2.5400000e+00   4.7444158e-01   0.0000000e+00
   2.5600000e+00   4.7316397e-01   0.0000000e+00
   2.5800000e+00   4.7171171e-01   0.0000000e+00
   2.6000000e+00   4.7010858e-01   0.0000000e+00
   2.6200000e+00   4.6850545e-01   0.0000000e+00
   2.6400000e+00   4.6690232e-01   0.0000000e+00
   2.6600000e+00   4.6529919e-01   0.0000000e+00
   2.6800000e+00   4.6369606e-01   0.0000000e+00
   2.7000000e+00   4.6209292e-01   0.0000000e+00
   2.7200000e+00   4.6094102e-01   0.0000000e+00
   2.7400000e+00   4.5949613e-01   0.0000000e+00
   2.7600000e+00   4.5775825e-01   0.0000000e+00
   2.7800000e+00   4.5627444e-01   0.0000000e+00
   2.8000000e+00   4.5516411e-01   0.0000000e+00
   2.8200000e+00   4.5442726e-01   0.0000000e+00
   2.8400000e+00   4.5282413e-01   0.0000000e+00
   2.8600000e+00   4.5173995e-01   0.0000000e+00
   2.8800000e+00   4.5117471e-01   0.0000000e+00
   2.9000000e+00   4.4983577e-01   0.0000000e+00
   2.9200000e+00   4.4850754e-01   0.0000000e+00
   2.9400000e+00   4.4719003e-01   0.0000000e+00
   2.9600000e+00   4.4612127e-01   0.0000000e+00
   2.9800000e+00   4.4505252e-01   0.0000000e+00
   3.0000000e+00   4.4398376e-01   0.0000000e+00
   3.0200000e+00   4.4291501e-01   0.0000000e+00
   3.0400000e+00   4.4184625e-01   0.0000000e+00
   3.0600000e+00   4.4077750e-01   0.0000000e+00
   3.0800000e+00   4.3935541e-01   0.0000000e+00
   3.1000000e+00   4.3796114e-01   0.0000000e+00
   3.1200000e+00   4.3659468e-01   0.0000000e+00
   3.1400000e+00   4.3552592e-01   0.0000000e+00
   3.1600000e+00   4.3445717e-01   0.0000000e+00
   3.1800000e+00   4.3338841e-01   0.0000000e+00
   3.2000000e+00   4.3231966e-01   0.0000000e+00
   3.2200000e+00   4.3146143e-01   0.0000000e+00
   3.2400000e+00   4.3081373e-01   0.0000000e+00
   3.2600000e+00   4.3027936e-01   0.0000000e+00
   3.2800000e+00   4.3002656e-01   0.0000000e+00
   3.3000000e+00   4.3005536e-01   0.0000000e+00
   2.2500000e+00   7.6281181e-01   1.0000000e+00
   2.2700000e+00   7.6096061e-01   1.0000000e+00
   2.2900000e+00   7.5890055e-01   1.0000000e+00
   2.3100000e+00   7.5663163e-01   1.0000000e+00
   2.3300000e+00   7.5393026e-01   1.0000000e+00
   2.3500000e+00   7.5070926e-01   1.0000000e+00
   2.3700000e+00   7.4696862e-01   1.0000000e+00
   2.3900000e+00   7.4452535e-01   1.0000000e+00
   2.4100000e+00   7.4223495e-01   1.0000000e+00
   2.4300000e+00   7.4009745e-01   1.0000000e+00
   2.4500000e+00   7.3835819e-01   1.0000000e+00
   2.4700000e+00   7.3691295e-01   1.0000000e+00
   2.4900000e+00   7.3576174e-01   1.0000000e+00
   2.5100000e+00   7.3415861e-01   1.0000000e+00
   2.5300000e+00   7.3230539e-01   1.0000000e+00
   2.5500000e+00   7.3020209e-01   1.0000000e+00
   2.5700000e+00   7.2883159e-01   1.0000000e+00
   2.5900000e+00   7.2761197e-01   1.0000000e+00
   2.6100000e+00   7.2654322e-01   1.0000000e+00
   2.6300000e+00   7.2532428e-01   1.0000000e+00
   2.6500000e+00   7.2391325e-01   1.0000000e+00
   2.6700000e+00   7.2231012e-01   1.0000000e+00
   2.6900000e+00   7.2070699e-01   1.0000000e+00
   2.7100000e+00   7.1978070e-01   1.0000000e+00
   2.7300000e+00   7.1953125e-01   1.0000000e+00
