   6.0000000e-01   9.5522485e-01   0.0000000e+00
   6.2000000e-01   9.3794915e-01   0.0000000e+00
   6.4000000e-01   9.1787851e-01   0.0000000e+00
   6.6000000e-01   8.9501293e-01   0.0000000e+00
   6.8000000e-01   8.7363785e-01   0.0000000e+00
   7.0000000e-01   8.5249040e-01   0.0000000e+00
   7.2000000e-01   8.3157057e-01   0.0000000e+00
   7.4000000e-01   8.1276143e-01   0.0000000e+00
   7.6000000e-01   7.9587120e-01   0.0000000e+00
   7.8000000e-01   7.8089989e-01   0.0000000e+00
   8.0000000e-01   7.6936219e-01   0.0000000e+00
   8.2000000e-01   7.5718081e-01   0.0000000e+00
   8.4000000e-01   7.4435576e-01   0.0000000e+00
   8.6000000e-01   7.3519154e-01   0.0000000e+00
   8.8000000e-01   7.2687985e-01   0.0000000e+00
   9.0000000e-01   7.1942068e-01   0.0000000e+00
   9.2000000e-01   7.1305307e-01   0.0000000e+00
   9.4000000e-01   7.0710318e-01   0.0000000e+00
   9.6000000e-01   7.0157099e-01   0.0000000e+00
   9.8000000e-01   6.9676160e-01   0.0000000e+00
   1.0000000e+00   6.9195221e-01   0.0000000e+00
   1.0200000e+00   6.8714281e-01   0.0000000e+00
   1.0400000e+00   6.8328148e-01   0.0000000e+00
   1.0600000e+00   6.7930181e-01   0.0000000e+00
   1.0800000e+00   6.7520381e-01   0.0000000e+00
   1.1000000e+00   6.7092879e-01   0.0000000e+00
   1.1200000e+00   6.6665377e-01   0.0000000e+00
   1.1400000e+00   6.6237876e-01   0.0000000e+00
   1.1600000e+00   6.5811111e-01   0.0000000e+00
   1.1800000e+00   6.5410697e-01   0.0000000e+00
   1.2000000e+00   6.5036633e-01   0.0000000e+00
   1.2200000e+00   6.4620061e-01   0.0000000e+00
   1.2400000e+00   6.4228866e-01   0.0000000e+00
   1.2600000e+00   6.3863048e-01   0.0000000e+00
   1.2800000e+00   6.3504071e-01   0.0000000e+00
   1.3000000e+00   6.3114586e-01   0.0000000e+00
   1.3200000e+00   6.2694593e-01   0.0000000e+00
   1.3400000e+00   6.2320529e-01   0.0000000e+00
   1.3600000e+00   6.1921825e-01   0.0000000e+00
   1.3800000e+00   6.1498481e-01   0.0000000e+00
   1.4000000e+00   6.1070980e-01   0.0000000e+00
   1.4200000e+00   6.0656452e-01   0.0000000e+00
   1.4400000e+00   6.0254897e-01   0.0000000e+00
   1.4600000e+00   5.9852272e-01   0.0000000e+00
   1.4800000e+00   5.9411796e-01   0.0000000e+00
   1.5000000e+00   5.8933471e-01   0.0000000e+00
   1.5200000e+00   5.8505970e-01   0.0000000e+00
   1.5400000e+00   5.8100661e-01   0.0000000e+00
   1.5600000e+00   5.7717545e-01   0.0000000e+00
   1.5800000e+00   5.7310762e-01   0.0000000e+00
   1.6000000e+00   5.6904146e-01   0.0000000e+00
   1.6200000e+00   5.6497697e-01   0.0000000e+00
   1.6400000e+00   5.6133019e-01   0.0000000e+00
   1.6600000e+00   5.5790367e-01   0.0000000e+00
   1.6800000e+00   5.5469741e-01   0.0000000e+00
   1.7000000e+00   5.5097957e-01   0.0000000e+00
   1.7200000e+00   5.4764525e-01   0.0000000e+00
   1.7400000e+00   5.4469443e-01   0.0000000e+00
   1.7600000e+00   5.4174430e-01   0.0000000e+00
   1.7800000e+00   5.3882768e-01   0.0000000e+00
   1.8000000e+00   5.3594458e-01   0.0000000e+00
   1.8200000e+00   5.3376215e-01   0.0000000e+00
   1.8400000e+00   5.3133500e-01   0.0000000e+00
   1.8600000e+00   5.2866311e-01   0.0000000e+00
   1.8800000e+00   5.2599123e-01   0.0000000e+00
   1.9000000e+00   5.2331934e-01   0.0000000e+00
   1.9200000e+00   5.2064746e-01   0.0000000e+00
   1.9400000e+00   5.1820487e-01   0.0000000e+00
   1.9600000e+00   5.1585851e-01   0.0000000e+00
   1.9800000e+00   5.1360837e-01   0.0000000e+00
   2.0000000e+00   5.1093648e-01   0.0000000e+00
   2.0200000e+00   5.0826460e-01   0.0000000e+00
   2.0400000e+00   5.0559271e-01   0.0000000e+00
   2.0600000e+00   5.0333451e-01   0.0000000e+00
   2.0800000e+00   5.0113665e-01   0.0000000e+00
   2.1000000e+00   4.9899914e-01   0.0000000e+00
   2.1200000e+00   4.9668128e-01   0.0000000e+00
   2.1400000e+00   4.9425010e-01   0.0000000e+00
   2.1600000e+00   4.9170559e-01   0.0000000e+00
   2.1800000e+00   4.9010246e-01   0.0000000e+00
   2.2000000e+00   4.8801793e-01   0.0000000e+00
   2.2200000e+00   4.8545199e-01   0.0000000e+00
   2.2400000e+00   4.8314484e-01   0.0000000e+00
   2.2600000e+00   4.8104655e-01   0.0000000e+00
   2.2800000e+00   4.7915711e-01   0.0000000e+00
   2.3000000e+00   4.7755398e-01   0.0000000e+00
   2.3200000e+00   4.7595085e-01   0.0000000e+00
   2.3400000e+00   4.7434772e-01   0.0000000e+00
   2.3600000e+00   4.7274459e-01   0.0000000e+00
   2.3800000e+00   4.7092523e-01   0.0000000e+00
   2.4000000e+00   4.6888965e-01   0.0000000e+00
   2.4200000e+00   4.6706793e-01   0.0000000e+00
   2.4400000e+00   4.6535550e-01   0.0000000e+00
   2.4600000e+00   4.6375237e-01   0.0000000e+00
   2.4800000e+00   4.6214924e-01   0.0000000e+00
   2.5000000e+00   4.6054611e-01   0.0000000e+00
   2.5200000e+00   4.5894298e-01   0.0000000e+00
   2.5400000e+00   4.5733985e-01   0.0000000e+00
   2.5600000e+00   4.5592847e-01   0.0000000e+00
   2.5800000e+00   4.5470885e-01   0.0000000e+00
   2.6000000e+00   4.5364010e-01   0.0000000e+00
   2.6200000e+00   4.5249625e-01   0.0000000e+00
   2.6400000e+00   4.5127732e-01   0.0000000e+00
   2.6600000e+00   4.4970770e-01   0.0000000e+00
   2.6800000e+00   4.4838852e-01   0.0000000e+00
   2.7000000e+00   4.4731976e-01   0.0000000e+00
   2.7200000e+00   4.4625101e-01   0.0000000e+00
   2.7400000e+00   4.4518225e-01   0.0000000e+00
   2.7600000e+00   4.4411350e-01   0.0000000e+00
   2.7800000e+00   4.4282685e-01   0.0000000e+00
   2.8000000e+00   4.4143257e-01   0.0000000e+00
   2.8200000e+00   4.3993067e-01   0.0000000e+00
   2.8400000e+00   4.3886192e-01   0.0000000e+00
   2.8600000e+00   4.3753369e-01   0.0000000e+00
   2.8800000e+00   4.3594599e-01   0.0000000e+00
   2.9000000e+00   4.3434286e-01   0.0000000e+00
   2.9200000e+00   4.3288254e-01   0.0000000e+00
   2.9400000e+00   4.3156503e-01   0.0000000e+00
   2.9600000e+00   4.3032732e-01   0.0000000e+00
   2.9800000e+00   4.2890690e-01   0.0000000e+00
   3.0000000e+00   4.2730377e-01   0.0000000e+00
   3.0200000e+00   4.2570064e-01   0.0000000e+00
   3.0400000e+00   4.2433251e-01   0.0000000e+00
   3.0600000e+00   4.2319938e-01   0.0000000e+00
   3.0800000e+00   4.2248396e-01   0.0000000e+00
   3.1000000e+00   4.2174072e-01   0.0000000e+00
   3.1200000e+00   4.2096968e-01   0.0000000e+00
   3.1400000e+00   4.1990092e-01   0.0000000e+00
   3.1600000e+00   4.1883384e-01   0.0000000e+00
   3.1800000e+00   4.1776843e-01   0.0000000e+00
   3.2000000e+00   4.1723405e-01   0.0000000e+00
   2.0100000e+00   7.8109700e-01   1.0000000e+00
   2.0300000e+00   7.7788671e-01   1.0000000e+00
   2.0500000e+00   7.7447159e-01   1.0000000e+00
   2.0700000e+00   7.7085165e-01   1.0000000e+00
   2.0900000e+00   7.6770504e-01   1.0000000e+00
   2.1100000e+00   7.6479580e-01   1.0000000e+00
   2.1300000e+00   7.6212391e-01   1.0000000e+00
   2.1500000e+00   7.5945203e-01   1.0000000e+00
   2.1700000e+00   7.5678014e-01   1.0000000e+00
   2.1900000e+00   7.5410826e-01   1.0000000e+00
   2.2100000e+00   7.5143637e-01   1.0000000e+00
   2.2300000e+00   7.4876449e-01   1.0000000e+00
   2.2500000e+00   7.4609260e-01   1.0000000e+00
   2.2700000e+00   7.4366879e-01   1.0000000e+00
   2.2900000e+00   7.4132243e-01   1.0000000e+00
   2.3100000e+00   7.3905351e-01   1.0000000e+00
   2.3300000e+00   7.3638162e-01   1.0000000e+00
   2.3500000e+00   7.3370974e-01   1.0000000e+00
   2.3700000e+00   7.3103786e-01   1.0000000e+00
   2.3900000e+00   7.2836597e-01   1.0000000e+00
   2.4100000e+00   7.2585198e-01   1.0000000e+00
   2.4300000e+00   7.2349588e-01   1.0000000e+00
   2.4500000e+00   7.2076100e-01   1.0000000e+00
   2.4700000e+00   7.1764693e-01   1.0000000e+00
   2.4900000e+00   7.1415367e-01   1.0000000e+00
   2.5100000e+00   7.1201616e-01   1.0000000e+00
   2.5300000e+00   7.0962857e-01   1.0000000e+00
   2.5500000e+00   7.0699089e-01   1.0000000e+00
   2.5700000e+00   7.0508602e-01   1.0000000e+00
   2.5900000e+00   7.0306518e-01   1.0000000e+00
   2.6100000e+00   7.0092836e-01   1.0000000e+00
   2.6300000e+00   6.9840665e-01   1.0000000e+00
   2.6500000e+00   6.9607704e-01   1.0000000e+00
   2.6700000e+00   6.9393954e-01   1.0000000e+00
   2.6900000e+00   6.9180203e-01   1.0000000e+00
