   6.0000000e-01   9.4318530e-01   0.0000000e+00
   6.2000000e-01   9.2194300e-01   0.0000000e+00
   6.4000000e-01   8.9809821e-01   0.0000000e+00
   6.6000000e-01   8.7165092e-01   0.0000000e+00
   6.8000000e-01   8.4172581e-01   0.0000000e+00
   7.0000000e-01   8.1544275e-01   0.0000000e+00
   7.2000000e-01   7.9280175e-01   0.0000000e+00
   7.4000000e-01   7.7278104e-01   0.0000000e+00
   7.6000000e-01   7.5415057e-01   0.0000000e+00
   7.8000000e-01   7.3691035e-01   0.0000000e+00
   8.0000000e-01   7.2206112e-01   0.0000000e+00
   8.2000000e-01   7.0635366e-01   0.0000000e+00
   8.4000000e-01   6.8978797e-01   0.0000000e+00
   8.6000000e-01   6.7688311e-01   0.0000000e+00
   8.8000000e-01   6.6503394e-01   0.0000000e+00
   9.0000000e-01   6.5424045e-01   0.0000000e+00
   9.2000000e-01   6.4524587e-01   0.0000000e+00
   9.4000000e-01   6.3682724e-01   0.0000000e+00
   9.6000000e-01   6.2898457e-01   0.0000000e+00
   9.8000000e-01   6.2161592e-01   0.0000000e+00
   1.0000000e+00   6.1472534e-01   0.0000000e+00
   1.0200000e+00   6.0831282e-01   0.0000000e+00
   1.0400000e+00   6.0142626e-01   0.0000000e+00
   1.0600000e+00   5.9504558e-01   0.0000000e+00
   1.0800000e+00   5.8917077e-01   0.0000000e+00
   1.1000000e+00   5.8358630e-01   0.0000000e+00
   1.1200000e+00   5.7791701e-01   0.0000000e+00
   1.1400000e+00   5.7216290e-01   0.0000000e+00
   1.1600000e+00   5.6680439e-01   0.0000000e+00
   1.1800000e+00   5.6091887e-01   0.0000000e+00
   1.2000000e+00   5.5450634e-01   0.0000000e+00
   1.2200000e+00   5.4936907e-01   0.0000000e+00
   1.2400000e+00   5.4439574e-01   0.0000000e+00
   1.2600000e+00   5.3958634e-01   0.0000000e+00
   1.2800000e+00   5.3477695e-01   0.0000000e+00
   1.3000000e+00   5.3000510e-01   0.0000000e+00
   1.3200000e+00   5.2527080e-01   0.0000000e+00
   1.3400000e+00   5.2099578e-01   0.0000000e+00
   1.3600000e+00   5.1672077e-01   0.0000000e+00
   1.3800000e+00   5.1244575e-01   0.0000000e+00
   1.4000000e+00   5.0892301e-01   0.0000000e+00
   1.4200000e+00   5.0555851e-01   0.0000000e+00
   1.4400000e+00   5.0235224e-01   0.0000000e+00
   1.4600000e+00   4.9914598e-01   0.0000000e+00
   1.4800000e+00   4.9595279e-01   0.0000000e+00
   1.5000000e+00   4.9277267e-01   0.0000000e+00
   1.5200000e+00   4.9010079e-01   0.0000000e+00
   1.5400000e+00   4.8742890e-01   0.0000000e+00
   1.5600000e+00   4.8475702e-01   0.0000000e+00
   1.5800000e+00   4.8241232e-01   0.0000000e+00
   1.6000000e+00   4.8027649e-01   0.0000000e+00
   1.6200000e+00   4.7834951e-01   0.0000000e+00
   1.6400000e+00   4.7665251e-01   0.0000000e+00
   1.6600000e+00   4.7473526e-01   0.0000000e+00
   1.6800000e+00   4.7259775e-01   0.0000000e+00
   1.7000000e+00   4.7097182e-01   0.0000000e+00
   1.7200000e+00   4.6955474e-01   0.0000000e+00
   1.7400000e+00   4.6834652e-01   0.0000000e+00
   1.7600000e+00   4.6672128e-01   0.0000000e+00
   1.7800000e+00   4.6500148e-01   0.0000000e+00
   1.8000000e+00   4.6318713e-01   0.0000000e+00
   1.8200000e+00   4.6202855e-01   0.0000000e+00
   1.8400000e+00   4.6038050e-01   0.0000000e+00
   1.8600000e+00   4.5824299e-01   0.0000000e+00
   1.8800000e+00   4.5703074e-01   0.0000000e+00
   1.9000000e+00   4.5571726e-01   0.0000000e+00
   1.9200000e+00   4.5430254e-01   0.0000000e+00
   1.9400000e+00   4.5292871e-01   0.0000000e+00
   1.9600000e+00   4.5170741e-01   0.0000000e+00
   1.9800000e+00   4.5063866e-01   0.0000000e+00
   2.0000000e+00   4.4956991e-01   0.0000000e+00
   2.0200000e+00   4.4850115e-01   0.0000000e+00
   2.0400000e+00   4.4743240e-01   0.0000000e+00
   2.0600000e+00   4.4636364e-01   0.0000000e+00
   2.0800000e+00   4.4529489e-01   0.0000000e+00
   2.1000000e+00   4.4422613e-01   0.0000000e+00
   2.1200000e+00   4.4315738e-01   0.0000000e+00
   2.1400000e+00   4.4208863e-01   0.0000000e+00
   2.1600000e+00   4.4101987e-01   0.0000000e+00
   2.1800000e+00   4.3995112e-01   0.0000000e+00
   2.2000000e+00   4.3888236e-01   0.0000000e+00
   2.2200000e+00   4.3781361e-01   0.0000000e+00
   2.2400000e+00   4.3674486e-01   0.0000000e+00
   2.2600000e+00   4.3567610e-01   0.0000000e+00
   2.2800000e+00   4.3460735e-01   0.0000000e+00
   2.3000000e+00   4.3367000e-01   0.0000000e+00
   2.3200000e+00   4.3293414e-01   0.0000000e+00
   2.3400000e+00   4.3239976e-01   0.0000000e+00
   2.3600000e+00   4.3186538e-01   0.0000000e+00
   2.3800000e+00   4.3089855e-01   0.0000000e+00
   2.4000000e+00   4.2949927e-01   0.0000000e+00
   2.4200000e+00   4.2852772e-01   0.0000000e+00
   2.4400000e+00   4.2767519e-01   0.0000000e+00
   2.4600000e+00   4.2694169e-01   0.0000000e+00
   2.4800000e+00   4.2595539e-01   0.0000000e+00
   2.5000000e+00   4.2519506e-01   0.0000000e+00
   2.5200000e+00   4.2466068e-01   0.0000000e+00
   2.5400000e+00   4.2412630e-01   0.0000000e+00
   2.5600000e+00   4.2340017e-01   0.0000000e+00
   2.5800000e+00   4.2248229e-01   0.0000000e+00
   2.6000000e+00   4.2168038e-01   0.0000000e+00
   2.6200000e+00   4.2093714e-01   0.0000000e+00
   2.6400000e+00   4.2025259e-01   0.0000000e+00
   2.6600000e+00   4.1918383e-01   0.0000000e+00
   2.6800000e+00   4.1811508e-01   0.0000000e+00
   2.7000000e+00   4.1704633e-01   0.0000000e+00
   2.7200000e+00   4.1642880e-01   0.0000000e+00
   2.7400000e+00   4.1568556e-01   0.0000000e+00
   2.7600000e+00   4.1481662e-01   0.0000000e+00
   2.7800000e+00   4.1396577e-01   0.0000000e+00
   2.8000000e+00   4.1327315e-01   0.0000000e+00
   2.8200000e+00   4.1273878e-01   0.0000000e+00
   2.8400000e+00   4.1220440e-01   0.0000000e+00
   2.8600000e+00   4.1141055e-01   0.0000000e+00
   2.8800000e+00   4.1035723e-01   0.0000000e+00
   2.9000000e+00   4.0969075e-01   0.0000000e+00
   2.9200000e+00   4.0909033e-01   0.0000000e+00
   2.9400000e+00   4.0855595e-01   0.0000000e+00
   2.9600000e+00   4.0785262e-01   0.0000000e+00
   2.9800000e+00   4.0701887e-01   0.0000000e+00
   3.0000000e+00   4.0605469e-01   0.0000000e+00
   3.0200000e+00   4.0605469e-01   0.0000000e+00
   3.0400000e+00   4.0558469e-01   0.0000000e+00
   3.0600000e+00   4.0464469e-01   0.0000000e+00
   3.0800000e+00   4.0357593e-01   0.0000000e+00
   3.1000000e+00   4.0262552e-01   0.0000000e+00
   3.1200000e+00   4.0179343e-01   0.0000000e+00
   3.1400000e+00   4.0113905e-01   0.0000000e+00
   3.1600000e+00   4.0027915e-01   0.0000000e+00
   3.1800000e+00   3.9921374e-01   0.0000000e+00
   3.2000000e+00   3.9867936e-01   0.0000000e+00
   3.2200000e+00   3.9814498e-01   0.0000000e+00
   3.2400000e+00   3.9761061e-01   0.0000000e+00
   3.2600000e+00   3.9707623e-01   0.0000000e+00
   3.2800000e+00   3.9644799e-01   0.0000000e+00
   3.3000000e+00   3.9572589e-01   0.0000000e+00
   3.3200000e+00   3.9465714e-01   0.0000000e+00
   3.3400000e+00   3.9358838e-01   0.0000000e+00
   3.3600000e+00   3.9251963e-01   0.0000000e+00
   3.3800000e+00   3.9193965e-01   0.0000000e+00
   3.4000000e+00   3.9138247e-01   0.0000000e+00
   3.4200000e+00   3.9084809e-01   0.0000000e+00
   3.4400000e+00   3.9031371e-01   0.0000000e+00
   3.4600000e+00   3.8977933e-01   0.0000000e+00
   3.4800000e+00   3.8924496e-01   0.0000000e+00
   3.5000000e+00   3.8871058e-01   0.0000000e+00
   3.5200000e+00   3.8817620e-01   0.0000000e+00
   3.5400000e+00   3.8764183e-01   0.0000000e+00
   3.5600000e+00   3.8710745e-01   0.0000000e+00
   3.5800000e+00   3.8657307e-01   0.0000000e+00
   3.6000000e+00   3.8603870e-01   0.0000000e+00
   3.6200000e+00   3.8550432e-01   0.0000000e+00
   3.6400000e+00   3.8496994e-01   0.0000000e+00
   3.6600000e+00   3.8443556e-01   0.0000000e+00
   3.6800000e+00   3.8390119e-01   0.0000000e+00
   3.7000000e+00   3.8336681e-01   0.0000000e+00
   3.7200000e+00   3.8283243e-01   0.0000000e+00
   3.7400000e+00   3.8229806e-01   0.0000000e+00
   3.7600000e+00   3.8162657e-01   0.0000000e+00
   3.7800000e+00   3.8081798e-01   0.0000000e+00
   3.8000000e+00   3.8006433e-01   0.0000000e+00
   2.0000000e+00   6.9355367e-01   1.0000000e+00
   2.0200000e+00   6.9114696e-01   1.0000000e+00
   2.0400000e+00   6.8900542e-01   1.0000000e+00
   2.0600000e+00   6.8604055e-01   1.0000000e+00
   2.0800000e+00   6.8325200e-01   1.0000000e+00
   2.1000000e+00   6.8063977e-01   1.0000000e+00
   2.1200000e+00   6.7832191e-01   1.0000000e+00
   2.1400000e+00   6.7579519e-01   1.0000000e+00
   2.1600000e+00   6.7305962e-01   1.0000000e+00
   2.1800000e+00   6.6985335e-01   1.0000000e+00
   2.2000000e+00   6.6664709e-01   1.0000000e+00
   2.2200000e+00   6.6344083e-01   1.0000000e+00
   2.2400000e+00   6.6059930e-01   1.0000000e+00
   2.2600000e+00   6.5771856e-01   1.0000000e+00
   2.2800000e+00   6.5479861e-01   1.0000000e+00
   2.3000000e+00   6.5185516e-01   1.0000000e+00
   2.3200000e+00   6.4931468e-01   1.0000000e+00
   2.3400000e+00   6.4717717e-01   1.0000000e+00
   2.3600000e+00   6.4503966e-01   1.0000000e+00
   2.3800000e+00   6.4290216e-01   1.0000000e+00
   2.4000000e+00   6.4076465e-01   1.0000000e+00
   2.4200000e+00   6.3894293e-01   1.0000000e+00
   2.4400000e+00   6.3713094e-01   1.0000000e+00
   2.4600000e+00   6.3532868e-01   1.0000000e+00
   2.4800000e+00   6.3319118e-01   1.0000000e+00
   2.5000000e+00   6.3105367e-01   1.0000000e+00
   2.5200000e+00   6.2891616e-01   1.0000000e+00
   2.5400000e+00   6.2777900e-01   1.0000000e+00
   2.5600000e+00   6.2629253e-01   1.0000000e+00
   2.5800000e+00   6.2445676e-01   1.0000000e+00
   2.6000000e+00   6.2231925e-01   1.0000000e+00
   2.6200000e+00   6.2033192e-01   1.0000000e+00
   2.6400000e+00   6.1849477e-01   1.0000000e+00
   2.6600000e+00   6.1735899e-01   1.0000000e+00
   2.6800000e+00   6.1572235e-01   1.0000000e+00
   2.7000000e+00   6.1358484e-01   1.0000000e+00
   2.7200000e+00   6.1144733e-01   1.0000000e+00
   2.7400000e+00   6.0947710e-01   1.0000000e+00
   2.7600000e+00   6.0767416e-01   1.0000000e+00
   2.7800000e+00   6.0585313e-01   1.0000000e+00
   2.8000000e+00   6.0377263e-01   1.0000000e+00
   2.8200000e+00   6.0143265e-01   1.0000000e+00
   2.8400000e+00   5.9822639e-01   1.0000000e+00
