   6.1000000e-01   9.9809502e-01   0.0000000e+00
   6.3000000e-01   9.8700589e-01   0.0000000e+00
   6.5000000e-01   9.7059913e-01   0.0000000e+00
   6.7000000e-01   9.5170821e-01   0.0000000e+00
   6.9000000e-01   9.3033312e-01   0.0000000e+00
   7.1000000e-01   9.1032381e-01   0.0000000e+00
   7.3000000e-01   8.9060248e-01   0.0000000e+00
   7.5000000e-01   8.7116912e-01   0.0000000e+00
   7.7000000e-01   8.5392890e-01   0.0000000e+00
   7.9000000e-01   8.3798944e-01   0.0000000e+00
   8.1000000e-01   8.2335073e-01   0.0000000e+00
   8.3000000e-01   8.0785380e-01   0.0000000e+00
   8.5000000e-01   7.9366430e-01   0.0000000e+00
   8.7000000e-01   7.8078225e-01   0.0000000e+00
   8.9000000e-01   7.6876982e-01   0.0000000e+00
   9.1000000e-01   7.5760958e-01   0.0000000e+00
   9.3000000e-01   7.4730151e-01   0.0000000e+00
   9.5000000e-01   7.3873605e-01   0.0000000e+00
   9.7000000e-01   7.3071268e-01   0.0000000e+00
   9.9000000e-01   7.2323140e-01   0.0000000e+00
   1.0100000e+00   7.1575012e-01   0.0000000e+00
   1.0300000e+00   7.0850586e-01   0.0000000e+00
   1.0500000e+00   7.0149861e-01   0.0000000e+00
   1.0700000e+00   6.9562380e-01   0.0000000e+00
   1.0900000e+00   6.9001451e-01   0.0000000e+00
   1.1100000e+00   6.8467074e-01   0.0000000e+00
   1.1300000e+00   6.7957504e-01   0.0000000e+00
   1.1500000e+00   6.7488969e-01   0.0000000e+00
   1.1700000e+00   6.7061467e-01   0.0000000e+00
   1.1900000e+00   6.6633966e-01   0.0000000e+00
   1.2100000e+00   6.6206464e-01   0.0000000e+00
   1.2300000e+00   6.5778962e-01   0.0000000e+00
   1.2500000e+00   6.5258935e-01   0.0000000e+00
   1.2700000e+00   6.4714602e-01   0.0000000e+00
   1.2900000e+00   6.4145962e-01   0.0000000e+00
   1.3100000e+00   6.3619094e-01   0.0000000e+00
   1.3300000e+00   6.3115191e-01   0.0000000e+00
   1.3500000e+00   6.2634251e-01   0.0000000e+00
   1.3700000e+00   6.2202592e-01   0.0000000e+00
   1.3900000e+00   6.1735398e-01   0.0000000e+00
   1.4100000e+00   6.1232669e-01   0.0000000e+00
   1.4300000e+00   6.0750186e-01   0.0000000e+00
   1.4500000e+00   6.0288054e-01   0.0000000e+00
   1.4700000e+00   5.9846271e-01   0.0000000e+00
   1.4900000e+00   5.9367946e-01   0.0000000e+00
   1.5100000e+00   5.8915033e-01   0.0000000e+00
   1.5300000e+00   5.8487532e-01   0.0000000e+00
   1.5500000e+00   5.8104415e-01   0.0000000e+00
   1.5700000e+00   5.7725825e-01   0.0000000e+00
   1.5900000e+00   5.7351762e-01   0.0000000e+00
   1.6100000e+00   5.6998750e-01   0.0000000e+00
   1.6300000e+00   5.6657238e-01   0.0000000e+00
   1.6500000e+00   5.6327226e-01   0.0000000e+00
   1.6700000e+00   5.5953162e-01   0.0000000e+00
   1.6900000e+00   5.5630256e-01   0.0000000e+00
   1.7100000e+00   5.5358507e-01   0.0000000e+00
   1.7300000e+00   5.5091318e-01   0.0000000e+00
   1.7500000e+00   5.4838042e-01   0.0000000e+00
   1.7700000e+00   5.4598678e-01   0.0000000e+00
   1.7900000e+00   5.4368769e-01   0.0000000e+00
   1.8100000e+00   5.4126958e-01   0.0000000e+00
   1.8300000e+00   5.3873244e-01   0.0000000e+00
   1.8500000e+00   5.3766369e-01   0.0000000e+00
   1.8700000e+00   5.3613230e-01   0.0000000e+00
   1.8900000e+00   5.3413829e-01   0.0000000e+00
   1.9100000e+00   5.3200078e-01   0.0000000e+00
   1.9300000e+00   5.2986328e-01   0.0000000e+00
   1.9500000e+00   5.2772577e-01   0.0000000e+00
   1.9700000e+00   5.2558826e-01   0.0000000e+00
   1.9900000e+00   5.2345075e-01   0.0000000e+00
   2.0100000e+00   5.2131324e-01   0.0000000e+00
   2.0300000e+00   5.1917573e-01   0.0000000e+00
   2.0500000e+00   5.1724507e-01   0.0000000e+00
   2.0700000e+00   5.1552124e-01   0.0000000e+00
   2.0900000e+00   5.1391811e-01   0.0000000e+00
   2.1100000e+00   5.1222480e-01   0.0000000e+00
   2.1300000e+00   5.1044132e-01   0.0000000e+00
   2.1500000e+00   5.0843119e-01   0.0000000e+00
   2.1700000e+00   5.0689175e-01   0.0000000e+00
   2.1900000e+00   5.0582299e-01   0.0000000e+00
   2.2100000e+00   5.0427284e-01   0.0000000e+00
   2.2300000e+00   5.0269619e-01   0.0000000e+00
   2.2500000e+00   5.0109306e-01   0.0000000e+00
   2.2700000e+00   4.9948993e-01   0.0000000e+00
   2.2900000e+00   4.9795250e-01   0.0000000e+00
   2.3100000e+00   4.9648078e-01   0.0000000e+00
   2.3300000e+00   4.9541203e-01   0.0000000e+00
   2.3500000e+00   4.9434327e-01   0.0000000e+00
   2.3700000e+00   4.9327452e-01   0.0000000e+00
   2.3900000e+00   4.9177331e-01   0.0000000e+00
   2.4100000e+00   4.9022114e-01   0.0000000e+00
   2.4300000e+00   4.8861801e-01   0.0000000e+00
   2.4500000e+00   4.8721400e-01   0.0000000e+00
   2.4700000e+00   4.8597762e-01   0.0000000e+00
   2.4900000e+00   4.8490887e-01   0.0000000e+00
   2.5100000e+00   4.8384011e-01   0.0000000e+00
   2.5300000e+00   4.8302145e-01   0.0000000e+00
   2.5500000e+00   4.8245286e-01   0.0000000e+00
   2.5700000e+00   4.8153498e-01   0.0000000e+00
   2.5900000e+00   4.8067508e-01   0.0000000e+00
   2.6100000e+00   4.7987317e-01   0.0000000e+00
   2.6300000e+00   4.7933879e-01   0.0000000e+00
   2.6500000e+00   4.7878766e-01   0.0000000e+00
   2.6700000e+00   4.7821977e-01   0.0000000e+00
   2.6900000e+00   4.7715101e-01   0.0000000e+00
   2.7100000e+00   4.7630787e-01   0.0000000e+00
   2.7300000e+00   4.7569035e-01   0.0000000e+00
   2.7500000e+00   4.7482141e-01   0.0000000e+00
   2.7700000e+00   4.7385256e-01   0.0000000e+00
   2.7900000e+00   4.7278381e-01   0.0000000e+00
   2.8100000e+00   4.7181629e-01   0.0000000e+00
   2.8300000e+00   4.7106534e-01   0.0000000e+00
   2.8500000e+00   4.7053096e-01   0.0000000e+00
   2.8700000e+00   4.6895869e-01   0.0000000e+00
   2.8900000e+00   4.6777327e-01   0.0000000e+00
   2.9100000e+00   4.6697470e-01   0.0000000e+00
   2.9300000e+00   4.6615471e-01   0.0000000e+00
   2.9500000e+00   4.6529481e-01   0.0000000e+00
   2.9700000e+00   4.6439501e-01   0.0000000e+00
   2.9900000e+00   4.6380835e-01   0.0000000e+00
   3.0100000e+00   4.6298064e-01   0.0000000e+00
   3.0300000e+00   4.6191188e-01   0.0000000e+00
   3.0500000e+00   4.6084313e-01   0.0000000e+00
   3.0700000e+00   4.5995104e-01   0.0000000e+00
   3.0900000e+00   4.5923562e-01   0.0000000e+00
   3.1100000e+00   4.5822790e-01   0.0000000e+00
   3.1300000e+00   4.5704249e-01   0.0000000e+00
   3.1500000e+00   4.5567937e-01   0.0000000e+00
   3.1700000e+00   4.5514499e-01   0.0000000e+00
   3.1900000e+00   4.5461061e-01   0.0000000e+00
   3.2100000e+00   4.5407623e-01   0.0000000e+00
   3.2300000e+00   4.5396291e-01   0.0000000e+00
   3.2500000e+00   4.5375406e-01   0.0000000e+00
   3.2700000e+00   4.5344967e-01   0.0000000e+00
   2.1600000e+00   8.1718750e-01   1.0000000e+00
   2.1800000e+00   8.1718750e-01   1.0000000e+00
   2.2000000e+00   8.1646540e-01   1.0000000e+00
   2.2200000e+00   8.1502120e-01   1.0000000e+00
   2.2400000e+00   8.1305333e-01   1.0000000e+00
   2.2600000e+00   8.1100064e-01   1.0000000e+00
   2.2800000e+00   8.0886313e-01   1.0000000e+00
   2.3000000e+00   8.0672563e-01   1.0000000e+00
   2.3200000e+00   8.0458812e-01   1.0000000e+00
   2.3400000e+00   8.0245061e-01   1.0000000e+00
   2.3600000e+00   8.0031310e-01   1.0000000e+00
   2.3800000e+00   7.9817559e-01   1.0000000e+00
   2.4000000e+00   7.9603808e-01   1.0000000e+00
   2.4200000e+00   7.9421637e-01   1.0000000e+00
   2.4400000e+00   7.9240438e-01   1.0000000e+00
   2.4600000e+00   7.9060212e-01   1.0000000e+00
   2.4800000e+00   7.8846461e-01   1.0000000e+00
   2.5000000e+00   7.8632711e-01   1.0000000e+00
   2.5200000e+00   7.8418960e-01   1.0000000e+00
   2.5400000e+00   7.8255226e-01   1.0000000e+00
   2.5600000e+00   7.8112378e-01   1.0000000e+00
   2.5800000e+00   7.7990416e-01   1.0000000e+00
   2.6000000e+00   7.7830172e-01   1.0000000e+00
   2.6200000e+00   7.7650683e-01   1.0000000e+00
   2.6400000e+00   7.7451950e-01   1.0000000e+00
   2.6600000e+00   7.7288286e-01   1.0000000e+00
   2.6800000e+00   7.7099578e-01   1.0000000e+00
   2.7000000e+00   7.6885827e-01   1.0000000e+00
   2.7200000e+00   7.6672077e-01   1.0000000e+00
   2.7400000e+00   7.6458326e-01   1.0000000e+00
   2.7600000e+00   7.6244575e-01   1.0000000e+00
   2.7800000e+00   7.6030824e-01   1.0000000e+00
   2.8000000e+00   7.5806950e-01   1.0000000e+00
   2.8200000e+00   7.5572952e-01   1.0000000e+00
   2.8400000e+00   7.5252326e-01   1.0000000e+00
   2.8600000e+00   7.4931700e-01   1.0000000e+00
   2.8800000e+00   7.4611074e-01   1.0000000e+00
   2.9000000e+00   7.4290448e-01   1.0000000e+00
   2.9200000e+00   7.3984102e-01   1.0000000e+00
   2.9400000e+00   7.3692038e-01   1.0000000e+00
   2.9600000e+00   7.3424849e-01   1.0000000e+00
   2.9800000e+00   7.3157661e-01   1.0000000e+00
   3.0000000e+00   7.2890472e-01   1.0000000e+00
   3.0200000e+00   7.2623284e-01   1.0000000e+00
   3.0400000e+00   7.2356095e-01   1.0000000e+00
   3.0600000e+00   7.2088907e-01   1.0000000e+00
   3.0800000e+00   7.1857052e-01   1.0000000e+00
