   6.1000000e-01   9.9592567e-01   0.0000000e+00
   6.3000000e-01   9.8407620e-01   0.0000000e+00
   6.5000000e-01   9.6748172e-01   0.0000000e+00
   6.7000000e-01   9.4716099e-01   0.0000000e+00
   6.9000000e-01   9.2311402e-01   0.0000000e+00
   7.1000000e-01   9.0407489e-01   0.0000000e+00
   7.3000000e-01   8.8564020e-01   0.0000000e+00
   7.5000000e-01   8.6780998e-01   0.0000000e+00
   7.7000000e-01   8.5150710e-01   0.0000000e+00
   7.9000000e-01   8.3624684e-01   0.0000000e+00
   8.1000000e-01   8.2202919e-01   0.0000000e+00
   8.3000000e-01   8.0866976e-01   0.0000000e+00
   8.5000000e-01   7.9557182e-01   0.0000000e+00
   8.7000000e-01   7.8273537e-01   0.0000000e+00
   8.9000000e-01   7.7112926e-01   0.0000000e+00
   9.1000000e-01   7.6058418e-01   0.0000000e+00
   9.3000000e-01   7.5110014e-01   0.0000000e+00
   9.5000000e-01   7.4308449e-01   0.0000000e+00
   9.7000000e-01   7.3509699e-01   0.0000000e+00
   9.9000000e-01   7.2713765e-01   0.0000000e+00
   1.0100000e+00   7.1965637e-01   0.0000000e+00
   1.0300000e+00   7.1241211e-01   0.0000000e+00
   1.0500000e+00   7.0540486e-01   0.0000000e+00
   1.0700000e+00   6.9953005e-01   0.0000000e+00
   1.0900000e+00   6.9416146e-01   0.0000000e+00
   1.1100000e+00   6.8929910e-01   0.0000000e+00
   1.1300000e+00   6.8490004e-01   0.0000000e+00
   1.1500000e+00   6.8029213e-01   0.0000000e+00
   1.1700000e+00   6.7547537e-01   0.0000000e+00
   1.1900000e+00   6.7013160e-01   0.0000000e+00
   1.2100000e+00   6.6521291e-01   0.0000000e+00
   1.2300000e+00   6.6071931e-01   0.0000000e+00
   1.2500000e+00   6.5521062e-01   0.0000000e+00
   1.2700000e+00   6.4944176e-01   0.0000000e+00
   1.2900000e+00   6.4341275e-01   0.0000000e+00
   1.3100000e+00   6.3806898e-01   0.0000000e+00
   1.3300000e+00   6.3272521e-01   0.0000000e+00
   1.3500000e+00   6.2738144e-01   0.0000000e+00
   1.3700000e+00   6.2154486e-01   0.0000000e+00
   1.3900000e+00   6.1568750e-01   0.0000000e+00
   1.4100000e+00   6.0980936e-01   0.0000000e+00
   1.4300000e+00   6.0419068e-01   0.0000000e+00
   1.4500000e+00   5.9870946e-01   0.0000000e+00
   1.4700000e+00   5.9336569e-01   0.0000000e+00
   1.4900000e+00   5.8804806e-01   0.0000000e+00
   1.5100000e+00   5.8298455e-01   0.0000000e+00
   1.5300000e+00   5.7817516e-01   0.0000000e+00
   1.5500000e+00   5.7425348e-01   0.0000000e+00
   1.5700000e+00   5.7025872e-01   0.0000000e+00
   1.5900000e+00   5.6619089e-01   0.0000000e+00
   1.6100000e+00   5.6212640e-01   0.0000000e+00
   1.6300000e+00   5.5827077e-01   0.0000000e+00
   1.6500000e+00   5.5462399e-01   0.0000000e+00
   1.6700000e+00   5.5141773e-01   0.0000000e+00
   1.6900000e+00   5.4821147e-01   0.0000000e+00
   1.7100000e+00   5.4500520e-01   0.0000000e+00
   1.7300000e+00   5.4179894e-01   0.0000000e+00
   1.7500000e+00   5.3845356e-01   0.0000000e+00
   1.7700000e+00   5.3496905e-01   0.0000000e+00
   1.7900000e+00   5.3171315e-01   0.0000000e+00
   1.8100000e+00   5.2899399e-01   0.0000000e+00
   1.8300000e+00   5.2681157e-01   0.0000000e+00
   1.8500000e+00   5.2413968e-01   0.0000000e+00
   1.8700000e+00   5.2169911e-01   0.0000000e+00
   1.8900000e+00   5.1948985e-01   0.0000000e+00
   1.9100000e+00   5.1769831e-01   0.0000000e+00
   1.9300000e+00   5.1588632e-01   0.0000000e+00
   1.9500000e+00   5.1405389e-01   0.0000000e+00
   1.9700000e+00   5.1225429e-01   0.0000000e+00
   1.9900000e+00   5.1108730e-01   0.0000000e+00
   2.0100000e+00   5.1055292e-01   0.0000000e+00
   2.0300000e+00   5.0895785e-01   0.0000000e+00
   2.0500000e+00   5.0777243e-01   0.0000000e+00
   2.0700000e+00   5.0699666e-01   0.0000000e+00
   2.0900000e+00   5.0675930e-01   0.0000000e+00
   2.1100000e+00   5.0664062e-01   0.0000000e+00
   2.1300000e+00   5.0664062e-01   0.0000000e+00
   2.1500000e+00   5.0670431e-01   0.0000000e+00
   2.1700000e+00   5.0700335e-01   0.0000000e+00
   2.1900000e+00   5.0753772e-01   0.0000000e+00
   2.2100000e+00   5.0759070e-01   0.0000000e+00
   2.2300000e+00   5.0761719e-01   0.0000000e+00
   2.2500000e+00   5.0761719e-01   0.0000000e+00
   2.2700000e+00   5.0736912e-01   0.0000000e+00
   2.2900000e+00   5.0704359e-01   0.0000000e+00
   2.3100000e+00   5.0664062e-01   0.0000000e+00
   2.3300000e+00   5.0664062e-01   0.0000000e+00
   2.3500000e+00   5.0664062e-01   0.0000000e+00
   2.3700000e+00   5.0664062e-01   0.0000000e+00
   2.3900000e+00   5.0620817e-01   0.0000000e+00
   2.4100000e+00   5.0572475e-01   0.0000000e+00
   2.4300000e+00   5.0519038e-01   0.0000000e+00
   2.4500000e+00   5.0445688e-01   0.0000000e+00
   2.4700000e+00   5.0355575e-01   0.0000000e+00
   2.4900000e+00   5.0248699e-01   0.0000000e+00
   2.5100000e+00   5.0141824e-01   0.0000000e+00
   2.5300000e+00   5.0034948e-01   0.0000000e+00
   2.5500000e+00   4.9928073e-01   0.0000000e+00
   2.5700000e+00   4.9782847e-01   0.0000000e+00
   2.5900000e+00   4.9630077e-01   0.0000000e+00
   2.6100000e+00   4.9469764e-01   0.0000000e+00
   2.6300000e+00   4.9309451e-01   0.0000000e+00
   2.6500000e+00   4.9149138e-01   0.0000000e+00
   2.6700000e+00   4.8988825e-01   0.0000000e+00
   2.6900000e+00   4.8828511e-01   0.0000000e+00
   2.7100000e+00   4.8690760e-01   0.0000000e+00
   2.7300000e+00   4.8575569e-01   0.0000000e+00
   2.7500000e+00   4.8468694e-01   0.0000000e+00
   2.7700000e+00   4.8372713e-01   0.0000000e+00
   2.7900000e+00   4.8287628e-01   0.0000000e+00
   2.8100000e+00   4.8234190e-01   0.0000000e+00
   2.8300000e+00   4.8180752e-01   0.0000000e+00
   2.8500000e+00   4.8127315e-01   0.0000000e+00
   2.8700000e+00   4.8073877e-01   0.0000000e+00
   2.8900000e+00   4.8000325e-01   0.0000000e+00
   2.9100000e+00   4.7906659e-01   0.0000000e+00
   2.9300000e+00   4.7828346e-01   0.0000000e+00
   2.9500000e+00   4.7754022e-01   0.0000000e+00
   2.9700000e+00   4.7683690e-01   0.0000000e+00
   2.9900000e+00   4.7582043e-01   0.0000000e+00
   3.0100000e+00   4.7504501e-01   0.0000000e+00
   3.0300000e+00   4.7451063e-01   0.0000000e+00
   3.0500000e+00   4.7350625e-01   0.0000000e+00
   2.0700000e+00   8.4266968e-01   1.0000000e+00
   2.0900000e+00   8.4017550e-01   1.0000000e+00
   2.1100000e+00   8.3696457e-01   1.0000000e+00
   2.1300000e+00   8.3303689e-01   1.0000000e+00
   2.1500000e+00   8.2801156e-01   1.0000000e+00
   2.1700000e+00   8.2416296e-01   1.0000000e+00
   2.1900000e+00   8.2149107e-01   1.0000000e+00
   2.2100000e+00   8.1833778e-01   1.0000000e+00
   2.2300000e+00   8.1515801e-01   1.0000000e+00
   2.2500000e+00   8.1195175e-01   1.0000000e+00
   2.2700000e+00   8.0948970e-01   1.0000000e+00
   2.2900000e+00   8.0745711e-01   1.0000000e+00
   2.3100000e+00   8.0585398e-01   1.0000000e+00
   2.3300000e+00   8.0425085e-01   1.0000000e+00
   2.3500000e+00   8.0264772e-01   1.0000000e+00
   2.3700000e+00   8.0104459e-01   1.0000000e+00
   2.3900000e+00   7.9900900e-01   1.0000000e+00
   2.4100000e+00   7.9597508e-01   1.0000000e+00
   2.4300000e+00   7.9194284e-01   1.0000000e+00
