   6.1000000e-01   9.9052794e-01   0.0000000e+00
   6.3000000e-01   9.7585238e-01   0.0000000e+00
   6.5000000e-01   9.5627690e-01   0.0000000e+00
   6.7000000e-01   9.3446568e-01   0.0000000e+00
   6.9000000e-01   9.1041871e-01   0.0000000e+00
   7.1000000e-01   8.9137957e-01   0.0000000e+00
   7.3000000e-01   8.7277560e-01   0.0000000e+00
   7.5000000e-01   8.5460678e-01   0.0000000e+00
   7.7000000e-01   8.3821338e-01   0.0000000e+00
   7.9000000e-01   8.2306978e-01   0.0000000e+00
   8.1000000e-01   8.0917598e-01   0.0000000e+00
   8.3000000e-01   7.9528218e-01   0.0000000e+00
   8.5000000e-01   7.8295730e-01   0.0000000e+00
   8.7000000e-01   7.7220135e-01   0.0000000e+00
   8.9000000e-01   7.6151381e-01   0.0000000e+00
   9.1000000e-01   7.5140556e-01   0.0000000e+00
   9.3000000e-01   7.4187661e-01   0.0000000e+00
   9.5000000e-01   7.3384552e-01   0.0000000e+00
   9.7000000e-01   7.2635653e-01   0.0000000e+00
   9.9000000e-01   7.1940963e-01   0.0000000e+00
   1.0100000e+00   7.1246272e-01   0.0000000e+00
   1.0300000e+00   7.0622687e-01   0.0000000e+00
   1.0500000e+00   7.0070206e-01   0.0000000e+00
   1.0700000e+00   6.9535828e-01   0.0000000e+00
   1.0900000e+00   6.9073662e-01   0.0000000e+00
   1.1100000e+00   6.8683705e-01   0.0000000e+00
   1.1300000e+00   6.8482358e-01   0.0000000e+00
   1.1500000e+00   6.8300053e-01   0.0000000e+00
   1.1700000e+00   6.8136792e-01   0.0000000e+00
   1.1900000e+00   6.7762728e-01   0.0000000e+00
   1.2100000e+00   6.7324901e-01   0.0000000e+00
   1.2300000e+00   6.6823312e-01   0.0000000e+00
   1.2500000e+00   6.6088463e-01   0.0000000e+00
   1.2700000e+00   6.5280177e-01   0.0000000e+00
   1.2900000e+00   6.4398455e-01   0.0000000e+00
   1.3100000e+00   6.3543014e-01   0.0000000e+00
   1.3300000e+00   6.2767949e-01   0.0000000e+00
   1.3500000e+00   6.2073259e-01   0.0000000e+00
   1.3700000e+00   6.1477129e-01   0.0000000e+00
   1.3900000e+00   6.0960384e-01   0.0000000e+00
   1.4100000e+00   6.0523024e-01   0.0000000e+00
   1.4300000e+00   6.0019224e-01   0.0000000e+00
   1.4500000e+00   5.9460978e-01   0.0000000e+00
   1.4700000e+00   5.8848288e-01   0.0000000e+00
   1.4900000e+00   5.8316525e-01   0.0000000e+00
   1.5100000e+00   5.7810174e-01   0.0000000e+00
   1.5300000e+00   5.7329235e-01   0.0000000e+00
   1.5500000e+00   5.6759524e-01   0.0000000e+00
   1.5700000e+00   5.6213481e-01   0.0000000e+00
   1.5900000e+00   5.5691104e-01   0.0000000e+00
   1.6100000e+00   5.5210165e-01   0.0000000e+00
   1.6300000e+00   5.4738612e-01   0.0000000e+00
   1.6500000e+00   5.4276445e-01   0.0000000e+00
   1.6700000e+00   5.3902381e-01   0.0000000e+00
   1.6900000e+00   5.3502738e-01   0.0000000e+00
   1.7100000e+00   5.3077517e-01   0.0000000e+00
   1.7300000e+00   5.2768488e-01   0.0000000e+00
   1.7500000e+00   5.2480380e-01   0.0000000e+00
   1.7700000e+00   5.2213191e-01   0.0000000e+00
   1.7900000e+00   5.1946003e-01   0.0000000e+00
   1.8100000e+00   5.1681060e-01   0.0000000e+00
   1.8300000e+00   5.1418363e-01   0.0000000e+00
   1.8500000e+00   5.1204612e-01   0.0000000e+00
   1.8700000e+00   5.1013993e-01   0.0000000e+00
   1.8900000e+00   5.0846505e-01   0.0000000e+00
   1.9100000e+00   5.0686192e-01   0.0000000e+00
   1.9300000e+00   5.0514414e-01   0.0000000e+00
   1.9500000e+00   5.0331170e-01   0.0000000e+00
   1.9700000e+00   5.0128683e-01   0.0000000e+00
   1.9900000e+00   4.9947283e-01   0.0000000e+00
   2.0100000e+00   4.9786970e-01   0.0000000e+00
   2.0300000e+00   4.9679691e-01   0.0000000e+00
   2.0500000e+00   4.9613983e-01   0.0000000e+00
   2.0700000e+00   4.9589844e-01   0.0000000e+00
   2.0900000e+00   4.9649247e-01   0.0000000e+00
   2.1100000e+00   4.9750422e-01   0.0000000e+00
   2.1300000e+00   4.9893368e-01   0.0000000e+00
   2.1500000e+00   5.0081643e-01   0.0000000e+00
   2.1700000e+00   5.0175781e-01   0.0000000e+00
   2.1900000e+00   5.0175781e-01   0.0000000e+00
   2.2100000e+00   5.0223921e-01   0.0000000e+00
   2.2300000e+00   5.0292947e-01   0.0000000e+00
   2.2500000e+00   5.0382858e-01   0.0000000e+00
   2.2700000e+00   5.0440119e-01   0.0000000e+00
   2.2900000e+00   5.0475320e-01   0.0000000e+00
   2.3100000e+00   5.0488461e-01   0.0000000e+00
   2.3300000e+00   5.0541899e-01   0.0000000e+00
   2.3500000e+00   5.0595336e-01   0.0000000e+00
   2.3700000e+00   5.0648774e-01   0.0000000e+00
   2.3900000e+00   5.0702212e-01   0.0000000e+00
   2.4100000e+00   5.0739860e-01   0.0000000e+00
   2.4300000e+00   5.0761719e-01   0.0000000e+00
   2.4500000e+00   5.0761719e-01   0.0000000e+00
   2.4700000e+00   5.0753473e-01   0.0000000e+00
   2.4900000e+00   5.0736981e-01   0.0000000e+00
   2.5100000e+00   5.0630105e-01   0.0000000e+00
   2.5300000e+00   5.0523230e-01   0.0000000e+00
   2.5500000e+00   5.0416354e-01   0.0000000e+00
   2.5700000e+00   5.0271128e-01   0.0000000e+00
   2.5900000e+00   5.0131701e-01   0.0000000e+00
   2.6100000e+00   4.9998072e-01   0.0000000e+00
   2.6300000e+00   4.9876178e-01   0.0000000e+00
   2.6500000e+00   4.9733399e-01   0.0000000e+00
   2.6700000e+00   4.9569735e-01   0.0000000e+00
   2.6900000e+00   4.9355984e-01   0.0000000e+00
   2.7100000e+00   4.9209917e-01   0.0000000e+00
   2.7300000e+00   4.9131535e-01   0.0000000e+00
   2.7500000e+00   4.8977728e-01   0.0000000e+00
   2.7700000e+00   4.8826634e-01   0.0000000e+00
   2.7900000e+00   4.8678253e-01   0.0000000e+00
   2.8100000e+00   4.8614692e-01   0.0000000e+00
   2.8300000e+00   4.8529474e-01   0.0000000e+00
   2.8500000e+00   4.8422598e-01   0.0000000e+00
   2.8700000e+00   4.8315723e-01   0.0000000e+00
   2.8900000e+00   4.8208847e-01   0.0000000e+00
   2.9100000e+00   4.8101972e-01   0.0000000e+00
   2.9300000e+00   4.7995097e-01   0.0000000e+00
   2.9500000e+00   4.7871326e-01   0.0000000e+00
   2.9700000e+00   4.7730660e-01   0.0000000e+00
   2.9900000e+00   4.7516909e-01   0.0000000e+00
   3.0100000e+00   4.7303159e-01   0.0000000e+00
   3.0300000e+00   4.7089408e-01   0.0000000e+00
   3.0500000e+00   4.6875657e-01   0.0000000e+00
