   6.1000000e-01   9.5100817e-01   0.0000000e+00
   6.3000000e-01   9.3655856e-01   0.0000000e+00
   6.5000000e-01   9.1641116e-01   0.0000000e+00
   6.7000000e-01   8.9377960e-01   0.0000000e+00
   6.9000000e-01   8.6866388e-01   0.0000000e+00
   7.1000000e-01   8.4400342e-01   0.0000000e+00
   7.3000000e-01   8.2022900e-01   0.0000000e+00
   7.5000000e-01   7.9734062e-01   0.0000000e+00
   7.7000000e-01   7.7942586e-01   0.0000000e+00
   7.9000000e-01   7.6390209e-01   0.0000000e+00
   8.1000000e-01   7.5076932e-01   0.0000000e+00
   8.3000000e-01   7.3420363e-01   0.0000000e+00
   8.5000000e-01   7.1946835e-01   0.0000000e+00
   8.7000000e-01   7.0656350e-01   0.0000000e+00
   8.9000000e-01   6.9333214e-01   0.0000000e+00
   9.1000000e-01   6.8162980e-01   0.0000000e+00
   9.3000000e-01   6.7145649e-01   0.0000000e+00
   9.5000000e-01   6.6449415e-01   0.0000000e+00
   9.7000000e-01   6.5810207e-01   0.0000000e+00
   9.9000000e-01   6.5228024e-01   0.0000000e+00
   1.0100000e+00   6.4693647e-01   0.0000000e+00
   1.0300000e+00   6.4159270e-01   0.0000000e+00
   1.0500000e+00   6.3624893e-01   0.0000000e+00
   1.0700000e+00   6.3126252e-01   0.0000000e+00
   1.0900000e+00   6.2648498e-01   0.0000000e+00
   1.1100000e+00   6.2191628e-01   0.0000000e+00
   1.1300000e+00   6.1776530e-01   0.0000000e+00
   1.1500000e+00   6.1381949e-01   0.0000000e+00
   1.1700000e+00   6.1007885e-01   0.0000000e+00
   1.1900000e+00   6.0633821e-01   0.0000000e+00
   1.2100000e+00   6.0259757e-01   0.0000000e+00
   1.2300000e+00   5.9885694e-01   0.0000000e+00
   1.2500000e+00   5.9511630e-01   0.0000000e+00
   1.2700000e+00   5.9147153e-01   0.0000000e+00
   1.2900000e+00   5.8792265e-01   0.0000000e+00
   1.3100000e+00   5.8479148e-01   0.0000000e+00
   1.3300000e+00   5.8188995e-01   0.0000000e+00
   1.3500000e+00   5.7921806e-01   0.0000000e+00
   1.3700000e+00   5.7703898e-01   0.0000000e+00
   1.3900000e+00   5.7450455e-01   0.0000000e+00
   1.4100000e+00   5.7161476e-01   0.0000000e+00
   1.4300000e+00   5.6892745e-01   0.0000000e+00
   1.4500000e+00   5.6672925e-01   0.0000000e+00
   1.4700000e+00   5.6502016e-01   0.0000000e+00
   1.4900000e+00   5.6420692e-01   0.0000000e+00
   1.5100000e+00   5.6068310e-01   0.0000000e+00
   1.5300000e+00   5.5444870e-01   0.0000000e+00
   1.5500000e+00   5.4821430e-01   0.0000000e+00
   1.5700000e+00   5.4197990e-01   0.0000000e+00
   1.5900000e+00   5.3574551e-01   0.0000000e+00
   1.6100000e+00   5.3112515e-01   0.0000000e+00
   1.6300000e+00   5.2774621e-01   0.0000000e+00
   1.6500000e+00   5.2560870e-01   0.0000000e+00
   1.6700000e+00   5.2347119e-01   0.0000000e+00
   1.6900000e+00   5.2158947e-01   0.0000000e+00
   1.7100000e+00   5.1996354e-01   0.0000000e+00
   1.7300000e+00   5.1875532e-01   0.0000000e+00
   1.7500000e+00   5.1733859e-01   0.0000000e+00
   1.7700000e+00   5.1571334e-01   0.0000000e+00
   1.7900000e+00   5.1389899e-01   0.0000000e+00
   1.8100000e+00   5.1245744e-01   0.0000000e+00
   1.8300000e+00   5.1138869e-01   0.0000000e+00
   1.8500000e+00   5.1031994e-01   0.0000000e+00
   1.8700000e+00   5.0925118e-01   0.0000000e+00
   1.8900000e+00   5.0818243e-01   0.0000000e+00
   1.9100000e+00   5.0745964e-01   0.0000000e+00
   1.9300000e+00   5.0683105e-01   0.0000000e+00
   1.9500000e+00   5.0629668e-01   0.0000000e+00
   1.9700000e+00   5.0576230e-01   0.0000000e+00
   1.9900000e+00   5.0522792e-01   0.0000000e+00
   2.0100000e+00   5.0469354e-01   0.0000000e+00
   2.0300000e+00   5.0362882e-01   0.0000000e+00
   2.0500000e+00   5.0276892e-01   0.0000000e+00
   2.0700000e+00   5.0211385e-01   0.0000000e+00
   2.0900000e+00   5.0157947e-01   0.0000000e+00
   2.1100000e+00   5.0095492e-01   0.0000000e+00
   2.1300000e+00   5.0024019e-01   0.0000000e+00
   2.1500000e+00   4.9923513e-01   0.0000000e+00
   2.1700000e+00   4.9846540e-01   0.0000000e+00
   2.1900000e+00   4.9793103e-01   0.0000000e+00
   2.2100000e+00   4.9739665e-01   0.0000000e+00
   2.2300000e+00   4.9686227e-01   0.0000000e+00
   2.2500000e+00   4.9632790e-01   0.0000000e+00
   2.2700000e+00   4.9529738e-01   0.0000000e+00
   2.2900000e+00   4.9411196e-01   0.0000000e+00
   2.3100000e+00   4.9277164e-01   0.0000000e+00
   2.3300000e+00   4.9222252e-01   0.0000000e+00
   2.3500000e+00   4.9141358e-01   0.0000000e+00
   2.3700000e+00   4.9034483e-01   0.0000000e+00
   2.3900000e+00   4.8927608e-01   0.0000000e+00
   2.4100000e+00   4.8820732e-01   0.0000000e+00
   2.4300000e+00   4.8713857e-01   0.0000000e+00
   2.4500000e+00   4.8606981e-01   0.0000000e+00
   2.4700000e+00   4.8504229e-01   0.0000000e+00
   2.4900000e+00   4.8405600e-01   0.0000000e+00
   2.5100000e+00   4.8352162e-01   0.0000000e+00
   2.5300000e+00   4.8273716e-01   0.0000000e+00
   2.5500000e+00   4.8170261e-01   0.0000000e+00
   2.5700000e+00   4.8063385e-01   0.0000000e+00
   2.5900000e+00   4.7929825e-01   0.0000000e+00
   2.6100000e+00   4.7769581e-01   0.0000000e+00
   2.6300000e+00   4.7585866e-01   0.0000000e+00
   2.6500000e+00   4.7440571e-01   0.0000000e+00
   2.6700000e+00   4.7333696e-01   0.0000000e+00
   2.6900000e+00   4.7226820e-01   0.0000000e+00
   2.7100000e+00   4.7074822e-01   0.0000000e+00
   2.7300000e+00   4.6877701e-01   0.0000000e+00
   2.7500000e+00   4.6730863e-01   0.0000000e+00
   2.7700000e+00   4.6593111e-01   0.0000000e+00
   2.7900000e+00   4.6464446e-01   0.0000000e+00
   2.8100000e+00   4.6304133e-01   0.0000000e+00
   2.8300000e+00   4.6143820e-01   0.0000000e+00
   2.8500000e+00   4.5983507e-01   0.0000000e+00
   2.8700000e+00   4.5875088e-01   0.0000000e+00
   2.8900000e+00   4.5747327e-01   0.0000000e+00
   2.9100000e+00   4.5600224e-01   0.0000000e+00
   2.9300000e+00   4.5439910e-01   0.0000000e+00
   2.9500000e+00   4.5279597e-01   0.0000000e+00
   2.9700000e+00   4.5119284e-01   0.0000000e+00
   2.9900000e+00   4.4969429e-01   0.0000000e+00
   3.0100000e+00   4.4867782e-01   0.0000000e+00
   3.0300000e+00   4.4814344e-01   0.0000000e+00
   2.0000000e+00   7.5214742e-01   1.0000000e+00
   2.0200000e+00   7.4947553e-01   1.0000000e+00
   2.0400000e+00   7.4680365e-01   1.0000000e+00
   2.0600000e+00   7.4495913e-01   1.0000000e+00
   2.0800000e+00   7.4278977e-01   1.0000000e+00
   2.1000000e+00   7.4029559e-01   1.0000000e+00
   2.1200000e+00   7.3726968e-01   1.0000000e+00
   2.1400000e+00   7.3448447e-01   1.0000000e+00
   2.1600000e+00   7.3193997e-01   1.0000000e+00
   2.1800000e+00   7.3033683e-01   1.0000000e+00
   2.2000000e+00   7.2825230e-01   1.0000000e+00
   2.2200000e+00   7.2568637e-01   1.0000000e+00
   2.2400000e+00   7.2374396e-01   1.0000000e+00
   2.2600000e+00   7.2184715e-01   1.0000000e+00
   2.2800000e+00   7.1999594e-01   1.0000000e+00
   2.3000000e+00   7.1798984e-01   1.0000000e+00
   2.3200000e+00   7.1618523e-01   1.0000000e+00
   2.3400000e+00   7.1458210e-01   1.0000000e+00
   2.3600000e+00   7.1297897e-01   1.0000000e+00
   2.3800000e+00   7.1115961e-01   1.0000000e+00
   2.4000000e+00   7.0912402e-01   1.0000000e+00
   2.4200000e+00   7.0698651e-01   1.0000000e+00
   2.4400000e+00   7.0484901e-01   1.0000000e+00
   2.4600000e+00   7.0271150e-01   1.0000000e+00
   2.4800000e+00   7.0057399e-01   1.0000000e+00
   2.5000000e+00   6.9843648e-01   1.0000000e+00
   2.5200000e+00   6.9629897e-01   1.0000000e+00
   2.5400000e+00   6.9516181e-01   1.0000000e+00
   2.5600000e+00   6.9386710e-01   1.0000000e+00
   2.5800000e+00   6.9241484e-01   1.0000000e+00
   2.6000000e+00   6.9107855e-01   1.0000000e+00
   2.6200000e+00   6.9002621e-01   1.0000000e+00
   2.6400000e+00   6.8925781e-01   1.0000000e+00
   2.6600000e+00   6.8922430e-01   1.0000000e+00
   2.6800000e+00   6.8894035e-01   1.0000000e+00
   2.7000000e+00   6.8840598e-01   1.0000000e+00
   2.7200000e+00   6.8832282e-01   1.0000000e+00
   2.7400000e+00   6.8811397e-01   1.0000000e+00
   2.7600000e+00   6.8777941e-01   1.0000000e+00
   2.7800000e+00   6.8702713e-01   1.0000000e+00
   2.8000000e+00   6.8616723e-01   1.0000000e+00
   2.8200000e+00   6.8519971e-01   1.0000000e+00
   2.8400000e+00   6.8466534e-01   1.0000000e+00
   2.8600000e+00   6.8387149e-01   1.0000000e+00
   2.8800000e+00   6.8281816e-01   1.0000000e+00
   2.9000000e+00   6.8255397e-01   1.0000000e+00
   2.9200000e+00   6.8199345e-01   1.0000000e+00
   2.9400000e+00   6.8113660e-01   1.0000000e+00
   2.9600000e+00   6.7936452e-01   1.0000000e+00
   2.9800000e+00   6.7740972e-01   1.0000000e+00
   3.0000000e+00   6.7527221e-01   1.0000000e+00
   3.0200000e+00   6.7313471e-01   1.0000000e+00
   3.0400000e+00   6.7123220e-01   1.0000000e+00
   3.0600000e+00   6.6956469e-01   1.0000000e+00
   3.0800000e+00   6.6796156e-01   1.0000000e+00
   3.1000000e+00   6.6671343e-01   1.0000000e+00
   3.1200000e+00   6.6582031e-01   1.0000000e+00
   3.1400000e+00   6.6570031e-01   1.0000000e+00
   3.1600000e+00   6.6537312e-01   1.0000000e+00
   3.1800000e+00   6.6483874e-01   1.0000000e+00
   3.2000000e+00   6.6430436e-01   1.0000000e+00
