   6.1000000e-01   9.7054379e-01   0.0000000e+00
   6.3000000e-01   9.5349405e-01   0.0000000e+00
   6.5000000e-01   9.2938074e-01   0.0000000e+00
   6.7000000e-01   9.0129278e-01   0.0000000e+00
   6.9000000e-01   8.6923016e-01   0.0000000e+00
   7.1000000e-01   8.4536216e-01   0.0000000e+00
   7.3000000e-01   8.2220625e-01   0.0000000e+00
   7.5000000e-01   7.9976241e-01   0.0000000e+00
   7.7000000e-01   7.8086943e-01   0.0000000e+00
   7.9000000e-01   7.6400235e-01   0.0000000e+00
   8.1000000e-01   7.4916117e-01   0.0000000e+00
   8.3000000e-01   7.3045798e-01   0.0000000e+00
   8.5000000e-01   7.1306222e-01   0.0000000e+00
   8.7000000e-01   6.9697390e-01   0.0000000e+00
   8.9000000e-01   6.8216152e-01   0.0000000e+00
   9.1000000e-01   6.6841019e-01   0.0000000e+00
   9.3000000e-01   6.5571988e-01   0.0000000e+00
   9.5000000e-01   6.4536288e-01   0.0000000e+00
   9.7000000e-01   6.3593751e-01   0.0000000e+00
   9.9000000e-01   6.2744380e-01   0.0000000e+00
   1.0100000e+00   6.1942814e-01   0.0000000e+00
   1.0300000e+00   6.1141249e-01   0.0000000e+00
   1.0500000e+00   6.0339683e-01   0.0000000e+00
   1.0700000e+00   5.9681064e-01   0.0000000e+00
   1.0900000e+00   5.9057847e-01   0.0000000e+00
   1.1100000e+00   5.8470032e-01   0.0000000e+00
   1.1300000e+00   5.7869813e-01   0.0000000e+00
   1.1500000e+00   5.7250184e-01   0.0000000e+00
   1.1700000e+00   5.6611143e-01   0.0000000e+00
   1.1900000e+00   5.6130203e-01   0.0000000e+00
   1.2100000e+00   5.5628010e-01   0.0000000e+00
   1.2300000e+00   5.5104562e-01   0.0000000e+00
   1.2500000e+00   5.4601027e-01   0.0000000e+00
   1.2700000e+00   5.4108790e-01   0.0000000e+00
   1.2900000e+00   5.3627850e-01   0.0000000e+00
   1.3100000e+00   5.3146911e-01   0.0000000e+00
   1.3300000e+00   5.2665972e-01   0.0000000e+00
   1.3500000e+00   5.2185032e-01   0.0000000e+00
   1.3700000e+00   5.1704093e-01   0.0000000e+00
   1.3900000e+00   5.1260767e-01   0.0000000e+00
   1.4100000e+00   5.0855056e-01   0.0000000e+00
   1.4300000e+00   5.0480992e-01   0.0000000e+00
   1.4500000e+00   5.0106928e-01   0.0000000e+00
   1.4700000e+00   4.9732864e-01   0.0000000e+00
   1.4900000e+00   4.9361414e-01   0.0000000e+00
   1.5100000e+00   4.9015376e-01   0.0000000e+00
   1.5300000e+00   4.8694750e-01   0.0000000e+00
   1.5500000e+00   4.8462895e-01   0.0000000e+00
   1.5700000e+00   4.8223733e-01   0.0000000e+00
   1.5900000e+00   4.7977263e-01   0.0000000e+00
   1.6100000e+00   4.7752180e-01   0.0000000e+00
   1.6300000e+00   4.7559481e-01   0.0000000e+00
   1.6500000e+00   4.7399168e-01   0.0000000e+00
   1.6700000e+00   4.7238855e-01   0.0000000e+00
   1.6900000e+00   4.7052963e-01   0.0000000e+00
   1.7100000e+00   4.6841493e-01   0.0000000e+00
   1.7300000e+00   4.6706724e-01   0.0000000e+00
   1.7500000e+00   4.6585902e-01   0.0000000e+00
   1.7700000e+00   4.6479026e-01   0.0000000e+00
   1.7900000e+00   4.6355993e-01   0.0000000e+00
   1.8100000e+00   4.6216565e-01   0.0000000e+00
   1.8300000e+00   4.6060744e-01   0.0000000e+00
   1.8500000e+00   4.5953869e-01   0.0000000e+00
   1.8700000e+00   4.5823862e-01   0.0000000e+00
   1.8900000e+00   4.5670724e-01   0.0000000e+00
   1.9100000e+00   4.5579603e-01   0.0000000e+00
   1.9300000e+00   4.5495859e-01   0.0000000e+00
   1.9500000e+00   4.5419491e-01   0.0000000e+00
   1.9700000e+00   4.5312616e-01   0.0000000e+00
   1.9900000e+00   4.5205741e-01   0.0000000e+00
   2.0100000e+00   4.5098865e-01   0.0000000e+00
   2.0300000e+00   4.5045025e-01   0.0000000e+00
   2.0500000e+00   4.4991385e-01   0.0000000e+00
   2.0700000e+00   4.4937948e-01   0.0000000e+00
   2.0900000e+00   4.4854808e-01   0.0000000e+00
   2.1100000e+00   4.4759801e-01   0.0000000e+00
   2.1300000e+00   4.4652925e-01   0.0000000e+00
   2.1500000e+00   4.4552419e-01   0.0000000e+00
   2.1700000e+00   4.4475447e-01   0.0000000e+00
   2.1900000e+00   4.4422009e-01   0.0000000e+00
   2.2100000e+00   4.4272291e-01   0.0000000e+00
   2.2300000e+00   4.4135512e-01   0.0000000e+00
   2.2500000e+00   4.4011673e-01   0.0000000e+00
   2.2700000e+00   4.3879990e-01   0.0000000e+00
   2.2900000e+00   4.3740563e-01   0.0000000e+00
   2.3100000e+00   4.3593390e-01   0.0000000e+00
   2.3300000e+00   4.3486515e-01   0.0000000e+00
   2.3500000e+00   4.3379640e-01   0.0000000e+00
   2.3700000e+00   4.3272764e-01   0.0000000e+00
   2.3900000e+00   4.3165889e-01   0.0000000e+00
   2.4100000e+00   4.3059013e-01   0.0000000e+00
   2.4300000e+00   4.2952138e-01   0.0000000e+00
   2.4500000e+00   4.2865175e-01   0.0000000e+00
   2.4700000e+00   4.2790852e-01   0.0000000e+00
   2.4900000e+00   4.2729168e-01   0.0000000e+00
   2.5100000e+00   4.2622293e-01   0.0000000e+00
   2.5300000e+00   4.2515417e-01   0.0000000e+00
   2.5500000e+00   4.2408542e-01   0.0000000e+00
   2.5700000e+00   4.2378368e-01   0.0000000e+00
   2.5900000e+00   4.2336597e-01   0.0000000e+00
   2.6100000e+00   4.2283228e-01   0.0000000e+00
   2.6300000e+00   4.2176353e-01   0.0000000e+00
   2.6500000e+00   4.2069477e-01   0.0000000e+00
   2.6700000e+00   4.1962602e-01   0.0000000e+00
   2.6900000e+00   4.1855726e-01   0.0000000e+00
   2.7100000e+00   4.1771412e-01   0.0000000e+00
   2.7300000e+00   4.1709660e-01   0.0000000e+00
   2.7500000e+00   4.1656222e-01   0.0000000e+00
   2.7700000e+00   4.1591889e-01   0.0000000e+00
   2.7900000e+00   4.1516662e-01   0.0000000e+00
   2.8100000e+00   4.1419910e-01   0.0000000e+00
   2.8300000e+00   4.1344815e-01   0.0000000e+00
   2.8500000e+00   4.1291377e-01   0.0000000e+00
   2.8700000e+00   4.1237939e-01   0.0000000e+00
   2.8900000e+00   4.1184502e-01   0.0000000e+00
   2.9100000e+00   4.1131064e-01   0.0000000e+00
   2.9300000e+00   4.1106188e-01   0.0000000e+00
   2.9500000e+00   4.1085302e-01   0.0000000e+00
   2.9700000e+00   4.1068407e-01   0.0000000e+00
   2.9900000e+00   4.1020198e-01   0.0000000e+00
   3.0100000e+00   4.0996094e-01   0.0000000e+00
   3.0300000e+00   4.0996094e-01   0.0000000e+00
   3.0500000e+00   4.0949094e-01   0.0000000e+00
   3.0700000e+00   4.0916542e-01   0.0000000e+00
   3.0900000e+00   4.0898438e-01   0.0000000e+00
   3.1100000e+00   4.0898438e-01   0.0000000e+00
   3.1300000e+00   4.0904438e-01   0.0000000e+00
   3.1500000e+00   4.0916438e-01   0.0000000e+00
   3.1700000e+00   4.0969542e-01   0.0000000e+00
   3.1900000e+00   4.0996094e-01   0.0000000e+00
   3.2100000e+00   4.0996094e-01   0.0000000e+00
   3.2300000e+00   4.1164515e-01   0.0000000e+00
   3.2500000e+00   4.1320089e-01   0.0000000e+00
   3.2700000e+00   4.1462816e-01   0.0000000e+00
   3.2900000e+00   4.1551879e-01   0.0000000e+00
   3.3100000e+00   4.1640942e-01   0.0000000e+00
   3.3300000e+00   4.1730005e-01   0.0000000e+00
   3.3500000e+00   4.1819067e-01   0.0000000e+00
   3.3700000e+00   4.1908130e-01   0.0000000e+00
   3.3900000e+00   4.1997193e-01   0.0000000e+00
   3.4100000e+00   4.2086256e-01   0.0000000e+00
   3.4300000e+00   4.2175319e-01   0.0000000e+00
   3.4500000e+00   4.2264382e-01   0.0000000e+00
   3.4700000e+00   4.2330315e-01   0.0000000e+00
   3.4900000e+00   4.2364387e-01   0.0000000e+00
   3.5100000e+00   4.2366598e-01   0.0000000e+00
   3.5300000e+00   4.2420036e-01   0.0000000e+00
   3.5500000e+00   4.2495465e-01   0.0000000e+00
   3.5700000e+00   4.2592885e-01   0.0000000e+00
   3.5900000e+00   4.2635128e-01   0.0000000e+00
   3.6100000e+00   4.2645925e-01   0.0000000e+00
   3.6300000e+00   4.2625275e-01   0.0000000e+00
   2.1600000e+00   6.8496943e-01   1.0000000e+00
   2.1800000e+00   6.8283192e-01   1.0000000e+00
   2.2000000e+00   6.8093512e-01   1.0000000e+00
   2.2200000e+00   6.7927901e-01   1.0000000e+00
   2.2400000e+00   6.7731114e-01   1.0000000e+00
   2.2600000e+00   6.7513442e-01   1.0000000e+00
   2.2800000e+00   6.7274884e-01   1.0000000e+00
   2.3000000e+00   6.7033977e-01   1.0000000e+00
   2.3200000e+00   6.6831155e-01   1.0000000e+00
   2.3400000e+00   6.6666419e-01   1.0000000e+00
   2.3600000e+00   6.6345793e-01   1.0000000e+00
   2.3800000e+00   6.6090035e-01   1.0000000e+00
   2.4000000e+00   6.5899145e-01   1.0000000e+00
   2.4200000e+00   6.5675674e-01   1.0000000e+00
   2.4400000e+00   6.5420388e-01   1.0000000e+00
   2.4600000e+00   6.5133287e-01   1.0000000e+00
   2.4800000e+00   6.4829153e-01   1.0000000e+00
   2.5000000e+00   6.4570211e-01   1.0000000e+00
   2.5200000e+00   6.4356460e-01   1.0000000e+00
   2.5400000e+00   6.4142709e-01   1.0000000e+00
   2.5600000e+00   6.3928958e-01   1.0000000e+00
   2.5800000e+00   6.3715207e-01   1.0000000e+00
   2.6000000e+00   6.3528141e-01   1.0000000e+00
   2.6200000e+00   6.3346942e-01   1.0000000e+00
   2.6400000e+00   6.3171611e-01   1.0000000e+00
   2.6600000e+00   6.2957860e-01   1.0000000e+00
   2.6800000e+00   6.2744110e-01   1.0000000e+00
   2.7000000e+00   6.2530359e-01   1.0000000e+00
   2.7200000e+00   6.2316608e-01   1.0000000e+00
   2.7400000e+00   6.2136313e-01   1.0000000e+00
   2.7600000e+00   6.1989475e-01   1.0000000e+00
   2.7800000e+00   6.1860810e-01   1.0000000e+00
   2.8000000e+00   6.1721382e-01   1.0000000e+00
   2.8200000e+00   6.1571192e-01   1.0000000e+00
   2.8400000e+00   6.1464317e-01   1.0000000e+00
   2.8600000e+00   6.1357442e-01   1.0000000e+00
   2.8800000e+00   6.1250566e-01   1.0000000e+00
   2.9000000e+00   6.1183919e-01   1.0000000e+00
   2.9200000e+00   6.1109596e-01   1.0000000e+00
   2.9400000e+00   6.1027596e-01   1.0000000e+00
   2.9600000e+00   6.0937616e-01   1.0000000e+00
   2.9800000e+00   6.0868521e-01   1.0000000e+00
   3.0000000e+00   6.0820312e-01   1.0000000e+00
   3.0200000e+00   6.0820312e-01   1.0000000e+00
   3.0400000e+00   6.0773313e-01   1.0000000e+00
   3.0600000e+00   6.0679313e-01   1.0000000e+00
   3.0800000e+00   6.0607771e-01   1.0000000e+00
   3.1000000e+00   6.0533447e-01   1.0000000e+00
   3.1200000e+00   6.0456343e-01   1.0000000e+00
   3.1400000e+00   6.0361468e-01   1.0000000e+00
   3.1600000e+00   6.0287312e-01   1.0000000e+00
   3.1800000e+00   6.0233874e-01   1.0000000e+00
   3.2000000e+00   6.0180436e-01   1.0000000e+00
   3.2200000e+00   6.0169104e-01   1.0000000e+00
   3.2400000e+00   6.0199877e-01   1.0000000e+00
