   6.1000000e-01   9.5993100e-01   0.0000000e+00
   6.3000000e-01   9.4493630e-01   0.0000000e+00
   6.5000000e-01   9.2165773e-01   0.0000000e+00
   6.7000000e-01   8.9639183e-01   0.0000000e+00
   6.9000000e-01   8.6913860e-01   0.0000000e+00
   7.1000000e-01   8.4916949e-01   0.0000000e+00
   7.3000000e-01   8.2983333e-01   0.0000000e+00
   7.5000000e-01   8.1113014e-01   0.0000000e+00
   7.7000000e-01   7.9442429e-01   0.0000000e+00
   7.9000000e-01   7.7907184e-01   0.0000000e+00
   8.1000000e-01   7.6507277e-01   0.0000000e+00
   8.3000000e-01   7.5064459e-01   0.0000000e+00
   8.5000000e-01   7.3752385e-01   0.0000000e+00
   8.7000000e-01   7.2571055e-01   0.0000000e+00
   8.9000000e-01   7.1436057e-01   0.0000000e+00
   9.1000000e-01   7.0408838e-01   0.0000000e+00
   9.3000000e-01   6.9489398e-01   0.0000000e+00
   9.5000000e-01   6.8723972e-01   0.0000000e+00
   9.7000000e-01   6.7948924e-01   0.0000000e+00
   9.9000000e-01   6.7164254e-01   0.0000000e+00
   1.0100000e+00   6.6523001e-01   0.0000000e+00
   1.0300000e+00   6.5929152e-01   0.0000000e+00
   1.0500000e+00   6.5382705e-01   0.0000000e+00
   1.0700000e+00   6.4848328e-01   0.0000000e+00
   1.0900000e+00   6.4325986e-01   0.0000000e+00
   1.1100000e+00   6.3815679e-01   0.0000000e+00
   1.1300000e+00   6.3334740e-01   0.0000000e+00
   1.1500000e+00   6.2853801e-01   0.0000000e+00
   1.1700000e+00   6.2372861e-01   0.0000000e+00
   1.1900000e+00   6.1891922e-01   0.0000000e+00
   1.2100000e+00   6.1432237e-01   0.0000000e+00
   1.2300000e+00   6.0993806e-01   0.0000000e+00
   1.2500000e+00   6.0627988e-01   0.0000000e+00
   1.2700000e+00   6.0265591e-01   0.0000000e+00
   1.2900000e+00   5.9906614e-01   0.0000000e+00
   1.3100000e+00   5.9494130e-01   0.0000000e+00
   1.3300000e+00   5.9127575e-01   0.0000000e+00
   1.3500000e+00   5.8806949e-01   0.0000000e+00
   1.3700000e+00   5.8437042e-01   0.0000000e+00
   1.3900000e+00   5.8102671e-01   0.0000000e+00
   1.4100000e+00   5.7803834e-01   0.0000000e+00
   1.4300000e+00   5.7536646e-01   0.0000000e+00
   1.4500000e+00   5.7262317e-01   0.0000000e+00
   1.4700000e+00   5.6980848e-01   0.0000000e+00
   1.4900000e+00   5.6665450e-01   0.0000000e+00
   1.5100000e+00   5.6400876e-01   0.0000000e+00
   1.5300000e+00   5.6187125e-01   0.0000000e+00
   1.5500000e+00   5.6017760e-01   0.0000000e+00
   1.5700000e+00   5.5836561e-01   0.0000000e+00
   1.5900000e+00   5.5643529e-01   0.0000000e+00
   1.6100000e+00   5.5408725e-01   0.0000000e+00
   1.6300000e+00   5.5167116e-01   0.0000000e+00
   1.6500000e+00   5.4918700e-01   0.0000000e+00
   1.6700000e+00   5.4758386e-01   0.0000000e+00
   1.6900000e+00   5.4572495e-01   0.0000000e+00
   1.7100000e+00   5.4361024e-01   0.0000000e+00
   1.7300000e+00   5.4186764e-01   0.0000000e+00
   1.7500000e+00   5.4033390e-01   0.0000000e+00
   1.7700000e+00   5.3900901e-01   0.0000000e+00
   1.7900000e+00   5.3777868e-01   0.0000000e+00
   1.8100000e+00   5.3638440e-01   0.0000000e+00
   1.8300000e+00   5.3482619e-01   0.0000000e+00
   1.8500000e+00   5.3375744e-01   0.0000000e+00
   1.8700000e+00   5.3245737e-01   0.0000000e+00
   1.8900000e+00   5.3092598e-01   0.0000000e+00
   1.9100000e+00   5.2966882e-01   0.0000000e+00
   1.9300000e+00   5.2839121e-01   0.0000000e+00
   1.9500000e+00   5.2709315e-01   0.0000000e+00
   1.9700000e+00   5.2549002e-01   0.0000000e+00
   1.9900000e+00   5.2388689e-01   0.0000000e+00
   2.0100000e+00   5.2228376e-01   0.0000000e+00
   2.0300000e+00   5.2121098e-01   0.0000000e+00
   2.0500000e+00   5.1972652e-01   0.0000000e+00
   2.0700000e+00   5.1783041e-01   0.0000000e+00
   2.0900000e+00   5.1628693e-01   0.0000000e+00
   2.1100000e+00   5.1480047e-01   0.0000000e+00
   2.1300000e+00   5.1337101e-01   0.0000000e+00
   2.1500000e+00   5.1136088e-01   0.0000000e+00
   2.1700000e+00   5.0982143e-01   0.0000000e+00
   2.1900000e+00   5.0875268e-01   0.0000000e+00
   2.2100000e+00   5.0768392e-01   0.0000000e+00
   2.2300000e+00   5.0643280e-01   0.0000000e+00
   2.2500000e+00   5.0499931e-01   0.0000000e+00
   2.2700000e+00   5.0339618e-01   0.0000000e+00
   2.2900000e+00   5.0185875e-01   0.0000000e+00
   2.3100000e+00   5.0038703e-01   0.0000000e+00
   2.3300000e+00   4.9931828e-01   0.0000000e+00
   2.3500000e+00   4.9824952e-01   0.0000000e+00
   2.3700000e+00   4.9718077e-01   0.0000000e+00
   2.3900000e+00   4.9524710e-01   0.0000000e+00
   2.4100000e+00   4.9352731e-01   0.0000000e+00
   2.4300000e+00   4.9202138e-01   0.0000000e+00
   2.4500000e+00   4.9075350e-01   0.0000000e+00
   2.4700000e+00   4.8935922e-01   0.0000000e+00
   2.4900000e+00   4.8783856e-01   0.0000000e+00
   2.5100000e+00   4.8676980e-01   0.0000000e+00
   2.5300000e+00   4.8545096e-01   0.0000000e+00
   2.5500000e+00   4.8388203e-01   0.0000000e+00
   2.5700000e+00   4.8304592e-01   0.0000000e+00
   2.5900000e+00   4.8222725e-01   0.0000000e+00
   2.6100000e+00   4.8142603e-01   0.0000000e+00
   2.6300000e+00   4.8035728e-01   0.0000000e+00
   2.6500000e+00   4.7928852e-01   0.0000000e+00
   2.6700000e+00   4.7821977e-01   0.0000000e+00
   2.6900000e+00   4.7715101e-01   0.0000000e+00
   2.7100000e+00   4.7630787e-01   0.0000000e+00
   2.7300000e+00   4.7569035e-01   0.0000000e+00
   2.7500000e+00   4.7482141e-01   0.0000000e+00
   2.7700000e+00   4.7385256e-01   0.0000000e+00
   2.7900000e+00   4.7278381e-01   0.0000000e+00
   2.8100000e+00   4.7171505e-01   0.0000000e+00
   2.8300000e+00   4.7064630e-01   0.0000000e+00
   2.8500000e+00   4.6957754e-01   0.0000000e+00
   2.8700000e+00   4.6850879e-01   0.0000000e+00
   2.8900000e+00   4.6744004e-01   0.0000000e+00
   2.9100000e+00   4.6637128e-01   0.0000000e+00
   2.9300000e+00   4.6530253e-01   0.0000000e+00
   2.9500000e+00   4.6423377e-01   0.0000000e+00
   2.9700000e+00   4.6316502e-01   0.0000000e+00
   2.9900000e+00   4.6209627e-01   0.0000000e+00
   3.0100000e+00   4.6102751e-01   0.0000000e+00
   3.0300000e+00   4.5995876e-01   0.0000000e+00
   3.0500000e+00   4.5795000e-01   0.0000000e+00
   3.0700000e+00   4.5640688e-01   0.0000000e+00
   3.0900000e+00   4.5532937e-01   0.0000000e+00
   3.1100000e+00   4.5455833e-01   0.0000000e+00
   3.1300000e+00   4.5363842e-01   0.0000000e+00
   3.1500000e+00   4.5256967e-01   0.0000000e+00
   3.1700000e+00   4.5150092e-01   0.0000000e+00
   3.1900000e+00   4.5043216e-01   0.0000000e+00
   3.2100000e+00   4.4936341e-01   0.0000000e+00
