   6.0000000e-01   9.8069391e-01   0.0000000e+00
   6.2000000e-01   9.6763219e-01   0.0000000e+00
   6.4000000e-01   9.5350741e-01   0.0000000e+00
   6.6000000e-01   9.3831959e-01   0.0000000e+00
   6.8000000e-01   9.2015077e-01   0.0000000e+00
   7.0000000e-01   9.0129906e-01   0.0000000e+00
   7.2000000e-01   8.8176447e-01   0.0000000e+00
   7.4000000e-01   8.6063815e-01   0.0000000e+00
   7.6000000e-01   8.4078472e-01   0.0000000e+00
   7.8000000e-01   8.2220418e-01   0.0000000e+00
   8.0000000e-01   8.0788933e-01   0.0000000e+00
   8.2000000e-01   7.9271624e-01   0.0000000e+00
   8.4000000e-01   7.7668493e-01   0.0000000e+00
   8.6000000e-01   7.6326850e-01   0.0000000e+00
   8.8000000e-01   7.5028688e-01   0.0000000e+00
   9.0000000e-01   7.3774008e-01   0.0000000e+00
   9.2000000e-01   7.2718729e-01   0.0000000e+00
   9.4000000e-01   7.1754167e-01   0.0000000e+00
   9.6000000e-01   7.0880322e-01   0.0000000e+00
   9.8000000e-01   7.0101283e-01   0.0000000e+00
   1.0000000e+00   6.9417857e-01   0.0000000e+00
   1.0200000e+00   6.8830042e-01   0.0000000e+00
   1.0400000e+00   6.8242227e-01   0.0000000e+00
   1.0600000e+00   6.7690149e-01   0.0000000e+00
   1.0800000e+00   6.7173807e-01   0.0000000e+00
   1.1000000e+00   6.6716938e-01   0.0000000e+00
   1.1200000e+00   6.6274752e-01   0.0000000e+00
   1.1400000e+00   6.5847251e-01   0.0000000e+00
   1.1600000e+00   6.5419012e-01   0.0000000e+00
   1.1800000e+00   6.4964423e-01   0.0000000e+00
   1.2000000e+00   6.4483484e-01   0.0000000e+00
   1.2200000e+00   6.4130069e-01   0.0000000e+00
   1.2400000e+00   6.3777628e-01   0.0000000e+00
   1.2600000e+00   6.3426160e-01   0.0000000e+00
   1.2800000e+00   6.3052096e-01   0.0000000e+00
   1.3000000e+00   6.2678032e-01   0.0000000e+00
   1.3200000e+00   6.2303968e-01   0.0000000e+00
   1.3400000e+00   6.1929904e-01   0.0000000e+00
   1.3600000e+00   6.1531200e-01   0.0000000e+00
   1.3800000e+00   6.1107856e-01   0.0000000e+00
   1.4000000e+00   6.0680355e-01   0.0000000e+00
   1.4200000e+00   6.0239879e-01   0.0000000e+00
   1.4400000e+00   5.9786430e-01   0.0000000e+00
   1.4600000e+00   5.9305491e-01   0.0000000e+00
   1.4800000e+00   5.8825859e-01   0.0000000e+00
   1.5000000e+00   5.8347534e-01   0.0000000e+00
   1.5200000e+00   5.7920032e-01   0.0000000e+00
   1.5400000e+00   5.7470338e-01   0.0000000e+00
   1.5600000e+00   5.6998451e-01   0.0000000e+00
   1.5800000e+00   5.6550230e-01   0.0000000e+00
   1.6000000e+00   5.6165001e-01   0.0000000e+00
   1.6200000e+00   5.5842763e-01   0.0000000e+00
   1.6400000e+00   5.5654291e-01   0.0000000e+00
   1.6600000e+00   5.5399742e-01   0.0000000e+00
   1.6800000e+00   5.5079116e-01   0.0000000e+00
   1.7000000e+00   5.4911962e-01   0.0000000e+00
   1.7200000e+00   5.4748229e-01   0.0000000e+00
   1.7400000e+00   5.4587915e-01   0.0000000e+00
   1.7600000e+00   5.4427602e-01   0.0000000e+00
   1.7800000e+00   5.4275368e-01   0.0000000e+00
   1.8000000e+00   5.4131213e-01   0.0000000e+00
   1.8200000e+00   5.4024338e-01   0.0000000e+00
   1.8400000e+00   5.3917463e-01   0.0000000e+00
   1.8600000e+00   5.3810587e-01   0.0000000e+00
   1.8800000e+00   5.3657449e-01   0.0000000e+00
   1.9000000e+00   5.3483425e-01   0.0000000e+00
   1.9200000e+00   5.3288515e-01   0.0000000e+00
   1.9400000e+00   5.3097695e-01   0.0000000e+00
   1.9600000e+00   5.2916496e-01   0.0000000e+00
   1.9800000e+00   5.2744919e-01   0.0000000e+00
   2.0000000e+00   5.2531168e-01   0.0000000e+00
   2.0200000e+00   5.2370452e-01   0.0000000e+00
   2.0400000e+00   5.2262771e-01   0.0000000e+00
   2.0600000e+00   5.2073159e-01   0.0000000e+00
   2.0800000e+00   5.1871478e-01   0.0000000e+00
   2.1000000e+00   5.1657727e-01   0.0000000e+00
   2.1200000e+00   5.1480047e-01   0.0000000e+00
   2.1400000e+00   5.1337769e-01   0.0000000e+00
   2.1600000e+00   5.1230893e-01   0.0000000e+00
   2.1800000e+00   5.1124018e-01   0.0000000e+00
   2.2000000e+00   5.0993073e-01   0.0000000e+00
   2.2200000e+00   5.0838057e-01   0.0000000e+00
   2.2400000e+00   5.0677744e-01   0.0000000e+00
   2.2600000e+00   5.0529835e-01   0.0000000e+00
   2.2800000e+00   5.0394328e-01   0.0000000e+00
   2.3000000e+00   5.0261172e-01   0.0000000e+00
   2.3200000e+00   5.0089192e-01   0.0000000e+00
   2.3400000e+00   4.9878390e-01   0.0000000e+00
   2.3600000e+00   4.9771514e-01   0.0000000e+00
   2.3800000e+00   4.9621394e-01   0.0000000e+00
   2.4000000e+00   4.9428027e-01   0.0000000e+00
   2.4200000e+00   4.9245855e-01   0.0000000e+00
   2.4400000e+00   4.9074613e-01   0.0000000e+00
   2.4600000e+00   4.8914300e-01   0.0000000e+00
   2.4800000e+00   4.8762233e-01   0.0000000e+00
   2.5000000e+00   4.8632761e-01   0.0000000e+00
   2.5200000e+00   4.8525886e-01   0.0000000e+00
   2.5400000e+00   4.8419011e-01   0.0000000e+00
   2.5600000e+00   4.8292960e-01   0.0000000e+00
   2.5800000e+00   4.8147734e-01   0.0000000e+00
   2.6000000e+00   4.8014105e-01   0.0000000e+00
   2.6200000e+00   4.7893853e-01   0.0000000e+00
   2.6400000e+00   4.7786977e-01   0.0000000e+00
   2.6600000e+00   4.7683453e-01   0.0000000e+00
   2.6800000e+00   4.7604973e-01   0.0000000e+00
   2.7000000e+00   4.7551535e-01   0.0000000e+00
   2.7200000e+00   4.7498097e-01   0.0000000e+00
   2.7400000e+00   4.7427931e-01   0.0000000e+00
   2.7600000e+00   4.7341037e-01   0.0000000e+00
   2.7800000e+00   4.7234162e-01   0.0000000e+00
   2.8000000e+00   4.7127287e-01   0.0000000e+00
   2.8200000e+00   4.7020411e-01   0.0000000e+00
   2.8400000e+00   4.6913536e-01   0.0000000e+00
   2.8600000e+00   4.6832608e-01   0.0000000e+00
   2.8800000e+00   4.6777627e-01   0.0000000e+00
   2.9000000e+00   4.6683961e-01   0.0000000e+00
   2.9200000e+00   4.6583690e-01   0.0000000e+00
   2.9400000e+00   4.6476815e-01   0.0000000e+00
   2.9600000e+00   4.6386835e-01   0.0000000e+00
   2.9800000e+00   4.6309897e-01   0.0000000e+00
   3.0000000e+00   4.6246002e-01   0.0000000e+00
   3.0200000e+00   4.6085689e-01   0.0000000e+00
   3.0400000e+00   4.5972376e-01   0.0000000e+00
   3.0600000e+00   4.5906063e-01   0.0000000e+00
   3.0800000e+00   4.5781958e-01   0.0000000e+00
   3.1000000e+00   4.5651582e-01   0.0000000e+00
   3.1200000e+00   4.5514936e-01   0.0000000e+00
   3.1400000e+00   4.5408061e-01   0.0000000e+00
   3.1600000e+00   4.5301353e-01   0.0000000e+00
   3.1800000e+00   4.5194811e-01   0.0000000e+00
   3.2000000e+00   4.5141374e-01   0.0000000e+00
   3.2200000e+00   4.5066883e-01   0.0000000e+00
   3.2400000e+00   4.4971340e-01   0.0000000e+00
   3.2600000e+00   4.4864465e-01   0.0000000e+00
   3.2800000e+00   4.4766976e-01   0.0000000e+00
   3.3000000e+00   4.4678873e-01   0.0000000e+00
   3.3200000e+00   4.4632541e-01   0.0000000e+00
   3.3400000e+00   4.4609375e-01   0.0000000e+00
   3.3600000e+00   4.4609375e-01   0.0000000e+00
   3.3800000e+00   4.4462743e-01   0.0000000e+00
   3.4000000e+00   4.4327876e-01   0.0000000e+00
   3.4200000e+00   4.4204774e-01   0.0000000e+00
   2.0100000e+00   8.0548688e-01   1.0000000e+00
   2.0300000e+00   8.0494445e-01   1.0000000e+00
   2.0500000e+00   8.0337184e-01   1.0000000e+00
   2.0700000e+00   8.0076905e-01   1.0000000e+00
   2.0900000e+00   7.9845384e-01   1.0000000e+00
   2.1100000e+00   7.9658484e-01   1.0000000e+00
   2.1300000e+00   7.9516207e-01   1.0000000e+00
   2.1500000e+00   7.9409331e-01   1.0000000e+00
   2.1700000e+00   7.9302456e-01   1.0000000e+00
   2.1900000e+00   7.9195580e-01   1.0000000e+00
   2.2100000e+00   7.9040565e-01   1.0000000e+00
   2.2300000e+00   7.8901137e-01   1.0000000e+00
   2.2500000e+00   7.8777298e-01   1.0000000e+00
   2.2700000e+00   7.8645615e-01   1.0000000e+00
   2.2900000e+00   7.8493047e-01   1.0000000e+00
   2.3100000e+00   7.8319593e-01   1.0000000e+00
   2.3300000e+00   7.8108791e-01   1.0000000e+00
   2.3500000e+00   7.7949952e-01   1.0000000e+00
   2.3700000e+00   7.7843077e-01   1.0000000e+00
   2.3900000e+00   7.7649710e-01   1.0000000e+00
   2.4100000e+00   7.7461941e-01   1.0000000e+00
   2.4300000e+00   7.7279769e-01   1.0000000e+00
   2.4500000e+00   7.7139369e-01   1.0000000e+00
   2.4700000e+00   7.7007485e-01   1.0000000e+00
   2.4900000e+00   7.6884117e-01   1.0000000e+00
   2.5100000e+00   7.6670366e-01   1.0000000e+00
   2.5300000e+00   7.6506633e-01   1.0000000e+00
   2.5500000e+00   7.6392917e-01   1.0000000e+00
   2.5700000e+00   7.6247691e-01   1.0000000e+00
   2.5900000e+00   7.6108263e-01   1.0000000e+00
   2.6100000e+00   7.5974634e-01   1.0000000e+00
   2.6300000e+00   7.5852741e-01   1.0000000e+00
   2.6500000e+00   7.5709962e-01   1.0000000e+00
   2.6700000e+00   7.5546297e-01   1.0000000e+00
   2.6900000e+00   7.5332547e-01   1.0000000e+00
   2.7100000e+00   7.5163918e-01   1.0000000e+00
   2.7300000e+00   7.5040413e-01   1.0000000e+00
   2.7500000e+00   7.4900081e-01   1.0000000e+00
   2.7700000e+00   7.4749759e-01   1.0000000e+00
   2.7900000e+00   7.4589446e-01   1.0000000e+00
   2.8100000e+00   7.4439256e-01   1.0000000e+00
   2.8300000e+00   7.4310724e-01   1.0000000e+00
   2.8500000e+00   7.4203848e-01   1.0000000e+00
   2.8700000e+00   7.4096973e-01   1.0000000e+00
   2.8900000e+00   7.3969983e-01   1.0000000e+00
   2.9100000e+00   7.3822880e-01   1.0000000e+00
   2.9300000e+00   7.3662567e-01   1.0000000e+00
   2.9500000e+00   7.3502254e-01   1.0000000e+00
   2.9700000e+00   7.3341940e-01   1.0000000e+00
   2.9900000e+00   7.3186856e-01   1.0000000e+00
   3.0100000e+00   7.3055876e-01   1.0000000e+00
   3.0300000e+00   7.2949001e-01   1.0000000e+00
   3.0500000e+00   7.2795125e-01   1.0000000e+00
   3.0700000e+00   7.2673365e-01   1.0000000e+00
   3.0900000e+00   7.2583718e-01   1.0000000e+00
   3.1100000e+00   7.2482947e-01   1.0000000e+00
   3.1300000e+00   7.2358405e-01   1.0000000e+00
   3.1500000e+00   7.2210092e-01   1.0000000e+00
   3.1700000e+00   7.2103217e-01   1.0000000e+00
   3.1900000e+00   7.1996341e-01   1.0000000e+00
   3.2100000e+00   7.1889466e-01   1.0000000e+00
   3.2300000e+00   7.1782590e-01   1.0000000e+00
   3.2500000e+00   7.1645276e-01   1.0000000e+00
   3.2700000e+00   7.1477523e-01   1.0000000e+00
