   6.0000000e-01   9.7573266e-01   0.0000000e+00
   6.2000000e-01   9.5922801e-01   0.0000000e+00
   6.4000000e-01   9.4063480e-01   0.0000000e+00
   6.6000000e-01   9.1995302e-01   0.0000000e+00
   6.8000000e-01   8.9430292e-01   0.0000000e+00
   7.0000000e-01   8.7001860e-01   0.0000000e+00
   7.2000000e-01   8.4710004e-01   0.0000000e+00
   7.4000000e-01   8.2634917e-01   0.0000000e+00
   7.6000000e-01   8.0730836e-01   0.0000000e+00
   7.8000000e-01   7.8997762e-01   0.0000000e+00
   8.0000000e-01   7.7587329e-01   0.0000000e+00
   8.2000000e-01   7.6133985e-01   0.0000000e+00
   8.4000000e-01   7.4637729e-01   0.0000000e+00
   8.6000000e-01   7.3402961e-01   0.0000000e+00
   8.8000000e-01   7.2231990e-01   0.0000000e+00
   9.0000000e-01   7.1124816e-01   0.0000000e+00
   9.2000000e-01   7.0287780e-01   0.0000000e+00
   9.4000000e-01   6.9565933e-01   0.0000000e+00
   9.6000000e-01   6.8959277e-01   0.0000000e+00
   9.8000000e-01   6.8430532e-01   0.0000000e+00
   1.0000000e+00   6.7925690e-01   0.0000000e+00
   1.0200000e+00   6.7444750e-01   0.0000000e+00
   1.0400000e+00   6.7011214e-01   0.0000000e+00
   1.0600000e+00   6.6598563e-01   0.0000000e+00
   1.0800000e+00   6.6206798e-01   0.0000000e+00
   1.1000000e+00   6.5832734e-01   0.0000000e+00
   1.1200000e+00   6.5464872e-01   0.0000000e+00
   1.1400000e+00   6.5103211e-01   0.0000000e+00
   1.1600000e+00   6.4781848e-01   0.0000000e+00
   1.1800000e+00   6.4434135e-01   0.0000000e+00
   1.2000000e+00   6.4060071e-01   0.0000000e+00
   1.2200000e+00   6.3728515e-01   0.0000000e+00
   1.2400000e+00   6.3387003e-01   0.0000000e+00
   1.2600000e+00   6.3035535e-01   0.0000000e+00
   1.2800000e+00   6.2661471e-01   0.0000000e+00
   1.3000000e+00   6.2287407e-01   0.0000000e+00
   1.3200000e+00   6.1913343e-01   0.0000000e+00
   1.3400000e+00   6.1539279e-01   0.0000000e+00
   1.3600000e+00   6.1165215e-01   0.0000000e+00
   1.3800000e+00   6.0791151e-01   0.0000000e+00
   1.4000000e+00   6.0454701e-01   0.0000000e+00
   1.4200000e+00   6.0126163e-01   0.0000000e+00
   1.4400000e+00   5.9805537e-01   0.0000000e+00
   1.4600000e+00   5.9484911e-01   0.0000000e+00
   1.4800000e+00   5.9165592e-01   0.0000000e+00
   1.5000000e+00   5.8847580e-01   0.0000000e+00
   1.5200000e+00   5.8580391e-01   0.0000000e+00
   1.5400000e+00   5.8291010e-01   0.0000000e+00
   1.5600000e+00   5.7979436e-01   0.0000000e+00
   1.5800000e+00   5.7691529e-01   0.0000000e+00
   1.6000000e+00   5.7435034e-01   0.0000000e+00
   1.6200000e+00   5.7209951e-01   0.0000000e+00
   1.6400000e+00   5.7040251e-01   0.0000000e+00
   1.6600000e+00   5.6848526e-01   0.0000000e+00
   1.6800000e+00   5.6634775e-01   0.0000000e+00
   1.7000000e+00   5.6421024e-01   0.0000000e+00
   1.7200000e+00   5.6207274e-01   0.0000000e+00
   1.7400000e+00   5.5993523e-01   0.0000000e+00
   1.7600000e+00   5.5807597e-01   0.0000000e+00
   1.7800000e+00   5.5642556e-01   0.0000000e+00
   1.8000000e+00   5.5498401e-01   0.0000000e+00
   1.8200000e+00   5.5382542e-01   0.0000000e+00
   1.8400000e+00   5.5217738e-01   0.0000000e+00
   1.8600000e+00   5.5003987e-01   0.0000000e+00
   1.8800000e+00   5.4882762e-01   0.0000000e+00
   1.9000000e+00   5.4751413e-01   0.0000000e+00
   1.9200000e+00   5.4609941e-01   0.0000000e+00
   1.9400000e+00   5.4449628e-01   0.0000000e+00
   1.9600000e+00   5.4294947e-01   0.0000000e+00
   1.9800000e+00   5.4145897e-01   0.0000000e+00
   2.0000000e+00   5.4039022e-01   0.0000000e+00
   2.0200000e+00   5.3932146e-01   0.0000000e+00
   2.0400000e+00   5.3825271e-01   0.0000000e+00
   2.0600000e+00   5.3635659e-01   0.0000000e+00
   2.0800000e+00   5.3463679e-01   0.0000000e+00
   2.1000000e+00   5.3309332e-01   0.0000000e+00
   2.1200000e+00   5.3184421e-01   0.0000000e+00
   2.1400000e+00   5.3041810e-01   0.0000000e+00
   2.1600000e+00   5.2881497e-01   0.0000000e+00
   2.1800000e+00   5.2721183e-01   0.0000000e+00
   2.2000000e+00   5.2560870e-01   0.0000000e+00
   2.2200000e+00   5.2400557e-01   0.0000000e+00
   2.2400000e+00   5.2240244e-01   0.0000000e+00
   2.2600000e+00   5.2092334e-01   0.0000000e+00
   2.2800000e+00   5.1956828e-01   0.0000000e+00
   2.3000000e+00   5.1823672e-01   0.0000000e+00
   2.3200000e+00   5.1651692e-01   0.0000000e+00
   2.3400000e+00   5.1440890e-01   0.0000000e+00
   2.3600000e+00   5.1334014e-01   0.0000000e+00
   2.3800000e+00   5.1227139e-01   0.0000000e+00
   2.4000000e+00   5.1120264e-01   0.0000000e+00
   2.4200000e+00   5.0950230e-01   0.0000000e+00
   2.4400000e+00   5.0768294e-01   0.0000000e+00
   2.4600000e+00   5.0574456e-01   0.0000000e+00
   2.4800000e+00   5.0414143e-01   0.0000000e+00
   2.5000000e+00   5.0253830e-01   0.0000000e+00
   2.5200000e+00   5.0093517e-01   0.0000000e+00
   2.5400000e+00   4.9933204e-01   0.0000000e+00
   2.5600000e+00   4.9753715e-01   0.0000000e+00
   2.5800000e+00   4.9555051e-01   0.0000000e+00
   2.6000000e+00   4.9367985e-01   0.0000000e+00
   2.6200000e+00   4.9186786e-01   0.0000000e+00
   2.6400000e+00   4.9011455e-01   0.0000000e+00
   2.6600000e+00   4.8804407e-01   0.0000000e+00
   2.6800000e+00   4.8647445e-01   0.0000000e+00
   2.7000000e+00   4.8540570e-01   0.0000000e+00
   2.7200000e+00   4.8433695e-01   0.0000000e+00
   2.7400000e+00   4.8326819e-01   0.0000000e+00
   2.7600000e+00   4.8219944e-01   0.0000000e+00
   2.7800000e+00   4.8091279e-01   0.0000000e+00
   2.8000000e+00   4.7951851e-01   0.0000000e+00
   2.8200000e+00   4.7801661e-01   0.0000000e+00
   2.8400000e+00   4.7694786e-01   0.0000000e+00
   2.8600000e+00   4.7587910e-01   0.0000000e+00
   2.8800000e+00   4.7481035e-01   0.0000000e+00
   2.9000000e+00   4.7333932e-01   0.0000000e+00
   2.9200000e+00   4.7208785e-01   0.0000000e+00
   2.9400000e+00   4.7105595e-01   0.0000000e+00
   2.9600000e+00   4.7018367e-01   0.0000000e+00
   2.9800000e+00   4.6897211e-01   0.0000000e+00
   3.0000000e+00   4.6742126e-01   0.0000000e+00
   3.0200000e+00   4.6635251e-01   0.0000000e+00
   3.0400000e+00   4.6528375e-01   0.0000000e+00
   3.0600000e+00   4.6421500e-01   0.0000000e+00
   3.0800000e+00   4.6314625e-01   0.0000000e+00
   3.1000000e+00   4.6172249e-01   0.0000000e+00
   3.1200000e+00   4.5994372e-01   0.0000000e+00
   3.1400000e+00   4.5763185e-01   0.0000000e+00
   2.2500000e+00   7.6140579e-01   1.0000000e+00
   2.2700000e+00   7.6008897e-01   1.0000000e+00
   2.2900000e+00   7.5862899e-01   1.0000000e+00
   2.3100000e+00   7.5702586e-01   1.0000000e+00
   2.3300000e+00   7.5542272e-01   1.0000000e+00
   2.3500000e+00   7.5381959e-01   1.0000000e+00
   2.3700000e+00   7.5221646e-01   1.0000000e+00
   2.3900000e+00   7.4931597e-01   1.0000000e+00
   2.4100000e+00   7.4673627e-01   1.0000000e+00
   2.4300000e+00   7.4447738e-01   1.0000000e+00
   2.4500000e+00   7.4247600e-01   1.0000000e+00
   2.4700000e+00   7.4022183e-01   1.0000000e+00
   2.4900000e+00   7.3771486e-01   1.0000000e+00
   2.5100000e+00   7.3611173e-01   1.0000000e+00
   2.5300000e+00   7.3425851e-01   1.0000000e+00
   2.5500000e+00   7.3215521e-01   1.0000000e+00
   2.5700000e+00   7.3001770e-01   1.0000000e+00
   2.5900000e+00   7.2814704e-01   1.0000000e+00
   2.6100000e+00   7.2654322e-01   1.0000000e+00
   2.6300000e+00   7.2547446e-01   1.0000000e+00
   2.6500000e+00   7.2440571e-01   1.0000000e+00
   2.6700000e+00   7.2333696e-01   1.0000000e+00
   2.6900000e+00   7.2226820e-01   1.0000000e+00
   2.7100000e+00   7.2097383e-01   1.0000000e+00
   2.7300000e+00   7.1945385e-01   1.0000000e+00
   2.7500000e+00   7.1818528e-01   1.0000000e+00
   2.7700000e+00   7.1679873e-01   1.0000000e+00
   2.7900000e+00   7.1529418e-01   1.0000000e+00
   2.8100000e+00   7.1315667e-01   1.0000000e+00
   2.8300000e+00   7.1101916e-01   1.0000000e+00
   2.8500000e+00   7.0888165e-01   1.0000000e+00
   2.8700000e+00   7.0674414e-01   1.0000000e+00
   2.8900000e+00   7.0460663e-01   1.0000000e+00
   2.9100000e+00   7.0246913e-01   1.0000000e+00
   2.9300000e+00   7.0004600e-01   1.0000000e+00
   2.9500000e+00   6.9766745e-01   1.0000000e+00
   2.9700000e+00   6.9533347e-01   1.0000000e+00
   2.9900000e+00   6.9378262e-01   1.0000000e+00
   3.0100000e+00   6.9247282e-01   1.0000000e+00
   3.0300000e+00   6.9140407e-01   1.0000000e+00
   3.0500000e+00   6.8939532e-01   1.0000000e+00
   3.0700000e+00   6.8749885e-01   1.0000000e+00
   3.0900000e+00   6.8571468e-01   1.0000000e+00
   3.1100000e+00   6.8411155e-01   1.0000000e+00
   3.1300000e+00   6.8250842e-01   1.0000000e+00
   3.1500000e+00   6.8090529e-01   1.0000000e+00
   3.1700000e+00   6.7929882e-01   1.0000000e+00
   3.1900000e+00   6.7742682e-01   1.0000000e+00
   3.2100000e+00   6.7528932e-01   1.0000000e+00
   3.2300000e+00   6.7273075e-01   1.0000000e+00
   3.2500000e+00   6.7011553e-01   1.0000000e+00
   3.2700000e+00   6.6744365e-01   1.0000000e+00
   3.2900000e+00   6.6495949e-01   1.0000000e+00
   3.3100000e+00   6.6271971e-01   1.0000000e+00
   3.3300000e+00   6.6072432e-01   1.0000000e+00
   3.3500000e+00   6.5965557e-01   1.0000000e+00
   3.3700000e+00   6.5834243e-01   1.0000000e+00
   3.3900000e+00   6.5678490e-01   1.0000000e+00
   3.4100000e+00   6.5518177e-01   1.0000000e+00
   3.4300000e+00   6.5383408e-01   1.0000000e+00
   3.4500000e+00   6.5274184e-01   1.0000000e+00
   3.4700000e+00   6.5220746e-01   1.0000000e+00
   3.4900000e+00   6.5167308e-01   1.0000000e+00
   3.5100000e+00   6.5113870e-01   1.0000000e+00
   3.5300000e+00   6.5060433e-01   1.0000000e+00
   3.5500000e+00   6.5006995e-01   1.0000000e+00
   3.5700000e+00   6.4953557e-01   1.0000000e+00
   3.5900000e+00   6.4867804e-01   1.0000000e+00
   3.6100000e+00   6.4750839e-01   1.0000000e+00
   3.6300000e+00   6.4602665e-01   1.0000000e+00
   3.6500000e+00   6.4370947e-01   1.0000000e+00
   3.6700000e+00   6.4094776e-01   1.0000000e+00
   3.6900000e+00   6.3774149e-01   1.0000000e+00
   3.7100000e+00   6.3605786e-01   1.0000000e+00
   3.7300000e+00   6.3460992e-01   1.0000000e+00
   3.7500000e+00   6.3339767e-01   1.0000000e+00
