   6.1000000e-01   9.5724771e-01   0.0000000e+00
   6.3000000e-01   9.4241794e-01   0.0000000e+00
   6.5000000e-01   9.2193263e-01   0.0000000e+00
   6.7000000e-01   8.9672743e-01   0.0000000e+00
   6.9000000e-01   8.6680231e-01   0.0000000e+00
   7.1000000e-01   8.4188503e-01   0.0000000e+00
   7.3000000e-01   8.1757220e-01   0.0000000e+00
   7.5000000e-01   7.9386382e-01   0.0000000e+00
   7.7000000e-01   7.7501172e-01   0.0000000e+00
   7.9000000e-01   7.5891402e-01   0.0000000e+00
   8.1000000e-01   7.4557071e-01   0.0000000e+00
   8.3000000e-01   7.2793627e-01   0.0000000e+00
   8.5000000e-01   7.1213224e-01   0.0000000e+00
   8.7000000e-01   6.9815863e-01   0.0000000e+00
   8.9000000e-01   6.8589007e-01   0.0000000e+00
   9.1000000e-01   6.7532588e-01   0.0000000e+00
   9.3000000e-01   6.6646605e-01   0.0000000e+00
   9.5000000e-01   6.6005353e-01   0.0000000e+00
   9.7000000e-01   6.5364100e-01   0.0000000e+00
   9.9000000e-01   6.4722848e-01   0.0000000e+00
   1.0100000e+00   6.4081595e-01   0.0000000e+00
   1.0300000e+00   6.3487746e-01   0.0000000e+00
   1.0500000e+00   6.2941299e-01   0.0000000e+00
   1.0700000e+00   6.2442659e-01   0.0000000e+00
   1.0900000e+00   6.1964904e-01   0.0000000e+00
   1.1100000e+00   6.1508035e-01   0.0000000e+00
   1.1300000e+00   6.1080533e-01   0.0000000e+00
   1.1500000e+00   6.0653400e-01   0.0000000e+00
   1.1700000e+00   6.0226635e-01   0.0000000e+00
   1.1900000e+00   5.9852571e-01   0.0000000e+00
   1.2100000e+00   5.9457253e-01   0.0000000e+00
   1.2300000e+00   5.9040681e-01   0.0000000e+00
   1.2500000e+00   5.8644021e-01   0.0000000e+00
   1.2700000e+00   5.8258659e-01   0.0000000e+00
   1.2900000e+00   5.7884596e-01   0.0000000e+00
   1.3100000e+00   5.7510532e-01   0.0000000e+00
   1.3300000e+00   5.7136468e-01   0.0000000e+00
   1.3500000e+00   5.6762404e-01   0.0000000e+00
   1.3700000e+00   5.6437620e-01   0.0000000e+00
   1.3900000e+00   5.6096108e-01   0.0000000e+00
   1.4100000e+00   5.5737868e-01   0.0000000e+00
   1.4300000e+00   5.5363804e-01   0.0000000e+00
   1.4500000e+00   5.4989740e-01   0.0000000e+00
   1.4700000e+00   5.4615676e-01   0.0000000e+00
   1.4900000e+00   5.4241612e-01   0.0000000e+00
   1.5100000e+00   5.3867549e-01   0.0000000e+00
   1.5300000e+00   5.3493485e-01   0.0000000e+00
   1.5500000e+00   5.3208192e-01   0.0000000e+00
   1.5700000e+00   5.2931951e-01   0.0000000e+00
   1.5900000e+00   5.2664763e-01   0.0000000e+00
   1.6100000e+00   5.2418627e-01   0.0000000e+00
   1.6300000e+00   5.2183990e-01   0.0000000e+00
   1.6500000e+00   5.1960853e-01   0.0000000e+00
   1.6700000e+00   5.1693665e-01   0.0000000e+00
   1.6900000e+00   5.1477634e-01   0.0000000e+00
   1.7100000e+00   5.1312760e-01   0.0000000e+00
   1.7300000e+00   5.1112956e-01   0.0000000e+00
   1.7500000e+00   5.0934003e-01   0.0000000e+00
   1.7700000e+00   5.0775901e-01   0.0000000e+00
   1.7900000e+00   5.0652868e-01   0.0000000e+00
   1.8100000e+00   5.0511195e-01   0.0000000e+00
   1.8300000e+00   5.0350881e-01   0.0000000e+00
   1.8500000e+00   5.0190568e-01   0.0000000e+00
   1.8700000e+00   5.0053387e-01   0.0000000e+00
   1.8900000e+00   4.9939336e-01   0.0000000e+00
   1.9100000e+00   4.9797865e-01   0.0000000e+00
   1.9300000e+00   4.9646972e-01   0.0000000e+00
   1.9500000e+00   4.9486659e-01   0.0000000e+00
   1.9700000e+00   4.9337609e-01   0.0000000e+00
   1.9900000e+00   4.9209647e-01   0.0000000e+00
   2.0100000e+00   4.9102771e-01   0.0000000e+00
   2.0300000e+00   4.8995896e-01   0.0000000e+00
   2.0500000e+00   4.8889021e-01   0.0000000e+00
   2.0700000e+00   4.8782145e-01   0.0000000e+00
   2.0900000e+00   4.8675270e-01   0.0000000e+00
   2.1100000e+00   4.8568394e-01   0.0000000e+00
   2.1300000e+00   4.8461519e-01   0.0000000e+00
   2.1500000e+00   4.8354644e-01   0.0000000e+00
   2.1700000e+00   4.8247768e-01   0.0000000e+00
   2.1900000e+00   4.8140893e-01   0.0000000e+00
   2.2100000e+00   4.8034017e-01   0.0000000e+00
   2.2300000e+00   4.7927142e-01   0.0000000e+00
   2.2500000e+00   4.7820267e-01   0.0000000e+00
   2.2700000e+00   4.7713391e-01   0.0000000e+00
   2.2900000e+00   4.7606516e-01   0.0000000e+00
   2.3100000e+00   4.7499640e-01   0.0000000e+00
   2.3300000e+00   4.7392765e-01   0.0000000e+00
   2.3500000e+00   4.7285890e-01   0.0000000e+00
   2.3700000e+00   4.7179014e-01   0.0000000e+00
   2.3900000e+00   4.7028893e-01   0.0000000e+00
   2.4100000e+00   4.6873676e-01   0.0000000e+00
   2.4300000e+00   4.6713363e-01   0.0000000e+00
   2.4500000e+00   4.6572963e-01   0.0000000e+00
   2.4700000e+00   4.6445202e-01   0.0000000e+00
   2.4900000e+00   4.6330080e-01   0.0000000e+00
   2.5100000e+00   4.6169767e-01   0.0000000e+00
   2.5300000e+00   4.6034463e-01   0.0000000e+00
   2.5500000e+00   4.5924167e-01   0.0000000e+00
   2.5700000e+00   4.5817291e-01   0.0000000e+00
   2.5900000e+00   4.5710416e-01   0.0000000e+00
   2.6100000e+00   4.5603541e-01   0.0000000e+00
   2.6300000e+00   4.5496665e-01   0.0000000e+00
   2.6500000e+00   4.5389790e-01   0.0000000e+00
   2.6700000e+00   4.5282914e-01   0.0000000e+00
   2.6900000e+00   4.5176039e-01   0.0000000e+00
   2.7100000e+00   4.5069164e-01   0.0000000e+00
   2.7300000e+00   4.4962288e-01   0.0000000e+00
   2.7500000e+00   4.4855413e-01   0.0000000e+00
   2.7700000e+00   4.4748537e-01   0.0000000e+00
   2.7900000e+00   4.4641662e-01   0.0000000e+00
   2.8100000e+00   4.4544910e-01   0.0000000e+00
   2.8300000e+00   4.4469815e-01   0.0000000e+00
   2.8500000e+00   4.4416377e-01   0.0000000e+00
   2.8700000e+00   4.4311045e-01   0.0000000e+00
   2.8900000e+00   4.4225055e-01   0.0000000e+00
   2.9100000e+00   4.4158408e-01   0.0000000e+00
   2.9300000e+00   4.4076408e-01   0.0000000e+00
   2.9500000e+00   4.3990419e-01   0.0000000e+00
   2.9700000e+00   4.3900438e-01   0.0000000e+00
   2.0000000e+00   7.3433655e-01   1.0000000e+00
   2.0200000e+00   7.3514416e-01   1.0000000e+00
   2.0400000e+00   7.3515625e-01   1.0000000e+00
   2.0600000e+00   7.3391520e-01   1.0000000e+00
   2.0800000e+00   7.3234461e-01   1.0000000e+00
   2.1000000e+00   7.3044446e-01   1.0000000e+00
   2.1200000e+00   7.2830695e-01   1.0000000e+00
   2.1400000e+00   7.2620128e-01   1.0000000e+00
   2.1600000e+00   7.2412747e-01   1.0000000e+00
   2.1800000e+00   7.2252433e-01   1.0000000e+00
   2.2000000e+00   7.2116190e-01   1.0000000e+00
   2.2200000e+00   7.2004017e-01   1.0000000e+00
   2.2400000e+00   7.1787721e-01   1.0000000e+00
   2.2600000e+00   7.1570786e-01   1.0000000e+00
   2.2800000e+00   7.1353212e-01   1.0000000e+00
   2.3000000e+00   7.1166617e-01   1.0000000e+00
   2.3200000e+00   7.0939726e-01   1.0000000e+00
   2.3400000e+00   7.0672537e-01   1.0000000e+00
   2.3600000e+00   7.0405348e-01   1.0000000e+00
   2.3800000e+00   7.0138160e-01   1.0000000e+00
   2.4000000e+00   6.9870971e-01   1.0000000e+00
   2.4200000e+00   6.9572204e-01   1.0000000e+00
   2.4400000e+00   6.9292376e-01   1.0000000e+00
   2.4600000e+00   6.9031487e-01   1.0000000e+00
   2.4800000e+00   6.8862928e-01   1.0000000e+00
   2.5000000e+00   6.8671773e-01   1.0000000e+00
   2.5200000e+00   6.8458022e-01   1.0000000e+00
   2.5400000e+00   6.8294289e-01   1.0000000e+00
   2.5600000e+00   6.8132265e-01   1.0000000e+00
   2.5800000e+00   6.7971952e-01   1.0000000e+00
   2.6000000e+00   6.7811639e-01   1.0000000e+00
   2.6200000e+00   6.7643817e-01   1.0000000e+00
   2.6400000e+00   6.7468486e-01   1.0000000e+00
   2.6600000e+00   6.7254735e-01   1.0000000e+00
   2.6800000e+00   6.7040985e-01   1.0000000e+00
   2.7000000e+00   6.6827234e-01   1.0000000e+00
   2.7200000e+00   6.6703728e-01   1.0000000e+00
   2.7400000e+00   6.6555082e-01   1.0000000e+00
   2.7600000e+00   6.6381294e-01   1.0000000e+00
   2.7800000e+00   6.6211122e-01   1.0000000e+00
   2.8000000e+00   6.6067538e-01   1.0000000e+00
   2.8200000e+00   6.5950539e-01   1.0000000e+00
   2.8400000e+00   6.5790226e-01   1.0000000e+00
   2.8600000e+00   6.5655860e-01   1.0000000e+00
   2.8800000e+00   6.5547441e-01   1.0000000e+00
   2.9000000e+00   6.5440566e-01   1.0000000e+00
   2.9200000e+00   6.5319410e-01   1.0000000e+00
   2.9400000e+00   6.5183973e-01   1.0000000e+00
   2.9600000e+00   6.5040555e-01   1.0000000e+00
   2.9800000e+00   6.4918022e-01   1.0000000e+00
   3.0000000e+00   6.4816376e-01   1.0000000e+00
   3.0200000e+00   6.4762938e-01   1.0000000e+00
   3.0400000e+00   6.4639000e-01   1.0000000e+00
   3.0600000e+00   6.4444563e-01   1.0000000e+00
   3.0800000e+00   6.4230812e-01   1.0000000e+00
   3.1000000e+00   6.4028895e-01   1.0000000e+00
   3.1200000e+00   6.3838811e-01   1.0000000e+00
   3.1400000e+00   6.3690498e-01   1.0000000e+00
   3.1600000e+00   6.3562737e-01   1.0000000e+00
   3.1800000e+00   6.3455528e-01   1.0000000e+00
   3.2000000e+00   6.3295215e-01   1.0000000e+00
   3.2200000e+00   6.3155954e-01   1.0000000e+00
   3.2400000e+00   6.3037747e-01   1.0000000e+00
   3.2600000e+00   6.2961310e-01   1.0000000e+00
   3.2800000e+00   6.2886987e-01   1.0000000e+00
   3.3000000e+00   6.2814777e-01   1.0000000e+00
   3.3200000e+00   6.2715007e-01   1.0000000e+00
   3.3400000e+00   6.2638403e-01   1.0000000e+00
   3.3600000e+00   6.2584966e-01   1.0000000e+00
   3.3800000e+00   6.2482651e-01   1.0000000e+00
