   6.0000000e-01   8.9363006e-01   0.0000000e+00
   6.2000000e-01   8.6989151e-01   0.0000000e+00
   6.4000000e-01   8.4640173e-01   0.0000000e+00
   6.6000000e-01   8.2316070e-01   0.0000000e+00
   6.8000000e-01   7.9644185e-01   0.0000000e+00
   7.0000000e-01   7.7473083e-01   0.0000000e+00
   7.2000000e-01   7.5802763e-01   0.0000000e+00
   7.4000000e-01   7.3663182e-01   0.0000000e+00
   7.6000000e-01   7.1603918e-01   0.0000000e+00
   7.8000000e-01   6.9624973e-01   0.0000000e+00
   8.0000000e-01   6.8406433e-01   0.0000000e+00
   8.2000000e-01   6.7209347e-01   0.0000000e+00
   8.4000000e-01   6.6033718e-01   0.0000000e+00
   8.6000000e-01   6.5119576e-01   0.0000000e+00
   8.8000000e-01   6.4248916e-01   0.0000000e+00
   9.0000000e-01   6.3421737e-01   0.0000000e+00
   9.2000000e-01   6.2707066e-01   0.0000000e+00
   9.4000000e-01   6.2029104e-01   0.0000000e+00
   9.6000000e-01   6.1387851e-01   0.0000000e+00
   9.8000000e-01   6.0746599e-01   0.0000000e+00
   1.0000000e+00   6.0105346e-01   0.0000000e+00
   1.0200000e+00   5.9464094e-01   0.0000000e+00
   1.0400000e+00   5.8775439e-01   0.0000000e+00
   1.0600000e+00   5.8137371e-01   0.0000000e+00
   1.0800000e+00   5.7549890e-01   0.0000000e+00
   1.1000000e+00   5.6991443e-01   0.0000000e+00
   1.1200000e+00   5.6424514e-01   0.0000000e+00
   1.1400000e+00   5.5849103e-01   0.0000000e+00
   1.1600000e+00   5.5314726e-01   0.0000000e+00
   1.1800000e+00   5.4780348e-01   0.0000000e+00
   1.2000000e+00   5.4245971e-01   0.0000000e+00
   1.2200000e+00   5.3754103e-01   0.0000000e+00
   1.2400000e+00   5.3267699e-01   0.0000000e+00
   1.2600000e+00   5.2786759e-01   0.0000000e+00
   1.2800000e+00   5.2324996e-01   0.0000000e+00
   1.3000000e+00   5.1884117e-01   0.0000000e+00
   1.3200000e+00   5.1464125e-01   0.0000000e+00
   1.3400000e+00   5.1090061e-01   0.0000000e+00
   1.3600000e+00   5.0740637e-01   0.0000000e+00
   1.3800000e+00   5.0415853e-01   0.0000000e+00
   1.4000000e+00   5.0057613e-01   0.0000000e+00
   1.4200000e+00   4.9717409e-01   0.0000000e+00
   1.4400000e+00   4.9395239e-01   0.0000000e+00
   1.4600000e+00   4.9113770e-01   0.0000000e+00
   1.4800000e+00   4.8815336e-01   0.0000000e+00
   1.5000000e+00   4.8499939e-01   0.0000000e+00
   1.5200000e+00   4.8286188e-01   0.0000000e+00
   1.5400000e+00   4.8094630e-01   0.0000000e+00
   1.5600000e+00   4.7925265e-01   0.0000000e+00
   1.5800000e+00   4.7732233e-01   0.0000000e+00
   1.6000000e+00   4.7528841e-01   0.0000000e+00
   1.6200000e+00   4.7315090e-01   0.0000000e+00
   1.6400000e+00   4.7101339e-01   0.0000000e+00
   1.6600000e+00   4.6887589e-01   0.0000000e+00
   1.6800000e+00   4.6673838e-01   0.0000000e+00
   1.7000000e+00   4.6511244e-01   0.0000000e+00
   1.7200000e+00   4.6349791e-01   0.0000000e+00
   1.7400000e+00   4.6189478e-01   0.0000000e+00
   1.7600000e+00   4.6029165e-01   0.0000000e+00
   1.7800000e+00   4.5860773e-01   0.0000000e+00
   1.8000000e+00   4.5684302e-01   0.0000000e+00
   1.8200000e+00   4.5479534e-01   0.0000000e+00
   1.8400000e+00   4.5323713e-01   0.0000000e+00
   1.8600000e+00   4.5216837e-01   0.0000000e+00
   1.8800000e+00   4.5063699e-01   0.0000000e+00
   1.9000000e+00   4.4924271e-01   0.0000000e+00
   1.9200000e+00   4.4798555e-01   0.0000000e+00
   1.9400000e+00   4.4691679e-01   0.0000000e+00
   1.9600000e+00   4.4590436e-01   0.0000000e+00
   1.9800000e+00   4.4494824e-01   0.0000000e+00
   2.0000000e+00   4.4441386e-01   0.0000000e+00
   2.0200000e+00   4.4361431e-01   0.0000000e+00
   2.0400000e+00   4.4254958e-01   0.0000000e+00
   2.0600000e+00   4.4148083e-01   0.0000000e+00
   2.0800000e+00   4.4056058e-01   0.0000000e+00
   2.1000000e+00   4.3978885e-01   0.0000000e+00
   2.1200000e+00   4.3907412e-01   0.0000000e+00
   2.1400000e+00   4.3818238e-01   0.0000000e+00
   2.1600000e+00   4.3711362e-01   0.0000000e+00
   2.1800000e+00   4.3604487e-01   0.0000000e+00
   2.2000000e+00   4.3497611e-01   0.0000000e+00
   2.2200000e+00   4.3390736e-01   0.0000000e+00
   2.2400000e+00   4.3283861e-01   0.0000000e+00
   2.2600000e+00   4.3164582e-01   0.0000000e+00
   2.2800000e+00   4.3032899e-01   0.0000000e+00
   2.3000000e+00   4.2898867e-01   0.0000000e+00
   2.3200000e+00   4.2803658e-01   0.0000000e+00
   2.3400000e+00   4.2747272e-01   0.0000000e+00
   2.3600000e+00   4.2586959e-01   0.0000000e+00
   2.3800000e+00   4.2469891e-01   0.0000000e+00
   2.4000000e+00   4.2396069e-01   0.0000000e+00
   2.4200000e+00   4.2279474e-01   0.0000000e+00
   2.4400000e+00   4.2160932e-01   0.0000000e+00
   2.4600000e+00   4.2040444e-01   0.0000000e+00
   2.4800000e+00   4.1978760e-01   0.0000000e+00
   2.5000000e+00   4.1894480e-01   0.0000000e+00
   2.5200000e+00   4.1787605e-01   0.0000000e+00
   2.5400000e+00   4.1680730e-01   0.0000000e+00
   2.5600000e+00   4.1573854e-01   0.0000000e+00
   2.5800000e+00   4.1466979e-01   0.0000000e+00
   2.6000000e+00   4.1386788e-01   0.0000000e+00
   2.6200000e+00   4.1319973e-01   0.0000000e+00
   2.6400000e+00   4.1266536e-01   0.0000000e+00
   2.6600000e+00   4.1209746e-01   0.0000000e+00
   2.6800000e+00   4.1127914e-01   0.0000000e+00
   2.7000000e+00   4.1021039e-01   0.0000000e+00
   2.7200000e+00   4.1004409e-01   0.0000000e+00
   2.7400000e+00   4.0962638e-01   0.0000000e+00
   2.7600000e+00   4.0895725e-01   0.0000000e+00
   2.7800000e+00   4.0832429e-01   0.0000000e+00
   2.8000000e+00   4.0795720e-01   0.0000000e+00
   2.8200000e+00   4.0785596e-01   0.0000000e+00
   2.8400000e+00   4.0732159e-01   0.0000000e+00
   2.8600000e+00   4.0704668e-01   0.0000000e+00
   2.8800000e+00   4.0703125e-01   0.0000000e+00
   2.9000000e+00   4.0703125e-01   0.0000000e+00
   2.9200000e+00   4.0703125e-01   0.0000000e+00
   2.9400000e+00   4.0703125e-01   0.0000000e+00
   2.9600000e+00   4.0703125e-01   0.0000000e+00
   2.9800000e+00   4.0700511e-01   0.0000000e+00
   3.0000000e+00   4.0695282e-01   0.0000000e+00
   3.0200000e+00   4.0641844e-01   0.0000000e+00
   3.0400000e+00   4.0588407e-01   0.0000000e+00
   3.0600000e+00   4.0534969e-01   0.0000000e+00
   3.0800000e+00   4.0481531e-01   0.0000000e+00
   3.1000000e+00   4.0416260e-01   0.0000000e+00
   3.1200000e+00   4.0339155e-01   0.0000000e+00
   3.1400000e+00   4.0232280e-01   0.0000000e+00
   3.1600000e+00   4.0125571e-01   0.0000000e+00
   3.1800000e+00   4.0019030e-01   0.0000000e+00
   3.2000000e+00   3.9965592e-01   0.0000000e+00
   3.2200000e+00   3.9891102e-01   0.0000000e+00
   3.2400000e+00   3.9795559e-01   0.0000000e+00
   3.2600000e+00   3.9719122e-01   0.0000000e+00
   3.2800000e+00   3.9663572e-01   0.0000000e+00
   3.3000000e+00   3.9628906e-01   0.0000000e+00
   3.3200000e+00   3.9643118e-01   0.0000000e+00
   3.3400000e+00   3.9703662e-01   0.0000000e+00
   3.3600000e+00   3.9810537e-01   0.0000000e+00
   2.0000000e+00   6.8253825e-01   1.0000000e+00
   2.0200000e+00   6.8013557e-01   1.0000000e+00
   2.0400000e+00   6.7746771e-01   1.0000000e+00
   2.0600000e+00   6.7479583e-01   1.0000000e+00
   2.0800000e+00   6.7212394e-01   1.0000000e+00
   2.1000000e+00   6.6945205e-01   1.0000000e+00
   2.1200000e+00   6.6678017e-01   1.0000000e+00
   2.1400000e+00   6.6410828e-01   1.0000000e+00
   2.1600000e+00   6.6143640e-01   1.0000000e+00
   2.1800000e+00   6.5876451e-01   1.0000000e+00
   2.2000000e+00   6.5609263e-01   1.0000000e+00
   2.2200000e+00   6.5342074e-01   1.0000000e+00
   2.2400000e+00   6.5074886e-01   1.0000000e+00
   2.2600000e+00   6.4832504e-01   1.0000000e+00
   2.2800000e+00   6.4614930e-01   1.0000000e+00
   2.3000000e+00   6.4441477e-01   1.0000000e+00
   2.3200000e+00   6.4247874e-01   1.0000000e+00
   2.3400000e+00   6.4034123e-01   1.0000000e+00
   2.3600000e+00   6.3820372e-01   1.0000000e+00
   2.3800000e+00   6.3628244e-01   1.0000000e+00
   2.4000000e+00   6.3457739e-01   1.0000000e+00
   2.4200000e+00   6.3329005e-01   1.0000000e+00
   2.4400000e+00   6.3211200e-01   1.0000000e+00
   2.4600000e+00   6.3104325e-01   1.0000000e+00
   2.4800000e+00   6.2980957e-01   1.0000000e+00
   2.5000000e+00   6.2812398e-01   1.0000000e+00
   2.5200000e+00   6.2598647e-01   1.0000000e+00
   2.5400000e+00   6.2384896e-01   1.0000000e+00
   2.5600000e+00   6.2113619e-01   1.0000000e+00
   2.5800000e+00   6.1784816e-01   1.0000000e+00
   2.6000000e+00   6.1384068e-01   1.0000000e+00
