   6.0000000e-01   9.6906066e-01   0.0000000e+00
   6.2000000e-01   9.5025358e-01   0.0000000e+00
   6.4000000e-01   9.2785604e-01   0.0000000e+00
   6.6000000e-01   9.0186804e-01   0.0000000e+00
   6.8000000e-01   8.7140855e-01   0.0000000e+00
   7.0000000e-01   8.4368060e-01   0.0000000e+00
   7.2000000e-01   8.1868420e-01   0.0000000e+00
   7.4000000e-01   7.9700738e-01   0.0000000e+00
   7.6000000e-01   7.7723641e-01   0.0000000e+00
   7.8000000e-01   7.5937129e-01   0.0000000e+00
   8.0000000e-01   7.4431153e-01   0.0000000e+00
   8.2000000e-01   7.2796443e-01   0.0000000e+00
   8.4000000e-01   7.1032999e-01   0.0000000e+00
   8.6000000e-01   6.9531042e-01   0.0000000e+00
   8.8000000e-01   6.8031936e-01   0.0000000e+00
   9.0000000e-01   6.6535681e-01   0.0000000e+00
   9.2000000e-01   6.5300107e-01   0.0000000e+00
   9.4000000e-01   6.4209258e-01   0.0000000e+00
   9.6000000e-01   6.3263134e-01   0.0000000e+00
   9.8000000e-01   6.2472832e-01   0.0000000e+00
   1.0000000e+00   6.1730336e-01   0.0000000e+00
   1.0200000e+00   6.1035646e-01   0.0000000e+00
   1.0400000e+00   6.0246150e-01   0.0000000e+00
   1.0600000e+00   5.9522092e-01   0.0000000e+00
   1.0800000e+00   5.8863473e-01   0.0000000e+00
   1.1000000e+00   5.8275658e-01   0.0000000e+00
   1.1200000e+00   5.7687843e-01   0.0000000e+00
   1.1400000e+00   5.7100028e-01   0.0000000e+00
   1.1600000e+00   5.6513688e-01   0.0000000e+00
   1.1800000e+00   5.5980048e-01   0.0000000e+00
   1.2000000e+00   5.5499109e-01   0.0000000e+00
   1.2200000e+00   5.5018169e-01   0.0000000e+00
   1.2400000e+00   5.4521809e-01   0.0000000e+00
   1.2600000e+00   5.4010028e-01   0.0000000e+00
   1.2800000e+00   5.3494826e-01   0.0000000e+00
   1.3000000e+00   5.2996756e-01   0.0000000e+00
   1.3200000e+00   5.2515816e-01   0.0000000e+00
   1.3400000e+00   5.2034877e-01   0.0000000e+00
   1.3600000e+00   5.1627858e-01   0.0000000e+00
   1.3800000e+00   5.1294759e-01   0.0000000e+00
   1.4000000e+00   5.0936519e-01   0.0000000e+00
   1.4200000e+00   5.0570367e-01   0.0000000e+00
   1.4400000e+00   5.0196303e-01   0.0000000e+00
   1.4600000e+00   4.9822240e-01   0.0000000e+00
   1.4800000e+00   4.9450790e-01   0.0000000e+00
   1.5000000e+00   4.9081955e-01   0.0000000e+00
   1.5200000e+00   4.8814766e-01   0.0000000e+00
   1.5400000e+00   4.8569771e-01   0.0000000e+00
   1.5600000e+00   4.8346968e-01   0.0000000e+00
   1.5800000e+00   4.8133217e-01   0.0000000e+00
   1.6000000e+00   4.7919466e-01   0.0000000e+00
   1.6200000e+00   4.7705715e-01   0.0000000e+00
   1.6400000e+00   4.7501351e-01   0.0000000e+00
   1.6600000e+00   4.7319012e-01   0.0000000e+00
   1.6800000e+00   4.7158699e-01   0.0000000e+00
   1.7000000e+00   4.6998386e-01   0.0000000e+00
   1.7200000e+00   4.6838072e-01   0.0000000e+00
   1.7400000e+00   4.6677759e-01   0.0000000e+00
   1.7600000e+00   4.6545271e-01   0.0000000e+00
   1.7800000e+00   4.6417510e-01   0.0000000e+00
   1.8000000e+00   4.6294476e-01   0.0000000e+00
   1.8200000e+00   4.6138655e-01   0.0000000e+00
   1.8400000e+00   4.6007306e-01   0.0000000e+00
   1.8600000e+00   4.5900431e-01   0.0000000e+00
   1.8800000e+00   4.5747293e-01   0.0000000e+00
   1.9000000e+00   4.5607865e-01   0.0000000e+00
   1.9200000e+00   4.5482148e-01   0.0000000e+00
   1.9400000e+00   4.5375273e-01   0.0000000e+00
   1.9600000e+00   4.5262766e-01   0.0000000e+00
   1.9800000e+00   4.5144627e-01   0.0000000e+00
   2.0000000e+00   4.4984314e-01   0.0000000e+00
   2.0200000e+00   4.4877035e-01   0.0000000e+00
   2.0400000e+00   4.4822792e-01   0.0000000e+00
   2.0600000e+00   4.4727986e-01   0.0000000e+00
   2.0800000e+00   4.4627145e-01   0.0000000e+00
   2.1000000e+00   4.4520270e-01   0.0000000e+00
   2.1200000e+00   4.4413394e-01   0.0000000e+00
   2.1400000e+00   4.4306519e-01   0.0000000e+00
   2.1600000e+00   4.4199644e-01   0.0000000e+00
   2.1800000e+00   4.4092768e-01   0.0000000e+00
   2.2000000e+00   4.3985893e-01   0.0000000e+00
   2.2200000e+00   4.3879017e-01   0.0000000e+00
   2.2400000e+00   4.3772142e-01   0.0000000e+00
   2.2600000e+00   4.3640459e-01   0.0000000e+00
   2.2800000e+00   4.3483969e-01   0.0000000e+00
   2.3000000e+00   4.3296500e-01   0.0000000e+00
   2.3200000e+00   4.3149328e-01   0.0000000e+00
   2.3400000e+00   4.3042452e-01   0.0000000e+00
   2.3600000e+00   4.2935577e-01   0.0000000e+00
   2.3800000e+00   4.2828701e-01   0.0000000e+00
   2.4000000e+00   4.2721826e-01   0.0000000e+00
   2.4200000e+00   4.2614951e-01   0.0000000e+00
   2.4400000e+00   4.2518032e-01   0.0000000e+00
   2.4600000e+00   4.2431069e-01   0.0000000e+00
   2.4800000e+00   4.2369385e-01   0.0000000e+00
   2.5000000e+00   4.2285105e-01   0.0000000e+00
   2.5200000e+00   4.2178230e-01   0.0000000e+00
   2.5400000e+00   4.2071355e-01   0.0000000e+00
   2.5600000e+00   4.1964479e-01   0.0000000e+00
   2.5800000e+00   4.1857604e-01   0.0000000e+00
   2.6000000e+00   4.1777413e-01   0.0000000e+00
   2.6200000e+00   4.1710598e-01   0.0000000e+00
   2.6400000e+00   4.1657161e-01   0.0000000e+00
   2.6600000e+00   4.1600371e-01   0.0000000e+00
   2.6800000e+00   4.1518539e-01   0.0000000e+00
   2.7000000e+00   4.1411664e-01   0.0000000e+00
   2.7200000e+00   4.1304788e-01   0.0000000e+00
   2.7400000e+00   4.1231369e-01   0.0000000e+00
   2.7600000e+00   4.1191406e-01   0.0000000e+00
   2.7800000e+00   4.1147827e-01   0.0000000e+00
   2.8000000e+00   4.1082723e-01   0.0000000e+00
   2.8200000e+00   4.0996094e-01   0.0000000e+00
   2.8400000e+00   4.0996094e-01   0.0000000e+00
   2.8600000e+00   4.0944199e-01   0.0000000e+00
   2.8800000e+00   4.0840410e-01   0.0000000e+00
   2.9000000e+00   4.0813991e-01   0.0000000e+00
   2.9200000e+00   4.0786500e-01   0.0000000e+00
   2.9400000e+00   4.0757939e-01   0.0000000e+00
   2.9600000e+00   4.0704501e-01   0.0000000e+00
   2.9800000e+00   4.0651063e-01   0.0000000e+00
   3.0000000e+00   4.0597626e-01   0.0000000e+00
   3.0200000e+00   4.0544188e-01   0.0000000e+00
   3.0400000e+00   4.0467250e-01   0.0000000e+00
   3.0600000e+00   4.0366813e-01   0.0000000e+00
   3.0800000e+00   4.0330604e-01   0.0000000e+00
   3.1000000e+00   4.0312500e-01   0.0000000e+00
   3.1200000e+00   4.0312500e-01   0.0000000e+00
   3.1400000e+00   4.0300499e-01   0.0000000e+00
   3.1600000e+00   4.0267613e-01   0.0000000e+00
   3.1800000e+00   4.0213841e-01   0.0000000e+00
   3.2000000e+00   4.0106966e-01   0.0000000e+00
   2.1000000e+00   6.8800674e-01   1.0000000e+00
   2.1200000e+00   6.8533486e-01   1.0000000e+00
   2.1400000e+00   6.8269482e-01   1.0000000e+00
   2.1600000e+00   6.8008662e-01   1.0000000e+00
   2.1800000e+00   6.7794911e-01   1.0000000e+00
   2.2000000e+00   6.7581160e-01   1.0000000e+00
   2.2200000e+00   6.7367409e-01   1.0000000e+00
   2.2400000e+00   6.7117185e-01   1.0000000e+00
   2.2600000e+00   6.6846075e-01   1.0000000e+00
   2.2800000e+00   6.6554079e-01   1.0000000e+00
   2.3000000e+00   6.6259735e-01   1.0000000e+00
   2.3200000e+00   6.6004212e-01   1.0000000e+00
   2.3400000e+00   6.5787513e-01   1.0000000e+00
   2.3600000e+00   6.5466887e-01   1.0000000e+00
   2.3800000e+00   6.5189506e-01   1.0000000e+00
   2.4000000e+00   6.4955371e-01   1.0000000e+00
   2.4200000e+00   6.4741620e-01   1.0000000e+00
   2.4400000e+00   6.4527869e-01   1.0000000e+00
   2.4600000e+00   6.4314118e-01   1.0000000e+00
   2.4800000e+00   6.4100368e-01   1.0000000e+00
   2.5000000e+00   6.3886617e-01   1.0000000e+00
   2.5200000e+00   6.3672866e-01   1.0000000e+00
   2.5400000e+00   6.3459115e-01   1.0000000e+00
   2.5600000e+00   6.3245364e-01   1.0000000e+00
   2.5800000e+00   6.3031614e-01   1.0000000e+00
   2.6000000e+00   6.2817863e-01   1.0000000e+00
   2.6200000e+00   6.2596603e-01   1.0000000e+00
   2.6400000e+00   6.2367834e-01   1.0000000e+00
   2.6600000e+00   6.2107349e-01   1.0000000e+00
   2.6800000e+00   6.1896949e-01   1.0000000e+00
   2.7000000e+00   6.1736636e-01   1.0000000e+00
   2.7200000e+00   6.1531200e-01   1.0000000e+00
   2.7400000e+00   6.1338335e-01   1.0000000e+00
   2.7600000e+00   6.1158041e-01   1.0000000e+00
   2.7800000e+00   6.1019517e-01   1.0000000e+00
   2.8000000e+00   6.0891756e-01   1.0000000e+00
   2.8200000e+00   6.0774757e-01   1.0000000e+00
   2.8400000e+00   6.0614444e-01   1.0000000e+00
   2.8600000e+00   6.0480079e-01   1.0000000e+00
   2.8800000e+00   6.0371660e-01   1.0000000e+00
   2.9000000e+00   6.0305013e-01   1.0000000e+00
   2.9200000e+00   6.0259251e-01   1.0000000e+00
   2.9400000e+00   6.0234375e-01   1.0000000e+00
   2.9600000e+00   6.0234375e-01   1.0000000e+00
   2.9800000e+00   6.0234375e-01   1.0000000e+00
   3.0000000e+00   6.0234375e-01   1.0000000e+00
   3.0200000e+00   6.0234375e-01   1.0000000e+00
   3.0400000e+00   6.0210875e-01   1.0000000e+00
   3.0600000e+00   6.0163875e-01   1.0000000e+00
   3.0800000e+00   6.0075104e-01   1.0000000e+00
   3.1000000e+00   5.9977281e-01   1.0000000e+00
   3.1200000e+00   5.9870405e-01   1.0000000e+00
   3.1400000e+00   5.9751529e-01   1.0000000e+00
   3.1600000e+00   5.9612102e-01   1.0000000e+00
   3.1800000e+00   5.9452123e-01   1.0000000e+00
   3.2000000e+00   5.9345247e-01   1.0000000e+00
   3.2200000e+00   5.9238372e-01   1.0000000e+00
   3.2400000e+00   5.9131497e-01   1.0000000e+00
   3.2600000e+00   5.8963743e-01   1.0000000e+00
