   6.0000000e-01   9.7337323e-01   0.0000000e+00
   6.2000000e-01   9.5540894e-01   0.0000000e+00
   6.4000000e-01   9.3414050e-01   0.0000000e+00
   6.6000000e-01   9.0956791e-01   0.0000000e+00
   6.8000000e-01   8.7803966e-01   0.0000000e+00
   7.0000000e-01   8.5015347e-01   0.0000000e+00
   7.2000000e-01   8.2590934e-01   0.0000000e+00
   7.4000000e-01   8.0428550e-01   0.0000000e+00
   7.6000000e-01   7.8427383e-01   0.0000000e+00
   7.8000000e-01   7.6587434e-01   0.0000000e+00
   8.0000000e-01   7.5038546e-01   0.0000000e+00
   8.2000000e-01   7.3382380e-01   0.0000000e+00
   8.4000000e-01   7.1618936e-01   0.0000000e+00
   8.6000000e-01   7.0012385e-01   0.0000000e+00
   8.8000000e-01   6.8468490e-01   0.0000000e+00
   9.0000000e-01   6.6987252e-01   0.0000000e+00
   9.2000000e-01   6.5718222e-01   0.0000000e+00
   9.4000000e-01   6.4574506e-01   0.0000000e+00
   9.6000000e-01   6.3556103e-01   0.0000000e+00
   9.8000000e-01   6.2760169e-01   0.0000000e+00
   1.0000000e+00   6.1988139e-01   0.0000000e+00
   1.0200000e+00   6.1240011e-01   0.0000000e+00
   1.0400000e+00   6.0444480e-01   0.0000000e+00
   1.0600000e+00   5.9717405e-01   0.0000000e+00
   1.0800000e+00   5.9058785e-01   0.0000000e+00
   1.1000000e+00   5.8470970e-01   0.0000000e+00
   1.1200000e+00   5.7883156e-01   0.0000000e+00
   1.1400000e+00   5.7295341e-01   0.0000000e+00
   1.1600000e+00   5.6707526e-01   0.0000000e+00
   1.1800000e+00   5.6119711e-01   0.0000000e+00
   1.2000000e+00   5.5531897e-01   0.0000000e+00
   1.2200000e+00   5.5029099e-01   0.0000000e+00
   1.2400000e+00   5.4552651e-01   0.0000000e+00
   1.2600000e+00   5.4102553e-01   0.0000000e+00
   1.2800000e+00   5.3655876e-01   0.0000000e+00
   1.3000000e+00   5.3192068e-01   0.0000000e+00
   1.3200000e+00   5.2711129e-01   0.0000000e+00
   1.3400000e+00   5.2230190e-01   0.0000000e+00
   1.3600000e+00   5.1773890e-01   0.0000000e+00
   1.3800000e+00   5.1342231e-01   0.0000000e+00
   1.4000000e+00   5.0952343e-01   0.0000000e+00
   1.4200000e+00   5.0570367e-01   0.0000000e+00
   1.4400000e+00   5.0196303e-01   0.0000000e+00
   1.4600000e+00   4.9822240e-01   0.0000000e+00
   1.4800000e+00   4.9450790e-01   0.0000000e+00
   1.5000000e+00   4.9081955e-01   0.0000000e+00
   1.5200000e+00   4.8814766e-01   0.0000000e+00
   1.5400000e+00   4.8569771e-01   0.0000000e+00
   1.5600000e+00   4.8346968e-01   0.0000000e+00
   1.5800000e+00   4.8133217e-01   0.0000000e+00
   1.6000000e+00   4.7919466e-01   0.0000000e+00
   1.6200000e+00   4.7705715e-01   0.0000000e+00
   1.6400000e+00   4.7501351e-01   0.0000000e+00
   1.6600000e+00   4.7319012e-01   0.0000000e+00
   1.6800000e+00   4.7158699e-01   0.0000000e+00
   1.7000000e+00   4.7049543e-01   0.0000000e+00
   1.7200000e+00   4.6921782e-01   0.0000000e+00
   1.7400000e+00   4.6775416e-01   0.0000000e+00
   1.7600000e+00   4.6615102e-01   0.0000000e+00
   1.7800000e+00   4.6462868e-01   0.0000000e+00
   1.8000000e+00   4.6318713e-01   0.0000000e+00
   1.8200000e+00   4.6211838e-01   0.0000000e+00
   1.8400000e+00   4.6104963e-01   0.0000000e+00
   1.8600000e+00   4.5998087e-01   0.0000000e+00
   1.8800000e+00   4.5844949e-01   0.0000000e+00
   1.9000000e+00   4.5705521e-01   0.0000000e+00
   1.9200000e+00   4.5579805e-01   0.0000000e+00
   1.9400000e+00   4.5472929e-01   0.0000000e+00
   1.9600000e+00   4.5366054e-01   0.0000000e+00
   1.9800000e+00   4.5259178e-01   0.0000000e+00
   2.0000000e+00   4.5152303e-01   0.0000000e+00
   2.0200000e+00   4.5045428e-01   0.0000000e+00
   2.0400000e+00   4.4938552e-01   0.0000000e+00
   2.0600000e+00   4.4831677e-01   0.0000000e+00
   2.0800000e+00   4.4724801e-01   0.0000000e+00
   2.1000000e+00   4.4617926e-01   0.0000000e+00
   2.1200000e+00   4.4529086e-01   0.0000000e+00
   2.1400000e+00   4.4454763e-01   0.0000000e+00
   2.1600000e+00   4.4394956e-01   0.0000000e+00
   2.1800000e+00   4.4288081e-01   0.0000000e+00
   2.2000000e+00   4.4181205e-01   0.0000000e+00
   2.2200000e+00   4.4074330e-01   0.0000000e+00
   2.2400000e+00   4.3894507e-01   0.0000000e+00
   2.2600000e+00   4.3722528e-01   0.0000000e+00
   2.2800000e+00   4.3558391e-01   0.0000000e+00
   2.3000000e+00   4.3451516e-01   0.0000000e+00
   2.3200000e+00   4.3344640e-01   0.0000000e+00
   2.3400000e+00   4.3237765e-01   0.0000000e+00
   2.3600000e+00   4.3130889e-01   0.0000000e+00
   2.3800000e+00   4.3024014e-01   0.0000000e+00
   2.4000000e+00   4.2917139e-01   0.0000000e+00
   2.4200000e+00   4.2810263e-01   0.0000000e+00
   2.4400000e+00   4.2703388e-01   0.0000000e+00
   2.4600000e+00   4.2596512e-01   0.0000000e+00
   2.4800000e+00   4.2497883e-01   0.0000000e+00
   2.5000000e+00   4.2421850e-01   0.0000000e+00
   2.5200000e+00   4.2368412e-01   0.0000000e+00
   2.5400000e+00   4.2264957e-01   0.0000000e+00
   2.5600000e+00   4.2159792e-01   0.0000000e+00
   2.5800000e+00   4.2052916e-01   0.0000000e+00
   2.6000000e+00   4.1946041e-01   0.0000000e+00
   2.6200000e+00   4.1846674e-01   0.0000000e+00
   2.6400000e+00   4.1754817e-01   0.0000000e+00
   2.6600000e+00   4.1701379e-01   0.0000000e+00
   2.6800000e+00   4.1647941e-01   0.0000000e+00
   2.7000000e+00   4.1594504e-01   0.0000000e+00
   2.7200000e+00   4.1495943e-01   0.0000000e+00
   2.7400000e+00   4.1409954e-01   0.0000000e+00
   2.7600000e+00   4.1336534e-01   0.0000000e+00
   2.7800000e+00   4.1283097e-01   0.0000000e+00
   2.8000000e+00   4.1224597e-01   0.0000000e+00
   2.8200000e+00   4.1161036e-01   0.0000000e+00
   2.8400000e+00   4.1054161e-01   0.0000000e+00
   2.8600000e+00   4.0999180e-01   0.0000000e+00
   2.8800000e+00   4.0996094e-01   0.0000000e+00
   2.9000000e+00   4.0915638e-01   0.0000000e+00
   2.9200000e+00   4.0850533e-01   0.0000000e+00
   2.9400000e+00   4.0800781e-01   0.0000000e+00
   2.9600000e+00   4.0766991e-01   0.0000000e+00
   2.9800000e+00   4.0699272e-01   0.0000000e+00
   3.0000000e+00   4.0597626e-01   0.0000000e+00
   3.0200000e+00   4.0544188e-01   0.0000000e+00
   3.0400000e+00   4.0490750e-01   0.0000000e+00
   3.0600000e+00   4.0437313e-01   0.0000000e+00
   3.0800000e+00   4.0348541e-01   0.0000000e+00
   3.1000000e+00   4.0262552e-01   0.0000000e+00
   3.1200000e+00   4.0179343e-01   0.0000000e+00
   3.1400000e+00   4.0125905e-01   0.0000000e+00
   3.1600000e+00   4.0072468e-01   0.0000000e+00
   3.1800000e+00   4.0019030e-01   0.0000000e+00
   3.2000000e+00   3.9965592e-01   0.0000000e+00
   3.2200000e+00   3.9912155e-01   0.0000000e+00
   3.2400000e+00   3.9858717e-01   0.0000000e+00
   3.2600000e+00   3.9866157e-01   0.0000000e+00
   2.1300000e+00   6.8497548e-01   1.0000000e+00
   2.1500000e+00   6.8243097e-01   1.0000000e+00
   2.1700000e+00   6.8035715e-01   1.0000000e+00
   2.1900000e+00   6.7875402e-01   1.0000000e+00
   2.2100000e+00   6.7715089e-01   1.0000000e+00
   2.2300000e+00   6.7536539e-01   1.0000000e+00
   2.2500000e+00   6.7339752e-01   1.0000000e+00
   2.2700000e+00   6.7101194e-01   1.0000000e+00
   2.2900000e+00   6.6854891e-01   1.0000000e+00
   2.3100000e+00   6.6600843e-01   1.0000000e+00
   2.3300000e+00   6.6387093e-01   1.0000000e+00
   2.3500000e+00   6.6173342e-01   1.0000000e+00
   2.3700000e+00   6.5959591e-01   1.0000000e+00
   2.3900000e+00   6.5702595e-01   1.0000000e+00
   2.4100000e+00   6.5440502e-01   1.0000000e+00
   2.4300000e+00   6.5173314e-01   1.0000000e+00
   2.4500000e+00   6.4926038e-01   1.0000000e+00
   2.4700000e+00   6.4687278e-01   1.0000000e+00
   2.4900000e+00   6.4457035e-01   1.0000000e+00
   2.5100000e+00   6.4136409e-01   1.0000000e+00
   2.5300000e+00   6.3865800e-01   1.0000000e+00
   2.5500000e+00   6.3645209e-01   1.0000000e+00
   2.5700000e+00   6.3469809e-01   1.0000000e+00
   2.5900000e+00   6.3275268e-01   1.0000000e+00
   2.6100000e+00   6.3061586e-01   1.0000000e+00
   2.6300000e+00   6.2809415e-01   1.0000000e+00
   2.6500000e+00   6.2576454e-01   1.0000000e+00
   2.6700000e+00   6.2362704e-01   1.0000000e+00
   2.6900000e+00   6.2148953e-01   1.0000000e+00
   2.7100000e+00   6.1957763e-01   1.0000000e+00
   2.7300000e+00   6.1789135e-01   1.0000000e+00
   2.7500000e+00   6.1628822e-01   1.0000000e+00
   2.7700000e+00   6.1479404e-01   1.0000000e+00
   2.7900000e+00   6.1340881e-01   1.0000000e+00
   2.8100000e+00   6.1234005e-01   1.0000000e+00
   2.8300000e+00   6.1127130e-01   1.0000000e+00
   2.8500000e+00   6.1020254e-01   1.0000000e+00
   2.8700000e+00   6.0913379e-01   1.0000000e+00
   2.8900000e+00   6.0826618e-01   1.0000000e+00
   2.9100000e+00   6.0759970e-01   1.0000000e+00
   2.9300000e+00   6.0677971e-01   1.0000000e+00
   2.9500000e+00   6.0600429e-01   1.0000000e+00
   2.9700000e+00   6.0527344e-01   1.0000000e+00
   2.9900000e+00   6.0516886e-01   1.0000000e+00
   3.0100000e+00   6.0458220e-01   1.0000000e+00
   3.0300000e+00   6.0351345e-01   1.0000000e+00
   3.0500000e+00   6.0338469e-01   1.0000000e+00
   3.0700000e+00   6.0296698e-01   1.0000000e+00
   3.0900000e+00   6.0226031e-01   1.0000000e+00
   3.1100000e+00   6.0095488e-01   1.0000000e+00
   3.1300000e+00   5.9962061e-01   1.0000000e+00
   3.1500000e+00   5.9825749e-01   1.0000000e+00
   3.1700000e+00   5.9771977e-01   1.0000000e+00
   3.1900000e+00   5.9691654e-01   1.0000000e+00
   3.2100000e+00   5.9584778e-01   1.0000000e+00
   3.2300000e+00   5.9520008e-01   1.0000000e+00
