   6.1000000e-01   9.7197763e-01   0.0000000e+00
   6.3000000e-01   9.5470193e-01   0.0000000e+00
   6.5000000e-01   9.3108545e-01   0.0000000e+00
   6.7000000e-01   9.0324590e-01   0.0000000e+00
   6.9000000e-01   8.7118328e-01   0.0000000e+00
   7.1000000e-01   8.4777055e-01   0.0000000e+00
   7.3000000e-01   8.2494015e-01   0.0000000e+00
   7.5000000e-01   8.0269210e-01   0.0000000e+00
   7.7000000e-01   7.8379911e-01   0.0000000e+00
   7.9000000e-01   7.6693203e-01   0.0000000e+00
   8.1000000e-01   7.5209086e-01   0.0000000e+00
   8.3000000e-01   7.3338766e-01   0.0000000e+00
   8.5000000e-01   7.1625340e-01   0.0000000e+00
   8.7000000e-01   7.0068805e-01   0.0000000e+00
   8.9000000e-01   6.8478481e-01   0.0000000e+00
   9.1000000e-01   6.7026576e-01   0.0000000e+00
   9.3000000e-01   6.5713092e-01   0.0000000e+00
   9.5000000e-01   6.4696232e-01   0.0000000e+00
   9.7000000e-01   6.3739214e-01   0.0000000e+00
   9.9000000e-01   6.2842036e-01   0.0000000e+00
   1.0100000e+00   6.2040471e-01   0.0000000e+00
   1.0300000e+00   6.1262606e-01   0.0000000e+00
   1.0500000e+00   6.0508444e-01   0.0000000e+00
   1.0700000e+00   5.9796053e-01   0.0000000e+00
   1.0900000e+00   5.9116582e-01   0.0000000e+00
   1.1100000e+00   5.8470032e-01   0.0000000e+00
   1.1300000e+00   5.7894621e-01   0.0000000e+00
   1.1500000e+00   5.7339358e-01   0.0000000e+00
   1.1700000e+00   5.6804244e-01   0.0000000e+00
   1.1900000e+00   5.6216429e-01   0.0000000e+00
   1.2100000e+00   5.5649868e-01   0.0000000e+00
   1.2300000e+00   5.5104562e-01   0.0000000e+00
   1.2500000e+00   5.4601027e-01   0.0000000e+00
   1.2700000e+00   5.4108790e-01   0.0000000e+00
   1.2900000e+00   5.3627850e-01   0.0000000e+00
   1.3100000e+00   5.3146911e-01   0.0000000e+00
   1.3300000e+00   5.2665972e-01   0.0000000e+00
   1.3500000e+00   5.2185032e-01   0.0000000e+00
   1.3700000e+00   5.1704093e-01   0.0000000e+00
   1.3900000e+00   5.1260767e-01   0.0000000e+00
   1.4100000e+00   5.0855056e-01   0.0000000e+00
   1.4300000e+00   5.0455044e-01   0.0000000e+00
   1.4500000e+00   5.0048428e-01   0.0000000e+00
   1.4700000e+00   4.9635208e-01   0.0000000e+00
   1.4900000e+00   4.9266372e-01   0.0000000e+00
   1.5100000e+00   4.8948361e-01   0.0000000e+00
   1.5300000e+00   4.8681172e-01   0.0000000e+00
   1.5500000e+00   4.8413983e-01   0.0000000e+00
   1.5700000e+00   4.8146795e-01   0.0000000e+00
   1.5900000e+00   4.7879607e-01   0.0000000e+00
   1.6100000e+00   4.7633471e-01   0.0000000e+00
   1.6300000e+00   4.7412913e-01   0.0000000e+00
   1.6500000e+00   4.7217935e-01   0.0000000e+00
   1.6700000e+00   4.7111060e-01   0.0000000e+00
   1.6900000e+00   4.6978606e-01   0.0000000e+00
   1.7100000e+00   4.6820573e-01   0.0000000e+00
   1.7300000e+00   4.6660260e-01   0.0000000e+00
   1.7500000e+00   4.6499946e-01   0.0000000e+00
   1.7700000e+00   4.6339633e-01   0.0000000e+00
   1.7900000e+00   4.6195478e-01   0.0000000e+00
   1.8100000e+00   4.6067717e-01   0.0000000e+00
   1.8300000e+00   4.5956350e-01   0.0000000e+00
   1.8500000e+00   4.5796037e-01   0.0000000e+00
   1.8700000e+00   4.5681987e-01   0.0000000e+00
   1.8900000e+00   4.5614200e-01   0.0000000e+00
   1.9100000e+00   4.5491569e-01   0.0000000e+00
   1.9300000e+00   4.5373027e-01   0.0000000e+00
   1.9500000e+00   4.5258574e-01   0.0000000e+00
   1.9700000e+00   4.5205136e-01   0.0000000e+00
   1.9900000e+00   4.5151698e-01   0.0000000e+00
   2.0100000e+00   4.5098261e-01   0.0000000e+00
   2.0300000e+00   4.4991788e-01   0.0000000e+00
   2.0500000e+00   4.4885115e-01   0.0000000e+00
   2.0700000e+00   4.4778239e-01   0.0000000e+00
   2.0900000e+00   4.4671364e-01   0.0000000e+00
   2.1100000e+00   4.4573506e-01   0.0000000e+00
   2.1300000e+00   4.4484666e-01   0.0000000e+00
   2.1500000e+00   4.4424859e-01   0.0000000e+00
   2.1700000e+00   4.4341518e-01   0.0000000e+00
   2.1900000e+00   4.4234643e-01   0.0000000e+00
   2.2100000e+00   4.4127767e-01   0.0000000e+00
   2.2300000e+00   4.4020892e-01   0.0000000e+00
   2.2500000e+00   4.3914017e-01   0.0000000e+00
   2.2700000e+00   4.3807141e-01   0.0000000e+00
   2.2900000e+00   4.3700266e-01   0.0000000e+00
   2.3100000e+00   4.3593390e-01   0.0000000e+00
   2.3300000e+00   4.3486515e-01   0.0000000e+00
   2.3500000e+00   4.3379640e-01   0.0000000e+00
   2.3700000e+00   4.3272764e-01   0.0000000e+00
   2.3900000e+00   4.3165889e-01   0.0000000e+00
   2.4100000e+00   4.3059013e-01   0.0000000e+00
   2.4300000e+00   4.2952138e-01   0.0000000e+00
   2.4500000e+00   4.2865175e-01   0.0000000e+00
   2.4700000e+00   4.2790852e-01   0.0000000e+00
   2.4900000e+00   4.2729168e-01   0.0000000e+00
   2.5100000e+00   4.2622293e-01   0.0000000e+00
   2.5300000e+00   4.2515417e-01   0.0000000e+00
   2.5500000e+00   4.2408542e-01   0.0000000e+00
   2.5700000e+00   4.2378368e-01   0.0000000e+00
   2.5900000e+00   4.2336597e-01   0.0000000e+00
   2.6100000e+00   4.2283228e-01   0.0000000e+00
   2.6300000e+00   4.2176353e-01   0.0000000e+00
   2.6500000e+00   4.2071153e-01   0.0000000e+00
   2.6700000e+00   4.1967629e-01   0.0000000e+00
   2.6900000e+00   4.1914191e-01   0.0000000e+00
   2.7100000e+00   4.1838192e-01   0.0000000e+00
   2.7300000e+00   4.1739632e-01   0.0000000e+00
   2.7500000e+00   4.1666213e-01   0.0000000e+00
   2.7700000e+00   4.1591889e-01   0.0000000e+00
   2.7900000e+00   4.1516662e-01   0.0000000e+00
   2.8100000e+00   4.1430033e-01   0.0000000e+00
   2.8300000e+00   4.1386719e-01   0.0000000e+00
   2.8500000e+00   4.1386719e-01   0.0000000e+00
   2.8700000e+00   4.1334824e-01   0.0000000e+00
   2.8900000e+00   4.1282158e-01   0.0000000e+00
   2.9100000e+00   4.1228720e-01   0.0000000e+00
   2.9300000e+00   4.1175283e-01   0.0000000e+00
   2.9500000e+00   4.1130293e-01   0.0000000e+00
   2.9700000e+00   4.1093750e-01   0.0000000e+00
   2.9900000e+00   4.1093750e-01   0.0000000e+00
   3.0100000e+00   4.1093750e-01   0.0000000e+00
   3.0300000e+00   4.1093750e-01   0.0000000e+00
   3.0500000e+00   4.1093750e-01   0.0000000e+00
   3.0700000e+00   4.1129083e-01   0.0000000e+00
   3.0900000e+00   4.1199750e-01   0.0000000e+00
   3.1100000e+00   4.1259292e-01   0.0000000e+00
   3.1300000e+00   4.1289063e-01   0.0000000e+00
   3.1500000e+00   4.1289063e-01   0.0000000e+00
   3.1700000e+00   4.1289063e-01   0.0000000e+00
   3.1900000e+00   4.1289063e-01   0.0000000e+00
   3.2100000e+00   4.1289063e-01   0.0000000e+00
   3.2300000e+00   4.1289063e-01   0.0000000e+00
   3.2500000e+00   4.1319501e-01   0.0000000e+00
   3.2700000e+00   4.1380379e-01   0.0000000e+00
   3.2900000e+00   4.1449710e-01   0.0000000e+00
   3.3100000e+00   4.1484375e-01   0.0000000e+00
   3.3300000e+00   4.1484375e-01   0.0000000e+00
   3.3500000e+00   4.1484375e-01   0.0000000e+00
   3.3700000e+00   4.1508814e-01   0.0000000e+00
   3.3900000e+00   4.1557691e-01   0.0000000e+00
   3.4100000e+00   4.1573918e-01   0.0000000e+00
   3.4300000e+00   4.1582031e-01   0.0000000e+00
   3.4500000e+00   4.1582031e-01   0.0000000e+00
   3.4700000e+00   4.1595909e-01   0.0000000e+00
   3.4900000e+00   4.1628461e-01   0.0000000e+00
   3.5100000e+00   4.1679688e-01   0.0000000e+00
   3.5300000e+00   4.1679688e-01   0.0000000e+00
   3.5500000e+00   4.1679688e-01   0.0000000e+00
   3.5700000e+00   4.1679688e-01   0.0000000e+00
   2.1600000e+00   6.8604153e-01   1.0000000e+00
   2.1800000e+00   6.8443840e-01   1.0000000e+00
   2.2000000e+00   6.8259456e-01   1.0000000e+00
   2.2200000e+00   6.8051003e-01   1.0000000e+00
   2.2400000e+00   6.7837252e-01   1.0000000e+00
   2.2600000e+00   6.7623502e-01   1.0000000e+00
   2.2800000e+00   6.7409751e-01   1.0000000e+00
   2.3000000e+00   6.7182859e-01   1.0000000e+00
   2.3200000e+00   6.6935819e-01   1.0000000e+00
   2.3400000e+00   6.6668631e-01   1.0000000e+00
   2.3600000e+00   6.6401442e-01   1.0000000e+00
   2.3800000e+00   6.6134254e-01   1.0000000e+00
   2.4000000e+00   6.5867065e-01   1.0000000e+00
   2.4200000e+00   6.5631456e-01   1.0000000e+00
   2.4400000e+00   6.5386863e-01   1.0000000e+00
   2.4600000e+00   6.5133287e-01   1.0000000e+00
   2.4800000e+00   6.4829153e-01   1.0000000e+00
   2.5000000e+00   6.4570211e-01   1.0000000e+00
   2.5200000e+00   6.4356460e-01   1.0000000e+00
   2.5400000e+00   6.4142709e-01   1.0000000e+00
   2.5600000e+00   6.3928958e-01   1.0000000e+00
   2.5800000e+00   6.3715207e-01   1.0000000e+00
   2.6000000e+00   6.3528141e-01   1.0000000e+00
   2.6200000e+00   6.3346942e-01   1.0000000e+00
   2.6400000e+00   6.3171611e-01   1.0000000e+00
   2.6600000e+00   6.2957860e-01   1.0000000e+00
   2.6800000e+00   6.2744110e-01   1.0000000e+00
   2.7000000e+00   6.2530359e-01   1.0000000e+00
   2.7200000e+00   6.2406853e-01   1.0000000e+00
   2.7400000e+00   6.2274935e-01   1.0000000e+00
   2.7600000e+00   6.2134603e-01   1.0000000e+00
   2.7800000e+00   6.1996080e-01   1.0000000e+00
   2.8000000e+00   6.1868319e-01   1.0000000e+00
   2.8200000e+00   6.1751320e-01   1.0000000e+00
   2.8400000e+00   6.1591007e-01   1.0000000e+00
   2.8600000e+00   6.1456641e-01   1.0000000e+00
   2.8800000e+00   6.1348222e-01   1.0000000e+00
   2.9000000e+00   6.1241347e-01   1.0000000e+00
   2.9200000e+00   6.1134472e-01   1.0000000e+00
   2.9400000e+00   6.1027596e-01   1.0000000e+00
   2.9600000e+00   6.0937616e-01   1.0000000e+00
   2.9800000e+00   6.0865907e-01   1.0000000e+00
   3.0000000e+00   6.0812469e-01   1.0000000e+00
   3.0200000e+00   6.0759032e-01   1.0000000e+00
   3.0400000e+00   6.0705594e-01   1.0000000e+00
   3.0600000e+00   6.0652156e-01   1.0000000e+00
   3.0800000e+00   6.0563385e-01   1.0000000e+00
   3.1000000e+00   6.0465562e-01   1.0000000e+00
   3.1200000e+00   6.0358686e-01   1.0000000e+00
   3.1400000e+00   6.0251811e-01   1.0000000e+00
   3.1600000e+00   6.0145103e-01   1.0000000e+00
   3.1800000e+00   6.0038561e-01   1.0000000e+00
   3.2000000e+00   5.9985124e-01   1.0000000e+00
   3.2200000e+00   5.9889581e-01   1.0000000e+00
   3.2400000e+00   5.9751932e-01   1.0000000e+00
   3.2600000e+00   5.9622058e-01   1.0000000e+00
   3.2800000e+00   5.9494297e-01   1.0000000e+00
   3.3000000e+00   5.9368649e-01   1.0000000e+00
   3.3200000e+00   5.9208336e-01   1.0000000e+00
   3.3400000e+00   5.9048023e-01   1.0000000e+00
   3.3600000e+00   5.8887710e-01   1.0000000e+00
   3.3800000e+00   5.8629642e-01   1.0000000e+00
