   6.1000000e-01   9.7010161e-01   0.0000000e+00
   6.3000000e-01   9.5298012e-01   0.0000000e+00
   6.5000000e-01   9.2982293e-01   0.0000000e+00
   6.7000000e-01   9.0194583e-01   0.0000000e+00
   6.9000000e-01   8.6934884e-01   0.0000000e+00
   7.1000000e-01   8.4631224e-01   0.0000000e+00
   7.3000000e-01   8.2359851e-01   0.0000000e+00
   7.5000000e-01   8.0120765e-01   0.0000000e+00
   7.7000000e-01   7.8200221e-01   0.0000000e+00
   7.9000000e-01   7.6497891e-01   0.0000000e+00
   8.1000000e-01   7.5013774e-01   0.0000000e+00
   8.3000000e-01   7.3143454e-01   0.0000000e+00
   8.5000000e-01   7.1456176e-01   0.0000000e+00
   8.7000000e-01   6.9951939e-01   0.0000000e+00
   8.9000000e-01   6.8374421e-01   0.0000000e+00
   9.1000000e-01   6.6928920e-01   0.0000000e+00
   9.3000000e-01   6.5615435e-01   0.0000000e+00
   9.5000000e-01   6.4615874e-01   0.0000000e+00
   9.7000000e-01   6.3691408e-01   0.0000000e+00
   9.9000000e-01   6.2842036e-01   0.0000000e+00
   1.0100000e+00   6.2040471e-01   0.0000000e+00
   1.0300000e+00   6.1262606e-01   0.0000000e+00
   1.0500000e+00   6.0508444e-01   0.0000000e+00
   1.0700000e+00   5.9831789e-01   0.0000000e+00
   1.0900000e+00   5.9184871e-01   0.0000000e+00
   1.1100000e+00   5.8567688e-01   0.0000000e+00
   1.1300000e+00   5.7979873e-01   0.0000000e+00
   1.1500000e+00   5.7392059e-01   0.0000000e+00
   1.1700000e+00   5.6804244e-01   0.0000000e+00
   1.1900000e+00   5.6216429e-01   0.0000000e+00
   1.2100000e+00   5.5692377e-01   0.0000000e+00
   1.2300000e+00   5.5232087e-01   0.0000000e+00
   1.2500000e+00   5.4742902e-01   0.0000000e+00
   1.2700000e+00   5.4231121e-01   0.0000000e+00
   1.2900000e+00   5.3696743e-01   0.0000000e+00
   1.3100000e+00   5.3162366e-01   0.0000000e+00
   1.3300000e+00   5.2627989e-01   0.0000000e+00
   1.3500000e+00   5.2093612e-01   0.0000000e+00
   1.3700000e+00   5.1657796e-01   0.0000000e+00
   1.3900000e+00   5.1226137e-01   0.0000000e+00
   1.4100000e+00   5.0798635e-01   0.0000000e+00
   1.4300000e+00   5.0371133e-01   0.0000000e+00
   1.4500000e+00   4.9957913e-01   0.0000000e+00
   1.4700000e+00   4.9558973e-01   0.0000000e+00
   1.4900000e+00   4.9238346e-01   0.0000000e+00
   1.5100000e+00   4.8917720e-01   0.0000000e+00
   1.5300000e+00   4.8597094e-01   0.0000000e+00
   1.5500000e+00   4.8365239e-01   0.0000000e+00
   1.5700000e+00   4.8126076e-01   0.0000000e+00
   1.5900000e+00   4.7879607e-01   0.0000000e+00
   1.6100000e+00   4.7633471e-01   0.0000000e+00
   1.6300000e+00   4.7408220e-01   0.0000000e+00
   1.6500000e+00   4.7203856e-01   0.0000000e+00
   1.6700000e+00   4.7043543e-01   0.0000000e+00
   1.6900000e+00   4.6883230e-01   0.0000000e+00
   1.7100000e+00   4.6722917e-01   0.0000000e+00
   1.7300000e+00   4.6562603e-01   0.0000000e+00
   1.7500000e+00   4.6416203e-01   0.0000000e+00
   1.7700000e+00   4.6283714e-01   0.0000000e+00
   1.7900000e+00   4.6160680e-01   0.0000000e+00
   1.8100000e+00   4.6019007e-01   0.0000000e+00
   1.8300000e+00   4.5858694e-01   0.0000000e+00
   1.8500000e+00   4.5698381e-01   0.0000000e+00
   1.8700000e+00   4.5584331e-01   0.0000000e+00
   1.8900000e+00   4.5516543e-01   0.0000000e+00
   1.9100000e+00   4.5428509e-01   0.0000000e+00
   1.9300000e+00   4.5331054e-01   0.0000000e+00
   1.9500000e+00   4.5224179e-01   0.0000000e+00
   1.9700000e+00   4.5117304e-01   0.0000000e+00
   1.9900000e+00   4.5010428e-01   0.0000000e+00
   2.0100000e+00   4.4903553e-01   0.0000000e+00
   2.0300000e+00   4.4849712e-01   0.0000000e+00
   2.0500000e+00   4.4796073e-01   0.0000000e+00
   2.0700000e+00   4.4742635e-01   0.0000000e+00
   2.0900000e+00   4.4659496e-01   0.0000000e+00
   2.1100000e+00   4.4573506e-01   0.0000000e+00
   2.1300000e+00   4.4484666e-01   0.0000000e+00
   2.1500000e+00   4.4424859e-01   0.0000000e+00
   2.1700000e+00   4.4341518e-01   0.0000000e+00
   2.1900000e+00   4.4234643e-01   0.0000000e+00
   2.2100000e+00   4.4127767e-01   0.0000000e+00
   2.2300000e+00   4.4020892e-01   0.0000000e+00
   2.2500000e+00   4.3914017e-01   0.0000000e+00
   2.2700000e+00   4.3807141e-01   0.0000000e+00
   2.2900000e+00   4.3700266e-01   0.0000000e+00
   2.3100000e+00   4.3593390e-01   0.0000000e+00
   2.3300000e+00   4.3486515e-01   0.0000000e+00
   2.3500000e+00   4.3379640e-01   0.0000000e+00
   2.3700000e+00   4.3272764e-01   0.0000000e+00
   2.3900000e+00   4.3122643e-01   0.0000000e+00
   2.4100000e+00   4.2999005e-01   0.0000000e+00
   2.4300000e+00   4.2901850e-01   0.0000000e+00
   2.4500000e+00   4.2828500e-01   0.0000000e+00
   2.4700000e+00   4.2742510e-01   0.0000000e+00
   2.4900000e+00   4.2643881e-01   0.0000000e+00
   2.5100000e+00   4.2590443e-01   0.0000000e+00
   2.5300000e+00   4.2511997e-01   0.0000000e+00
   2.5500000e+00   4.2408542e-01   0.0000000e+00
   2.5700000e+00   4.2340017e-01   0.0000000e+00
   2.5900000e+00   4.2279036e-01   0.0000000e+00
   2.6100000e+00   4.2225598e-01   0.0000000e+00
   2.6300000e+00   4.2157143e-01   0.0000000e+00
   2.6500000e+00   4.2069477e-01   0.0000000e+00
   2.6700000e+00   4.1962602e-01   0.0000000e+00
   2.6900000e+00   4.1855726e-01   0.0000000e+00
   2.7100000e+00   4.1771412e-01   0.0000000e+00
   2.7300000e+00   4.1709660e-01   0.0000000e+00
   2.7500000e+00   4.1656222e-01   0.0000000e+00
   2.7700000e+00   4.1591889e-01   0.0000000e+00
   2.7900000e+00   4.1516662e-01   0.0000000e+00
   2.8100000e+00   4.1430033e-01   0.0000000e+00
   2.8300000e+00   4.1386719e-01   0.0000000e+00
   2.8500000e+00   4.1386719e-01   0.0000000e+00
   2.8700000e+00   4.1386719e-01   0.0000000e+00
   2.8900000e+00   4.1346491e-01   0.0000000e+00
   2.9100000e+00   4.1266034e-01   0.0000000e+00
   2.9300000e+00   4.1244844e-01   0.0000000e+00
   2.9500000e+00   4.1252520e-01   0.0000000e+00
   2.9700000e+00   4.1289063e-01   0.0000000e+00
   2.9900000e+00   4.1289063e-01   0.0000000e+00
   3.0100000e+00   4.1289063e-01   0.0000000e+00
   3.0300000e+00   4.1289063e-01   0.0000000e+00
   3.0500000e+00   4.1289063e-01   0.0000000e+00
   3.0700000e+00   4.1306729e-01   0.0000000e+00
   3.0900000e+00   4.1342063e-01   0.0000000e+00
   3.1100000e+00   4.1395500e-01   0.0000000e+00
   3.1300000e+00   4.1442938e-01   0.0000000e+00
   3.1500000e+00   4.1484375e-01   0.0000000e+00
   3.1700000e+00   4.1484375e-01   0.0000000e+00
   3.1900000e+00   4.1484375e-01   0.0000000e+00
   3.2100000e+00   4.1484375e-01   0.0000000e+00
   3.2300000e+00   4.1484375e-01   0.0000000e+00
   3.2500000e+00   4.1484375e-01   0.0000000e+00
   3.2700000e+00   4.1484375e-01   0.0000000e+00
   3.2900000e+00   4.1503147e-01   0.0000000e+00
   3.3100000e+00   4.1539252e-01   0.0000000e+00
   3.3300000e+00   4.1592690e-01   0.0000000e+00
   3.3500000e+00   4.1646128e-01   0.0000000e+00
   3.3700000e+00   4.1675127e-01   0.0000000e+00
   3.3900000e+00   4.1679688e-01   0.0000000e+00
   3.4100000e+00   4.1679688e-01   0.0000000e+00
   3.4300000e+00   4.1679688e-01   0.0000000e+00
   3.4500000e+00   4.1679688e-01   0.0000000e+00
   3.4700000e+00   4.1693565e-01   0.0000000e+00
   3.4900000e+00   4.1725012e-01   0.0000000e+00
   3.5100000e+00   4.1774027e-01   0.0000000e+00
   3.5300000e+00   4.1720589e-01   0.0000000e+00
   3.5500000e+00   4.1689143e-01   0.0000000e+00
   3.5700000e+00   4.1679688e-01   0.0000000e+00
   3.5900000e+00   4.1712004e-01   0.0000000e+00
   3.6100000e+00   4.1744556e-01   0.0000000e+00
   3.6300000e+00   4.1777344e-01   0.0000000e+00
   3.6500000e+00   4.1786327e-01   0.0000000e+00
   3.6700000e+00   4.1817537e-01   0.0000000e+00
   3.6900000e+00   4.1870975e-01   0.0000000e+00
   3.7100000e+00   4.1822904e-01   0.0000000e+00
   2.1600000e+00   6.8506497e-01   1.0000000e+00
   2.1800000e+00   6.8346183e-01   1.0000000e+00
   2.2000000e+00   6.8161800e-01   1.0000000e+00
   2.2200000e+00   6.7953347e-01   1.0000000e+00
   2.2400000e+00   6.7776070e-01   1.0000000e+00
   2.2600000e+00   6.7594871e-01   1.0000000e+00
   2.2800000e+00   6.7409751e-01   1.0000000e+00
   2.3000000e+00   6.7182859e-01   1.0000000e+00
   2.3200000e+00   6.6935819e-01   1.0000000e+00
   2.3400000e+00   6.6668631e-01   1.0000000e+00
   2.3600000e+00   6.6401442e-01   1.0000000e+00
   2.3800000e+00   6.6155876e-01   1.0000000e+00
   2.4000000e+00   6.5931933e-01   1.0000000e+00
   2.4200000e+00   6.5655025e-01   1.0000000e+00
   2.4400000e+00   6.5366213e-01   1.0000000e+00
   2.4600000e+00   6.5065500e-01   1.0000000e+00
   2.4800000e+00   6.4806557e-01   1.0000000e+00
   2.5000000e+00   6.4570211e-01   1.0000000e+00
   2.5200000e+00   6.4356460e-01   1.0000000e+00
   2.5400000e+00   6.4192726e-01   1.0000000e+00
   2.5600000e+00   6.4011528e-01   1.0000000e+00
   2.5800000e+00   6.3812864e-01   1.0000000e+00
   2.6000000e+00   6.3599113e-01   1.0000000e+00
   2.6200000e+00   6.3385362e-01   1.0000000e+00
   2.6400000e+00   6.3171611e-01   1.0000000e+00
   2.6600000e+00   6.2964563e-01   1.0000000e+00
   2.6800000e+00   6.2807602e-01   1.0000000e+00
   2.7000000e+00   6.2700726e-01   1.0000000e+00
   2.7200000e+00   6.2503605e-01   1.0000000e+00
   2.7400000e+00   6.2314898e-01   1.0000000e+00
   2.7600000e+00   6.2134603e-01   1.0000000e+00
   2.7800000e+00   6.1974290e-01   1.0000000e+00
   2.8000000e+00   6.1819039e-01   1.0000000e+00
   2.8200000e+00   6.1668849e-01   1.0000000e+00
   2.8400000e+00   6.1561973e-01   1.0000000e+00
   2.8600000e+00   6.1455098e-01   1.0000000e+00
   2.8800000e+00   6.1348222e-01   1.0000000e+00
   2.9000000e+00   6.1241347e-01   1.0000000e+00
   2.9200000e+00   6.1163033e-01   1.0000000e+00
   2.9400000e+00   6.1113281e-01   1.0000000e+00
   2.9600000e+00   6.1079491e-01   1.0000000e+00
   2.9800000e+00   6.1011772e-01   1.0000000e+00
   3.0000000e+00   6.0910126e-01   1.0000000e+00
   3.0200000e+00   6.0856688e-01   1.0000000e+00
   3.0400000e+00   6.0779750e-01   1.0000000e+00
   3.0600000e+00   6.0679313e-01   1.0000000e+00
   3.0800000e+00   6.0572437e-01   1.0000000e+00
   3.1000000e+00   6.0453728e-01   1.0000000e+00
   3.1200000e+00   6.0323186e-01   1.0000000e+00
   3.1400000e+00   6.0186874e-01   1.0000000e+00
   3.1600000e+00   6.0091832e-01   1.0000000e+00
   3.1800000e+00   6.0038060e-01   1.0000000e+00
   3.2000000e+00   5.9931185e-01   1.0000000e+00
   3.2200000e+00   5.9803257e-01   1.0000000e+00
   3.2400000e+00   5.9654276e-01   1.0000000e+00
   3.2600000e+00   5.9524402e-01   1.0000000e+00
   3.2800000e+00   5.9396641e-01   1.0000000e+00
   3.3000000e+00   5.9270993e-01   1.0000000e+00
   3.3200000e+00   5.9117786e-01   1.0000000e+00
   3.3400000e+00   5.8987744e-01   1.0000000e+00
   3.3600000e+00   5.8880869e-01   1.0000000e+00
   3.3800000e+00   5.8627362e-01   1.0000000e+00
