   6.0000000e-01   9.8874878e-01   0.0000000e+00
   6.2000000e-01   9.7790703e-01   0.0000000e+00
   6.4000000e-01   9.6657483e-01   0.0000000e+00
   6.6000000e-01   9.5475220e-01   0.0000000e+00
   6.8000000e-01   9.3498025e-01   0.0000000e+00
   7.0000000e-01   9.1452541e-01   0.0000000e+00
   7.2000000e-01   8.9338769e-01   0.0000000e+00
   7.4000000e-01   8.7302839e-01   0.0000000e+00
   7.6000000e-01   8.5429433e-01   0.0000000e+00
   7.8000000e-01   8.3718551e-01   0.0000000e+00
   8.0000000e-01   8.2351030e-01   0.0000000e+00
   8.2000000e-01   8.0919141e-01   0.0000000e+00
   8.4000000e-01   7.9422885e-01   0.0000000e+00
   8.6000000e-01   7.8031225e-01   0.0000000e+00
   8.8000000e-01   7.6681335e-01   0.0000000e+00
   9.0000000e-01   7.5373217e-01   0.0000000e+00
   9.2000000e-01   7.4351394e-01   0.0000000e+00
   9.4000000e-01   7.3439700e-01   0.0000000e+00
   9.6000000e-01   7.2638134e-01   0.0000000e+00
   9.8000000e-01   7.1847832e-01   0.0000000e+00
   1.0000000e+00   7.1105336e-01   0.0000000e+00
   1.0200000e+00   7.0410646e-01   0.0000000e+00
   1.0400000e+00   6.9763359e-01   0.0000000e+00
   1.0600000e+00   6.9172694e-01   0.0000000e+00
   1.0800000e+00   6.8638651e-01   0.0000000e+00
   1.1000000e+00   6.8181782e-01   0.0000000e+00
   1.1200000e+00   6.7745798e-01   0.0000000e+00
   1.1400000e+00   6.7330700e-01   0.0000000e+00
   1.1600000e+00   6.6955162e-01   0.0000000e+00
   1.1800000e+00   6.6526923e-01   0.0000000e+00
   1.2000000e+00   6.6045984e-01   0.0000000e+00
   1.2200000e+00   6.5650061e-01   0.0000000e+00
   1.2400000e+00   6.5249647e-01   0.0000000e+00
   1.2600000e+00   6.4844741e-01   0.0000000e+00
   1.2800000e+00   6.4398064e-01   0.0000000e+00
   1.3000000e+00   6.3938010e-01   0.0000000e+00
   1.3200000e+00   6.3464580e-01   0.0000000e+00
   1.3400000e+00   6.3037078e-01   0.0000000e+00
   1.3600000e+00   6.2609577e-01   0.0000000e+00
   1.3800000e+00   6.2182075e-01   0.0000000e+00
   1.4000000e+00   6.1716960e-01   0.0000000e+00
   1.4200000e+00   6.1256906e-01   0.0000000e+00
   1.4400000e+00   6.0801914e-01   0.0000000e+00
   1.4600000e+00   6.0360131e-01   0.0000000e+00
   1.4800000e+00   5.9900078e-01   0.0000000e+00
   1.5000000e+00   5.9421753e-01   0.0000000e+00
   1.5200000e+00   5.8994251e-01   0.0000000e+00
   1.5400000e+00   5.8566749e-01   0.0000000e+00
   1.5600000e+00   5.8139248e-01   0.0000000e+00
   1.5800000e+00   5.7777184e-01   0.0000000e+00
   1.6000000e+00   5.7446366e-01   0.0000000e+00
   1.6200000e+00   5.7146792e-01   0.0000000e+00
   1.6400000e+00   5.6879604e-01   0.0000000e+00
   1.6600000e+00   5.6612415e-01   0.0000000e+00
   1.6800000e+00   5.6345227e-01   0.0000000e+00
   1.7000000e+00   5.6078038e-01   0.0000000e+00
   1.7200000e+00   5.5830595e-01   0.0000000e+00
   1.7400000e+00   5.5602898e-01   0.0000000e+00
   1.7600000e+00   5.5389147e-01   0.0000000e+00
   1.7800000e+00   5.5183475e-01   0.0000000e+00
   1.8000000e+00   5.4985883e-01   0.0000000e+00
   1.8200000e+00   5.4821078e-01   0.0000000e+00
   1.8400000e+00   5.4631800e-01   0.0000000e+00
   1.8600000e+00   5.4418049e-01   0.0000000e+00
   1.8800000e+00   5.4250561e-01   0.0000000e+00
   1.9000000e+00   5.4069362e-01   0.0000000e+00
   1.9200000e+00   5.3874453e-01   0.0000000e+00
   1.9400000e+00   5.3660702e-01   0.0000000e+00
   1.9600000e+00   5.3458215e-01   0.0000000e+00
   1.9800000e+00   5.3266991e-01   0.0000000e+00
   2.0000000e+00   5.3160115e-01   0.0000000e+00
   2.0200000e+00   5.3000205e-01   0.0000000e+00
   2.0400000e+00   5.2787261e-01   0.0000000e+00
   2.0600000e+00   5.2614878e-01   0.0000000e+00
   2.0800000e+00   5.2433679e-01   0.0000000e+00
   2.1000000e+00   5.2243664e-01   0.0000000e+00
   2.1200000e+00   5.2065984e-01   0.0000000e+00
   2.1400000e+00   5.1923706e-01   0.0000000e+00
   2.1600000e+00   5.1816831e-01   0.0000000e+00
   2.1800000e+00   5.1709956e-01   0.0000000e+00
   2.2000000e+00   5.1554940e-01   0.0000000e+00
   2.2200000e+00   5.1351784e-01   0.0000000e+00
   2.2400000e+00   5.1210981e-01   0.0000000e+00
   2.2600000e+00   5.1087141e-01   0.0000000e+00
   2.2800000e+00   5.0980266e-01   0.0000000e+00
   2.3000000e+00   5.0873391e-01   0.0000000e+00
   2.3200000e+00   5.0765041e-01   0.0000000e+00
   2.3400000e+00   5.0655217e-01   0.0000000e+00
   2.3600000e+00   5.0441466e-01   0.0000000e+00
   2.3800000e+00   5.0270961e-01   0.0000000e+00
   2.4000000e+00   5.0143701e-01   0.0000000e+00
   2.4200000e+00   4.9973668e-01   0.0000000e+00
   2.4400000e+00   4.9801688e-01   0.0000000e+00
   2.4600000e+00   4.9627762e-01   0.0000000e+00
   2.4800000e+00   4.9504395e-01   0.0000000e+00
   2.5000000e+00   4.9335836e-01   0.0000000e+00
   2.5200000e+00   4.9122085e-01   0.0000000e+00
   2.5400000e+00   4.9008369e-01   0.0000000e+00
   2.5600000e+00   4.8898073e-01   0.0000000e+00
   2.5800000e+00   4.8791197e-01   0.0000000e+00
   2.6000000e+00   4.8630953e-01   0.0000000e+00
   2.6200000e+00   4.8458974e-01   0.0000000e+00
   2.6400000e+00   4.8275259e-01   0.0000000e+00
   2.6600000e+00   4.8168383e-01   0.0000000e+00
   2.6800000e+00   4.8061508e-01   0.0000000e+00
   2.7000000e+00   4.7954633e-01   0.0000000e+00
   2.7200000e+00   4.7892880e-01   0.0000000e+00
   2.7400000e+00   4.7818556e-01   0.0000000e+00
   2.7600000e+00   4.7731662e-01   0.0000000e+00
   2.7800000e+00   4.7624787e-01   0.0000000e+00
   2.8000000e+00   4.7517912e-01   0.0000000e+00
   2.8200000e+00   4.7411036e-01   0.0000000e+00
   2.8400000e+00   4.7304161e-01   0.0000000e+00
   2.8600000e+00   4.7223233e-01   0.0000000e+00
   2.8800000e+00   4.7168252e-01   0.0000000e+00
   2.9000000e+00   4.7114814e-01   0.0000000e+00
   2.9200000e+00   4.7047096e-01   0.0000000e+00
   2.9400000e+00   4.6965096e-01   0.0000000e+00
   2.9600000e+00   4.6875116e-01   0.0000000e+00
   2.9800000e+00   4.6803407e-01   0.0000000e+00
   3.0000000e+00   4.6749969e-01   0.0000000e+00
   3.0200000e+00   4.6696532e-01   0.0000000e+00
   3.0400000e+00   4.6619594e-01   0.0000000e+00
   3.0600000e+00   4.6519156e-01   0.0000000e+00
   3.0800000e+00   4.6447614e-01   0.0000000e+00
   3.1000000e+00   4.6373291e-01   0.0000000e+00
   3.1200000e+00   4.6296186e-01   0.0000000e+00
   3.1400000e+00   4.6201312e-01   0.0000000e+00
   3.1600000e+00   4.6126988e-01   0.0000000e+00
   3.1800000e+00   4.6073216e-01   0.0000000e+00
   3.2000000e+00   4.5966341e-01   0.0000000e+00
   3.2200000e+00   4.5880518e-01   0.0000000e+00
   3.2400000e+00   4.5815748e-01   0.0000000e+00
   3.2600000e+00   4.5762311e-01   0.0000000e+00
   3.2800000e+00   4.5699487e-01   0.0000000e+00
   3.3000000e+00   4.5627276e-01   0.0000000e+00
   3.3200000e+00   4.5527507e-01   0.0000000e+00
   3.3400000e+00   4.5450903e-01   0.0000000e+00
   3.3600000e+00   4.5397466e-01   0.0000000e+00
   3.3800000e+00   4.5295151e-01   0.0000000e+00
   3.4000000e+00   4.5190556e-01   0.0000000e+00
   3.4200000e+00   4.5083680e-01   0.0000000e+00
   3.4400000e+00   4.4976805e-01   0.0000000e+00
   3.4600000e+00   4.4876868e-01   0.0000000e+00
   3.4800000e+00   4.4783871e-01   0.0000000e+00
   3.5000000e+00   4.4728222e-01   0.0000000e+00
   3.5200000e+00   4.4646959e-01   0.0000000e+00
   3.5400000e+00   4.4540084e-01   0.0000000e+00
   3.5600000e+00   4.4477191e-01   0.0000000e+00
   3.5800000e+00   4.4402868e-01   0.0000000e+00
   3.6000000e+00   4.4317114e-01   0.0000000e+00
   3.6200000e+00   4.4210239e-01   0.0000000e+00
   3.6400000e+00   4.4107855e-01   0.0000000e+00
   3.6600000e+00   4.4009963e-01   0.0000000e+00
   3.6800000e+00   4.3956525e-01   0.0000000e+00
   3.7000000e+00   4.3928464e-01   0.0000000e+00
   3.7200000e+00   4.3925781e-01   0.0000000e+00
   3.7400000e+00   4.3886693e-01   0.0000000e+00
   3.7600000e+00   4.3854141e-01   0.0000000e+00
   3.7800000e+00   4.3828125e-01   0.0000000e+00
   2.0100000e+00   8.3378906e-01   1.0000000e+00
   2.0300000e+00   8.3131411e-01   1.0000000e+00
   2.0500000e+00   8.2882975e-01   1.0000000e+00
   2.0700000e+00   8.2633599e-01   1.0000000e+00
   2.0900000e+00   8.2384224e-01   1.0000000e+00
   2.1100000e+00   8.2134848e-01   1.0000000e+00
   2.1300000e+00   8.1885472e-01   1.0000000e+00
   2.1500000e+00   8.1636096e-01   1.0000000e+00
   2.1700000e+00   8.1386720e-01   1.0000000e+00
   2.1900000e+00   8.1137344e-01   1.0000000e+00
   2.2100000e+00   8.0887968e-01   1.0000000e+00
   2.2300000e+00   8.0650750e-01   1.0000000e+00
   2.2500000e+00   8.0425689e-01   1.0000000e+00
   2.2700000e+00   8.0211939e-01   1.0000000e+00
   2.2900000e+00   7.9998188e-01   1.0000000e+00
   2.3100000e+00   7.9784437e-01   1.0000000e+00
   2.3300000e+00   7.9572160e-01   1.0000000e+00
   2.3500000e+00   7.9385866e-01   1.0000000e+00
   2.3700000e+00   7.9225553e-01   1.0000000e+00
   2.3900000e+00   7.8978748e-01   1.0000000e+00
   2.4100000e+00   7.8737542e-01   1.0000000e+00
   2.4300000e+00   7.8501932e-01   1.0000000e+00
   2.4500000e+00   7.8228444e-01   1.0000000e+00
   2.4700000e+00   7.7912914e-01   1.0000000e+00
   2.4900000e+00   7.7555342e-01   1.0000000e+00
   2.5100000e+00   7.7288153e-01   1.0000000e+00
   2.5300000e+00   7.7020965e-01   1.0000000e+00
   2.5500000e+00   7.6753776e-01   1.0000000e+00
   2.5700000e+00   7.6639991e-01   1.0000000e+00
   2.5900000e+00   7.6503011e-01   1.0000000e+00
   2.6100000e+00   7.6342836e-01   1.0000000e+00
   2.6300000e+00   7.6105683e-01   1.0000000e+00
   2.6500000e+00   7.5906950e-01   1.0000000e+00
   2.6700000e+00   7.5746637e-01   1.0000000e+00
   2.6900000e+00   7.5586324e-01   1.0000000e+00
   2.7100000e+00   7.5448572e-01   1.0000000e+00
   2.7300000e+00   7.5333382e-01   1.0000000e+00
   2.7500000e+00   7.5193050e-01   1.0000000e+00
   2.7700000e+00   7.5042728e-01   1.0000000e+00
   2.7900000e+00   7.4882415e-01   1.0000000e+00
   2.8100000e+00   7.4732225e-01   1.0000000e+00
   2.8300000e+00   7.4603692e-01   1.0000000e+00
   2.8500000e+00   7.4496817e-01   1.0000000e+00
   2.8700000e+00   7.4389942e-01   1.0000000e+00
   2.8900000e+00   7.4283066e-01   1.0000000e+00
   2.9100000e+00   7.4176191e-01   1.0000000e+00
   2.9300000e+00   7.4040754e-01   1.0000000e+00
   2.9500000e+00   7.3892879e-01   1.0000000e+00
   2.9700000e+00   7.3732565e-01   1.0000000e+00
   2.9900000e+00   7.3572252e-01   1.0000000e+00
   3.0100000e+00   7.3411939e-01   1.0000000e+00
   3.0300000e+00   7.3251626e-01   1.0000000e+00
   3.0500000e+00   7.3091313e-01   1.0000000e+00
   3.0700000e+00   7.2948667e-01   1.0000000e+00
   3.0900000e+00   7.2823687e-01   1.0000000e+00
   3.1100000e+00   7.2716812e-01   1.0000000e+00
   3.1300000e+00   7.2603936e-01   1.0000000e+00
   3.1500000e+00   7.2485060e-01   1.0000000e+00
   3.1700000e+00   7.2324747e-01   1.0000000e+00
   3.1900000e+00   7.2164434e-01   1.0000000e+00
   3.2100000e+00   7.2004121e-01   1.0000000e+00
   3.2300000e+00   7.1885913e-01   1.0000000e+00
