   6.0000000e-01   9.9346765e-01   0.0000000e+00
   6.2000000e-01   9.8338623e-01   0.0000000e+00
   6.4000000e-01   9.7241544e-01   0.0000000e+00
   6.6000000e-01   9.6055526e-01   0.0000000e+00
   6.8000000e-01   9.4024893e-01   0.0000000e+00
   7.0000000e-01   9.1948734e-01   0.0000000e+00
   7.2000000e-01   8.9827050e-01   0.0000000e+00
   7.4000000e-01   8.7926557e-01   0.0000000e+00
   7.6000000e-01   8.6161167e-01   0.0000000e+00
   7.8000000e-01   8.4530879e-01   0.0000000e+00
   8.0000000e-01   8.3067008e-01   0.0000000e+00
   8.2000000e-01   8.1560226e-01   0.0000000e+00
   8.4000000e-01   8.0010533e-01   0.0000000e+00
   8.6000000e-01   7.8565435e-01   0.0000000e+00
   8.8000000e-01   7.7243370e-01   0.0000000e+00
   9.0000000e-01   7.6044339e-01   0.0000000e+00
   9.2000000e-01   7.5038005e-01   0.0000000e+00
   9.4000000e-01   7.4097917e-01   0.0000000e+00
   9.6000000e-01   7.3224072e-01   0.0000000e+00
   9.8000000e-01   7.2428138e-01   0.0000000e+00
   1.0000000e+00   7.1656107e-01   0.0000000e+00
   1.0200000e+00   7.0907979e-01   0.0000000e+00
   1.0400000e+00   7.0254658e-01   0.0000000e+00
   1.0600000e+00   6.9660975e-01   0.0000000e+00
   1.0800000e+00   6.9126932e-01   0.0000000e+00
   1.1000000e+00   6.8670063e-01   0.0000000e+00
   1.1200000e+00   6.8227877e-01   0.0000000e+00
   1.1400000e+00   6.7800376e-01   0.0000000e+00
   1.1600000e+00   6.7372874e-01   0.0000000e+00
   1.1800000e+00   6.6945373e-01   0.0000000e+00
   1.2000000e+00   6.6517871e-01   0.0000000e+00
   1.2200000e+00   6.6132878e-01   0.0000000e+00
   1.2400000e+00   6.5707086e-01   0.0000000e+00
   1.2600000e+00   6.5240497e-01   0.0000000e+00
   1.2800000e+00   6.4725295e-01   0.0000000e+00
   1.3000000e+00   6.4227225e-01   0.0000000e+00
   1.3200000e+00   6.3746285e-01   0.0000000e+00
   1.3400000e+00   6.3265346e-01   0.0000000e+00
   1.3600000e+00   6.2809047e-01   0.0000000e+00
   1.3800000e+00   6.2377387e-01   0.0000000e+00
   1.4000000e+00   6.1912272e-01   0.0000000e+00
   1.4200000e+00   6.1465192e-01   0.0000000e+00
   1.4400000e+00   6.1036147e-01   0.0000000e+00
   1.4600000e+00   6.0633522e-01   0.0000000e+00
   1.4800000e+00   6.0191739e-01   0.0000000e+00
   1.5000000e+00   5.9710800e-01   0.0000000e+00
   1.5200000e+00   5.9229861e-01   0.0000000e+00
   1.5400000e+00   5.8793307e-01   0.0000000e+00
   1.5600000e+00   5.8401139e-01   0.0000000e+00
   1.5800000e+00   5.8027075e-01   0.0000000e+00
   1.6000000e+00   5.7674064e-01   0.0000000e+00
   1.6200000e+00   5.7342105e-01   0.0000000e+00
   1.6400000e+00   5.7074916e-01   0.0000000e+00
   1.6600000e+00   5.6807728e-01   0.0000000e+00
   1.6800000e+00   5.6540539e-01   0.0000000e+00
   1.7000000e+00   5.6324508e-01   0.0000000e+00
   1.7200000e+00   5.6089872e-01   0.0000000e+00
   1.7400000e+00   5.5836630e-01   0.0000000e+00
   1.7600000e+00   5.5597266e-01   0.0000000e+00
   1.7800000e+00   5.5370709e-01   0.0000000e+00
   1.8000000e+00   5.5156958e-01   0.0000000e+00
   1.8200000e+00   5.4943207e-01   0.0000000e+00
   1.8400000e+00   5.4729456e-01   0.0000000e+00
   1.8600000e+00   5.4515705e-01   0.0000000e+00
   1.8800000e+00   5.4301955e-01   0.0000000e+00
   1.9000000e+00   5.4088204e-01   0.0000000e+00
   1.9200000e+00   5.3874453e-01   0.0000000e+00
   1.9400000e+00   5.3660702e-01   0.0000000e+00
   1.9600000e+00   5.3446951e-01   0.0000000e+00
   1.9800000e+00   5.3233200e-01   0.0000000e+00
   2.0000000e+00   5.3019450e-01   0.0000000e+00
   2.0200000e+00   5.2805699e-01   0.0000000e+00
   2.0400000e+00   5.2591948e-01   0.0000000e+00
   2.0600000e+00   5.2419565e-01   0.0000000e+00
   2.0800000e+00   5.2238367e-01   0.0000000e+00
   2.1000000e+00   5.2048352e-01   0.0000000e+00
   2.1200000e+00   5.1870672e-01   0.0000000e+00
   2.1400000e+00   5.1728394e-01   0.0000000e+00
   2.1600000e+00   5.1621518e-01   0.0000000e+00
   2.1800000e+00   5.1514643e-01   0.0000000e+00
   2.2000000e+00   5.1359628e-01   0.0000000e+00
   2.2200000e+00   5.1156472e-01   0.0000000e+00
   2.2400000e+00   5.1015668e-01   0.0000000e+00
   2.2600000e+00   5.0891829e-01   0.0000000e+00
   2.2800000e+00   5.0784953e-01   0.0000000e+00
   2.3000000e+00   5.0678078e-01   0.0000000e+00
   2.3200000e+00   5.0571203e-01   0.0000000e+00
   2.3400000e+00   5.0464327e-01   0.0000000e+00
   2.3600000e+00   5.0357452e-01   0.0000000e+00
   2.3800000e+00   5.0207331e-01   0.0000000e+00
   2.4000000e+00   5.0013965e-01   0.0000000e+00
   2.4200000e+00   4.9863372e-01   0.0000000e+00
   2.4400000e+00   4.9734638e-01   0.0000000e+00
   2.4600000e+00   4.9627762e-01   0.0000000e+00
   2.4800000e+00   4.9504395e-01   0.0000000e+00
   2.5000000e+00   4.9335836e-01   0.0000000e+00
   2.5200000e+00   4.9122085e-01   0.0000000e+00
   2.5400000e+00   4.9008369e-01   0.0000000e+00
   2.5600000e+00   4.8898073e-01   0.0000000e+00
   2.5800000e+00   4.8791197e-01   0.0000000e+00
   2.6000000e+00   4.8630953e-01   0.0000000e+00
   2.6200000e+00   4.8466483e-01   0.0000000e+00
   2.6400000e+00   4.8297786e-01   0.0000000e+00
   2.6600000e+00   4.8237645e-01   0.0000000e+00
   2.6800000e+00   4.8127418e-01   0.0000000e+00
   2.7000000e+00   4.7967105e-01   0.0000000e+00
   2.7200000e+00   4.7897037e-01   0.0000000e+00
   2.7400000e+00   4.7818556e-01   0.0000000e+00
   2.7600000e+00   4.7731662e-01   0.0000000e+00
   2.7800000e+00   4.7646577e-01   0.0000000e+00
   2.8000000e+00   4.7577315e-01   0.0000000e+00
   2.8200000e+00   4.7523878e-01   0.0000000e+00
   2.8400000e+00   4.7470440e-01   0.0000000e+00
   2.8600000e+00   4.7391055e-01   0.0000000e+00
   2.8800000e+00   4.7285723e-01   0.0000000e+00
   2.9000000e+00   4.7178847e-01   0.0000000e+00
   2.9200000e+00   4.7071972e-01   0.0000000e+00
   2.9400000e+00   4.6965096e-01   0.0000000e+00
   2.9600000e+00   4.6875116e-01   0.0000000e+00
   2.9800000e+00   4.6803407e-01   0.0000000e+00
   3.0000000e+00   4.6749969e-01   0.0000000e+00
   3.0200000e+00   4.6696532e-01   0.0000000e+00
   3.0400000e+00   4.6619594e-01   0.0000000e+00
   3.0600000e+00   4.6519156e-01   0.0000000e+00
   3.0800000e+00   4.6447614e-01   0.0000000e+00
   3.1000000e+00   4.6373291e-01   0.0000000e+00
   3.1200000e+00   4.6296186e-01   0.0000000e+00
   3.1400000e+00   4.6189311e-01   0.0000000e+00
   3.1600000e+00   4.6082603e-01   0.0000000e+00
   3.1800000e+00   4.5976061e-01   0.0000000e+00
   3.2000000e+00   4.5922624e-01   0.0000000e+00
   3.2200000e+00   4.5848133e-01   0.0000000e+00
   3.2400000e+00   4.5752590e-01   0.0000000e+00
   3.2600000e+00   4.5645715e-01   0.0000000e+00
   3.2800000e+00   4.5557612e-01   0.0000000e+00
   3.3000000e+00   4.5488281e-01   0.0000000e+00
   3.3200000e+00   4.5474069e-01   0.0000000e+00
   3.3400000e+00   4.5413526e-01   0.0000000e+00
   3.3600000e+00   4.5306650e-01   0.0000000e+00
   3.3800000e+00   4.5248652e-01   0.0000000e+00
   3.4000000e+00   4.5192934e-01   0.0000000e+00
   3.4200000e+00   4.5139496e-01   0.0000000e+00
   3.4400000e+00   4.5060514e-01   0.0000000e+00
   3.4600000e+00   4.4967586e-01   0.0000000e+00
   3.4800000e+00   4.4860710e-01   0.0000000e+00
   3.5000000e+00   4.4756046e-01   0.0000000e+00
   3.5200000e+00   4.4676995e-01   0.0000000e+00
   3.5400000e+00   4.4623558e-01   0.0000000e+00
   3.5600000e+00   4.4570120e-01   0.0000000e+00
   3.5800000e+00   4.4452050e-01   0.0000000e+00
   3.6000000e+00   4.4269348e-01   0.0000000e+00
   3.6200000e+00   4.4002159e-01   0.0000000e+00
   2.0100000e+00   8.3575428e-01   1.0000000e+00
   2.0300000e+00   8.3468552e-01   1.0000000e+00
   2.0500000e+00   8.3285835e-01   1.0000000e+00
   2.0700000e+00   8.3027276e-01   1.0000000e+00
   2.0900000e+00   8.2724463e-01   1.0000000e+00
   2.1100000e+00   8.2421649e-01   1.0000000e+00
   2.1300000e+00   8.2118835e-01   1.0000000e+00
   2.1500000e+00   8.1839374e-01   1.0000000e+00
   2.1700000e+00   8.1646206e-01   1.0000000e+00
   2.1900000e+00   8.1539330e-01   1.0000000e+00
   2.2100000e+00   8.1336175e-01   1.0000000e+00
   2.2300000e+00   8.1127722e-01   1.0000000e+00
   2.2500000e+00   8.0913971e-01   1.0000000e+00
   2.2700000e+00   8.0700220e-01   1.0000000e+00
   2.2900000e+00   8.0486469e-01   1.0000000e+00
   2.3100000e+00   8.0272718e-01   1.0000000e+00
   2.3300000e+00   8.0058968e-01   1.0000000e+00
   2.3500000e+00   7.9845217e-01   1.0000000e+00
   2.3700000e+00   7.9631466e-01   1.0000000e+00
   2.3900000e+00   7.9374470e-01   1.0000000e+00
   2.4100000e+00   7.9128167e-01   1.0000000e+00
   2.4300000e+00   7.8892557e-01   1.0000000e+00
   2.4500000e+00   7.8678806e-01   1.0000000e+00
   2.4700000e+00   7.8456810e-01   1.0000000e+00
   2.4900000e+00   7.8226567e-01   1.0000000e+00
   2.5100000e+00   7.7905940e-01   1.0000000e+00
   2.5300000e+00   7.7635331e-01   1.0000000e+00
   2.5500000e+00   7.7414740e-01   1.0000000e+00
   2.5700000e+00   7.7239340e-01   1.0000000e+00
   2.5900000e+00   7.7071483e-01   1.0000000e+00
   2.6100000e+00   7.6911170e-01   1.0000000e+00
   2.6300000e+00   7.6750857e-01   1.0000000e+00
   2.6500000e+00   7.6588868e-01   1.0000000e+00
   2.6700000e+00   7.6425204e-01   1.0000000e+00
   2.6900000e+00   7.6211453e-01   1.0000000e+00
   2.7100000e+00   7.6042825e-01   1.0000000e+00
   2.7300000e+00   7.5919319e-01   1.0000000e+00
   2.7500000e+00   7.5812444e-01   1.0000000e+00
   2.7700000e+00   7.5672884e-01   1.0000000e+00
   2.7900000e+00   7.5500639e-01   1.0000000e+00
   2.8100000e+00   7.5263821e-01   1.0000000e+00
   2.8300000e+00   7.5091974e-01   1.0000000e+00
   2.8500000e+00   7.4985098e-01   1.0000000e+00
   2.8700000e+00   7.4774434e-01   1.0000000e+00
   2.8900000e+00   7.4582340e-01   1.0000000e+00
   2.9100000e+00   7.4408817e-01   1.0000000e+00
   2.9300000e+00   7.4248504e-01   1.0000000e+00
   2.9500000e+00   7.4088191e-01   1.0000000e+00
   2.9700000e+00   7.3927878e-01   1.0000000e+00
   2.9900000e+00   7.3757107e-01   1.0000000e+00
   3.0100000e+00   7.3538128e-01   1.0000000e+00
   3.0300000e+00   7.3270939e-01   1.0000000e+00
   3.0500000e+00   7.3050751e-01   1.0000000e+00
   3.0700000e+00   7.2851448e-01   1.0000000e+00
   3.0900000e+00   7.2673031e-01   1.0000000e+00
   3.1100000e+00   7.2536384e-01   1.0000000e+00
   3.1300000e+00   7.2408623e-01   1.0000000e+00
   3.1500000e+00   7.2289747e-01   1.0000000e+00
