   6.0000000e-01   1.0032333e+00   0.0000000e+00
   6.2000000e-01   9.9253502e-01   0.0000000e+00
   6.4000000e-01   9.8024337e-01   0.0000000e+00
   6.6000000e-01   9.6635831e-01   0.0000000e+00
   6.8000000e-01   9.4551761e-01   0.0000000e+00
   7.0000000e-01   9.2513216e-01   0.0000000e+00
   7.2000000e-01   9.0520197e-01   0.0000000e+00
   7.4000000e-01   8.8712298e-01   0.0000000e+00
   7.6000000e-01   8.7019924e-01   0.0000000e+00
   7.8000000e-01   8.5443075e-01   0.0000000e+00
   8.0000000e-01   8.4064221e-01   0.0000000e+00
   8.2000000e-01   8.2706822e-01   0.0000000e+00
   8.4000000e-01   8.1370880e-01   0.0000000e+00
   8.6000000e-01   7.9982639e-01   0.0000000e+00
   8.8000000e-01   7.8695407e-01   0.0000000e+00
   9.0000000e-01   7.7509182e-01   0.0000000e+00
   9.2000000e-01   7.6502849e-01   0.0000000e+00
   9.4000000e-01   7.5571409e-01   0.0000000e+00
   9.6000000e-01   7.4714863e-01   0.0000000e+00
   9.8000000e-01   7.3966735e-01   0.0000000e+00
   1.0000000e+00   7.3218607e-01   0.0000000e+00
   1.0200000e+00   7.2470479e-01   0.0000000e+00
   1.0400000e+00   7.1769755e-01   0.0000000e+00
   1.0600000e+00   7.1089915e-01   0.0000000e+00
   1.0800000e+00   7.0430962e-01   0.0000000e+00
   1.1000000e+00   6.9861919e-01   0.0000000e+00
   1.1200000e+00   6.9330727e-01   0.0000000e+00
   1.1400000e+00   6.8837384e-01   0.0000000e+00
   1.1600000e+00   6.8303007e-01   0.0000000e+00
   1.1800000e+00   6.7768630e-01   0.0000000e+00
   1.2000000e+00   6.7234253e-01   0.0000000e+00
   1.2200000e+00   6.6742384e-01   0.0000000e+00
   1.2400000e+00   6.6225138e-01   0.0000000e+00
   1.2600000e+00   6.5682515e-01   0.0000000e+00
   1.2800000e+00   6.5113876e-01   0.0000000e+00
   1.3000000e+00   6.4562367e-01   0.0000000e+00
   1.3200000e+00   6.4027990e-01   0.0000000e+00
   1.3400000e+00   6.3493613e-01   0.0000000e+00
   1.3600000e+00   6.2983877e-01   0.0000000e+00
   1.3800000e+00   6.2498780e-01   0.0000000e+00
   1.4000000e+00   6.1980227e-01   0.0000000e+00
   1.4200000e+00   6.1479709e-01   0.0000000e+00
   1.4400000e+00   6.0997226e-01   0.0000000e+00
   1.4600000e+00   6.0555444e-01   0.0000000e+00
   1.4800000e+00   6.0094083e-01   0.0000000e+00
   1.5000000e+00   5.9613144e-01   0.0000000e+00
   1.5200000e+00   5.9132204e-01   0.0000000e+00
   1.5400000e+00   5.8695651e-01   0.0000000e+00
   1.5600000e+00   5.8303482e-01   0.0000000e+00
   1.5800000e+00   5.7929419e-01   0.0000000e+00
   1.6000000e+00   5.7555355e-01   0.0000000e+00
   1.6200000e+00   5.7181291e-01   0.0000000e+00
   1.6400000e+00   5.6825999e-01   0.0000000e+00
   1.6600000e+00   5.6514759e-01   0.0000000e+00
   1.6800000e+00   5.6247571e-01   0.0000000e+00
   1.7000000e+00   5.5929225e-01   0.0000000e+00
   1.7200000e+00   5.5629484e-01   0.0000000e+00
   1.7400000e+00   5.5348349e-01   0.0000000e+00
   1.7600000e+00   5.5108985e-01   0.0000000e+00
   1.7800000e+00   5.4882427e-01   0.0000000e+00
   1.8000000e+00   5.4668677e-01   0.0000000e+00
   1.8200000e+00   5.4459417e-01   0.0000000e+00
   1.8400000e+00   5.4274631e-01   0.0000000e+00
   1.8600000e+00   5.4114318e-01   0.0000000e+00
   1.8800000e+00   5.3907742e-01   0.0000000e+00
   1.9000000e+00   5.3697579e-01   0.0000000e+00
   1.9200000e+00   5.3483828e-01   0.0000000e+00
   1.9400000e+00   5.3270077e-01   0.0000000e+00
   1.9600000e+00   5.3061958e-01   0.0000000e+00
   1.9800000e+00   5.2859471e-01   0.0000000e+00
   2.0000000e+00   5.2699158e-01   0.0000000e+00
   2.0200000e+00   5.2538844e-01   0.0000000e+00
   2.0400000e+00   5.2378531e-01   0.0000000e+00
   2.0600000e+00   5.2176850e-01   0.0000000e+00
   2.0800000e+00   5.1969134e-01   0.0000000e+00
   2.1000000e+00   5.1755383e-01   0.0000000e+00
   2.1200000e+00   5.1559668e-01   0.0000000e+00
   2.1400000e+00   5.1381653e-01   0.0000000e+00
   2.1600000e+00   5.1221340e-01   0.0000000e+00
   2.1800000e+00   5.1061027e-01   0.0000000e+00
   2.2000000e+00   5.0900714e-01   0.0000000e+00
   2.2200000e+00   5.0740401e-01   0.0000000e+00
   2.2400000e+00   5.0616561e-01   0.0000000e+00
   2.2600000e+00   5.0488800e-01   0.0000000e+00
   2.2800000e+00   5.0357118e-01   0.0000000e+00
   2.3000000e+00   5.0196805e-01   0.0000000e+00
   2.3200000e+00   5.0037229e-01   0.0000000e+00
   2.3400000e+00   4.9878390e-01   0.0000000e+00
   2.3600000e+00   4.9771514e-01   0.0000000e+00
   2.3800000e+00   4.9664639e-01   0.0000000e+00
   2.4000000e+00   4.9557764e-01   0.0000000e+00
   2.4200000e+00   4.9387730e-01   0.0000000e+00
   2.4400000e+00   4.9215751e-01   0.0000000e+00
   2.4600000e+00   4.9041825e-01   0.0000000e+00
   2.4800000e+00   4.8934949e-01   0.0000000e+00
   2.5000000e+00   4.8828074e-01   0.0000000e+00
   2.5200000e+00   4.8721199e-01   0.0000000e+00
   2.5400000e+00   4.8614323e-01   0.0000000e+00
   2.5600000e+00   4.8507448e-01   0.0000000e+00
   2.5800000e+00   4.8400572e-01   0.0000000e+00
   2.6000000e+00   4.8267013e-01   0.0000000e+00
   2.6200000e+00   4.8135094e-01   0.0000000e+00
   2.6400000e+00   4.8004817e-01   0.0000000e+00
   2.6600000e+00   4.7951379e-01   0.0000000e+00
   2.6800000e+00   4.7897941e-01   0.0000000e+00
   2.7000000e+00   4.7844504e-01   0.0000000e+00
   2.7200000e+00   4.7745943e-01   0.0000000e+00
   2.7400000e+00   4.7643225e-01   0.0000000e+00
   2.7600000e+00   4.7536350e-01   0.0000000e+00
   2.7800000e+00   4.7451264e-01   0.0000000e+00
   2.8000000e+00   4.7387064e-01   0.0000000e+00
   2.8200000e+00   4.7343750e-01   0.0000000e+00
   2.8400000e+00   4.7343750e-01   0.0000000e+00
   2.8600000e+00   4.7317803e-01   0.0000000e+00
   2.8800000e+00   4.7265908e-01   0.0000000e+00
   2.9000000e+00   4.7212470e-01   0.0000000e+00
   2.9200000e+00   4.7173314e-01   0.0000000e+00
   2.9400000e+00   4.7148438e-01   0.0000000e+00
   2.9600000e+00   4.7165333e-01   0.0000000e+00
   2.9800000e+00   4.7197885e-01   0.0000000e+00
   3.0000000e+00   4.7246094e-01   0.0000000e+00
   3.0200000e+00   4.7246094e-01   0.0000000e+00
   3.0400000e+00   4.7246094e-01   0.0000000e+00
   3.0600000e+00   4.7246094e-01   0.0000000e+00
   3.0800000e+00   4.7281427e-01   0.0000000e+00
   3.1000000e+00   4.7302146e-01   0.0000000e+00
   3.1200000e+00   4.7308249e-01   0.0000000e+00
   3.1400000e+00   4.7266812e-01   0.0000000e+00
   3.1600000e+00   4.7245927e-01   0.0000000e+00
   3.1800000e+00   4.7245593e-01   0.0000000e+00
   3.2000000e+00   4.7192155e-01   0.0000000e+00
   3.2200000e+00   4.7180823e-01   0.0000000e+00
   3.2400000e+00   4.7211595e-01   0.0000000e+00
   3.2600000e+00   4.7234594e-01   0.0000000e+00
   3.2800000e+00   4.7246094e-01   0.0000000e+00
   3.3000000e+00   4.7246094e-01   0.0000000e+00
   3.3200000e+00   4.7238988e-01   0.0000000e+00
   3.3400000e+00   4.7208716e-01   0.0000000e+00
   3.3600000e+00   4.7155278e-01   0.0000000e+00
   3.3800000e+00   4.7199595e-01   0.0000000e+00
   3.4000000e+00   4.7211261e-01   0.0000000e+00
   3.4200000e+00   4.7190278e-01   0.0000000e+00
   3.4400000e+00   4.7162384e-01   0.0000000e+00
   3.4600000e+00   4.7148438e-01   0.0000000e+00
   3.4800000e+00   4.7148438e-01   0.0000000e+00
   3.5000000e+00   4.7150649e-01   0.0000000e+00
   3.5200000e+00   4.7178473e-01   0.0000000e+00
   3.5400000e+00   4.7231911e-01   0.0000000e+00
   3.5600000e+00   4.7197384e-01   0.0000000e+00
   2.1600000e+00   8.2861965e-01   1.0000000e+00
   2.1800000e+00   8.2701652e-01   1.0000000e+00
   2.2000000e+00   8.2517269e-01   1.0000000e+00
   2.2200000e+00   8.2308816e-01   1.0000000e+00
   2.2400000e+00   8.2095065e-01   1.0000000e+00
   2.2600000e+00   8.1893718e-01   1.0000000e+00
   2.2800000e+00   8.1704774e-01   1.0000000e+00
   2.3000000e+00   8.1518180e-01   1.0000000e+00
   2.3200000e+00   8.1292025e-01   1.0000000e+00
   2.3400000e+00   8.1026311e-01   1.0000000e+00
   2.3600000e+00   8.0812560e-01   1.0000000e+00
   2.3800000e+00   8.0598809e-01   1.0000000e+00
   2.4000000e+00   8.0385058e-01   1.0000000e+00
   2.4200000e+00   8.0139729e-01   1.0000000e+00
   2.4400000e+00   7.9893426e-01   1.0000000e+00
   2.4600000e+00   7.9646150e-01   1.0000000e+00
   2.4800000e+00   7.9440645e-01   1.0000000e+00
   2.5000000e+00   7.9257736e-01   1.0000000e+00
   2.5200000e+00   7.9097423e-01   1.0000000e+00
   2.5400000e+00   7.8887093e-01   1.0000000e+00
   2.5600000e+00   7.8694227e-01   1.0000000e+00
   2.5800000e+00   7.8518827e-01   1.0000000e+00
   2.6000000e+00   7.8358514e-01   1.0000000e+00
   2.6200000e+00   7.8198201e-01   1.0000000e+00
   2.6400000e+00   7.8037888e-01   1.0000000e+00
   2.6600000e+00   7.7867520e-01   1.0000000e+00
   2.6800000e+00   7.7622024e-01   1.0000000e+00
   2.7000000e+00   7.7301397e-01   1.0000000e+00
   2.7200000e+00   7.7116139e-01   1.0000000e+00
   2.7400000e+00   7.6909897e-01   1.0000000e+00
   2.7600000e+00   7.6682672e-01   1.0000000e+00
   2.7800000e+00   7.6415483e-01   1.0000000e+00
   2.8000000e+00   7.6143233e-01   1.0000000e+00
   2.8200000e+00   7.5865921e-01   1.0000000e+00
   2.8400000e+00   7.5545295e-01   1.0000000e+00
   2.8600000e+00   7.5250616e-01   1.0000000e+00
   2.8800000e+00   7.4981884e-01   1.0000000e+00
   2.9000000e+00   7.4674468e-01   1.0000000e+00
   2.9200000e+00   7.4374727e-01   1.0000000e+00
   2.9400000e+00   7.4082663e-01   1.0000000e+00
   2.9600000e+00   7.3815474e-01   1.0000000e+00
   2.9800000e+00   7.3550900e-01   1.0000000e+00
   3.0000000e+00   7.3288940e-01   1.0000000e+00
   3.0200000e+00   7.3075189e-01   1.0000000e+00
   3.0400000e+00   7.2908439e-01   1.0000000e+00
   3.0600000e+00   7.2788688e-01   1.0000000e+00
   3.0800000e+00   7.2540478e-01   1.0000000e+00
