   6.1000000e-01   9.9592567e-01   0.0000000e+00
   6.3000000e-01   9.8407620e-01   0.0000000e+00
   6.5000000e-01   9.6740663e-01   0.0000000e+00
   6.7000000e-01   9.4651398e-01   0.0000000e+00
   6.9000000e-01   9.2139826e-01   0.0000000e+00
   7.1000000e-01   9.0174562e-01   0.0000000e+00
   7.3000000e-01   8.8290630e-01   0.0000000e+00
   7.5000000e-01   8.6488029e-01   0.0000000e+00
   7.7000000e-01   8.4924320e-01   0.0000000e+00
   7.9000000e-01   8.3495950e-01   0.0000000e+00
   8.1000000e-01   8.2202919e-01   0.0000000e+00
   8.3000000e-01   8.0866976e-01   0.0000000e+00
   8.5000000e-01   7.9531033e-01   0.0000000e+00
   8.7000000e-01   7.8195091e-01   0.0000000e+00
   8.9000000e-01   7.7021673e-01   0.0000000e+00
   9.1000000e-01   7.5960762e-01   0.0000000e+00
   9.3000000e-01   7.5012358e-01   0.0000000e+00
   9.5000000e-01   7.4210792e-01   0.0000000e+00
   9.7000000e-01   7.3412043e-01   0.0000000e+00
   9.9000000e-01   7.2616109e-01   0.0000000e+00
   1.0100000e+00   7.1867981e-01   0.0000000e+00
   1.0300000e+00   7.1143555e-01   0.0000000e+00
   1.0500000e+00   7.0442830e-01   0.0000000e+00
   1.0700000e+00   6.9891085e-01   0.0000000e+00
   1.0900000e+00   6.9362709e-01   0.0000000e+00
   1.1100000e+00   6.8857699e-01   0.0000000e+00
   1.1300000e+00   6.8335726e-01   0.0000000e+00
   1.1500000e+00   6.7834270e-01   0.0000000e+00
   1.1700000e+00   6.7353330e-01   0.0000000e+00
   1.1900000e+00   6.6872391e-01   0.0000000e+00
   1.2100000e+00   6.6370197e-01   0.0000000e+00
   1.2300000e+00   6.5846750e-01   0.0000000e+00
   1.2500000e+00   6.5250689e-01   0.0000000e+00
   1.2700000e+00   6.4641620e-01   0.0000000e+00
   1.2900000e+00   6.4019543e-01   0.0000000e+00
   1.3100000e+00   6.3446746e-01   0.0000000e+00
   1.3300000e+00   6.2919878e-01   0.0000000e+00
   1.3500000e+00   6.2438939e-01   0.0000000e+00
   1.3700000e+00   6.1859439e-01   0.0000000e+00
   1.3900000e+00   6.1294588e-01   0.0000000e+00
   1.4100000e+00   6.0744388e-01   0.0000000e+00
   1.4300000e+00   6.0210010e-01   0.0000000e+00
   1.4500000e+00   5.9682774e-01   0.0000000e+00
   1.4700000e+00   5.9162678e-01   0.0000000e+00
   1.4900000e+00   5.8684353e-01   0.0000000e+00
   1.5100000e+00   5.8231439e-01   0.0000000e+00
   1.5300000e+00   5.7803938e-01   0.0000000e+00
   1.5500000e+00   5.7376436e-01   0.0000000e+00
   1.5700000e+00   5.6948935e-01   0.0000000e+00
   1.5900000e+00   5.6521433e-01   0.0000000e+00
   1.6100000e+00   5.6157089e-01   0.0000000e+00
   1.6300000e+00   5.5831937e-01   0.0000000e+00
   1.6500000e+00   5.5545976e-01   0.0000000e+00
   1.6700000e+00   5.5171912e-01   0.0000000e+00
   1.6900000e+00   5.4849006e-01   0.0000000e+00
   1.7100000e+00   5.4577257e-01   0.0000000e+00
   1.7300000e+00   5.4310068e-01   0.0000000e+00
   1.7500000e+00   5.4028967e-01   0.0000000e+00
   1.7700000e+00   5.3733954e-01   0.0000000e+00
   1.7900000e+00   5.3429486e-01   0.0000000e+00
   1.8100000e+00   5.3143658e-01   0.0000000e+00
   1.8300000e+00   5.2876469e-01   0.0000000e+00
   1.8500000e+00   5.2609281e-01   0.0000000e+00
   1.8700000e+00   5.2388355e-01   0.0000000e+00
   1.8900000e+00   5.2213692e-01   0.0000000e+00
   1.9100000e+00   5.2053379e-01   0.0000000e+00
   1.9300000e+00   5.1893066e-01   0.0000000e+00
   1.9500000e+00   5.1732753e-01   0.0000000e+00
   1.9700000e+00   5.1594967e-01   0.0000000e+00
   1.9900000e+00   5.1499355e-01   0.0000000e+00
   2.0100000e+00   5.1445917e-01   0.0000000e+00
   2.0300000e+00   5.1392479e-01   0.0000000e+00
   2.0500000e+00   5.1318358e-01   0.0000000e+00
   2.0700000e+00   5.1223552e-01   0.0000000e+00
   2.0900000e+00   5.1176080e-01   0.0000000e+00
   2.1100000e+00   5.1161361e-01   0.0000000e+00
   2.1300000e+00   5.1179397e-01   0.0000000e+00
   2.1500000e+00   5.1220097e-01   0.0000000e+00
   2.1700000e+00   5.1213728e-01   0.0000000e+00
   2.1900000e+00   5.1160290e-01   0.0000000e+00
   2.2100000e+00   5.1154993e-01   0.0000000e+00
   2.2300000e+00   5.1134107e-01   0.0000000e+00
   2.2500000e+00   5.1097633e-01   0.0000000e+00
   2.2700000e+00   5.1044196e-01   0.0000000e+00
   2.2900000e+00   5.0997328e-01   0.0000000e+00
   2.3100000e+00   5.0957031e-01   0.0000000e+00
   2.3300000e+00   5.0955557e-01   0.0000000e+00
   2.3500000e+00   5.0928101e-01   0.0000000e+00
   2.3700000e+00   5.0874663e-01   0.0000000e+00
   2.3900000e+00   5.0864471e-01   0.0000000e+00
   2.4100000e+00   5.0827796e-01   0.0000000e+00
   2.4300000e+00   5.0764638e-01   0.0000000e+00
   2.4500000e+00   5.0657763e-01   0.0000000e+00
   2.4700000e+00   5.0550887e-01   0.0000000e+00
   2.4900000e+00   5.0444012e-01   0.0000000e+00
   2.5100000e+00   5.0337136e-01   0.0000000e+00
   2.5300000e+00   5.0255270e-01   0.0000000e+00
   2.5500000e+00   5.0198411e-01   0.0000000e+00
   2.5700000e+00   5.0144974e-01   0.0000000e+00
   2.5900000e+00   5.0078194e-01   0.0000000e+00
   2.6100000e+00   4.9998072e-01   0.0000000e+00
   2.6300000e+00   4.9891196e-01   0.0000000e+00
   2.6500000e+00   4.9784321e-01   0.0000000e+00
   2.6700000e+00   4.9677446e-01   0.0000000e+00
   2.6900000e+00   4.9570570e-01   0.0000000e+00
   2.7100000e+00   4.9486256e-01   0.0000000e+00
   2.7300000e+00   4.9424503e-01   0.0000000e+00
   2.7500000e+00   4.9371066e-01   0.0000000e+00
   2.7700000e+00   4.9328523e-01   0.0000000e+00
   2.7900000e+00   4.9296875e-01   0.0000000e+00
   2.8100000e+00   4.9306998e-01   0.0000000e+00
   2.8300000e+00   4.9338779e-01   0.0000000e+00
   2.8500000e+00   4.9392217e-01   0.0000000e+00
   2.0400000e+00   8.4080604e-01   1.0000000e+00
   2.0600000e+00   8.3903062e-01   1.0000000e+00
   2.0800000e+00   8.3677713e-01   1.0000000e+00
   2.1000000e+00   8.3404559e-01   1.0000000e+00
   2.1200000e+00   8.3047862e-01   1.0000000e+00
   2.1400000e+00   8.2662132e-01   1.0000000e+00
   2.1600000e+00   8.2247368e-01   1.0000000e+00
   2.1800000e+00   8.1926742e-01   1.0000000e+00
   2.2000000e+00   8.1606115e-01   1.0000000e+00
   2.2200000e+00   8.1285489e-01   1.0000000e+00
   2.2400000e+00   8.0928389e-01   1.0000000e+00
   2.2600000e+00   8.0587615e-01   1.0000000e+00
   2.2800000e+00   8.0263165e-01   1.0000000e+00
   2.3000000e+00   7.9995977e-01   1.0000000e+00
