   6.1000000e-01   9.9546839e-01   0.0000000e+00
   6.3000000e-01   9.8384488e-01   0.0000000e+00
   6.5000000e-01   9.6667848e-01   0.0000000e+00
   6.7000000e-01   9.4553742e-01   0.0000000e+00
   6.9000000e-01   9.2042170e-01   0.0000000e+00
   7.1000000e-01   9.0076906e-01   0.0000000e+00
   7.3000000e-01   8.8192974e-01   0.0000000e+00
   7.5000000e-01   8.6390373e-01   0.0000000e+00
   7.7000000e-01   8.4782278e-01   0.0000000e+00
   7.9000000e-01   8.3299330e-01   0.0000000e+00
   8.1000000e-01   8.1941529e-01   0.0000000e+00
   8.3000000e-01   8.0712462e-01   0.0000000e+00
   8.5000000e-01   7.9431097e-01   0.0000000e+00
   8.7000000e-01   7.8097435e-01   0.0000000e+00
   8.9000000e-01   7.6924016e-01   0.0000000e+00
   9.1000000e-01   7.5848623e-01   0.0000000e+00
   9.3000000e-01   7.4871255e-01   0.0000000e+00
   9.5000000e-01   7.4016251e-01   0.0000000e+00
   9.7000000e-01   7.3166880e-01   0.0000000e+00
   9.9000000e-01   7.2323140e-01   0.0000000e+00
   1.0100000e+00   7.1575012e-01   0.0000000e+00
   1.0300000e+00   7.0874287e-01   0.0000000e+00
   1.0500000e+00   7.0220965e-01   0.0000000e+00
   1.0700000e+00   6.9686922e-01   0.0000000e+00
   1.0900000e+00   6.9179431e-01   0.0000000e+00
   1.1100000e+00   6.8698492e-01   0.0000000e+00
   1.1300000e+00   6.8205149e-01   0.0000000e+00
   1.1500000e+00   6.7691658e-01   0.0000000e+00
   1.1700000e+00   6.7158018e-01   0.0000000e+00
   1.1900000e+00   6.6677078e-01   0.0000000e+00
   1.2100000e+00   6.6217393e-01   0.0000000e+00
   1.2300000e+00   6.5778962e-01   0.0000000e+00
   1.2500000e+00   6.5135567e-01   0.0000000e+00
   1.2700000e+00   6.4461026e-01   0.0000000e+00
   1.2900000e+00   6.3755337e-01   0.0000000e+00
   1.3100000e+00   6.3220960e-01   0.0000000e+00
   1.3300000e+00   6.2686583e-01   0.0000000e+00
   1.3500000e+00   6.2152206e-01   0.0000000e+00
   1.3700000e+00   6.1519269e-01   0.0000000e+00
   1.3900000e+00   6.0957401e-01   0.0000000e+00
   1.4100000e+00   6.0466604e-01   0.0000000e+00
   1.4300000e+00   6.0013155e-01   0.0000000e+00
   1.4500000e+00   5.9545961e-01   0.0000000e+00
   1.4700000e+00   5.9065021e-01   0.0000000e+00
   1.4900000e+00   5.8586696e-01   0.0000000e+00
   1.5100000e+00   5.8133783e-01   0.0000000e+00
   1.5300000e+00   5.7706282e-01   0.0000000e+00
   1.5500000e+00   5.7278780e-01   0.0000000e+00
   1.5700000e+00   5.6867638e-01   0.0000000e+00
   1.5900000e+00   5.6472855e-01   0.0000000e+00
   1.6100000e+00   5.6119844e-01   0.0000000e+00
   1.6300000e+00   5.5778332e-01   0.0000000e+00
   1.6500000e+00   5.5448320e-01   0.0000000e+00
   1.6700000e+00   5.5074256e-01   0.0000000e+00
   1.6900000e+00   5.4725771e-01   0.0000000e+00
   1.7100000e+00   5.4402864e-01   0.0000000e+00
   1.7300000e+00   5.4121729e-01   0.0000000e+00
   1.7500000e+00   5.3847567e-01   0.0000000e+00
   1.7700000e+00   5.3580378e-01   0.0000000e+00
   1.7900000e+00   5.3313190e-01   0.0000000e+00
   1.8100000e+00   5.3048247e-01   0.0000000e+00
   1.8300000e+00   5.2785550e-01   0.0000000e+00
   1.8500000e+00   5.2571800e-01   0.0000000e+00
   1.8700000e+00   5.2358049e-01   0.0000000e+00
   1.8900000e+00   5.2144298e-01   0.0000000e+00
   1.9100000e+00   5.1999740e-01   0.0000000e+00
   1.9300000e+00   5.1862558e-01   0.0000000e+00
   1.9500000e+00   5.1732753e-01   0.0000000e+00
   1.9700000e+00   5.1583703e-01   0.0000000e+00
   1.9900000e+00   5.1455741e-01   0.0000000e+00
   2.0100000e+00   5.1348865e-01   0.0000000e+00
   2.0300000e+00   5.1241990e-01   0.0000000e+00
   2.0500000e+00   5.1176483e-01   0.0000000e+00
   2.0700000e+00   5.1152344e-01   0.0000000e+00
   2.0900000e+00   5.1182046e-01   0.0000000e+00
   2.1100000e+00   5.1214598e-01   0.0000000e+00
   2.1300000e+00   5.1250000e-01   0.0000000e+00
   2.1500000e+00   5.1256369e-01   0.0000000e+00
   2.1700000e+00   5.1286272e-01   0.0000000e+00
   2.1900000e+00   5.1339710e-01   0.0000000e+00
   2.2100000e+00   5.1345007e-01   0.0000000e+00
   2.2300000e+00   5.1329419e-01   0.0000000e+00
   2.2500000e+00   5.1292946e-01   0.0000000e+00
   2.2700000e+00   5.1239508e-01   0.0000000e+00
   2.2900000e+00   5.1186070e-01   0.0000000e+00
   2.3100000e+00   5.1132633e-01   0.0000000e+00
   2.3300000e+00   5.1080669e-01   0.0000000e+00
   2.3500000e+00   5.1054687e-01   0.0000000e+00
   2.3700000e+00   5.1054687e-01   0.0000000e+00
   2.3900000e+00   5.1011442e-01   0.0000000e+00
   2.4100000e+00   5.0978890e-01   0.0000000e+00
   2.4300000e+00   5.0957031e-01   0.0000000e+00
   2.4500000e+00   5.0917206e-01   0.0000000e+00
   2.4700000e+00   5.0847979e-01   0.0000000e+00
   2.4900000e+00   5.0749350e-01   0.0000000e+00
   2.5100000e+00   5.0695912e-01   0.0000000e+00
   2.5300000e+00   5.0617466e-01   0.0000000e+00
   2.5500000e+00   5.0514010e-01   0.0000000e+00
   2.5700000e+00   5.0407135e-01   0.0000000e+00
   2.5900000e+00   5.0300260e-01   0.0000000e+00
   2.6100000e+00   5.0193384e-01   0.0000000e+00
   2.6300000e+00   5.0101527e-01   0.0000000e+00
   2.6500000e+00   5.0027203e-01   0.0000000e+00
   2.6700000e+00   4.9970414e-01   0.0000000e+00
   2.6900000e+00   4.9863539e-01   0.0000000e+00
   2.7100000e+00   4.9756664e-01   0.0000000e+00
   2.7300000e+00   4.9649788e-01   0.0000000e+00
   2.7500000e+00   4.9576369e-01   0.0000000e+00
   2.7700000e+00   4.9502046e-01   0.0000000e+00
   2.7900000e+00   4.9426818e-01   0.0000000e+00
   2.8100000e+00   4.9319943e-01   0.0000000e+00
   2.8300000e+00   4.9213067e-01   0.0000000e+00
   2.8500000e+00   4.9106192e-01   0.0000000e+00
   2.8700000e+00   4.8999317e-01   0.0000000e+00
   2.8900000e+00   4.8892441e-01   0.0000000e+00
   2.9100000e+00   4.8785566e-01   0.0000000e+00
   2.9300000e+00   4.8707252e-01   0.0000000e+00
   2.9500000e+00   4.8649824e-01   0.0000000e+00
   2.9700000e+00   4.8613281e-01   0.0000000e+00
   2.9900000e+00   4.8608053e-01   0.0000000e+00
   3.0100000e+00   4.8578719e-01   0.0000000e+00
   3.0300000e+00   4.8525282e-01   0.0000000e+00
   3.0500000e+00   4.8424844e-01   0.0000000e+00
   2.0400000e+00   8.4001052e-01   1.0000000e+00
   2.0600000e+00   8.3852809e-01   1.0000000e+00
   2.0800000e+00   8.3668828e-01   1.0000000e+00
   2.1000000e+00   8.3449112e-01   1.0000000e+00
   2.1200000e+00   8.3109782e-01   1.0000000e+00
   2.1400000e+00   8.2712385e-01   1.0000000e+00
   2.1600000e+00   8.2256921e-01   1.0000000e+00
   2.1800000e+00   8.1989733e-01   1.0000000e+00
   2.2000000e+00   8.1650334e-01   1.0000000e+00
   2.2200000e+00   8.1238725e-01   1.0000000e+00
   2.2400000e+00   8.0847697e-01   1.0000000e+00
   2.2600000e+00   8.0440344e-01   1.0000000e+00
   2.2800000e+00   8.0016666e-01   1.0000000e+00
