   6.0000000e-01   9.8102179e-01   0.0000000e+00
   6.2000000e-01   9.6520572e-01   0.0000000e+00
   6.4000000e-01   9.4737854e-01   0.0000000e+00
   6.6000000e-01   9.2754025e-01   0.0000000e+00
   6.8000000e-01   8.9975265e-01   0.0000000e+00
   7.0000000e-01   8.7492421e-01   0.0000000e+00
   7.2000000e-01   8.5305495e-01   0.0000000e+00
   7.4000000e-01   8.3390721e-01   0.0000000e+00
   7.6000000e-01   8.1602568e-01   0.0000000e+00
   7.8000000e-01   7.9941035e-01   0.0000000e+00
   8.0000000e-01   7.8487691e-01   0.0000000e+00
   8.2000000e-01   7.7012891e-01   0.0000000e+00
   8.4000000e-01   7.5516635e-01   0.0000000e+00
   8.6000000e-01   7.4386463e-01   0.0000000e+00
   8.8000000e-01   7.3280596e-01   0.0000000e+00
   9.0000000e-01   7.2199035e-01   0.0000000e+00
   9.2000000e-01   7.1333034e-01   0.0000000e+00
   9.4000000e-01   7.0569986e-01   0.0000000e+00
   9.6000000e-01   6.9909892e-01   0.0000000e+00
   9.8000000e-01   6.9333341e-01   0.0000000e+00
   1.0000000e+00   6.8804596e-01   0.0000000e+00
   1.0200000e+00   6.8323656e-01   0.0000000e+00
   1.0400000e+00   6.7937523e-01   0.0000000e+00
   1.0600000e+00   6.7557424e-01   0.0000000e+00
   1.0800000e+00   6.7183360e-01   0.0000000e+00
   1.1000000e+00   6.6833367e-01   0.0000000e+00
   1.1200000e+00   6.6504258e-01   0.0000000e+00
   1.1400000e+00   6.6196036e-01   0.0000000e+00
   1.1600000e+00   6.5928110e-01   0.0000000e+00
   1.1800000e+00   6.5633834e-01   0.0000000e+00
   1.2000000e+00   6.5313208e-01   0.0000000e+00
   1.2200000e+00   6.4992582e-01   0.0000000e+00
   1.2400000e+00   6.4687376e-01   0.0000000e+00
   1.2600000e+00   6.4397592e-01   0.0000000e+00
   1.2800000e+00   6.4111228e-01   0.0000000e+00
   1.3000000e+00   6.3811487e-01   0.0000000e+00
   1.3200000e+00   6.3498370e-01   0.0000000e+00
   1.3400000e+00   6.3231182e-01   0.0000000e+00
   1.3600000e+00   6.2963993e-01   0.0000000e+00
   1.3800000e+00   6.2696805e-01   0.0000000e+00
   1.4000000e+00   6.2429616e-01   0.0000000e+00
   1.4200000e+00   6.2149454e-01   0.0000000e+00
   1.4400000e+00   6.1856318e-01   0.0000000e+00
   1.4600000e+00   6.1535692e-01   0.0000000e+00
   1.4800000e+00   6.1215066e-01   0.0000000e+00
   1.5000000e+00   6.0894439e-01   0.0000000e+00
   1.5200000e+00   6.0573813e-01   0.0000000e+00
   1.5400000e+00   6.0253187e-01   0.0000000e+00
   1.5600000e+00   5.9932561e-01   0.0000000e+00
   1.5800000e+00   5.9611935e-01   0.0000000e+00
   1.6000000e+00   5.9291308e-01   0.0000000e+00
   1.6200000e+00   5.8970682e-01   0.0000000e+00
   1.6400000e+00   5.8650056e-01   0.0000000e+00
   1.6600000e+00   5.8329430e-01   0.0000000e+00
   1.6800000e+00   5.8008803e-01   0.0000000e+00
   1.7000000e+00   5.7739335e-01   0.0000000e+00
   1.7200000e+00   5.7451261e-01   0.0000000e+00
   1.7400000e+00   5.7144581e-01   0.0000000e+00
   1.7600000e+00   5.6879604e-01   0.0000000e+00
   1.7800000e+00   5.6640240e-01   0.0000000e+00
   1.8000000e+00   5.6426489e-01   0.0000000e+00
   1.8200000e+00   5.6208247e-01   0.0000000e+00
   1.8400000e+00   5.5965531e-01   0.0000000e+00
   1.8600000e+00   5.5698343e-01   0.0000000e+00
   1.8800000e+00   5.5477417e-01   0.0000000e+00
   1.9000000e+00   5.5277377e-01   0.0000000e+00
   1.9200000e+00   5.5098222e-01   0.0000000e+00
   1.9400000e+00   5.4937909e-01   0.0000000e+00
   1.9600000e+00   5.4777596e-01   0.0000000e+00
   1.9800000e+00   5.4617283e-01   0.0000000e+00
   2.0000000e+00   5.4456970e-01   0.0000000e+00
   2.0200000e+00   5.4323174e-01   0.0000000e+00
   2.0400000e+00   5.4215896e-01   0.0000000e+00
   2.0600000e+00   5.4067652e-01   0.0000000e+00
   2.0800000e+00   5.3928225e-01   0.0000000e+00
   2.1000000e+00   5.3797613e-01   0.0000000e+00
   2.1200000e+00   5.3690738e-01   0.0000000e+00
   2.1400000e+00   5.3583863e-01   0.0000000e+00
   2.1600000e+00   5.3476987e-01   0.0000000e+00
   2.1800000e+00   5.3370112e-01   0.0000000e+00
   2.2000000e+00   5.3239166e-01   0.0000000e+00
   2.2200000e+00   5.3084151e-01   0.0000000e+00
   2.2400000e+00   5.2960311e-01   0.0000000e+00
   2.2600000e+00   5.2844954e-01   0.0000000e+00
   2.2800000e+00   5.2738078e-01   0.0000000e+00
   2.3000000e+00   5.2631203e-01   0.0000000e+00
   2.3200000e+00   5.2522853e-01   0.0000000e+00
   2.3400000e+00   5.2413030e-01   0.0000000e+00
   2.3600000e+00   5.2199279e-01   0.0000000e+00
   2.3800000e+00   5.2028773e-01   0.0000000e+00
   2.4000000e+00   5.1901514e-01   0.0000000e+00
   2.4200000e+00   5.1794638e-01   0.0000000e+00
   2.4400000e+00   5.1687763e-01   0.0000000e+00
   2.4600000e+00   5.1580887e-01   0.0000000e+00
   2.4800000e+00   5.1474012e-01   0.0000000e+00
   2.5000000e+00   5.1367136e-01   0.0000000e+00
   2.5200000e+00   5.1260261e-01   0.0000000e+00
   2.5400000e+00   5.1103368e-01   0.0000000e+00
   2.5600000e+00   5.0925590e-01   0.0000000e+00
   2.5800000e+00   5.0726926e-01   0.0000000e+00
   2.6000000e+00   5.0566544e-01   0.0000000e+00
   2.6200000e+00   5.0417897e-01   0.0000000e+00
   2.6400000e+00   5.0280986e-01   0.0000000e+00
   2.6600000e+00   5.0067235e-01   0.0000000e+00
   2.6800000e+00   4.9853485e-01   0.0000000e+00
   2.7000000e+00   4.9639734e-01   0.0000000e+00
   2.7200000e+00   4.9425983e-01   0.0000000e+00
   2.7400000e+00   4.9245688e-01   0.0000000e+00
   2.7600000e+00   4.9098850e-01   0.0000000e+00
   2.7800000e+00   4.8970185e-01   0.0000000e+00
   2.8000000e+00   4.8830757e-01   0.0000000e+00
   2.8200000e+00   4.8680567e-01   0.0000000e+00
   2.8400000e+00   4.8573692e-01   0.0000000e+00
   2.8600000e+00   4.8466817e-01   0.0000000e+00
   2.8800000e+00   4.8359941e-01   0.0000000e+00
   2.9000000e+00   4.8293294e-01   0.0000000e+00
   2.9200000e+00   4.8204690e-01   0.0000000e+00
   2.9400000e+00   4.8094129e-01   0.0000000e+00
   2.9600000e+00   4.7967606e-01   0.0000000e+00
   2.9800000e+00   4.7875011e-01   0.0000000e+00
   3.0000000e+00   4.7816345e-01   0.0000000e+00
   3.0200000e+00   4.7709470e-01   0.0000000e+00
   3.0400000e+00   4.7626094e-01   0.0000000e+00
   3.0600000e+00   4.7566219e-01   0.0000000e+00
   3.0800000e+00   4.7442114e-01   0.0000000e+00
   3.1000000e+00   4.7323572e-01   0.0000000e+00
   3.1200000e+00   4.7210593e-01   0.0000000e+00
   3.1400000e+00   4.7145155e-01   0.0000000e+00
   2.1000000e+00   7.9071682e-01   1.0000000e+00
   2.1200000e+00   7.8698955e-01   1.0000000e+00
   2.1400000e+00   7.8432435e-01   1.0000000e+00
   2.1600000e+00   7.8272122e-01   1.0000000e+00
   2.1800000e+00   7.8111808e-01   1.0000000e+00
   2.2000000e+00   7.7951495e-01   1.0000000e+00
   2.2200000e+00   7.7791182e-01   1.0000000e+00
   2.2400000e+00   7.7484975e-01   1.0000000e+00
   2.2600000e+00   7.7157242e-01   1.0000000e+00
   2.2800000e+00   7.6807986e-01   1.0000000e+00
   2.3000000e+00   7.6526781e-01   1.0000000e+00
   2.3200000e+00   7.6305286e-01   1.0000000e+00
   2.3400000e+00   7.6143498e-01   1.0000000e+00
   2.3600000e+00   7.5929747e-01   1.0000000e+00
   2.3800000e+00   7.5715997e-01   1.0000000e+00
   2.4000000e+00   7.5502246e-01   1.0000000e+00
   2.4200000e+00   7.5288495e-01   1.0000000e+00
   2.4400000e+00   7.5084701e-01   1.0000000e+00
   2.4600000e+00   7.4890862e-01   1.0000000e+00
   2.4800000e+00   7.4722303e-01   1.0000000e+00
   2.5000000e+00   7.4531148e-01   1.0000000e+00
   2.5200000e+00   7.4317397e-01   1.0000000e+00
   2.5400000e+00   7.4153664e-01   1.0000000e+00
   2.5600000e+00   7.3991640e-01   1.0000000e+00
   2.5800000e+00   7.3831327e-01   1.0000000e+00
   2.6000000e+00   7.3671014e-01   1.0000000e+00
   2.6200000e+00   7.3510701e-01   1.0000000e+00
   2.6400000e+00   7.3350388e-01   1.0000000e+00
   2.6600000e+00   7.3193426e-01   1.0000000e+00
   2.6800000e+00   7.3061508e-01   1.0000000e+00
   2.7000000e+00   7.2954633e-01   1.0000000e+00
   2.7200000e+00   7.2847757e-01   1.0000000e+00
   2.7400000e+00   7.2724153e-01   1.0000000e+00
   2.7600000e+00   7.2583822e-01   1.0000000e+00
   2.7800000e+00   7.2423509e-01   1.0000000e+00
   2.8000000e+00   7.2263196e-01   1.0000000e+00
   2.8200000e+00   7.2102882e-01   1.0000000e+00
   2.8400000e+00   7.1942569e-01   1.0000000e+00
   2.8600000e+00   7.1730362e-01   1.0000000e+00
   2.8800000e+00   7.1466259e-01   1.0000000e+00
   2.9000000e+00   7.1279527e-01   1.0000000e+00
   2.9200000e+00   7.1077443e-01   1.0000000e+00
   2.9400000e+00   7.0860006e-01   1.0000000e+00
   2.9600000e+00   7.0626608e-01   1.0000000e+00
   2.9800000e+00   7.0427138e-01   1.0000000e+00
   3.0000000e+00   7.0261596e-01   1.0000000e+00
   3.0200000e+00   7.0047846e-01   1.0000000e+00
   3.0400000e+00   6.9857595e-01   1.0000000e+00
   3.0600000e+00   6.9690844e-01   1.0000000e+00
   3.0800000e+00   6.9565864e-01   1.0000000e+00
   3.1000000e+00   6.9449937e-01   1.0000000e+00
   3.1200000e+00   6.9343061e-01   1.0000000e+00
   3.1400000e+00   6.9236186e-01   1.0000000e+00
   3.1600000e+00   6.9129311e-01   1.0000000e+00
   3.1800000e+00   6.9022435e-01   1.0000000e+00
   3.2000000e+00   6.8915560e-01   1.0000000e+00
   3.2200000e+00   6.8787632e-01   1.0000000e+00
   3.2400000e+00   6.8638651e-01   1.0000000e+00
   3.2600000e+00   6.8478338e-01   1.0000000e+00
   3.2800000e+00   6.8308639e-01   1.0000000e+00
   3.3000000e+00   6.8129553e-01   1.0000000e+00
   3.3200000e+00   6.7908696e-01   1.0000000e+00
   3.3400000e+00   6.7664674e-01   1.0000000e+00
   3.3600000e+00   6.7397485e-01   1.0000000e+00
   3.3800000e+00   6.7179174e-01   1.0000000e+00
   3.4000000e+00   6.6981748e-01   1.0000000e+00
   3.4200000e+00   6.6805208e-01   1.0000000e+00
   3.4400000e+00   6.6670439e-01   1.0000000e+00
   3.4600000e+00   6.6556556e-01   1.0000000e+00
   3.4800000e+00   6.6463558e-01   1.0000000e+00
   3.5000000e+00   6.6405698e-01   1.0000000e+00
   3.5200000e+00   6.6296611e-01   1.0000000e+00
   3.5400000e+00   6.6136298e-01   1.0000000e+00
   3.5600000e+00   6.6107933e-01   1.0000000e+00
   3.5800000e+00   6.6061434e-01   1.0000000e+00
   3.6000000e+00   6.5996802e-01   1.0000000e+00
   3.6200000e+00   6.5889926e-01   1.0000000e+00
   3.6400000e+00   6.5778559e-01   1.0000000e+00
   3.6600000e+00   6.5662701e-01   1.0000000e+00
   3.6800000e+00   6.5502387e-01   1.0000000e+00
   3.7000000e+00   6.5240565e-01   1.0000000e+00
   3.7200000e+00   6.4877235e-01   1.0000000e+00
   3.7400000e+00   6.4581347e-01   1.0000000e+00
   3.7600000e+00   6.4340941e-01   1.0000000e+00
   3.7800000e+00   6.4156017e-01   1.0000000e+00
   3.8000000e+00   6.4049141e-01   1.0000000e+00
