   6.0000000e-01   9.7980285e-01   0.0000000e+00
   6.2000000e-01   9.6269208e-01   0.0000000e+00
   6.4000000e-01   9.4404422e-01   0.0000000e+00
   6.6000000e-01   9.2385927e-01   0.0000000e+00
   6.8000000e-01   8.9820917e-01   0.0000000e+00
   7.0000000e-01   8.7460773e-01   0.0000000e+00
   7.2000000e-01   8.5305495e-01   0.0000000e+00
   7.4000000e-01   8.3221425e-01   0.0000000e+00
   7.6000000e-01   8.1292704e-01   0.0000000e+00
   7.8000000e-01   7.9519332e-01   0.0000000e+00
   8.0000000e-01   7.8151811e-01   0.0000000e+00
   8.2000000e-01   7.6719922e-01   0.0000000e+00
   8.4000000e-01   7.5223666e-01   0.0000000e+00
   8.6000000e-01   7.4041196e-01   0.0000000e+00
   8.8000000e-01   7.2923093e-01   0.0000000e+00
   9.0000000e-01   7.1869357e-01   0.0000000e+00
   9.2000000e-01   7.1056793e-01   0.0000000e+00
   9.4000000e-01   7.0347183e-01   0.0000000e+00
   9.6000000e-01   6.9740527e-01   0.0000000e+00
   9.8000000e-01   6.9211782e-01   0.0000000e+00
   1.0000000e+00   6.8706940e-01   0.0000000e+00
   1.0200000e+00   6.8226000e-01   0.0000000e+00
   1.0400000e+00   6.7792464e-01   0.0000000e+00
   1.0600000e+00   6.7397681e-01   0.0000000e+00
   1.0800000e+00   6.7041653e-01   0.0000000e+00
   1.1000000e+00   6.6721026e-01   0.0000000e+00
   1.1200000e+00   6.6394198e-01   0.0000000e+00
   1.1400000e+00   6.6061169e-01   0.0000000e+00
   1.1600000e+00   6.5687842e-01   0.0000000e+00
   1.1800000e+00   6.5340865e-01   0.0000000e+00
   1.2000000e+00   6.5020239e-01   0.0000000e+00
   1.2200000e+00   6.4742121e-01   0.0000000e+00
   1.2400000e+00   6.4454047e-01   0.0000000e+00
   1.2600000e+00   6.4156017e-01   0.0000000e+00
   1.2800000e+00   6.3873741e-01   0.0000000e+00
   1.3000000e+00   6.3618219e-01   0.0000000e+00
   1.3200000e+00   6.3389450e-01   0.0000000e+00
   1.3400000e+00   6.3068824e-01   0.0000000e+00
   1.3600000e+00   6.2748198e-01   0.0000000e+00
   1.3800000e+00   6.2427572e-01   0.0000000e+00
   1.4000000e+00   6.2106946e-01   0.0000000e+00
   1.4200000e+00   6.1799293e-01   0.0000000e+00
   1.4400000e+00   6.1504614e-01   0.0000000e+00
   1.4600000e+00   6.1237426e-01   0.0000000e+00
   1.4800000e+00   6.0968930e-01   0.0000000e+00
   1.5000000e+00   6.0699127e-01   0.0000000e+00
   1.5200000e+00   6.0378501e-01   0.0000000e+00
   1.5400000e+00   6.0057875e-01   0.0000000e+00
   1.5600000e+00   5.9737248e-01   0.0000000e+00
   1.5800000e+00   5.9416622e-01   0.0000000e+00
   1.6000000e+00   5.9095996e-01   0.0000000e+00
   1.6200000e+00   5.8775370e-01   0.0000000e+00
   1.6400000e+00   5.8464130e-01   0.0000000e+00
   1.6600000e+00   5.8174915e-01   0.0000000e+00
   1.6800000e+00   5.7907727e-01   0.0000000e+00
   1.7000000e+00   5.7589381e-01   0.0000000e+00
   1.7200000e+00   5.7309386e-01   0.0000000e+00
   1.7400000e+00   5.7067742e-01   0.0000000e+00
   1.7600000e+00   5.6826166e-01   0.0000000e+00
   1.7800000e+00   5.6587942e-01   0.0000000e+00
   1.8000000e+00   5.6353070e-01   0.0000000e+00
   1.8200000e+00   5.6183774e-01   0.0000000e+00
   1.8400000e+00   5.5965531e-01   0.0000000e+00
   1.8600000e+00   5.5698343e-01   0.0000000e+00
   1.8800000e+00   5.5477417e-01   0.0000000e+00
   1.9000000e+00   5.5277377e-01   0.0000000e+00
   1.9200000e+00   5.5098222e-01   0.0000000e+00
   1.9400000e+00   5.4960839e-01   0.0000000e+00
   1.9600000e+00   5.4833078e-01   0.0000000e+00
   1.9800000e+00   5.4714939e-01   0.0000000e+00
   2.0000000e+00   5.4554626e-01   0.0000000e+00
   2.0200000e+00   5.4420831e-01   0.0000000e+00
   2.0400000e+00   5.4313552e-01   0.0000000e+00
   2.0600000e+00   5.4165309e-01   0.0000000e+00
   2.0800000e+00   5.4025881e-01   0.0000000e+00
   2.1000000e+00   5.3895270e-01   0.0000000e+00
   2.1200000e+00   5.3788394e-01   0.0000000e+00
   2.1400000e+00   5.3681519e-01   0.0000000e+00
   2.1600000e+00   5.3574643e-01   0.0000000e+00
   2.1800000e+00   5.3467768e-01   0.0000000e+00
   2.2000000e+00   5.3312753e-01   0.0000000e+00
   2.2200000e+00   5.3109597e-01   0.0000000e+00
   2.2400000e+00   5.2968793e-01   0.0000000e+00
   2.2600000e+00   5.2844954e-01   0.0000000e+00
   2.2800000e+00   5.2738078e-01   0.0000000e+00
   2.3000000e+00   5.2618062e-01   0.0000000e+00
   2.3200000e+00   5.2477898e-01   0.0000000e+00
   2.3400000e+00   5.2317585e-01   0.0000000e+00
   2.3600000e+00   5.2157272e-01   0.0000000e+00
   2.3800000e+00   5.2018581e-01   0.0000000e+00
   2.4000000e+00   5.1901514e-01   0.0000000e+00
   2.4200000e+00   5.1794638e-01   0.0000000e+00
   2.4400000e+00   5.1687763e-01   0.0000000e+00
   2.4600000e+00   5.1580887e-01   0.0000000e+00
   2.4800000e+00   5.1457520e-01   0.0000000e+00
   2.5000000e+00   5.1288961e-01   0.0000000e+00
   2.5200000e+00   5.1075210e-01   0.0000000e+00
   2.5400000e+00   5.0911476e-01   0.0000000e+00
   2.5600000e+00   5.0730278e-01   0.0000000e+00
   2.5800000e+00   5.0531614e-01   0.0000000e+00
   2.6000000e+00   5.0344547e-01   0.0000000e+00
   2.6200000e+00   5.0155839e-01   0.0000000e+00
   2.6400000e+00   4.9965490e-01   0.0000000e+00
   2.6600000e+00   4.9701653e-01   0.0000000e+00
   2.6800000e+00   4.9462859e-01   0.0000000e+00
   2.7000000e+00   4.9249109e-01   0.0000000e+00
   2.7200000e+00   4.9125603e-01   0.0000000e+00
   2.7400000e+00   4.8993685e-01   0.0000000e+00
   2.7600000e+00   4.8853353e-01   0.0000000e+00
   2.7800000e+00   4.8714830e-01   0.0000000e+00
   2.8000000e+00   4.8592130e-01   0.0000000e+00
   2.8200000e+00   4.8485255e-01   0.0000000e+00
   2.8400000e+00   4.8378380e-01   0.0000000e+00
   2.8600000e+00   4.8245557e-01   0.0000000e+00
   2.8800000e+00   4.8086787e-01   0.0000000e+00
   2.9000000e+00   4.8006930e-01   0.0000000e+00
   2.9200000e+00   4.7911721e-01   0.0000000e+00
   2.9400000e+00   4.7801160e-01   0.0000000e+00
   2.9600000e+00   4.7674637e-01   0.0000000e+00
   2.9800000e+00   4.7579428e-01   0.0000000e+00
   3.0000000e+00   4.7515533e-01   0.0000000e+00
   3.0200000e+00   4.7355220e-01   0.0000000e+00
   3.0400000e+00   4.7241907e-01   0.0000000e+00
   3.0600000e+00   4.7175594e-01   0.0000000e+00
   3.0800000e+00   4.7086823e-01   0.0000000e+00
   3.1000000e+00   4.7000833e-01   0.0000000e+00
   3.1200000e+00   4.6917624e-01   0.0000000e+00
   3.1400000e+00   4.6900188e-01   0.0000000e+00
   2.1300000e+00   7.8556141e-01   1.0000000e+00
   2.1500000e+00   7.8295322e-01   1.0000000e+00
   2.1700000e+00   7.8058037e-01   1.0000000e+00
   2.1900000e+00   7.7844286e-01   1.0000000e+00
   2.2100000e+00   7.7630535e-01   1.0000000e+00
   2.2300000e+00   7.7362074e-01   1.0000000e+00
   2.2500000e+00   7.7038902e-01   1.0000000e+00
   2.2700000e+00   7.6764067e-01   1.0000000e+00
   2.2900000e+00   7.6539922e-01   1.0000000e+00
   2.3100000e+00   7.6366468e-01   1.0000000e+00
   2.3300000e+00   7.6152718e-01   1.0000000e+00
   2.3500000e+00   7.5938967e-01   1.0000000e+00
   2.3700000e+00   7.5725216e-01   1.0000000e+00
   2.3900000e+00   7.5511465e-01   1.0000000e+00
   2.4100000e+00   7.5297714e-01   1.0000000e+00
   2.4300000e+00   7.5083963e-01   1.0000000e+00
   2.4500000e+00   7.4890125e-01   1.0000000e+00
   2.4700000e+00   7.4713049e-01   1.0000000e+00
   2.4900000e+00   7.4552736e-01   1.0000000e+00
   2.5100000e+00   7.4392423e-01   1.0000000e+00
   2.5300000e+00   7.4232110e-01   1.0000000e+00
   2.5500000e+00   7.4071797e-01   1.0000000e+00
   2.5700000e+00   7.3911484e-01   1.0000000e+00
   2.5900000e+00   7.3737829e-01   1.0000000e+00
   2.6100000e+00   7.3550831e-01   1.0000000e+00
   2.6300000e+00   7.3367116e-01   1.0000000e+00
   2.6500000e+00   7.3218469e-01   1.0000000e+00
   2.6700000e+00   7.3104891e-01   1.0000000e+00
   2.6900000e+00   7.2891140e-01   1.0000000e+00
   2.7100000e+00   7.2722512e-01   1.0000000e+00
   2.7300000e+00   7.2599007e-01   1.0000000e+00
   2.7500000e+00   7.2492131e-01   1.0000000e+00
   2.7700000e+00   7.2363466e-01   1.0000000e+00
   2.7900000e+00   7.2213011e-01   1.0000000e+00
   2.8100000e+00   7.2009384e-01   1.0000000e+00
   2.8300000e+00   7.1827413e-01   1.0000000e+00
   2.8500000e+00   7.1667100e-01   1.0000000e+00
   2.8700000e+00   7.1506787e-01   1.0000000e+00
   2.8900000e+00   7.1326360e-01   1.0000000e+00
   2.9100000e+00   7.1125819e-01   1.0000000e+00
   2.9300000e+00   7.0912068e-01   1.0000000e+00
   2.9500000e+00   7.0689870e-01   1.0000000e+00
   2.9700000e+00   7.0459224e-01   1.0000000e+00
   2.9900000e+00   7.0197264e-01   1.0000000e+00
   3.0100000e+00   6.9959408e-01   1.0000000e+00
   3.0300000e+00   6.9745658e-01   1.0000000e+00
   3.0500000e+00   6.9578907e-01   1.0000000e+00
   3.0700000e+00   6.9433042e-01   1.0000000e+00
   3.0900000e+00   6.9308062e-01   1.0000000e+00
   3.1100000e+00   6.9201187e-01   1.0000000e+00
   3.1300000e+00   6.9094311e-01   1.0000000e+00
   3.1500000e+00   6.8987436e-01   1.0000000e+00
   3.1700000e+00   6.8880560e-01   1.0000000e+00
   3.1900000e+00   6.8773685e-01   1.0000000e+00
   3.2100000e+00   6.8666810e-01   1.0000000e+00
   3.2300000e+00   6.8517829e-01   1.0000000e+00
   3.2500000e+00   6.8363182e-01   1.0000000e+00
   3.2700000e+00   6.8202869e-01   1.0000000e+00
   3.2900000e+00   6.8023783e-01   1.0000000e+00
   3.3100000e+00   6.7827365e-01   1.0000000e+00
   3.3300000e+00   6.7613614e-01   1.0000000e+00
   3.3500000e+00   6.7399863e-01   1.0000000e+00
   3.3700000e+00   6.7161674e-01   1.0000000e+00
   3.3900000e+00   6.6899046e-01   1.0000000e+00
   3.4100000e+00   6.6706279e-01   1.0000000e+00
   3.4300000e+00   6.6542511e-01   1.0000000e+00
   3.4500000e+00   6.6407742e-01   1.0000000e+00
   3.4700000e+00   6.6286989e-01   1.0000000e+00
   3.4900000e+00   6.6147561e-01   1.0000000e+00
   3.5100000e+00   6.5989460e-01   1.0000000e+00
   3.5300000e+00   6.5882584e-01   1.0000000e+00
   3.5500000e+00   6.5797700e-01   1.0000000e+00
   3.5700000e+00   6.5734807e-01   1.0000000e+00
   3.5900000e+00   6.5649054e-01   1.0000000e+00
   3.6100000e+00   6.5552739e-01   1.0000000e+00
   3.6300000e+00   6.5445864e-01   1.0000000e+00
   3.6500000e+00   6.5338988e-01   1.0000000e+00
   3.6700000e+00   6.5232113e-01   1.0000000e+00
   3.6900000e+00   6.5125237e-01   1.0000000e+00
