   6.0000000e-01   9.7923260e-01   0.0000000e+00
   6.2000000e-01   9.6234778e-01   0.0000000e+00
   6.4000000e-01   9.4356448e-01   0.0000000e+00
   6.6000000e-01   9.2288271e-01   0.0000000e+00
   6.8000000e-01   8.9723261e-01   0.0000000e+00
   7.0000000e-01   8.7317591e-01   0.0000000e+00
   7.2000000e-01   8.5071262e-01   0.0000000e+00
   7.4000000e-01   8.3015753e-01   0.0000000e+00
   7.6000000e-01   8.1110365e-01   0.0000000e+00
   7.8000000e-01   7.9355098e-01   0.0000000e+00
   8.0000000e-01   7.7901753e-01   0.0000000e+00
   8.2000000e-01   7.6426953e-01   0.0000000e+00
   8.4000000e-01   7.4930698e-01   0.0000000e+00
   8.6000000e-01   7.3695930e-01   0.0000000e+00
   8.8000000e-01   7.2545275e-01   0.0000000e+00
   9.0000000e-01   7.1478732e-01   0.0000000e+00
   9.2000000e-01   7.0637204e-01   0.0000000e+00
   9.4000000e-01   6.9903691e-01   0.0000000e+00
   9.6000000e-01   6.9278193e-01   0.0000000e+00
   9.8000000e-01   6.8791622e-01   0.0000000e+00
   1.0000000e+00   6.8281148e-01   0.0000000e+00
   1.0200000e+00   6.7746771e-01   0.0000000e+00
   1.0400000e+00   6.7307200e-01   0.0000000e+00
   1.0600000e+00   6.6891532e-01   0.0000000e+00
   1.0800000e+00   6.6499767e-01   0.0000000e+00
   1.1000000e+00   6.6149773e-01   0.0000000e+00
   1.1200000e+00   6.5814463e-01   0.0000000e+00
   1.1400000e+00   6.5493836e-01   0.0000000e+00
   1.1600000e+00   6.5172473e-01   0.0000000e+00
   1.1800000e+00   6.4824760e-01   0.0000000e+00
   1.2000000e+00   6.4450696e-01   0.0000000e+00
   1.2200000e+00   6.4119140e-01   0.0000000e+00
   1.2400000e+00   6.3793049e-01   0.0000000e+00
   1.2600000e+00   6.3472423e-01   0.0000000e+00
   1.2800000e+00   6.3151797e-01   0.0000000e+00
   1.3000000e+00   6.2823662e-01   0.0000000e+00
   1.3200000e+00   6.2488017e-01   0.0000000e+00
   1.3400000e+00   6.2060516e-01   0.0000000e+00
   1.3600000e+00   6.1682294e-01   0.0000000e+00
   1.3800000e+00   6.1353353e-01   0.0000000e+00
   1.4000000e+00   6.1032727e-01   0.0000000e+00
   1.4200000e+00   6.0712101e-01   0.0000000e+00
   1.4400000e+00   6.0391474e-01   0.0000000e+00
   1.4600000e+00   6.0070848e-01   0.0000000e+00
   1.4800000e+00   5.9750222e-01   0.0000000e+00
   1.5000000e+00   5.9429596e-01   0.0000000e+00
   1.5200000e+00   5.9108970e-01   0.0000000e+00
   1.5400000e+00   5.8810536e-01   0.0000000e+00
   1.5600000e+00   5.8534295e-01   0.0000000e+00
   1.5800000e+00   5.8267107e-01   0.0000000e+00
   1.6000000e+00   5.7999918e-01   0.0000000e+00
   1.6200000e+00   5.7732730e-01   0.0000000e+00
   1.6400000e+00   5.7474928e-01   0.0000000e+00
   1.6600000e+00   5.7239151e-01   0.0000000e+00
   1.6800000e+00   5.7025400e-01   0.0000000e+00
   1.7000000e+00   5.6811649e-01   0.0000000e+00
   1.7200000e+00   5.6597899e-01   0.0000000e+00
   1.7400000e+00   5.6384148e-01   0.0000000e+00
   1.7600000e+00   5.6198222e-01   0.0000000e+00
   1.7800000e+00   5.6025102e-01   0.0000000e+00
   1.8000000e+00   5.5864789e-01   0.0000000e+00
   1.8200000e+00   5.5704476e-01   0.0000000e+00
   1.8400000e+00   5.5544162e-01   0.0000000e+00
   1.8600000e+00   5.5383849e-01   0.0000000e+00
   1.8800000e+00   5.5177273e-01   0.0000000e+00
   1.9000000e+00   5.4984408e-01   0.0000000e+00
   1.9200000e+00   5.4805254e-01   0.0000000e+00
   1.9400000e+00   5.4667871e-01   0.0000000e+00
   1.9600000e+00   5.4540110e-01   0.0000000e+00
   1.9800000e+00   5.4421971e-01   0.0000000e+00
   2.0000000e+00   5.4261658e-01   0.0000000e+00
   2.0200000e+00   5.4127862e-01   0.0000000e+00
   2.0400000e+00   5.4020583e-01   0.0000000e+00
   2.0600000e+00   5.3913708e-01   0.0000000e+00
   2.0800000e+00   5.3777131e-01   0.0000000e+00
   2.1000000e+00   5.3610852e-01   0.0000000e+00
   2.1200000e+00   5.3433172e-01   0.0000000e+00
   2.1400000e+00   5.3290894e-01   0.0000000e+00
   2.1600000e+00   5.3184018e-01   0.0000000e+00
   2.1800000e+00   5.3077143e-01   0.0000000e+00
   2.2000000e+00   5.2922128e-01   0.0000000e+00
   2.2200000e+00   5.2718972e-01   0.0000000e+00
   2.2400000e+00   5.2578168e-01   0.0000000e+00
   2.2600000e+00   5.2441925e-01   0.0000000e+00
   2.2800000e+00   5.2310243e-01   0.0000000e+00
   2.3000000e+00   5.2149930e-01   0.0000000e+00
   2.3200000e+00   5.1989617e-01   0.0000000e+00
   2.3400000e+00   5.1829303e-01   0.0000000e+00
   2.3600000e+00   5.1668990e-01   0.0000000e+00
   2.3800000e+00   5.1508677e-01   0.0000000e+00
   2.4000000e+00   5.1348364e-01   0.0000000e+00
   2.4200000e+00   5.1219630e-01   0.0000000e+00
   2.4400000e+00   5.1081913e-01   0.0000000e+00
   2.4600000e+00   5.0935212e-01   0.0000000e+00
   2.4800000e+00   5.0729707e-01   0.0000000e+00
   2.5000000e+00   5.0546799e-01   0.0000000e+00
   2.5200000e+00   5.0386485e-01   0.0000000e+00
   2.5400000e+00   5.0226172e-01   0.0000000e+00
   2.5600000e+00   5.0065859e-01   0.0000000e+00
   2.5800000e+00   4.9905546e-01   0.0000000e+00
   2.6000000e+00   4.9718549e-01   0.0000000e+00
   2.6200000e+00   4.9518174e-01   0.0000000e+00
   2.6400000e+00   4.9304424e-01   0.0000000e+00
   2.6600000e+00   4.9094024e-01   0.0000000e+00
   2.6800000e+00   4.8908668e-01   0.0000000e+00
   2.7000000e+00   4.8748355e-01   0.0000000e+00
   2.7200000e+00   4.8633164e-01   0.0000000e+00
   2.7400000e+00   4.8505403e-01   0.0000000e+00
   2.7600000e+00   4.8365072e-01   0.0000000e+00
   2.7800000e+00   4.8226549e-01   0.0000000e+00
   2.8000000e+00   4.8098788e-01   0.0000000e+00
   2.8200000e+00   4.7981789e-01   0.0000000e+00
   2.8400000e+00   4.7821476e-01   0.0000000e+00
   2.8600000e+00   4.7687110e-01   0.0000000e+00
   2.8800000e+00   4.7578691e-01   0.0000000e+00
   2.9000000e+00   4.7471816e-01   0.0000000e+00
   2.9200000e+00   4.7364940e-01   0.0000000e+00
   2.9400000e+00   4.7258065e-01   0.0000000e+00
   2.9600000e+00   4.7168085e-01   0.0000000e+00
   2.9800000e+00   4.7096376e-01   0.0000000e+00
   3.0000000e+00   4.7042938e-01   0.0000000e+00
   3.0200000e+00   4.6989500e-01   0.0000000e+00
   3.0400000e+00   4.6936063e-01   0.0000000e+00
   3.0600000e+00   4.6882625e-01   0.0000000e+00
   3.0800000e+00   4.6935188e-01   0.0000000e+00
   2.2200000e+00   7.6445312e-01   1.0000000e+00
   2.2400000e+00   7.6335892e-01   1.0000000e+00
   2.2600000e+00   7.6201025e-01   1.0000000e+00
   2.2800000e+00   7.6040712e-01   1.0000000e+00
   2.3000000e+00   7.5893539e-01   1.0000000e+00
   2.3200000e+00   7.5765041e-01   1.0000000e+00
   2.3400000e+00   7.5655217e-01   1.0000000e+00
   2.3600000e+00   7.5441466e-01   1.0000000e+00
   2.3800000e+00   7.5227715e-01   1.0000000e+00
   2.4000000e+00   7.5013965e-01   1.0000000e+00
   2.4200000e+00   7.4768635e-01   1.0000000e+00
   2.4400000e+00   7.4532288e-01   1.0000000e+00
   2.4600000e+00   7.4304925e-01   1.0000000e+00
   2.4800000e+00   7.4136366e-01   1.0000000e+00
   2.5000000e+00   7.3945211e-01   1.0000000e+00
   2.5200000e+00   7.3731460e-01   1.0000000e+00
   2.5400000e+00   7.3567726e-01   1.0000000e+00
   2.5600000e+00   7.3386528e-01   1.0000000e+00
   2.5800000e+00   7.3187864e-01   1.0000000e+00
   2.6000000e+00   7.3027482e-01   1.0000000e+00
   2.6200000e+00   7.2886344e-01   1.0000000e+00
   2.6400000e+00   7.2764450e-01   1.0000000e+00
   2.6600000e+00   7.2604137e-01   1.0000000e+00
   2.6800000e+00   7.2443824e-01   1.0000000e+00
   2.7000000e+00   7.2283511e-01   1.0000000e+00
   2.7200000e+00   7.2168321e-01   1.0000000e+00
   2.7400000e+00   7.2040560e-01   1.0000000e+00
   2.7600000e+00   7.1900228e-01   1.0000000e+00
   2.7800000e+00   7.1739915e-01   1.0000000e+00
   2.8000000e+00   7.1569479e-01   1.0000000e+00
   2.8200000e+00   7.1388919e-01   1.0000000e+00
   2.8400000e+00   7.1121730e-01   1.0000000e+00
   2.8600000e+00   7.0906436e-01   1.0000000e+00
   2.8800000e+00   7.0743037e-01   1.0000000e+00
   2.9000000e+00   7.0542496e-01   1.0000000e+00
   2.9200000e+00   7.0321069e-01   1.0000000e+00
   2.9400000e+00   7.0078756e-01   1.0000000e+00
   2.9600000e+00   6.9845358e-01   1.0000000e+00
   2.9800000e+00   6.9645888e-01   1.0000000e+00
   3.0000000e+00   6.9480346e-01   1.0000000e+00
   3.0200000e+00   6.9266596e-01   1.0000000e+00
   3.0400000e+00   6.9076345e-01   1.0000000e+00
   3.0600000e+00   6.8909594e-01   1.0000000e+00
   3.0800000e+00   6.8784614e-01   1.0000000e+00
   3.1000000e+00   6.8645020e-01   1.0000000e+00
   3.1200000e+00   6.8490810e-01   1.0000000e+00
   3.1400000e+00   6.8313061e-01   1.0000000e+00
   3.1600000e+00   6.8197134e-01   1.0000000e+00
   3.1800000e+00   6.8143028e-01   1.0000000e+00
   3.2000000e+00   6.7982715e-01   1.0000000e+00
   3.2200000e+00   6.7801349e-01   1.0000000e+00
   3.2400000e+00   6.7598930e-01   1.0000000e+00
   3.2600000e+00   6.7385180e-01   1.0000000e+00
   3.2800000e+00   6.7171429e-01   1.0000000e+00
   3.3000000e+00   6.6957678e-01   1.0000000e+00
   3.3200000e+00   6.6743927e-01   1.0000000e+00
   3.3400000e+00   6.6530176e-01   1.0000000e+00
   3.3600000e+00   6.6316425e-01   1.0000000e+00
   3.3800000e+00   6.6151552e-01   1.0000000e+00
   3.4000000e+00   6.5970353e-01   1.0000000e+00
   3.4200000e+00   6.5772829e-01   1.0000000e+00
   3.4400000e+00   6.5610167e-01   1.0000000e+00
   3.4600000e+00   6.5482337e-01   1.0000000e+00
   3.4800000e+00   6.5389340e-01   1.0000000e+00
   3.5000000e+00   6.5335902e-01   1.0000000e+00
   3.5200000e+00   6.5282464e-01   1.0000000e+00
   3.5400000e+00   6.5229026e-01   1.0000000e+00
   3.5600000e+00   6.5219571e-01   1.0000000e+00
   3.5800000e+00   6.5198686e-01   1.0000000e+00
   3.6000000e+00   6.5166370e-01   1.0000000e+00
   3.6200000e+00   6.5050983e-01   1.0000000e+00
   3.6400000e+00   6.4863956e-01   1.0000000e+00
   3.6600000e+00   6.4605289e-01   1.0000000e+00
   3.6800000e+00   6.4124350e-01   1.0000000e+00
   3.7000000e+00   6.3770297e-01   1.0000000e+00
   3.7200000e+00   6.3543130e-01   1.0000000e+00
