   6.0000000e-01   9.1177844e-01   0.0000000e+00
   6.2000000e-01   8.8765972e-01   0.0000000e+00
   6.4000000e-01   8.6401740e-01   0.0000000e+00
   6.6000000e-01   8.4085146e-01   0.0000000e+00
   6.8000000e-01   8.1520136e-01   0.0000000e+00
   7.0000000e-01   7.9251044e-01   0.0000000e+00
   7.2000000e-01   7.7277868e-01   0.0000000e+00
   7.4000000e-01   7.5102815e-01   0.0000000e+00
   7.6000000e-01   7.3017202e-01   0.0000000e+00
   7.8000000e-01   7.1021027e-01   0.0000000e+00
   8.0000000e-01   6.9545824e-01   0.0000000e+00
   8.2000000e-01   6.8113533e-01   0.0000000e+00
   8.4000000e-01   6.6724152e-01   0.0000000e+00
   8.6000000e-01   6.5700855e-01   0.0000000e+00
   8.8000000e-01   6.4762811e-01   0.0000000e+00
   9.0000000e-01   6.3910019e-01   0.0000000e+00
   9.2000000e-01   6.3137418e-01   0.0000000e+00
   9.4000000e-01   6.2394352e-01   0.0000000e+00
   9.6000000e-01   6.1680820e-01   0.0000000e+00
   9.8000000e-01   6.1045199e-01   0.0000000e+00
   1.0000000e+00   6.0433482e-01   0.0000000e+00
   1.0200000e+00   5.9845667e-01   0.0000000e+00
   1.0400000e+00   5.9163046e-01   0.0000000e+00
   1.0600000e+00   5.8545864e-01   0.0000000e+00
   1.0800000e+00   5.7994120e-01   0.0000000e+00
   1.1000000e+00   5.7440970e-01   0.0000000e+00
   1.1200000e+00   5.6856173e-01   0.0000000e+00
   1.1400000e+00   5.6239728e-01   0.0000000e+00
   1.1600000e+00   5.5704613e-01   0.0000000e+00
   1.1800000e+00   5.5143149e-01   0.0000000e+00
   1.2000000e+00   5.4555334e-01   0.0000000e+00
   1.2200000e+00   5.4052536e-01   0.0000000e+00
   1.2400000e+00   5.3560668e-01   0.0000000e+00
   1.2600000e+00   5.3079728e-01   0.0000000e+00
   1.2800000e+00   5.2617964e-01   0.0000000e+00
   1.3000000e+00   5.2173332e-01   0.0000000e+00
   1.3200000e+00   5.1745830e-01   0.0000000e+00
   1.3400000e+00   5.1318328e-01   0.0000000e+00
   1.3600000e+00   5.0915467e-01   0.0000000e+00
   1.3800000e+00   5.0537245e-01   0.0000000e+00
   1.4000000e+00   5.0200795e-01   0.0000000e+00
   1.4200000e+00   4.9872257e-01   0.0000000e+00
   1.4400000e+00   4.9551631e-01   0.0000000e+00
   1.4600000e+00   4.9245285e-01   0.0000000e+00
   1.4800000e+00   4.8958518e-01   0.0000000e+00
   1.5000000e+00   4.8691330e-01   0.0000000e+00
   1.5200000e+00   4.8424141e-01   0.0000000e+00
   1.5400000e+00   4.8179146e-01   0.0000000e+00
   1.5600000e+00   4.7956343e-01   0.0000000e+00
   1.5800000e+00   4.7742592e-01   0.0000000e+00
   1.6000000e+00   4.7539367e-01   0.0000000e+00
   1.6200000e+00   4.7346669e-01   0.0000000e+00
   1.6400000e+00   4.7176970e-01   0.0000000e+00
   1.6600000e+00   4.6985245e-01   0.0000000e+00
   1.6800000e+00   4.6771494e-01   0.0000000e+00
   1.7000000e+00   4.6608901e-01   0.0000000e+00
   1.7200000e+00   4.6447447e-01   0.0000000e+00
   1.7400000e+00   4.6287134e-01   0.0000000e+00
   1.7600000e+00   4.6126821e-01   0.0000000e+00
   1.7800000e+00   4.5966508e-01   0.0000000e+00
   1.8000000e+00   4.5806195e-01   0.0000000e+00
   1.8200000e+00   4.5641390e-01   0.0000000e+00
   1.8400000e+00   4.5452113e-01   0.0000000e+00
   1.8600000e+00   4.5238362e-01   0.0000000e+00
   1.8800000e+00   4.5117137e-01   0.0000000e+00
   1.9000000e+00   4.5003086e-01   0.0000000e+00
   1.9200000e+00   4.4896211e-01   0.0000000e+00
   1.9400000e+00   4.4766406e-01   0.0000000e+00
   1.9600000e+00   4.4626978e-01   0.0000000e+00
   1.9800000e+00   4.4477928e-01   0.0000000e+00
   2.0000000e+00   4.4371053e-01   0.0000000e+00
   2.0200000e+00   4.4264178e-01   0.0000000e+00
   2.0400000e+00   4.4157302e-01   0.0000000e+00
   2.0600000e+00   4.4050427e-01   0.0000000e+00
   2.0800000e+00   4.3943551e-01   0.0000000e+00
   2.1000000e+00   4.3836676e-01   0.0000000e+00
   2.1200000e+00   4.3729800e-01   0.0000000e+00
   2.1400000e+00   4.3622925e-01   0.0000000e+00
   2.1600000e+00   4.3516050e-01   0.0000000e+00
   2.1800000e+00   4.3409174e-01   0.0000000e+00
   2.2000000e+00   4.3326369e-01   0.0000000e+00
   2.2200000e+00   4.3267634e-01   0.0000000e+00
   2.2400000e+00   4.3141249e-01   0.0000000e+00
   2.2600000e+00   4.3022707e-01   0.0000000e+00
   2.2800000e+00   4.2912008e-01   0.0000000e+00
   2.3000000e+00   4.2832289e-01   0.0000000e+00
   2.3200000e+00   4.2713747e-01   0.0000000e+00
   2.3400000e+00   4.2556382e-01   0.0000000e+00
   2.3600000e+00   4.2502945e-01   0.0000000e+00
   2.3800000e+00   4.2406261e-01   0.0000000e+00
   2.4000000e+00   4.2266333e-01   0.0000000e+00
   2.4200000e+00   4.2169178e-01   0.0000000e+00
   2.4400000e+00   4.2073969e-01   0.0000000e+00
   2.4600000e+00   4.1980706e-01   0.0000000e+00
   2.4800000e+00   4.1836885e-01   0.0000000e+00
   2.5000000e+00   4.1738256e-01   0.0000000e+00
   2.5200000e+00   4.1684818e-01   0.0000000e+00
   2.5400000e+00   4.1631380e-01   0.0000000e+00
   2.5600000e+00   4.1558767e-01   0.0000000e+00
   2.5800000e+00   4.1466979e-01   0.0000000e+00
   2.6000000e+00   4.1413472e-01   0.0000000e+00
   2.6200000e+00   4.1371701e-01   0.0000000e+00
   2.6400000e+00   4.1341665e-01   0.0000000e+00
   2.6600000e+00   4.1234790e-01   0.0000000e+00
   2.6800000e+00   4.1127914e-01   0.0000000e+00
   2.7000000e+00   4.1021039e-01   0.0000000e+00
   2.7200000e+00   4.1004409e-01   0.0000000e+00
   2.7400000e+00   4.0979366e-01   0.0000000e+00
   2.7600000e+00   4.0945909e-01   0.0000000e+00
   2.7800000e+00   4.0892472e-01   0.0000000e+00
   2.8000000e+00   4.0839034e-01   0.0000000e+00
   2.8200000e+00   4.0785596e-01   0.0000000e+00
   2.8400000e+00   4.0732159e-01   0.0000000e+00
   2.8600000e+00   4.0704668e-01   0.0000000e+00
   2.8800000e+00   4.0703125e-01   0.0000000e+00
   2.9000000e+00   4.0703125e-01   0.0000000e+00
   2.9200000e+00   4.0688844e-01   0.0000000e+00
   2.9400000e+00   4.0660283e-01   0.0000000e+00
   2.9600000e+00   4.0606845e-01   0.0000000e+00
   2.9800000e+00   4.0553407e-01   0.0000000e+00
   3.0000000e+00   4.0499969e-01   0.0000000e+00
   3.0200000e+00   4.0446532e-01   0.0000000e+00
   3.0400000e+00   4.0393094e-01   0.0000000e+00
   3.0600000e+00   4.0339656e-01   0.0000000e+00
   3.0800000e+00   4.0250885e-01   0.0000000e+00
   3.1000000e+00   4.0153062e-01   0.0000000e+00
   3.1200000e+00   4.0046186e-01   0.0000000e+00
   3.1400000e+00   3.9939311e-01   0.0000000e+00
   3.1600000e+00   3.9832436e-01   0.0000000e+00
   3.1800000e+00   3.9725560e-01   0.0000000e+00
   3.2000000e+00   3.9618685e-01   0.0000000e+00
   3.2200000e+00   3.9511809e-01   0.0000000e+00
   3.2400000e+00   3.9404934e-01   0.0000000e+00
   2.0100000e+00   6.8342262e-01   1.0000000e+00
   2.0300000e+00   6.8075476e-01   1.0000000e+00
   2.0500000e+00   6.7808489e-01   1.0000000e+00
   2.0700000e+00   6.7541301e-01   1.0000000e+00
   2.0900000e+00   6.7274112e-01   1.0000000e+00
   2.1100000e+00   6.7006924e-01   1.0000000e+00
   2.1300000e+00   6.6739735e-01   1.0000000e+00
   2.1500000e+00   6.6466178e-01   1.0000000e+00
   2.1700000e+00   6.6169086e-01   1.0000000e+00
   2.1900000e+00   6.5848460e-01   1.0000000e+00
   2.2100000e+00   6.5575974e-01   1.0000000e+00
   2.2300000e+00   6.5324373e-01   1.0000000e+00
   2.2500000e+00   6.5093658e-01   1.0000000e+00
   2.2700000e+00   6.4855100e-01   1.0000000e+00
   2.2900000e+00   6.4602227e-01   1.0000000e+00
   2.3100000e+00   6.4335038e-01   1.0000000e+00
   2.3300000e+00   6.4070798e-01   1.0000000e+00
   2.3500000e+00   6.3858522e-01   1.0000000e+00
   2.3700000e+00   6.3698209e-01   1.0000000e+00
   2.3900000e+00   6.3451405e-01   1.0000000e+00
   2.4100000e+00   6.3241777e-01   1.0000000e+00
   2.4300000e+00   6.3069326e-01   1.0000000e+00
   2.4500000e+00   6.2922625e-01   1.0000000e+00
   2.4700000e+00   6.2742399e-01   1.0000000e+00
   2.4900000e+00   6.2528649e-01   1.0000000e+00
   2.5100000e+00   6.2314898e-01   1.0000000e+00
   2.5300000e+00   6.2076138e-01   1.0000000e+00
   2.5500000e+00   6.1812370e-01   1.0000000e+00
   2.5700000e+00   6.1468480e-01   1.0000000e+00
