   6.0000000e-01   9.2959893e-01   0.0000000e+00
   6.2000000e-01   9.0600388e-01   0.0000000e+00
   6.4000000e-01   8.8155463e-01   0.0000000e+00
   6.6000000e-01   8.5625119e-01   0.0000000e+00
   6.8000000e-01   8.2846358e-01   0.0000000e+00
   7.0000000e-01   8.0363515e-01   0.0000000e+00
   7.2000000e-01   7.8176589e-01   0.0000000e+00
   7.4000000e-01   7.5990941e-01   0.0000000e+00
   7.6000000e-01   7.3931274e-01   0.0000000e+00
   7.8000000e-01   7.1997590e-01   0.0000000e+00
   8.0000000e-01   7.0490808e-01   0.0000000e+00
   8.2000000e-01   6.8962570e-01   0.0000000e+00
   8.4000000e-01   6.7412877e-01   0.0000000e+00
   8.6000000e-01   6.6281564e-01   0.0000000e+00
   8.8000000e-01   6.5256389e-01   0.0000000e+00
   9.0000000e-01   6.4337353e-01   0.0000000e+00
   9.2000000e-01   6.3511315e-01   0.0000000e+00
   9.4000000e-01   6.2723460e-01   0.0000000e+00
   9.6000000e-01   6.1973789e-01   0.0000000e+00
   9.8000000e-01   6.1332536e-01   0.0000000e+00
   1.0000000e+00   6.0691284e-01   0.0000000e+00
   1.0200000e+00   6.0050032e-01   0.0000000e+00
   1.0400000e+00   5.9408779e-01   0.0000000e+00
   1.0600000e+00   5.8785395e-01   0.0000000e+00
   1.0800000e+00   5.8179879e-01   0.0000000e+00
   1.1000000e+00   5.7616134e-01   0.0000000e+00
   1.1200000e+00   5.7060872e-01   0.0000000e+00
   1.1400000e+00   5.6514091e-01   0.0000000e+00
   1.1600000e+00   5.5926276e-01   0.0000000e+00
   1.1800000e+00   5.5338461e-01   0.0000000e+00
   1.2000000e+00   5.4750647e-01   0.0000000e+00
   1.2200000e+00   5.4247849e-01   0.0000000e+00
   1.2400000e+00   5.3755980e-01   0.0000000e+00
   1.2600000e+00   5.3275041e-01   0.0000000e+00
   1.2800000e+00   5.2813277e-01   0.0000000e+00
   1.3000000e+00   5.2368644e-01   0.0000000e+00
   1.3200000e+00   5.1941142e-01   0.0000000e+00
   1.3400000e+00   5.1513641e-01   0.0000000e+00
   1.3600000e+00   5.1110779e-01   0.0000000e+00
   1.3800000e+00   5.0732558e-01   0.0000000e+00
   1.4000000e+00   5.0396108e-01   0.0000000e+00
   1.4200000e+00   5.0067569e-01   0.0000000e+00
   1.4400000e+00   4.9746943e-01   0.0000000e+00
   1.4600000e+00   4.9440598e-01   0.0000000e+00
   1.4800000e+00   4.9152524e-01   0.0000000e+00
   1.5000000e+00   4.8882721e-01   0.0000000e+00
   1.5200000e+00   4.8562095e-01   0.0000000e+00
   1.5400000e+00   4.8285854e-01   0.0000000e+00
   1.5600000e+00   4.8053999e-01   0.0000000e+00
   1.5800000e+00   4.7872967e-01   0.0000000e+00
   1.6000000e+00   4.7691769e-01   0.0000000e+00
   1.6200000e+00   4.7510403e-01   0.0000000e+00
   1.6400000e+00   4.7296652e-01   0.0000000e+00
   1.6600000e+00   4.7082901e-01   0.0000000e+00
   1.6800000e+00   4.6869150e-01   0.0000000e+00
   1.7000000e+00   4.6706557e-01   0.0000000e+00
   1.7200000e+00   4.6564849e-01   0.0000000e+00
   1.7400000e+00   4.6444027e-01   0.0000000e+00
   1.7600000e+00   4.6281503e-01   0.0000000e+00
   1.7800000e+00   4.6101444e-01   0.0000000e+00
   1.8000000e+00   4.5903851e-01   0.0000000e+00
   1.8200000e+00   4.5743538e-01   0.0000000e+00
   1.8400000e+00   4.5583225e-01   0.0000000e+00
   1.8600000e+00   4.5422912e-01   0.0000000e+00
   1.8800000e+00   4.5216336e-01   0.0000000e+00
   1.9000000e+00   4.5040769e-01   0.0000000e+00
   1.9200000e+00   4.4896211e-01   0.0000000e+00
   1.9400000e+00   4.4789335e-01   0.0000000e+00
   1.9600000e+00   4.4676828e-01   0.0000000e+00
   1.9800000e+00   4.4558690e-01   0.0000000e+00
   2.0000000e+00   4.4398376e-01   0.0000000e+00
   2.0200000e+00   4.4264581e-01   0.0000000e+00
   2.0400000e+00   4.4157302e-01   0.0000000e+00
   2.0600000e+00   4.4050427e-01   0.0000000e+00
   2.0800000e+00   4.3928701e-01   0.0000000e+00
   2.1000000e+00   4.3792123e-01   0.0000000e+00
   2.1200000e+00   4.3667881e-01   0.0000000e+00
   2.1400000e+00   4.3575856e-01   0.0000000e+00
   2.1600000e+00   4.3516050e-01   0.0000000e+00
   2.1800000e+00   4.3409174e-01   0.0000000e+00
   2.2000000e+00   4.3302299e-01   0.0000000e+00
   2.2200000e+00   4.3195423e-01   0.0000000e+00
   2.2400000e+00   4.3088548e-01   0.0000000e+00
   2.2600000e+00   4.2994076e-01   0.0000000e+00
   2.2800000e+00   4.2912008e-01   0.0000000e+00
   2.3000000e+00   4.2832289e-01   0.0000000e+00
   2.3200000e+00   4.2713747e-01   0.0000000e+00
   2.3400000e+00   4.2556382e-01   0.0000000e+00
   2.3600000e+00   4.2502945e-01   0.0000000e+00
   2.3800000e+00   4.2427884e-01   0.0000000e+00
   2.4000000e+00   4.2331201e-01   0.0000000e+00
   2.4200000e+00   4.2224326e-01   0.0000000e+00
   2.4400000e+00   4.2117450e-01   0.0000000e+00
   2.4600000e+00   4.2010575e-01   0.0000000e+00
   2.4800000e+00   4.1903699e-01   0.0000000e+00
   2.5000000e+00   4.1796824e-01   0.0000000e+00
   2.5200000e+00   4.1689949e-01   0.0000000e+00
   2.5400000e+00   4.1583073e-01   0.0000000e+00
   2.5600000e+00   4.1495373e-01   0.0000000e+00
   2.5800000e+00   4.1426849e-01   0.0000000e+00
   2.6000000e+00   4.1346727e-01   0.0000000e+00
   2.6200000e+00   4.1253228e-01   0.0000000e+00
   2.6400000e+00   4.1146352e-01   0.0000000e+00
   2.6600000e+00   4.1042828e-01   0.0000000e+00
   2.6800000e+00   4.0964348e-01   0.0000000e+00
   2.7000000e+00   4.0910910e-01   0.0000000e+00
   2.7200000e+00   4.0857472e-01   0.0000000e+00
   2.7400000e+00   4.0820763e-01   0.0000000e+00
   2.7600000e+00   4.0800781e-01   0.0000000e+00
   2.7800000e+00   4.0778991e-01   0.0000000e+00
   2.8000000e+00   4.0741378e-01   0.0000000e+00
   2.8200000e+00   4.0687940e-01   0.0000000e+00
   2.8400000e+00   4.0634502e-01   0.0000000e+00
   2.8600000e+00   4.0581065e-01   0.0000000e+00
   2.8800000e+00   4.0527627e-01   0.0000000e+00
   2.9000000e+00   4.0474189e-01   0.0000000e+00
   2.9200000e+00   4.0435032e-01   0.0000000e+00
   2.9400000e+00   4.0410156e-01   0.0000000e+00
   2.9600000e+00   4.0376366e-01   0.0000000e+00
   2.9800000e+00   4.0308647e-01   0.0000000e+00
   3.0000000e+00   4.0207001e-01   0.0000000e+00
   3.0200000e+00   4.0153563e-01   0.0000000e+00
   3.0400000e+00   4.0076625e-01   0.0000000e+00
   3.0600000e+00   3.9976188e-01   0.0000000e+00
   3.0800000e+00   3.9939979e-01   0.0000000e+00
   3.1000000e+00   3.9898208e-01   0.0000000e+00
   3.1200000e+00   3.9850874e-01   0.0000000e+00
   3.1400000e+00   3.9743998e-01   0.0000000e+00
   3.1600000e+00   3.9637123e-01   0.0000000e+00
   3.1800000e+00   3.9530248e-01   0.0000000e+00
   3.2000000e+00   3.9423372e-01   0.0000000e+00
   3.2200000e+00   3.9337550e-01   0.0000000e+00
   3.2400000e+00   3.9272780e-01   0.0000000e+00
   3.2600000e+00   3.9219342e-01   0.0000000e+00
   3.2800000e+00   3.9175290e-01   0.0000000e+00
   3.3000000e+00   3.9140625e-01   0.0000000e+00
   3.3200000e+00   3.9133519e-01   0.0000000e+00
   3.3400000e+00   3.9103247e-01   0.0000000e+00
   3.3600000e+00   3.9049809e-01   0.0000000e+00
   2.0100000e+00   6.8733491e-01   1.0000000e+00
   2.0300000e+00   6.8466303e-01   1.0000000e+00
   2.0500000e+00   6.8178430e-01   1.0000000e+00
   2.0700000e+00   6.7869873e-01   1.0000000e+00
   2.0900000e+00   6.7578949e-01   1.0000000e+00
   2.1100000e+00   6.7290875e-01   1.0000000e+00
   2.1300000e+00   6.7005651e-01   1.0000000e+00
   2.1500000e+00   6.6691394e-01   1.0000000e+00
   2.1700000e+00   6.6400671e-01   1.0000000e+00
   2.1900000e+00   6.6133482e-01   1.0000000e+00
   2.2100000e+00   6.5914434e-01   1.0000000e+00
   2.2300000e+00   6.5679797e-01   1.0000000e+00
   2.2500000e+00   6.5429573e-01   1.0000000e+00
   2.2700000e+00   6.5162384e-01   1.0000000e+00
   2.2900000e+00   6.4901766e-01   1.0000000e+00
   2.3100000e+00   6.4647718e-01   1.0000000e+00
   2.3300000e+00   6.4433968e-01   1.0000000e+00
   2.3500000e+00   6.4220217e-01   1.0000000e+00
   2.3700000e+00   6.4006466e-01   1.0000000e+00
   2.3900000e+00   6.3792715e-01   1.0000000e+00
   2.4100000e+00   6.3594754e-01   1.0000000e+00
   2.4300000e+00   6.3412582e-01   1.0000000e+00
   2.4500000e+00   6.3232356e-01   1.0000000e+00
   2.4700000e+00   6.3035368e-01   1.0000000e+00
   2.4900000e+00   6.2821617e-01   1.0000000e+00
   2.5100000e+00   6.2607866e-01   1.0000000e+00
   2.5300000e+00   6.2394116e-01   1.0000000e+00
   2.5500000e+00   6.2180365e-01   1.0000000e+00
   2.5700000e+00   6.1966614e-01   1.0000000e+00
   2.5900000e+00   6.1726179e-01   1.0000000e+00
   2.6100000e+00   6.1459059e-01   1.0000000e+00
   2.6300000e+00   6.1138433e-01   1.0000000e+00
   2.6500000e+00   6.0817807e-01   1.0000000e+00
   2.6700000e+00   6.0497181e-01   1.0000000e+00
   2.6900000e+00   6.0176554e-01   1.0000000e+00
   2.7100000e+00   5.9878489e-01   1.0000000e+00
   2.7300000e+00   5.9602986e-01   1.0000000e+00
   2.7500000e+00   5.9369254e-01   1.0000000e+00
   2.7700000e+00   5.9156407e-01   1.0000000e+00
   2.7900000e+00   5.8964446e-01   1.0000000e+00
