   6.0000000e-01   9.6767779e-01   0.0000000e+00
   6.2000000e-01   9.4864475e-01   0.0000000e+00
   6.4000000e-01   9.2634510e-01   0.0000000e+00
   6.6000000e-01   9.0077884e-01   0.0000000e+00
   6.8000000e-01   8.6925060e-01   0.0000000e+00
   7.0000000e-01   8.4159204e-01   0.0000000e+00
   7.2000000e-01   8.1780317e-01   0.0000000e+00
   7.4000000e-01   7.9671370e-01   0.0000000e+00
   7.6000000e-01   7.7723641e-01   0.0000000e+00
   7.8000000e-01   7.5937129e-01   0.0000000e+00
   8.0000000e-01   7.4420627e-01   0.0000000e+00
   8.2000000e-01   7.2753935e-01   0.0000000e+00
   8.4000000e-01   7.0937053e-01   0.0000000e+00
   8.6000000e-01   6.9433956e-01   0.0000000e+00
   8.8000000e-01   6.7913965e-01   0.0000000e+00
   9.0000000e-01   6.6377078e-01   0.0000000e+00
   9.2000000e-01   6.5117031e-01   0.0000000e+00
   9.4000000e-01   6.4013946e-01   0.0000000e+00
   9.6000000e-01   6.3067822e-01   0.0000000e+00
   9.8000000e-01   6.2277520e-01   0.0000000e+00
   1.0000000e+00   6.1535024e-01   0.0000000e+00
   1.0200000e+00   6.0840334e-01   0.0000000e+00
   1.0400000e+00   6.0050838e-01   0.0000000e+00
   1.0600000e+00   5.9326780e-01   0.0000000e+00
   1.0800000e+00   5.8668160e-01   0.0000000e+00
   1.1000000e+00   5.8056275e-01   0.0000000e+00
   1.1200000e+00   5.7448312e-01   0.0000000e+00
   1.1400000e+00   5.6844270e-01   0.0000000e+00
   1.1600000e+00   5.6361857e-01   0.0000000e+00
   1.1800000e+00   5.5826743e-01   0.0000000e+00
   1.2000000e+00   5.5238928e-01   0.0000000e+00
   1.2200000e+00   5.4778638e-01   0.0000000e+00
   1.2400000e+00   5.4303901e-01   0.0000000e+00
   1.2600000e+00   5.3814715e-01   0.0000000e+00
   1.2800000e+00   5.3299514e-01   0.0000000e+00
   1.3000000e+00   5.2801443e-01   0.0000000e+00
   1.3200000e+00   5.2320504e-01   0.0000000e+00
   1.3400000e+00   5.1839565e-01   0.0000000e+00
   1.3600000e+00   5.1407905e-01   0.0000000e+00
   1.3800000e+00   5.1025526e-01   0.0000000e+00
   1.4000000e+00   5.0651463e-01   0.0000000e+00
   1.4200000e+00   5.0277399e-01   0.0000000e+00
   1.4400000e+00   4.9903335e-01   0.0000000e+00
   1.4600000e+00   4.9557832e-01   0.0000000e+00
   1.4800000e+00   4.9250180e-01   0.0000000e+00
   1.5000000e+00   4.8980377e-01   0.0000000e+00
   1.5200000e+00   4.8659751e-01   0.0000000e+00
   1.5400000e+00   4.8383510e-01   0.0000000e+00
   1.5600000e+00   4.8151655e-01   0.0000000e+00
   1.5800000e+00   4.7937904e-01   0.0000000e+00
   1.6000000e+00   4.7724153e-01   0.0000000e+00
   1.6200000e+00   4.7510403e-01   0.0000000e+00
   1.6400000e+00   4.7306038e-01   0.0000000e+00
   1.6600000e+00   4.7123699e-01   0.0000000e+00
   1.6800000e+00   4.6963386e-01   0.0000000e+00
   1.7000000e+00   4.6854230e-01   0.0000000e+00
   1.7200000e+00   4.6726469e-01   0.0000000e+00
   1.7400000e+00   4.6580103e-01   0.0000000e+00
   1.7600000e+00   4.6419790e-01   0.0000000e+00
   1.7800000e+00   4.6267556e-01   0.0000000e+00
   1.8000000e+00   4.6123401e-01   0.0000000e+00
   1.8200000e+00   4.6012034e-01   0.0000000e+00
   1.8400000e+00   4.5876194e-01   0.0000000e+00
   1.8600000e+00   4.5715881e-01   0.0000000e+00
   1.8800000e+00   4.5648093e-01   0.0000000e+00
   1.9000000e+00   4.5535586e-01   0.0000000e+00
   1.9200000e+00   4.5378359e-01   0.0000000e+00
   1.9400000e+00   4.5233398e-01   0.0000000e+00
   1.9600000e+00   4.5122935e-01   0.0000000e+00
   1.9800000e+00   4.5046971e-01   0.0000000e+00
   2.0000000e+00   4.4886658e-01   0.0000000e+00
   2.0200000e+00   4.4779379e-01   0.0000000e+00
   2.0400000e+00   4.4725136e-01   0.0000000e+00
   2.0600000e+00   4.4630330e-01   0.0000000e+00
   2.0800000e+00   4.4529489e-01   0.0000000e+00
   2.1000000e+00   4.4422613e-01   0.0000000e+00
   2.1200000e+00   4.4315738e-01   0.0000000e+00
   2.1400000e+00   4.4208863e-01   0.0000000e+00
   2.1600000e+00   4.4101987e-01   0.0000000e+00
   2.1800000e+00   4.3995112e-01   0.0000000e+00
   2.2000000e+00   4.3864166e-01   0.0000000e+00
   2.2200000e+00   4.3709151e-01   0.0000000e+00
   2.2400000e+00   4.3585311e-01   0.0000000e+00
   2.2600000e+00   4.3469954e-01   0.0000000e+00
   2.2800000e+00   4.3363079e-01   0.0000000e+00
   2.3000000e+00   4.3256203e-01   0.0000000e+00
   2.3200000e+00   4.3149328e-01   0.0000000e+00
   2.3400000e+00   4.3042452e-01   0.0000000e+00
   2.3600000e+00   4.2935577e-01   0.0000000e+00
   2.3800000e+00   4.2828701e-01   0.0000000e+00
   2.4000000e+00   4.2721826e-01   0.0000000e+00
   2.4200000e+00   4.2614951e-01   0.0000000e+00
   2.4400000e+00   4.2518032e-01   0.0000000e+00
   2.4600000e+00   4.2431069e-01   0.0000000e+00
   2.4800000e+00   4.2369385e-01   0.0000000e+00
   2.5000000e+00   4.2285105e-01   0.0000000e+00
   2.5200000e+00   4.2178230e-01   0.0000000e+00
   2.5400000e+00   4.2071355e-01   0.0000000e+00
   2.5600000e+00   4.1964479e-01   0.0000000e+00
   2.5800000e+00   4.1857604e-01   0.0000000e+00
   2.6000000e+00   4.1804097e-01   0.0000000e+00
   2.6200000e+00   4.1762326e-01   0.0000000e+00
   2.6400000e+00   4.1732290e-01   0.0000000e+00
   2.6600000e+00   4.1625415e-01   0.0000000e+00
   2.6800000e+00   4.1518539e-01   0.0000000e+00
   2.7000000e+00   4.1411664e-01   0.0000000e+00
   2.7200000e+00   4.1395034e-01   0.0000000e+00
   2.7400000e+00   4.1353263e-01   0.0000000e+00
   2.7600000e+00   4.1286350e-01   0.0000000e+00
   2.7800000e+00   4.1179475e-01   0.0000000e+00
   2.8000000e+00   4.1082723e-01   0.0000000e+00
   2.8200000e+00   4.0996094e-01   0.0000000e+00
   2.8400000e+00   4.0996094e-01   0.0000000e+00
   2.8600000e+00   4.0944199e-01   0.0000000e+00
   2.8800000e+00   4.0840410e-01   0.0000000e+00
   2.9000000e+00   4.0813991e-01   0.0000000e+00
   2.9200000e+00   4.0786500e-01   0.0000000e+00
   2.9400000e+00   4.0757939e-01   0.0000000e+00
   2.9600000e+00   4.0704501e-01   0.0000000e+00
   2.9800000e+00   4.0653678e-01   0.0000000e+00
   3.0000000e+00   4.0605469e-01   0.0000000e+00
   3.0200000e+00   4.0605469e-01   0.0000000e+00
   3.0400000e+00   4.0558469e-01   0.0000000e+00
   3.0600000e+00   4.0464469e-01   0.0000000e+00
   3.0800000e+00   4.0428260e-01   0.0000000e+00
   3.1000000e+00   4.0398323e-01   0.0000000e+00
   3.1200000e+00   4.0374656e-01   0.0000000e+00
   3.1400000e+00   4.0345219e-01   0.0000000e+00
   2.0700000e+00   6.9263509e-01   1.0000000e+00
   2.0900000e+00   6.9020057e-01   1.0000000e+00
   2.1100000e+00   6.8764736e-01   1.0000000e+00
   2.1300000e+00   6.8497548e-01   1.0000000e+00
   2.1500000e+00   6.8230359e-01   1.0000000e+00
   2.1700000e+00   6.7963171e-01   1.0000000e+00
   2.1900000e+00   6.7695982e-01   1.0000000e+00
   2.2100000e+00   6.7428794e-01   1.0000000e+00
   2.2300000e+00   6.7179842e-01   1.0000000e+00
   2.2500000e+00   6.6949127e-01   1.0000000e+00
   2.2700000e+00   6.6685762e-01   1.0000000e+00
   2.2900000e+00   6.6406907e-01   1.0000000e+00
   2.3100000e+00   6.6112562e-01   1.0000000e+00
   2.3300000e+00   6.5895863e-01   1.0000000e+00
   2.3500000e+00   6.5627200e-01   1.0000000e+00
   2.3700000e+00   6.5306574e-01   1.0000000e+00
   2.3900000e+00   6.5029193e-01   1.0000000e+00
   2.4100000e+00   6.4772698e-01   1.0000000e+00
   2.4300000e+00   6.4537088e-01   1.0000000e+00
   2.4500000e+00   6.4323338e-01   1.0000000e+00
   2.4700000e+00   6.4105464e-01   1.0000000e+00
   2.4900000e+00   6.3883467e-01   1.0000000e+00
   2.5100000e+00   6.3616278e-01   1.0000000e+00
   2.5300000e+00   6.3374098e-01   1.0000000e+00
   2.5500000e+00   6.3156927e-01   1.0000000e+00
   2.5700000e+00   6.2981527e-01   1.0000000e+00
   2.5900000e+00   6.2800329e-01   1.0000000e+00
   2.6100000e+00   6.2613331e-01   1.0000000e+00
   2.6300000e+00   6.2399580e-01   1.0000000e+00
   2.6500000e+00   6.2184154e-01   1.0000000e+00
   2.6700000e+00   6.1967051e-01   1.0000000e+00
   2.6900000e+00   6.1699863e-01   1.0000000e+00
   2.7100000e+00   6.1477797e-01   1.0000000e+00
   2.7300000e+00   6.1300854e-01   1.0000000e+00
   2.7500000e+00   6.1173997e-01   1.0000000e+00
   2.7700000e+00   6.1046236e-01   1.0000000e+00
   2.7900000e+00   6.0917571e-01   1.0000000e+00
   2.8100000e+00   6.0767381e-01   1.0000000e+00
   2.8300000e+00   6.0638849e-01   1.0000000e+00
   2.8500000e+00   6.0531973e-01   1.0000000e+00
   2.8700000e+00   6.0425098e-01   1.0000000e+00
   2.8900000e+00   6.0338336e-01   1.0000000e+00
   2.9100000e+00   6.0271689e-01   1.0000000e+00
   2.9300000e+00   6.0218251e-01   1.0000000e+00
   2.9500000e+00   6.0164814e-01   1.0000000e+00
   2.9700000e+00   6.0111376e-01   1.0000000e+00
   2.9900000e+00   6.0057938e-01   1.0000000e+00
   3.0100000e+00   6.0004501e-01   1.0000000e+00
   3.0300000e+00   5.9951063e-01   1.0000000e+00
   3.0500000e+00   5.9850625e-01   1.0000000e+00
   3.0700000e+00   5.9746969e-01   1.0000000e+00
   3.0900000e+00   5.9640093e-01   1.0000000e+00
   3.1100000e+00   5.9533218e-01   1.0000000e+00
   3.1300000e+00   5.9426342e-01   1.0000000e+00
   3.1500000e+00   5.9319467e-01   1.0000000e+00
   3.1700000e+00   5.9212926e-01   1.0000000e+00
   3.1900000e+00   5.9132936e-01   1.0000000e+00
   3.2100000e+00   5.9079499e-01   1.0000000e+00
   3.2300000e+00   5.9068166e-01   1.0000000e+00
