   6.1000000e-01   9.9539129e-01   0.0000000e+00
   6.3000000e-01   9.8361357e-01   0.0000000e+00
   6.5000000e-01   9.6587524e-01   0.0000000e+00
   6.7000000e-01   9.4391384e-01   0.0000000e+00
   6.9000000e-01   9.1772937e-01   0.0000000e+00
   7.1000000e-01   8.9791849e-01   0.0000000e+00
   7.3000000e-01   8.7900005e-01   0.0000000e+00
   7.5000000e-01   8.6097404e-01   0.0000000e+00
   7.7000000e-01   8.4489309e-01   0.0000000e+00
   7.9000000e-01   8.3001098e-01   0.0000000e+00
   8.1000000e-01   8.1632771e-01   0.0000000e+00
   8.3000000e-01   8.0350266e-01   0.0000000e+00
   8.5000000e-01   7.9067761e-01   0.0000000e+00
   8.7000000e-01   7.7785256e-01   0.0000000e+00
   8.9000000e-01   7.6624644e-01   0.0000000e+00
   9.1000000e-01   7.5541172e-01   0.0000000e+00
   9.3000000e-01   7.4534839e-01   0.0000000e+00
   9.5000000e-01   7.3678292e-01   0.0000000e+00
   9.7000000e-01   7.2873140e-01   0.0000000e+00
   9.9000000e-01   7.2119380e-01   0.0000000e+00
   1.0100000e+00   7.1317814e-01   0.0000000e+00
   1.0300000e+00   7.0611055e-01   0.0000000e+00
   1.0500000e+00   6.9999101e-01   0.0000000e+00
   1.0700000e+00   6.9447023e-01   0.0000000e+00
   1.0900000e+00   6.8927865e-01   0.0000000e+00
   1.1100000e+00   6.8441628e-01   0.0000000e+00
   1.1300000e+00   6.8001723e-01   0.0000000e+00
   1.1500000e+00   6.7540564e-01   0.0000000e+00
   1.1700000e+00   6.7058150e-01   0.0000000e+00
   1.1900000e+00   6.6470335e-01   0.0000000e+00
   1.2100000e+00   6.5925029e-01   0.0000000e+00
   1.2300000e+00   6.5422231e-01   0.0000000e+00
   1.2500000e+00   6.4787082e-01   0.0000000e+00
   1.2700000e+00   6.4133795e-01   0.0000000e+00
   1.2900000e+00   6.3462368e-01   0.0000000e+00
   1.3100000e+00   6.2920483e-01   0.0000000e+00
   1.3300000e+00   6.2355632e-01   0.0000000e+00
   1.3500000e+00   6.1767817e-01   0.0000000e+00
   1.3700000e+00   6.1180003e-01   0.0000000e+00
   1.3900000e+00   6.0667415e-01   0.0000000e+00
   1.4100000e+00   6.0230056e-01   0.0000000e+00
   1.4300000e+00   5.9804097e-01   0.0000000e+00
   1.4500000e+00   5.9357789e-01   0.0000000e+00
   1.4700000e+00   5.8891130e-01   0.0000000e+00
   1.4900000e+00   5.8463628e-01   0.0000000e+00
   1.5100000e+00   5.8036127e-01   0.0000000e+00
   1.5300000e+00   5.7608625e-01   0.0000000e+00
   1.5500000e+00   5.7181124e-01   0.0000000e+00
   1.5700000e+00   5.6769982e-01   0.0000000e+00
   1.5900000e+00   5.6375199e-01   0.0000000e+00
   1.6100000e+00   5.6022188e-01   0.0000000e+00
   1.6300000e+00   5.5685369e-01   0.0000000e+00
   1.6500000e+00   5.5364743e-01   0.0000000e+00
   1.6700000e+00   5.5044117e-01   0.0000000e+00
   1.6900000e+00   5.4723490e-01   0.0000000e+00
   1.7100000e+00   5.4402864e-01   0.0000000e+00
   1.7300000e+00   5.4121729e-01   0.0000000e+00
   1.7500000e+00   5.3847567e-01   0.0000000e+00
   1.7700000e+00   5.3580378e-01   0.0000000e+00
   1.7900000e+00   5.3313190e-01   0.0000000e+00
   1.8100000e+00   5.3048247e-01   0.0000000e+00
   1.8300000e+00   5.2785550e-01   0.0000000e+00
   1.8500000e+00   5.2571800e-01   0.0000000e+00
   1.8700000e+00   5.2381180e-01   0.0000000e+00
   1.8900000e+00   5.2213692e-01   0.0000000e+00
   1.9100000e+00   5.2053379e-01   0.0000000e+00
   1.9300000e+00   5.1893066e-01   0.0000000e+00
   1.9500000e+00   5.1732753e-01   0.0000000e+00
   1.9700000e+00   5.1594967e-01   0.0000000e+00
   1.9900000e+00   5.1499355e-01   0.0000000e+00
   2.0100000e+00   5.1445917e-01   0.0000000e+00
   2.0300000e+00   5.1392479e-01   0.0000000e+00
   2.0500000e+00   5.1359726e-01   0.0000000e+00
   2.0700000e+00   5.1347656e-01   0.0000000e+00
   2.0900000e+00   5.1347656e-01   0.0000000e+00
   2.1100000e+00   5.1347656e-01   0.0000000e+00
   2.1300000e+00   5.1347656e-01   0.0000000e+00
   2.1500000e+00   5.1347656e-01   0.0000000e+00
   2.1700000e+00   5.1347656e-01   0.0000000e+00
   2.1900000e+00   5.1347656e-01   0.0000000e+00
   2.2100000e+00   5.1395796e-01   0.0000000e+00
   2.2300000e+00   5.1428348e-01   0.0000000e+00
   2.2500000e+00   5.1445312e-01   0.0000000e+00
   2.2700000e+00   5.1420505e-01   0.0000000e+00
   2.2900000e+00   5.1374813e-01   0.0000000e+00
   2.3100000e+00   5.1308234e-01   0.0000000e+00
   2.3300000e+00   5.1205781e-01   0.0000000e+00
   2.3500000e+00   5.1181274e-01   0.0000000e+00
   2.3700000e+00   5.1234712e-01   0.0000000e+00
   2.3900000e+00   5.1115168e-01   0.0000000e+00
   2.4100000e+00   5.1022607e-01   0.0000000e+00
   2.4300000e+00   5.0957031e-01   0.0000000e+00
   2.4500000e+00   5.0917206e-01   0.0000000e+00
   2.4700000e+00   5.0847979e-01   0.0000000e+00
   2.4900000e+00   5.0749350e-01   0.0000000e+00
   2.5100000e+00   5.0695912e-01   0.0000000e+00
   2.5300000e+00   5.0592457e-01   0.0000000e+00
   2.5500000e+00   5.0438984e-01   0.0000000e+00
   2.5700000e+00   5.0317022e-01   0.0000000e+00
   2.5900000e+00   5.0175919e-01   0.0000000e+00
   2.6100000e+00   5.0015675e-01   0.0000000e+00
   2.6300000e+00   4.9831960e-01   0.0000000e+00
   2.6500000e+00   4.9688340e-01   0.0000000e+00
   2.6700000e+00   4.9584817e-01   0.0000000e+00
   2.6900000e+00   4.9531379e-01   0.0000000e+00
   2.7100000e+00   4.9410257e-01   0.0000000e+00
   2.7300000e+00   4.9221451e-01   0.0000000e+00
   2.7500000e+00   4.9108069e-01   0.0000000e+00
   2.7700000e+00   4.9013764e-01   0.0000000e+00
   2.7900000e+00   4.8938537e-01   0.0000000e+00
   2.8100000e+00   4.8831662e-01   0.0000000e+00
   2.8300000e+00   4.8724786e-01   0.0000000e+00
   2.8500000e+00   4.8617911e-01   0.0000000e+00
   2.8700000e+00   4.8614824e-01   0.0000000e+00
   2.8900000e+00   4.8593167e-01   0.0000000e+00
   2.9100000e+00   4.8552939e-01   0.0000000e+00
   2.9300000e+00   4.8528063e-01   0.0000000e+00
   2.9500000e+00   4.8507177e-01   0.0000000e+00
   2.9700000e+00   4.8490282e-01   0.0000000e+00
   2.9900000e+00   4.8431616e-01   0.0000000e+00
   3.0100000e+00   4.8348845e-01   0.0000000e+00
   3.0300000e+00   4.8241969e-01   0.0000000e+00
   3.0500000e+00   4.8182094e-01   0.0000000e+00
   3.0700000e+00   4.8107771e-01   0.0000000e+00
   3.0900000e+00   4.8019000e-01   0.0000000e+00
   3.1100000e+00   4.7935791e-01   0.0000000e+00
   3.1300000e+00   4.7867468e-01   0.0000000e+00
   3.1500000e+00   4.7814030e-01   0.0000000e+00
   3.1700000e+00   4.7759924e-01   0.0000000e+00
   3.1900000e+00   4.7652715e-01   0.0000000e+00
   3.2100000e+00   4.7492402e-01   0.0000000e+00
   2.0700000e+00   8.3716634e-01   1.0000000e+00
   2.0900000e+00   8.3473182e-01   1.0000000e+00
   2.1100000e+00   8.3199826e-01   1.0000000e+00
   2.1300000e+00   8.2896567e-01   1.0000000e+00
   2.1500000e+00   8.2535241e-01   1.0000000e+00
   2.1700000e+00   8.2220983e-01   1.0000000e+00
   2.1900000e+00   8.1953795e-01   1.0000000e+00
   2.2100000e+00   8.1494046e-01   1.0000000e+00
   2.2300000e+00   8.1133123e-01   1.0000000e+00
   2.2500000e+00   8.0871025e-01   1.0000000e+00
