   6.0000000e-01   9.7727948e-01   0.0000000e+00
   6.2000000e-01   9.6024045e-01   0.0000000e+00
   6.4000000e-01   9.4116917e-01   0.0000000e+00
   6.6000000e-01   9.2006566e-01   0.0000000e+00
   6.8000000e-01   8.9548431e-01   0.0000000e+00
   7.0000000e-01   8.7204111e-01   0.0000000e+00
   7.2000000e-01   8.4973605e-01   0.0000000e+00
   7.4000000e-01   8.2850378e-01   0.0000000e+00
   7.6000000e-01   8.0902079e-01   0.0000000e+00
   7.8000000e-01   7.9128707e-01   0.0000000e+00
   8.0000000e-01   7.7771712e-01   0.0000000e+00
   8.2000000e-01   7.6371806e-01   0.0000000e+00
   8.4000000e-01   7.4928988e-01   0.0000000e+00
   8.6000000e-01   7.3799955e-01   0.0000000e+00
   8.8000000e-01   7.2714974e-01   0.0000000e+00
   9.0000000e-01   7.1674045e-01   0.0000000e+00
   9.2000000e-01   7.0832516e-01   0.0000000e+00
   9.4000000e-01   7.0090354e-01   0.0000000e+00
   9.6000000e-01   6.9447558e-01   0.0000000e+00
   9.8000000e-01   6.8918813e-01   0.0000000e+00
   1.0000000e+00   6.8413971e-01   0.0000000e+00
   1.0200000e+00   6.7933031e-01   0.0000000e+00
   1.0400000e+00   6.7499495e-01   0.0000000e+00
   1.0600000e+00   6.7086844e-01   0.0000000e+00
   1.0800000e+00   6.6695079e-01   0.0000000e+00
   1.1000000e+00   6.6345085e-01   0.0000000e+00
   1.1200000e+00   6.6003573e-01   0.0000000e+00
   1.1400000e+00   6.5670544e-01   0.0000000e+00
   1.1600000e+00   6.5297217e-01   0.0000000e+00
   1.1800000e+00   6.4950240e-01   0.0000000e+00
   1.2000000e+00   6.4629614e-01   0.0000000e+00
   1.2200000e+00   6.4308988e-01   0.0000000e+00
   1.2400000e+00   6.4003783e-01   0.0000000e+00
   1.2600000e+00   6.3713998e-01   0.0000000e+00
   1.2800000e+00   6.3408459e-01   0.0000000e+00
   1.3000000e+00   6.3072412e-01   0.0000000e+00
   1.3200000e+00   6.2705857e-01   0.0000000e+00
   1.3400000e+00   6.2385231e-01   0.0000000e+00
   1.3600000e+00   6.2064604e-01   0.0000000e+00
   1.3800000e+00   6.1743978e-01   0.0000000e+00
   1.4000000e+00   6.1423352e-01   0.0000000e+00
   1.4200000e+00   6.1115699e-01   0.0000000e+00
   1.4400000e+00   6.0821020e-01   0.0000000e+00
   1.4600000e+00   6.0539551e-01   0.0000000e+00
   1.4800000e+00   6.0238503e-01   0.0000000e+00
   1.5000000e+00   5.9917877e-01   0.0000000e+00
   1.5200000e+00   5.9597251e-01   0.0000000e+00
   1.5400000e+00   5.9276625e-01   0.0000000e+00
   1.5600000e+00   5.8955998e-01   0.0000000e+00
   1.5800000e+00   5.8635372e-01   0.0000000e+00
   1.6000000e+00   5.8335799e-01   0.0000000e+00
   1.6200000e+00   5.8057278e-01   0.0000000e+00
   1.6400000e+00   5.7834141e-01   0.0000000e+00
   1.6600000e+00   5.7588978e-01   0.0000000e+00
   1.6800000e+00   5.7321789e-01   0.0000000e+00
   1.7000000e+00   5.7054601e-01   0.0000000e+00
   1.7200000e+00   5.6807158e-01   0.0000000e+00
   1.7400000e+00   5.6579460e-01   0.0000000e+00
   1.7600000e+00   5.6393534e-01   0.0000000e+00
   1.7800000e+00   5.6212335e-01   0.0000000e+00
   1.8000000e+00   5.6035864e-01   0.0000000e+00
   1.8200000e+00   5.5826605e-01   0.0000000e+00
   1.8400000e+00   5.5641819e-01   0.0000000e+00
   1.8600000e+00   5.5481506e-01   0.0000000e+00
   1.8800000e+00   5.5274930e-01   0.0000000e+00
   1.9000000e+00   5.5082064e-01   0.0000000e+00
   1.9200000e+00   5.4902910e-01   0.0000000e+00
   1.9400000e+00   5.4765527e-01   0.0000000e+00
   1.9600000e+00   5.4637766e-01   0.0000000e+00
   1.9800000e+00   5.4519627e-01   0.0000000e+00
   2.0000000e+00   5.4359314e-01   0.0000000e+00
   2.0200000e+00   5.4225518e-01   0.0000000e+00
   2.0400000e+00   5.4118240e-01   0.0000000e+00
   2.0600000e+00   5.4011364e-01   0.0000000e+00
   2.0800000e+00   5.3904489e-01   0.0000000e+00
   2.1000000e+00   5.3797613e-01   0.0000000e+00
   2.1200000e+00   5.3672703e-01   0.0000000e+00
   2.1400000e+00   5.3533275e-01   0.0000000e+00
   2.1600000e+00   5.3379331e-01   0.0000000e+00
   2.1800000e+00   5.3272456e-01   0.0000000e+00
   2.2000000e+00   5.3165580e-01   0.0000000e+00
   2.2200000e+00   5.3058705e-01   0.0000000e+00
   2.2400000e+00   5.2878882e-01   0.0000000e+00
   2.2600000e+00   5.2706903e-01   0.0000000e+00
   2.2800000e+00   5.2542766e-01   0.0000000e+00
   2.3000000e+00   5.2435891e-01   0.0000000e+00
   2.3200000e+00   5.2327541e-01   0.0000000e+00
   2.3400000e+00   5.2217717e-01   0.0000000e+00
   2.3600000e+00   5.2003966e-01   0.0000000e+00
   2.3800000e+00   5.1833461e-01   0.0000000e+00
   2.4000000e+00   5.1706201e-01   0.0000000e+00
   2.4200000e+00   5.1599326e-01   0.0000000e+00
   2.4400000e+00   5.1482494e-01   0.0000000e+00
   2.4600000e+00   5.1355706e-01   0.0000000e+00
   2.4800000e+00   5.1195393e-01   0.0000000e+00
   2.5000000e+00   5.1035080e-01   0.0000000e+00
   2.5200000e+00   5.0874767e-01   0.0000000e+00
   2.5400000e+00   5.0714454e-01   0.0000000e+00
   2.5600000e+00   5.0534965e-01   0.0000000e+00
   2.5800000e+00   5.0336301e-01   0.0000000e+00
   2.6000000e+00   5.0149235e-01   0.0000000e+00
   2.6200000e+00   4.9960527e-01   0.0000000e+00
   2.6400000e+00   4.9770178e-01   0.0000000e+00
   2.6600000e+00   4.9509692e-01   0.0000000e+00
   2.6800000e+00   4.9299293e-01   0.0000000e+00
   2.7000000e+00   4.9138980e-01   0.0000000e+00
   2.7200000e+00   4.8978667e-01   0.0000000e+00
   2.7400000e+00   4.8818354e-01   0.0000000e+00
   2.7600000e+00   4.8658041e-01   0.0000000e+00
   2.7800000e+00   4.8519517e-01   0.0000000e+00
   2.8000000e+00   4.8386695e-01   0.0000000e+00
   2.8200000e+00   4.8259573e-01   0.0000000e+00
   2.8400000e+00   4.8045822e-01   0.0000000e+00
   2.8600000e+00   4.7883965e-01   0.0000000e+00
   2.8800000e+00   4.7774004e-01   0.0000000e+00
   2.9000000e+00   4.7667128e-01   0.0000000e+00
   2.9200000e+00   4.7574534e-01   0.0000000e+00
   2.9400000e+00   4.7496220e-01   0.0000000e+00
   2.9600000e+00   4.7425887e-01   0.0000000e+00
   2.9800000e+00   4.7337283e-01   0.0000000e+00
   3.0000000e+00   4.7230408e-01   0.0000000e+00
   3.0200000e+00   4.7123532e-01   0.0000000e+00
   3.0400000e+00   4.7016657e-01   0.0000000e+00
   3.0600000e+00   4.6909781e-01   0.0000000e+00
   3.0800000e+00   4.6838239e-01   0.0000000e+00
   3.1000000e+00   4.6775750e-01   0.0000000e+00
   3.1200000e+00   4.6722312e-01   0.0000000e+00
   3.1400000e+00   4.6680875e-01   0.0000000e+00
   2.2200000e+00   7.6593861e-01   1.0000000e+00
   2.2400000e+00   7.6414038e-01   1.0000000e+00
   2.2600000e+00   7.6229655e-01   1.0000000e+00
   2.2800000e+00   7.6040712e-01   1.0000000e+00
   2.3000000e+00   7.5880398e-01   1.0000000e+00
   2.3200000e+00   7.5719348e-01   1.0000000e+00
   2.3400000e+00   7.5557561e-01   1.0000000e+00
   2.3600000e+00   7.5343810e-01   1.0000000e+00
   2.3800000e+00   7.5130059e-01   1.0000000e+00
   2.4000000e+00   7.4916308e-01   1.0000000e+00
   2.4200000e+00   7.4734137e-01   1.0000000e+00
   2.4400000e+00   7.4552938e-01   1.0000000e+00
   2.4600000e+00   7.4372712e-01   1.0000000e+00
   2.4800000e+00   7.4167207e-01   1.0000000e+00
   2.5000000e+00   7.3984299e-01   1.0000000e+00
   2.5200000e+00   7.3823985e-01   1.0000000e+00
   2.5400000e+00   7.3613655e-01   1.0000000e+00
   2.5600000e+00   7.3420790e-01   1.0000000e+00
   2.5800000e+00   7.3245390e-01   1.0000000e+00
   2.6000000e+00   7.3111761e-01   1.0000000e+00
   2.6200000e+00   7.2976491e-01   1.0000000e+00
   2.6400000e+00   7.2839580e-01   1.0000000e+00
   2.6600000e+00   7.2632532e-01   1.0000000e+00
   2.6800000e+00   7.2475570e-01   1.0000000e+00
   2.7000000e+00   7.2368695e-01   1.0000000e+00
   2.7200000e+00   7.2216697e-01   1.0000000e+00
   2.7400000e+00   7.2060541e-01   1.0000000e+00
   2.7600000e+00   7.1900228e-01   1.0000000e+00
   2.7800000e+00   7.1761705e-01   1.0000000e+00
   2.8000000e+00   7.1623820e-01   1.0000000e+00
   2.8200000e+00   7.1486575e-01   1.0000000e+00
   2.8400000e+00   7.1219387e-01   1.0000000e+00
   2.8600000e+00   7.1004093e-01   1.0000000e+00
   2.8800000e+00   7.0840693e-01   1.0000000e+00
   2.9000000e+00   7.0640152e-01   1.0000000e+00
   2.9200000e+00   7.0433006e-01   1.0000000e+00
   2.9400000e+00   7.0219255e-01   1.0000000e+00
   2.9600000e+00   7.0022400e-01   1.0000000e+00
   2.9800000e+00   6.9841201e-01   1.0000000e+00
   3.0000000e+00   6.9675659e-01   1.0000000e+00
   3.0200000e+00   6.9461908e-01   1.0000000e+00
   3.0400000e+00   6.9271657e-01   1.0000000e+00
   3.0600000e+00   6.9104906e-01   1.0000000e+00
   3.0800000e+00   6.8944593e-01   1.0000000e+00
   3.1000000e+00   6.8796114e-01   1.0000000e+00
   3.1200000e+00   6.8659468e-01   1.0000000e+00
   3.1400000e+00   6.8552592e-01   1.0000000e+00
   3.1600000e+00   6.8445717e-01   1.0000000e+00
   3.1800000e+00   6.8338841e-01   1.0000000e+00
   3.2000000e+00   6.8231966e-01   1.0000000e+00
   3.2200000e+00   6.8104038e-01   1.0000000e+00
   3.2400000e+00   6.7955057e-01   1.0000000e+00
   3.2600000e+00   6.7794744e-01   1.0000000e+00
   3.2800000e+00   6.7625045e-01   1.0000000e+00
   3.3000000e+00   6.7445959e-01   1.0000000e+00
   3.3200000e+00   6.7232208e-01   1.0000000e+00
   3.3400000e+00   6.7018458e-01   1.0000000e+00
   3.3600000e+00   6.6804707e-01   1.0000000e+00
   3.3800000e+00   6.6590956e-01   1.0000000e+00
   3.4000000e+00   6.6377205e-01   1.0000000e+00
   3.4200000e+00   6.6163454e-01   1.0000000e+00
   3.4400000e+00   6.5975248e-01   1.0000000e+00
   3.4600000e+00   6.5807927e-01   1.0000000e+00
   3.4800000e+00   6.5661492e-01   1.0000000e+00
   3.5000000e+00   6.5554616e-01   1.0000000e+00
   3.5200000e+00   6.5447741e-01   1.0000000e+00
   3.5400000e+00   6.5340865e-01   1.0000000e+00
   3.5600000e+00   6.5233990e-01   1.0000000e+00
   3.5800000e+00   6.5159431e-01   1.0000000e+00
   3.6000000e+00   6.5117187e-01   1.0000000e+00
   3.6200000e+00   6.5096538e-01   1.0000000e+00
   3.6400000e+00   6.5059494e-01   1.0000000e+00
   3.6600000e+00   6.5006056e-01   1.0000000e+00
   3.6800000e+00   6.4952619e-01   1.0000000e+00
