   6.1000000e-01   9.6220763e-01   0.0000000e+00
   6.3000000e-01   9.4753206e-01   0.0000000e+00
   6.5000000e-01   9.2750605e-01   0.0000000e+00
   6.7000000e-01   9.0226330e-01   0.0000000e+00
   6.9000000e-01   8.7180380e-01   0.0000000e+00
   7.1000000e-01   8.4544163e-01   0.0000000e+00
   7.3000000e-01   8.1994338e-01   0.0000000e+00
   7.5000000e-01   7.9530906e-01   0.0000000e+00
   7.7000000e-01   7.7703222e-01   0.0000000e+00
   7.9000000e-01   7.6186985e-01   0.0000000e+00
   8.1000000e-01   7.4982194e-01   0.0000000e+00
   8.3000000e-01   7.3005000e-01   0.0000000e+00
   8.5000000e-01   7.1289292e-01   0.0000000e+00
   8.7000000e-01   6.9835073e-01   0.0000000e+00
   8.9000000e-01   6.8636042e-01   0.0000000e+00
   9.1000000e-01   6.7576806e-01   0.0000000e+00
   9.3000000e-01   6.6657367e-01   0.0000000e+00
   9.5000000e-01   6.5961134e-01   0.0000000e+00
   9.7000000e-01   6.5313478e-01   0.0000000e+00
   9.9000000e-01   6.4714400e-01   0.0000000e+00
   1.0100000e+00   6.4019710e-01   0.0000000e+00
   1.0300000e+00   6.3396124e-01   0.0000000e+00
   1.0500000e+00   6.2843643e-01   0.0000000e+00
   1.0700000e+00   6.2345002e-01   0.0000000e+00
   1.0900000e+00   6.1855213e-01   0.0000000e+00
   1.1100000e+00   6.1374273e-01   0.0000000e+00
   1.1300000e+00   6.0905737e-01   0.0000000e+00
   1.1500000e+00   6.0457350e-01   0.0000000e+00
   1.1700000e+00   6.0029111e-01   0.0000000e+00
   1.1900000e+00   5.9548172e-01   0.0000000e+00
   1.2100000e+00   5.9109741e-01   0.0000000e+00
   1.2300000e+00   5.8713819e-01   0.0000000e+00
   1.2500000e+00   5.8308913e-01   0.0000000e+00
   1.2700000e+00   5.7902297e-01   0.0000000e+00
   1.2900000e+00   5.7493971e-01   0.0000000e+00
   1.3100000e+00   5.7112398e-01   0.0000000e+00
   1.3300000e+00   5.6707860e-01   0.0000000e+00
   1.3500000e+00   5.6280359e-01   0.0000000e+00
   1.3700000e+00   5.5902137e-01   0.0000000e+00
   1.3900000e+00   5.5507188e-01   0.0000000e+00
   1.4100000e+00   5.5095510e-01   0.0000000e+00
   1.4300000e+00   5.4719903e-01   0.0000000e+00
   1.4500000e+00   5.4371786e-01   0.0000000e+00
   1.4700000e+00   5.4051160e-01   0.0000000e+00
   1.4900000e+00   5.3730534e-01   0.0000000e+00
   1.5100000e+00   5.3409908e-01   0.0000000e+00
   1.5300000e+00   5.3089281e-01   0.0000000e+00
   1.5500000e+00   5.2813041e-01   0.0000000e+00
   1.5700000e+00   5.2541326e-01   0.0000000e+00
   1.5900000e+00   5.2274138e-01   0.0000000e+00
   1.6100000e+00   5.2028002e-01   0.0000000e+00
   1.6300000e+00   5.1802752e-01   0.0000000e+00
   1.6500000e+00   5.1598387e-01   0.0000000e+00
   1.6700000e+00   5.1438074e-01   0.0000000e+00
   1.6900000e+00   5.1252182e-01   0.0000000e+00
   1.7100000e+00   5.1040712e-01   0.0000000e+00
   1.7300000e+00   5.0866452e-01   0.0000000e+00
   1.7500000e+00   5.0699165e-01   0.0000000e+00
   1.7700000e+00   5.0538852e-01   0.0000000e+00
   1.7900000e+00   5.0378539e-01   0.0000000e+00
   1.8100000e+00   5.0218226e-01   0.0000000e+00
   1.8300000e+00   5.0057913e-01   0.0000000e+00
   1.8500000e+00   4.9897600e-01   0.0000000e+00
   1.8700000e+00   4.9737287e-01   0.0000000e+00
   1.8900000e+00   4.9576974e-01   0.0000000e+00
   1.9100000e+00   4.9382064e-01   0.0000000e+00
   1.9300000e+00   4.9200664e-01   0.0000000e+00
   1.9500000e+00   4.9032773e-01   0.0000000e+00
   1.9700000e+00   4.8914634e-01   0.0000000e+00
   1.9900000e+00   4.8775408e-01   0.0000000e+00
   2.0100000e+00   4.8615095e-01   0.0000000e+00
   2.0300000e+00   4.8454782e-01   0.0000000e+00
   2.0500000e+00   4.8315153e-01   0.0000000e+00
   2.0700000e+00   4.8196208e-01   0.0000000e+00
   2.0900000e+00   4.8089332e-01   0.0000000e+00
   2.1100000e+00   4.7973439e-01   0.0000000e+00
   2.1300000e+00   4.7848529e-01   0.0000000e+00
   2.1500000e+00   4.7688216e-01   0.0000000e+00
   2.1700000e+00   4.7527902e-01   0.0000000e+00
   2.1900000e+00   4.7367589e-01   0.0000000e+00
   2.2100000e+00   4.7255416e-01   0.0000000e+00
   2.2300000e+00   4.7145892e-01   0.0000000e+00
   2.2500000e+00   4.7039017e-01   0.0000000e+00
   2.2700000e+00   4.6907334e-01   0.0000000e+00
   2.2900000e+00   4.6767907e-01   0.0000000e+00
   2.3100000e+00   4.6620734e-01   0.0000000e+00
   2.3300000e+00   4.6513859e-01   0.0000000e+00
   2.3500000e+00   4.6406983e-01   0.0000000e+00
   2.3700000e+00   4.6300108e-01   0.0000000e+00
   2.3900000e+00   4.6149987e-01   0.0000000e+00
   2.4100000e+00   4.5994770e-01   0.0000000e+00
   2.4300000e+00   4.5834457e-01   0.0000000e+00
   2.4500000e+00   4.5713969e-01   0.0000000e+00
   2.4700000e+00   4.5618760e-01   0.0000000e+00
   2.4900000e+00   4.5548830e-01   0.0000000e+00
   2.5100000e+00   4.5388517e-01   0.0000000e+00
   2.5300000e+00   4.5278221e-01   0.0000000e+00
   2.5500000e+00   4.5217943e-01   0.0000000e+00
   2.5700000e+00   4.5126154e-01   0.0000000e+00
   2.5900000e+00   4.5026822e-01   0.0000000e+00
   2.6100000e+00   4.4919947e-01   0.0000000e+00
   2.6300000e+00   4.4783036e-01   0.0000000e+00
   2.6500000e+00   4.4612732e-01   0.0000000e+00
   2.6700000e+00   4.4409035e-01   0.0000000e+00
   2.6900000e+00   4.4355598e-01   0.0000000e+00
   2.7100000e+00   4.4279599e-01   0.0000000e+00
   2.7300000e+00   4.4181038e-01   0.0000000e+00
   2.7500000e+00   4.4074163e-01   0.0000000e+00
   2.7700000e+00   4.3967287e-01   0.0000000e+00
   2.7900000e+00   4.3860412e-01   0.0000000e+00
   2.8100000e+00   4.3753537e-01   0.0000000e+00
   2.8300000e+00   4.3646661e-01   0.0000000e+00
   2.8500000e+00   4.3539786e-01   0.0000000e+00
   2.8700000e+00   4.3536699e-01   0.0000000e+00
   2.8900000e+00   4.3474814e-01   0.0000000e+00
   2.9100000e+00   4.3354130e-01   0.0000000e+00
   2.9300000e+00   4.3250940e-01   0.0000000e+00
   2.9500000e+00   4.3172626e-01   0.0000000e+00
   2.9700000e+00   4.3119188e-01   0.0000000e+00
   2.0000000e+00   7.3738261e-01   1.0000000e+00
   2.0200000e+00   7.3658306e-01   1.0000000e+00
   2.0400000e+00   7.3551833e-01   1.0000000e+00
   2.0600000e+00   7.3403590e-01   1.0000000e+00
   2.0800000e+00   7.3249311e-01   1.0000000e+00
   2.1000000e+00   7.3088998e-01   1.0000000e+00
   2.1200000e+00   7.2928685e-01   1.0000000e+00
   2.1400000e+00   7.2762003e-01   1.0000000e+00
   2.1600000e+00   7.2588952e-01   1.0000000e+00
   2.1800000e+00   7.2321764e-01   1.0000000e+00
   2.2000000e+00   7.2102715e-01   1.0000000e+00
   2.2200000e+00   7.1931807e-01   1.0000000e+00
   2.2400000e+00   7.1735020e-01   1.0000000e+00
   2.2600000e+00   7.1517348e-01   1.0000000e+00
   2.2800000e+00   7.1278790e-01   1.0000000e+00
   2.3000000e+00   7.0998461e-01   1.0000000e+00
   2.3200000e+00   7.0699457e-01   1.0000000e+00
   2.3400000e+00   7.0381780e-01   1.0000000e+00
   2.3600000e+00   7.0168029e-01   1.0000000e+00
   2.3800000e+00   6.9932655e-01   1.0000000e+00
   2.4000000e+00   6.9675659e-01   1.0000000e+00
   2.4200000e+00   6.9440049e-01   1.0000000e+00
   2.4400000e+00   6.9215369e-01   1.0000000e+00
   2.4600000e+00   6.9001618e-01   1.0000000e+00
   2.4800000e+00   6.8796114e-01   1.0000000e+00
   2.5000000e+00   6.8613205e-01   1.0000000e+00
   2.5200000e+00   6.8452892e-01   1.0000000e+00
   2.5400000e+00   6.8242561e-01   1.0000000e+00
   2.5600000e+00   6.8049696e-01   1.0000000e+00
   2.5800000e+00   6.7874296e-01   1.0000000e+00
   2.6000000e+00   6.7687299e-01   1.0000000e+00
   2.6200000e+00   6.7486924e-01   1.0000000e+00
   2.6400000e+00   6.7273174e-01   1.0000000e+00
   2.6600000e+00   6.7062774e-01   1.0000000e+00
   2.6800000e+00   6.6877418e-01   1.0000000e+00
   2.7000000e+00   6.6717105e-01   1.0000000e+00
   2.7200000e+00   6.6556792e-01   1.0000000e+00
   2.7400000e+00   6.6396479e-01   1.0000000e+00
   2.7600000e+00   6.6236166e-01   1.0000000e+00
   2.7800000e+00   6.6075852e-01   1.0000000e+00
   2.8000000e+00   6.5915539e-01   1.0000000e+00
   2.8200000e+00   6.5755226e-01   1.0000000e+00
   2.8400000e+00   6.5594913e-01   1.0000000e+00
   2.8600000e+00   6.5460547e-01   1.0000000e+00
   2.8800000e+00   6.5352129e-01   1.0000000e+00
   2.9000000e+00   6.5205025e-01   1.0000000e+00
   2.9200000e+00   6.5051317e-01   1.0000000e+00
   2.9400000e+00   6.4891004e-01   1.0000000e+00
   2.9600000e+00   6.4696900e-01   1.0000000e+00
   2.9800000e+00   6.4471483e-01   1.0000000e+00
   3.0000000e+00   6.4214752e-01   1.0000000e+00
   3.0200000e+00   6.4054439e-01   1.0000000e+00
   3.0400000e+00   6.3870626e-01   1.0000000e+00
   3.0600000e+00   6.3663313e-01   1.0000000e+00
   3.0800000e+00   6.3520229e-01   1.0000000e+00
   3.1000000e+00   6.3383416e-01   1.0000000e+00
   3.1200000e+00   6.3252873e-01   1.0000000e+00
   3.1400000e+00   6.3092560e-01   1.0000000e+00
   3.1600000e+00   6.2932581e-01   1.0000000e+00
   3.1800000e+00   6.2772936e-01   1.0000000e+00
   3.2000000e+00   6.2719499e-01   1.0000000e+00
   3.2200000e+00   6.2602903e-01   1.0000000e+00
   3.2400000e+00   6.2423149e-01   1.0000000e+00
   3.2600000e+00   6.2270276e-01   1.0000000e+00
   3.2800000e+00   6.2149788e-01   1.0000000e+00
   3.3000000e+00   6.2061685e-01   1.0000000e+00
   3.3200000e+00   6.1994035e-01   1.0000000e+00
   3.3400000e+00   6.1880054e-01   1.0000000e+00
   3.3600000e+00   6.1719741e-01   1.0000000e+00
   3.3800000e+00   6.1608305e-01   1.0000000e+00
   3.4000000e+00   6.1480544e-01   1.0000000e+00
   3.4200000e+00   6.1336458e-01   1.0000000e+00
   3.4400000e+00   6.1227233e-01   1.0000000e+00
   3.4600000e+00   6.1138963e-01   1.0000000e+00
   3.4800000e+00   6.1071648e-01   1.0000000e+00
   3.5000000e+00   6.0964772e-01   1.0000000e+00
   3.5200000e+00   6.0857897e-01   1.0000000e+00
   3.5400000e+00   6.0751022e-01   1.0000000e+00
   3.5600000e+00   6.0688129e-01   1.0000000e+00
