   6.1000000e-01   9.8861737e-01   0.0000000e+00
   6.3000000e-01   9.7729157e-01   0.0000000e+00
   6.5000000e-01   9.5870975e-01   0.0000000e+00
   6.7000000e-01   9.3739536e-01   0.0000000e+00
   6.9000000e-01   9.1334840e-01   0.0000000e+00
   7.1000000e-01   8.9385400e-01   0.0000000e+00
   7.3000000e-01   8.7509380e-01   0.0000000e+00
   7.5000000e-01   8.5706779e-01   0.0000000e+00
   7.7000000e-01   8.4120877e-01   0.0000000e+00
   7.9000000e-01   8.2659955e-01   0.0000000e+00
   8.1000000e-01   8.1324012e-01   0.0000000e+00
   8.3000000e-01   7.9988070e-01   0.0000000e+00
   8.5000000e-01   7.8678276e-01   0.0000000e+00
   8.7000000e-01   7.7394631e-01   0.0000000e+00
   8.9000000e-01   7.6274651e-01   0.0000000e+00
   9.1000000e-01   7.5252695e-01   0.0000000e+00
   9.3000000e-01   7.4328764e-01   0.0000000e+00
   9.5000000e-01   7.3492602e-01   0.0000000e+00
   9.7000000e-01   7.2631564e-01   0.0000000e+00
   9.9000000e-01   7.1745650e-01   0.0000000e+00
   1.0100000e+00   7.1050960e-01   0.0000000e+00
   1.0300000e+00   7.0356270e-01   0.0000000e+00
   1.0500000e+00   6.9661580e-01   0.0000000e+00
   1.0700000e+00   6.9074099e-01   0.0000000e+00
   1.0900000e+00   6.8537240e-01   0.0000000e+00
   1.1100000e+00   6.8051003e-01   0.0000000e+00
   1.1300000e+00   6.7598694e-01   0.0000000e+00
   1.1500000e+00   6.7105352e-01   0.0000000e+00
   1.1700000e+00   6.6570975e-01   0.0000000e+00
   1.1900000e+00   6.6036597e-01   0.0000000e+00
   1.2100000e+00   6.5544729e-01   0.0000000e+00
   1.2300000e+00   6.5095368e-01   0.0000000e+00
   1.2500000e+00   6.4575341e-01   0.0000000e+00
   1.2700000e+00   6.4050183e-01   0.0000000e+00
   1.2900000e+00   6.3519895e-01   0.0000000e+00
   1.3100000e+00   6.3077375e-01   0.0000000e+00
   1.3300000e+00   6.2588927e-01   0.0000000e+00
   1.3500000e+00   6.2054550e-01   0.0000000e+00
   1.3700000e+00   6.1520173e-01   0.0000000e+00
   1.3900000e+00   6.1023410e-01   0.0000000e+00
   1.4100000e+00   6.0564260e-01   0.0000000e+00
   1.4300000e+00   6.0110811e-01   0.0000000e+00
   1.4500000e+00   5.9643617e-01   0.0000000e+00
   1.4700000e+00   5.9162678e-01   0.0000000e+00
   1.4900000e+00   5.8681738e-01   0.0000000e+00
   1.5100000e+00   5.8200799e-01   0.0000000e+00
   1.5300000e+00   5.7719860e-01   0.0000000e+00
   1.5500000e+00   5.7327691e-01   0.0000000e+00
   1.5700000e+00   5.6928216e-01   0.0000000e+00
   1.5900000e+00   5.6521433e-01   0.0000000e+00
   1.6100000e+00   5.6157089e-01   0.0000000e+00
   1.6300000e+00   5.5836630e-01   0.0000000e+00
   1.6500000e+00   5.5560055e-01   0.0000000e+00
   1.6700000e+00   5.5239429e-01   0.0000000e+00
   1.6900000e+00   5.4918803e-01   0.0000000e+00
   1.7100000e+00   5.4598177e-01   0.0000000e+00
   1.7300000e+00   5.4356532e-01   0.0000000e+00
   1.7500000e+00   5.4114923e-01   0.0000000e+00
   1.7700000e+00   5.3873347e-01   0.0000000e+00
   1.7900000e+00   5.3606159e-01   0.0000000e+00
   1.8100000e+00   5.3341216e-01   0.0000000e+00
   1.8300000e+00   5.3078519e-01   0.0000000e+00
   1.8500000e+00   5.2864768e-01   0.0000000e+00
   1.8700000e+00   5.2697280e-01   0.0000000e+00
   1.8900000e+00   5.2576055e-01   0.0000000e+00
   1.9100000e+00   5.2434583e-01   0.0000000e+00
   1.9300000e+00   5.2283691e-01   0.0000000e+00
   1.9500000e+00   5.2123378e-01   0.0000000e+00
   1.9700000e+00   5.1974328e-01   0.0000000e+00
   1.9900000e+00   5.1846366e-01   0.0000000e+00
   2.0100000e+00   5.1739490e-01   0.0000000e+00
   2.0300000e+00   5.1632615e-01   0.0000000e+00
   2.0500000e+00   5.1546424e-01   0.0000000e+00
   2.0700000e+00   5.1480916e-01   0.0000000e+00
   2.0900000e+00   5.1457180e-01   0.0000000e+00
   2.1100000e+00   5.1445312e-01   0.0000000e+00
   2.1300000e+00   5.1445312e-01   0.0000000e+00
   2.1500000e+00   5.1445312e-01   0.0000000e+00
   2.1700000e+00   5.1445312e-01   0.0000000e+00
   2.1900000e+00   5.1445312e-01   0.0000000e+00
   2.2100000e+00   5.1445312e-01   0.0000000e+00
   2.2300000e+00   5.1445312e-01   0.0000000e+00
   2.2500000e+00   5.1445312e-01   0.0000000e+00
   2.2700000e+00   5.1445312e-01   0.0000000e+00
   2.2900000e+00   5.1438742e-01   0.0000000e+00
   2.3100000e+00   5.1425602e-01   0.0000000e+00
   2.3300000e+00   5.1373638e-01   0.0000000e+00
   2.3500000e+00   5.1347656e-01   0.0000000e+00
   2.3700000e+00   5.1347656e-01   0.0000000e+00
   2.3900000e+00   5.1304411e-01   0.0000000e+00
   2.4100000e+00   5.1256069e-01   0.0000000e+00
   2.4300000e+00   5.1202631e-01   0.0000000e+00
   2.4500000e+00   5.1149194e-01   0.0000000e+00
   2.4700000e+00   5.1095756e-01   0.0000000e+00
   2.4900000e+00   5.1042318e-01   0.0000000e+00
   2.5100000e+00   5.0988881e-01   0.0000000e+00
   2.5300000e+00   5.0935443e-01   0.0000000e+00
   2.5500000e+00   5.0882005e-01   0.0000000e+00
   2.5700000e+00   5.0828568e-01   0.0000000e+00
   2.5900000e+00   5.0775130e-01   0.0000000e+00
   2.6100000e+00   5.0721692e-01   0.0000000e+00
   2.6300000e+00   5.0668254e-01   0.0000000e+00
   2.6500000e+00   5.0614817e-01   0.0000000e+00
   2.6700000e+00   5.0561379e-01   0.0000000e+00
   2.6900000e+00   5.0507941e-01   0.0000000e+00
   2.7100000e+00   5.0454504e-01   0.0000000e+00
   2.7300000e+00   5.0401066e-01   0.0000000e+00
   2.7500000e+00   5.0314172e-01   0.0000000e+00
   2.7700000e+00   5.0228182e-01   0.0000000e+00
   2.7900000e+00   5.0143097e-01   0.0000000e+00
   2.8100000e+00   5.0089659e-01   0.0000000e+00
   2.8300000e+00   5.0036221e-01   0.0000000e+00
   2.8500000e+00   4.9982783e-01   0.0000000e+00
   2.8700000e+00   4.9880334e-01   0.0000000e+00
   2.8900000e+00   4.9777156e-01   0.0000000e+00
   2.9100000e+00   4.9673250e-01   0.0000000e+00
   2.9300000e+00   4.9569343e-01   0.0000000e+00
   2.9500000e+00   4.9465436e-01   0.0000000e+00
   2.9700000e+00   4.9361530e-01   0.0000000e+00
   2.9900000e+00   4.9257623e-01   0.0000000e+00
   3.0100000e+00   4.9153716e-01   0.0000000e+00
   3.0300000e+00   4.9049810e-01   0.0000000e+00
   3.0500000e+00   4.8945903e-01   0.0000000e+00
   3.0700000e+00   4.8841996e-01   0.0000000e+00
   3.0900000e+00   4.8738090e-01   0.0000000e+00
   3.1100000e+00   4.8634183e-01   0.0000000e+00
   3.1300000e+00   4.8530277e-01   0.0000000e+00
   3.1500000e+00   4.8426370e-01   0.0000000e+00
   3.1700000e+00   4.8322463e-01   0.0000000e+00
   3.1900000e+00   4.8218557e-01   0.0000000e+00
   3.2100000e+00   4.8114650e-01   0.0000000e+00
   3.2300000e+00   4.8010743e-01   0.0000000e+00
   3.2500000e+00   4.7906837e-01   0.0000000e+00
   3.2700000e+00   4.7802930e-01   0.0000000e+00
   3.2900000e+00   4.7699023e-01   0.0000000e+00
   3.3100000e+00   4.7595117e-01   0.0000000e+00
   3.3300000e+00   4.7491210e-01   0.0000000e+00
   3.3500000e+00   4.7387303e-01   0.0000000e+00
   3.3700000e+00   4.7283397e-01   0.0000000e+00
   3.3900000e+00   4.7179490e-01   0.0000000e+00
   3.4100000e+00   4.7075583e-01   0.0000000e+00
   3.4300000e+00   4.6971677e-01   0.0000000e+00
   3.4500000e+00   4.6867770e-01   0.0000000e+00
   3.4700000e+00   4.6763864e-01   0.0000000e+00
   3.4900000e+00   4.6656578e-01   0.0000000e+00
   3.5100000e+00   4.6545915e-01   0.0000000e+00
   3.5300000e+00   4.6278726e-01   0.0000000e+00
   3.5500000e+00   4.6077512e-01   0.0000000e+00
   3.5700000e+00   4.5942271e-01   0.0000000e+00
   2.0400000e+00   8.3805740e-01   1.0000000e+00
   2.0600000e+00   8.3657496e-01   1.0000000e+00
   2.0800000e+00   8.3458665e-01   1.0000000e+00
   2.1000000e+00   8.3209247e-01   1.0000000e+00
   2.1200000e+00   8.2906656e-01   1.0000000e+00
   2.1400000e+00   8.2621766e-01   1.0000000e+00
   2.1600000e+00   8.2354577e-01   1.0000000e+00
   2.1800000e+00   8.2087389e-01   1.0000000e+00
   2.2000000e+00   8.1820200e-01   1.0000000e+00
   2.2200000e+00   8.1553012e-01   1.0000000e+00
   2.2400000e+00   8.1249350e-01   1.0000000e+00
   2.2600000e+00   8.0937206e-01   1.0000000e+00
   2.2800000e+00   8.0616579e-01   1.0000000e+00
   2.3000000e+00   8.0269672e-01   1.0000000e+00
   2.3200000e+00   7.9883941e-01   1.0000000e+00
   2.3400000e+00   7.9459388e-01   1.0000000e+00
   2.3600000e+00   7.9138762e-01   1.0000000e+00
   2.3800000e+00   7.8818136e-01   1.0000000e+00
   2.4000000e+00   7.8497509e-01   1.0000000e+00
   2.4200000e+00   7.8082146e-01   1.0000000e+00
   2.4400000e+00   7.7653907e-01   1.0000000e+00
   2.4600000e+00   7.7212793e-01   1.0000000e+00
   2.4800000e+00   7.6846975e-01   1.0000000e+00
   2.5000000e+00   7.6503753e-01   1.0000000e+00
   2.5200000e+00   7.6183127e-01   1.0000000e+00
   2.5400000e+00   7.6012553e-01   1.0000000e+00
   2.5600000e+00   7.5866285e-01   1.0000000e+00
   2.5800000e+00   7.5744322e-01   1.0000000e+00
