   6.0000000e-01   9.7459216e-01   0.0000000e+00
   6.2000000e-01   9.5915626e-01   0.0000000e+00
   6.4000000e-01   9.4153794e-01   0.0000000e+00
   6.6000000e-01   9.2173719e-01   0.0000000e+00
   6.8000000e-01   8.9448397e-01   0.0000000e+00
   7.0000000e-01   8.7064517e-01   0.0000000e+00
   7.2000000e-01   8.5022080e-01   0.0000000e+00
   7.4000000e-01   8.3267619e-01   0.0000000e+00
   7.6000000e-01   8.1650875e-01   0.0000000e+00
   7.8000000e-01   8.0171848e-01   0.0000000e+00
   8.0000000e-01   7.8921729e-01   0.0000000e+00
   8.2000000e-01   7.7628697e-01   0.0000000e+00
   8.4000000e-01   7.6292755e-01   0.0000000e+00
   8.6000000e-01   7.5166002e-01   0.0000000e+00
   8.8000000e-01   7.4143108e-01   0.0000000e+00
   9.0000000e-01   7.3224072e-01   0.0000000e+00
   9.2000000e-01   7.2455963e-01   0.0000000e+00
   9.4000000e-01   7.1733212e-01   0.0000000e+00
   9.6000000e-01   7.1055820e-01   0.0000000e+00
   9.8000000e-01   7.0431463e-01   0.0000000e+00
   1.0000000e+00   6.9878815e-01   0.0000000e+00
   1.0200000e+00   6.9397875e-01   0.0000000e+00
   1.0400000e+00   6.8916936e-01   0.0000000e+00
   1.0600000e+00   6.8418128e-01   0.0000000e+00
   1.0800000e+00   6.7901452e-01   0.0000000e+00
   1.1000000e+00   6.7415215e-01   0.0000000e+00
   1.1200000e+00   6.6958346e-01   0.0000000e+00
   1.1400000e+00   6.6530844e-01   0.0000000e+00
   1.1600000e+00   6.6103343e-01   0.0000000e+00
   1.1800000e+00   6.5675841e-01   0.0000000e+00
   1.2000000e+00   6.5248340e-01   0.0000000e+00
   1.2200000e+00   6.4820838e-01   0.0000000e+00
   1.2400000e+00   6.4408757e-01   0.0000000e+00
   1.2600000e+00   6.4012098e-01   0.0000000e+00
   1.2800000e+00   6.3638034e-01   0.0000000e+00
   1.3000000e+00   6.3260215e-01   0.0000000e+00
   1.3200000e+00   6.2878642e-01   0.0000000e+00
   1.3400000e+00   6.2451141e-01   0.0000000e+00
   1.3600000e+00   6.2048279e-01   0.0000000e+00
   1.3800000e+00   6.1670058e-01   0.0000000e+00
   1.4000000e+00   6.1295994e-01   0.0000000e+00
   1.4200000e+00   6.0947877e-01   0.0000000e+00
   1.4400000e+00   6.0625708e-01   0.0000000e+00
   1.4600000e+00   6.0344239e-01   0.0000000e+00
   1.4800000e+00   6.0047112e-01   0.0000000e+00
   1.5000000e+00   5.9734329e-01   0.0000000e+00
   1.5200000e+00   5.9574016e-01   0.0000000e+00
   1.5400000e+00   5.9413703e-01   0.0000000e+00
   1.5600000e+00   5.9253390e-01   0.0000000e+00
   1.5800000e+00   5.9027638e-01   0.0000000e+00
   1.6000000e+00   5.8591694e-01   0.0000000e+00
   1.6200000e+00   5.7945558e-01   0.0000000e+00
   1.6400000e+00   5.6913601e-01   0.0000000e+00
   1.6600000e+00   5.6344185e-01   0.0000000e+00
   1.6800000e+00   5.6237309e-01   0.0000000e+00
   1.7000000e+00   5.6079277e-01   0.0000000e+00
   1.7200000e+00   5.5900358e-01   0.0000000e+00
   1.7400000e+00   5.5700554e-01   0.0000000e+00
   1.7600000e+00   5.5458979e-01   0.0000000e+00
   1.7800000e+00   5.5212676e-01   0.0000000e+00
   1.8000000e+00   5.4961645e-01   0.0000000e+00
   1.8200000e+00   5.4752386e-01   0.0000000e+00
   1.8400000e+00   5.4567600e-01   0.0000000e+00
   1.8600000e+00   5.4407287e-01   0.0000000e+00
   1.8800000e+00   5.4246974e-01   0.0000000e+00
   1.9000000e+00   5.4086661e-01   0.0000000e+00
   1.9200000e+00   5.3926347e-01   0.0000000e+00
   1.9400000e+00   5.3766034e-01   0.0000000e+00
   1.9600000e+00   5.3616985e-01   0.0000000e+00
   1.9800000e+00   5.3479199e-01   0.0000000e+00
   2.0000000e+00   5.3425761e-01   0.0000000e+00
   2.0200000e+00   5.3372323e-01   0.0000000e+00
   2.0400000e+00   5.3318886e-01   0.0000000e+00
   2.0600000e+00   5.3306816e-01   0.0000000e+00
   2.0800000e+00   5.3300781e-01   0.0000000e+00
   2.1000000e+00   5.3300781e-01   0.0000000e+00
   2.1200000e+00   5.3318817e-01   0.0000000e+00
   2.1400000e+00   5.3354553e-01   0.0000000e+00
   2.1600000e+00   5.3407991e-01   0.0000000e+00
   2.1800000e+00   5.3461428e-01   0.0000000e+00
   2.2000000e+00   5.3490796e-01   0.0000000e+00
   2.2200000e+00   5.3496094e-01   0.0000000e+00
   2.2400000e+00   5.3496094e-01   0.0000000e+00
   2.2600000e+00   5.3496094e-01   0.0000000e+00
   2.2800000e+00   5.3496094e-01   0.0000000e+00
   2.3000000e+00   5.3482953e-01   0.0000000e+00
   2.3200000e+00   5.3449664e-01   0.0000000e+00
   2.3400000e+00   5.3396226e-01   0.0000000e+00
   2.3600000e+00   5.3342788e-01   0.0000000e+00
   2.3800000e+00   5.3289351e-01   0.0000000e+00
   2.4000000e+00   5.3235913e-01   0.0000000e+00
   2.4200000e+00   5.3150896e-01   0.0000000e+00
   2.4400000e+00   5.3054950e-01   0.0000000e+00
   2.4600000e+00   5.2948075e-01   0.0000000e+00
   2.0400000e+00   8.1718750e-01   1.0000000e+00
   2.0600000e+00   8.1594645e-01   1.0000000e+00
   2.0800000e+00   8.1366301e-01   1.0000000e+00
   2.1000000e+00   8.1033718e-01   1.0000000e+00
   2.1200000e+00   8.0563466e-01   1.0000000e+00
   2.1400000e+00   8.0093214e-01   1.0000000e+00
   2.1600000e+00   7.9622963e-01   1.0000000e+00
   2.1800000e+00   7.9152711e-01   1.0000000e+00
   2.2000000e+00   7.8682459e-01   1.0000000e+00
   2.2200000e+00   7.8212207e-01   1.0000000e+00
   2.2400000e+00   7.7741955e-01   1.0000000e+00
   2.2600000e+00   7.7331241e-01   1.0000000e+00
   2.2800000e+00   7.6980063e-01   1.0000000e+00
   2.3000000e+00   7.6779453e-01   1.0000000e+00
   2.3200000e+00   7.6597517e-01   1.0000000e+00
   2.3400000e+00   7.6434256e-01   1.0000000e+00
   2.3600000e+00   7.6167067e-01   1.0000000e+00
   2.3800000e+00   7.5899879e-01   1.0000000e+00
   2.4000000e+00   7.5632690e-01   1.0000000e+00
   2.4200000e+00   7.5333923e-01   1.0000000e+00
   2.4400000e+00   7.5024226e-01   1.0000000e+00
   2.4600000e+00   7.4703600e-01   1.0000000e+00
   2.4800000e+00   7.4391219e-01   1.0000000e+00
   2.5000000e+00   7.4101435e-01   1.0000000e+00
   2.5200000e+00   7.3834247e-01   1.0000000e+00
   2.5400000e+00   7.3567058e-01   1.0000000e+00
   2.5600000e+00   7.3338220e-01   1.0000000e+00
   2.5800000e+00   7.3147734e-01   1.0000000e+00
   2.6000000e+00   7.2987420e-01   1.0000000e+00
   2.6200000e+00   7.2834616e-01   1.0000000e+00
   2.6400000e+00   7.2689321e-01   1.0000000e+00
   2.6600000e+00   7.2579094e-01   1.0000000e+00
   2.6800000e+00   7.2443824e-01   1.0000000e+00
   2.7000000e+00   7.2283511e-01   1.0000000e+00
   2.7200000e+00   7.2213444e-01   1.0000000e+00
   2.7400000e+00   7.2118235e-01   1.0000000e+00
   2.7600000e+00   7.1997884e-01   1.0000000e+00
   2.7800000e+00   7.1859361e-01   1.0000000e+00
   2.8000000e+00   7.1726538e-01   1.0000000e+00
   2.8200000e+00   7.1599416e-01   1.0000000e+00
   2.8400000e+00   7.1385666e-01   1.0000000e+00
   2.8600000e+00   7.1197862e-01   1.0000000e+00
   2.8800000e+00   7.1036006e-01   1.0000000e+00
   2.9000000e+00   7.0755008e-01   1.0000000e+00
   2.9200000e+00   7.0497039e-01   1.0000000e+00
   2.9400000e+00   7.0262098e-01   1.0000000e+00
   2.9600000e+00   7.0084889e-01   1.0000000e+00
   2.9800000e+00   6.9892024e-01   1.0000000e+00
   3.0000000e+00   6.9683502e-01   1.0000000e+00
   3.0200000e+00   6.9523189e-01   1.0000000e+00
   3.0400000e+00   6.9315876e-01   1.0000000e+00
   3.0600000e+00   6.9061563e-01   1.0000000e+00
