   6.1000000e-01   9.5123948e-01   0.0000000e+00
   6.3000000e-01   9.3725250e-01   0.0000000e+00
   6.5000000e-01   9.1852051e-01   0.0000000e+00
   6.7000000e-01   8.9606228e-01   0.0000000e+00
   6.9000000e-01   8.6987780e-01   0.0000000e+00
   7.1000000e-01   8.4551436e-01   0.0000000e+00
   7.3000000e-01   8.2232493e-01   0.0000000e+00
   7.5000000e-01   8.0030952e-01   0.0000000e+00
   7.7000000e-01   7.8279773e-01   0.0000000e+00
   7.9000000e-01   7.6726090e-01   0.0000000e+00
   8.1000000e-01   7.5369900e-01   0.0000000e+00
   8.3000000e-01   7.3713331e-01   0.0000000e+00
   8.5000000e-01   7.2239804e-01   0.0000000e+00
   8.7000000e-01   7.0949318e-01   0.0000000e+00
   8.9000000e-01   6.9585551e-01   0.0000000e+00
   9.1000000e-01   6.8382765e-01   0.0000000e+00
   9.3000000e-01   6.7340961e-01   0.0000000e+00
   9.5000000e-01   6.6644728e-01   0.0000000e+00
   9.7000000e-01   6.6002704e-01   0.0000000e+00
   9.9000000e-01   6.5414889e-01   0.0000000e+00
   1.0100000e+00   6.4827074e-01   0.0000000e+00
   1.0300000e+00   6.4262961e-01   0.0000000e+00
   1.0500000e+00   6.3722549e-01   0.0000000e+00
   1.0700000e+00   6.3295382e-01   0.0000000e+00
   1.0900000e+00   6.2894766e-01   0.0000000e+00
   1.1100000e+00   6.2520702e-01   0.0000000e+00
   1.1300000e+00   6.2134235e-01   0.0000000e+00
   1.1500000e+00   6.1727619e-01   0.0000000e+00
   1.1700000e+00   6.1300854e-01   0.0000000e+00
   1.1900000e+00   6.0926790e-01   0.0000000e+00
   1.2100000e+00   6.0573980e-01   0.0000000e+00
   1.2300000e+00   6.0242425e-01   0.0000000e+00
   1.2500000e+00   5.9952640e-01   0.0000000e+00
   1.2700000e+00   5.9664566e-01   0.0000000e+00
   1.2900000e+00   5.9378202e-01   0.0000000e+00
   1.3100000e+00   5.9057576e-01   0.0000000e+00
   1.3300000e+00   5.8736950e-01   0.0000000e+00
   1.3500000e+00   5.8416324e-01   0.0000000e+00
   1.3700000e+00   5.8144978e-01   0.0000000e+00
   1.3900000e+00   5.7894517e-01   0.0000000e+00
   1.4100000e+00   5.7664942e-01   0.0000000e+00
   1.4300000e+00   5.7425244e-01   0.0000000e+00
   1.4500000e+00   5.7171801e-01   0.0000000e+00
   1.4700000e+00   5.6904613e-01   0.0000000e+00
   1.4900000e+00   5.6640038e-01   0.0000000e+00
   1.5100000e+00   5.6400876e-01   0.0000000e+00
   1.5300000e+00   5.6187125e-01   0.0000000e+00
   1.5500000e+00   5.5884603e-01   0.0000000e+00
   1.5700000e+00   5.5589389e-01   0.0000000e+00
   1.5900000e+00   5.5301482e-01   0.0000000e+00
   1.6100000e+00   5.5034293e-01   0.0000000e+00
   1.6300000e+00   5.4767104e-01   0.0000000e+00
   1.6500000e+00   5.4499916e-01   0.0000000e+00
   1.6700000e+00   5.4232727e-01   0.0000000e+00
   1.6900000e+00   5.3991118e-01   0.0000000e+00
   1.7100000e+00   5.3775087e-01   0.0000000e+00
   1.7300000e+00   5.3561336e-01   0.0000000e+00
   1.7500000e+00   5.3347585e-01   0.0000000e+00
   1.7700000e+00   5.3133834e-01   0.0000000e+00
   1.7900000e+00   5.2920083e-01   0.0000000e+00
   1.8100000e+00   5.2706332e-01   0.0000000e+00
   1.8300000e+00   5.2492582e-01   0.0000000e+00
   1.8500000e+00   5.2278831e-01   0.0000000e+00
   1.8700000e+00   5.2088211e-01   0.0000000e+00
   1.8900000e+00   5.1920723e-01   0.0000000e+00
   1.9100000e+00   5.1760410e-01   0.0000000e+00
   1.9300000e+00   5.1611562e-01   0.0000000e+00
   1.9500000e+00   5.1474179e-01   0.0000000e+00
   1.9700000e+00   5.1367304e-01   0.0000000e+00
   1.9900000e+00   5.1260428e-01   0.0000000e+00
   2.0100000e+00   5.1153553e-01   0.0000000e+00
   2.0300000e+00   5.1046677e-01   0.0000000e+00
   2.0500000e+00   5.0939802e-01   0.0000000e+00
   2.0700000e+00   5.0832927e-01   0.0000000e+00
   2.0900000e+00   5.0726051e-01   0.0000000e+00
   2.1100000e+00   5.0619176e-01   0.0000000e+00
   2.1300000e+00   5.0512300e-01   0.0000000e+00
   2.1500000e+00   5.0405425e-01   0.0000000e+00
   2.1700000e+00   5.0298550e-01   0.0000000e+00
   2.1900000e+00   5.0191674e-01   0.0000000e+00
   2.2100000e+00   5.0084799e-01   0.0000000e+00
   2.2300000e+00   4.9959687e-01   0.0000000e+00
   2.2500000e+00   4.9816337e-01   0.0000000e+00
   2.2700000e+00   4.9680832e-01   0.0000000e+00
   2.2900000e+00   4.9553070e-01   0.0000000e+00
   2.3100000e+00   4.9433054e-01   0.0000000e+00
   2.3300000e+00   4.9274215e-01   0.0000000e+00
   2.3500000e+00   4.9141358e-01   0.0000000e+00
   2.3700000e+00   4.9034483e-01   0.0000000e+00
   2.3900000e+00   4.8884362e-01   0.0000000e+00
   2.4100000e+00   4.8744935e-01   0.0000000e+00
   2.4300000e+00   4.8616201e-01   0.0000000e+00
   2.4500000e+00   4.8509325e-01   0.0000000e+00
   2.4700000e+00   4.8398327e-01   0.0000000e+00
   2.4900000e+00   4.8283205e-01   0.0000000e+00
   2.5100000e+00   4.8122892e-01   0.0000000e+00
   2.5300000e+00   4.7962579e-01   0.0000000e+00
   2.5500000e+00   4.7802266e-01   0.0000000e+00
   2.5700000e+00   4.7680304e-01   0.0000000e+00
   2.5900000e+00   4.7565885e-01   0.0000000e+00
   2.6100000e+00   4.7459009e-01   0.0000000e+00
   2.6300000e+00   4.7337116e-01   0.0000000e+00
   2.6500000e+00   4.7196013e-01   0.0000000e+00
   2.6700000e+00   4.7035700e-01   0.0000000e+00
   2.6900000e+00   4.6875386e-01   0.0000000e+00
   2.7100000e+00   4.6692512e-01   0.0000000e+00
   2.7300000e+00   4.6487076e-01   0.0000000e+00
   2.7500000e+00   4.6340238e-01   0.0000000e+00
   2.7700000e+00   4.6213381e-01   0.0000000e+00
   2.7900000e+00   4.6106506e-01   0.0000000e+00
   2.8100000e+00   4.5989507e-01   0.0000000e+00
   2.8300000e+00   4.5850851e-01   0.0000000e+00
   2.8500000e+00   4.5690538e-01   0.0000000e+00
   2.8700000e+00   4.5582119e-01   0.0000000e+00
   2.8900000e+00   4.5494586e-01   0.0000000e+00
   2.9100000e+00   4.5427939e-01   0.0000000e+00
   2.9300000e+00   4.5345940e-01   0.0000000e+00
   2.9500000e+00   4.5234607e-01   0.0000000e+00
   2.9700000e+00   4.5093941e-01   0.0000000e+00
   2.9900000e+00   4.4895877e-01   0.0000000e+00
   3.0100000e+00   4.4770126e-01   0.0000000e+00
   3.0300000e+00   4.4716688e-01   0.0000000e+00
   3.0500000e+00   4.4569250e-01   0.0000000e+00
   3.0700000e+00   4.4433042e-01   0.0000000e+00
   3.0900000e+00   4.4308062e-01   0.0000000e+00
   3.1100000e+00   4.4201187e-01   0.0000000e+00
   3.1300000e+00   4.4094311e-01   0.0000000e+00
   3.1500000e+00   4.3987436e-01   0.0000000e+00
   3.1700000e+00   4.3880560e-01   0.0000000e+00
   3.1900000e+00   4.3773685e-01   0.0000000e+00
   3.2100000e+00   4.3666810e-01   0.0000000e+00
   3.2300000e+00   4.3559934e-01   0.0000000e+00
   2.0000000e+00   7.5784993e-01   1.0000000e+00
   2.0200000e+00   7.5779391e-01   1.0000000e+00
   2.0400000e+00   7.6195687e-01   1.0000000e+00
   2.0600000e+00   7.6107791e-01   1.0000000e+00
   2.0800000e+00   7.5968836e-01   1.0000000e+00
   2.1000000e+00   7.5778821e-01   1.0000000e+00
   2.1200000e+00   7.5492929e-01   1.0000000e+00
   2.1400000e+00   7.5145785e-01   1.0000000e+00
   2.1600000e+00   7.4737390e-01   1.0000000e+00
   2.1800000e+00   7.4470201e-01   1.0000000e+00
   2.2000000e+00   7.4203013e-01   1.0000000e+00
   2.2200000e+00   7.3935824e-01   1.0000000e+00
   2.2400000e+00   7.3668636e-01   1.0000000e+00
   2.2600000e+00   7.3413851e-01   1.0000000e+00
   2.2800000e+00   7.3171469e-01   1.0000000e+00
   2.3000000e+00   7.2957719e-01   1.0000000e+00
   2.3200000e+00   7.2745442e-01   1.0000000e+00
   2.3400000e+00   7.2534640e-01   1.0000000e+00
   2.3600000e+00   7.2427764e-01   1.0000000e+00
   2.3800000e+00   7.2277644e-01   1.0000000e+00
   2.4000000e+00   7.2084277e-01   1.0000000e+00
   2.4200000e+00   7.1902105e-01   1.0000000e+00
   2.4400000e+00   7.1730863e-01   1.0000000e+00
   2.4600000e+00   7.1570550e-01   1.0000000e+00
   2.4800000e+00   7.1401991e-01   1.0000000e+00
   2.5000000e+00   7.1210836e-01   1.0000000e+00
   2.5200000e+00   7.0997085e-01   1.0000000e+00
   2.5400000e+00   7.0783334e-01   1.0000000e+00
   2.5600000e+00   7.0569583e-01   1.0000000e+00
   2.5800000e+00   7.0355832e-01   1.0000000e+00
   2.6000000e+00   7.0115397e-01   1.0000000e+00
   2.6200000e+00   6.9876603e-01   1.0000000e+00
   2.6400000e+00   6.9639450e-01   1.0000000e+00
   2.6600000e+00   6.9475786e-01   1.0000000e+00
   2.6800000e+00   6.9287078e-01   1.0000000e+00
   2.7000000e+00   6.9073327e-01   1.0000000e+00
   2.7200000e+00   6.8949822e-01   1.0000000e+00
   2.7400000e+00   6.8801175e-01   1.0000000e+00
   2.7600000e+00   6.8627387e-01   1.0000000e+00
   2.7800000e+00   6.8457216e-01   1.0000000e+00
   2.8000000e+00   6.8313631e-01   1.0000000e+00
   2.8200000e+00   6.8196632e-01   1.0000000e+00
   2.8400000e+00   6.8036319e-01   1.0000000e+00
   2.8600000e+00   6.7876006e-01   1.0000000e+00
   2.8800000e+00   6.7715693e-01   1.0000000e+00
   2.9000000e+00   6.7555380e-01   1.0000000e+00
   2.9200000e+00   6.7380786e-01   1.0000000e+00
   2.9400000e+00   6.7191911e-01   1.0000000e+00
   2.9600000e+00   6.6995056e-01   1.0000000e+00
   2.9800000e+00   6.6813857e-01   1.0000000e+00
   3.0000000e+00   6.6648315e-01   1.0000000e+00
   3.0200000e+00   6.6434564e-01   1.0000000e+00
   3.0400000e+00   6.6267814e-01   1.0000000e+00
   3.0600000e+00   6.6148063e-01   1.0000000e+00
   3.0800000e+00   6.6041187e-01   1.0000000e+00
   3.1000000e+00   6.5946145e-01   1.0000000e+00
   3.1200000e+00   6.5862937e-01   1.0000000e+00
   3.1400000e+00   6.5797499e-01   1.0000000e+00
   3.1600000e+00   6.5711342e-01   1.0000000e+00
   3.1800000e+00   6.5604466e-01   1.0000000e+00
   3.2000000e+00   6.5497591e-01   1.0000000e+00
   3.2200000e+00   6.5369663e-01   1.0000000e+00
   3.2400000e+00   6.5220682e-01   1.0000000e+00
   3.2600000e+00   6.5060369e-01   1.0000000e+00
   3.2800000e+00   6.4890670e-01   1.0000000e+00
   3.3000000e+00   6.4711584e-01   1.0000000e+00
   3.3200000e+00   6.4504939e-01   1.0000000e+00
   3.3400000e+00   6.4321460e-01   1.0000000e+00
   3.3600000e+00   6.4161147e-01   1.0000000e+00
   3.3800000e+00   6.3951957e-01   1.0000000e+00
   3.4000000e+00   6.3777697e-01   1.0000000e+00
   3.4200000e+00   6.3638368e-01   1.0000000e+00
   3.4400000e+00   6.3505948e-01   1.0000000e+00
   3.4600000e+00   6.3373460e-01   1.0000000e+00
   3.4800000e+00   6.3240902e-01   1.0000000e+00
   3.5000000e+00   6.3185253e-01   1.0000000e+00
   3.5200000e+00   6.3103991e-01   1.0000000e+00
   3.5400000e+00   6.2997115e-01   1.0000000e+00
   3.5600000e+00   6.2978205e-01   1.0000000e+00
   3.5800000e+00   6.2936434e-01   1.0000000e+00
   3.6000000e+00   6.2871802e-01   1.0000000e+00
   3.6200000e+00   6.2785576e-01   1.0000000e+00
   3.6400000e+00   6.2715744e-01   1.0000000e+00
   3.6600000e+00   6.2662306e-01   1.0000000e+00
   3.6800000e+00   6.2608869e-01   1.0000000e+00
   3.7000000e+00   6.2555431e-01   1.0000000e+00
   3.7200000e+00   6.2501993e-01   1.0000000e+00
   3.7400000e+00   6.2370380e-01   1.0000000e+00
   3.7600000e+00   6.2224416e-01   1.0000000e+00
   3.7800000e+00   6.2064103e-01   1.0000000e+00
   3.8000000e+00   6.1903790e-01   1.0000000e+00
