   6.1000000e-01   9.5814717e-01   0.0000000e+00
   6.3000000e-01   9.4316319e-01   0.0000000e+00
   6.5000000e-01   9.2203087e-01   0.0000000e+00
   6.7000000e-01   8.9543340e-01   0.0000000e+00
   6.9000000e-01   8.6337078e-01   0.0000000e+00
   7.1000000e-01   8.3904753e-01   0.0000000e+00
   7.3000000e-01   8.1505821e-01   0.0000000e+00
   7.5000000e-01   7.9140281e-01   0.0000000e+00
   7.7000000e-01   7.7312597e-01   0.0000000e+00
   7.9000000e-01   7.5796360e-01   0.0000000e+00
   8.1000000e-01   7.4591569e-01   0.0000000e+00
   8.3000000e-01   7.2614375e-01   0.0000000e+00
   8.5000000e-01   7.0898667e-01   0.0000000e+00
   8.7000000e-01   6.9444448e-01   0.0000000e+00
   8.9000000e-01   6.8245417e-01   0.0000000e+00
   9.1000000e-01   6.7186182e-01   0.0000000e+00
   9.3000000e-01   6.6266742e-01   0.0000000e+00
   9.5000000e-01   6.5535913e-01   0.0000000e+00
   9.7000000e-01   6.4831600e-01   0.0000000e+00
   9.9000000e-01   6.4153805e-01   0.0000000e+00
   1.0100000e+00   6.3619428e-01   0.0000000e+00
   1.0300000e+00   6.3061350e-01   0.0000000e+00
   1.0500000e+00   6.2479570e-01   0.0000000e+00
   1.0700000e+00   6.1963228e-01   0.0000000e+00
   1.0900000e+00   6.1464588e-01   0.0000000e+00
   1.1100000e+00   6.0983648e-01   0.0000000e+00
   1.1300000e+00   6.0527516e-01   0.0000000e+00
   1.1500000e+00   6.0111681e-01   0.0000000e+00
   1.1700000e+00   5.9736143e-01   0.0000000e+00
   1.1900000e+00   5.9255203e-01   0.0000000e+00
   1.2100000e+00   5.8838027e-01   0.0000000e+00
   1.2300000e+00   5.8484612e-01   0.0000000e+00
   1.2500000e+00   5.8102302e-01   0.0000000e+00
   1.2700000e+00   5.7706984e-01   0.0000000e+00
   1.2900000e+00   5.7298658e-01   0.0000000e+00
   1.3100000e+00   5.6917085e-01   0.0000000e+00
   1.3300000e+00   5.6512548e-01   0.0000000e+00
   1.3500000e+00   5.6085046e-01   0.0000000e+00
   1.3700000e+00   5.5657545e-01   0.0000000e+00
   1.3900000e+00   5.5248850e-01   0.0000000e+00
   1.4100000e+00   5.4858962e-01   0.0000000e+00
   1.4300000e+00   5.4510845e-01   0.0000000e+00
   1.4500000e+00   5.4176474e-01   0.0000000e+00
   1.4700000e+00   5.3855848e-01   0.0000000e+00
   1.4900000e+00   5.3535221e-01   0.0000000e+00
   1.5100000e+00   5.3214595e-01   0.0000000e+00
   1.5300000e+00   5.2893969e-01   0.0000000e+00
   1.5500000e+00   5.2573343e-01   0.0000000e+00
   1.5700000e+00   5.2285436e-01   0.0000000e+00
   1.5900000e+00   5.2030248e-01   0.0000000e+00
   1.6100000e+00   5.1795444e-01   0.0000000e+00
   1.6300000e+00   5.1553834e-01   0.0000000e+00
   1.6500000e+00   5.1305418e-01   0.0000000e+00
   1.6700000e+00   5.1145105e-01   0.0000000e+00
   1.6900000e+00   5.0959213e-01   0.0000000e+00
   1.7100000e+00   5.0747743e-01   0.0000000e+00
   1.7300000e+00   5.0612974e-01   0.0000000e+00
   1.7500000e+00   5.0464327e-01   0.0000000e+00
   1.7700000e+00   5.0301803e-01   0.0000000e+00
   1.7900000e+00   5.0120368e-01   0.0000000e+00
   1.8100000e+00   4.9971722e-01   0.0000000e+00
   1.8300000e+00   4.9855863e-01   0.0000000e+00
   1.8500000e+00   4.9642112e-01   0.0000000e+00
   1.8700000e+00   4.9428361e-01   0.0000000e+00
   1.8900000e+00   4.9214610e-01   0.0000000e+00
   1.9100000e+00   4.9035456e-01   0.0000000e+00
   1.9300000e+00   4.8865722e-01   0.0000000e+00
   1.9500000e+00   4.8705409e-01   0.0000000e+00
   1.9700000e+00   4.8556359e-01   0.0000000e+00
   1.9900000e+00   4.8428397e-01   0.0000000e+00
   2.0100000e+00   4.8321521e-01   0.0000000e+00
   2.0300000e+00   4.8108577e-01   0.0000000e+00
   2.0500000e+00   4.7936597e-01   0.0000000e+00
   2.0700000e+00   4.7805583e-01   0.0000000e+00
   2.0900000e+00   4.7698707e-01   0.0000000e+00
   2.1100000e+00   4.7582814e-01   0.0000000e+00
   2.1300000e+00   4.7457904e-01   0.0000000e+00
   2.1500000e+00   4.7303959e-01   0.0000000e+00
   2.1700000e+00   4.7173550e-01   0.0000000e+00
   2.1900000e+00   4.7066674e-01   0.0000000e+00
   2.2100000e+00   4.6911659e-01   0.0000000e+00
   2.2300000e+00   4.6753994e-01   0.0000000e+00
   2.2500000e+00   4.6593681e-01   0.0000000e+00
   2.2700000e+00   4.6458175e-01   0.0000000e+00
   2.2900000e+00   4.6336985e-01   0.0000000e+00
   2.3100000e+00   4.6230109e-01   0.0000000e+00
   2.3300000e+00   4.6123234e-01   0.0000000e+00
   2.3500000e+00   4.6016358e-01   0.0000000e+00
   2.3700000e+00   4.5909483e-01   0.0000000e+00
   2.3900000e+00   4.5802608e-01   0.0000000e+00
   2.4100000e+00   4.5695732e-01   0.0000000e+00
   2.4300000e+00   4.5588857e-01   0.0000000e+00
   2.4500000e+00   4.5481981e-01   0.0000000e+00
   2.4700000e+00   4.5375106e-01   0.0000000e+00
   2.4900000e+00   4.5268231e-01   0.0000000e+00
   2.5100000e+00   4.5161355e-01   0.0000000e+00
   2.5300000e+00   4.5029471e-01   0.0000000e+00
   2.5500000e+00   4.4872578e-01   0.0000000e+00
   2.5700000e+00   4.4750616e-01   0.0000000e+00
   2.5900000e+00   4.4636197e-01   0.0000000e+00
   2.6100000e+00   4.4529322e-01   0.0000000e+00
   2.6300000e+00   4.4392411e-01   0.0000000e+00
   2.6500000e+00   4.4218755e-01   0.0000000e+00
   2.6700000e+00   4.4008356e-01   0.0000000e+00
   2.6900000e+00   4.3848043e-01   0.0000000e+00
   2.7100000e+00   4.3710291e-01   0.0000000e+00
   2.7300000e+00   4.3595101e-01   0.0000000e+00
   2.7500000e+00   4.3488225e-01   0.0000000e+00
   2.7700000e+00   4.3370455e-01   0.0000000e+00
   2.7900000e+00   4.3241790e-01   0.0000000e+00
   2.8100000e+00   4.3101723e-01   0.0000000e+00
   2.8300000e+00   4.3004971e-01   0.0000000e+00
   2.8500000e+00   4.2951533e-01   0.0000000e+00
   2.8700000e+00   4.2846201e-01   0.0000000e+00
   2.8900000e+00   4.2740097e-01   0.0000000e+00
   2.9100000e+00   4.2633222e-01   0.0000000e+00
   2.9300000e+00   4.2526347e-01   0.0000000e+00
   2.9500000e+00   4.2419471e-01   0.0000000e+00
   2.9700000e+00   4.2312596e-01   0.0000000e+00
   2.9900000e+00   4.2210949e-01   0.0000000e+00
   3.0100000e+00   4.2133407e-01   0.0000000e+00
   3.0300000e+00   4.2079969e-01   0.0000000e+00
   3.0500000e+00   4.2026531e-01   0.0000000e+00
   3.0700000e+00   4.2008427e-01   0.0000000e+00
   3.0900000e+00   4.2025657e-01   0.0000000e+00
   2.0000000e+00   7.3503988e-01   1.0000000e+00
   2.0200000e+00   7.3532117e-01   1.0000000e+00
   2.0400000e+00   7.3374625e-01   1.0000000e+00
   2.0600000e+00   7.3172944e-01   1.0000000e+00
   2.0800000e+00   7.2994929e-01   1.0000000e+00
   2.1000000e+00   7.2840582e-01   1.0000000e+00
   2.1200000e+00   7.2697636e-01   1.0000000e+00
   2.1400000e+00   7.2519288e-01   1.0000000e+00
   2.1600000e+00   7.2305537e-01   1.0000000e+00
   2.1800000e+00   7.2091786e-01   1.0000000e+00
   2.2000000e+00   7.1853965e-01   1.0000000e+00
   2.2200000e+00   7.1592074e-01   1.0000000e+00
   2.2400000e+00   7.1288412e-01   1.0000000e+00
   2.2600000e+00   7.0988672e-01   1.0000000e+00
   2.2800000e+00   7.0692853e-01   1.0000000e+00
   2.3000000e+00   7.0425664e-01   1.0000000e+00
   2.3200000e+00   7.0159213e-01   1.0000000e+00
   2.3400000e+00   6.9893498e-01   1.0000000e+00
   2.3600000e+00   6.9679747e-01   1.0000000e+00
   2.3800000e+00   6.9465997e-01   1.0000000e+00
   2.4000000e+00   6.9252246e-01   1.0000000e+00
   2.4200000e+00   6.9038495e-01   1.0000000e+00
   2.4400000e+00   6.8834701e-01   1.0000000e+00
   2.4600000e+00   6.8640862e-01   1.0000000e+00
   2.4800000e+00   6.8480549e-01   1.0000000e+00
   2.5000000e+00   6.8320236e-01   1.0000000e+00
   2.5200000e+00   6.8159923e-01   1.0000000e+00
   2.5400000e+00   6.7949593e-01   1.0000000e+00
   2.5600000e+00   6.7737552e-01   1.0000000e+00
   2.5800000e+00   6.7523801e-01   1.0000000e+00
   2.6000000e+00   6.7310050e-01   1.0000000e+00
   2.6200000e+00   6.7103808e-01   1.0000000e+00
   2.6400000e+00   6.6905075e-01   1.0000000e+00
   2.6600000e+00   6.6744762e-01   1.0000000e+00
   2.6800000e+00   6.6584449e-01   1.0000000e+00
   2.7000000e+00   6.6424136e-01   1.0000000e+00
   2.7200000e+00   6.6263823e-01   1.0000000e+00
   2.7400000e+00   6.6120238e-01   1.0000000e+00
   2.7600000e+00   6.5993381e-01   1.0000000e+00
   2.7800000e+00   6.5842926e-01   1.0000000e+00
   2.8000000e+00   6.5665885e-01   1.0000000e+00
   2.8200000e+00   6.5462257e-01   1.0000000e+00
   2.8400000e+00   6.5301944e-01   1.0000000e+00
   2.8600000e+00   6.5115684e-01   1.0000000e+00
   2.8800000e+00   6.4903476e-01   1.0000000e+00
   2.9000000e+00   6.4770182e-01   1.0000000e+00
   2.9200000e+00   6.4621535e-01   1.0000000e+00
   2.9400000e+00   6.4457536e-01   1.0000000e+00
   2.9600000e+00   6.4260681e-01   1.0000000e+00
   2.9800000e+00   6.4082096e-01   1.0000000e+00
   3.0000000e+00   6.3921783e-01   1.0000000e+00
   3.0200000e+00   6.3761470e-01   1.0000000e+00
   3.0400000e+00   6.3624657e-01   1.0000000e+00
   3.0600000e+00   6.3511344e-01   1.0000000e+00
   3.0800000e+00   6.3369135e-01   1.0000000e+00
   3.1000000e+00   6.3229707e-01   1.0000000e+00
   3.1200000e+00   6.3093061e-01   1.0000000e+00
   3.1400000e+00   6.2974185e-01   1.0000000e+00
   3.1600000e+00   6.2834591e-01   1.0000000e+00
   3.1800000e+00   6.2674278e-01   1.0000000e+00
   3.2000000e+00   6.2513965e-01   1.0000000e+00
   3.2200000e+00   6.2353652e-01   1.0000000e+00
   3.2400000e+00   6.2193338e-01   1.0000000e+00
   3.2600000e+00   6.2002586e-01   1.0000000e+00
   3.2800000e+00   6.1809721e-01   1.0000000e+00
   3.3000000e+00   6.1614743e-01   1.0000000e+00
   3.3200000e+00   6.1454430e-01   1.0000000e+00
   3.3400000e+00   6.1294117e-01   1.0000000e+00
   3.3600000e+00   6.1133803e-01   1.0000000e+00
   3.3800000e+00   6.1071245e-01   1.0000000e+00
   3.4000000e+00   6.0994641e-01   1.0000000e+00
   3.4200000e+00   6.0903993e-01   1.0000000e+00
   3.4400000e+00   6.0797117e-01   1.0000000e+00
   3.4600000e+00   6.0704120e-01   1.0000000e+00
   3.4800000e+00   6.0625000e-01   1.0000000e+00
   3.5000000e+00   6.0622789e-01   1.0000000e+00
   3.5200000e+00   6.0594964e-01   1.0000000e+00
   3.5400000e+00   6.0541526e-01   1.0000000e+00
