   6.1000000e-01   9.4463388e-01   0.0000000e+00
   6.3000000e-01   9.2735818e-01   0.0000000e+00
   6.5000000e-01   9.0385434e-01   0.0000000e+00
   6.7000000e-01   8.7687267e-01   0.0000000e+00
   6.9000000e-01   8.4641318e-01   0.0000000e+00
   7.1000000e-01   8.2551409e-01   0.0000000e+00
   7.3000000e-01   8.0426069e-01   0.0000000e+00
   7.5000000e-01   7.8265296e-01   0.0000000e+00
   7.7000000e-01   7.6500102e-01   0.0000000e+00
   7.9000000e-01   7.5015110e-01   0.0000000e+00
   8.1000000e-01   7.3810320e-01   0.0000000e+00
   8.3000000e-01   7.1833125e-01   0.0000000e+00
   8.5000000e-01   7.0117417e-01   0.0000000e+00
   8.7000000e-01   6.8663198e-01   0.0000000e+00
   8.9000000e-01   6.7545429e-01   0.0000000e+00
   9.1000000e-01   6.6536816e-01   0.0000000e+00
   9.3000000e-01   6.5637358e-01   0.0000000e+00
   9.5000000e-01   6.4870389e-01   0.0000000e+00
   9.7000000e-01   6.4148007e-01   0.0000000e+00
   9.9000000e-01   6.3470212e-01   0.0000000e+00
   1.0100000e+00   6.2935835e-01   0.0000000e+00
   1.0300000e+00   6.2401458e-01   0.0000000e+00
   1.0500000e+00   6.1867081e-01   0.0000000e+00
   1.0700000e+00   6.1368440e-01   0.0000000e+00
   1.0900000e+00   6.0902720e-01   0.0000000e+00
   1.1100000e+00   6.0469921e-01   0.0000000e+00
   1.1300000e+00   6.0108260e-01   0.0000000e+00
   1.1500000e+00   5.9766380e-01   0.0000000e+00
   1.1700000e+00   5.9444280e-01   0.0000000e+00
   1.1900000e+00   5.9016778e-01   0.0000000e+00
   1.2100000e+00   5.8610531e-01   0.0000000e+00
   1.2300000e+00   5.8225537e-01   0.0000000e+00
   1.2500000e+00   5.7882315e-01   0.0000000e+00
   1.2700000e+00   5.7550391e-01   0.0000000e+00
   1.2900000e+00   5.7229765e-01   0.0000000e+00
   1.3100000e+00   5.6894121e-01   0.0000000e+00
   1.3300000e+00   5.6512548e-01   0.0000000e+00
   1.3500000e+00   5.6085046e-01   0.0000000e+00
   1.3700000e+00   5.5706825e-01   0.0000000e+00
   1.3900000e+00   5.5311875e-01   0.0000000e+00
   1.4100000e+00   5.4900198e-01   0.0000000e+00
   1.4300000e+00   5.4524590e-01   0.0000000e+00
   1.4500000e+00   5.4162193e-01   0.0000000e+00
   1.4700000e+00   5.3813005e-01   0.0000000e+00
   1.4900000e+00   5.3390732e-01   0.0000000e+00
   1.5100000e+00   5.3019283e-01   0.0000000e+00
   1.5300000e+00   5.2698656e-01   0.0000000e+00
   1.5500000e+00   5.2378030e-01   0.0000000e+00
   1.5700000e+00   5.2073764e-01   0.0000000e+00
   1.5900000e+00   5.1785857e-01   0.0000000e+00
   1.6100000e+00   5.1539721e-01   0.0000000e+00
   1.6300000e+00   5.1314470e-01   0.0000000e+00
   1.6500000e+00   5.1110106e-01   0.0000000e+00
   1.6700000e+00   5.0949793e-01   0.0000000e+00
   1.6900000e+00   5.0763901e-01   0.0000000e+00
   1.7100000e+00   5.0552430e-01   0.0000000e+00
   1.7300000e+00   5.0417661e-01   0.0000000e+00
   1.7500000e+00   5.0296839e-01   0.0000000e+00
   1.7700000e+00   5.0189964e-01   0.0000000e+00
   1.7900000e+00   5.0050772e-01   0.0000000e+00
   1.8100000e+00   4.9878793e-01   0.0000000e+00
   1.8300000e+00   4.9674025e-01   0.0000000e+00
   1.8500000e+00   4.9567150e-01   0.0000000e+00
   1.8700000e+00   4.9437143e-01   0.0000000e+00
   1.8900000e+00   4.9284005e-01   0.0000000e+00
   1.9100000e+00   4.9123692e-01   0.0000000e+00
   1.9300000e+00   4.8974843e-01   0.0000000e+00
   1.9500000e+00   4.8837460e-01   0.0000000e+00
   1.9700000e+00   4.8730585e-01   0.0000000e+00
   1.9900000e+00   4.8623709e-01   0.0000000e+00
   2.0100000e+00   4.8516834e-01   0.0000000e+00
   2.0300000e+00   4.8356924e-01   0.0000000e+00
   2.0500000e+00   4.8196812e-01   0.0000000e+00
   2.0700000e+00   4.8036499e-01   0.0000000e+00
   2.0900000e+00   4.7905888e-01   0.0000000e+00
   2.1100000e+00   4.7778127e-01   0.0000000e+00
   2.1300000e+00   4.7653216e-01   0.0000000e+00
   2.1500000e+00   4.7492903e-01   0.0000000e+00
   2.1700000e+00   4.7332590e-01   0.0000000e+00
   2.1900000e+00   4.7172277e-01   0.0000000e+00
   2.2100000e+00   4.7011964e-01   0.0000000e+00
   2.2300000e+00   4.6851651e-01   0.0000000e+00
   2.2500000e+00   4.6691337e-01   0.0000000e+00
   2.2700000e+00   4.6506217e-01   0.0000000e+00
   2.2900000e+00   4.6319922e-01   0.0000000e+00
   2.3100000e+00   4.6132453e-01   0.0000000e+00
   2.3300000e+00   4.6022629e-01   0.0000000e+00
   2.3500000e+00   4.5860842e-01   0.0000000e+00
   2.3700000e+00   4.5647091e-01   0.0000000e+00
   2.3900000e+00   4.5519831e-01   0.0000000e+00
   2.4100000e+00   4.5402763e-01   0.0000000e+00
   2.4300000e+00   4.5295888e-01   0.0000000e+00
   2.4500000e+00   4.5169100e-01   0.0000000e+00
   2.4700000e+00   4.5025549e-01   0.0000000e+00
   2.4900000e+00   4.4865236e-01   0.0000000e+00
   2.5100000e+00   4.4704923e-01   0.0000000e+00
   2.5300000e+00   4.4569619e-01   0.0000000e+00
   2.5500000e+00   4.4459323e-01   0.0000000e+00
   2.5700000e+00   4.4352448e-01   0.0000000e+00
   2.5900000e+00   4.4245572e-01   0.0000000e+00
   2.6100000e+00   4.4138697e-01   0.0000000e+00
   2.6300000e+00   4.4016803e-01   0.0000000e+00
   2.6500000e+00   4.3877376e-01   0.0000000e+00
   2.6700000e+00   4.3720414e-01   0.0000000e+00
   2.6900000e+00   4.3613539e-01   0.0000000e+00
   2.7100000e+00   4.3506664e-01   0.0000000e+00
   2.7300000e+00   4.3399788e-01   0.0000000e+00
   2.7500000e+00   4.3292913e-01   0.0000000e+00
   2.7700000e+00   4.3186037e-01   0.0000000e+00
   2.7900000e+00   4.3079162e-01   0.0000000e+00
   2.8100000e+00   4.2972287e-01   0.0000000e+00
   2.8300000e+00   4.2865411e-01   0.0000000e+00
   2.8500000e+00   4.2758536e-01   0.0000000e+00
   2.8700000e+00   4.2703555e-01   0.0000000e+00
   2.8900000e+00   4.2649346e-01   0.0000000e+00
   2.9100000e+00   4.2595908e-01   0.0000000e+00
   2.9300000e+00   4.2513908e-01   0.0000000e+00
   2.9500000e+00   4.2436366e-01   0.0000000e+00
   2.9700000e+00   4.2363281e-01   0.0000000e+00
   2.9900000e+00   4.2352824e-01   0.0000000e+00
   3.0100000e+00   4.2294157e-01   0.0000000e+00
   3.0300000e+00   4.2187282e-01   0.0000000e+00
   3.0500000e+00   4.2080407e-01   0.0000000e+00
   3.0700000e+00   4.1973531e-01   0.0000000e+00
   3.0900000e+00   4.1866656e-01   0.0000000e+00
   3.1100000e+00   4.1759780e-01   0.0000000e+00
   2.0100000e+00   7.3126813e-01   1.0000000e+00
   2.0300000e+00   7.3072570e-01   1.0000000e+00
   2.0500000e+00   7.2977361e-01   1.0000000e+00
   2.0700000e+00   7.2841187e-01   1.0000000e+00
   2.0900000e+00   7.2740277e-01   1.0000000e+00
   2.1100000e+00   7.2654086e-01   1.0000000e+00
   2.1300000e+00   7.2582613e-01   1.0000000e+00
   2.1500000e+00   7.2463000e-01   1.0000000e+00
   2.1700000e+00   7.2296318e-01   1.0000000e+00
   2.1900000e+00   7.2082567e-01   1.0000000e+00
   2.2100000e+00   7.1772536e-01   1.0000000e+00
   2.2300000e+00   7.1457207e-01   1.0000000e+00
   2.2500000e+00   7.1136581e-01   1.0000000e+00
   2.2700000e+00   7.0840762e-01   1.0000000e+00
   2.2900000e+00   7.0565829e-01   1.0000000e+00
   2.3100000e+00   7.0311781e-01   1.0000000e+00
   2.3300000e+00   7.0099504e-01   1.0000000e+00
   2.3500000e+00   6.9913209e-01   1.0000000e+00
   2.3700000e+00   6.9752896e-01   1.0000000e+00
   2.3900000e+00   6.9549338e-01   1.0000000e+00
   2.4100000e+00   6.9324893e-01   1.0000000e+00
   2.4300000e+00   6.9079564e-01   1.0000000e+00
   2.4500000e+00   6.8832288e-01   1.0000000e+00
   2.4700000e+00   6.8601774e-01   1.0000000e+00
   2.4900000e+00   6.8388023e-01   1.0000000e+00
   2.5100000e+00   6.8174273e-01   1.0000000e+00
   2.5300000e+00   6.7960522e-01   1.0000000e+00
   2.5500000e+00   6.7746771e-01   1.0000000e+00
   2.5700000e+00   6.7571371e-01   1.0000000e+00
   2.5900000e+00   6.7403515e-01   1.0000000e+00
   2.6100000e+00   6.7243201e-01   1.0000000e+00
   2.6300000e+00   6.7082888e-01   1.0000000e+00
   2.6500000e+00   6.6922575e-01   1.0000000e+00
   2.6700000e+00   6.6762262e-01   1.0000000e+00
   2.6900000e+00   6.6601949e-01   1.0000000e+00
   2.7100000e+00   6.6464197e-01   1.0000000e+00
   2.7300000e+00   6.6349007e-01   1.0000000e+00
   2.7500000e+00   6.6208675e-01   1.0000000e+00
   2.7700000e+00   6.6047458e-01   1.0000000e+00
   2.7900000e+00   6.5865355e-01   1.0000000e+00
   2.8100000e+00   6.5661728e-01   1.0000000e+00
   2.8300000e+00   6.5479757e-01   1.0000000e+00
   2.8500000e+00   6.5319444e-01   1.0000000e+00
   2.8700000e+00   6.5159131e-01   1.0000000e+00
   2.8900000e+00   6.4978704e-01   1.0000000e+00
   2.9100000e+00   6.4778163e-01   1.0000000e+00
   2.9300000e+00   6.4592973e-01   1.0000000e+00
   2.9500000e+00   6.4420222e-01   1.0000000e+00
   2.9700000e+00   6.4259909e-01   1.0000000e+00
   2.9900000e+00   6.4104825e-01   1.0000000e+00
   3.0100000e+00   6.3973845e-01   1.0000000e+00
   3.0300000e+00   6.3866970e-01   1.0000000e+00
   3.0500000e+00   6.3713094e-01   1.0000000e+00
   3.0700000e+00   6.3556000e-01   1.0000000e+00
   3.0900000e+00   6.3395687e-01   1.0000000e+00
   3.1100000e+00   6.3211707e-01   1.0000000e+00
   3.1300000e+00   6.3012841e-01   1.0000000e+00
   3.1500000e+00   6.2799090e-01   1.0000000e+00
   3.1700000e+00   6.2585674e-01   1.0000000e+00
   3.1900000e+00   6.2398809e-01   1.0000000e+00
   3.2100000e+00   6.2238496e-01   1.0000000e+00
   3.2300000e+00   6.2036077e-01   1.0000000e+00
   3.2500000e+00   6.1858431e-01   1.0000000e+00
   3.2700000e+00   6.1705558e-01   1.0000000e+00
   3.2900000e+00   6.1598683e-01   1.0000000e+00
   3.3100000e+00   6.1495360e-01   1.0000000e+00
   3.3300000e+00   6.1395591e-01   1.0000000e+00
   3.3500000e+00   6.1342153e-01   1.0000000e+00
   3.3700000e+00   6.1313154e-01   1.0000000e+00
   3.3900000e+00   6.1308594e-01   1.0000000e+00
