   6.1000000e-01   9.3368686e-01   0.0000000e+00
   6.3000000e-01   9.1584465e-01   0.0000000e+00
   6.5000000e-01   8.8450413e-01   0.0000000e+00
   6.7000000e-01   8.5440569e-01   0.0000000e+00
   6.9000000e-01   8.2554933e-01   0.0000000e+00
   7.1000000e-01   8.0079028e-01   0.0000000e+00
   7.3000000e-01   7.7943461e-01   0.0000000e+00
   7.5000000e-01   7.6148231e-01   0.0000000e+00
   7.7000000e-01   7.4882956e-01   0.0000000e+00
   7.9000000e-01   7.3626870e-01   0.0000000e+00
   8.1000000e-01   7.2379974e-01   0.0000000e+00
   8.3000000e-01   7.0189028e-01   0.0000000e+00
   8.5000000e-01   6.8547207e-01   0.0000000e+00
   8.7000000e-01   6.7454510e-01   0.0000000e+00
   8.9000000e-01   6.6467018e-01   0.0000000e+00
   9.1000000e-01   6.5579227e-01   0.0000000e+00
   9.3000000e-01   6.4791136e-01   0.0000000e+00
   9.5000000e-01   6.4149884e-01   0.0000000e+00
   9.7000000e-01   6.3511447e-01   0.0000000e+00
   9.9000000e-01   6.2875827e-01   0.0000000e+00
   1.0100000e+00   6.2288012e-01   0.0000000e+00
   1.0300000e+00   6.1747600e-01   0.0000000e+00
   1.0500000e+00   6.1254591e-01   0.0000000e+00
   1.0700000e+00   6.0845125e-01   0.0000000e+00
   1.0900000e+00   6.0453360e-01   0.0000000e+00
   1.1100000e+00   6.0079296e-01   0.0000000e+00
   1.1300000e+00   5.9705232e-01   0.0000000e+00
   1.1500000e+00   5.9331168e-01   0.0000000e+00
   1.1700000e+00   5.8957104e-01   0.0000000e+00
   1.1900000e+00   5.8583040e-01   0.0000000e+00
   1.2100000e+00   5.8230230e-01   0.0000000e+00
   1.2300000e+00   5.7898675e-01   0.0000000e+00
   1.2500000e+00   5.7578049e-01   0.0000000e+00
   1.2700000e+00   5.7267010e-01   0.0000000e+00
   1.2900000e+00   5.6965559e-01   0.0000000e+00
   1.3100000e+00   5.6690862e-01   0.0000000e+00
   1.3300000e+00   5.6393200e-01   0.0000000e+00
   1.3500000e+00   5.6072574e-01   0.0000000e+00
   1.3700000e+00   5.5406986e-01   0.0000000e+00
   1.3900000e+00   5.4802075e-01   0.0000000e+00
   1.4100000e+00   5.4257839e-01   0.0000000e+00
   1.4300000e+00   5.3802847e-01   0.0000000e+00
   1.4500000e+00   5.3361601e-01   0.0000000e+00
   1.4700000e+00   5.2934099e-01   0.0000000e+00
   1.4900000e+00   5.2511826e-01   0.0000000e+00
   1.5100000e+00   5.2140376e-01   0.0000000e+00
   1.5300000e+00   5.1819750e-01   0.0000000e+00
   1.5500000e+00   5.1587895e-01   0.0000000e+00
   1.5700000e+00   5.1365092e-01   0.0000000e+00
   1.5900000e+00   5.1151341e-01   0.0000000e+00
   1.6100000e+00   5.0958643e-01   0.0000000e+00
   1.6300000e+00   5.0786831e-01   0.0000000e+00
   1.6500000e+00   5.0635904e-01   0.0000000e+00
   1.6700000e+00   5.0529029e-01   0.0000000e+00
   1.6900000e+00   5.0422153e-01   0.0000000e+00
   1.7100000e+00   5.0315278e-01   0.0000000e+00
   1.7300000e+00   5.0208402e-01   0.0000000e+00
   1.7500000e+00   5.0101527e-01   0.0000000e+00
   1.7700000e+00   4.9994651e-01   0.0000000e+00
   1.7900000e+00   4.9887776e-01   0.0000000e+00
   1.8100000e+00   4.9780901e-01   0.0000000e+00
   1.8300000e+00   4.9674025e-01   0.0000000e+00
   1.8500000e+00   4.9567150e-01   0.0000000e+00
   1.8700000e+00   4.9437143e-01   0.0000000e+00
   1.8900000e+00   4.9284005e-01   0.0000000e+00
   1.9100000e+00   4.9158288e-01   0.0000000e+00
   1.9300000e+00   4.9030527e-01   0.0000000e+00
   1.9500000e+00   4.8900722e-01   0.0000000e+00
   1.9700000e+00   4.8751672e-01   0.0000000e+00
   1.9900000e+00   4.8623709e-01   0.0000000e+00
   2.0100000e+00   4.8516834e-01   0.0000000e+00
   2.0300000e+00   4.8409959e-01   0.0000000e+00
   2.0500000e+00   4.8282399e-01   0.0000000e+00
   2.0700000e+00   4.8134156e-01   0.0000000e+00
   2.0900000e+00   4.7973842e-01   0.0000000e+00
   2.1100000e+00   4.7822547e-01   0.0000000e+00
   2.1300000e+00   4.7680269e-01   0.0000000e+00
   2.1500000e+00   4.7567025e-01   0.0000000e+00
   2.1700000e+00   4.7430246e-01   0.0000000e+00
   2.1900000e+00   4.7269933e-01   0.0000000e+00
   2.2100000e+00   4.7061480e-01   0.0000000e+00
   2.2300000e+00   4.6850378e-01   0.0000000e+00
   2.2500000e+00   4.6636627e-01   0.0000000e+00
   2.2700000e+00   4.6422876e-01   0.0000000e+00
   2.2900000e+00   4.6209125e-01   0.0000000e+00
   2.3100000e+00   4.5995375e-01   0.0000000e+00
   2.3300000e+00   4.5783098e-01   0.0000000e+00
   2.3500000e+00   4.5596803e-01   0.0000000e+00
   2.3700000e+00   4.5436490e-01   0.0000000e+00
   2.3900000e+00   4.5276177e-01   0.0000000e+00
   2.4100000e+00   4.5115864e-01   0.0000000e+00
   2.4300000e+00   4.4955551e-01   0.0000000e+00
   2.4500000e+00   4.4795238e-01   0.0000000e+00
   2.4700000e+00   4.4639047e-01   0.0000000e+00
   2.4900000e+00   4.4486981e-01   0.0000000e+00
   2.5100000e+00   4.4380105e-01   0.0000000e+00
   2.5300000e+00   4.4273230e-01   0.0000000e+00
   2.5500000e+00   4.4166354e-01   0.0000000e+00
   2.5700000e+00   4.4097830e-01   0.0000000e+00
   2.5900000e+00   4.4023506e-01   0.0000000e+00
   2.6100000e+00   4.3943384e-01   0.0000000e+00
   2.6300000e+00   4.3836509e-01   0.0000000e+00
   2.6500000e+00   4.3729633e-01   0.0000000e+00
   2.6700000e+00   4.3622758e-01   0.0000000e+00
   2.6900000e+00   4.3515883e-01   0.0000000e+00
   2.7100000e+00   4.3409007e-01   0.0000000e+00
   2.7300000e+00   4.3302132e-01   0.0000000e+00
   2.7500000e+00   4.3195256e-01   0.0000000e+00
   2.7700000e+00   4.3088381e-01   0.0000000e+00
   2.7900000e+00   4.2981506e-01   0.0000000e+00
   2.8100000e+00   4.2874630e-01   0.0000000e+00
   2.8300000e+00   4.2767755e-01   0.0000000e+00
   2.8500000e+00   4.2660879e-01   0.0000000e+00
   2.8700000e+00   4.2554004e-01   0.0000000e+00
   2.8900000e+00   4.2447129e-01   0.0000000e+00
   2.9100000e+00   4.2340253e-01   0.0000000e+00
   2.9300000e+00   4.2233378e-01   0.0000000e+00
   2.9500000e+00   4.2118055e-01   0.0000000e+00
   2.9700000e+00   4.1994284e-01   0.0000000e+00
   2.9900000e+00   4.1833971e-01   0.0000000e+00
   3.0100000e+00   4.1673658e-01   0.0000000e+00
   3.0300000e+00   4.1513345e-01   0.0000000e+00
   3.0500000e+00   4.1400032e-01   0.0000000e+00
   3.0700000e+00   4.1289937e-01   0.0000000e+00
   3.0900000e+00   4.1183062e-01   0.0000000e+00
   3.1100000e+00   4.1099854e-01   0.0000000e+00
   3.1300000e+00   4.1031531e-01   0.0000000e+00
   3.1500000e+00   4.0978093e-01   0.0000000e+00
   2.0100000e+00   7.2540271e-01   1.0000000e+00
   2.0300000e+00   7.2380361e-01   1.0000000e+00
   2.0500000e+00   7.2240934e-01   1.0000000e+00
   2.0700000e+00   7.2121989e-01   1.0000000e+00
   2.0900000e+00   7.1985412e-01   1.0000000e+00
   2.1100000e+00   7.1827949e-01   1.0000000e+00
   2.1300000e+00   7.1649601e-01   1.0000000e+00
   2.1500000e+00   7.1442219e-01   1.0000000e+00
   2.1700000e+00   7.1258371e-01   1.0000000e+00
   2.1900000e+00   7.1098058e-01   1.0000000e+00
   2.2100000e+00   7.0937745e-01   1.0000000e+00
   2.2300000e+00   7.0777432e-01   1.0000000e+00
   2.2500000e+00   7.0617119e-01   1.0000000e+00
   2.2700000e+00   7.0431998e-01   1.0000000e+00
   2.2900000e+00   7.0225993e-01   1.0000000e+00
   2.3100000e+00   6.9999101e-01   1.0000000e+00
   2.3300000e+00   6.9731912e-01   1.0000000e+00
   2.3500000e+00   6.9464724e-01   1.0000000e+00
   2.3700000e+00   6.9197536e-01   1.0000000e+00
   2.3900000e+00   6.8973592e-01   1.0000000e+00
   2.4100000e+00   6.8738956e-01   1.0000000e+00
   2.4300000e+00   6.8493626e-01   1.0000000e+00
   2.4500000e+00   6.8266263e-01   1.0000000e+00
   2.4700000e+00   6.8072424e-01   1.0000000e+00
   2.4900000e+00   6.7912111e-01   1.0000000e+00
   2.5100000e+00   6.7751798e-01   1.0000000e+00
   2.5300000e+00   6.7641502e-01   1.0000000e+00
   2.5500000e+00   6.7581224e-01   1.0000000e+00
   2.5700000e+00   6.7451085e-01   1.0000000e+00
   2.5900000e+00   6.7319201e-01   1.0000000e+00
   2.6100000e+00   6.7185572e-01   1.0000000e+00
   2.6300000e+00   6.7078696e-01   1.0000000e+00
   2.6500000e+00   6.6971821e-01   1.0000000e+00
   2.6700000e+00   6.6864946e-01   1.0000000e+00
   2.6900000e+00   6.6758070e-01   1.0000000e+00
   2.7100000e+00   6.6628633e-01   1.0000000e+00
   2.7300000e+00   6.6476635e-01   1.0000000e+00
   2.7500000e+00   6.6383235e-01   1.0000000e+00
   2.7700000e+00   6.6277131e-01   1.0000000e+00
   2.7900000e+00   6.6158324e-01   1.0000000e+00
   2.8100000e+00   6.5964820e-01   1.0000000e+00
   2.8300000e+00   6.5814630e-01   1.0000000e+00
   2.8500000e+00   6.5707754e-01   1.0000000e+00
   2.8700000e+00   6.5548984e-01   1.0000000e+00
   2.8900000e+00   6.5389443e-01   1.0000000e+00
   2.9100000e+00   6.5229130e-01   1.0000000e+00
   2.9300000e+00   6.5011693e-01   1.0000000e+00
   2.9500000e+00   6.4777829e-01   1.0000000e+00
   2.9700000e+00   6.4527535e-01   1.0000000e+00
   2.9900000e+00   6.4313784e-01   1.0000000e+00
   3.0100000e+00   6.4100033e-01   1.0000000e+00
   3.0300000e+00   6.3886283e-01   1.0000000e+00
   3.0500000e+00   6.3672532e-01   1.0000000e+00
   3.0700000e+00   6.3458781e-01   1.0000000e+00
   3.0900000e+00   6.3245030e-01   1.0000000e+00
   3.1100000e+00   6.3054946e-01   1.0000000e+00
   3.1300000e+00   6.2873748e-01   1.0000000e+00
   3.1500000e+00   6.2701434e-01   1.0000000e+00
   3.1700000e+00   6.2488351e-01   1.0000000e+00
   3.1900000e+00   6.2328372e-01   1.0000000e+00
   3.2100000e+00   6.2221497e-01   1.0000000e+00
   3.2300000e+00   6.2072516e-01   1.0000000e+00
   3.2500000e+00   6.1917869e-01   1.0000000e+00
   3.2700000e+00   6.1757556e-01   1.0000000e+00
   3.2900000e+00   6.1597243e-01   1.0000000e+00
   3.3100000e+00   6.1440483e-01   1.0000000e+00
   3.3300000e+00   6.1287276e-01   1.0000000e+00
   3.3500000e+00   6.1180400e-01   1.0000000e+00
   3.3700000e+00   6.1097964e-01   1.0000000e+00
   3.3900000e+00   6.1039965e-01   1.0000000e+00
   3.4100000e+00   6.0986528e-01   1.0000000e+00
   3.4300000e+00   6.0933090e-01   1.0000000e+00
   3.4500000e+00   6.0879652e-01   1.0000000e+00
   3.4700000e+00   6.0826215e-01   1.0000000e+00
   3.4900000e+00   6.0771671e-01   1.0000000e+00
   3.5100000e+00   6.0716022e-01   1.0000000e+00
   3.5300000e+00   6.0609147e-01   1.0000000e+00
