   6.1000000e-01   9.7014416e-01   0.0000000e+00
   6.3000000e-01   9.5637243e-01   0.0000000e+00
   6.5000000e-01   9.3465945e-01   0.0000000e+00
   6.7000000e-01   9.1071072e-01   0.0000000e+00
   6.9000000e-01   8.8452624e-01   0.0000000e+00
   7.1000000e-01   8.6426011e-01   0.0000000e+00
   7.3000000e-01   8.4467756e-01   0.0000000e+00
   7.5000000e-01   8.2577857e-01   0.0000000e+00
   7.7000000e-01   8.0840695e-01   0.0000000e+00
   7.9000000e-01   7.9202530e-01   0.0000000e+00
   8.1000000e-01   7.7663363e-01   0.0000000e+00
   8.3000000e-01   7.6167107e-01   0.0000000e+00
   8.5000000e-01   7.4853893e-01   0.0000000e+00
   8.7000000e-01   7.3723720e-01   0.0000000e+00
   8.9000000e-01   7.2520266e-01   0.0000000e+00
   9.1000000e-01   7.1419864e-01   0.0000000e+00
   9.3000000e-01   7.0422514e-01   0.0000000e+00
   9.5000000e-01   6.9638247e-01   0.0000000e+00
   9.7000000e-01   6.8874865e-01   0.0000000e+00
   9.9000000e-01   6.8132369e-01   0.0000000e+00
   1.0100000e+00   6.7437679e-01   0.0000000e+00
   1.0300000e+00   6.6790392e-01   0.0000000e+00
   1.0500000e+00   6.6190507e-01   0.0000000e+00
   1.0700000e+00   6.5674166e-01   0.0000000e+00
   1.0900000e+00   6.5175525e-01   0.0000000e+00
   1.1100000e+00   6.4694586e-01   0.0000000e+00
   1.1300000e+00   6.4226050e-01   0.0000000e+00
   1.1500000e+00   6.3777294e-01   0.0000000e+00
   1.1700000e+00   6.3348318e-01   0.0000000e+00
   1.1900000e+00   6.2813941e-01   0.0000000e+00
   1.2100000e+00   6.2343327e-01   0.0000000e+00
   1.2300000e+00   6.1936475e-01   0.0000000e+00
   1.2500000e+00   6.1531569e-01   0.0000000e+00
   1.2700000e+00   6.1124953e-01   0.0000000e+00
   1.2900000e+00   6.0716627e-01   0.0000000e+00
   1.3100000e+00   6.0350072e-01   0.0000000e+00
   1.3300000e+00   6.0006481e-01   0.0000000e+00
   1.3500000e+00   5.9685855e-01   0.0000000e+00
   1.3700000e+00   5.9266668e-01   0.0000000e+00
   1.3900000e+00   5.8862131e-01   0.0000000e+00
   1.4100000e+00   5.8472243e-01   0.0000000e+00
   1.4300000e+00   5.8150074e-01   0.0000000e+00
   1.4500000e+00   5.7848254e-01   0.0000000e+00
   1.4700000e+00   5.7566785e-01   0.0000000e+00
   1.4900000e+00   5.7248773e-01   0.0000000e+00
   1.5100000e+00   5.6956173e-01   0.0000000e+00
   1.5300000e+00   5.6688985e-01   0.0000000e+00
   1.5500000e+00   5.6421796e-01   0.0000000e+00
   1.5700000e+00   5.6138248e-01   0.0000000e+00
   1.5900000e+00   5.5838340e-01   0.0000000e+00
   1.6100000e+00   5.5559819e-01   0.0000000e+00
   1.6300000e+00   5.5313684e-01   0.0000000e+00
   1.6500000e+00   5.5099933e-01   0.0000000e+00
   1.6700000e+00   5.4886182e-01   0.0000000e+00
   1.6900000e+00   5.4698010e-01   0.0000000e+00
   1.7100000e+00   5.4535417e-01   0.0000000e+00
   1.7300000e+00   5.4375103e-01   0.0000000e+00
   1.7500000e+00   5.4214790e-01   0.0000000e+00
   1.7700000e+00   5.4054477e-01   0.0000000e+00
   1.7900000e+00   5.3910322e-01   0.0000000e+00
   1.8100000e+00   5.3784807e-01   0.0000000e+00
   1.8300000e+00   5.3677931e-01   0.0000000e+00
   1.8500000e+00   5.3571056e-01   0.0000000e+00
   1.8700000e+00   5.3464181e-01   0.0000000e+00
   1.8900000e+00   5.3357305e-01   0.0000000e+00
   1.9100000e+00   5.3250430e-01   0.0000000e+00
   1.9300000e+00   5.3143554e-01   0.0000000e+00
   1.9500000e+00   5.3036679e-01   0.0000000e+00
   1.9700000e+00   5.2918540e-01   0.0000000e+00
   1.9900000e+00   5.2779314e-01   0.0000000e+00
   2.0100000e+00   5.2619001e-01   0.0000000e+00
   2.0300000e+00   5.2511723e-01   0.0000000e+00
   2.0500000e+00   5.2363277e-01   0.0000000e+00
   2.0700000e+00   5.2173666e-01   0.0000000e+00
   2.0900000e+00   5.2019318e-01   0.0000000e+00
   2.1100000e+00   5.1870672e-01   0.0000000e+00
   2.1300000e+00   5.1727726e-01   0.0000000e+00
   2.1500000e+00   5.1526713e-01   0.0000000e+00
   2.1700000e+00   5.1372768e-01   0.0000000e+00
   2.1900000e+00   5.1265893e-01   0.0000000e+00
   2.2100000e+00   5.1159017e-01   0.0000000e+00
   2.2300000e+00   5.1033905e-01   0.0000000e+00
   2.2500000e+00   5.0890556e-01   0.0000000e+00
   2.2700000e+00   5.0755050e-01   0.0000000e+00
   2.2900000e+00   5.0627289e-01   0.0000000e+00
   2.3100000e+00   5.0507273e-01   0.0000000e+00
   2.3300000e+00   5.0348434e-01   0.0000000e+00
   2.3500000e+00   5.0215577e-01   0.0000000e+00
   2.3700000e+00   5.0108702e-01   0.0000000e+00
   2.3900000e+00   4.9958581e-01   0.0000000e+00
   2.4100000e+00   4.9803364e-01   0.0000000e+00
   2.4300000e+00   4.9643051e-01   0.0000000e+00
   2.4500000e+00   4.9462825e-01   0.0000000e+00
   2.4700000e+00   4.9274083e-01   0.0000000e+00
   2.4900000e+00   4.9076824e-01   0.0000000e+00
   2.5100000e+00   4.8969949e-01   0.0000000e+00
   2.5300000e+00   4.8813056e-01   0.0000000e+00
   2.5500000e+00   4.8606146e-01   0.0000000e+00
   2.5700000e+00   4.8469097e-01   0.0000000e+00
   2.5900000e+00   4.8347135e-01   0.0000000e+00
   2.6100000e+00   4.8240259e-01   0.0000000e+00
   2.6300000e+00   4.8133384e-01   0.0000000e+00
   2.6500000e+00   4.8028184e-01   0.0000000e+00
   2.6700000e+00   4.7924660e-01   0.0000000e+00
   2.6900000e+00   4.7871223e-01   0.0000000e+00
   2.7100000e+00   4.7795224e-01   0.0000000e+00
   2.7300000e+00   4.7696663e-01   0.0000000e+00
   2.7500000e+00   4.7589788e-01   0.0000000e+00
   2.7700000e+00   4.7482912e-01   0.0000000e+00
   2.7900000e+00   4.7376037e-01   0.0000000e+00
   2.8100000e+00   4.7269162e-01   0.0000000e+00
   2.8300000e+00   4.7162286e-01   0.0000000e+00
   2.8500000e+00   4.7055411e-01   0.0000000e+00
   2.8700000e+00   4.6896641e-01   0.0000000e+00
   2.8900000e+00   4.6757213e-01   0.0000000e+00
   2.9100000e+00   4.6637128e-01   0.0000000e+00
   2.9300000e+00   4.6530253e-01   0.0000000e+00
   2.9500000e+00   4.6423377e-01   0.0000000e+00
   2.9700000e+00   4.6316502e-01   0.0000000e+00
   2.9900000e+00   4.6209627e-01   0.0000000e+00
   3.0100000e+00   4.6102751e-01   0.0000000e+00
   3.0300000e+00   4.5995876e-01   0.0000000e+00
   3.0500000e+00   4.5842000e-01   0.0000000e+00
   3.0700000e+00   4.5702573e-01   0.0000000e+00
   3.0900000e+00   4.5577593e-01   0.0000000e+00
   3.1100000e+00   4.5447051e-01   0.0000000e+00
   3.1300000e+00   4.5313624e-01   0.0000000e+00
   3.1500000e+00   4.5177312e-01   0.0000000e+00
   3.1700000e+00   4.5123540e-01   0.0000000e+00
   3.1900000e+00   4.5043216e-01   0.0000000e+00
   3.2100000e+00   4.4936341e-01   0.0000000e+00
   3.2300000e+00   4.4829465e-01   0.0000000e+00
   3.2500000e+00   4.4753029e-01   0.0000000e+00
   3.2700000e+00   4.4707031e-01   0.0000000e+00
   3.2900000e+00   4.4688259e-01   0.0000000e+00
   3.3100000e+00   4.4648601e-01   0.0000000e+00
   3.3300000e+00   4.4588057e-01   0.0000000e+00
   3.3500000e+00   4.4481182e-01   0.0000000e+00
   3.3700000e+00   4.4349868e-01   0.0000000e+00
   3.3900000e+00   4.4194115e-01   0.0000000e+00
   3.4100000e+00   4.4033802e-01   0.0000000e+00
   3.4300000e+00   4.3873489e-01   0.0000000e+00
   3.4500000e+00   4.3713176e-01   0.0000000e+00
   3.4700000e+00   4.3552863e-01   0.0000000e+00
