   6.0000000e-01   9.7256060e-01   0.0000000e+00
   6.2000000e-01   9.5352756e-01   0.0000000e+00
   6.4000000e-01   9.3122792e-01   0.0000000e+00
   6.6000000e-01   9.0566166e-01   0.0000000e+00
   6.8000000e-01   8.7413341e-01   0.0000000e+00
   7.0000000e-01   8.4647485e-01   0.0000000e+00
   7.2000000e-01   8.2268598e-01   0.0000000e+00
   7.4000000e-01   8.0091933e-01   0.0000000e+00
   7.6000000e-01   7.8090196e-01   0.0000000e+00
   7.8000000e-01   7.6263387e-01   0.0000000e+00
   8.0000000e-01   7.4779270e-01   0.0000000e+00
   8.2000000e-01   7.3102051e-01   0.0000000e+00
   8.4000000e-01   7.1231732e-01   0.0000000e+00
   8.6000000e-01   6.9622900e-01   0.0000000e+00
   8.8000000e-01   6.8057550e-01   0.0000000e+00
   9.0000000e-01   6.6535681e-01   0.0000000e+00
   9.2000000e-01   6.5300107e-01   0.0000000e+00
   9.4000000e-01   6.4200609e-01   0.0000000e+00
   9.6000000e-01   6.3237187e-01   0.0000000e+00
   9.8000000e-01   6.2393447e-01   0.0000000e+00
   1.0000000e+00   6.1597514e-01   0.0000000e+00
   1.0200000e+00   6.0849386e-01   0.0000000e+00
   1.0400000e+00   6.0053855e-01   0.0000000e+00
   1.0600000e+00   5.9326780e-01   0.0000000e+00
   1.0800000e+00   5.8668160e-01   0.0000000e+00
   1.1000000e+00   5.8056275e-01   0.0000000e+00
   1.1200000e+00   5.7448312e-01   0.0000000e+00
   1.1400000e+00   5.6844270e-01   0.0000000e+00
   1.1600000e+00   5.6361857e-01   0.0000000e+00
   1.1800000e+00   5.5826743e-01   0.0000000e+00
   1.2000000e+00   5.5238928e-01   0.0000000e+00
   1.2200000e+00   5.4778638e-01   0.0000000e+00
   1.2400000e+00   5.4303901e-01   0.0000000e+00
   1.2600000e+00   5.3814715e-01   0.0000000e+00
   1.2800000e+00   5.3299514e-01   0.0000000e+00
   1.3000000e+00   5.2801443e-01   0.0000000e+00
   1.3200000e+00   5.2320504e-01   0.0000000e+00
   1.3400000e+00   5.1839565e-01   0.0000000e+00
   1.3600000e+00   5.1407905e-01   0.0000000e+00
   1.3800000e+00   5.1025526e-01   0.0000000e+00
   1.4000000e+00   5.0651463e-01   0.0000000e+00
   1.4200000e+00   5.0277399e-01   0.0000000e+00
   1.4400000e+00   4.9903335e-01   0.0000000e+00
   1.4600000e+00   4.9543552e-01   0.0000000e+00
   1.4800000e+00   4.9204654e-01   0.0000000e+00
   1.5000000e+00   4.8886642e-01   0.0000000e+00
   1.5200000e+00   4.8619454e-01   0.0000000e+00
   1.5400000e+00   4.8374458e-01   0.0000000e+00
   1.5600000e+00   4.8151655e-01   0.0000000e+00
   1.5800000e+00   4.7937904e-01   0.0000000e+00
   1.6000000e+00   4.7724153e-01   0.0000000e+00
   1.6200000e+00   4.7510403e-01   0.0000000e+00
   1.6400000e+00   4.7306038e-01   0.0000000e+00
   1.6600000e+00   4.7123699e-01   0.0000000e+00
   1.6800000e+00   4.6963386e-01   0.0000000e+00
   1.7000000e+00   4.6854230e-01   0.0000000e+00
   1.7200000e+00   4.6726469e-01   0.0000000e+00
   1.7400000e+00   4.6580103e-01   0.0000000e+00
   1.7600000e+00   4.6419790e-01   0.0000000e+00
   1.7800000e+00   4.6267556e-01   0.0000000e+00
   1.8000000e+00   4.6123401e-01   0.0000000e+00
   1.8200000e+00   4.6012034e-01   0.0000000e+00
   1.8400000e+00   4.5876194e-01   0.0000000e+00
   1.8600000e+00   4.5715881e-01   0.0000000e+00
   1.8800000e+00   4.5555568e-01   0.0000000e+00
   1.9000000e+00   4.5412553e-01   0.0000000e+00
   1.9200000e+00   4.5286836e-01   0.0000000e+00
   1.9400000e+00   4.5179960e-01   0.0000000e+00
   1.9600000e+00   4.5073085e-01   0.0000000e+00
   1.9800000e+00   4.4966210e-01   0.0000000e+00
   2.0000000e+00   4.4859334e-01   0.0000000e+00
   2.0200000e+00   4.4778976e-01   0.0000000e+00
   2.0400000e+00   4.4725136e-01   0.0000000e+00
   2.0600000e+00   4.4588961e-01   0.0000000e+00
   2.0800000e+00   4.4455569e-01   0.0000000e+00
   2.1000000e+00   4.4324957e-01   0.0000000e+00
   2.1200000e+00   4.4218082e-01   0.0000000e+00
   2.1400000e+00   4.4111206e-01   0.0000000e+00
   2.1600000e+00   4.4004331e-01   0.0000000e+00
   2.1800000e+00   4.3897456e-01   0.0000000e+00
   2.2000000e+00   4.3790580e-01   0.0000000e+00
   2.2200000e+00   4.3683705e-01   0.0000000e+00
   2.2400000e+00   4.3576829e-01   0.0000000e+00
   2.2600000e+00   4.3469954e-01   0.0000000e+00
   2.2800000e+00   4.3363079e-01   0.0000000e+00
   2.3000000e+00   4.3256203e-01   0.0000000e+00
   2.3200000e+00   4.3149328e-01   0.0000000e+00
   2.3400000e+00   4.3042452e-01   0.0000000e+00
   2.3600000e+00   4.2935577e-01   0.0000000e+00
   2.3800000e+00   4.2807079e-01   0.0000000e+00
   2.4000000e+00   4.2656958e-01   0.0000000e+00
   2.4200000e+00   4.2559803e-01   0.0000000e+00
   2.4400000e+00   4.2484506e-01   0.0000000e+00
   2.4600000e+00   4.2431069e-01   0.0000000e+00
   2.4800000e+00   4.2369385e-01   0.0000000e+00
   2.5000000e+00   4.2285105e-01   0.0000000e+00
   2.5200000e+00   4.2178230e-01   0.0000000e+00
   2.5400000e+00   4.2071355e-01   0.0000000e+00
   2.5600000e+00   4.1983655e-01   0.0000000e+00
   2.5800000e+00   4.1915130e-01   0.0000000e+00
   2.6000000e+00   4.1861692e-01   0.0000000e+00
   2.6200000e+00   4.1800746e-01   0.0000000e+00
   2.6400000e+00   4.1732290e-01   0.0000000e+00
   2.6600000e+00   4.1628766e-01   0.0000000e+00
   2.6800000e+00   4.1550285e-01   0.0000000e+00
   2.7000000e+00   4.1496848e-01   0.0000000e+00
   2.7200000e+00   4.1443410e-01   0.0000000e+00
   2.7400000e+00   4.1373244e-01   0.0000000e+00
   2.7600000e+00   4.1286350e-01   0.0000000e+00
   2.7800000e+00   4.1201264e-01   0.0000000e+00
   2.8000000e+00   4.1132003e-01   0.0000000e+00
   2.8200000e+00   4.1078565e-01   0.0000000e+00
   2.8400000e+00   4.1025127e-01   0.0000000e+00
   2.8600000e+00   4.0945742e-01   0.0000000e+00
   2.8800000e+00   4.0840410e-01   0.0000000e+00
   2.9000000e+00   4.0813991e-01   0.0000000e+00
   2.9200000e+00   4.0772220e-01   0.0000000e+00
   2.9400000e+00   4.0715096e-01   0.0000000e+00
   2.9600000e+00   4.0642011e-01   0.0000000e+00
   2.9800000e+00   4.0600240e-01   0.0000000e+00
   3.0000000e+00   4.0589783e-01   0.0000000e+00
   3.0200000e+00   4.0482907e-01   0.0000000e+00
   3.0400000e+00   4.0399532e-01   0.0000000e+00
   3.0600000e+00   4.0339656e-01   0.0000000e+00
   3.0800000e+00   4.0286219e-01   0.0000000e+00
   3.1000000e+00   4.0232781e-01   0.0000000e+00
   3.1200000e+00   4.0179343e-01   0.0000000e+00
   3.1400000e+00   4.0137906e-01   0.0000000e+00
   3.1600000e+00   4.0116686e-01   0.0000000e+00
   3.1800000e+00   4.0115684e-01   0.0000000e+00
   3.2000000e+00   3.9955371e-01   0.0000000e+00
   2.1000000e+00   6.8649914e-01   1.0000000e+00
   2.1200000e+00   6.8436164e-01   1.0000000e+00
   2.1400000e+00   6.8222413e-01   1.0000000e+00
   2.1600000e+00   6.8008662e-01   1.0000000e+00
   2.1800000e+00   6.7794911e-01   1.0000000e+00
   2.2000000e+00   6.7581160e-01   1.0000000e+00
   2.2200000e+00   6.7367409e-01   1.0000000e+00
   2.2400000e+00   6.7080711e-01   1.0000000e+00
   2.2600000e+00   6.6801856e-01   1.0000000e+00
   2.2800000e+00   6.6530844e-01   1.0000000e+00
   2.3000000e+00   6.6303953e-01   1.0000000e+00
   2.3200000e+00   6.6056913e-01   1.0000000e+00
   2.3400000e+00   6.5789725e-01   1.0000000e+00
   2.3600000e+00   6.5522536e-01   1.0000000e+00
   2.3800000e+00   6.5255347e-01   1.0000000e+00
   2.4000000e+00   6.4988159e-01   1.0000000e+00
   2.4200000e+00   6.4752549e-01   1.0000000e+00
   2.4400000e+00   6.4527869e-01   1.0000000e+00
   2.4600000e+00   6.4314118e-01   1.0000000e+00
   2.4800000e+00   6.4100368e-01   1.0000000e+00
   2.5000000e+00   6.3886617e-01   1.0000000e+00
   2.5200000e+00   6.3672866e-01   1.0000000e+00
   2.5400000e+00   6.3459115e-01   1.0000000e+00
   2.5600000e+00   6.3264540e-01   1.0000000e+00
   2.5800000e+00   6.3089140e-01   1.0000000e+00
   2.6000000e+00   6.2902142e-01   1.0000000e+00
   2.6200000e+00   6.2694259e-01   1.0000000e+00
   2.6400000e+00   6.2465490e-01   1.0000000e+00
   2.6600000e+00   6.2201653e-01   1.0000000e+00
   2.6800000e+00   6.1962860e-01   1.0000000e+00
   2.7000000e+00   6.1749109e-01   1.0000000e+00
   2.7200000e+00   6.1625603e-01   1.0000000e+00
   2.7400000e+00   6.1493685e-01   1.0000000e+00
   2.7600000e+00   6.1353353e-01   1.0000000e+00
   2.7800000e+00   6.1171250e-01   1.0000000e+00
   2.8000000e+00   6.0983447e-01   1.0000000e+00
   2.8200000e+00   6.0789942e-01   1.0000000e+00
   2.8400000e+00   6.0683067e-01   1.0000000e+00
   2.8600000e+00   6.0576192e-01   1.0000000e+00
   2.8800000e+00   6.0469316e-01   1.0000000e+00
   2.9000000e+00   6.0402669e-01   1.0000000e+00
   2.9200000e+00   6.0328346e-01   1.0000000e+00
   2.9400000e+00   6.0246346e-01   1.0000000e+00
   2.9600000e+00   6.0139471e-01   1.0000000e+00
   2.9800000e+00   6.0032595e-01   1.0000000e+00
   3.0000000e+00   5.9925720e-01   1.0000000e+00
   3.0200000e+00   5.9818845e-01   1.0000000e+00
   3.0400000e+00   5.9735469e-01   1.0000000e+00
   3.0600000e+00   5.9675594e-01   1.0000000e+00
   3.0800000e+00   5.9586823e-01   1.0000000e+00
   3.1000000e+00   5.9488999e-01   1.0000000e+00
   3.1200000e+00   5.9382124e-01   1.0000000e+00
   3.1400000e+00   5.9287249e-01   1.0000000e+00
