   6.0000000e-01   9.7475610e-01   0.0000000e+00
   6.2000000e-01   9.5732619e-01   0.0000000e+00
   6.4000000e-01   9.3653581e-01   0.0000000e+00
   6.6000000e-01   9.1238496e-01   0.0000000e+00
   6.8000000e-01   8.7978796e-01   0.0000000e+00
   7.0000000e-01   8.5151590e-01   0.0000000e+00
   7.2000000e-01   8.2756879e-01   0.0000000e+00
   7.4000000e-01   8.0580214e-01   0.0000000e+00
   7.6000000e-01   7.8567381e-01   0.0000000e+00
   7.8000000e-01   7.6718379e-01   0.0000000e+00
   8.0000000e-01   7.5191350e-01   0.0000000e+00
   8.2000000e-01   7.3492676e-01   0.0000000e+00
   8.4000000e-01   7.1622357e-01   0.0000000e+00
   8.6000000e-01   7.0013525e-01   0.0000000e+00
   8.8000000e-01   6.8468490e-01   0.0000000e+00
   9.0000000e-01   6.6987252e-01   0.0000000e+00
   9.2000000e-01   6.5718222e-01   0.0000000e+00
   9.4000000e-01   6.4574506e-01   0.0000000e+00
   9.6000000e-01   6.3556103e-01   0.0000000e+00
   9.8000000e-01   6.2754538e-01   0.0000000e+00
   1.0000000e+00   6.1952972e-01   0.0000000e+00
   1.0200000e+00   6.1151407e-01   0.0000000e+00
   1.0400000e+00   6.0397244e-01   0.0000000e+00
   1.0600000e+00   5.9699704e-01   0.0000000e+00
   1.0800000e+00   5.9058785e-01   0.0000000e+00
   1.1000000e+00   5.8470970e-01   0.0000000e+00
   1.1200000e+00   5.7883156e-01   0.0000000e+00
   1.1400000e+00   5.7295341e-01   0.0000000e+00
   1.1600000e+00   5.6707526e-01   0.0000000e+00
   1.1800000e+00   5.6119711e-01   0.0000000e+00
   1.2000000e+00   5.5531897e-01   0.0000000e+00
   1.2200000e+00   5.5029099e-01   0.0000000e+00
   1.2400000e+00   5.4552651e-01   0.0000000e+00
   1.2600000e+00   5.4102553e-01   0.0000000e+00
   1.2800000e+00   5.3655876e-01   0.0000000e+00
   1.3000000e+00   5.3188314e-01   0.0000000e+00
   1.3200000e+00   5.2699865e-01   0.0000000e+00
   1.3400000e+00   5.2165488e-01   0.0000000e+00
   1.3600000e+00   5.1705032e-01   0.0000000e+00
   1.3800000e+00   5.1318495e-01   0.0000000e+00
   1.4000000e+00   5.0944431e-01   0.0000000e+00
   1.4200000e+00   5.0570367e-01   0.0000000e+00
   1.4400000e+00   5.0196303e-01   0.0000000e+00
   1.4600000e+00   4.9822240e-01   0.0000000e+00
   1.4800000e+00   4.9450790e-01   0.0000000e+00
   1.5000000e+00   4.9081955e-01   0.0000000e+00
   1.5200000e+00   4.8814766e-01   0.0000000e+00
   1.5400000e+00   4.8547578e-01   0.0000000e+00
   1.5600000e+00   4.8280389e-01   0.0000000e+00
   1.5800000e+00   4.8078639e-01   0.0000000e+00
   1.6000000e+00   4.7887081e-01   0.0000000e+00
   1.6200000e+00   4.7705715e-01   0.0000000e+00
   1.6400000e+00   4.7501351e-01   0.0000000e+00
   1.6600000e+00   4.7319012e-01   0.0000000e+00
   1.6800000e+00   4.7158699e-01   0.0000000e+00
   1.7000000e+00   4.7049543e-01   0.0000000e+00
   1.7200000e+00   4.6921782e-01   0.0000000e+00
   1.7400000e+00   4.6775416e-01   0.0000000e+00
   1.7600000e+00   4.6642927e-01   0.0000000e+00
   1.7800000e+00   4.6515166e-01   0.0000000e+00
   1.8000000e+00   4.6392133e-01   0.0000000e+00
   1.8200000e+00   4.6236311e-01   0.0000000e+00
   1.8400000e+00   4.6104963e-01   0.0000000e+00
   1.8600000e+00   4.5998087e-01   0.0000000e+00
   1.8800000e+00   4.5891212e-01   0.0000000e+00
   1.9000000e+00   4.5784336e-01   0.0000000e+00
   1.9200000e+00   4.5677461e-01   0.0000000e+00
   1.9400000e+00   4.5547656e-01   0.0000000e+00
   1.9600000e+00   4.5408228e-01   0.0000000e+00
   1.9800000e+00   4.5259178e-01   0.0000000e+00
   2.0000000e+00   4.5152303e-01   0.0000000e+00
   2.0200000e+00   4.5045428e-01   0.0000000e+00
   2.0400000e+00   4.4938552e-01   0.0000000e+00
   2.0600000e+00   4.4873045e-01   0.0000000e+00
   2.0800000e+00   4.4798722e-01   0.0000000e+00
   2.1000000e+00   4.4715582e-01   0.0000000e+00
   2.1200000e+00   4.4608707e-01   0.0000000e+00
   2.1400000e+00   4.4501831e-01   0.0000000e+00
   2.1600000e+00   4.4394956e-01   0.0000000e+00
   2.1800000e+00   4.4288081e-01   0.0000000e+00
   2.2000000e+00   4.4181205e-01   0.0000000e+00
   2.2200000e+00   4.4074330e-01   0.0000000e+00
   2.2400000e+00   4.3967454e-01   0.0000000e+00
   2.2600000e+00   4.3860579e-01   0.0000000e+00
   2.2800000e+00   4.3753704e-01   0.0000000e+00
   2.3000000e+00   4.3646828e-01   0.0000000e+00
   2.3200000e+00   4.3539953e-01   0.0000000e+00
   2.3400000e+00   4.3433077e-01   0.0000000e+00
   2.3600000e+00   4.3326202e-01   0.0000000e+00
   2.3800000e+00   4.3219326e-01   0.0000000e+00
   2.4000000e+00   4.3112451e-01   0.0000000e+00
   2.4200000e+00   4.3005576e-01   0.0000000e+00
   2.4400000e+00   4.2908657e-01   0.0000000e+00
   2.4600000e+00   4.2821694e-01   0.0000000e+00
   2.4800000e+00   4.2760010e-01   0.0000000e+00
   2.5000000e+00   4.2675730e-01   0.0000000e+00
   2.5200000e+00   4.2568855e-01   0.0000000e+00
   2.5400000e+00   4.2461980e-01   0.0000000e+00
   2.5600000e+00   4.2355104e-01   0.0000000e+00
   2.5800000e+00   4.2248229e-01   0.0000000e+00
   2.6000000e+00   4.2194722e-01   0.0000000e+00
   2.6200000e+00   4.2152951e-01   0.0000000e+00
   2.6400000e+00   4.2122915e-01   0.0000000e+00
   2.6600000e+00   4.2016040e-01   0.0000000e+00
   2.6800000e+00   4.1909164e-01   0.0000000e+00
   2.7000000e+00   4.1802289e-01   0.0000000e+00
   2.7200000e+00   4.1740536e-01   0.0000000e+00
   2.7400000e+00   4.1682941e-01   0.0000000e+00
   2.7600000e+00   4.1629503e-01   0.0000000e+00
   2.7800000e+00   4.1554276e-01   0.0000000e+00
   2.8000000e+00   4.1473348e-01   0.0000000e+00
   2.8200000e+00   4.1386719e-01   0.0000000e+00
   2.8400000e+00   4.1386719e-01   0.0000000e+00
   2.8600000e+00   4.1360772e-01   0.0000000e+00
   2.8800000e+00   4.1308877e-01   0.0000000e+00
   2.9000000e+00   4.1255439e-01   0.0000000e+00
   2.9200000e+00   4.1202001e-01   0.0000000e+00
   2.9400000e+00   4.1148564e-01   0.0000000e+00
   2.9600000e+00   4.1112021e-01   0.0000000e+00
   2.9800000e+00   4.1093750e-01   0.0000000e+00
   3.0000000e+00   4.1093750e-01   0.0000000e+00
   3.0200000e+00   4.1093750e-01   0.0000000e+00
   3.0400000e+00   4.1093750e-01   0.0000000e+00
   3.0600000e+00   4.1093750e-01   0.0000000e+00
   3.0800000e+00   4.1093750e-01   0.0000000e+00
   3.1000000e+00   4.1081916e-01   0.0000000e+00
   3.1200000e+00   4.1058249e-01   0.0000000e+00
   3.1400000e+00   4.1016812e-01   0.0000000e+00
   3.1600000e+00   4.0996094e-01   0.0000000e+00
   3.1800000e+00   4.0996094e-01   0.0000000e+00
   3.2000000e+00   4.0996094e-01   0.0000000e+00
   3.2200000e+00   4.1017146e-01   0.0000000e+00
   3.2400000e+00   4.1059252e-01   0.0000000e+00
   3.2600000e+00   4.1112689e-01   0.0000000e+00
   3.2800000e+00   4.1166127e-01   0.0000000e+00
   3.3000000e+00   4.1219565e-01   0.0000000e+00
   3.3200000e+00   4.1265897e-01   0.0000000e+00
   3.3400000e+00   4.1289063e-01   0.0000000e+00
   3.3600000e+00   4.1289063e-01   0.0000000e+00
   3.3800000e+00   4.1289063e-01   0.0000000e+00
   3.4000000e+00   4.1326273e-01   0.0000000e+00
   3.4200000e+00   4.1400695e-01   0.0000000e+00
   2.1600000e+00   6.8594599e-01   1.0000000e+00
   2.1800000e+00   6.8380849e-01   1.0000000e+00
   2.2000000e+00   6.8191168e-01   1.0000000e+00
   2.2200000e+00   6.8025557e-01   1.0000000e+00
   2.2400000e+00   6.7755823e-01   1.0000000e+00
   2.2600000e+00   6.7485450e-01   1.0000000e+00
   2.2800000e+00   6.7214438e-01   1.0000000e+00
   2.3000000e+00   6.7000688e-01   1.0000000e+00
   2.3200000e+00   6.6785462e-01   1.0000000e+00
   2.3400000e+00   6.6568763e-01   1.0000000e+00
   2.3600000e+00   6.6248137e-01   1.0000000e+00
   2.3800000e+00   6.5970756e-01   1.0000000e+00
   2.4000000e+00   6.5736621e-01   1.0000000e+00
   2.4200000e+00   6.5459712e-01   1.0000000e+00
   2.4400000e+00   6.5170901e-01   1.0000000e+00
   2.4600000e+00   6.4870187e-01   1.0000000e+00
   2.4800000e+00   6.4611245e-01   1.0000000e+00
   2.5000000e+00   6.4374898e-01   1.0000000e+00
   2.5200000e+00   6.4161147e-01   1.0000000e+00
   2.5400000e+00   6.3947396e-01   1.0000000e+00
   2.5600000e+00   6.3714470e-01   1.0000000e+00
   2.5800000e+00   6.3462368e-01   1.0000000e+00
   2.6000000e+00   6.3248549e-01   1.0000000e+00
   2.6200000e+00   6.3053973e-01   1.0000000e+00
   2.6400000e+00   6.2878642e-01   1.0000000e+00
   2.6600000e+00   6.2664892e-01   1.0000000e+00
   2.6800000e+00   6.2451141e-01   1.0000000e+00
   2.7000000e+00   6.2237390e-01   1.0000000e+00
   2.7200000e+00   6.2068762e-01   1.0000000e+00
   2.7400000e+00   6.1904291e-01   1.0000000e+00
   2.7600000e+00   6.1743978e-01   1.0000000e+00
   2.7800000e+00   6.1561875e-01   1.0000000e+00
   2.8000000e+00   6.1379133e-01   1.0000000e+00
   2.8200000e+00   6.1195753e-01   1.0000000e+00
   2.8400000e+00   6.1142315e-01   1.0000000e+00
   2.8600000e+00   6.1062930e-01   1.0000000e+00
   2.8800000e+00   6.0957597e-01   1.0000000e+00
   2.9000000e+00   6.0890950e-01   1.0000000e+00
   2.9200000e+00   6.0830908e-01   1.0000000e+00
   2.9400000e+00   6.0777470e-01   1.0000000e+00
   2.9600000e+00   6.0724032e-01   1.0000000e+00
   2.9800000e+00   6.0667980e-01   1.0000000e+00
   3.0000000e+00   6.0609314e-01   1.0000000e+00
   3.0200000e+00   6.0502438e-01   1.0000000e+00
   3.0400000e+00   6.0442563e-01   1.0000000e+00
   3.0600000e+00   6.0429687e-01   1.0000000e+00
   3.0800000e+00   6.0359020e-01   1.0000000e+00
   3.1000000e+00   6.0270249e-01   1.0000000e+00
   3.1200000e+00   6.0163374e-01   1.0000000e+00
   3.1400000e+00   6.0044498e-01   1.0000000e+00
   3.1600000e+00   5.9905070e-01   1.0000000e+00
   3.1800000e+00   5.9745091e-01   1.0000000e+00
   3.2000000e+00   5.9638216e-01   1.0000000e+00
   3.2200000e+00   5.9531341e-01   1.0000000e+00
   3.2400000e+00   5.9424465e-01   1.0000000e+00
