   6.0000000e-01   9.7865527e-01   0.0000000e+00
   6.2000000e-01   9.6856314e-01   0.0000000e+00
   6.4000000e-01   9.5619473e-01   0.0000000e+00
   6.6000000e-01   9.4155003e-01   0.0000000e+00
   6.8000000e-01   9.1696869e-01   0.0000000e+00
   7.0000000e-01   8.9307023e-01   0.0000000e+00
   7.2000000e-01   8.6985466e-01   0.0000000e+00
   7.4000000e-01   8.4687644e-01   0.0000000e+00
   7.6000000e-01   8.2589558e-01   0.0000000e+00
   7.8000000e-01   8.0691207e-01   0.0000000e+00
   8.0000000e-01   7.9292107e-01   0.0000000e+00
   8.2000000e-01   7.7764272e-01   0.0000000e+00
   8.4000000e-01   7.6107703e-01   0.0000000e+00
   8.6000000e-01   7.4608027e-01   0.0000000e+00
   8.8000000e-01   7.3069430e-01   0.0000000e+00
   9.0000000e-01   7.1491912e-01   0.0000000e+00
   9.2000000e-01   7.0120498e-01   0.0000000e+00
   9.4000000e-01   6.8881573e-01   0.0000000e+00
   9.6000000e-01   6.7775136e-01   0.0000000e+00
   9.8000000e-01   6.6813258e-01   0.0000000e+00
   1.0000000e+00   6.5851379e-01   0.0000000e+00
   1.0200000e+00   6.4889500e-01   0.0000000e+00
   1.0400000e+00   6.4117234e-01   0.0000000e+00
   1.0600000e+00   6.3392773e-01   0.0000000e+00
   1.0800000e+00   6.2716118e-01   0.0000000e+00
   1.1000000e+00   6.2098935e-01   0.0000000e+00
   1.1200000e+00   6.1502639e-01   0.0000000e+00
   1.1400000e+00   6.0927228e-01   0.0000000e+00
   1.1600000e+00   6.0392113e-01   0.0000000e+00
   1.1800000e+00   5.9830649e-01   0.0000000e+00
   1.2000000e+00   5.9242834e-01   0.0000000e+00
   1.2200000e+00   5.8740036e-01   0.0000000e+00
   1.2400000e+00   5.8232747e-01   0.0000000e+00
   1.2600000e+00   5.7720965e-01   0.0000000e+00
   1.2800000e+00   5.7167413e-01   0.0000000e+00
   1.3000000e+00   5.6596729e-01   0.0000000e+00
   1.3200000e+00   5.6008915e-01   0.0000000e+00
   1.3400000e+00   5.5421100e-01   0.0000000e+00
   1.3600000e+00   5.4907205e-01   0.0000000e+00
   1.3800000e+00   5.4467231e-01   0.0000000e+00
   1.4000000e+00   5.3964502e-01   0.0000000e+00
   1.4200000e+00   5.3458923e-01   0.0000000e+00
   1.4400000e+00   5.2950493e-01   0.0000000e+00
   1.4600000e+00   5.2483834e-01   0.0000000e+00
   1.4800000e+00   5.2038061e-01   0.0000000e+00
   1.5000000e+00   5.1613174e-01   0.0000000e+00
   1.5200000e+00   5.1239110e-01   0.0000000e+00
   1.5400000e+00   5.0865046e-01   0.0000000e+00
   1.5600000e+00   5.0490982e-01   0.0000000e+00
   1.5800000e+00   5.0116919e-01   0.0000000e+00
   1.6000000e+00   4.9774434e-01   0.0000000e+00
   1.6200000e+00   4.9463528e-01   0.0000000e+00
   1.6400000e+00   4.9231004e-01   0.0000000e+00
   1.6600000e+00   4.8954430e-01   0.0000000e+00
   1.6800000e+00   4.8633803e-01   0.0000000e+00
   1.7000000e+00   4.8415492e-01   0.0000000e+00
   1.7200000e+00   4.8199461e-01   0.0000000e+00
   1.7400000e+00   4.7985710e-01   0.0000000e+00
   1.7600000e+00   4.7799784e-01   0.0000000e+00
   1.7800000e+00   4.7618585e-01   0.0000000e+00
   1.8000000e+00   4.7442114e-01   0.0000000e+00
   1.8200000e+00   4.7241838e-01   0.0000000e+00
   1.8400000e+00   4.7114981e-01   0.0000000e+00
   1.8600000e+00   4.7061543e-01   0.0000000e+00
   1.8800000e+00   4.6915580e-01   0.0000000e+00
   1.9000000e+00   4.6797038e-01   0.0000000e+00
   1.9200000e+00   4.6705918e-01   0.0000000e+00
   1.9400000e+00   4.6629550e-01   0.0000000e+00
   1.9600000e+00   4.6549192e-01   0.0000000e+00
   1.9800000e+00   4.6464844e-01   0.0000000e+00
   2.0000000e+00   4.6464844e-01   0.0000000e+00
   2.0200000e+00   4.6438326e-01   0.0000000e+00
   2.0400000e+00   4.6385292e-01   0.0000000e+00
   2.0600000e+00   4.6331854e-01   0.0000000e+00
   2.0800000e+00   4.6278416e-01   0.0000000e+00
   2.1000000e+00   4.6224979e-01   0.0000000e+00
   2.1200000e+00   4.6171541e-01   0.0000000e+00
   2.1400000e+00   4.6114919e-01   0.0000000e+00
   2.1600000e+00   4.6055112e-01   0.0000000e+00
   2.1800000e+00   4.5948237e-01   0.0000000e+00
   2.2000000e+00   4.5865431e-01   0.0000000e+00
   2.2200000e+00   4.5806696e-01   0.0000000e+00
   2.2400000e+00   4.5716785e-01   0.0000000e+00
   2.2600000e+00   4.5630795e-01   0.0000000e+00
   2.2800000e+00   4.5548727e-01   0.0000000e+00
   2.3000000e+00   4.5482148e-01   0.0000000e+00
   2.3200000e+00   4.5395421e-01   0.0000000e+00
   2.3400000e+00   4.5288546e-01   0.0000000e+00
   2.3600000e+00   4.5181671e-01   0.0000000e+00
   2.3800000e+00   4.5074795e-01   0.0000000e+00
   2.4000000e+00   4.4967920e-01   0.0000000e+00
   2.4200000e+00   4.4924202e-01   0.0000000e+00
   2.4400000e+00   4.4882431e-01   0.0000000e+00
   2.4600000e+00   4.4842606e-01   0.0000000e+00
   2.4800000e+00   4.4743977e-01   0.0000000e+00
   2.5000000e+00   4.4667943e-01   0.0000000e+00
   2.5200000e+00   4.4614506e-01   0.0000000e+00
   2.5400000e+00   4.4561068e-01   0.0000000e+00
   2.5600000e+00   4.4507630e-01   0.0000000e+00
   2.5800000e+00   4.4454193e-01   0.0000000e+00
   2.6000000e+00   4.4400755e-01   0.0000000e+00
   2.6200000e+00   4.4332299e-01   0.0000000e+00
   2.6400000e+00   4.4248825e-01   0.0000000e+00
   2.6600000e+00   4.4095215e-01   0.0000000e+00
   2.6800000e+00   4.3991691e-01   0.0000000e+00
   2.7000000e+00   4.3938254e-01   0.0000000e+00
   2.7200000e+00   4.3839693e-01   0.0000000e+00
   2.7400000e+00   4.3753704e-01   0.0000000e+00
   2.7600000e+00   4.3680284e-01   0.0000000e+00
   2.7800000e+00   4.3583267e-01   0.0000000e+00
   2.8000000e+00   4.3464725e-01   0.0000000e+00
   2.8200000e+00   4.3324659e-01   0.0000000e+00
   2.8400000e+00   4.3271221e-01   0.0000000e+00
   2.8600000e+00   4.3217783e-01   0.0000000e+00
   2.8800000e+00   4.3164346e-01   0.0000000e+00
   2.9000000e+00   4.3110908e-01   0.0000000e+00
   2.9200000e+00   4.3057470e-01   0.0000000e+00
   2.9400000e+00   4.3004033e-01   0.0000000e+00
   2.9600000e+00   4.2967490e-01   0.0000000e+00
   2.9800000e+00   4.2949219e-01   0.0000000e+00
   3.0000000e+00   4.2949219e-01   0.0000000e+00
   3.0200000e+00   4.2949219e-01   0.0000000e+00
   3.0400000e+00   4.2949219e-01   0.0000000e+00
   3.0600000e+00   4.2949219e-01   0.0000000e+00
   3.0800000e+00   4.2949219e-01   0.0000000e+00
   3.1000000e+00   4.2937385e-01   0.0000000e+00
   3.1200000e+00   4.2913718e-01   0.0000000e+00
   3.1400000e+00   4.2872281e-01   0.0000000e+00
   3.1600000e+00   4.2851395e-01   0.0000000e+00
   3.1800000e+00   4.2851061e-01   0.0000000e+00
   3.2000000e+00   4.2797624e-01   0.0000000e+00
   3.2200000e+00   4.2765239e-01   0.0000000e+00
   3.2400000e+00   4.2753906e-01   0.0000000e+00
   3.2600000e+00   4.2723467e-01   0.0000000e+00
   3.2800000e+00   4.2690915e-01   0.0000000e+00
   3.3000000e+00   4.2656250e-01   0.0000000e+00
   3.3200000e+00   4.2656250e-01   0.0000000e+00
   3.3400000e+00   4.2656250e-01   0.0000000e+00
   3.3600000e+00   4.2656250e-01   0.0000000e+00
   3.3800000e+00   4.2607373e-01   0.0000000e+00
   3.4000000e+00   4.2537610e-01   0.0000000e+00
   3.4200000e+00   4.2446961e-01   0.0000000e+00
   3.4400000e+00   4.2391175e-01   0.0000000e+00
   3.4600000e+00   4.2349403e-01   0.0000000e+00
   3.4800000e+00   4.2321648e-01   0.0000000e+00
   3.5000000e+00   4.2216984e-01   0.0000000e+00
   3.5200000e+00   4.2137933e-01   0.0000000e+00
   3.5400000e+00   4.2084495e-01   0.0000000e+00
   3.5600000e+00   4.2031057e-01   0.0000000e+00
   3.5800000e+00   4.1961462e-01   0.0000000e+00
   3.6000000e+00   4.1875708e-01   0.0000000e+00
   3.6200000e+00   4.1789482e-01   0.0000000e+00
   3.6400000e+00   4.1719650e-01   0.0000000e+00
   3.6600000e+00   4.1666213e-01   0.0000000e+00
   3.6800000e+00   4.1612775e-01   0.0000000e+00
   3.7000000e+00   4.1559337e-01   0.0000000e+00
   3.7200000e+00   4.1505900e-01   0.0000000e+00
   3.7400000e+00   4.1452462e-01   0.0000000e+00
   3.7600000e+00   4.1399024e-01   0.0000000e+00
   3.7800000e+00   4.1345587e-01   0.0000000e+00
   3.8000000e+00   4.1307904e-01   0.0000000e+00
   2.1000000e+00   7.1917123e-01   1.0000000e+00
   2.1200000e+00   7.1738775e-01   1.0000000e+00
   2.1400000e+00   7.1542725e-01   1.0000000e+00
   2.1600000e+00   7.1328974e-01   1.0000000e+00
   2.1800000e+00   7.1115224e-01   1.0000000e+00
   2.2000000e+00   7.0901473e-01   1.0000000e+00
   2.2200000e+00   7.0687722e-01   1.0000000e+00
   2.2400000e+00   7.0437498e-01   1.0000000e+00
   2.2600000e+00   7.0191195e-01   1.0000000e+00
   2.2800000e+00   6.9948813e-01   1.0000000e+00
   2.3000000e+00   6.9735062e-01   1.0000000e+00
   2.3200000e+00   6.9522049e-01   1.0000000e+00
   2.3400000e+00   6.9309772e-01   1.0000000e+00
   2.3600000e+00   6.9149459e-01   1.0000000e+00
   2.3800000e+00   6.8967523e-01   1.0000000e+00
   2.4000000e+00   6.8763965e-01   1.0000000e+00
   2.4200000e+00   6.8550214e-01   1.0000000e+00
   2.4400000e+00   6.8336463e-01   1.0000000e+00
   2.4600000e+00   6.8122712e-01   1.0000000e+00
   2.4800000e+00   6.7908961e-01   1.0000000e+00
   2.5000000e+00   6.7695211e-01   1.0000000e+00
   2.5200000e+00   6.7481460e-01   1.0000000e+00
   2.5400000e+00   6.7317726e-01   1.0000000e+00
   2.5600000e+00   6.7117352e-01   1.0000000e+00
   2.5800000e+00   6.6880337e-01   1.0000000e+00
   2.6000000e+00   6.6666518e-01   1.0000000e+00
   2.6200000e+00   6.6479451e-01   1.0000000e+00
   2.6400000e+00   6.6319138e-01   1.0000000e+00
   2.6600000e+00   6.6155473e-01   1.0000000e+00
   2.6800000e+00   6.5966766e-01   1.0000000e+00
   2.7000000e+00   6.5753015e-01   1.0000000e+00
   2.7200000e+00   6.5539264e-01   1.0000000e+00
   2.7400000e+00   6.5342241e-01   1.0000000e+00
   2.7600000e+00   6.5161947e-01   1.0000000e+00
   2.7800000e+00   6.5001634e-01   1.0000000e+00
   2.8000000e+00   6.4846382e-01   1.0000000e+00
   2.8200000e+00   6.4696192e-01   1.0000000e+00
   2.8400000e+00   6.4589317e-01   1.0000000e+00
   2.8600000e+00   6.4456494e-01   1.0000000e+00
   2.8800000e+00   6.4297724e-01   1.0000000e+00
   2.9000000e+00   6.4137411e-01   1.0000000e+00
   2.9200000e+00   6.3991379e-01   1.0000000e+00
   2.9400000e+00   6.3859628e-01   1.0000000e+00
   2.9600000e+00   6.3735857e-01   1.0000000e+00
   2.9800000e+00   6.3596430e-01   1.0000000e+00
   3.0000000e+00   6.3441345e-01   1.0000000e+00
   3.0200000e+00   6.3334470e-01   1.0000000e+00
   3.0400000e+00   6.3227594e-01   1.0000000e+00
   3.0600000e+00   6.3120719e-01   1.0000000e+00
   3.0800000e+00   6.3049177e-01   1.0000000e+00
   3.1000000e+00   6.2986687e-01   1.0000000e+00
   3.1200000e+00   6.2933249e-01   1.0000000e+00
   3.1400000e+00   6.2903813e-01   1.0000000e+00
   2.7900000e+00   7.8398437e-01   2.0000000e+00
   2.8100000e+00   7.8357944e-01   2.0000000e+00
   2.8300000e+00   7.8230822e-01   2.0000000e+00
   2.8500000e+00   7.8017071e-01   2.0000000e+00
   2.8700000e+00   7.7751426e-01   2.0000000e+00
   2.8900000e+00   7.7444781e-01   2.0000000e+00
   2.9100000e+00   7.7097136e-01   2.0000000e+00
   2.9300000e+00   7.6694511e-01   2.0000000e+00
   2.9500000e+00   7.6296342e-01   2.0000000e+00
   2.9700000e+00   7.5902631e-01   2.0000000e+00
   2.9900000e+00   7.5576776e-01   2.0000000e+00
   3.0100000e+00   7.5226817e-01   2.0000000e+00
   3.0300000e+00   7.4852753e-01   2.0000000e+00
   3.0500000e+00   7.4807688e-01   2.0000000e+00
