   6.1000000e-01   9.9200969e-01   0.0000000e+00
   6.3000000e-01   9.8160914e-01   0.0000000e+00
   6.5000000e-01   9.6600832e-01   0.0000000e+00
   6.7000000e-01   9.4618443e-01   0.0000000e+00
   6.9000000e-01   9.2213746e-01   0.0000000e+00
   7.1000000e-01   9.0309832e-01   0.0000000e+00
   7.3000000e-01   8.8483294e-01   0.0000000e+00
   7.5000000e-01   8.6734130e-01   0.0000000e+00
   7.7000000e-01   8.5201666e-01   0.0000000e+00
   7.9000000e-01   8.3788919e-01   0.0000000e+00
   8.1000000e-01   8.2495887e-01   0.0000000e+00
   8.3000000e-01   8.1159945e-01   0.0000000e+00
   8.5000000e-01   7.9902449e-01   0.0000000e+00
   8.7000000e-01   7.8723399e-01   0.0000000e+00
   8.9000000e-01   7.7547769e-01   0.0000000e+00
   9.1000000e-01   7.6444551e-01   0.0000000e+00
   9.3000000e-01   7.5413745e-01   0.0000000e+00
   9.5000000e-01   7.4557199e-01   0.0000000e+00
   9.7000000e-01   7.3754862e-01   0.0000000e+00
   9.9000000e-01   7.3006734e-01   0.0000000e+00
   1.0100000e+00   7.2258606e-01   0.0000000e+00
   1.0300000e+00   7.1486777e-01   0.0000000e+00
   1.0500000e+00   7.0691246e-01   0.0000000e+00
   1.0700000e+00   7.0032626e-01   0.0000000e+00
   1.0900000e+00   6.9445514e-01   0.0000000e+00
   1.1100000e+00   6.8929910e-01   0.0000000e+00
   1.1300000e+00   6.8490004e-01   0.0000000e+00
   1.1500000e+00   6.8029213e-01   0.0000000e+00
   1.1700000e+00   6.7547537e-01   0.0000000e+00
   1.1900000e+00   6.7013160e-01   0.0000000e+00
   1.2100000e+00   6.6521291e-01   0.0000000e+00
   1.2300000e+00   6.6071931e-01   0.0000000e+00
   1.2500000e+00   6.5521062e-01   0.0000000e+00
   1.2700000e+00   6.4944176e-01   0.0000000e+00
   1.2900000e+00   6.4341275e-01   0.0000000e+00
   1.3100000e+00   6.3799389e-01   0.0000000e+00
   1.3300000e+00   6.3234538e-01   0.0000000e+00
   1.3500000e+00   6.2646724e-01   0.0000000e+00
   1.3700000e+00   6.2108189e-01   0.0000000e+00
   1.3900000e+00   6.1571733e-01   0.0000000e+00
   1.4100000e+00   6.1037356e-01   0.0000000e+00
   1.4300000e+00   6.0502979e-01   0.0000000e+00
   1.4500000e+00   5.9968602e-01   0.0000000e+00
   1.4700000e+00   5.9434225e-01   0.0000000e+00
   1.4900000e+00   5.8905077e-01   0.0000000e+00
   1.5100000e+00   5.8426752e-01   0.0000000e+00
   1.5300000e+00   5.7999250e-01   0.0000000e+00
   1.5500000e+00   5.7571749e-01   0.0000000e+00
   1.5700000e+00   5.7160607e-01   0.0000000e+00
   1.5900000e+00   5.6765824e-01   0.0000000e+00
   1.6100000e+00   5.6391760e-01   0.0000000e+00
   1.6300000e+00   5.6027082e-01   0.0000000e+00
   1.6500000e+00   5.5671791e-01   0.0000000e+00
   1.6700000e+00   5.5404602e-01   0.0000000e+00
   1.6900000e+00   5.5137414e-01   0.0000000e+00
   1.7100000e+00   5.4870225e-01   0.0000000e+00
   1.7300000e+00   5.4603037e-01   0.0000000e+00
   1.7500000e+00   5.4335848e-01   0.0000000e+00
   1.7700000e+00   5.4068660e-01   0.0000000e+00
   1.7900000e+00   5.3817629e-01   0.0000000e+00
   1.8100000e+00   5.3585239e-01   0.0000000e+00
   1.8300000e+00   5.3371488e-01   0.0000000e+00
   1.8500000e+00   5.3157737e-01   0.0000000e+00
   1.8700000e+00   5.2967118e-01   0.0000000e+00
   1.8900000e+00   5.2799630e-01   0.0000000e+00
   1.9100000e+00   5.2604720e-01   0.0000000e+00
   1.9300000e+00   5.2423320e-01   0.0000000e+00
   1.9500000e+00   5.2255429e-01   0.0000000e+00
   1.9700000e+00   5.2148554e-01   0.0000000e+00
   1.9900000e+00   5.2041678e-01   0.0000000e+00
   2.0100000e+00   5.1934803e-01   0.0000000e+00
   2.0300000e+00   5.1880962e-01   0.0000000e+00
   2.0500000e+00   5.1848007e-01   0.0000000e+00
   2.0700000e+00   5.1835937e-01   0.0000000e+00
   2.0900000e+00   5.1835937e-01   0.0000000e+00
   2.1100000e+00   5.1835937e-01   0.0000000e+00
   2.1300000e+00   5.1835937e-01   0.0000000e+00
   2.1500000e+00   5.1842306e-01   0.0000000e+00
   2.1700000e+00   5.1872210e-01   0.0000000e+00
   2.1900000e+00   5.1925647e-01   0.0000000e+00
   2.2100000e+00   5.1979085e-01   0.0000000e+00
   2.2300000e+00   5.2014286e-01   0.0000000e+00
   2.2500000e+00   5.2031250e-01   0.0000000e+00
   2.2700000e+00   5.2006443e-01   0.0000000e+00
   2.2900000e+00   5.1973891e-01   0.0000000e+00
   2.3100000e+00   5.1933594e-01   0.0000000e+00
   2.3300000e+00   5.1932120e-01   0.0000000e+00
   2.3500000e+00   5.1904664e-01   0.0000000e+00
   2.3700000e+00   5.1851226e-01   0.0000000e+00
   2.3900000e+00   5.1754543e-01   0.0000000e+00
   2.4100000e+00   5.1668553e-01   0.0000000e+00
   2.4300000e+00   5.1593256e-01   0.0000000e+00
   2.4500000e+00   5.1519906e-01   0.0000000e+00
   2.4700000e+00   5.1429793e-01   0.0000000e+00
   2.4900000e+00   5.1322918e-01   0.0000000e+00
   2.5100000e+00   5.1216043e-01   0.0000000e+00
   2.5300000e+00   5.1109167e-01   0.0000000e+00
   2.5500000e+00   5.1002292e-01   0.0000000e+00
   2.5700000e+00   5.0895416e-01   0.0000000e+00
   2.5900000e+00   5.0788541e-01   0.0000000e+00
   2.6100000e+00   5.0681666e-01   0.0000000e+00
   2.6300000e+00   5.0574790e-01   0.0000000e+00
   2.6500000e+00   5.0466239e-01   0.0000000e+00
   2.6700000e+00   5.0356012e-01   0.0000000e+00
   2.6900000e+00   5.0195699e-01   0.0000000e+00
   2.7100000e+00   5.0035386e-01   0.0000000e+00
   2.7300000e+00   4.9875073e-01   0.0000000e+00
   2.7500000e+00   4.9748216e-01   0.0000000e+00
   2.7700000e+00   4.9642245e-01   0.0000000e+00
   2.7900000e+00   4.9557159e-01   0.0000000e+00
   2.8100000e+00   4.9493598e-01   0.0000000e+00
   2.8300000e+00   4.9408380e-01   0.0000000e+00
   2.8500000e+00   4.9301504e-01   0.0000000e+00
   2.8700000e+00   4.9298418e-01   0.0000000e+00
   2.8900000e+00   4.9256647e-01   0.0000000e+00
   2.9100000e+00   4.9176191e-01   0.0000000e+00
   2.9300000e+00   4.9097877e-01   0.0000000e+00
   2.9500000e+00   4.9040449e-01   0.0000000e+00
   2.9700000e+00   4.9003906e-01   0.0000000e+00
   2.9900000e+00   4.8993449e-01   0.0000000e+00
   3.0100000e+00   4.8934782e-01   0.0000000e+00
   3.0300000e+00   4.8827907e-01   0.0000000e+00
   3.0500000e+00   4.8768032e-01   0.0000000e+00
   3.0700000e+00   4.8711375e-01   0.0000000e+00
   3.0900000e+00   4.8657937e-01   0.0000000e+00
   3.1100000e+00   4.8580832e-01   0.0000000e+00
   3.1300000e+00   4.8494843e-01   0.0000000e+00
   3.1500000e+00   4.8399968e-01   0.0000000e+00
   3.1700000e+00   4.8346196e-01   0.0000000e+00
   3.1900000e+00   4.8265873e-01   0.0000000e+00
   3.2100000e+00   4.8158997e-01   0.0000000e+00
   3.2300000e+00   4.8094227e-01   0.0000000e+00
   3.2500000e+00   4.8019904e-01   0.0000000e+00
   3.2700000e+00   4.7936027e-01   0.0000000e+00
   3.2900000e+00   4.7847924e-01   0.0000000e+00
   3.3100000e+00   4.7777154e-01   0.0000000e+00
   3.3300000e+00   4.7723716e-01   0.0000000e+00
   3.3500000e+00   4.7670278e-01   0.0000000e+00
   3.3700000e+00   4.7592402e-01   0.0000000e+00
   3.3900000e+00   4.7490087e-01   0.0000000e+00
   3.4100000e+00   4.7420422e-01   0.0000000e+00
   3.4300000e+00   4.7346099e-01   0.0000000e+00
   3.4500000e+00   4.7267117e-01   0.0000000e+00
   3.4700000e+00   4.7146364e-01   0.0000000e+00
   3.4900000e+00   4.7004725e-01   0.0000000e+00
   3.5100000e+00   4.6842201e-01   0.0000000e+00
   3.5300000e+00   4.6628450e-01   0.0000000e+00
   3.5500000e+00   4.6458682e-01   0.0000000e+00
   3.5700000e+00   4.6332896e-01   0.0000000e+00
   3.5900000e+00   4.6193704e-01   0.0000000e+00
   3.6100000e+00   4.6043952e-01   0.0000000e+00
   3.6300000e+00   4.5883639e-01   0.0000000e+00
   3.6500000e+00   4.5732309e-01   0.0000000e+00
   3.6700000e+00   4.5603206e-01   0.0000000e+00
   3.6900000e+00   4.5496331e-01   0.0000000e+00
   3.7100000e+00   4.5389456e-01   0.0000000e+00
   3.7300000e+00   4.5282580e-01   0.0000000e+00
   3.7500000e+00   4.5175705e-01   0.0000000e+00
   3.7700000e+00   4.5041408e-01   0.0000000e+00
   3.7900000e+00   4.4909858e-01   0.0000000e+00
   2.0400000e+00   8.4294021e-01   1.0000000e+00
   2.0600000e+00   8.4228514e-01   1.0000000e+00
   2.0800000e+00   8.4094787e-01   1.0000000e+00
   2.1000000e+00   8.3892840e-01   1.0000000e+00
   2.1200000e+00   8.3554179e-01   1.0000000e+00
   2.1400000e+00   8.3201000e-01   1.0000000e+00
   2.1600000e+00   8.2833305e-01   1.0000000e+00
   2.1800000e+00   8.2512679e-01   1.0000000e+00
   2.2000000e+00   8.2192053e-01   1.0000000e+00
   2.2200000e+00   8.1871427e-01   1.0000000e+00
   2.2400000e+00   8.1477853e-01   1.0000000e+00
   2.2600000e+00   8.1104526e-01   1.0000000e+00
   2.2800000e+00   8.0751446e-01   1.0000000e+00
   2.3000000e+00   8.0484258e-01   1.0000000e+00
   2.3200000e+00   8.0217806e-01   1.0000000e+00
   2.3400000e+00   7.9952092e-01   1.0000000e+00
   2.3600000e+00   7.9738341e-01   1.0000000e+00
   2.3800000e+00   7.9546213e-01   1.0000000e+00
   2.4000000e+00   7.9375708e-01   1.0000000e+00
   2.4200000e+00   7.9152237e-01   1.0000000e+00
   2.4400000e+00   7.8916863e-01   1.0000000e+00
   2.4600000e+00   7.8669587e-01   1.0000000e+00
   2.4800000e+00   7.8447590e-01   1.0000000e+00
   2.5000000e+00   7.8202998e-01   1.0000000e+00
   2.5200000e+00   7.7935809e-01   1.0000000e+00
   2.5400000e+00   7.7768655e-01   1.0000000e+00
