   6.1000000e-01   9.8773300e-01   0.0000000e+00
   6.3000000e-01   9.7626370e-01   0.0000000e+00
   6.5000000e-01   9.5963167e-01   0.0000000e+00
   6.7000000e-01   9.3902498e-01   0.0000000e+00
   6.9000000e-01   9.1444364e-01   0.0000000e+00
   7.1000000e-01   8.9441487e-01   0.0000000e+00
   7.3000000e-01   8.7545888e-01   0.0000000e+00
   7.5000000e-01   8.5757568e-01   0.0000000e+00
   7.7000000e-01   8.4225104e-01   0.0000000e+00
   7.9000000e-01   8.2812356e-01   0.0000000e+00
   8.1000000e-01   8.1519325e-01   0.0000000e+00
   8.3000000e-01   8.0183382e-01   0.0000000e+00
   8.5000000e-01   7.8873588e-01   0.0000000e+00
   8.7000000e-01   7.7589943e-01   0.0000000e+00
   8.9000000e-01   7.6469963e-01   0.0000000e+00
   9.1000000e-01   7.5419043e-01   0.0000000e+00
   9.3000000e-01   7.4437183e-01   0.0000000e+00
   9.5000000e-01   7.3546040e-01   0.0000000e+00
   9.7000000e-01   7.2678599e-01   0.0000000e+00
   9.9000000e-01   7.1834859e-01   0.0000000e+00
   1.0100000e+00   7.1086731e-01   0.0000000e+00
   1.0300000e+00   7.0386006e-01   0.0000000e+00
   1.0500000e+00   6.9732684e-01   0.0000000e+00
   1.0700000e+00   6.9198641e-01   0.0000000e+00
   1.0900000e+00   6.8691150e-01   0.0000000e+00
   1.1100000e+00   6.8210211e-01   0.0000000e+00
   1.1300000e+00   6.7716868e-01   0.0000000e+00
   1.1500000e+00   6.7202639e-01   0.0000000e+00
   1.1700000e+00   6.6667525e-01   0.0000000e+00
   1.1900000e+00   6.6079710e-01   0.0000000e+00
   1.2100000e+00   6.5576912e-01   0.0000000e+00
   1.2300000e+00   6.5159131e-01   0.0000000e+00
   1.2500000e+00   6.4692541e-01   0.0000000e+00
   1.2700000e+00   6.4192058e-01   0.0000000e+00
   1.2900000e+00   6.3657681e-01   0.0000000e+00
   1.3100000e+00   6.3130813e-01   0.0000000e+00
   1.3300000e+00   6.2626909e-01   0.0000000e+00
   1.3500000e+00   6.2145970e-01   0.0000000e+00
   1.3700000e+00   6.1665031e-01   0.0000000e+00
   1.3900000e+00   6.1165284e-01   0.0000000e+00
   1.4100000e+00   6.0646731e-01   0.0000000e+00
   1.4300000e+00   6.0112354e-01   0.0000000e+00
   1.4500000e+00   5.9585118e-01   0.0000000e+00
   1.4700000e+00   5.9065021e-01   0.0000000e+00
   1.4900000e+00   5.8589311e-01   0.0000000e+00
   1.5100000e+00   5.8164424e-01   0.0000000e+00
   1.5300000e+00   5.7790360e-01   0.0000000e+00
   1.5500000e+00   5.7371910e-01   0.0000000e+00
   1.5700000e+00   5.6965294e-01   0.0000000e+00
   1.5900000e+00   5.6570512e-01   0.0000000e+00
   1.6100000e+00   5.6217500e-01   0.0000000e+00
   1.6300000e+00   5.5880682e-01   0.0000000e+00
   1.6500000e+00   5.5560055e-01   0.0000000e+00
   1.6700000e+00   5.5239429e-01   0.0000000e+00
   1.6900000e+00   5.4969960e-01   0.0000000e+00
   1.7100000e+00   5.4751649e-01   0.0000000e+00
   1.7300000e+00   5.4458916e-01   0.0000000e+00
   1.7500000e+00   5.4180061e-01   0.0000000e+00
   1.7700000e+00   5.3915084e-01   0.0000000e+00
   1.7900000e+00   5.3685175e-01   0.0000000e+00
   1.8100000e+00   5.3438872e-01   0.0000000e+00
   1.8300000e+00   5.3176175e-01   0.0000000e+00
   1.8500000e+00   5.2962425e-01   0.0000000e+00
   1.8700000e+00   5.2771805e-01   0.0000000e+00
   1.8900000e+00   5.2604317e-01   0.0000000e+00
   1.9100000e+00   5.2513197e-01   0.0000000e+00
   1.9300000e+00   5.2429453e-01   0.0000000e+00
   1.9500000e+00   5.2353085e-01   0.0000000e+00
   1.9700000e+00   5.2268737e-01   0.0000000e+00
   1.9900000e+00   5.2226562e-01   0.0000000e+00
   2.0100000e+00   5.2226562e-01   0.0000000e+00
   2.0300000e+00   5.2120493e-01   0.0000000e+00
   2.0500000e+00   5.2076073e-01   0.0000000e+00
   2.0700000e+00   5.2093302e-01   0.0000000e+00
   2.0900000e+00   5.2117038e-01   0.0000000e+00
   2.1100000e+00   5.2128906e-01   0.0000000e+00
   2.1300000e+00   5.2128906e-01   0.0000000e+00
   2.1500000e+00   5.2135275e-01   0.0000000e+00
   2.1700000e+00   5.2165178e-01   0.0000000e+00
   2.1900000e+00   5.2218616e-01   0.0000000e+00
   2.2100000e+00   5.2223914e-01   0.0000000e+00
   2.2300000e+00   5.2226562e-01   0.0000000e+00
   2.2500000e+00   5.2226562e-01   0.0000000e+00
   2.2700000e+00   5.2201755e-01   0.0000000e+00
   2.2900000e+00   5.2162633e-01   0.0000000e+00
   2.3100000e+00   5.2109195e-01   0.0000000e+00
   2.3300000e+00   5.2055757e-01   0.0000000e+00
   2.3500000e+00   5.2002320e-01   0.0000000e+00
   2.3700000e+00   5.1948882e-01   0.0000000e+00
   2.3900000e+00   5.1938690e-01   0.0000000e+00
   2.4100000e+00   5.1902015e-01   0.0000000e+00
   2.4300000e+00   5.1838857e-01   0.0000000e+00
   2.4500000e+00   5.1751894e-01   0.0000000e+00
   2.4700000e+00   5.1677570e-01   0.0000000e+00
   2.4900000e+00   5.1615887e-01   0.0000000e+00
   2.5100000e+00   5.1509011e-01   0.0000000e+00
   2.5300000e+00   5.1402136e-01   0.0000000e+00
   2.5500000e+00   5.1295260e-01   0.0000000e+00
   2.5700000e+00   5.1188385e-01   0.0000000e+00
   2.5900000e+00   5.1081510e-01   0.0000000e+00
   2.6100000e+00   5.0974634e-01   0.0000000e+00
   2.6300000e+00   5.0867759e-01   0.0000000e+00
   2.6500000e+00   5.0762559e-01   0.0000000e+00
   2.6700000e+00   5.0659035e-01   0.0000000e+00
   2.6900000e+00   5.0605598e-01   0.0000000e+00
   2.7100000e+00   5.0529599e-01   0.0000000e+00
   2.7300000e+00   5.0431038e-01   0.0000000e+00
   2.7500000e+00   5.0324163e-01   0.0000000e+00
   2.7700000e+00   5.0228182e-01   0.0000000e+00
   2.7900000e+00   5.0143097e-01   0.0000000e+00
   2.8100000e+00   5.0079536e-01   0.0000000e+00
   2.8300000e+00   4.9994317e-01   0.0000000e+00
   2.8500000e+00   4.9887442e-01   0.0000000e+00
   2.8700000e+00   4.9832461e-01   0.0000000e+00
   2.8900000e+00   4.9758138e-01   0.0000000e+00
   2.9100000e+00   4.9664472e-01   0.0000000e+00
   2.9300000e+00   4.9586158e-01   0.0000000e+00
   2.9500000e+00   4.9520282e-01   0.0000000e+00
   2.9700000e+00   4.9466845e-01   0.0000000e+00
   2.9900000e+00   4.9413407e-01   0.0000000e+00
   3.0100000e+00   4.9359969e-01   0.0000000e+00
   3.0300000e+00   4.9306532e-01   0.0000000e+00
   3.0500000e+00   4.9253094e-01   0.0000000e+00
   3.0700000e+00   4.9155489e-01   0.0000000e+00
   3.0900000e+00   4.9013718e-01   0.0000000e+00
   3.1100000e+00   4.8826686e-01   0.0000000e+00
   3.1300000e+00   4.8639654e-01   0.0000000e+00
   3.1500000e+00   4.8452622e-01   0.0000000e+00
   3.1700000e+00   4.8265590e-01   0.0000000e+00
   3.1900000e+00   4.8078558e-01   0.0000000e+00
   3.2100000e+00   4.7891526e-01   0.0000000e+00
   3.2300000e+00   4.7851863e-01   0.0000000e+00
   3.2500000e+00   4.7801592e-01   0.0000000e+00
   3.2700000e+00   4.7740715e-01   0.0000000e+00
   3.2900000e+00   4.7671384e-01   0.0000000e+00
   3.3100000e+00   4.7636719e-01   0.0000000e+00
   3.3300000e+00   4.7636719e-01   0.0000000e+00
   3.3500000e+00   4.7636719e-01   0.0000000e+00
   3.3700000e+00   4.7636719e-01   0.0000000e+00
   3.3900000e+00   4.7636719e-01   0.0000000e+00
   3.4100000e+00   4.7525087e-01   0.0000000e+00
   3.4300000e+00   4.7389114e-01   0.0000000e+00
   3.4500000e+00   4.7228801e-01   0.0000000e+00
   3.4700000e+00   4.7082365e-01   0.0000000e+00
   3.4900000e+00   4.6954604e-01   0.0000000e+00
   3.5100000e+00   4.6845518e-01   0.0000000e+00
   3.5300000e+00   4.6685205e-01   0.0000000e+00
   3.5500000e+00   4.6546883e-01   0.0000000e+00
   3.5700000e+00   4.6430552e-01   0.0000000e+00
   3.5900000e+00   4.6291361e-01   0.0000000e+00
   3.6100000e+00   4.6151933e-01   0.0000000e+00
   3.6300000e+00   4.6012270e-01   0.0000000e+00
   3.6500000e+00   4.5896411e-01   0.0000000e+00
   3.6700000e+00   4.5758325e-01   0.0000000e+00
   3.6900000e+00   4.5598012e-01   0.0000000e+00
   3.7100000e+00   4.5488454e-01   0.0000000e+00
   3.7300000e+00   4.5360693e-01   0.0000000e+00
   3.7500000e+00   4.5214729e-01   0.0000000e+00
   3.7700000e+00   4.5081837e-01   0.0000000e+00
   3.7900000e+00   4.4961954e-01   0.0000000e+00
   2.0400000e+00   8.4001052e-01   1.0000000e+00
   2.0600000e+00   8.3852809e-01   1.0000000e+00
   2.0800000e+00   8.3668828e-01   1.0000000e+00
   2.1000000e+00   8.3449112e-01   1.0000000e+00
   2.1200000e+00   8.3163888e-01   1.0000000e+00
   2.1400000e+00   8.2860963e-01   1.0000000e+00
   2.1600000e+00   8.2540337e-01   1.0000000e+00
   2.1800000e+00   8.2219710e-01   1.0000000e+00
   2.2000000e+00   8.1899084e-01   1.0000000e+00
   2.2200000e+00   8.1578458e-01   1.0000000e+00
   2.2400000e+00   8.1221358e-01   1.0000000e+00
   2.2600000e+00   8.0880583e-01   1.0000000e+00
   2.2800000e+00   8.0556134e-01   1.0000000e+00
   2.3000000e+00   8.0249523e-01   1.0000000e+00
   2.3200000e+00   7.9884678e-01   1.0000000e+00
   2.3400000e+00   7.9461600e-01   1.0000000e+00
   2.3600000e+00   7.9194411e-01   1.0000000e+00
   2.3800000e+00   7.8905600e-01   1.0000000e+00
   2.4000000e+00   7.8595166e-01   1.0000000e+00
   2.4200000e+00   7.8274539e-01   1.0000000e+00
   2.4400000e+00   7.7934001e-01   1.0000000e+00
   2.4600000e+00   7.7573549e-01   1.0000000e+00
   2.4800000e+00   7.7154294e-01   1.0000000e+00
   2.5000000e+00   7.6757634e-01   1.0000000e+00
   2.5200000e+00   7.6383570e-01   1.0000000e+00
