   6.1000000e-01   9.7154080e-01   0.0000000e+00
   6.3000000e-01   9.5534456e-01   0.0000000e+00
   6.5000000e-01   9.3561891e-01   0.0000000e+00
   6.7000000e-01   9.1266384e-01   0.0000000e+00
   6.9000000e-01   8.8647937e-01   0.0000000e+00
   7.1000000e-01   8.6484746e-01   0.0000000e+00
   7.3000000e-01   8.4394975e-01   0.0000000e+00
   7.5000000e-01   8.2378623e-01   0.0000000e+00
   7.7000000e-01   8.0623356e-01   0.0000000e+00
   7.9000000e-01   7.9008524e-01   0.0000000e+00
   8.1000000e-01   7.7534127e-01   0.0000000e+00
   8.3000000e-01   7.5930996e-01   0.0000000e+00
   8.5000000e-01   7.4537055e-01   0.0000000e+00
   8.7000000e-01   7.3352305e-01   0.0000000e+00
   8.9000000e-01   7.2257938e-01   0.0000000e+00
   9.1000000e-01   7.1263271e-01   0.0000000e+00
   9.3000000e-01   7.0368305e-01   0.0000000e+00
   9.5000000e-01   6.9672072e-01   0.0000000e+00
   9.7000000e-01   6.9035679e-01   0.0000000e+00
   9.9000000e-01   6.8459128e-01   0.0000000e+00
   1.0100000e+00   6.7978189e-01   0.0000000e+00
   1.0300000e+00   6.7520951e-01   0.0000000e+00
   1.0500000e+00   6.7087414e-01   0.0000000e+00
   1.0700000e+00   6.6695649e-01   0.0000000e+00
   1.0900000e+00   6.6312735e-01   0.0000000e+00
   1.1100000e+00   6.5938671e-01   0.0000000e+00
   1.1300000e+00   6.5564607e-01   0.0000000e+00
   1.1500000e+00   6.5190912e-01   0.0000000e+00
   1.1700000e+00   6.4817585e-01   0.0000000e+00
   1.1900000e+00   6.4496958e-01   0.0000000e+00
   1.2100000e+00   6.4176332e-01   0.0000000e+00
   1.2300000e+00   6.3855706e-01   0.0000000e+00
   1.2500000e+00   6.3535080e-01   0.0000000e+00
   1.2700000e+00   6.3214454e-01   0.0000000e+00
   1.2900000e+00   6.2893827e-01   0.0000000e+00
   1.3100000e+00   6.2565692e-01   0.0000000e+00
   1.3300000e+00   6.2214593e-01   0.0000000e+00
   1.3500000e+00   6.1840529e-01   0.0000000e+00
   1.3700000e+00   6.1515745e-01   0.0000000e+00
   1.3900000e+00   6.1211847e-01   0.0000000e+00
   1.4100000e+00   6.0928834e-01   0.0000000e+00
   1.4300000e+00   6.0661646e-01   0.0000000e+00
   1.4500000e+00   6.0394457e-01   0.0000000e+00
   1.4700000e+00   6.0127269e-01   0.0000000e+00
   1.4900000e+00   5.9857466e-01   0.0000000e+00
   1.5100000e+00   5.9562251e-01   0.0000000e+00
   1.5300000e+00   5.9241625e-01   0.0000000e+00
   1.5500000e+00   5.8876613e-01   0.0000000e+00
   1.5700000e+00   5.8539795e-01   0.0000000e+00
   1.5900000e+00   5.8231169e-01   0.0000000e+00
   1.6100000e+00   5.7942928e-01   0.0000000e+00
   1.6300000e+00   5.7643187e-01   0.0000000e+00
   1.6500000e+00   5.7331947e-01   0.0000000e+00
   1.6700000e+00   5.7064759e-01   0.0000000e+00
   1.6900000e+00   5.6797570e-01   0.0000000e+00
   1.7100000e+00   5.6530382e-01   0.0000000e+00
   1.7300000e+00   5.6302684e-01   0.0000000e+00
   1.7500000e+00   5.6081960e-01   0.0000000e+00
   1.7700000e+00   5.5868209e-01   0.0000000e+00
   1.7900000e+00   5.5670616e-01   0.0000000e+00
   1.8100000e+00   5.5489418e-01   0.0000000e+00
   1.8300000e+00   5.5324613e-01   0.0000000e+00
   1.8500000e+00   5.5110862e-01   0.0000000e+00
   1.8700000e+00   5.4943374e-01   0.0000000e+00
   1.8900000e+00   5.4822149e-01   0.0000000e+00
   1.9100000e+00   5.4646081e-01   0.0000000e+00
   1.9300000e+00   5.4474101e-01   0.0000000e+00
   1.9500000e+00   5.4306210e-01   0.0000000e+00
   1.9700000e+00   5.4199335e-01   0.0000000e+00
   1.9900000e+00   5.4092459e-01   0.0000000e+00
   2.0100000e+00   5.3985584e-01   0.0000000e+00
   2.0300000e+00   5.3878709e-01   0.0000000e+00
   2.0500000e+00   5.3751149e-01   0.0000000e+00
   2.0700000e+00   5.3602905e-01   0.0000000e+00
   2.0900000e+00   5.3472294e-01   0.0000000e+00
   2.1100000e+00   5.3344533e-01   0.0000000e+00
   2.1300000e+00   5.3219622e-01   0.0000000e+00
   2.1500000e+00   5.3065678e-01   0.0000000e+00
   2.1700000e+00   5.2935268e-01   0.0000000e+00
   2.1900000e+00   5.2828393e-01   0.0000000e+00
   2.2100000e+00   5.2721517e-01   0.0000000e+00
   2.2300000e+00   5.2578168e-01   0.0000000e+00
   2.2500000e+00   5.2398346e-01   0.0000000e+00
   2.2700000e+00   5.2234209e-01   0.0000000e+00
   2.2900000e+00   5.2098703e-01   0.0000000e+00
   2.3100000e+00   5.1991828e-01   0.0000000e+00
   2.3300000e+00   5.1883478e-01   0.0000000e+00
   2.3500000e+00   5.1749147e-01   0.0000000e+00
   2.3700000e+00   5.1588834e-01   0.0000000e+00
   2.3900000e+00   5.1471766e-01   0.0000000e+00
   2.4100000e+00   5.1359795e-01   0.0000000e+00
   2.4300000e+00   5.1252919e-01   0.0000000e+00
   2.4500000e+00   5.1146044e-01   0.0000000e+00
   2.4700000e+00   5.1035045e-01   0.0000000e+00
   2.4900000e+00   5.0919924e-01   0.0000000e+00
   2.5100000e+00   5.0759611e-01   0.0000000e+00
   2.5300000e+00   5.0624306e-01   0.0000000e+00
   2.5500000e+00   5.0514010e-01   0.0000000e+00
   2.5700000e+00   5.0330433e-01   0.0000000e+00
   2.5900000e+00   5.0158454e-01   0.0000000e+00
   2.6100000e+00   4.9998072e-01   0.0000000e+00
   2.6300000e+00   4.9861161e-01   0.0000000e+00
   2.6500000e+00   4.9685829e-01   0.0000000e+00
   2.6700000e+00   4.9472079e-01   0.0000000e+00
   2.6900000e+00   4.9258328e-01   0.0000000e+00
   2.7100000e+00   4.9067138e-01   0.0000000e+00
   2.7300000e+00   4.8898510e-01   0.0000000e+00
   2.7500000e+00   4.8738197e-01   0.0000000e+00
   2.7700000e+00   4.8588779e-01   0.0000000e+00
   2.7900000e+00   4.8450256e-01   0.0000000e+00
   2.8100000e+00   4.8333257e-01   0.0000000e+00
   2.8300000e+00   4.8194601e-01   0.0000000e+00
   2.8500000e+00   4.8034288e-01   0.0000000e+00
   2.8700000e+00   4.7925869e-01   0.0000000e+00
   2.8900000e+00   4.7818222e-01   0.0000000e+00
   2.9100000e+00   4.7711347e-01   0.0000000e+00
   2.9300000e+00   4.7575910e-01   0.0000000e+00
   2.9500000e+00   4.7436482e-01   0.0000000e+00
   2.9700000e+00   4.7293065e-01   0.0000000e+00
   2.9900000e+00   4.7186189e-01   0.0000000e+00
   3.0100000e+00   4.7079314e-01   0.0000000e+00
   3.0300000e+00   4.6972438e-01   0.0000000e+00
   3.0500000e+00   4.6865563e-01   0.0000000e+00
   3.0700000e+00   4.6758687e-01   0.0000000e+00
   3.0900000e+00   4.6651812e-01   0.0000000e+00
   3.1100000e+00   4.6544937e-01   0.0000000e+00
   3.1300000e+00   4.6438061e-01   0.0000000e+00
   3.1500000e+00   4.6331186e-01   0.0000000e+00
   3.1700000e+00   4.6224644e-01   0.0000000e+00
   3.1900000e+00   4.6144655e-01   0.0000000e+00
   3.2100000e+00   4.6091217e-01   0.0000000e+00
   3.2300000e+00   4.5953569e-01   0.0000000e+00
   3.2500000e+00   4.5865466e-01   0.0000000e+00
   3.2700000e+00   4.5826908e-01   0.0000000e+00
   2.1600000e+00   7.6788171e-01   1.0000000e+00
   2.1800000e+00   7.6520983e-01   1.0000000e+00
   2.2000000e+00   7.6326004e-01   1.0000000e+00
   2.2200000e+00   7.6203236e-01   1.0000000e+00
   2.2400000e+00   7.6023413e-01   1.0000000e+00
   2.2600000e+00   7.5839030e-01   1.0000000e+00
   2.2800000e+00   7.5650087e-01   1.0000000e+00
   2.3000000e+00   7.5476633e-01   1.0000000e+00
   2.3200000e+00   7.5283030e-01   1.0000000e+00
   2.3400000e+00   7.5069280e-01   1.0000000e+00
   2.3600000e+00   7.4855529e-01   1.0000000e+00
   2.3800000e+00   7.4641778e-01   1.0000000e+00
   2.4000000e+00   7.4428027e-01   1.0000000e+00
   2.4200000e+00   7.4277434e-01   1.0000000e+00
   2.4400000e+00   7.4128788e-01   1.0000000e+00
   2.4600000e+00   7.3982087e-01   1.0000000e+00
   2.4800000e+00   7.3768336e-01   1.0000000e+00
   2.5000000e+00   7.3554586e-01   1.0000000e+00
   2.5200000e+00   7.3340835e-01   1.0000000e+00
   2.5400000e+00   7.3177101e-01   1.0000000e+00
   2.5600000e+00   7.3015078e-01   1.0000000e+00
   2.5800000e+00   7.2854765e-01   1.0000000e+00
   2.6000000e+00   7.2694452e-01   1.0000000e+00
   2.6200000e+00   7.2526630e-01   1.0000000e+00
   2.6400000e+00   7.2351299e-01   1.0000000e+00
   2.6600000e+00   7.2140899e-01   1.0000000e+00
   2.6800000e+00   7.1955543e-01   1.0000000e+00
   2.7000000e+00   7.1795230e-01   1.0000000e+00
   2.7200000e+00   7.1589794e-01   1.0000000e+00
   2.7400000e+00   7.1413657e-01   1.0000000e+00
   2.7600000e+00   7.1266819e-01   1.0000000e+00
   2.7800000e+00   7.1138153e-01   1.0000000e+00
   2.8000000e+00   7.0993664e-01   1.0000000e+00
   2.8200000e+00   7.0833351e-01   1.0000000e+00
   2.8400000e+00   7.0673038e-01   1.0000000e+00
   2.8600000e+00   7.0512725e-01   1.0000000e+00
   2.8800000e+00   7.0352412e-01   1.0000000e+00
   2.9000000e+00   7.0151871e-01   1.0000000e+00
   2.9200000e+00   6.9959006e-01   1.0000000e+00
   2.9400000e+00   6.9773816e-01   1.0000000e+00
   2.9600000e+00   6.9596608e-01   1.0000000e+00
   2.9800000e+00   6.9401128e-01   1.0000000e+00
   3.0000000e+00   6.9187378e-01   1.0000000e+00
   3.0200000e+00   6.8973627e-01   1.0000000e+00
   3.0400000e+00   6.8783376e-01   1.0000000e+00
   3.0600000e+00   6.8616625e-01   1.0000000e+00
   3.0800000e+00   6.8420979e-01   1.0000000e+00
   3.1000000e+00   6.8228113e-01   1.0000000e+00
   3.1200000e+00   6.8038030e-01   1.0000000e+00
   3.1400000e+00   6.7889717e-01   1.0000000e+00
   3.1600000e+00   6.7762123e-01   1.0000000e+00
   3.1800000e+00   6.7655248e-01   1.0000000e+00
   3.2000000e+00   6.7548372e-01   1.0000000e+00
   3.2200000e+00   6.7399392e-01   1.0000000e+00
   3.2400000e+00   6.7208305e-01   1.0000000e+00
   3.2600000e+00   6.7055432e-01   1.0000000e+00
   3.2800000e+00   6.6916172e-01   1.0000000e+00
   3.3000000e+00   6.6790524e-01   1.0000000e+00
   3.3200000e+00   6.6623105e-01   1.0000000e+00
   3.3400000e+00   6.6432520e-01   1.0000000e+00
   3.3600000e+00   6.6218769e-01   1.0000000e+00
   3.3800000e+00   6.6053896e-01   1.0000000e+00
   3.4000000e+00   6.5872697e-01   1.0000000e+00
   3.4200000e+00   6.5675173e-01   1.0000000e+00
   3.4400000e+00   6.5461422e-01   1.0000000e+00
   3.4600000e+00   6.5254610e-01   1.0000000e+00
   3.4800000e+00   6.5054737e-01   1.0000000e+00
   3.5000000e+00   6.4898847e-01   1.0000000e+00
   3.5200000e+00   6.4794183e-01   1.0000000e+00
   3.5400000e+00   6.4740745e-01   1.0000000e+00
   3.5600000e+00   6.4643325e-01   1.0000000e+00
   3.5800000e+00   6.4557335e-01   1.0000000e+00
   3.6000000e+00   6.4482776e-01   1.0000000e+00
   3.6200000e+00   6.4449988e-01   1.0000000e+00
   3.6400000e+00   6.4442577e-01   1.0000000e+00
   3.6600000e+00   6.4460543e-01   1.0000000e+00
   3.6800000e+00   6.4567419e-01   1.0000000e+00
   3.7000000e+00   6.4648917e-01   1.0000000e+00
   3.7200000e+00   6.4705038e-01   1.0000000e+00
