   6.0000000e-01   9.6897516e-01   0.0000000e+00
   6.2000000e-01   9.5575923e-01   0.0000000e+00
   6.4000000e-01   9.4098980e-01   0.0000000e+00
   6.6000000e-01   9.2466688e-01   0.0000000e+00
   6.8000000e-01   8.9741365e-01   0.0000000e+00
   7.0000000e-01   8.7129857e-01   0.0000000e+00
   7.2000000e-01   8.4632162e-01   0.0000000e+00
   7.4000000e-01   8.2106310e-01   0.0000000e+00
   7.6000000e-01   7.9838288e-01   0.0000000e+00
   7.8000000e-01   7.7828098e-01   0.0000000e+00
   8.0000000e-01   7.6556926e-01   0.0000000e+00
   8.2000000e-01   7.5199931e-01   0.0000000e+00
   8.4000000e-01   7.3757113e-01   0.0000000e+00
   8.6000000e-01   7.2314295e-01   0.0000000e+00
   8.8000000e-01   7.0851161e-01   0.0000000e+00
   9.0000000e-01   6.9367712e-01   0.0000000e+00
   9.2000000e-01   6.8190067e-01   0.0000000e+00
   9.4000000e-01   6.7181621e-01   0.0000000e+00
   9.6000000e-01   6.6342373e-01   0.0000000e+00
   9.8000000e-01   6.5653314e-01   0.0000000e+00
   1.0000000e+00   6.4988159e-01   0.0000000e+00
   1.0200000e+00   6.4346907e-01   0.0000000e+00
   1.0400000e+00   6.3705654e-01   0.0000000e+00
   1.0600000e+00   6.3118006e-01   0.0000000e+00
   1.0800000e+00   6.2583963e-01   0.0000000e+00
   1.1000000e+00   6.2054884e-01   0.0000000e+00
   1.1200000e+00   6.1508840e-01   0.0000000e+00
   1.1400000e+00   6.0945833e-01   0.0000000e+00
   1.1600000e+00   6.0464894e-01   0.0000000e+00
   1.1800000e+00   5.9983954e-01   0.0000000e+00
   1.2000000e+00   5.9503015e-01   0.0000000e+00
   1.2200000e+00   5.9149601e-01   0.0000000e+00
   1.2400000e+00   5.8781739e-01   0.0000000e+00
   1.2600000e+00   5.8399428e-01   0.0000000e+00
   1.2800000e+00   5.7971927e-01   0.0000000e+00
   1.3000000e+00   5.7548180e-01   0.0000000e+00
   1.3200000e+00   5.7128187e-01   0.0000000e+00
   1.3400000e+00   5.6754123e-01   0.0000000e+00
   1.3600000e+00   5.6380059e-01   0.0000000e+00
   1.3800000e+00   5.6005995e-01   0.0000000e+00
   1.4000000e+00   5.5631931e-01   0.0000000e+00
   1.4200000e+00   5.5257867e-01   0.0000000e+00
   1.4400000e+00   5.4883803e-01   0.0000000e+00
   1.4600000e+00   5.4524020e-01   0.0000000e+00
   1.4800000e+00   5.4183816e-01   0.0000000e+00
   1.5000000e+00   5.3863189e-01   0.0000000e+00
   1.5200000e+00   5.3542563e-01   0.0000000e+00
   1.5400000e+00   5.3244130e-01   0.0000000e+00
   1.5600000e+00   5.2967889e-01   0.0000000e+00
   1.5800000e+00   5.2700701e-01   0.0000000e+00
   1.6000000e+00   5.2433512e-01   0.0000000e+00
   1.6200000e+00   5.2166324e-01   0.0000000e+00
   1.6400000e+00   5.1917908e-01   0.0000000e+00
   1.6600000e+00   5.1713543e-01   0.0000000e+00
   1.6800000e+00   5.1553230e-01   0.0000000e+00
   1.7000000e+00   5.1341759e-01   0.0000000e+00
   1.7200000e+00   5.1148894e-01   0.0000000e+00
   1.7400000e+00   5.0974634e-01   0.0000000e+00
   1.7600000e+00   5.0786497e-01   0.0000000e+00
   1.7800000e+00   5.0601710e-01   0.0000000e+00
   1.8000000e+00   5.0420276e-01   0.0000000e+00
   1.8200000e+00   5.0304417e-01   0.0000000e+00
   1.8400000e+00   5.0139613e-01   0.0000000e+00
   1.8600000e+00   4.9925862e-01   0.0000000e+00
   1.8800000e+00   4.9758374e-01   0.0000000e+00
   1.9000000e+00   4.9594473e-01   0.0000000e+00
   1.9200000e+00   4.9434160e-01   0.0000000e+00
   1.9400000e+00   4.9296777e-01   0.0000000e+00
   1.9600000e+00   4.9163384e-01   0.0000000e+00
   1.9800000e+00   4.9033982e-01   0.0000000e+00
   2.0000000e+00   4.8820231e-01   0.0000000e+00
   2.0200000e+00   4.8686032e-01   0.0000000e+00
   2.0400000e+00   4.8631386e-01   0.0000000e+00
   2.0600000e+00   4.8495211e-01   0.0000000e+00
   2.0800000e+00   4.8361819e-01   0.0000000e+00
   2.1000000e+00   4.8231207e-01   0.0000000e+00
   2.1200000e+00   4.8124332e-01   0.0000000e+00
   2.1400000e+00   4.8014272e-01   0.0000000e+00
   2.1600000e+00   4.7901028e-01   0.0000000e+00
   2.1800000e+00   4.7740715e-01   0.0000000e+00
   2.2000000e+00   4.7604471e-01   0.0000000e+00
   2.2200000e+00   4.7492299e-01   0.0000000e+00
   2.2400000e+00   4.7348949e-01   0.0000000e+00
   2.2600000e+00   4.7209522e-01   0.0000000e+00
   2.2800000e+00   4.7074016e-01   0.0000000e+00
   2.3000000e+00   4.6940859e-01   0.0000000e+00
   2.3200000e+00   4.6768880e-01   0.0000000e+00
   2.3400000e+00   4.6558077e-01   0.0000000e+00
   2.3600000e+00   4.6451202e-01   0.0000000e+00
   2.3800000e+00   4.6301081e-01   0.0000000e+00
   2.4000000e+00   4.6107715e-01   0.0000000e+00
   2.4200000e+00   4.5957122e-01   0.0000000e+00
   2.4400000e+00   4.5828388e-01   0.0000000e+00
   2.4600000e+00   4.5721512e-01   0.0000000e+00
   2.4800000e+00   4.5606391e-01   0.0000000e+00
   2.5000000e+00   4.5468674e-01   0.0000000e+00
   2.5200000e+00   4.5308360e-01   0.0000000e+00
   2.5400000e+00   4.5248082e-01   0.0000000e+00
   2.5600000e+00   4.5172048e-01   0.0000000e+00
   2.5800000e+00   4.5080260e-01   0.0000000e+00
   2.6000000e+00   4.4973385e-01   0.0000000e+00
   2.6200000e+00   4.4859000e-01   0.0000000e+00
   2.6400000e+00   4.4737107e-01   0.0000000e+00
   2.6600000e+00   4.4583497e-01   0.0000000e+00
   2.6800000e+00   4.4479973e-01   0.0000000e+00
   2.7000000e+00   4.4426535e-01   0.0000000e+00
   2.7200000e+00   4.4327975e-01   0.0000000e+00
   2.7400000e+00   4.4225257e-01   0.0000000e+00
   2.7600000e+00   4.4118381e-01   0.0000000e+00
   2.7800000e+00   4.4011506e-01   0.0000000e+00
   2.8000000e+00   4.3904630e-01   0.0000000e+00
   2.8200000e+00   4.3797755e-01   0.0000000e+00
   2.8400000e+00   4.3690880e-01   0.0000000e+00
   2.8600000e+00   4.3584004e-01   0.0000000e+00
   2.8800000e+00   4.3477129e-01   0.0000000e+00
   2.9000000e+00   4.3450710e-01   0.0000000e+00
   2.9200000e+00   4.3394658e-01   0.0000000e+00
   2.9400000e+00   4.3308973e-01   0.0000000e+00
   2.9600000e+00   4.3148659e-01   0.0000000e+00
   2.9800000e+00   4.2996189e-01   0.0000000e+00
   3.0000000e+00   4.2851563e-01   0.0000000e+00
   3.0200000e+00   4.2851563e-01   0.0000000e+00
   2.0100000e+00   7.4690523e-01   1.0000000e+00
   2.0300000e+00   7.4476369e-01   1.0000000e+00
   2.0500000e+00   7.4283101e-01   1.0000000e+00
   2.0700000e+00   7.4110718e-01   1.0000000e+00
   2.0900000e+00   7.3831598e-01   1.0000000e+00
   2.1100000e+00   7.3523041e-01   1.0000000e+00
   2.1300000e+00   7.3185048e-01   1.0000000e+00
   2.1500000e+00   7.2930597e-01   1.0000000e+00
   2.1700000e+00   7.2723215e-01   1.0000000e+00
   2.1900000e+00   7.2562902e-01   1.0000000e+00
   2.2100000e+00   7.2354449e-01   1.0000000e+00
   2.2300000e+00   7.2143347e-01   1.0000000e+00
   2.2500000e+00   7.1929596e-01   1.0000000e+00
   2.2700000e+00   7.1691038e-01   1.0000000e+00
   2.2900000e+00   7.1444735e-01   1.0000000e+00
   2.3100000e+00   7.1190687e-01   1.0000000e+00
   2.3300000e+00   7.0975462e-01   1.0000000e+00
   2.3500000e+00   7.0734255e-01   1.0000000e+00
   2.3700000e+00   7.0467067e-01   1.0000000e+00
   2.3900000e+00   7.0199878e-01   1.0000000e+00
   2.4100000e+00   6.9948479e-01   1.0000000e+00
   2.4300000e+00   6.9712870e-01   1.0000000e+00
   2.4500000e+00   6.9479206e-01   1.0000000e+00
   2.4700000e+00   6.9232903e-01   1.0000000e+00
   2.4900000e+00   6.8973961e-01   1.0000000e+00
   2.5100000e+00   6.8760210e-01   1.0000000e+00
   2.5300000e+00   6.8521451e-01   1.0000000e+00
   2.5500000e+00   6.8257682e-01   1.0000000e+00
   2.5700000e+00   6.8067196e-01   1.0000000e+00
   2.5900000e+00   6.7878454e-01   1.0000000e+00
   2.6100000e+00   6.7691456e-01   1.0000000e+00
   2.6300000e+00   6.7477705e-01   1.0000000e+00
   2.6500000e+00   6.7267306e-01   1.0000000e+00
   2.6700000e+00   6.7060258e-01   1.0000000e+00
   2.6900000e+00   6.6953383e-01   1.0000000e+00
   2.7100000e+00   6.6801385e-01   1.0000000e+00
   2.7300000e+00   6.6604264e-01   1.0000000e+00
   2.7500000e+00   6.6457425e-01   1.0000000e+00
   2.7700000e+00   6.6308779e-01   1.0000000e+00
   2.7900000e+00   6.6158324e-01   1.0000000e+00
   2.8100000e+00   6.5954696e-01   1.0000000e+00
   2.8300000e+00   6.5772726e-01   1.0000000e+00
   2.8500000e+00   6.5612413e-01   1.0000000e+00
   2.8700000e+00   6.5452100e-01   1.0000000e+00
   2.8900000e+00   6.5311901e-01   1.0000000e+00
   2.9100000e+00   6.5191816e-01   1.0000000e+00
   2.9300000e+00   6.5027817e-01   1.0000000e+00
   2.9500000e+00   6.4855837e-01   1.0000000e+00
   2.9700000e+00   6.4675877e-01   1.0000000e+00
   2.9900000e+00   6.4563773e-01   1.0000000e+00
   3.0100000e+00   6.4427564e-01   1.0000000e+00
   3.0300000e+00   6.4267251e-01   1.0000000e+00
   3.0500000e+00   6.4106938e-01   1.0000000e+00
   3.0700000e+00   6.3928958e-01   1.0000000e+00
   3.0900000e+00   6.3733312e-01   1.0000000e+00
   3.1100000e+00   6.3566895e-01   1.0000000e+00
   3.1300000e+00   6.3424248e-01   1.0000000e+00
   3.1500000e+00   6.3305372e-01   1.0000000e+00
   3.1700000e+00   6.3145059e-01   1.0000000e+00
   3.1900000e+00   6.2984746e-01   1.0000000e+00
   3.2100000e+00   6.2824433e-01   1.0000000e+00
   3.2300000e+00   6.2622015e-01   1.0000000e+00
   3.2500000e+00   6.2429149e-01   1.0000000e+00
   3.2700000e+00   6.2245838e-01   1.0000000e+00
   3.2900000e+00   6.2104297e-01   1.0000000e+00
   3.3100000e+00   6.1980089e-01   1.0000000e+00
   3.3300000e+00   6.1873213e-01   1.0000000e+00
   3.3500000e+00   6.1766338e-01   1.0000000e+00
   3.3700000e+00   6.1659463e-01   1.0000000e+00
   3.3900000e+00   6.1552587e-01   1.0000000e+00
   3.4100000e+00   6.1520133e-01   1.0000000e+00
   3.4300000e+00   6.1491134e-01   1.0000000e+00
   3.4500000e+00   6.1465590e-01   1.0000000e+00
   3.4700000e+00   6.1412152e-01   1.0000000e+00
   3.4900000e+00   6.1357609e-01   1.0000000e+00
   3.5100000e+00   6.1301960e-01   1.0000000e+00
   3.5300000e+00   6.1195084e-01   1.0000000e+00
   3.5500000e+00   6.1088209e-01   1.0000000e+00
   3.5700000e+00   6.0981334e-01   1.0000000e+00
   3.5900000e+00   6.0874458e-01   1.0000000e+00
   3.6100000e+00   6.0777908e-01   1.0000000e+00
   3.6300000e+00   6.0691682e-01   1.0000000e+00
   3.6500000e+00   6.0611294e-01   1.0000000e+00
   3.6700000e+00   6.0464225e-01   1.0000000e+00
   3.6900000e+00   6.0250475e-01   1.0000000e+00
   3.7100000e+00   6.0138233e-01   1.0000000e+00
   3.7300000e+00   6.0048218e-01   1.0000000e+00
   3.7500000e+00   5.9980431e-01   1.0000000e+00
   3.7700000e+00   5.9954414e-01   1.0000000e+00
