   6.0000000e-01   9.3936456e-01   0.0000000e+00
   6.2000000e-01   9.1561530e-01   0.0000000e+00
   6.4000000e-01   8.9097194e-01   0.0000000e+00
   6.6000000e-01   8.6543447e-01   0.0000000e+00
   6.8000000e-01   8.4138751e-01   0.0000000e+00
   7.0000000e-01   8.1756817e-01   0.0000000e+00
   7.2000000e-01   7.9397646e-01   0.0000000e+00
   7.4000000e-01   7.7080246e-01   0.0000000e+00
   7.6000000e-01   7.4950178e-01   0.0000000e+00
   7.8000000e-01   7.3007442e-01   0.0000000e+00
   8.0000000e-01   7.1522518e-01   0.0000000e+00
   8.2000000e-01   6.9951772e-01   0.0000000e+00
   8.4000000e-01   6.8295203e-01   0.0000000e+00
   8.6000000e-01   6.6795527e-01   0.0000000e+00
   8.8000000e-01   6.5500717e-01   0.0000000e+00
   9.0000000e-01   6.4410772e-01   0.0000000e+00
   9.2000000e-01   6.3506823e-01   0.0000000e+00
   9.4000000e-01   6.2644645e-01   0.0000000e+00
   9.6000000e-01   6.1824238e-01   0.0000000e+00
   9.8000000e-01   6.1087374e-01   0.0000000e+00
   1.0000000e+00   6.0398315e-01   0.0000000e+00
   1.0200000e+00   5.9757063e-01   0.0000000e+00
   1.0400000e+00   5.9068407e-01   0.0000000e+00
   1.0600000e+00   5.8430339e-01   0.0000000e+00
   1.0800000e+00   5.7842859e-01   0.0000000e+00
   1.1000000e+00   5.7284412e-01   0.0000000e+00
   1.1200000e+00   5.6711281e-01   0.0000000e+00
   1.1400000e+00   5.6123466e-01   0.0000000e+00
   1.1600000e+00   5.5536388e-01   0.0000000e+00
   1.1800000e+00   5.4975661e-01   0.0000000e+00
   1.2000000e+00   5.4441284e-01   0.0000000e+00
   1.2200000e+00   5.3991924e-01   0.0000000e+00
   1.2400000e+00   5.3538072e-01   0.0000000e+00
   1.2600000e+00   5.3079728e-01   0.0000000e+00
   1.2800000e+00   5.2579613e-01   0.0000000e+00
   1.3000000e+00   5.2069876e-01   0.0000000e+00
   1.3200000e+00   5.1550517e-01   0.0000000e+00
   1.3400000e+00   5.1123016e-01   0.0000000e+00
   1.3600000e+00   5.0695514e-01   0.0000000e+00
   1.3800000e+00   5.0268012e-01   0.0000000e+00
   1.4000000e+00   4.9878125e-01   0.0000000e+00
   1.4200000e+00   4.9509122e-01   0.0000000e+00
   1.4400000e+00   4.9161006e-01   0.0000000e+00
   1.4600000e+00   4.8854660e-01   0.0000000e+00
   1.4800000e+00   4.8567893e-01   0.0000000e+00
   1.5000000e+00   4.8300705e-01   0.0000000e+00
   1.5200000e+00   4.8033516e-01   0.0000000e+00
   1.5400000e+00   4.7788521e-01   0.0000000e+00
   1.5600000e+00   4.7565718e-01   0.0000000e+00
   1.5800000e+00   4.7351967e-01   0.0000000e+00
   1.6000000e+00   4.7148742e-01   0.0000000e+00
   1.6200000e+00   4.6956044e-01   0.0000000e+00
   1.6400000e+00   4.6786345e-01   0.0000000e+00
   1.6600000e+00   4.6594620e-01   0.0000000e+00
   1.6800000e+00   4.6380869e-01   0.0000000e+00
   1.7000000e+00   4.6269433e-01   0.0000000e+00
   1.7200000e+00   4.6160277e-01   0.0000000e+00
   1.7400000e+00   4.6053402e-01   0.0000000e+00
   1.7600000e+00   4.5890878e-01   0.0000000e+00
   1.7800000e+00   4.5718898e-01   0.0000000e+00
   1.8000000e+00   4.5537463e-01   0.0000000e+00
   1.8200000e+00   4.5430588e-01   0.0000000e+00
   1.8400000e+00   4.5323713e-01   0.0000000e+00
   1.8600000e+00   4.5216837e-01   0.0000000e+00
   1.8800000e+00   4.5017436e-01   0.0000000e+00
   1.9000000e+00   4.4845456e-01   0.0000000e+00
   1.9200000e+00   4.4700898e-01   0.0000000e+00
   1.9400000e+00   4.4594023e-01   0.0000000e+00
   1.9600000e+00   4.4487148e-01   0.0000000e+00
   1.9800000e+00   4.4380272e-01   0.0000000e+00
   2.0000000e+00   4.4273397e-01   0.0000000e+00
   2.0200000e+00   4.4166521e-01   0.0000000e+00
   2.0400000e+00   4.4059646e-01   0.0000000e+00
   2.0600000e+00   4.3952771e-01   0.0000000e+00
   2.0800000e+00   4.3845895e-01   0.0000000e+00
   2.1000000e+00   4.3739020e-01   0.0000000e+00
   2.1200000e+00   4.3614109e-01   0.0000000e+00
   2.1400000e+00   4.3474681e-01   0.0000000e+00
   2.1600000e+00   4.3320737e-01   0.0000000e+00
   2.1800000e+00   4.3213862e-01   0.0000000e+00
   2.2000000e+00   4.3106986e-01   0.0000000e+00
   2.2200000e+00   4.3000111e-01   0.0000000e+00
   2.2400000e+00   4.2893236e-01   0.0000000e+00
   2.2600000e+00   4.2786360e-01   0.0000000e+00
   2.2800000e+00   4.2679485e-01   0.0000000e+00
   2.3000000e+00   4.2585750e-01   0.0000000e+00
   2.3200000e+00   4.2510690e-01   0.0000000e+00
   2.3400000e+00   4.2454303e-01   0.0000000e+00
   2.3600000e+00   4.2293990e-01   0.0000000e+00
   2.3800000e+00   4.2176923e-01   0.0000000e+00
   2.4000000e+00   4.2103101e-01   0.0000000e+00
   2.4200000e+00   4.1986505e-01   0.0000000e+00
   2.4400000e+00   4.1867963e-01   0.0000000e+00
   2.4600000e+00   4.1747475e-01   0.0000000e+00
   2.4800000e+00   4.1694037e-01   0.0000000e+00
   2.5000000e+00   4.1640600e-01   0.0000000e+00
   2.5200000e+00   4.1587162e-01   0.0000000e+00
   2.5400000e+00   4.1483707e-01   0.0000000e+00
   2.5600000e+00   4.1397717e-01   0.0000000e+00
   2.5800000e+00   4.1329193e-01   0.0000000e+00
   2.6000000e+00   4.1275755e-01   0.0000000e+00
   2.6200000e+00   4.1214808e-01   0.0000000e+00
   2.6400000e+00   4.1146352e-01   0.0000000e+00
   2.6600000e+00   4.1042828e-01   0.0000000e+00
   2.6800000e+00   4.0964348e-01   0.0000000e+00
   2.7000000e+00   4.0910910e-01   0.0000000e+00
   2.7200000e+00   4.0857472e-01   0.0000000e+00
   2.7400000e+00   4.0787306e-01   0.0000000e+00
   2.7600000e+00   4.0700412e-01   0.0000000e+00
   2.7800000e+00   4.0637117e-01   0.0000000e+00
   2.8000000e+00   4.0600407e-01   0.0000000e+00
   2.8200000e+00   4.0590284e-01   0.0000000e+00
   2.8400000e+00   4.0536846e-01   0.0000000e+00
   2.8600000e+00   4.0509356e-01   0.0000000e+00
   2.8800000e+00   4.0507813e-01   0.0000000e+00
   2.9000000e+00   4.0507813e-01   0.0000000e+00
   2.9200000e+00   4.0493532e-01   0.0000000e+00
   2.9400000e+00   4.0464970e-01   0.0000000e+00
   2.9600000e+00   4.0394637e-01   0.0000000e+00
   2.9800000e+00   4.0308647e-01   0.0000000e+00
   3.0000000e+00   4.0207001e-01   0.0000000e+00
   3.0200000e+00   4.0153563e-01   0.0000000e+00
   3.0400000e+00   4.0076625e-01   0.0000000e+00
   3.0600000e+00   3.9976188e-01   0.0000000e+00
   3.0800000e+00   3.9833979e-01   0.0000000e+00
   3.1000000e+00   3.9694551e-01   0.0000000e+00
   3.1200000e+00   3.9557905e-01   0.0000000e+00
   3.1400000e+00   3.9463030e-01   0.0000000e+00
   3.1600000e+00   3.9388874e-01   0.0000000e+00
   3.1800000e+00   3.9335436e-01   0.0000000e+00
   3.2000000e+00   3.9281999e-01   0.0000000e+00
   3.2200000e+00   3.9228561e-01   0.0000000e+00
   3.2400000e+00   3.9175123e-01   0.0000000e+00
   3.2600000e+00   3.9152124e-01   0.0000000e+00
   3.2800000e+00   3.9121853e-01   0.0000000e+00
   3.3000000e+00   3.9084308e-01   0.0000000e+00
   3.3200000e+00   3.8984538e-01   0.0000000e+00
   3.3400000e+00   3.8907935e-01   0.0000000e+00
   3.3600000e+00   3.8854497e-01   0.0000000e+00
   3.3800000e+00   3.8849936e-01   0.0000000e+00
   3.4000000e+00   3.8829051e-01   0.0000000e+00
   3.4200000e+00   3.8791840e-01   0.0000000e+00
   2.0100000e+00   6.7951637e-01   1.0000000e+00
   2.0300000e+00   6.7737886e-01   1.0000000e+00
   2.0500000e+00   6.7503451e-01   1.0000000e+00
   2.0700000e+00   6.7248332e-01   1.0000000e+00
   2.0900000e+00   6.6951442e-01   1.0000000e+00
   2.1100000e+00   6.6660719e-01   1.0000000e+00
   2.1300000e+00   6.6376163e-01   1.0000000e+00
   2.1500000e+00   6.6149675e-01   1.0000000e+00
   2.1700000e+00   6.5876117e-01   1.0000000e+00
   2.1900000e+00   6.5555491e-01   1.0000000e+00
   2.2100000e+00   6.5283005e-01   1.0000000e+00
   2.2300000e+00   6.5013168e-01   1.0000000e+00
   2.2500000e+00   6.4745979e-01   1.0000000e+00
   2.2700000e+00   6.4503598e-01   1.0000000e+00
   2.2900000e+00   6.4275532e-01   1.0000000e+00
   2.3100000e+00   6.4061781e-01   1.0000000e+00
   2.3300000e+00   6.3848030e-01   1.0000000e+00
   2.3500000e+00   6.3634279e-01   1.0000000e+00
   2.3700000e+00   6.3420528e-01   1.0000000e+00
   2.3900000e+00   6.3250023e-01   1.0000000e+00
   2.4100000e+00   6.3068824e-01   1.0000000e+00
   2.4300000e+00   6.2876932e-01   1.0000000e+00
   2.4500000e+00   6.2663181e-01   1.0000000e+00
   2.4700000e+00   6.2445308e-01   1.0000000e+00
   2.4900000e+00   6.2223311e-01   1.0000000e+00
   2.5100000e+00   6.1956122e-01   1.0000000e+00
   2.5300000e+00   6.1713942e-01   1.0000000e+00
   2.5500000e+00   6.1496771e-01   1.0000000e+00
   2.5700000e+00   6.1244669e-01   1.0000000e+00
   2.5900000e+00   6.0998366e-01   1.0000000e+00
   2.6100000e+00   6.0757862e-01   1.0000000e+00
   2.6300000e+00   6.0544111e-01   1.0000000e+00
   2.6500000e+00   6.0330361e-01   1.0000000e+00
   2.6700000e+00   6.0116610e-01   1.0000000e+00
   2.6900000e+00   5.9902859e-01   1.0000000e+00
   2.7100000e+00   5.9666547e-01   1.0000000e+00
   2.7300000e+00   5.9407673e-01   1.0000000e+00
   2.7500000e+00   5.9173941e-01   1.0000000e+00
   2.7700000e+00   5.8895725e-01   1.0000000e+00
   2.7900000e+00   5.8573025e-01   1.0000000e+00
   2.8100000e+00   5.8162949e-01   1.0000000e+00
   2.8300000e+00   5.7904474e-01   1.0000000e+00
   2.8500000e+00   5.7797598e-01   1.0000000e+00
   2.8700000e+00   5.7690723e-01   1.0000000e+00
