   6.1000000e-01   9.7598845e-01   0.0000000e+00
   6.3000000e-01   9.6251443e-01   0.0000000e+00
   6.5000000e-01   9.3919831e-01   0.0000000e+00
   6.7000000e-01   9.1364645e-01   0.0000000e+00
   6.9000000e-01   8.8585884e-01   0.0000000e+00
   7.1000000e-01   8.6262381e-01   0.0000000e+00
   7.3000000e-01   8.3995367e-01   0.0000000e+00
   7.5000000e-01   8.1784843e-01   0.0000000e+00
   7.7000000e-01   7.9860211e-01   0.0000000e+00
   7.9000000e-01   7.8096732e-01   0.0000000e+00
   8.1000000e-01   7.6494407e-01   0.0000000e+00
   8.3000000e-01   7.4677525e-01   0.0000000e+00
   8.5000000e-01   7.2939089e-01   0.0000000e+00
   8.7000000e-01   7.1279100e-01   0.0000000e+00
   8.9000000e-01   6.9703793e-01   0.0000000e+00
   9.1000000e-01   6.8228187e-01   0.0000000e+00
   9.3000000e-01   6.6852282e-01   0.0000000e+00
   9.5000000e-01   6.5709706e-01   0.0000000e+00
   9.7000000e-01   6.4663110e-01   0.0000000e+00
   9.9000000e-01   6.3712495e-01   0.0000000e+00
   1.0100000e+00   6.2857492e-01   0.0000000e+00
   1.0300000e+00   6.2026190e-01   0.0000000e+00
   1.0500000e+00   6.1218590e-01   0.0000000e+00
   1.0700000e+00   6.0559970e-01   0.0000000e+00
   1.0900000e+00   5.9912683e-01   0.0000000e+00
   1.1100000e+00   5.9276728e-01   0.0000000e+00
   1.1300000e+00   5.8619248e-01   0.0000000e+00
   1.1500000e+00   5.8022952e-01   0.0000000e+00
   1.1700000e+00   5.7487838e-01   0.0000000e+00
   1.1900000e+00   5.6900023e-01   0.0000000e+00
   1.2100000e+00   5.6333462e-01   0.0000000e+00
   1.2300000e+00   5.5788156e-01   0.0000000e+00
   1.2500000e+00   5.5284621e-01   0.0000000e+00
   1.2700000e+00   5.4782796e-01   0.0000000e+00
   1.2900000e+00   5.4282681e-01   0.0000000e+00
   1.3100000e+00   5.3740795e-01   0.0000000e+00
   1.3300000e+00   5.3175945e-01   0.0000000e+00
   1.3500000e+00   5.2588130e-01   0.0000000e+00
   1.3700000e+00   5.2148156e-01   0.0000000e+00
   1.3900000e+00   5.1714418e-01   0.0000000e+00
   1.4100000e+00   5.1286916e-01   0.0000000e+00
   1.4300000e+00   5.0885362e-01   0.0000000e+00
   1.4500000e+00   5.0497553e-01   0.0000000e+00
   1.4700000e+00   5.0123489e-01   0.0000000e+00
   1.4900000e+00   4.9749425e-01   0.0000000e+00
   1.5100000e+00   4.9375361e-01   0.0000000e+00
   1.5300000e+00   4.9001297e-01   0.0000000e+00
   1.5500000e+00   4.8716004e-01   0.0000000e+00
   1.5700000e+00   4.8439764e-01   0.0000000e+00
   1.5900000e+00   4.8172575e-01   0.0000000e+00
   1.6100000e+00   4.7926439e-01   0.0000000e+00
   1.6300000e+00   4.7701189e-01   0.0000000e+00
   1.6500000e+00   4.7496825e-01   0.0000000e+00
   1.6700000e+00   4.7336511e-01   0.0000000e+00
   1.6900000e+00   4.7150620e-01   0.0000000e+00
   1.7100000e+00   4.6939149e-01   0.0000000e+00
   1.7300000e+00   4.6764889e-01   0.0000000e+00
   1.7500000e+00   4.6611515e-01   0.0000000e+00
   1.7700000e+00   4.6479026e-01   0.0000000e+00
   1.7900000e+00   4.6339835e-01   0.0000000e+00
   1.8100000e+00   4.6167855e-01   0.0000000e+00
   1.8300000e+00   4.5963088e-01   0.0000000e+00
   1.8500000e+00   4.5856212e-01   0.0000000e+00
   1.8700000e+00   4.5749337e-01   0.0000000e+00
   1.8900000e+00   4.5642462e-01   0.0000000e+00
   1.9100000e+00   4.5570182e-01   0.0000000e+00
   1.9300000e+00   4.5495859e-01   0.0000000e+00
   1.9500000e+00   4.5419491e-01   0.0000000e+00
   1.9700000e+00   4.5312616e-01   0.0000000e+00
   1.9900000e+00   4.5205741e-01   0.0000000e+00
   2.0100000e+00   4.5098865e-01   0.0000000e+00
   2.0300000e+00   4.5098059e-01   0.0000000e+00
   2.0500000e+00   4.5056288e-01   0.0000000e+00
   2.0700000e+00   4.4973552e-01   0.0000000e+00
   2.0900000e+00   4.4896378e-01   0.0000000e+00
   2.1100000e+00   4.4831072e-01   0.0000000e+00
   2.1300000e+00   4.4777634e-01   0.0000000e+00
   2.1500000e+00   4.4717828e-01   0.0000000e+00
   2.1700000e+00   4.4634487e-01   0.0000000e+00
   2.1900000e+00   4.4527612e-01   0.0000000e+00
   2.2100000e+00   4.4468876e-01   0.0000000e+00
   2.2300000e+00   4.4394553e-01   0.0000000e+00
   2.2500000e+00   4.4304642e-01   0.0000000e+00
   2.2700000e+00   4.4197766e-01   0.0000000e+00
   2.2900000e+00   4.4097461e-01   0.0000000e+00
   2.3100000e+00   4.4003727e-01   0.0000000e+00
   2.3300000e+00   4.3948814e-01   0.0000000e+00
   2.3500000e+00   4.3867921e-01   0.0000000e+00
   2.3700000e+00   4.3761045e-01   0.0000000e+00
   2.3900000e+00   4.3654170e-01   0.0000000e+00
   2.4100000e+00   4.3547295e-01   0.0000000e+00
   2.4300000e+00   4.3440419e-01   0.0000000e+00
   2.4500000e+00   4.3353456e-01   0.0000000e+00
   2.4700000e+00   4.3283256e-01   0.0000000e+00
   2.4900000e+00   4.3229818e-01   0.0000000e+00
   2.5100000e+00   4.3176381e-01   0.0000000e+00
   2.5300000e+00   4.3097934e-01   0.0000000e+00
   2.5500000e+00   4.2994479e-01   0.0000000e+00
   2.5700000e+00   4.2887604e-01   0.0000000e+00
   2.5900000e+00   4.2794071e-01   0.0000000e+00
   2.6100000e+00   4.2713880e-01   0.0000000e+00
   2.6300000e+00   4.2660442e-01   0.0000000e+00
   2.6500000e+00   4.2607004e-01   0.0000000e+00
   2.6700000e+00   4.2553567e-01   0.0000000e+00
   2.6900000e+00   4.2500129e-01   0.0000000e+00
   2.7100000e+00   4.2446691e-01   0.0000000e+00
   2.7300000e+00   4.2393253e-01   0.0000000e+00
   2.7500000e+00   4.2306359e-01   0.0000000e+00
   2.7700000e+00   4.2231265e-01   0.0000000e+00
   2.7900000e+00   4.2167969e-01   0.0000000e+00
   2.8100000e+00   4.2147722e-01   0.0000000e+00
   2.8300000e+00   4.2084161e-01   0.0000000e+00
   2.8500000e+00   4.1977286e-01   0.0000000e+00
   2.8700000e+00   4.1974199e-01   0.0000000e+00
   2.8900000e+00   4.1972656e-01   0.0000000e+00
   2.9100000e+00   4.1972656e-01   0.0000000e+00
   2.9300000e+00   4.1944095e-01   0.0000000e+00
   2.9500000e+00   4.1911543e-01   0.0000000e+00
   2.9700000e+00   4.1875000e-01   0.0000000e+00
   2.9900000e+00   4.1869771e-01   0.0000000e+00
   3.0100000e+00   4.1840438e-01   0.0000000e+00
   3.0300000e+00   4.1787000e-01   0.0000000e+00
   3.0500000e+00   4.1780563e-01   0.0000000e+00
   3.0700000e+00   4.1777344e-01   0.0000000e+00
   3.0900000e+00   4.1777344e-01   0.0000000e+00
   3.1100000e+00   4.1777344e-01   0.0000000e+00
   3.1300000e+00   4.1777344e-01   0.0000000e+00
   3.1500000e+00   4.1777344e-01   0.0000000e+00
   3.1700000e+00   4.1777344e-01   0.0000000e+00
   3.1900000e+00   4.1777344e-01   0.0000000e+00
   3.2100000e+00   4.1777344e-01   0.0000000e+00
   3.2300000e+00   4.1777344e-01   0.0000000e+00
   3.2500000e+00   4.1777344e-01   0.0000000e+00
   3.2700000e+00   4.1777344e-01   0.0000000e+00
   3.2900000e+00   4.1796116e-01   0.0000000e+00
   3.3100000e+00   4.1828668e-01   0.0000000e+00
   3.3300000e+00   4.1875000e-01   0.0000000e+00
   3.3500000e+00   4.1875000e-01   0.0000000e+00
   3.3700000e+00   4.1875000e-01   0.0000000e+00
   3.3900000e+00   4.1875000e-01   0.0000000e+00
   3.4100000e+00   4.1875000e-01   0.0000000e+00
   3.4300000e+00   4.1875000e-01   0.0000000e+00
   3.4500000e+00   4.1875000e-01   0.0000000e+00
   3.4700000e+00   4.1861122e-01   0.0000000e+00
   3.4900000e+00   4.1828570e-01   0.0000000e+00
   3.5100000e+00   4.1777344e-01   0.0000000e+00
   3.5300000e+00   4.1777344e-01   0.0000000e+00
   3.5500000e+00   4.1755352e-01   0.0000000e+00
   3.5700000e+00   4.1711370e-01   0.0000000e+00
   3.5900000e+00   4.1657932e-01   0.0000000e+00
   3.6100000e+00   4.1594170e-01   0.0000000e+00
   3.6300000e+00   4.1520082e-01   0.0000000e+00
   3.6500000e+00   4.1431173e-01   0.0000000e+00
   3.6700000e+00   4.1386719e-01   0.0000000e+00
   3.6900000e+00   4.1386719e-01   0.0000000e+00
   3.7100000e+00   4.1335964e-01   0.0000000e+00
   3.7300000e+00   4.1342500e-01   0.0000000e+00
   3.7500000e+00   4.1406326e-01   0.0000000e+00
   3.7700000e+00   4.1540623e-01   0.0000000e+00
   2.1600000e+00   6.9023437e-01   1.0000000e+00
   2.1800000e+00   6.9023437e-01   1.0000000e+00
   2.2000000e+00   6.8951227e-01   1.0000000e+00
   2.2200000e+00   6.8806807e-01   1.0000000e+00
   2.2400000e+00   6.8610020e-01   1.0000000e+00
   2.2600000e+00   6.8404752e-01   1.0000000e+00
   2.2800000e+00   6.8191001e-01   1.0000000e+00
   2.3000000e+00   6.7977250e-01   1.0000000e+00
   2.3200000e+00   6.7763499e-01   1.0000000e+00
   2.3400000e+00   6.7549748e-01   1.0000000e+00
   2.3600000e+00   6.7335997e-01   1.0000000e+00
   2.3800000e+00   6.7122247e-01   1.0000000e+00
   2.4000000e+00   6.6908496e-01   1.0000000e+00
   2.4200000e+00   6.6663166e-01   1.0000000e+00
   2.4400000e+00   6.6416863e-01   1.0000000e+00
   2.4600000e+00   6.6169587e-01   1.0000000e+00
   2.4800000e+00   6.5947590e-01   1.0000000e+00
   2.5000000e+00   6.5702998e-01   1.0000000e+00
   2.5200000e+00   6.5435809e-01   1.0000000e+00
   2.5400000e+00   6.5168621e-01   1.0000000e+00
   2.5600000e+00   6.4920607e-01   1.0000000e+00
   2.5800000e+00   6.4691770e-01   1.0000000e+00
   2.6000000e+00   6.4478019e-01   1.0000000e+00
   2.6200000e+00   6.4264268e-01   1.0000000e+00
   2.6400000e+00   6.4050517e-01   1.0000000e+00
   2.6600000e+00   6.3836767e-01   1.0000000e+00
   2.6800000e+00   6.3623016e-01   1.0000000e+00
   2.7000000e+00   6.3409265e-01   1.0000000e+00
   2.7200000e+00   6.3240637e-01   1.0000000e+00
   2.7400000e+00   6.3076166e-01   1.0000000e+00
   2.7600000e+00   6.2915853e-01   1.0000000e+00
   2.7800000e+00   6.2755540e-01   1.0000000e+00
   2.8000000e+00   6.2595227e-01   1.0000000e+00
   2.8200000e+00   6.2434914e-01   1.0000000e+00
   2.8400000e+00   6.2274601e-01   1.0000000e+00
   2.8600000e+00   6.2140235e-01   1.0000000e+00
   2.8800000e+00   6.2031816e-01   1.0000000e+00
   2.9000000e+00   6.1924941e-01   1.0000000e+00
   2.9200000e+00   6.1818065e-01   1.0000000e+00
   2.9400000e+00   6.1711190e-01   1.0000000e+00
   2.9600000e+00   6.1621210e-01   1.0000000e+00
   2.9800000e+00   6.1546886e-01   1.0000000e+00
   3.0000000e+00   6.1488220e-01   1.0000000e+00
   3.0200000e+00   6.1381345e-01   1.0000000e+00
   3.0400000e+00   6.1274469e-01   1.0000000e+00
   3.0600000e+00   6.1167594e-01   1.0000000e+00
   3.0800000e+00   6.1060718e-01   1.0000000e+00
   3.1000000e+00   6.0965677e-01   1.0000000e+00
   3.1200000e+00   6.0882468e-01   1.0000000e+00
   3.1400000e+00   6.0793029e-01   1.0000000e+00
   3.1600000e+00   6.0641768e-01   1.0000000e+00
   3.1800000e+00   6.0428685e-01   1.0000000e+00
   3.2000000e+00   6.0321810e-01   1.0000000e+00
   3.2200000e+00   6.0235987e-01   1.0000000e+00
   3.2400000e+00   6.0171217e-01   1.0000000e+00
   3.2600000e+00   6.0087340e-01   1.0000000e+00
   3.2800000e+00   5.9991964e-01   1.0000000e+00
   3.3000000e+00   5.9885089e-01   1.0000000e+00
   3.3200000e+00   5.9785320e-01   1.0000000e+00
   3.3400000e+00   5.9708716e-01   1.0000000e+00
   3.3600000e+00   5.9655278e-01   1.0000000e+00
   3.3800000e+00   5.9601841e-01   1.0000000e+00
   2.7900000e+00   7.6216918e-01   2.0000000e+00
   2.8100000e+00   7.5993043e-01   2.0000000e+00
   2.8300000e+00   7.5747512e-01   2.0000000e+00
   2.8500000e+00   7.5480324e-01   2.0000000e+00
   2.8700000e+00   7.5368819e-01   2.0000000e+00
   2.8900000e+00   7.5259629e-01   2.0000000e+00
   2.9100000e+00   7.5152753e-01   2.0000000e+00
   2.9300000e+00   7.4988754e-01   2.0000000e+00
   2.9500000e+00   7.4799880e-01   2.0000000e+00
   2.9700000e+00   7.4586129e-01   2.0000000e+00
   2.9900000e+00   7.4372378e-01   2.0000000e+00
   3.0100000e+00   7.4158627e-01   2.0000000e+00
   3.0300000e+00   7.3944877e-01   2.0000000e+00
   3.0500000e+00   7.3590126e-01   2.0000000e+00
   3.0700000e+00   7.3278719e-01   2.0000000e+00
   3.0900000e+00   7.3010655e-01   2.0000000e+00
   3.1100000e+00   7.2773237e-01   2.0000000e+00
   3.1300000e+00   7.2532935e-01   2.0000000e+00
   3.1500000e+00   7.2289747e-01   2.0000000e+00
   3.1700000e+00   7.2129434e-01   2.0000000e+00
   3.1900000e+00   7.1969121e-01   2.0000000e+00
   3.2100000e+00   7.1808808e-01   2.0000000e+00
   3.2300000e+00   7.1690600e-01   2.0000000e+00
   3.2500000e+00   7.1593278e-01   2.0000000e+00
   3.2700000e+00   7.1516842e-01   2.0000000e+00
   3.2900000e+00   7.1425859e-01   2.0000000e+00
