   6.1000000e-01   9.7958191e-01   0.0000000e+00
   6.3000000e-01   9.6809118e-01   0.0000000e+00
   6.5000000e-01   9.4630311e-01   0.0000000e+00
   6.7000000e-01   9.2178245e-01   0.0000000e+00
   6.9000000e-01   8.9452923e-01   0.0000000e+00
   7.1000000e-01   8.7091805e-01   0.0000000e+00
   7.3000000e-01   8.4779266e-01   0.0000000e+00
   7.5000000e-01   8.2515304e-01   0.0000000e+00
   7.7000000e-01   8.0626005e-01   0.0000000e+00
   7.9000000e-01   7.8944560e-01   0.0000000e+00
   8.1000000e-01   7.7470969e-01   0.0000000e+00
   8.3000000e-01   7.5654087e-01   0.0000000e+00
   8.5000000e-01   7.3941801e-01   0.0000000e+00
   8.7000000e-01   7.2334109e-01   0.0000000e+00
   8.9000000e-01   7.0812240e-01   0.0000000e+00
   9.1000000e-01   6.9390072e-01   0.0000000e+00
   9.3000000e-01   6.8067604e-01   0.0000000e+00
   9.5000000e-01   6.6943869e-01   0.0000000e+00
   9.7000000e-01   6.5882791e-01   0.0000000e+00
   9.9000000e-01   6.4884370e-01   0.0000000e+00
   1.0100000e+00   6.4029367e-01   0.0000000e+00
   1.0300000e+00   6.3221766e-01   0.0000000e+00
   1.0500000e+00   6.2461569e-01   0.0000000e+00
   1.0700000e+00   6.1820651e-01   0.0000000e+00
   1.0900000e+00   6.1182214e-01   0.0000000e+00
   1.1100000e+00   6.0546259e-01   0.0000000e+00
   1.1300000e+00   5.9876376e-01   0.0000000e+00
   1.1500000e+00   5.9247527e-01   0.0000000e+00
   1.1700000e+00   5.8659713e-01   0.0000000e+00
   1.1900000e+00   5.8071898e-01   0.0000000e+00
   1.2100000e+00   5.7505337e-01   0.0000000e+00
   1.2300000e+00   5.6960031e-01   0.0000000e+00
   1.2500000e+00   5.6425654e-01   0.0000000e+00
   1.2700000e+00   5.5891277e-01   0.0000000e+00
   1.2900000e+00   5.5356900e-01   0.0000000e+00
   1.3100000e+00   5.4822523e-01   0.0000000e+00
   1.3300000e+00   5.4288146e-01   0.0000000e+00
   1.3500000e+00   5.3753769e-01   0.0000000e+00
   1.3700000e+00   5.3219392e-01   0.0000000e+00
   1.3900000e+00   5.2722628e-01   0.0000000e+00
   1.4100000e+00   5.2263479e-01   0.0000000e+00
   1.4300000e+00   5.1861924e-01   0.0000000e+00
   1.4500000e+00   5.1474115e-01   0.0000000e+00
   1.4700000e+00   5.1100051e-01   0.0000000e+00
   1.4900000e+00   5.0725987e-01   0.0000000e+00
   1.5100000e+00   5.0351924e-01   0.0000000e+00
   1.5300000e+00   4.9977860e-01   0.0000000e+00
   1.5500000e+00   4.9648181e-01   0.0000000e+00
   1.5700000e+00   4.9323029e-01   0.0000000e+00
   1.5900000e+00   4.9002403e-01   0.0000000e+00
   1.6100000e+00   4.8702829e-01   0.0000000e+00
   1.6300000e+00   4.8419448e-01   0.0000000e+00
   1.6500000e+00   4.8152260e-01   0.0000000e+00
   1.6700000e+00   4.7885071e-01   0.0000000e+00
   1.6900000e+00   4.7643461e-01   0.0000000e+00
   1.7100000e+00   4.7427430e-01   0.0000000e+00
   1.7300000e+00   4.7253170e-01   0.0000000e+00
   1.7500000e+00   4.7085884e-01   0.0000000e+00
   1.7700000e+00   4.6925571e-01   0.0000000e+00
   1.7900000e+00   4.6749100e-01   0.0000000e+00
   1.8100000e+00   4.6560726e-01   0.0000000e+00
   1.8300000e+00   4.6360450e-01   0.0000000e+00
   1.8500000e+00   4.6307012e-01   0.0000000e+00
   1.8700000e+00   4.6207312e-01   0.0000000e+00
   1.8900000e+00   4.6061348e-01   0.0000000e+00
   1.9100000e+00   4.5970228e-01   0.0000000e+00
   1.9300000e+00   4.5886484e-01   0.0000000e+00
   1.9500000e+00   4.5810116e-01   0.0000000e+00
   1.9700000e+00   4.5703241e-01   0.0000000e+00
   1.9900000e+00   4.5596366e-01   0.0000000e+00
   2.0100000e+00   4.5489490e-01   0.0000000e+00
   2.0300000e+00   4.5488684e-01   0.0000000e+00
   2.0500000e+00   4.5446913e-01   0.0000000e+00
   2.0700000e+00   4.5364177e-01   0.0000000e+00
   2.0900000e+00   4.5257301e-01   0.0000000e+00
   2.1100000e+00   4.5150426e-01   0.0000000e+00
   2.1300000e+00   4.5043550e-01   0.0000000e+00
   2.1500000e+00   4.4943044e-01   0.0000000e+00
   2.1700000e+00   4.4866072e-01   0.0000000e+00
   2.1900000e+00   4.4812634e-01   0.0000000e+00
   2.2100000e+00   4.4759196e-01   0.0000000e+00
   2.2300000e+00   4.4687522e-01   0.0000000e+00
   2.2500000e+00   4.4597610e-01   0.0000000e+00
   2.2700000e+00   4.4490735e-01   0.0000000e+00
   2.2900000e+00   4.4383860e-01   0.0000000e+00
   2.3100000e+00   4.4276984e-01   0.0000000e+00
   2.3300000e+00   4.4173057e-01   0.0000000e+00
   2.3500000e+00   4.4121094e-01   0.0000000e+00
   2.3700000e+00   4.4121094e-01   0.0000000e+00
   2.3900000e+00   4.4034603e-01   0.0000000e+00
   2.4100000e+00   4.3937920e-01   0.0000000e+00
   2.4300000e+00   4.3831044e-01   0.0000000e+00
   2.4500000e+00   4.3744081e-01   0.0000000e+00
   2.4700000e+00   4.3673881e-01   0.0000000e+00
   2.4900000e+00   4.3620443e-01   0.0000000e+00
   2.5100000e+00   4.3567006e-01   0.0000000e+00
   2.5300000e+00   4.3488559e-01   0.0000000e+00
   2.5500000e+00   4.3385104e-01   0.0000000e+00
   2.5700000e+00   4.3354931e-01   0.0000000e+00
   2.5900000e+00   4.3313159e-01   0.0000000e+00
   2.6100000e+00   4.3259791e-01   0.0000000e+00
   2.6300000e+00   4.3182951e-01   0.0000000e+00
   2.6500000e+00   4.3141180e-01   0.0000000e+00
   2.6700000e+00   4.3134477e-01   0.0000000e+00
   2.6900000e+00   4.3027601e-01   0.0000000e+00
   2.7100000e+00   4.2943287e-01   0.0000000e+00
   2.7300000e+00   4.2881535e-01   0.0000000e+00
   2.7500000e+00   4.2828097e-01   0.0000000e+00
   2.7700000e+00   4.2763764e-01   0.0000000e+00
   2.7900000e+00   4.2688537e-01   0.0000000e+00
   2.8100000e+00   4.2591785e-01   0.0000000e+00
   2.8300000e+00   4.2516690e-01   0.0000000e+00
   2.8500000e+00   4.2463252e-01   0.0000000e+00
   2.8700000e+00   4.2409814e-01   0.0000000e+00
   2.8900000e+00   4.2376491e-01   0.0000000e+00
   2.9100000e+00   4.2363281e-01   0.0000000e+00
   2.9300000e+00   4.2334720e-01   0.0000000e+00
   2.9500000e+00   4.2293720e-01   0.0000000e+00
   2.9700000e+00   4.2240282e-01   0.0000000e+00
   2.9900000e+00   4.2192073e-01   0.0000000e+00
   3.0100000e+00   4.2167969e-01   0.0000000e+00
   3.0300000e+00   4.2167969e-01   0.0000000e+00
   3.0500000e+00   4.2167969e-01   0.0000000e+00
   3.0700000e+00   4.2185636e-01   0.0000000e+00
   3.0900000e+00   4.2220969e-01   0.0000000e+00
   3.1100000e+00   4.2250740e-01   0.0000000e+00
   3.1300000e+00   4.2265625e-01   0.0000000e+00
   3.1500000e+00   4.2265625e-01   0.0000000e+00
   3.1700000e+00   4.2265625e-01   0.0000000e+00
   3.1900000e+00   4.2265625e-01   0.0000000e+00
   3.2100000e+00   4.2265625e-01   0.0000000e+00
   3.2300000e+00   4.2265625e-01   0.0000000e+00
   3.2500000e+00   4.2265625e-01   0.0000000e+00
   3.2700000e+00   4.2265625e-01   0.0000000e+00
   3.2900000e+00   4.2265625e-01   0.0000000e+00
   3.3100000e+00   4.2269178e-01   0.0000000e+00
   3.3300000e+00   4.2276284e-01   0.0000000e+00
   3.3500000e+00   4.2329722e-01   0.0000000e+00
   3.3700000e+00   4.2334282e-01   0.0000000e+00
   3.3900000e+00   4.2289965e-01   0.0000000e+00
   3.4100000e+00   4.2273738e-01   0.0000000e+00
   3.4300000e+00   4.2265625e-01   0.0000000e+00
   3.4500000e+00   4.2265625e-01   0.0000000e+00
   3.4700000e+00   4.2265625e-01   0.0000000e+00
   3.4900000e+00   4.2263414e-01   0.0000000e+00
   3.5100000e+00   4.2258991e-01   0.0000000e+00
   3.5300000e+00   4.2152115e-01   0.0000000e+00
   3.5500000e+00   4.2067231e-01   0.0000000e+00
   3.5700000e+00   4.2004339e-01   0.0000000e+00
   3.5900000e+00   4.1950901e-01   0.0000000e+00
   3.6100000e+00   4.1887138e-01   0.0000000e+00
   3.6300000e+00   4.1813051e-01   0.0000000e+00
   3.6500000e+00   4.1706176e-01   0.0000000e+00
   3.6700000e+00   4.1599300e-01   0.0000000e+00
   3.6900000e+00   4.1492425e-01   0.0000000e+00
   3.7100000e+00   4.1436304e-01   0.0000000e+00
   3.7300000e+00   4.1361980e-01   0.0000000e+00
   3.7500000e+00   4.1269455e-01   0.0000000e+00
   3.7700000e+00   4.1190001e-01   0.0000000e+00
   3.7900000e+00   4.1131433e-01   0.0000000e+00
   2.1300000e+00   7.0070603e-01   1.0000000e+00
   2.1500000e+00   7.0010797e-01   1.0000000e+00
   2.1700000e+00   6.9927456e-01   1.0000000e+00
   2.1900000e+00   6.9820580e-01   1.0000000e+00
   2.2100000e+00   6.9665565e-01   1.0000000e+00
   2.2300000e+00   6.9489664e-01   1.0000000e+00
   2.2500000e+00   6.9292877e-01   1.0000000e+00
   2.2700000e+00   6.9103933e-01   1.0000000e+00
   2.2900000e+00   6.8922735e-01   1.0000000e+00
   2.3100000e+00   6.8749281e-01   1.0000000e+00
   2.3300000e+00   6.8535530e-01   1.0000000e+00
   2.3500000e+00   6.8321779e-01   1.0000000e+00
   2.3700000e+00   6.8108028e-01   1.0000000e+00
   2.3900000e+00   6.7894278e-01   1.0000000e+00
   2.4100000e+00   6.7664737e-01   1.0000000e+00
   2.4300000e+00   6.7419407e-01   1.0000000e+00
   2.4500000e+00   6.7152219e-01   1.0000000e+00
   2.4700000e+00   6.6880907e-01   1.0000000e+00
   2.4900000e+00   6.6605473e-01   1.0000000e+00
   2.5100000e+00   6.6284847e-01   1.0000000e+00
   2.5300000e+00   6.6014238e-01   1.0000000e+00
   2.5500000e+00   6.5793646e-01   1.0000000e+00
   2.5700000e+00   6.5579895e-01   1.0000000e+00
   2.5900000e+00   6.5366144e-01   1.0000000e+00
   2.6100000e+00   6.5152394e-01   1.0000000e+00
   2.6300000e+00   6.4953661e-01   1.0000000e+00
   2.6500000e+00   6.4772462e-01   1.0000000e+00
   2.6700000e+00   6.4608797e-01   1.0000000e+00
   2.6900000e+00   6.4395047e-01   1.0000000e+00
   2.7100000e+00   6.4203857e-01   1.0000000e+00
   2.7300000e+00   6.4035229e-01   1.0000000e+00
   2.7500000e+00   6.3874916e-01   1.0000000e+00
   2.7700000e+00   6.3714603e-01   1.0000000e+00
   2.7900000e+00   6.3554290e-01   1.0000000e+00
   2.8100000e+00   6.3404100e-01   1.0000000e+00
   2.8300000e+00   6.3275567e-01   1.0000000e+00
   2.8500000e+00   6.3168692e-01   1.0000000e+00
   2.8700000e+00   6.3061817e-01   1.0000000e+00
   2.8900000e+00   6.2954941e-01   1.0000000e+00
   2.9100000e+00   6.2848066e-01   1.0000000e+00
   2.9300000e+00   6.2741190e-01   1.0000000e+00
   2.9500000e+00   6.2634315e-01   1.0000000e+00
   2.9700000e+00   6.2527440e-01   1.0000000e+00
   2.9900000e+00   6.2425793e-01   1.0000000e+00
   3.0100000e+00   6.2348251e-01   1.0000000e+00
   3.0300000e+00   6.2294813e-01   1.0000000e+00
   3.0500000e+00   6.2241375e-01   1.0000000e+00
   3.0700000e+00   6.2187937e-01   1.0000000e+00
   3.0900000e+00   6.2134500e-01   1.0000000e+00
   3.1100000e+00   6.2057395e-01   1.0000000e+00
   3.1300000e+00   6.1959405e-01   1.0000000e+00
   3.1500000e+00   6.1840529e-01   1.0000000e+00
   3.1700000e+00   6.1680884e-01   1.0000000e+00
   3.1900000e+00   6.1574342e-01   1.0000000e+00
   3.2100000e+00   6.1520905e-01   1.0000000e+00
   3.2300000e+00   6.1383256e-01   1.0000000e+00
   3.2500000e+00   6.1264715e-01   1.0000000e+00
   3.2700000e+00   6.1165279e-01   1.0000000e+00
   3.2900000e+00   6.1093069e-01   1.0000000e+00
   3.3100000e+00   6.1003526e-01   1.0000000e+00
   3.3300000e+00   6.0896651e-01   1.0000000e+00
   3.3500000e+00   6.0789775e-01   1.0000000e+00
   3.3700000e+00   6.0707339e-01   1.0000000e+00
   3.3900000e+00   6.0649340e-01   1.0000000e+00
   2.7300000e+00   7.8037785e-01   2.0000000e+00
   2.7500000e+00   7.7917434e-01   2.0000000e+00
   2.7700000e+00   7.7777103e-01   2.0000000e+00
   2.7900000e+00   7.7616790e-01   2.0000000e+00
   2.8100000e+00   7.7426107e-01   2.0000000e+00
   2.8300000e+00   7.7170452e-01   2.0000000e+00
   2.8500000e+00   7.6849826e-01   2.0000000e+00
   2.8700000e+00   7.6529199e-01   2.0000000e+00
   2.8900000e+00   7.6228687e-01   2.0000000e+00
   2.9100000e+00   7.5948289e-01   2.0000000e+00
   2.9300000e+00   7.5595416e-01   2.0000000e+00
   2.9500000e+00   7.5222123e-01   2.0000000e+00
   2.9700000e+00   7.4828412e-01   2.0000000e+00
   2.9900000e+00   7.4507786e-01   2.0000000e+00
   3.0100000e+00   7.4187160e-01   2.0000000e+00
   3.0300000e+00   7.3866533e-01   2.0000000e+00
   3.0500000e+00   7.3545907e-01   2.0000000e+00
   3.0700000e+00   7.3225281e-01   2.0000000e+00
   3.0900000e+00   7.2904655e-01   2.0000000e+00
   3.1100000e+00   7.2655030e-01   2.0000000e+00
   3.1300000e+00   7.2438060e-01   2.0000000e+00
   3.1500000e+00   7.2253746e-01   2.0000000e+00
   3.1700000e+00   7.1987894e-01   2.0000000e+00
   3.1900000e+00   7.1828249e-01   2.0000000e+00
   3.2100000e+00   7.1774811e-01   2.0000000e+00
