   6.0000000e-01   9.8060840e-01   0.0000000e+00
   6.2000000e-01   9.7036206e-01   0.0000000e+00
   6.4000000e-01   9.5768690e-01   0.0000000e+00
   6.6000000e-01   9.4258291e-01   0.0000000e+00
   6.8000000e-01   9.1853594e-01   0.0000000e+00
   7.0000000e-01   8.9471661e-01   0.0000000e+00
   7.2000000e-01   8.7112490e-01   0.0000000e+00
   7.4000000e-01   8.4795090e-01   0.0000000e+00
   7.6000000e-01   8.2676118e-01   0.0000000e+00
   7.8000000e-01   8.0755575e-01   0.0000000e+00
   8.0000000e-01   7.9324089e-01   0.0000000e+00
   8.2000000e-01   7.7806781e-01   0.0000000e+00
   8.4000000e-01   7.6203649e-01   0.0000000e+00
   8.6000000e-01   7.4705113e-01   0.0000000e+00
   8.8000000e-01   7.3207718e-01   0.0000000e+00
   9.0000000e-01   7.1711462e-01   0.0000000e+00
   9.2000000e-01   7.0360029e-01   0.0000000e+00
   9.4000000e-01   6.9121674e-01   0.0000000e+00
   9.6000000e-01   6.7996396e-01   0.0000000e+00
   9.8000000e-01   6.7093587e-01   0.0000000e+00
   1.0000000e+00   6.6214681e-01   0.0000000e+00
   1.0200000e+00   6.5359677e-01   0.0000000e+00
   1.0400000e+00   6.4552077e-01   0.0000000e+00
   1.0600000e+00   6.3818967e-01   0.0000000e+00
   1.0800000e+00   6.3160348e-01   0.0000000e+00
   1.1000000e+00   6.2548463e-01   0.0000000e+00
   1.1200000e+00   6.1934298e-01   0.0000000e+00
   1.1400000e+00   6.1317853e-01   0.0000000e+00
   1.1600000e+00   6.0783476e-01   0.0000000e+00
   1.1800000e+00   6.0249098e-01   0.0000000e+00
   1.2000000e+00   5.9714721e-01   0.0000000e+00
   1.2200000e+00   5.9180344e-01   0.0000000e+00
   1.2400000e+00   5.8630546e-01   0.0000000e+00
   1.2600000e+00   5.8065327e-01   0.0000000e+00
   1.2800000e+00   5.7496688e-01   0.0000000e+00
   1.3000000e+00   5.6945180e-01   0.0000000e+00
   1.3200000e+00   5.6410803e-01   0.0000000e+00
   1.3400000e+00   5.5876426e-01   0.0000000e+00
   1.3600000e+00   5.5342049e-01   0.0000000e+00
   1.3800000e+00   5.4807672e-01   0.0000000e+00
   1.4000000e+00   5.4310909e-01   0.0000000e+00
   1.4200000e+00   5.3822057e-01   0.0000000e+00
   1.4400000e+00   5.3341118e-01   0.0000000e+00
   1.4600000e+00   5.2860179e-01   0.0000000e+00
   1.4800000e+00   5.2381854e-01   0.0000000e+00
   1.5000000e+00   5.1906143e-01   0.0000000e+00
   1.5200000e+00   5.1532079e-01   0.0000000e+00
   1.5400000e+00   5.1180208e-01   0.0000000e+00
   1.5600000e+00   5.0850530e-01   0.0000000e+00
   1.5800000e+00   5.0497184e-01   0.0000000e+00
   1.6000000e+00   5.0144006e-01   0.0000000e+00
   1.6200000e+00   4.9790995e-01   0.0000000e+00
   1.6400000e+00   4.9489141e-01   0.0000000e+00
   1.6600000e+00   4.9231339e-01   0.0000000e+00
   1.6800000e+00   4.9017588e-01   0.0000000e+00
   1.7000000e+00   4.8752680e-01   0.0000000e+00
   1.7200000e+00   4.8526122e-01   0.0000000e+00
   1.7400000e+00   4.8337915e-01   0.0000000e+00
   1.7600000e+00   4.8177602e-01   0.0000000e+00
   1.7800000e+00   4.8009210e-01   0.0000000e+00
   1.8000000e+00   4.7832739e-01   0.0000000e+00
   1.8200000e+00   4.7627972e-01   0.0000000e+00
   1.8400000e+00   4.7472150e-01   0.0000000e+00
   1.8600000e+00   4.7365275e-01   0.0000000e+00
   1.8800000e+00   4.7258399e-01   0.0000000e+00
   1.9000000e+00   4.7151524e-01   0.0000000e+00
   1.9200000e+00   4.7044648e-01   0.0000000e+00
   1.9400000e+00   4.6937773e-01   0.0000000e+00
   1.9600000e+00   4.6836529e-01   0.0000000e+00
   1.9800000e+00   4.6740917e-01   0.0000000e+00
   2.0000000e+00   4.6687480e-01   0.0000000e+00
   2.0200000e+00   4.6634042e-01   0.0000000e+00
   2.0400000e+00   4.6580604e-01   0.0000000e+00
   2.0600000e+00   4.6527167e-01   0.0000000e+00
   2.0800000e+00   4.6473729e-01   0.0000000e+00
   2.1000000e+00   4.6420291e-01   0.0000000e+00
   2.1200000e+00   4.6348818e-01   0.0000000e+00
   2.1400000e+00   4.6262828e-01   0.0000000e+00
   2.1600000e+00   4.6162322e-01   0.0000000e+00
   2.1800000e+00   4.6108884e-01   0.0000000e+00
   2.2000000e+00   4.6031376e-01   0.0000000e+00
   2.2200000e+00   4.5929798e-01   0.0000000e+00
   2.2400000e+00   4.5822923e-01   0.0000000e+00
   2.2600000e+00   4.5716048e-01   0.0000000e+00
   2.2800000e+00   4.5609172e-01   0.0000000e+00
   2.3000000e+00   4.5502297e-01   0.0000000e+00
   2.3200000e+00   4.5395421e-01   0.0000000e+00
   2.3400000e+00   4.5288546e-01   0.0000000e+00
   2.3600000e+00   4.5181671e-01   0.0000000e+00
   2.3800000e+00   4.5074795e-01   0.0000000e+00
   2.4000000e+00   4.4967920e-01   0.0000000e+00
   2.4200000e+00   4.4924202e-01   0.0000000e+00
   2.4400000e+00   4.4882431e-01   0.0000000e+00
   2.4600000e+00   4.4842606e-01   0.0000000e+00
   2.4800000e+00   4.4743977e-01   0.0000000e+00
   2.5000000e+00   4.4667943e-01   0.0000000e+00
   2.5200000e+00   4.4614506e-01   0.0000000e+00
   2.5400000e+00   4.4561068e-01   0.0000000e+00
   2.5600000e+00   4.4526806e-01   0.0000000e+00
   2.5800000e+00   4.4511719e-01   0.0000000e+00
   2.6000000e+00   4.4458350e-01   0.0000000e+00
   2.6200000e+00   4.4385737e-01   0.0000000e+00
   2.6400000e+00   4.4293879e-01   0.0000000e+00
   2.6600000e+00   4.4240442e-01   0.0000000e+00
   2.6800000e+00   4.4187004e-01   0.0000000e+00
   2.7000000e+00   4.4133566e-01   0.0000000e+00
   2.7200000e+00   4.4035006e-01   0.0000000e+00
   2.7400000e+00   4.3949016e-01   0.0000000e+00
   2.7600000e+00   4.3875597e-01   0.0000000e+00
   2.7800000e+00   4.3800369e-01   0.0000000e+00
   2.8000000e+00   4.3714380e-01   0.0000000e+00
   2.8200000e+00   4.3617628e-01   0.0000000e+00
   2.8400000e+00   4.3564190e-01   0.0000000e+00
   2.8600000e+00   4.3536699e-01   0.0000000e+00
   2.8800000e+00   4.3535156e-01   0.0000000e+00
   2.9000000e+00   4.3454700e-01   0.0000000e+00
   2.9200000e+00   4.3389596e-01   0.0000000e+00
   2.9400000e+00   4.3339844e-01   0.0000000e+00
   2.9600000e+00   4.3339844e-01   0.0000000e+00
   2.9800000e+00   4.3337229e-01   0.0000000e+00
   3.0000000e+00   4.3332001e-01   0.0000000e+00
   3.0200000e+00   4.3278563e-01   0.0000000e+00
   3.0400000e+00   4.3225125e-01   0.0000000e+00
   3.0600000e+00   4.3171688e-01   0.0000000e+00
   3.0800000e+00   4.3153583e-01   0.0000000e+00
   3.1000000e+00   4.3144531e-01   0.0000000e+00
   3.1200000e+00   4.3144531e-01   0.0000000e+00
   3.1400000e+00   4.3120530e-01   0.0000000e+00
   3.1600000e+00   4.3055426e-01   0.0000000e+00
   3.1800000e+00   4.2949219e-01   0.0000000e+00
   3.2000000e+00   4.2949219e-01   0.0000000e+00
   3.2200000e+00   4.2907113e-01   0.0000000e+00
   3.2400000e+00   4.2822903e-01   0.0000000e+00
   3.2600000e+00   4.2776905e-01   0.0000000e+00
   3.2800000e+00   4.2735134e-01   0.0000000e+00
   3.3000000e+00   4.2697589e-01   0.0000000e+00
   3.3200000e+00   4.2604926e-01   0.0000000e+00
   3.3400000e+00   4.2558594e-01   0.0000000e+00
   3.3600000e+00   4.2558594e-01   0.0000000e+00
   3.3800000e+00   4.2460839e-01   0.0000000e+00
   3.4000000e+00   4.2395735e-01   0.0000000e+00
   3.4200000e+00   4.2363281e-01   0.0000000e+00
   3.4400000e+00   4.2312193e-01   0.0000000e+00
   3.4600000e+00   4.2233211e-01   0.0000000e+00
   3.4800000e+00   4.2126335e-01   0.0000000e+00
   3.5000000e+00   4.2021671e-01   0.0000000e+00
   3.5200000e+00   4.1942620e-01   0.0000000e+00
   3.5400000e+00   4.1889183e-01   0.0000000e+00
   3.5600000e+00   4.1791762e-01   0.0000000e+00
   3.5800000e+00   4.1705773e-01   0.0000000e+00
   3.6000000e+00   4.1631213e-01   0.0000000e+00
   3.6200000e+00   4.1577776e-01   0.0000000e+00
   3.6400000e+00   4.1524338e-01   0.0000000e+00
   3.6600000e+00   4.1470900e-01   0.0000000e+00
   3.6800000e+00   4.1417462e-01   0.0000000e+00
   3.7000000e+00   4.1389402e-01   0.0000000e+00
   3.7200000e+00   4.1386719e-01   0.0000000e+00
   3.7400000e+00   4.1347631e-01   0.0000000e+00
   3.7600000e+00   4.1315079e-01   0.0000000e+00
   3.7800000e+00   4.1289063e-01   0.0000000e+00
   2.0400000e+00   7.3472281e-01   1.0000000e+00
   2.0600000e+00   7.3229232e-01   1.0000000e+00
   2.0800000e+00   7.2974113e-01   1.0000000e+00
   2.1000000e+00   7.2706924e-01   1.0000000e+00
   2.1200000e+00   7.2439736e-01   1.0000000e+00
   2.1400000e+00   7.2175732e-01   1.0000000e+00
   2.1600000e+00   7.1914912e-01   1.0000000e+00
   2.1800000e+00   7.1701161e-01   1.0000000e+00
   2.2000000e+00   7.1463340e-01   1.0000000e+00
   2.2200000e+00   7.1201449e-01   1.0000000e+00
   2.2400000e+00   7.0897787e-01   1.0000000e+00
   2.2600000e+00   7.0610450e-01   1.0000000e+00
   2.2800000e+00   7.0339438e-01   1.0000000e+00
   2.3000000e+00   7.0125688e-01   1.0000000e+00
   2.3200000e+00   6.9911937e-01   1.0000000e+00
   2.3400000e+00   6.9698186e-01   1.0000000e+00
   2.3600000e+00   6.9484435e-01   1.0000000e+00
   2.3800000e+00   6.9292307e-01   1.0000000e+00
   2.4000000e+00   6.9121802e-01   1.0000000e+00
   2.4200000e+00   6.8929909e-01   1.0000000e+00
   2.4400000e+00   6.8717132e-01   1.0000000e+00
   2.4600000e+00   6.8483468e-01   1.0000000e+00
   2.4800000e+00   6.8241018e-01   1.0000000e+00
   2.5000000e+00   6.8066355e-01   1.0000000e+00
   2.5200000e+00   6.7959480e-01   1.0000000e+00
   2.5400000e+00   6.7752570e-01   1.0000000e+00
   2.5600000e+00   6.7523064e-01   1.0000000e+00
   2.5800000e+00   6.7270962e-01   1.0000000e+00
   2.6000000e+00   6.7030458e-01   1.0000000e+00
   2.6200000e+00   6.6803331e-01   1.0000000e+00
   2.6400000e+00   6.6589580e-01   1.0000000e+00
   2.6600000e+00   6.6375829e-01   1.0000000e+00
   2.6800000e+00   6.6162078e-01   1.0000000e+00
   2.7000000e+00   6.5948327e-01   1.0000000e+00
   2.7200000e+00   6.5779699e-01   1.0000000e+00
   2.7400000e+00   6.5615229e-01   1.0000000e+00
   2.7600000e+00   6.5454916e-01   1.0000000e+00
   2.7800000e+00   6.5272813e-01   1.0000000e+00
   2.8000000e+00   6.5085009e-01   1.0000000e+00
   2.8200000e+00   6.4891505e-01   1.0000000e+00
   2.8400000e+00   6.4784630e-01   1.0000000e+00
   2.8600000e+00   6.4677754e-01   1.0000000e+00
   2.8800000e+00   6.4570879e-01   1.0000000e+00
   2.9000000e+00   6.4423775e-01   1.0000000e+00
   2.9200000e+00   6.4270067e-01   1.0000000e+00
   2.9400000e+00   6.4109754e-01   1.0000000e+00
   2.9600000e+00   6.3949441e-01   1.0000000e+00
   2.9800000e+00   6.3791742e-01   1.0000000e+00
   3.0000000e+00   6.3636658e-01   1.0000000e+00
   3.0200000e+00   6.3529782e-01   1.0000000e+00
   3.0400000e+00   6.3422907e-01   1.0000000e+00
   3.0600000e+00   6.3316031e-01   1.0000000e+00
   3.0800000e+00   6.3244489e-01   1.0000000e+00
   3.1000000e+00   6.3170166e-01   1.0000000e+00
   3.1200000e+00   6.3093061e-01   1.0000000e+00
   3.1400000e+00   6.2998187e-01   1.0000000e+00
   3.1600000e+00   6.2924030e-01   1.0000000e+00
   3.1800000e+00   6.2870593e-01   1.0000000e+00
   3.2000000e+00   6.2817155e-01   1.0000000e+00
   2.7900000e+00   7.8496094e-01   2.0000000e+00
   2.8100000e+00   7.8455600e-01   2.0000000e+00
   2.8300000e+00   7.8328478e-01   2.0000000e+00
   2.8500000e+00   7.8114728e-01   2.0000000e+00
   2.8700000e+00   7.7900977e-01   2.0000000e+00
   2.8900000e+00   7.7626884e-01   2.0000000e+00
   2.9100000e+00   7.7292449e-01   2.0000000e+00
   2.9300000e+00   7.6918385e-01   2.0000000e+00
   2.9500000e+00   7.6535873e-01   2.0000000e+00
   2.9700000e+00   7.6144914e-01   2.0000000e+00
   2.9900000e+00   7.5722641e-01   2.0000000e+00
   3.0100000e+00   7.5324473e-01   2.0000000e+00
   3.0300000e+00   7.4950409e-01   2.0000000e+00
   3.0500000e+00   7.4670345e-01   2.0000000e+00
   3.0700000e+00   7.4432052e-01   2.0000000e+00
   3.0900000e+00   7.4235531e-01   2.0000000e+00
   3.1100000e+00   7.4027883e-01   2.0000000e+00
   3.1300000e+00   7.3808466e-01   2.0000000e+00
   3.1500000e+00   7.3577279e-01   2.0000000e+00
   3.1700000e+00   7.3470738e-01   2.0000000e+00
   3.1900000e+00   7.3390749e-01   2.0000000e+00
   3.2100000e+00   7.3337311e-01   2.0000000e+00
