   6.0000000e-01   9.7800659e-01   0.0000000e+00
   6.2000000e-01   9.6654800e-01   0.0000000e+00
   6.4000000e-01   9.5381986e-01   0.0000000e+00
   6.6000000e-01   9.3982218e-01   0.0000000e+00
   6.8000000e-01   9.1737834e-01   0.0000000e+00
   7.0000000e-01   8.9447925e-01   0.0000000e+00
   7.2000000e-01   8.7112490e-01   0.0000000e+00
   7.4000000e-01   8.4828949e-01   0.0000000e+00
   7.6000000e-01   8.2753626e-01   0.0000000e+00
   7.8000000e-01   8.0886520e-01   0.0000000e+00
   8.0000000e-01   7.9518998e-01   0.0000000e+00
   8.2000000e-01   7.8087110e-01   0.0000000e+00
   8.4000000e-01   7.6590854e-01   0.0000000e+00
   8.6000000e-01   7.5042301e-01   0.0000000e+00
   8.8000000e-01   7.3533809e-01   0.0000000e+00
   9.0000000e-01   7.2065377e-01   0.0000000e+00
   9.2000000e-01   7.0796347e-01   0.0000000e+00
   9.4000000e-01   6.9626684e-01   0.0000000e+00
   9.6000000e-01   6.8556386e-01   0.0000000e+00
   9.8000000e-01   6.7611403e-01   0.0000000e+00
   1.0000000e+00   6.6738128e-01   0.0000000e+00
   1.0200000e+00   6.5936563e-01   0.0000000e+00
   1.0400000e+00   6.5182400e-01   0.0000000e+00
   1.0600000e+00   6.4484860e-01   0.0000000e+00
   1.0800000e+00   6.3843941e-01   0.0000000e+00
   1.1000000e+00   6.3280197e-01   0.0000000e+00
   1.1200000e+00   6.2731136e-01   0.0000000e+00
   1.1400000e+00   6.2196759e-01   0.0000000e+00
   1.1600000e+00   6.1662382e-01   0.0000000e+00
   1.1800000e+00   6.1128005e-01   0.0000000e+00
   1.2000000e+00   6.0593628e-01   0.0000000e+00
   1.2200000e+00   6.0059251e-01   0.0000000e+00
   1.2400000e+00   5.9524874e-01   0.0000000e+00
   1.2600000e+00   5.8990497e-01   0.0000000e+00
   1.2800000e+00   5.8456120e-01   0.0000000e+00
   1.3000000e+00   5.7917988e-01   0.0000000e+00
   1.3200000e+00   5.7376102e-01   0.0000000e+00
   1.3400000e+00   5.6788287e-01   0.0000000e+00
   1.3600000e+00   5.6249753e-01   0.0000000e+00
   1.3800000e+00   5.5760498e-01   0.0000000e+00
   1.4000000e+00   5.5241945e-01   0.0000000e+00
   1.4200000e+00   5.4728454e-01   0.0000000e+00
   1.4400000e+00   5.4220024e-01   0.0000000e+00
   1.4600000e+00   5.3724804e-01   0.0000000e+00
   1.4800000e+00   5.3213927e-01   0.0000000e+00
   1.5000000e+00   5.2687393e-01   0.0000000e+00
   1.5200000e+00   5.2313329e-01   0.0000000e+00
   1.5400000e+00   5.1939265e-01   0.0000000e+00
   1.5600000e+00   5.1565201e-01   0.0000000e+00
   1.5800000e+00   5.1223856e-01   0.0000000e+00
   1.6000000e+00   5.0903397e-01   0.0000000e+00
   1.6200000e+00   5.0603824e-01   0.0000000e+00
   1.6400000e+00   5.0336635e-01   0.0000000e+00
   1.6600000e+00   5.0069447e-01   0.0000000e+00
   1.6800000e+00   4.9802258e-01   0.0000000e+00
   1.7000000e+00   4.9586227e-01   0.0000000e+00
   1.7200000e+00   4.9410827e-01   0.0000000e+00
   1.7400000e+00   4.9276058e-01   0.0000000e+00
   1.7600000e+00   4.9113534e-01   0.0000000e+00
   1.7800000e+00   4.8933475e-01   0.0000000e+00
   1.8000000e+00   4.8735883e-01   0.0000000e+00
   1.8200000e+00   4.8580061e-01   0.0000000e+00
   1.8400000e+00   4.8448713e-01   0.0000000e+00
   1.8600000e+00   4.8341837e-01   0.0000000e+00
   1.8800000e+00   4.8142436e-01   0.0000000e+00
   1.9000000e+00   4.7987755e-01   0.0000000e+00
   1.9200000e+00   4.7877793e-01   0.0000000e+00
   1.9400000e+00   4.7801425e-01   0.0000000e+00
   1.9600000e+00   4.7715436e-01   0.0000000e+00
   1.9800000e+00   4.7619824e-01   0.0000000e+00
   2.0000000e+00   4.7566386e-01   0.0000000e+00
   2.0200000e+00   4.7486431e-01   0.0000000e+00
   2.0400000e+00   4.7379958e-01   0.0000000e+00
   2.0600000e+00   4.7314451e-01   0.0000000e+00
   2.0800000e+00   4.7240128e-01   0.0000000e+00
   2.1000000e+00   4.7156988e-01   0.0000000e+00
   2.1200000e+00   4.7050113e-01   0.0000000e+00
   2.1400000e+00   4.6946422e-01   0.0000000e+00
   2.1600000e+00   4.6845916e-01   0.0000000e+00
   2.1800000e+00   4.6792478e-01   0.0000000e+00
   2.2000000e+00   4.6690900e-01   0.0000000e+00
   2.2200000e+00   4.6541182e-01   0.0000000e+00
   2.2400000e+00   4.6453816e-01   0.0000000e+00
   2.2600000e+00   4.6371011e-01   0.0000000e+00
   2.2800000e+00   4.6292766e-01   0.0000000e+00
   2.3000000e+00   4.6185891e-01   0.0000000e+00
   2.3200000e+00   4.6078278e-01   0.0000000e+00
   2.3400000e+00   4.5969928e-01   0.0000000e+00
   2.3600000e+00   4.5809615e-01   0.0000000e+00
   2.3800000e+00   4.5670925e-01   0.0000000e+00
   2.4000000e+00   4.5553857e-01   0.0000000e+00
   2.4200000e+00   4.5415403e-01   0.0000000e+00
   2.4400000e+00   4.5285932e-01   0.0000000e+00
   2.4600000e+00   4.5165444e-01   0.0000000e+00
   2.4800000e+00   4.5103760e-01   0.0000000e+00
   2.5000000e+00   4.5019480e-01   0.0000000e+00
   2.5200000e+00   4.4912605e-01   0.0000000e+00
   2.5400000e+00   4.4805730e-01   0.0000000e+00
   2.5600000e+00   4.4718030e-01   0.0000000e+00
   2.5800000e+00   4.4649505e-01   0.0000000e+00
   2.6000000e+00   4.4596067e-01   0.0000000e+00
   2.6200000e+00   4.4535121e-01   0.0000000e+00
   2.6400000e+00   4.4466665e-01   0.0000000e+00
   2.6600000e+00   4.4363141e-01   0.0000000e+00
   2.6800000e+00   4.4284660e-01   0.0000000e+00
   2.7000000e+00   4.4231223e-01   0.0000000e+00
   2.7200000e+00   4.4177785e-01   0.0000000e+00
   2.7400000e+00   4.4124347e-01   0.0000000e+00
   2.7600000e+00   4.4070909e-01   0.0000000e+00
   2.7800000e+00   4.4017472e-01   0.0000000e+00
   2.8000000e+00   4.3958972e-01   0.0000000e+00
   2.8200000e+00   4.3895411e-01   0.0000000e+00
   2.8400000e+00   4.3788536e-01   0.0000000e+00
   2.8600000e+00   4.3707608e-01   0.0000000e+00
   2.8800000e+00   4.3652627e-01   0.0000000e+00
   2.9000000e+00   4.3599189e-01   0.0000000e+00
   2.9200000e+00   4.3560032e-01   0.0000000e+00
   2.9400000e+00   4.3535156e-01   0.0000000e+00
   2.9600000e+00   4.3535156e-01   0.0000000e+00
   2.9800000e+00   4.3535156e-01   0.0000000e+00
   3.0000000e+00   4.3535156e-01   0.0000000e+00
   3.0200000e+00   4.3535156e-01   0.0000000e+00
   3.0400000e+00   4.3511656e-01   0.0000000e+00
   3.0600000e+00   4.3464656e-01   0.0000000e+00
   3.0800000e+00   4.3446552e-01   0.0000000e+00
   3.1000000e+00   4.3437500e-01   0.0000000e+00
   3.1200000e+00   4.3437500e-01   0.0000000e+00
   3.1400000e+00   4.3437500e-01   0.0000000e+00
   3.1600000e+00   4.3437333e-01   0.0000000e+00
   3.1800000e+00   4.3436999e-01   0.0000000e+00
   3.2000000e+00   4.3383561e-01   0.0000000e+00
   3.2200000e+00   4.3351176e-01   0.0000000e+00
   3.2400000e+00   4.3339844e-01   0.0000000e+00
   3.2600000e+00   4.3278966e-01   0.0000000e+00
   3.2800000e+00   4.3195089e-01   0.0000000e+00
   3.3000000e+00   4.3088214e-01   0.0000000e+00
   3.3200000e+00   4.2988445e-01   0.0000000e+00
   3.3400000e+00   4.2911841e-01   0.0000000e+00
   3.3600000e+00   4.2858403e-01   0.0000000e+00
   3.3800000e+00   4.2804966e-01   0.0000000e+00
   3.4000000e+00   4.2732922e-01   0.0000000e+00
   3.4200000e+00   4.2642274e-01   0.0000000e+00
   3.4400000e+00   4.2560943e-01   0.0000000e+00
   3.4600000e+00   4.2493558e-01   0.0000000e+00
   3.4800000e+00   4.2440121e-01   0.0000000e+00
   3.5000000e+00   4.2384472e-01   0.0000000e+00
   3.5200000e+00   4.2303209e-01   0.0000000e+00
   3.5400000e+00   4.2196334e-01   0.0000000e+00
   3.5600000e+00   4.2133441e-01   0.0000000e+00
   3.5800000e+00   4.2059118e-01   0.0000000e+00
   3.6000000e+00   4.1973364e-01   0.0000000e+00
   3.6200000e+00   4.1887138e-01   0.0000000e+00
   3.6400000e+00   4.1817307e-01   0.0000000e+00
   3.6600000e+00   4.1763869e-01   0.0000000e+00
   3.6800000e+00   4.1710431e-01   0.0000000e+00
   3.7000000e+00   4.1656994e-01   0.0000000e+00
   3.7200000e+00   4.1603556e-01   0.0000000e+00
   3.7400000e+00   4.1550118e-01   0.0000000e+00
   3.7600000e+00   4.1510391e-01   0.0000000e+00
   3.7800000e+00   4.1484375e-01   0.0000000e+00
   3.8000000e+00   4.1484375e-01   0.0000000e+00
   2.0700000e+00   7.4003906e-01   1.0000000e+00
   2.0900000e+00   7.3855397e-01   1.0000000e+00
   2.1100000e+00   7.3647549e-01   1.0000000e+00
   2.1300000e+00   7.3380360e-01   1.0000000e+00
   2.1500000e+00   7.3113172e-01   1.0000000e+00
   2.1700000e+00   7.2845983e-01   1.0000000e+00
   2.1900000e+00   7.2578795e-01   1.0000000e+00
   2.2100000e+00   7.2311606e-01   1.0000000e+00
   2.2300000e+00   7.2026181e-01   1.0000000e+00
   2.2500000e+00   7.1722519e-01   1.0000000e+00
   2.2700000e+00   7.1426700e-01   1.0000000e+00
   2.2900000e+00   7.1151766e-01   1.0000000e+00
   2.3100000e+00   7.0897718e-01   1.0000000e+00
   2.3300000e+00   7.0682493e-01   1.0000000e+00
   2.3500000e+00   7.0441286e-01   1.0000000e+00
   2.3700000e+00   7.0174098e-01   1.0000000e+00
   2.3900000e+00   6.9993400e-01   1.0000000e+00
   2.4100000e+00   6.9807106e-01   1.0000000e+00
   2.4300000e+00   6.9615213e-01   1.0000000e+00
   2.4500000e+00   6.9441288e-01   1.0000000e+00
   2.4700000e+00   6.9292641e-01   1.0000000e+00
   2.4900000e+00   6.9169273e-01   1.0000000e+00
   2.5100000e+00   6.8955523e-01   1.0000000e+00
   2.5300000e+00   6.8716763e-01   1.0000000e+00
   2.5500000e+00   6.8452995e-01   1.0000000e+00
   2.5700000e+00   6.8224157e-01   1.0000000e+00
   2.5900000e+00   6.8002863e-01   1.0000000e+00
   2.6100000e+00   6.7789112e-01   1.0000000e+00
   2.6300000e+00   6.7560344e-01   1.0000000e+00
   2.6500000e+00   6.7315716e-01   1.0000000e+00
   2.6700000e+00   6.7055231e-01   1.0000000e+00
   2.6900000e+00   6.6894918e-01   1.0000000e+00
   2.7100000e+00   6.6757166e-01   1.0000000e+00
   2.7300000e+00   6.6641976e-01   1.0000000e+00
   2.7500000e+00   6.6535100e-01   1.0000000e+00
   2.7700000e+00   6.6439120e-01   1.0000000e+00
   2.7900000e+00   6.6354034e-01   1.0000000e+00
   2.8100000e+00   6.6300596e-01   1.0000000e+00
   2.8300000e+00   6.6247159e-01   1.0000000e+00
   2.8500000e+00   6.6193721e-01   1.0000000e+00
   2.8700000e+00   6.6140283e-01   1.0000000e+00
   2.8900000e+00   6.6066731e-01   1.0000000e+00
   2.9100000e+00   6.5973066e-01   1.0000000e+00
   2.9300000e+00   6.5866190e-01   1.0000000e+00
   2.9500000e+00   6.5750867e-01   1.0000000e+00
   2.9700000e+00   6.5627097e-01   1.0000000e+00
   2.9900000e+00   6.5461555e-01   1.0000000e+00
   3.0100000e+00   6.5271908e-01   1.0000000e+00
   3.0300000e+00   6.5058158e-01   1.0000000e+00
   3.0500000e+00   6.4844407e-01   1.0000000e+00
   3.0700000e+00   6.4648323e-01   1.0000000e+00
   3.0900000e+00   6.4469906e-01   1.0000000e+00
