   6.0000000e-01   9.7645978e-01   0.0000000e+00
   6.2000000e-01   9.6522715e-01   0.0000000e+00
   6.4000000e-01   9.5241989e-01   0.0000000e+00
   6.6000000e-01   9.3803800e-01   0.0000000e+00
   6.8000000e-01   9.1719730e-01   0.0000000e+00
   7.0000000e-01   8.9567371e-01   0.0000000e+00
   7.2000000e-01   8.7346723e-01   0.0000000e+00
   7.4000000e-01   8.5068480e-01   0.0000000e+00
   7.6000000e-01   8.2969087e-01   0.0000000e+00
   7.8000000e-01   8.1048543e-01   0.0000000e+00
   8.0000000e-01   7.9648637e-01   0.0000000e+00
   8.2000000e-01   7.8227274e-01   0.0000000e+00
   8.4000000e-01   7.6784456e-01   0.0000000e+00
   8.6000000e-01   7.5341638e-01   0.0000000e+00
   8.8000000e-01   7.3919136e-01   0.0000000e+00
   9.0000000e-01   7.2516949e-01   0.0000000e+00
   9.2000000e-01   7.1243427e-01   0.0000000e+00
   9.4000000e-01   7.0079395e-01   0.0000000e+00
   9.6000000e-01   6.9024853e-01   0.0000000e+00
   9.8000000e-01   6.8217656e-01   0.0000000e+00
   1.0000000e+00   6.7386556e-01   0.0000000e+00
   1.0200000e+00   6.6531552e-01   0.0000000e+00
   1.0400000e+00   6.5866161e-01   0.0000000e+00
   1.0600000e+00   6.5248576e-01   0.0000000e+00
   1.0800000e+00   6.4678796e-01   0.0000000e+00
   1.1000000e+00   6.4120349e-01   0.0000000e+00
   1.1200000e+00   6.3553420e-01   0.0000000e+00
   1.1400000e+00   6.2978009e-01   0.0000000e+00
   1.1600000e+00   6.2443632e-01   0.0000000e+00
   1.1800000e+00   6.1909255e-01   0.0000000e+00
   1.2000000e+00   6.1374878e-01   0.0000000e+00
   1.2200000e+00   6.0840501e-01   0.0000000e+00
   1.2400000e+00   6.0290703e-01   0.0000000e+00
   1.2600000e+00   5.9725484e-01   0.0000000e+00
   1.2800000e+00   5.9156844e-01   0.0000000e+00
   1.3000000e+00   5.8601582e-01   0.0000000e+00
   1.3200000e+00   5.8059696e-01   0.0000000e+00
   1.3400000e+00   5.7471881e-01   0.0000000e+00
   1.3600000e+00   5.6933346e-01   0.0000000e+00
   1.3800000e+00   5.6444092e-01   0.0000000e+00
   1.4000000e+00   5.5887925e-01   0.0000000e+00
   1.4200000e+00   5.5341882e-01   0.0000000e+00
   1.4400000e+00   5.4805962e-01   0.0000000e+00
   1.4600000e+00   5.4339303e-01   0.0000000e+00
   1.4800000e+00   5.3892223e-01   0.0000000e+00
   1.5000000e+00   5.3464721e-01   0.0000000e+00
   1.5200000e+00   5.3037220e-01   0.0000000e+00
   1.5400000e+00   5.2609718e-01   0.0000000e+00
   1.5600000e+00   5.2182217e-01   0.0000000e+00
   1.5800000e+00   5.1820153e-01   0.0000000e+00
   1.6000000e+00   5.1489335e-01   0.0000000e+00
   1.6200000e+00   5.1189761e-01   0.0000000e+00
   1.6400000e+00   5.0931959e-01   0.0000000e+00
   1.6600000e+00   5.0696182e-01   0.0000000e+00
   1.6800000e+00   5.0482431e-01   0.0000000e+00
   1.7000000e+00   5.0319838e-01   0.0000000e+00
   1.7200000e+00   5.0118894e-01   0.0000000e+00
   1.7400000e+00   4.9879599e-01   0.0000000e+00
   1.7600000e+00   4.9668059e-01   0.0000000e+00
   1.7800000e+00   4.9482133e-01   0.0000000e+00
   1.8000000e+00   4.9321820e-01   0.0000000e+00
   1.8200000e+00   4.9157015e-01   0.0000000e+00
   1.8400000e+00   4.8967738e-01   0.0000000e+00
   1.8600000e+00   4.8753987e-01   0.0000000e+00
   1.8800000e+00   4.8586499e-01   0.0000000e+00
   1.9000000e+00   4.8439896e-01   0.0000000e+00
   1.9200000e+00   4.8314180e-01   0.0000000e+00
   1.9400000e+00   4.8207304e-01   0.0000000e+00
   1.9600000e+00   4.8100429e-01   0.0000000e+00
   1.9800000e+00   4.7993553e-01   0.0000000e+00
   2.0000000e+00   4.7886678e-01   0.0000000e+00
   2.0200000e+00   4.7806320e-01   0.0000000e+00
   2.0400000e+00   4.7752479e-01   0.0000000e+00
   2.0600000e+00   4.7657673e-01   0.0000000e+00
   2.0800000e+00   4.7571683e-01   0.0000000e+00
   2.1000000e+00   4.7494510e-01   0.0000000e+00
   2.1200000e+00   4.7423037e-01   0.0000000e+00
   2.1400000e+00   4.7337047e-01   0.0000000e+00
   2.1600000e+00   4.7236541e-01   0.0000000e+00
   2.1800000e+00   4.7183103e-01   0.0000000e+00
   2.2000000e+00   4.7081525e-01   0.0000000e+00
   2.2200000e+00   4.6931807e-01   0.0000000e+00
   2.2400000e+00   4.6807968e-01   0.0000000e+00
   2.2600000e+00   4.6692610e-01   0.0000000e+00
   2.2800000e+00   4.6585735e-01   0.0000000e+00
   2.3000000e+00   4.6492000e-01   0.0000000e+00
   2.3200000e+00   4.6416203e-01   0.0000000e+00
   2.3400000e+00   4.6358342e-01   0.0000000e+00
   2.3600000e+00   4.6144591e-01   0.0000000e+00
   2.3800000e+00   4.5974086e-01   0.0000000e+00
   2.4000000e+00   4.5846826e-01   0.0000000e+00
   2.4200000e+00   4.5739951e-01   0.0000000e+00
   2.4400000e+00   4.5633075e-01   0.0000000e+00
   2.4600000e+00   4.5526200e-01   0.0000000e+00
   2.4800000e+00   4.5419324e-01   0.0000000e+00
   2.5000000e+00   4.5312449e-01   0.0000000e+00
   2.5200000e+00   4.5205574e-01   0.0000000e+00
   2.5400000e+00   4.5148716e-01   0.0000000e+00
   2.5600000e+00   4.5074392e-01   0.0000000e+00
   2.5800000e+00   4.4982604e-01   0.0000000e+00
   2.6000000e+00   4.4929097e-01   0.0000000e+00
   2.6200000e+00   4.4887326e-01   0.0000000e+00
   2.6400000e+00   4.4857290e-01   0.0000000e+00
   2.6600000e+00   4.4750415e-01   0.0000000e+00
   2.6800000e+00   4.4643539e-01   0.0000000e+00
   2.7000000e+00   4.4536664e-01   0.0000000e+00
   2.7200000e+00   4.4520034e-01   0.0000000e+00
   2.7400000e+00   4.4494991e-01   0.0000000e+00
   2.7600000e+00   4.4461534e-01   0.0000000e+00
   2.7800000e+00   4.4408097e-01   0.0000000e+00
   2.8000000e+00   4.4349597e-01   0.0000000e+00
   2.8200000e+00   4.4286036e-01   0.0000000e+00
   2.8400000e+00   4.4179161e-01   0.0000000e+00
   2.8600000e+00   4.4124180e-01   0.0000000e+00
   2.8800000e+00   4.4121094e-01   0.0000000e+00
   2.9000000e+00   4.4040638e-01   0.0000000e+00
   2.9200000e+00   4.3975533e-01   0.0000000e+00
   2.9400000e+00   4.3925781e-01   0.0000000e+00
   2.9600000e+00   4.3891991e-01   0.0000000e+00
   2.9800000e+00   4.3826887e-01   0.0000000e+00
   3.0000000e+00   4.3730469e-01   0.0000000e+00
   3.0200000e+00   4.3730469e-01   0.0000000e+00
   3.0400000e+00   4.3706969e-01   0.0000000e+00
   3.0600000e+00   4.3659969e-01   0.0000000e+00
   3.0800000e+00   4.3606531e-01   0.0000000e+00
   3.1000000e+00   4.3564927e-01   0.0000000e+00
   3.1200000e+00   4.3535156e-01   0.0000000e+00
   3.1400000e+00   4.3511155e-01   0.0000000e+00
   3.1600000e+00   4.3446051e-01   0.0000000e+00
   3.1800000e+00   4.3339844e-01   0.0000000e+00
   3.2000000e+00   4.3339844e-01   0.0000000e+00
   3.2200000e+00   4.3297738e-01   0.0000000e+00
   3.2400000e+00   4.3213528e-01   0.0000000e+00
   3.2600000e+00   4.3167530e-01   0.0000000e+00
   3.2800000e+00   4.3125759e-01   0.0000000e+00
   3.3000000e+00   4.3088214e-01   0.0000000e+00
   3.3200000e+00   4.2988445e-01   0.0000000e+00
   3.3400000e+00   4.2911841e-01   0.0000000e+00
   3.3600000e+00   4.2858403e-01   0.0000000e+00
   3.3800000e+00   4.2804966e-01   0.0000000e+00
   3.4000000e+00   4.2732922e-01   0.0000000e+00
   3.4200000e+00   4.2642274e-01   0.0000000e+00
   3.4400000e+00   4.2560943e-01   0.0000000e+00
   3.4600000e+00   4.2493558e-01   0.0000000e+00
   3.4800000e+00   4.2440121e-01   0.0000000e+00
   3.5000000e+00   4.2384472e-01   0.0000000e+00
   3.5200000e+00   4.2303209e-01   0.0000000e+00
   3.5400000e+00   4.2196334e-01   0.0000000e+00
   3.5600000e+00   4.2133441e-01   0.0000000e+00
   3.5800000e+00   4.2059118e-01   0.0000000e+00
   3.6000000e+00   4.1973364e-01   0.0000000e+00
   3.6200000e+00   4.1866489e-01   0.0000000e+00
   3.6400000e+00   4.1764105e-01   0.0000000e+00
   3.6600000e+00   4.1666213e-01   0.0000000e+00
   3.6800000e+00   4.1612775e-01   0.0000000e+00
   3.7000000e+00   4.1559337e-01   0.0000000e+00
   3.7200000e+00   4.1505900e-01   0.0000000e+00
   3.7400000e+00   4.1491550e-01   0.0000000e+00
   3.7600000e+00   4.1470664e-01   0.0000000e+00
   3.7800000e+00   4.1443243e-01   0.0000000e+00
   3.8000000e+00   4.1405560e-01   0.0000000e+00
   2.1300000e+00   7.4003906e-01   1.0000000e+00
   2.1500000e+00   7.3978431e-01   1.0000000e+00
   2.1700000e+00   7.3858818e-01   1.0000000e+00
   2.1900000e+00   7.3645067e-01   1.0000000e+00
   2.2100000e+00   7.3335036e-01   1.0000000e+00
   2.2300000e+00   7.3019707e-01   1.0000000e+00
   2.2500000e+00   7.2699081e-01   1.0000000e+00
   2.2700000e+00   7.2378455e-01   1.0000000e+00
   2.2900000e+00   7.2057829e-01   1.0000000e+00
   2.3100000e+00   7.1737202e-01   1.0000000e+00
   2.3300000e+00   7.1419525e-01   1.0000000e+00
   2.3500000e+00   7.1153810e-01   1.0000000e+00
   2.3700000e+00   7.0940060e-01   1.0000000e+00
   2.3900000e+00   7.0683063e-01   1.0000000e+00
   2.4100000e+00   7.0452550e-01   1.0000000e+00
   2.4300000e+00   7.0248519e-01   1.0000000e+00
   2.4500000e+00   7.0088206e-01   1.0000000e+00
   2.4700000e+00   6.9936139e-01   1.0000000e+00
   2.4900000e+00   6.9792318e-01   1.0000000e+00
   2.5100000e+00   6.9738881e-01   1.0000000e+00
   2.5300000e+00   6.9685443e-01   1.0000000e+00
   2.5500000e+00   6.9632005e-01   1.0000000e+00
   2.5700000e+00   6.9616918e-01   1.0000000e+00
   2.5900000e+00   6.9582691e-01   1.0000000e+00
   2.6100000e+00   6.9529322e-01   1.0000000e+00
   2.6300000e+00   6.9482518e-01   1.0000000e+00
