   6.0000000e-01   9.7898315e-01   0.0000000e+00
   6.2000000e-01   9.6690773e-01   0.0000000e+00
   6.4000000e-01   9.5297137e-01   0.0000000e+00
   6.6000000e-01   9.3717407e-01   0.0000000e+00
   6.8000000e-01   9.1740212e-01   0.0000000e+00
   7.0000000e-01   8.9671966e-01   0.0000000e+00
   7.2000000e-01   8.7512668e-01   0.0000000e+00
   7.4000000e-01   8.5287863e-01   0.0000000e+00
   7.6000000e-01   8.3241907e-01   0.0000000e+00
   7.8000000e-01   8.1374801e-01   0.0000000e+00
   8.0000000e-01   8.0007280e-01   0.0000000e+00
   8.2000000e-01   7.8575391e-01   0.0000000e+00
   8.4000000e-01   7.7079135e-01   0.0000000e+00
   8.6000000e-01   7.5739772e-01   0.0000000e+00
   8.8000000e-01   7.4361488e-01   0.0000000e+00
   9.0000000e-01   7.2944284e-01   0.0000000e+00
   9.2000000e-01   7.1704218e-01   0.0000000e+00
   9.4000000e-01   7.0610352e-01   0.0000000e+00
   9.6000000e-01   6.9662685e-01   0.0000000e+00
   9.8000000e-01   6.8973627e-01   0.0000000e+00
   1.0000000e+00   6.8308471e-01   0.0000000e+00
   1.0200000e+00   6.7667219e-01   0.0000000e+00
   1.0400000e+00   6.7025967e-01   0.0000000e+00
   1.0600000e+00   6.6420451e-01   0.0000000e+00
   1.0800000e+00   6.5850671e-01   0.0000000e+00
   1.1000000e+00   6.5316294e-01   0.0000000e+00
   1.1200000e+00   6.4788119e-01   0.0000000e+00
   1.1400000e+00   6.4266145e-01   0.0000000e+00
   1.1600000e+00   6.3785943e-01   0.0000000e+00
   1.1800000e+00   6.3332091e-01   0.0000000e+00
   1.2000000e+00   6.2904590e-01   0.0000000e+00
   1.2200000e+00   6.2434580e-01   0.0000000e+00
   1.2400000e+00   6.1959105e-01   0.0000000e+00
   1.2600000e+00   6.1478166e-01   0.0000000e+00
   1.2800000e+00   6.0958875e-01   0.0000000e+00
   1.3000000e+00   6.0405323e-01   0.0000000e+00
   1.3200000e+00   5.9817508e-01   0.0000000e+00
   1.3400000e+00   5.9229694e-01   0.0000000e+00
   1.3600000e+00   5.8715799e-01   0.0000000e+00
   1.3800000e+00   5.8275825e-01   0.0000000e+00
   1.4000000e+00   5.7735482e-01   0.0000000e+00
   1.4200000e+00   5.7184377e-01   0.0000000e+00
   1.4400000e+00   5.6622509e-01   0.0000000e+00
   1.4600000e+00   5.6102413e-01   0.0000000e+00
   1.4800000e+00   5.5601896e-01   0.0000000e+00
   1.5000000e+00   5.5120956e-01   0.0000000e+00
   1.5200000e+00   5.4640017e-01   0.0000000e+00
   1.5400000e+00   5.4181270e-01   0.0000000e+00
   1.5600000e+00   5.3744717e-01   0.0000000e+00
   1.5800000e+00   5.3382653e-01   0.0000000e+00
   1.6000000e+00   5.3051835e-01   0.0000000e+00
   1.6200000e+00   5.2752261e-01   0.0000000e+00
   1.6400000e+00   5.2485073e-01   0.0000000e+00
   1.6600000e+00   5.2217884e-01   0.0000000e+00
   1.6800000e+00   5.1950696e-01   0.0000000e+00
   1.7000000e+00   5.1734665e-01   0.0000000e+00
   1.7200000e+00   5.1519774e-01   0.0000000e+00
   1.7400000e+00   5.1306023e-01   0.0000000e+00
   1.7600000e+00   5.1092272e-01   0.0000000e+00
   1.7800000e+00   5.0878521e-01   0.0000000e+00
   1.8000000e+00   5.0664770e-01   0.0000000e+00
   1.8200000e+00   5.0460003e-01   0.0000000e+00
   1.8400000e+00   5.0304181e-01   0.0000000e+00
   1.8600000e+00   5.0197306e-01   0.0000000e+00
   1.8800000e+00   5.0044168e-01   0.0000000e+00
   1.9000000e+00   4.9887442e-01   0.0000000e+00
   1.9200000e+00   4.9727129e-01   0.0000000e+00
   1.9400000e+00   4.9589746e-01   0.0000000e+00
   1.9600000e+00   4.9467616e-01   0.0000000e+00
   1.9800000e+00   4.9360741e-01   0.0000000e+00
   2.0000000e+00   4.9253865e-01   0.0000000e+00
   2.0200000e+00   4.9173507e-01   0.0000000e+00
   2.0400000e+00   4.9119667e-01   0.0000000e+00
   2.0600000e+00   4.9024861e-01   0.0000000e+00
   2.0800000e+00   4.8924020e-01   0.0000000e+00
   2.1000000e+00   4.8817145e-01   0.0000000e+00
   2.1200000e+00   4.8746340e-01   0.0000000e+00
   2.1400000e+00   4.8704569e-01   0.0000000e+00
   2.1600000e+00   4.8691831e-01   0.0000000e+00
   2.1800000e+00   4.8584956e-01   0.0000000e+00
   2.2000000e+00   4.8478080e-01   0.0000000e+00
   2.2200000e+00   4.8371205e-01   0.0000000e+00
   2.2400000e+00   4.8264329e-01   0.0000000e+00
   2.2600000e+00   4.8157454e-01   0.0000000e+00
   2.2800000e+00   4.8050579e-01   0.0000000e+00
   2.3000000e+00   4.7969985e-01   0.0000000e+00
   2.3200000e+00   4.7928213e-01   0.0000000e+00
   2.3400000e+00   4.7925265e-01   0.0000000e+00
   2.3600000e+00   4.7818389e-01   0.0000000e+00
   2.3800000e+00   4.7711514e-01   0.0000000e+00
   2.4000000e+00   4.7604639e-01   0.0000000e+00
   2.4200000e+00   4.7529342e-01   0.0000000e+00
   2.4400000e+00   4.7455019e-01   0.0000000e+00
   2.4600000e+00   4.7381669e-01   0.0000000e+00
   2.4800000e+00   4.7283039e-01   0.0000000e+00
   2.5000000e+00   4.7207006e-01   0.0000000e+00
   2.5200000e+00   4.7153568e-01   0.0000000e+00
   2.5400000e+00   4.7050113e-01   0.0000000e+00
   2.5600000e+00   4.6964123e-01   0.0000000e+00
   2.5800000e+00   4.6895599e-01   0.0000000e+00
   2.6000000e+00   4.6815477e-01   0.0000000e+00
   2.6200000e+00   4.6729487e-01   0.0000000e+00
   2.6400000e+00   4.6637629e-01   0.0000000e+00
   2.6600000e+00   4.6580840e-01   0.0000000e+00
   2.6800000e+00   4.6499008e-01   0.0000000e+00
   2.7000000e+00   4.6392133e-01   0.0000000e+00
   2.7200000e+00   4.6285257e-01   0.0000000e+00
   2.7400000e+00   4.6178382e-01   0.0000000e+00
   2.7600000e+00   4.6071506e-01   0.0000000e+00
   2.7800000e+00   4.6008210e-01   0.0000000e+00
   2.8000000e+00   4.5961378e-01   0.0000000e+00
   2.8200000e+00   4.5931007e-01   0.0000000e+00
   2.8400000e+00   4.5770694e-01   0.0000000e+00
   2.8600000e+00   4.5662276e-01   0.0000000e+00
   2.8800000e+00   4.5605752e-01   0.0000000e+00
   2.9000000e+00   4.5552314e-01   0.0000000e+00
   2.9200000e+00   4.5470315e-01   0.0000000e+00
   2.9400000e+00   4.5359754e-01   0.0000000e+00
   2.9600000e+00   4.5233231e-01   0.0000000e+00
   2.9800000e+00   4.5140636e-01   0.0000000e+00
   3.0000000e+00   4.5081970e-01   0.0000000e+00
   3.0200000e+00   4.4975095e-01   0.0000000e+00
   3.0400000e+00   4.4868219e-01   0.0000000e+00
   3.0600000e+00   4.4761344e-01   0.0000000e+00
   3.0800000e+00   4.4654468e-01   0.0000000e+00
   3.1000000e+00   4.4559427e-01   0.0000000e+00
   3.1200000e+00   4.4476218e-01   0.0000000e+00
   3.1400000e+00   4.4422780e-01   0.0000000e+00
   3.1600000e+00   4.4369009e-01   0.0000000e+00
   3.1800000e+00   4.4314903e-01   0.0000000e+00
   3.2000000e+00   4.4154590e-01   0.0000000e+00
   3.2200000e+00   4.4036382e-01   0.0000000e+00
   3.2400000e+00   4.3960279e-01   0.0000000e+00
   3.2600000e+00   4.3876403e-01   0.0000000e+00
   3.2800000e+00   4.3790413e-01   0.0000000e+00
   3.3000000e+00   4.3702310e-01   0.0000000e+00
   3.3200000e+00   4.3641766e-01   0.0000000e+00
   3.3400000e+00   4.3558057e-01   0.0000000e+00
   3.3600000e+00   4.3451182e-01   0.0000000e+00
   3.3800000e+00   4.3344306e-01   0.0000000e+00
   3.4000000e+00   4.3274641e-01   0.0000000e+00
   3.4200000e+00   4.3242188e-01   0.0000000e+00
   3.4400000e+00   4.3191099e-01   0.0000000e+00
   3.4600000e+00   4.3125995e-01   0.0000000e+00
   3.4800000e+00   4.3046875e-01   0.0000000e+00
   3.5000000e+00   4.3042452e-01   0.0000000e+00
   3.5200000e+00   4.2986803e-01   0.0000000e+00
   3.5400000e+00   4.2879928e-01   0.0000000e+00
   3.5600000e+00   4.2773052e-01   0.0000000e+00
   3.5800000e+00   4.2666177e-01   0.0000000e+00
   3.6000000e+00   4.2559302e-01   0.0000000e+00
   3.6200000e+00   4.2493726e-01   0.0000000e+00
   3.6400000e+00   4.2447463e-01   0.0000000e+00
   3.6600000e+00   4.2420513e-01   0.0000000e+00
   3.6800000e+00   4.2260200e-01   0.0000000e+00
   3.7000000e+00   4.2125264e-01   0.0000000e+00
   3.7200000e+00   4.2015705e-01   0.0000000e+00
   3.7400000e+00   4.1987006e-01   0.0000000e+00
   3.7600000e+00   4.1945235e-01   0.0000000e+00
   3.7800000e+00   4.1890392e-01   0.0000000e+00
   3.8000000e+00   4.1815026e-01   0.0000000e+00
   2.0100000e+00   7.8530258e-01   1.0000000e+00
   2.0300000e+00   7.8387757e-01   1.0000000e+00
   2.0500000e+00   7.8245257e-01   1.0000000e+00
   2.0700000e+00   7.8102756e-01   1.0000000e+00
   2.0900000e+00   7.7960256e-01   1.0000000e+00
   2.1100000e+00   7.7817755e-01   1.0000000e+00
   2.1300000e+00   7.7675255e-01   1.0000000e+00
   2.1500000e+00   7.7532754e-01   1.0000000e+00
   2.1700000e+00   7.7390254e-01   1.0000000e+00
   2.1900000e+00   7.7247753e-01   1.0000000e+00
   2.2100000e+00   7.6486304e-01   1.0000000e+00
   2.2300000e+00   7.5997432e-01   1.0000000e+00
   2.2500000e+00   7.5781135e-01   1.0000000e+00
   2.2700000e+00   7.5489140e-01   1.0000000e+00
   2.2900000e+00   7.5182829e-01   1.0000000e+00
   2.3100000e+00   7.4862202e-01   1.0000000e+00
   2.3300000e+00   7.4543050e-01   1.0000000e+00
   2.3500000e+00   7.4249880e-01   1.0000000e+00
   2.3700000e+00   7.3982692e-01   1.0000000e+00
   2.3900000e+00   7.3801994e-01   1.0000000e+00
   2.4100000e+00   7.3615699e-01   1.0000000e+00
   2.4300000e+00   7.3423807e-01   1.0000000e+00
   2.4500000e+00   7.3269794e-01   1.0000000e+00
   2.4700000e+00   7.3166069e-01   1.0000000e+00
   2.4900000e+00   7.3112631e-01   1.0000000e+00
   2.5100000e+00   7.3059193e-01   1.0000000e+00
   2.5300000e+00   7.3005755e-01   1.0000000e+00
   2.5500000e+00   7.2952318e-01   1.0000000e+00
   2.5700000e+00   7.2905272e-01   1.0000000e+00
   2.5900000e+00   7.2859483e-01   1.0000000e+00
   2.6100000e+00   7.2814952e-01   1.0000000e+00
   2.6300000e+00   7.2770420e-01   1.0000000e+00
   2.6500000e+00   7.2725889e-01   1.0000000e+00
   2.6700000e+00   7.2681357e-01   1.0000000e+00
   2.6900000e+00   7.2636826e-01   1.0000000e+00
   2.7100000e+00   7.2592295e-01   1.0000000e+00
   2.7300000e+00   7.2547763e-01   1.0000000e+00
   2.7500000e+00   7.2503232e-01   1.0000000e+00
   2.7700000e+00   7.2445990e-01   1.0000000e+00
   2.7900000e+00   7.2376037e-01   1.0000000e+00
   2.8100000e+00   7.2289408e-01   1.0000000e+00
   2.8300000e+00   7.2246094e-01   1.0000000e+00
   2.8500000e+00   7.2246094e-01   1.0000000e+00
   2.8700000e+00   7.2090410e-01   1.0000000e+00
   2.8900000e+00   7.1952526e-01   1.0000000e+00
   2.9100000e+00   7.1832441e-01   1.0000000e+00
   2.9300000e+00   7.1754127e-01   1.0000000e+00
   2.9500000e+00   7.1679804e-01   1.0000000e+00
   2.9700000e+00   7.1609471e-01   1.0000000e+00
   2.9900000e+00   7.1492138e-01   1.0000000e+00
   3.0100000e+00   7.1326596e-01   1.0000000e+00
   3.0300000e+00   7.1112845e-01   1.0000000e+00
   3.0500000e+00   7.0993094e-01   1.0000000e+00
   3.0700000e+00   7.0844448e-01   1.0000000e+00
   3.0900000e+00   7.0666905e-01   1.0000000e+00
   3.1100000e+00   7.0476822e-01   1.0000000e+00
   3.1300000e+00   7.0301623e-01   1.0000000e+00
   3.1500000e+00   7.0141310e-01   1.0000000e+00
   3.1700000e+00   6.9979995e-01   1.0000000e+00
   3.1900000e+00   6.9739024e-01   1.0000000e+00
   3.2100000e+00   6.9418397e-01   1.0000000e+00
