   6.1000000e-01   9.8862710e-01   0.0000000e+00
   6.3000000e-01   9.7585238e-01   0.0000000e+00
   6.5000000e-01   9.5620181e-01   0.0000000e+00
   6.7000000e-01   9.3381867e-01   0.0000000e+00
   6.9000000e-01   9.0870295e-01   0.0000000e+00
   7.1000000e-01   8.8859505e-01   0.0000000e+00
   7.3000000e-01   8.6959951e-01   0.0000000e+00
   7.5000000e-01   8.5171630e-01   0.0000000e+00
   7.7000000e-01   8.3572588e-01   0.0000000e+00
   7.9000000e-01   8.2062184e-01   0.0000000e+00
   8.1000000e-01   8.0640419e-01   0.0000000e+00
   8.3000000e-01   7.9304476e-01   0.0000000e+00
   8.5000000e-01   7.8020831e-01   0.0000000e+00
   8.7000000e-01   7.6789484e-01   0.0000000e+00
   8.9000000e-01   7.5601047e-01   0.0000000e+00
   9.1000000e-01   7.4520391e-01   0.0000000e+00
   9.3000000e-01   7.3547514e-01   0.0000000e+00
   9.5000000e-01   7.2763247e-01   0.0000000e+00
   9.7000000e-01   7.1997049e-01   0.0000000e+00
   9.9000000e-01   7.1248921e-01   0.0000000e+00
   1.0100000e+00   7.0500793e-01   0.0000000e+00
   1.0300000e+00   6.9823770e-01   0.0000000e+00
   1.0500000e+00   6.9217851e-01   0.0000000e+00
   1.0700000e+00   6.8701509e-01   0.0000000e+00
   1.0900000e+00   6.8214904e-01   0.0000000e+00
   1.1100000e+00   6.7758035e-01   0.0000000e+00
   1.1300000e+00   6.7218901e-01   0.0000000e+00
   1.1500000e+00   6.6048229e-01   0.0000000e+00
   1.1700000e+00   6.4246021e-01   0.0000000e+00
   1.1900000e+00   6.4620085e-01   0.0000000e+00
   1.2100000e+00   6.4675336e-01   0.0000000e+00
   1.2300000e+00   6.4411775e-01   0.0000000e+00
   1.2500000e+00   6.3860905e-01   0.0000000e+00
   1.2700000e+00   6.3312783e-01   0.0000000e+00
   1.2900000e+00   6.2767408e-01   0.0000000e+00
   1.3100000e+00   6.2340781e-01   0.0000000e+00
   1.3300000e+00   6.1753404e-01   0.0000000e+00
   1.3500000e+00   6.1005276e-01   0.0000000e+00
   1.3700000e+00   6.0552829e-01   0.0000000e+00
   1.3900000e+00   6.0150469e-01   0.0000000e+00
   1.4100000e+00   5.9798195e-01   0.0000000e+00
   1.4300000e+00   5.9399727e-01   0.0000000e+00
   1.4500000e+00   5.8960023e-01   0.0000000e+00
   1.4700000e+00   5.8479084e-01   0.0000000e+00
   1.4900000e+00   5.8003373e-01   0.0000000e+00
   1.5100000e+00   5.7578486e-01   0.0000000e+00
   1.5300000e+00   5.7204422e-01   0.0000000e+00
   1.5500000e+00   5.6741587e-01   0.0000000e+00
   1.5700000e+00   5.6318778e-01   0.0000000e+00
   1.5900000e+00   5.5935997e-01   0.0000000e+00
   1.6100000e+00   5.5594318e-01   0.0000000e+00
   1.6300000e+00   5.5245832e-01   0.0000000e+00
   1.6500000e+00   5.4890541e-01   0.0000000e+00
   1.6700000e+00   5.4623352e-01   0.0000000e+00
   1.6900000e+00   5.4330585e-01   0.0000000e+00
   1.7100000e+00   5.4012239e-01   0.0000000e+00
   1.7300000e+00   5.3731104e-01   0.0000000e+00
   1.7500000e+00   5.3456942e-01   0.0000000e+00
   1.7700000e+00   5.3189753e-01   0.0000000e+00
   1.7900000e+00   5.2938723e-01   0.0000000e+00
   1.8100000e+00   5.2704087e-01   0.0000000e+00
   1.8300000e+00   5.2485844e-01   0.0000000e+00
   1.8500000e+00   5.2218656e-01   0.0000000e+00
   1.8700000e+00   5.1974599e-01   0.0000000e+00
   1.8900000e+00   5.1753673e-01   0.0000000e+00
   1.9100000e+00   5.1574518e-01   0.0000000e+00
   1.9300000e+00   5.1404785e-01   0.0000000e+00
   1.9500000e+00   5.1244472e-01   0.0000000e+00
   1.9700000e+00   5.1084159e-01   0.0000000e+00
   1.9900000e+00   5.0923845e-01   0.0000000e+00
   2.0100000e+00   5.0763532e-01   0.0000000e+00
   2.0300000e+00   5.0656254e-01   0.0000000e+00
   2.0500000e+00   5.0549177e-01   0.0000000e+00
   2.0700000e+00   5.0442302e-01   0.0000000e+00
   2.0900000e+00   5.0424531e-01   0.0000000e+00
   2.1100000e+00   5.0442365e-01   0.0000000e+00
   2.1300000e+00   5.0495803e-01   0.0000000e+00
   2.1500000e+00   5.0549241e-01   0.0000000e+00
   2.1700000e+00   5.0602678e-01   0.0000000e+00
   2.1900000e+00   5.0656116e-01   0.0000000e+00
   2.2100000e+00   5.0730185e-01   0.0000000e+00
   2.2300000e+00   5.0805390e-01   0.0000000e+00
   2.2500000e+00   5.0881729e-01   0.0000000e+00
   2.2700000e+00   5.0958069e-01   0.0000000e+00
   2.2900000e+00   5.1034408e-01   0.0000000e+00
   2.3100000e+00   5.1110748e-01   0.0000000e+00
   2.3300000e+00   5.1187087e-01   0.0000000e+00
   2.3500000e+00   5.1263427e-01   0.0000000e+00
   2.3700000e+00   5.1339767e-01   0.0000000e+00
   2.3900000e+00   5.1416106e-01   0.0000000e+00
   2.4100000e+00   5.1492446e-01   0.0000000e+00
   2.4300000e+00   5.1568785e-01   0.0000000e+00
   2.4500000e+00   5.1616678e-01   0.0000000e+00
   2.4700000e+00   5.1632379e-01   0.0000000e+00
   2.4900000e+00   5.1615887e-01   0.0000000e+00
   2.5100000e+00   5.1509011e-01   0.0000000e+00
   2.5300000e+00   5.1402136e-01   0.0000000e+00
   2.5500000e+00   5.1295260e-01   0.0000000e+00
   2.5700000e+00   5.1188385e-01   0.0000000e+00
   2.5900000e+00   5.1094852e-01   0.0000000e+00
   2.6100000e+00   5.1014661e-01   0.0000000e+00
   2.6300000e+00   5.0931187e-01   0.0000000e+00
   2.6500000e+00   5.0812645e-01   0.0000000e+00
   2.6700000e+00   5.0659035e-01   0.0000000e+00
   2.6900000e+00   5.0605598e-01   0.0000000e+00
   2.7100000e+00   5.0529599e-01   0.0000000e+00
   2.7300000e+00   5.0431038e-01   0.0000000e+00
   2.7500000e+00   5.0324163e-01   0.0000000e+00
   2.7700000e+00   5.0217287e-01   0.0000000e+00
   2.7900000e+00   5.0110412e-01   0.0000000e+00
   2.8100000e+00   4.9963043e-01   0.0000000e+00
   2.8300000e+00   4.9729046e-01   0.0000000e+00
   2.8500000e+00   4.9408420e-01   0.0000000e+00
   2.8700000e+00   4.9774959e-01   0.0000000e+00
   2.8900000e+00   4.9950594e-01   0.0000000e+00
   2.9100000e+00   4.9935326e-01   0.0000000e+00
   2.9300000e+00   4.9920058e-01   0.0000000e+00
   2.9500000e+00   4.9904791e-01   0.0000000e+00
   2.9700000e+00   4.9889523e-01   0.0000000e+00
   2.9900000e+00   4.9874255e-01   0.0000000e+00
   3.0100000e+00   4.9858987e-01   0.0000000e+00
   3.0300000e+00   4.9843719e-01   0.0000000e+00
   3.0500000e+00   4.9828451e-01   0.0000000e+00
   3.0700000e+00   4.9813183e-01   0.0000000e+00
   3.0900000e+00   4.9797915e-01   0.0000000e+00
   3.1100000e+00   4.9552660e-01   0.0000000e+00
   3.1300000e+00   4.9456751e-01   0.0000000e+00
   3.1500000e+00   4.9510188e-01   0.0000000e+00
   3.1700000e+00   4.9562958e-01   0.0000000e+00
   3.1900000e+00   4.9562624e-01   0.0000000e+00
   3.2100000e+00   4.9509186e-01   0.0000000e+00
   3.2300000e+00   4.9497854e-01   0.0000000e+00
   3.2500000e+00   4.9446529e-01   0.0000000e+00
   3.2700000e+00   4.9355213e-01   0.0000000e+00
   3.2900000e+00   4.9213672e-01   0.0000000e+00
   3.3100000e+00   4.9082358e-01   0.0000000e+00
   3.3300000e+00   4.8961271e-01   0.0000000e+00
   3.3500000e+00   4.8747520e-01   0.0000000e+00
   3.3700000e+00   4.8558207e-01   0.0000000e+00
   3.3900000e+00   4.8393334e-01   0.0000000e+00
   3.4100000e+00   4.8233021e-01   0.0000000e+00
   3.4300000e+00   4.8059936e-01   0.0000000e+00
   3.4500000e+00   4.7874078e-01   0.0000000e+00
   3.4700000e+00   4.7688083e-01   0.0000000e+00
   3.4900000e+00   4.7539436e-01   0.0000000e+00
   3.5100000e+00   4.7428138e-01   0.0000000e+00
   3.5300000e+00   4.7214387e-01   0.0000000e+00
   3.5500000e+00   4.7022628e-01   0.0000000e+00
   3.5700000e+00   4.6852860e-01   0.0000000e+00
   3.5900000e+00   4.6660230e-01   0.0000000e+00
   3.6100000e+00   4.6477690e-01   0.0000000e+00
   3.6300000e+00   4.6305239e-01   0.0000000e+00
   3.6500000e+00   4.6189380e-01   0.0000000e+00
   3.6700000e+00   4.6051294e-01   0.0000000e+00
   3.6900000e+00   4.5890981e-01   0.0000000e+00
   3.7100000e+00   4.5730668e-01   0.0000000e+00
   3.7300000e+00   4.5609443e-01   0.0000000e+00
   3.7500000e+00   4.5527305e-01   0.0000000e+00
   3.7700000e+00   4.5446446e-01   0.0000000e+00
   3.7900000e+00   4.5352579e-01   0.0000000e+00
   2.0400000e+00   8.2572417e-01   1.0000000e+00
   2.0600000e+00   8.2358666e-01   1.0000000e+00
   2.0800000e+00   8.2100363e-01   1.0000000e+00
   2.1000000e+00   8.1797506e-01   1.0000000e+00
   2.1200000e+00   8.1423442e-01   1.0000000e+00
   2.1400000e+00   8.1049379e-01   1.0000000e+00
   2.1600000e+00   8.0675315e-01   1.0000000e+00
   2.1800000e+00   8.0301251e-01   1.0000000e+00
   2.2000000e+00   7.9903117e-01   1.0000000e+00
   2.2200000e+00   7.9480913e-01   1.0000000e+00
   2.2400000e+00   7.9089885e-01   1.0000000e+00
   2.2600000e+00   7.8732146e-01   1.0000000e+00
   2.2800000e+00   7.8407696e-01   1.0000000e+00
   2.3000000e+00   7.8140508e-01   1.0000000e+00
   2.3200000e+00   7.7873319e-01   1.0000000e+00
   2.3400000e+00   7.7606131e-01   1.0000000e+00
   2.3600000e+00   7.7338942e-01   1.0000000e+00
   2.3800000e+00   7.7093376e-01   1.0000000e+00
   2.4000000e+00   7.6869433e-01   1.0000000e+00
