   6.0000000e-01   9.7744342e-01   0.0000000e+00
   6.2000000e-01   9.5918142e-01   0.0000000e+00
   6.4000000e-01   9.3873465e-01   0.0000000e+00
   6.6000000e-01   9.1610309e-01   0.0000000e+00
   6.8000000e-01   8.9098737e-01   0.0000000e+00
   7.0000000e-01   8.6792030e-01   0.0000000e+00
   7.2000000e-01   8.4690190e-01   0.0000000e+00
   7.4000000e-01   8.2727276e-01   0.0000000e+00
   7.6000000e-01   8.0950386e-01   0.0000000e+00
   7.8000000e-01   7.9359520e-01   0.0000000e+00
   8.0000000e-01   7.8195223e-01   0.0000000e+00
   8.2000000e-01   7.6945104e-01   0.0000000e+00
   8.4000000e-01   7.5609161e-01   0.0000000e+00
   8.6000000e-01   7.4587004e-01   0.0000000e+00
   8.8000000e-01   7.3608898e-01   0.0000000e+00
   9.0000000e-01   7.2674844e-01   0.0000000e+00
   9.2000000e-01   7.1940191e-01   0.0000000e+00
   9.4000000e-01   7.1287606e-01   0.0000000e+00
   9.6000000e-01   7.0717090e-01   0.0000000e+00
   9.8000000e-01   7.0193976e-01   0.0000000e+00
   1.0000000e+00   6.9718668e-01   0.0000000e+00
   1.0200000e+00   6.9291167e-01   0.0000000e+00
   1.0400000e+00   6.8863665e-01   0.0000000e+00
   1.0600000e+00   6.8436164e-01   0.0000000e+00
   1.0800000e+00   6.8008662e-01   0.0000000e+00
   1.1000000e+00   6.7629300e-01   0.0000000e+00
   1.1200000e+00   6.7273105e-01   0.0000000e+00
   1.1400000e+00   6.6940075e-01   0.0000000e+00
   1.1600000e+00   6.6566011e-01   0.0000000e+00
   1.1800000e+00   6.6191947e-01   0.0000000e+00
   1.2000000e+00   6.5817883e-01   0.0000000e+00
   1.2200000e+00   6.5443819e-01   0.0000000e+00
   1.2400000e+00   6.5069755e-01   0.0000000e+00
   1.2600000e+00   6.4695691e-01   0.0000000e+00
   1.2800000e+00   6.4321627e-01   0.0000000e+00
   1.3000000e+00   6.3951318e-01   0.0000000e+00
   1.3200000e+00   6.3584763e-01   0.0000000e+00
   1.3400000e+00   6.3264137e-01   0.0000000e+00
   1.3600000e+00   6.2968151e-01   0.0000000e+00
   1.3800000e+00   6.2696805e-01   0.0000000e+00
   1.4000000e+00   6.2392002e-01   0.0000000e+00
   1.4200000e+00   6.2079288e-01   0.0000000e+00
   1.4400000e+00   6.1758662e-01   0.0000000e+00
   1.4600000e+00   6.1423755e-01   0.0000000e+00
   1.4800000e+00   6.1071884e-01   0.0000000e+00
   1.5000000e+00   6.0703049e-01   0.0000000e+00
   1.5200000e+00   6.0435860e-01   0.0000000e+00
   1.5400000e+00   6.0168672e-01   0.0000000e+00
   1.5600000e+00   5.9901483e-01   0.0000000e+00
   1.5800000e+00   5.9601575e-01   0.0000000e+00
   1.6000000e+00   5.9301835e-01   0.0000000e+00
   1.6200000e+00   5.9002261e-01   0.0000000e+00
   1.6400000e+00   5.8725686e-01   0.0000000e+00
   1.6600000e+00   5.8427086e-01   0.0000000e+00
   1.6800000e+00   5.8106460e-01   0.0000000e+00
   1.7000000e+00   5.7888148e-01   0.0000000e+00
   1.7200000e+00   5.7652372e-01   0.0000000e+00
   1.7400000e+00   5.7399130e-01   0.0000000e+00
   1.7600000e+00   5.7131942e-01   0.0000000e+00
   1.7800000e+00   5.6872832e-01   0.0000000e+00
   1.8000000e+00   5.6621802e-01   0.0000000e+00
   1.8200000e+00   5.6408051e-01   0.0000000e+00
   1.8400000e+00   5.6194300e-01   0.0000000e+00
   1.8600000e+00   5.5980549e-01   0.0000000e+00
   1.8800000e+00   5.5720536e-01   0.0000000e+00
   1.9000000e+00   5.5474233e-01   0.0000000e+00
   1.9200000e+00   5.5241640e-01   0.0000000e+00
   1.9400000e+00   5.5073750e-01   0.0000000e+00
   1.9600000e+00   5.4930735e-01   0.0000000e+00
   1.9800000e+00   5.4812596e-01   0.0000000e+00
   2.0000000e+00   5.4652283e-01   0.0000000e+00
   2.0200000e+00   5.4491969e-01   0.0000000e+00
   2.0400000e+00   5.4331656e-01   0.0000000e+00
   2.0600000e+00   5.4171343e-01   0.0000000e+00
   2.0800000e+00   5.4025881e-01   0.0000000e+00
   2.1000000e+00   5.3895270e-01   0.0000000e+00
   2.1200000e+00   5.3788394e-01   0.0000000e+00
   2.1400000e+00   5.3681519e-01   0.0000000e+00
   2.1600000e+00   5.3574643e-01   0.0000000e+00
   2.1800000e+00   5.3467768e-01   0.0000000e+00
   2.2000000e+00   5.3312753e-01   0.0000000e+00
   2.2200000e+00   5.3109597e-01   0.0000000e+00
   2.2400000e+00   5.2968793e-01   0.0000000e+00
   2.2600000e+00   5.2844954e-01   0.0000000e+00
   2.2800000e+00   5.2738078e-01   0.0000000e+00
   2.3000000e+00   5.2604922e-01   0.0000000e+00
   2.3200000e+00   5.2432942e-01   0.0000000e+00
   2.3400000e+00   5.2222140e-01   0.0000000e+00
   2.3600000e+00   5.2115264e-01   0.0000000e+00
   2.3800000e+00   5.2008389e-01   0.0000000e+00
   2.4000000e+00   5.1901514e-01   0.0000000e+00
   2.4200000e+00   5.1794638e-01   0.0000000e+00
   2.4400000e+00   5.1687763e-01   0.0000000e+00
   2.4600000e+00   5.1580887e-01   0.0000000e+00
   2.4800000e+00   5.1474012e-01   0.0000000e+00
   2.5000000e+00   5.1367136e-01   0.0000000e+00
   2.5200000e+00   5.1260261e-01   0.0000000e+00
   2.5400000e+00   5.1153386e-01   0.0000000e+00
   2.5600000e+00   5.1008159e-01   0.0000000e+00
   2.5800000e+00   5.0824582e-01   0.0000000e+00
   2.6000000e+00   5.0637516e-01   0.0000000e+00
   2.6200000e+00   5.0463826e-01   0.0000000e+00
   2.6400000e+00   5.0303513e-01   0.0000000e+00
   2.6600000e+00   5.0136497e-01   0.0000000e+00
   2.6800000e+00   4.9919395e-01   0.0000000e+00
   2.7000000e+00   4.9652206e-01   0.0000000e+00
   2.7200000e+00   4.9520386e-01   0.0000000e+00
   2.7400000e+00   4.9367582e-01   0.0000000e+00
   2.7600000e+00   4.9193794e-01   0.0000000e+00
   2.7800000e+00   4.9001833e-01   0.0000000e+00
   2.8000000e+00   4.8830757e-01   0.0000000e+00
   2.8200000e+00   4.8680567e-01   0.0000000e+00
   2.8400000e+00   4.8573692e-01   0.0000000e+00
   2.8600000e+00   4.8466817e-01   0.0000000e+00
   2.8800000e+00   4.8359941e-01   0.0000000e+00
   2.9000000e+00   4.8253066e-01   0.0000000e+00
   2.9200000e+00   4.8146190e-01   0.0000000e+00
   2.9400000e+00   4.8039315e-01   0.0000000e+00
   2.9600000e+00   4.7898649e-01   0.0000000e+00
   2.9800000e+00   4.7726670e-01   0.0000000e+00
   3.0000000e+00   4.7523376e-01   0.0000000e+00
   3.0200000e+00   4.7416501e-01   0.0000000e+00
   3.0400000e+00   4.7286126e-01   0.0000000e+00
   3.0600000e+00   4.7132250e-01   0.0000000e+00
   3.0800000e+00   4.7007271e-01   0.0000000e+00
   3.1000000e+00   4.6891343e-01   0.0000000e+00
   3.1200000e+00   4.6784468e-01   0.0000000e+00
   2.1000000e+00   7.9116235e-01   1.0000000e+00
   2.1200000e+00   7.8760875e-01   1.0000000e+00
   2.1400000e+00   7.8473135e-01   1.0000000e+00
   2.1600000e+00   7.8253015e-01   1.0000000e+00
   2.1800000e+00   7.7985826e-01   1.0000000e+00
   2.2000000e+00   7.7742708e-01   1.0000000e+00
   2.2200000e+00   7.7523659e-01   1.0000000e+00
   2.2400000e+00   7.7127541e-01   1.0000000e+00
   2.2600000e+00   7.6751029e-01   1.0000000e+00
   2.2800000e+00   7.6394126e-01   1.0000000e+00
   2.3000000e+00   7.6180375e-01   1.0000000e+00
   2.3200000e+00   7.5966624e-01   1.0000000e+00
   2.3400000e+00   7.5752873e-01   1.0000000e+00
   2.3600000e+00   7.5539122e-01   1.0000000e+00
   2.3800000e+00   7.5303749e-01   1.0000000e+00
   2.4000000e+00   7.5046753e-01   1.0000000e+00
   2.4200000e+00   7.4811143e-01   1.0000000e+00
   2.4400000e+00   7.4596419e-01   1.0000000e+00
   2.4600000e+00   7.4402581e-01   1.0000000e+00
   2.4800000e+00   7.4242268e-01   1.0000000e+00
   2.5000000e+00   7.4081955e-01   1.0000000e+00
   2.5200000e+00   7.3921642e-01   1.0000000e+00
   2.5400000e+00   7.3761329e-01   1.0000000e+00
   2.5600000e+00   7.3601015e-01   1.0000000e+00
   2.5800000e+00   7.3440702e-01   1.0000000e+00
   2.6000000e+00   7.3253705e-01   1.0000000e+00
   2.6200000e+00   7.3068349e-01   1.0000000e+00
   2.6400000e+00   7.2884634e-01   1.0000000e+00
   2.6600000e+00   7.2777758e-01   1.0000000e+00
   2.6800000e+00   7.2670883e-01   1.0000000e+00
   2.7000000e+00   7.2564008e-01   1.0000000e+00
   2.7200000e+00   7.2366887e-01   1.0000000e+00
   2.7400000e+00   7.2194907e-01   1.0000000e+00
   2.7600000e+00   7.2048069e-01   1.0000000e+00
   2.7800000e+00   7.1897614e-01   1.0000000e+00
   2.8000000e+00   7.1715511e-01   1.0000000e+00
   2.8200000e+00   7.1501760e-01   1.0000000e+00
   2.8400000e+00   7.1288009e-01   1.0000000e+00
   2.8600000e+00   7.1074258e-01   1.0000000e+00
   2.8800000e+00   7.0860508e-01   1.0000000e+00
   2.9000000e+00   7.0646757e-01   1.0000000e+00
   2.9200000e+00   7.0433006e-01   1.0000000e+00
   2.9400000e+00   7.0219255e-01   1.0000000e+00
   2.9600000e+00   6.9988609e-01   1.0000000e+00
   2.9800000e+00   6.9747535e-01   1.0000000e+00
   3.0000000e+00   6.9496033e-01   1.0000000e+00
   3.0200000e+00   6.9389157e-01   1.0000000e+00
   3.0400000e+00   6.9258782e-01   1.0000000e+00
   3.0600000e+00   6.9104906e-01   1.0000000e+00
   3.0800000e+00   6.8979927e-01   1.0000000e+00
   3.1000000e+00   6.8863999e-01   1.0000000e+00
   3.1200000e+00   6.8757124e-01   1.0000000e+00
   3.1400000e+00   6.8650249e-01   1.0000000e+00
   3.1600000e+00   6.8543206e-01   1.0000000e+00
   3.1800000e+00   6.8435996e-01   1.0000000e+00
   3.2000000e+00   6.8275683e-01   1.0000000e+00
   3.2200000e+00   6.8094318e-01   1.0000000e+00
   3.2400000e+00   6.7891899e-01   1.0000000e+00
   3.2600000e+00   6.7678148e-01   1.0000000e+00
   3.2800000e+00   6.7464398e-01   1.0000000e+00
   3.3000000e+00   6.7250647e-01   1.0000000e+00
   3.3200000e+00   6.7044002e-01   1.0000000e+00
   3.3400000e+00   6.6860523e-01   1.0000000e+00
   3.3600000e+00   6.6700210e-01   1.0000000e+00
   3.3800000e+00   6.6588774e-01   1.0000000e+00
   3.4000000e+00   6.6461013e-01   1.0000000e+00
   3.4200000e+00   6.6316927e-01   1.0000000e+00
   3.4400000e+00   6.6182158e-01   1.0000000e+00
   3.4600000e+00   6.6068275e-01   1.0000000e+00
   3.4800000e+00   6.5975277e-01   1.0000000e+00
   3.5000000e+00   6.5919628e-01   1.0000000e+00
   3.5200000e+00   6.5838366e-01   1.0000000e+00
   3.5400000e+00   6.5731490e-01   1.0000000e+00
   3.5600000e+00   6.5668598e-01   1.0000000e+00
   3.5800000e+00   6.5594274e-01   1.0000000e+00
   3.6000000e+00   6.5508520e-01   1.0000000e+00
   3.6200000e+00   6.5380995e-01   1.0000000e+00
   3.6400000e+00   6.5241568e-01   1.0000000e+00
   3.6600000e+00   6.5090238e-01   1.0000000e+00
   3.6800000e+00   6.4983363e-01   1.0000000e+00
   3.7000000e+00   6.4825733e-01   1.0000000e+00
   3.7200000e+00   6.4617348e-01   1.0000000e+00
   3.7400000e+00   6.4481774e-01   1.0000000e+00
   3.7600000e+00   6.4346838e-01   1.0000000e+00
   3.7800000e+00   6.4212541e-01   1.0000000e+00
   3.8000000e+00   6.4067983e-01   1.0000000e+00
