   6.1000000e-01   9.7198834e-01   0.0000000e+00
   6.3000000e-01   9.5701507e-01   0.0000000e+00
   6.5000000e-01   9.3881745e-01   0.0000000e+00
   6.7000000e-01   9.1689360e-01   0.0000000e+00
   6.9000000e-01   8.9124350e-01   0.0000000e+00
   7.1000000e-01   8.6695917e-01   0.0000000e+00
   7.3000000e-01   8.4448649e-01   0.0000000e+00
   7.5000000e-01   8.2382545e-01   0.0000000e+00
   7.7000000e-01   8.0645382e-01   0.0000000e+00
   7.9000000e-01   7.8991428e-01   0.0000000e+00
   8.1000000e-01   7.7420682e-01   0.0000000e+00
   8.3000000e-01   7.5764113e-01   0.0000000e+00
   8.5000000e-01   7.4316734e-01   0.0000000e+00
   8.7000000e-01   7.3078546e-01   0.0000000e+00
   8.9000000e-01   7.1930741e-01   0.0000000e+00
   9.1000000e-01   7.0911601e-01   0.0000000e+00
   9.3000000e-01   7.0021127e-01   0.0000000e+00
   9.5000000e-01   6.9343735e-01   0.0000000e+00
   9.7000000e-01   6.8690044e-01   0.0000000e+00
   9.9000000e-01   6.8060055e-01   0.0000000e+00
   1.0100000e+00   6.7525678e-01   0.0000000e+00
   1.0300000e+00   6.7015003e-01   0.0000000e+00
   1.0500000e+00   6.6528029e-01   0.0000000e+00
   1.0700000e+00   6.6047089e-01   0.0000000e+00
   1.0900000e+00   6.5578185e-01   0.0000000e+00
   1.1100000e+00   6.5121316e-01   0.0000000e+00
   1.1300000e+00   6.4706218e-01   0.0000000e+00
   1.1500000e+00   6.4311268e-01   0.0000000e+00
   1.1700000e+00   6.3936467e-01   0.0000000e+00
   1.1900000e+00   6.3508966e-01   0.0000000e+00
   1.2100000e+00   6.3102718e-01   0.0000000e+00
   1.2300000e+00   6.2717725e-01   0.0000000e+00
   1.2500000e+00   6.2343661e-01   0.0000000e+00
   1.2700000e+00   6.1969597e-01   0.0000000e+00
   1.2900000e+00   6.1595533e-01   0.0000000e+00
   1.3100000e+00   6.1228978e-01   0.0000000e+00
   1.3300000e+00   6.0885387e-01   0.0000000e+00
   1.3500000e+00   6.0564761e-01   0.0000000e+00
   1.3700000e+00   6.0194855e-01   0.0000000e+00
   1.3900000e+00   5.9841676e-01   0.0000000e+00
   1.4100000e+00   5.9505226e-01   0.0000000e+00
   1.4300000e+00   5.9184600e-01   0.0000000e+00
   1.4500000e+00   5.8863974e-01   0.0000000e+00
   1.4700000e+00   5.8543348e-01   0.0000000e+00
   1.4900000e+00   5.8222721e-01   0.0000000e+00
   1.5100000e+00   5.7902095e-01   0.0000000e+00
   1.5300000e+00   5.7581469e-01   0.0000000e+00
   1.5500000e+00   5.7260843e-01   0.0000000e+00
   1.5700000e+00   5.6956576e-01   0.0000000e+00
   1.5900000e+00   5.6668669e-01   0.0000000e+00
   1.6100000e+00   5.6380428e-01   0.0000000e+00
   1.6300000e+00   5.6080687e-01   0.0000000e+00
   1.6500000e+00   5.5769447e-01   0.0000000e+00
   1.6700000e+00   5.5502259e-01   0.0000000e+00
   1.6900000e+00   5.5235070e-01   0.0000000e+00
   1.7100000e+00   5.4967882e-01   0.0000000e+00
   1.7300000e+00   5.4779675e-01   0.0000000e+00
   1.7500000e+00   5.4591503e-01   0.0000000e+00
   1.7700000e+00   5.4403365e-01   0.0000000e+00
   1.7900000e+00   5.4205773e-01   0.0000000e+00
   1.8100000e+00   5.4026820e-01   0.0000000e+00
   1.8300000e+00   5.3866506e-01   0.0000000e+00
   1.8500000e+00   5.3706193e-01   0.0000000e+00
   1.8700000e+00   5.3545880e-01   0.0000000e+00
   1.8900000e+00   5.3385567e-01   0.0000000e+00
   1.9100000e+00   5.3225254e-01   0.0000000e+00
   1.9300000e+00   5.3064941e-01   0.0000000e+00
   1.9500000e+00   5.2904628e-01   0.0000000e+00
   1.9700000e+00   5.2744315e-01   0.0000000e+00
   1.9900000e+00   5.2584002e-01   0.0000000e+00
   2.0100000e+00   5.2423688e-01   0.0000000e+00
   2.0300000e+00   5.2263375e-01   0.0000000e+00
   2.0500000e+00   5.2103062e-01   0.0000000e+00
   2.0700000e+00   5.1942749e-01   0.0000000e+00
   2.0900000e+00   5.1782436e-01   0.0000000e+00
   2.1100000e+00   5.1631141e-01   0.0000000e+00
   2.1300000e+00   5.1488863e-01   0.0000000e+00
   2.1500000e+00   5.1381987e-01   0.0000000e+00
   2.1700000e+00   5.1275112e-01   0.0000000e+00
   2.1900000e+00   5.1168237e-01   0.0000000e+00
   2.2100000e+00   5.1061361e-01   0.0000000e+00
   2.2300000e+00   5.0954486e-01   0.0000000e+00
   2.2500000e+00   5.0847610e-01   0.0000000e+00
   2.2700000e+00   5.0715928e-01   0.0000000e+00
   2.2900000e+00   5.0576500e-01   0.0000000e+00
   2.3100000e+00   5.0429328e-01   0.0000000e+00
   2.3300000e+00   5.0322453e-01   0.0000000e+00
   2.3500000e+00   5.0215577e-01   0.0000000e+00
   2.3700000e+00   5.0108702e-01   0.0000000e+00
   2.3900000e+00   4.9915335e-01   0.0000000e+00
   2.4100000e+00   4.9743356e-01   0.0000000e+00
   2.4300000e+00   4.9592763e-01   0.0000000e+00
   2.4500000e+00   4.9446062e-01   0.0000000e+00
   2.4700000e+00   4.9274083e-01   0.0000000e+00
   2.4900000e+00   4.9076824e-01   0.0000000e+00
   2.5100000e+00   4.8969949e-01   0.0000000e+00
   2.5300000e+00   4.8863073e-01   0.0000000e+00
   2.5500000e+00   4.8756198e-01   0.0000000e+00
   2.5700000e+00   4.8610972e-01   0.0000000e+00
   2.5900000e+00   4.8458202e-01   0.0000000e+00
   2.6100000e+00   4.8297889e-01   0.0000000e+00
   2.6300000e+00   4.8152594e-01   0.0000000e+00
   2.6500000e+00   4.8024833e-01   0.0000000e+00
   2.6700000e+00   4.7914606e-01   0.0000000e+00
   2.6900000e+00   4.7754293e-01   0.0000000e+00
   2.7100000e+00   4.7616541e-01   0.0000000e+00
   2.7300000e+00   4.7501351e-01   0.0000000e+00
   2.7500000e+00   4.7361019e-01   0.0000000e+00
   2.7700000e+00   4.7210697e-01   0.0000000e+00
   2.7900000e+00   4.7050383e-01   0.0000000e+00
   2.8100000e+00   4.6900194e-01   0.0000000e+00
   2.8300000e+00   4.6771661e-01   0.0000000e+00
   2.8500000e+00   4.6664786e-01   0.0000000e+00
   2.8700000e+00   4.6506016e-01   0.0000000e+00
   2.8900000e+00   4.6366588e-01   0.0000000e+00
   2.9100000e+00   4.6246503e-01   0.0000000e+00
   2.9300000e+00   4.6139628e-01   0.0000000e+00
   2.9500000e+00   4.6032752e-01   0.0000000e+00
   2.9700000e+00   4.5925877e-01   0.0000000e+00
   2.9900000e+00   4.5819002e-01   0.0000000e+00
   3.0100000e+00   4.5712126e-01   0.0000000e+00
   3.0300000e+00   4.5605251e-01   0.0000000e+00
   3.0500000e+00   4.5545375e-01   0.0000000e+00
   3.0700000e+00   4.5471052e-01   0.0000000e+00
   3.0900000e+00   4.5382281e-01   0.0000000e+00
   3.1100000e+00   4.5275405e-01   0.0000000e+00
   3.1300000e+00   4.5168530e-01   0.0000000e+00
   3.1500000e+00   4.5061654e-01   0.0000000e+00
   3.1700000e+00   4.4954779e-01   0.0000000e+00
   3.1900000e+00   4.4847904e-01   0.0000000e+00
   3.2100000e+00   4.4741028e-01   0.0000000e+00
   3.2300000e+00   4.4634153e-01   0.0000000e+00
   3.2500000e+00   4.4512058e-01   0.0000000e+00
   3.2700000e+00   4.4374744e-01   0.0000000e+00
   3.2900000e+00   4.4233203e-01   0.0000000e+00
   3.3100000e+00   4.4105442e-01   0.0000000e+00
   3.3300000e+00   4.3991461e-01   0.0000000e+00
   3.3500000e+00   4.3831148e-01   0.0000000e+00
   3.3700000e+00   4.3695273e-01   0.0000000e+00
   3.3900000e+00   4.3583837e-01   0.0000000e+00
   3.4100000e+00   4.3514172e-01   0.0000000e+00
   2.2200000e+00   7.5027233e-01   1.0000000e+00
   2.2400000e+00   7.4511697e-01   1.0000000e+00
   2.2600000e+00   7.4231034e-01   1.0000000e+00
   2.2800000e+00   7.4185243e-01   1.0000000e+00
   2.3000000e+00   7.4011789e-01   1.0000000e+00
   2.3200000e+00   7.3818924e-01   1.0000000e+00
   2.3400000e+00   7.3606647e-01   1.0000000e+00
   2.3600000e+00   7.3446334e-01   1.0000000e+00
   2.3800000e+00   7.3221153e-01   1.0000000e+00
   2.4000000e+00   7.2931103e-01   1.0000000e+00
   2.4200000e+00   7.2705214e-01   1.0000000e+00
   2.4400000e+00   7.2502157e-01   1.0000000e+00
   2.4600000e+00   7.2321931e-01   1.0000000e+00
   2.4800000e+00   7.2108180e-01   1.0000000e+00
   2.5000000e+00   7.1894429e-01   1.0000000e+00
   2.5200000e+00   7.1680678e-01   1.0000000e+00
   2.5400000e+00   7.1466928e-01   1.0000000e+00
   2.5600000e+00   7.1272352e-01   1.0000000e+00
   2.5800000e+00   7.1096952e-01   1.0000000e+00
   2.6000000e+00   7.0909955e-01   1.0000000e+00
   2.6200000e+00   7.0709581e-01   1.0000000e+00
   2.6400000e+00   7.0495830e-01   1.0000000e+00
   2.6600000e+00   7.0285431e-01   1.0000000e+00
   2.6800000e+00   7.0100074e-01   1.0000000e+00
   2.7000000e+00   6.9939761e-01   1.0000000e+00
   2.7200000e+00   6.9779448e-01   1.0000000e+00
   2.7400000e+00   6.9635863e-01   1.0000000e+00
   2.7600000e+00   6.9509006e-01   1.0000000e+00
   2.7800000e+00   6.9358551e-01   1.0000000e+00
   2.8000000e+00   6.9181510e-01   1.0000000e+00
   2.8200000e+00   6.8977882e-01   1.0000000e+00
   2.8400000e+00   6.8817569e-01   1.0000000e+00
   2.8600000e+00   6.8631309e-01   1.0000000e+00
   2.8800000e+00   6.8419101e-01   1.0000000e+00
   2.9000000e+00   6.8245579e-01   1.0000000e+00
   2.9200000e+00   6.8064380e-01   1.0000000e+00
   2.9400000e+00   6.7875505e-01   1.0000000e+00
   2.9600000e+00   6.7661754e-01   1.0000000e+00
   2.9800000e+00   6.7453232e-01   1.0000000e+00
   3.0000000e+00   6.7249939e-01   1.0000000e+00
   3.0200000e+00   6.7143063e-01   1.0000000e+00
   3.0400000e+00   6.6989188e-01   1.0000000e+00
   3.0600000e+00   6.6788313e-01   1.0000000e+00
   3.0800000e+00   6.6680562e-01   1.0000000e+00
   3.1000000e+00   6.6576301e-01   1.0000000e+00
   3.1200000e+00   6.6475530e-01   1.0000000e+00
   3.1400000e+00   6.6327217e-01   1.0000000e+00
   3.1600000e+00   6.6199623e-01   1.0000000e+00
   3.1800000e+00   6.6092748e-01   1.0000000e+00
   3.2000000e+00   6.5985872e-01   1.0000000e+00
   3.2200000e+00   6.5857944e-01   1.0000000e+00
   3.2400000e+00   6.5708963e-01   1.0000000e+00
   3.2600000e+00   6.5548650e-01   1.0000000e+00
   3.2800000e+00   6.5388337e-01   1.0000000e+00
   3.3000000e+00   6.5228024e-01   1.0000000e+00
   3.3200000e+00   6.5060605e-01   1.0000000e+00
   3.3400000e+00   6.4870020e-01   1.0000000e+00
   3.3600000e+00   6.4656269e-01   1.0000000e+00
   3.3800000e+00   6.4491396e-01   1.0000000e+00
   3.4000000e+00   6.4347408e-01   1.0000000e+00
   3.4200000e+00   6.4224305e-01   1.0000000e+00
   3.4400000e+00   6.4091886e-01   1.0000000e+00
   3.4600000e+00   6.3952458e-01   1.0000000e+00
   3.4800000e+00   6.3806023e-01   1.0000000e+00
   3.5000000e+00   6.3703570e-01   1.0000000e+00
   3.5200000e+00   6.3652344e-01   1.0000000e+00
   3.5400000e+00   6.3652344e-01   1.0000000e+00
   3.5600000e+00   6.3564379e-01   1.0000000e+00
   3.5800000e+00   6.3499274e-01   1.0000000e+00
   3.6000000e+00   6.3457031e-01   1.0000000e+00
   3.6200000e+00   6.3415732e-01   1.0000000e+00
   3.6400000e+00   6.3346136e-01   1.0000000e+00
   3.6600000e+00   6.3248244e-01   1.0000000e+00
   3.6800000e+00   6.3194806e-01   1.0000000e+00
   3.7000000e+00   6.3090614e-01   1.0000000e+00
   3.7200000e+00   6.2935668e-01   1.0000000e+00
   3.7400000e+00   6.2775354e-01   1.0000000e+00
   3.7600000e+00   6.2615041e-01   1.0000000e+00
   3.7800000e+00   6.2454728e-01   1.0000000e+00
   3.8000000e+00   6.2294415e-01   1.0000000e+00
