   6.1000000e-01   9.7446075e-01   0.0000000e+00
   6.3000000e-01   9.5971344e-01   0.0000000e+00
   6.5000000e-01   9.4109408e-01   0.0000000e+00
   6.7000000e-01   9.1949373e-01   0.0000000e+00
   6.9000000e-01   8.9491239e-01   0.0000000e+00
   7.1000000e-01   8.6942053e-01   0.0000000e+00
   7.3000000e-01   8.4605041e-01   0.0000000e+00
   7.5000000e-01   8.2480201e-01   0.0000000e+00
   7.7000000e-01   8.0765231e-01   0.0000000e+00
   7.9000000e-01   7.9143829e-01   0.0000000e+00
   8.1000000e-01   7.7615994e-01   0.0000000e+00
   8.3000000e-01   7.5959425e-01   0.0000000e+00
   8.5000000e-01   7.4433600e-01   0.0000000e+00
   8.7000000e-01   7.3038519e-01   0.0000000e+00
   8.9000000e-01   7.1852295e-01   0.0000000e+00
   9.1000000e-01   7.0784980e-01   0.0000000e+00
   9.3000000e-01   6.9836577e-01   0.0000000e+00
   9.5000000e-01   6.9086906e-01   0.0000000e+00
   9.7000000e-01   6.8394260e-01   0.0000000e+00
   9.9000000e-01   6.7758639e-01   0.0000000e+00
   1.0100000e+00   6.7170824e-01   0.0000000e+00
   1.0300000e+00   6.6606711e-01   0.0000000e+00
   1.0500000e+00   6.6066299e-01   0.0000000e+00
   1.0700000e+00   6.5639132e-01   0.0000000e+00
   1.0900000e+00   6.5226481e-01   0.0000000e+00
   1.1100000e+00   6.4828347e-01   0.0000000e+00
   1.1300000e+00   6.4400845e-01   0.0000000e+00
   1.1500000e+00   6.3973344e-01   0.0000000e+00
   1.1700000e+00   6.3545842e-01   0.0000000e+00
   1.1900000e+00   6.3118341e-01   0.0000000e+00
   1.2100000e+00   6.2712093e-01   0.0000000e+00
   1.2300000e+00   6.2327100e-01   0.0000000e+00
   1.2500000e+00   6.1953036e-01   0.0000000e+00
   1.2700000e+00   6.1588560e-01   0.0000000e+00
   1.2900000e+00   6.1233671e-01   0.0000000e+00
   1.3100000e+00   6.0913045e-01   0.0000000e+00
   1.3300000e+00   6.0592419e-01   0.0000000e+00
   1.3500000e+00   6.0271792e-01   0.0000000e+00
   1.3700000e+00   6.0000446e-01   0.0000000e+00
   1.3900000e+00   5.9712372e-01   0.0000000e+00
   1.4100000e+00   5.9407570e-01   0.0000000e+00
   1.4300000e+00   5.9086944e-01   0.0000000e+00
   1.4500000e+00   5.8773458e-01   0.0000000e+00
   1.4700000e+00   5.8467113e-01   0.0000000e+00
   1.4900000e+00   5.8199924e-01   0.0000000e+00
   1.5100000e+00   5.7932736e-01   0.0000000e+00
   1.5300000e+00   5.7665547e-01   0.0000000e+00
   1.5500000e+00   5.7353973e-01   0.0000000e+00
   1.5700000e+00   5.7037873e-01   0.0000000e+00
   1.5900000e+00   5.6717246e-01   0.0000000e+00
   1.6100000e+00   5.6417673e-01   0.0000000e+00
   1.6300000e+00   5.6138985e-01   0.0000000e+00
   1.6500000e+00   5.5881183e-01   0.0000000e+00
   1.6700000e+00   5.5667432e-01   0.0000000e+00
   1.6900000e+00   5.5428102e-01   0.0000000e+00
   1.7100000e+00   5.5163194e-01   0.0000000e+00
   1.7300000e+00   5.4935497e-01   0.0000000e+00
   1.7500000e+00   5.4714772e-01   0.0000000e+00
   1.7700000e+00   5.4501022e-01   0.0000000e+00
   1.7900000e+00   5.4303429e-01   0.0000000e+00
   1.8100000e+00   5.4122230e-01   0.0000000e+00
   1.8300000e+00   5.3957425e-01   0.0000000e+00
   1.8500000e+00   5.3743675e-01   0.0000000e+00
   1.8700000e+00   5.3553055e-01   0.0000000e+00
   1.8900000e+00   5.3385567e-01   0.0000000e+00
   1.9100000e+00   5.3225254e-01   0.0000000e+00
   1.9300000e+00   5.3053476e-01   0.0000000e+00
   1.9500000e+00   5.2870233e-01   0.0000000e+00
   1.9700000e+00   5.2679009e-01   0.0000000e+00
   1.9900000e+00   5.2529959e-01   0.0000000e+00
   2.0100000e+00   5.2423084e-01   0.0000000e+00
   2.0300000e+00   5.2210139e-01   0.0000000e+00
   2.0500000e+00   5.2038160e-01   0.0000000e+00
   2.0700000e+00   5.1907145e-01   0.0000000e+00
   2.0900000e+00   5.1770568e-01   0.0000000e+00
   2.1100000e+00   5.1631141e-01   0.0000000e+00
   2.1300000e+00   5.1488863e-01   0.0000000e+00
   2.1500000e+00   5.1381987e-01   0.0000000e+00
   2.1700000e+00   5.1275112e-01   0.0000000e+00
   2.1900000e+00   5.1168237e-01   0.0000000e+00
   2.2100000e+00   5.1061361e-01   0.0000000e+00
   2.2300000e+00   5.0954486e-01   0.0000000e+00
   2.2500000e+00   5.0847610e-01   0.0000000e+00
   2.2700000e+00   5.0740735e-01   0.0000000e+00
   2.2900000e+00   5.0633860e-01   0.0000000e+00
   2.3100000e+00   5.0526984e-01   0.0000000e+00
   2.3300000e+00   5.0418635e-01   0.0000000e+00
   2.3500000e+00   5.0284303e-01   0.0000000e+00
   2.3700000e+00   5.0123990e-01   0.0000000e+00
   2.3900000e+00   5.0006922e-01   0.0000000e+00
   2.4100000e+00   4.9894951e-01   0.0000000e+00
   2.4300000e+00   4.9788076e-01   0.0000000e+00
   2.4500000e+00   4.9641375e-01   0.0000000e+00
   2.4700000e+00   4.9469395e-01   0.0000000e+00
   2.4900000e+00   4.9272137e-01   0.0000000e+00
   2.5100000e+00   4.9165261e-01   0.0000000e+00
   2.5300000e+00   4.9058386e-01   0.0000000e+00
   2.5500000e+00   4.8951511e-01   0.0000000e+00
   2.5700000e+00   4.8844635e-01   0.0000000e+00
   2.5900000e+00   4.8711075e-01   0.0000000e+00
   2.6100000e+00   4.8550831e-01   0.0000000e+00
   2.6300000e+00   4.8367116e-01   0.0000000e+00
   2.6500000e+00   4.8221821e-01   0.0000000e+00
   2.6700000e+00   4.8114946e-01   0.0000000e+00
   2.6900000e+00   4.8008070e-01   0.0000000e+00
   2.7100000e+00   4.7901195e-01   0.0000000e+00
   2.7300000e+00   4.7794319e-01   0.0000000e+00
   2.7500000e+00   4.7687444e-01   0.0000000e+00
   2.7700000e+00   4.7569674e-01   0.0000000e+00
   2.7900000e+00   4.7441008e-01   0.0000000e+00
   2.8100000e+00   4.7280695e-01   0.0000000e+00
   2.8300000e+00   4.7120382e-01   0.0000000e+00
   2.8500000e+00   4.6960069e-01   0.0000000e+00
   2.8700000e+00   4.6799756e-01   0.0000000e+00
   2.8900000e+00   4.6639443e-01   0.0000000e+00
   2.9100000e+00   4.6479130e-01   0.0000000e+00
   2.9300000e+00   4.6318817e-01   0.0000000e+00
   2.9500000e+00   4.6158504e-01   0.0000000e+00
   2.9700000e+00   4.5998190e-01   0.0000000e+00
   2.9900000e+00   4.5843106e-01   0.0000000e+00
   3.0100000e+00   4.5712126e-01   0.0000000e+00
   3.0300000e+00   4.5605251e-01   0.0000000e+00
   3.0500000e+00   4.5451375e-01   0.0000000e+00
   3.0700000e+00   4.5311948e-01   0.0000000e+00
   3.0900000e+00   4.5186968e-01   0.0000000e+00
   3.1100000e+00   4.5080093e-01   0.0000000e+00
   3.1300000e+00   4.4979218e-01   0.0000000e+00
   3.1500000e+00   4.4884343e-01   0.0000000e+00
   3.1700000e+00   4.4830237e-01   0.0000000e+00
   3.1900000e+00   4.4723027e-01   0.0000000e+00
   3.2100000e+00   4.4562714e-01   0.0000000e+00
   3.2300000e+00   4.4444507e-01   0.0000000e+00
   3.2500000e+00   4.4316746e-01   0.0000000e+00
   3.2700000e+00   4.4179431e-01   0.0000000e+00
   3.2900000e+00   4.4056663e-01   0.0000000e+00
   3.3100000e+00   4.3961454e-01   0.0000000e+00
   3.3300000e+00   4.3893804e-01   0.0000000e+00
   3.3500000e+00   4.3733491e-01   0.0000000e+00
   3.3700000e+00   4.3573178e-01   0.0000000e+00
   3.3900000e+00   4.3412865e-01   0.0000000e+00
   2.1600000e+00   7.5351987e-01   1.0000000e+00
   2.1800000e+00   7.5245112e-01   1.0000000e+00
   2.2000000e+00   7.5162306e-01   1.0000000e+00
   2.2200000e+00   7.5103571e-01   1.0000000e+00
   2.2400000e+00   7.4831292e-01   1.0000000e+00
   2.2600000e+00   7.4557734e-01   1.0000000e+00
   2.2800000e+00   7.4282899e-01   1.0000000e+00
   2.3000000e+00   7.4083164e-01   1.0000000e+00
   2.3200000e+00   7.3825932e-01   1.0000000e+00
   2.3400000e+00   7.3511202e-01   1.0000000e+00
   2.3600000e+00   7.3404327e-01   1.0000000e+00
   2.3800000e+00   7.3232583e-01   1.0000000e+00
   2.4000000e+00   7.2995971e-01   1.0000000e+00
   2.4200000e+00   7.2823520e-01   1.0000000e+00
   2.4400000e+00   7.2663944e-01   1.0000000e+00
   2.4600000e+00   7.2517243e-01   1.0000000e+00
   2.4800000e+00   7.2311739e-01   1.0000000e+00
   2.5000000e+00   7.2128830e-01   1.0000000e+00
   2.5200000e+00   7.1968517e-01   1.0000000e+00
   2.5400000e+00   7.1808204e-01   1.0000000e+00
   2.5600000e+00   7.1628715e-01   1.0000000e+00
   2.5800000e+00   7.1430051e-01   1.0000000e+00
   2.6000000e+00   7.1216300e-01   1.0000000e+00
   2.6200000e+00   7.1002549e-01   1.0000000e+00
   2.6400000e+00   7.0788799e-01   1.0000000e+00
   2.6600000e+00   7.0575048e-01   1.0000000e+00
   2.6800000e+00   7.0361297e-01   1.0000000e+00
   2.7000000e+00   7.0147546e-01   1.0000000e+00
   2.7200000e+00   6.9978918e-01   1.0000000e+00
   2.7400000e+00   6.9814447e-01   1.0000000e+00
   2.7600000e+00   6.9654134e-01   1.0000000e+00
   2.7800000e+00   6.9493821e-01   1.0000000e+00
   2.8000000e+00   6.9333508e-01   1.0000000e+00
   2.8200000e+00   6.9173195e-01   1.0000000e+00
   2.8400000e+00   6.9012882e-01   1.0000000e+00
   2.8600000e+00   6.8826622e-01   1.0000000e+00
   2.8800000e+00   6.8614414e-01   1.0000000e+00
   2.9000000e+00   6.8481119e-01   1.0000000e+00
   2.9200000e+00   6.8332473e-01   1.0000000e+00
   2.9400000e+00   6.8168474e-01   1.0000000e+00
   2.9600000e+00   6.7954723e-01   1.0000000e+00
   2.9800000e+00   6.7740972e-01   1.0000000e+00
   3.0000000e+00   6.7527221e-01   1.0000000e+00
   3.0200000e+00   6.7313471e-01   1.0000000e+00
   3.0400000e+00   6.7123220e-01   1.0000000e+00
   3.0600000e+00   6.6956469e-01   1.0000000e+00
   3.0800000e+00   6.6831489e-01   1.0000000e+00
   3.1000000e+00   6.6703728e-01   1.0000000e+00
   3.1200000e+00   6.6573186e-01   1.0000000e+00
   3.1400000e+00   6.6424873e-01   1.0000000e+00
   3.1600000e+00   6.6297279e-01   1.0000000e+00
   3.1800000e+00   6.6190404e-01   1.0000000e+00
   3.2000000e+00   6.6083529e-01   1.0000000e+00
   3.2200000e+00   6.5955600e-01   1.0000000e+00
   3.2400000e+00   6.5806620e-01   1.0000000e+00
   3.2600000e+00   6.5676745e-01   1.0000000e+00
   3.2800000e+00   6.5558371e-01   1.0000000e+00
   3.3000000e+00   6.5451495e-01   1.0000000e+00
   3.3200000e+00   6.5330408e-01   1.0000000e+00
   3.3400000e+00   6.5162989e-01   1.0000000e+00
   3.3600000e+00   6.4949238e-01   1.0000000e+00
   3.3800000e+00   6.4833242e-01   1.0000000e+00
   3.4000000e+00   6.4684595e-01   1.0000000e+00
   3.4200000e+00   6.4503298e-01   1.0000000e+00
   3.4400000e+00   6.4340636e-01   1.0000000e+00
   3.4600000e+00   6.4205867e-01   1.0000000e+00
   3.4800000e+00   6.4098992e-01   1.0000000e+00
   3.5000000e+00   6.3989905e-01   1.0000000e+00
   3.5200000e+00   6.3855205e-01   1.0000000e+00
   3.5400000e+00   6.3694892e-01   1.0000000e+00
   3.5600000e+00   6.3666526e-01   1.0000000e+00
   3.5800000e+00   6.3620028e-01   1.0000000e+00
   3.6000000e+00   6.3555395e-01   1.0000000e+00
   3.6200000e+00   6.3469170e-01   1.0000000e+00
   3.6400000e+00   6.3403830e-01   1.0000000e+00
   3.6600000e+00   6.3359375e-01   1.0000000e+00
   3.6800000e+00   6.3359375e-01   1.0000000e+00
   3.7000000e+00   6.3333998e-01   1.0000000e+00
   3.7200000e+00   6.3283243e-01   1.0000000e+00
   3.7400000e+00   6.3190718e-01   1.0000000e+00
   3.7600000e+00   6.3091017e-01   1.0000000e+00
   3.7800000e+00   6.2984142e-01   1.0000000e+00
   3.8000000e+00   6.2861511e-01   1.0000000e+00
