   6.0000000e-01   9.8069391e-01   0.0000000e+00
   6.2000000e-01   9.6686114e-01   0.0000000e+00
   6.4000000e-01   9.5086472e-01   0.0000000e+00
   6.6000000e-01   9.3270465e-01   0.0000000e+00
   6.8000000e-01   9.0758893e-01   0.0000000e+00
   7.0000000e-01   8.8201795e-01   0.0000000e+00
   7.2000000e-01   8.5599172e-01   0.0000000e+00
   7.4000000e-01   8.3217739e-01   0.0000000e+00
   7.6000000e-01   8.1071277e-01   0.0000000e+00
   7.8000000e-01   7.9159785e-01   0.0000000e+00
   8.0000000e-01   7.7664336e-01   0.0000000e+00
   8.2000000e-01   7.6061608e-01   0.0000000e+00
   8.4000000e-01   7.4351601e-01   0.0000000e+00
   8.6000000e-01   7.2955380e-01   0.0000000e+00
   8.8000000e-01   7.1562579e-01   0.0000000e+00
   9.0000000e-01   7.0173199e-01   0.0000000e+00
   9.2000000e-01   6.9073465e-01   0.0000000e+00
   9.4000000e-01   6.8130693e-01   0.0000000e+00
   9.6000000e-01   6.7344883e-01   0.0000000e+00
   9.8000000e-01   6.6709262e-01   0.0000000e+00
   1.0000000e+00   6.6097544e-01   0.0000000e+00
   1.0200000e+00   6.5509729e-01   0.0000000e+00
   1.0400000e+00   6.4969318e-01   0.0000000e+00
   1.0600000e+00   6.4449791e-01   0.0000000e+00
   1.0800000e+00   6.3951151e-01   0.0000000e+00
   1.1000000e+00   6.3518352e-01   0.0000000e+00
   1.1200000e+00   6.3108718e-01   0.0000000e+00
   1.1400000e+00   6.2722251e-01   0.0000000e+00
   1.1600000e+00   6.2294749e-01   0.0000000e+00
   1.1800000e+00   6.1867247e-01   0.0000000e+00
   1.2000000e+00   6.1439746e-01   0.0000000e+00
   1.2200000e+00   6.1139769e-01   0.0000000e+00
   1.2400000e+00   6.0840766e-01   0.0000000e+00
   1.2600000e+00   6.0542735e-01   0.0000000e+00
   1.2800000e+00   6.0241285e-01   0.0000000e+00
   1.3000000e+00   5.9953211e-01   0.0000000e+00
   1.3200000e+00   5.9678513e-01   0.0000000e+00
   1.3400000e+00   5.9357887e-01   0.0000000e+00
   1.3600000e+00   5.9012620e-01   0.0000000e+00
   1.3800000e+00   5.8642714e-01   0.0000000e+00
   1.4000000e+00   5.8343878e-01   0.0000000e+00
   1.4200000e+00   5.8073839e-01   0.0000000e+00
   1.4400000e+00   5.7832597e-01   0.0000000e+00
   1.4600000e+00   5.7576004e-01   0.0000000e+00
   1.4800000e+00   5.7263290e-01   0.0000000e+00
   1.5000000e+00   5.6894455e-01   0.0000000e+00
   1.5200000e+00   5.6627266e-01   0.0000000e+00
   1.5400000e+00   5.6360078e-01   0.0000000e+00
   1.5600000e+00   5.6092889e-01   0.0000000e+00
   1.5800000e+00   5.5760262e-01   0.0000000e+00
   1.6000000e+00   5.5427970e-01   0.0000000e+00
   1.6200000e+00   5.5096011e-01   0.0000000e+00
   1.6400000e+00   5.4838209e-01   0.0000000e+00
   1.6600000e+00   5.4602432e-01   0.0000000e+00
   1.6800000e+00   5.4388681e-01   0.0000000e+00
   1.7000000e+00   5.4123773e-01   0.0000000e+00
   1.7200000e+00   5.3877470e-01   0.0000000e+00
   1.7400000e+00   5.3649773e-01   0.0000000e+00
   1.7600000e+00   5.3436022e-01   0.0000000e+00
   1.7800000e+00   5.3230350e-01   0.0000000e+00
   1.8000000e+00   5.3032758e-01   0.0000000e+00
   1.8200000e+00   5.2872444e-01   0.0000000e+00
   1.8400000e+00   5.2712131e-01   0.0000000e+00
   1.8600000e+00   5.2551818e-01   0.0000000e+00
   1.8800000e+00   5.2391505e-01   0.0000000e+00
   1.9000000e+00   5.2231192e-01   0.0000000e+00
   1.9200000e+00   5.2070879e-01   0.0000000e+00
   1.9400000e+00   5.1933496e-01   0.0000000e+00
   1.9600000e+00   5.1811366e-01   0.0000000e+00
   1.9800000e+00   5.1704491e-01   0.0000000e+00
   2.0000000e+00   5.1597615e-01   0.0000000e+00
   2.0200000e+00   5.1490740e-01   0.0000000e+00
   2.0400000e+00   5.1383865e-01   0.0000000e+00
   2.0600000e+00   5.1276989e-01   0.0000000e+00
   2.0800000e+00   5.1170114e-01   0.0000000e+00
   2.1000000e+00   5.1063238e-01   0.0000000e+00
   2.1200000e+00   5.0956363e-01   0.0000000e+00
   2.1400000e+00   5.0852672e-01   0.0000000e+00
   2.1600000e+00   5.0752166e-01   0.0000000e+00
   2.1800000e+00   5.0698728e-01   0.0000000e+00
   2.2000000e+00   5.0597150e-01   0.0000000e+00
   2.2200000e+00   5.0447432e-01   0.0000000e+00
   2.2400000e+00   5.0360066e-01   0.0000000e+00
   2.2600000e+00   5.0252454e-01   0.0000000e+00
   2.2800000e+00   5.0124594e-01   0.0000000e+00
   2.3000000e+00   4.9937125e-01   0.0000000e+00
   2.3200000e+00   4.9789953e-01   0.0000000e+00
   2.3400000e+00   4.9683077e-01   0.0000000e+00
   2.3600000e+00   4.9576202e-01   0.0000000e+00
   2.3800000e+00   4.9426081e-01   0.0000000e+00
   2.4000000e+00   4.9232715e-01   0.0000000e+00
   2.4200000e+00   4.9082122e-01   0.0000000e+00
   2.4400000e+00   4.8953388e-01   0.0000000e+00
   2.4600000e+00   4.8846512e-01   0.0000000e+00
   2.4800000e+00   4.8723145e-01   0.0000000e+00
   2.5000000e+00   4.8554586e-01   0.0000000e+00
   2.5200000e+00   4.8340835e-01   0.0000000e+00
   2.5400000e+00   4.8177101e-01   0.0000000e+00
   2.5600000e+00   4.8034253e-01   0.0000000e+00
   2.5800000e+00   4.7912291e-01   0.0000000e+00
   2.6000000e+00   4.7752047e-01   0.0000000e+00
   2.6200000e+00   4.7580067e-01   0.0000000e+00
   2.6400000e+00   4.7396352e-01   0.0000000e+00
   2.6600000e+00   4.7282774e-01   0.0000000e+00
   2.6800000e+00   4.7119110e-01   0.0000000e+00
   2.7000000e+00   4.6905359e-01   0.0000000e+00
   2.7200000e+00   4.6781853e-01   0.0000000e+00
   2.7400000e+00   4.6649935e-01   0.0000000e+00
   2.7600000e+00   4.6509603e-01   0.0000000e+00
   2.7800000e+00   4.6371080e-01   0.0000000e+00
   2.8000000e+00   4.6248380e-01   0.0000000e+00
   2.8200000e+00   4.6141505e-01   0.0000000e+00
   2.8400000e+00   4.6034630e-01   0.0000000e+00
   2.8600000e+00   4.5927754e-01   0.0000000e+00
   2.8800000e+00   4.5820879e-01   0.0000000e+00
   2.9000000e+00   4.5714003e-01   0.0000000e+00
   2.9200000e+00   4.5607128e-01   0.0000000e+00
   2.9400000e+00   4.5500253e-01   0.0000000e+00
   2.9600000e+00   4.5393377e-01   0.0000000e+00
   2.9800000e+00   4.5283887e-01   0.0000000e+00
   3.0000000e+00   4.5171783e-01   0.0000000e+00
   3.0200000e+00   4.5011470e-01   0.0000000e+00
   3.0400000e+00   4.4898157e-01   0.0000000e+00
   3.0600000e+00   4.4831844e-01   0.0000000e+00
   3.0800000e+00   4.4743073e-01   0.0000000e+00
   3.1000000e+00   4.4633416e-01   0.0000000e+00
   3.1200000e+00   4.4502873e-01   0.0000000e+00
   3.1400000e+00   4.4354561e-01   0.0000000e+00
   3.1600000e+00   4.4226800e-01   0.0000000e+00
   3.1800000e+00   4.4119590e-01   0.0000000e+00
   3.2000000e+00   4.3959277e-01   0.0000000e+00
   3.2200000e+00   4.3798964e-01   0.0000000e+00
   3.2400000e+00   4.3638651e-01   0.0000000e+00
   3.2600000e+00   4.3508777e-01   0.0000000e+00
   3.2800000e+00   4.3390402e-01   0.0000000e+00
   3.3000000e+00   4.3283526e-01   0.0000000e+00
   3.3200000e+00   4.3169545e-01   0.0000000e+00
   3.3400000e+00   4.3032398e-01   0.0000000e+00
   3.3600000e+00   4.2872085e-01   0.0000000e+00
   3.3800000e+00   4.2711772e-01   0.0000000e+00
   3.4000000e+00   4.2607275e-01   0.0000000e+00
   3.4200000e+00   4.2558594e-01   0.0000000e+00
   2.0000000e+00   7.6066325e-01   1.0000000e+00
   2.0200000e+00   7.5852574e-01   1.0000000e+00
   2.0400000e+00   7.5638823e-01   1.0000000e+00
   2.0600000e+00   7.5466440e-01   1.0000000e+00
   2.0800000e+00   7.5314944e-01   1.0000000e+00
   2.1000000e+00   7.5184332e-01   1.0000000e+00
   2.1200000e+00   7.4987280e-01   1.0000000e+00
   2.1400000e+00   7.4720829e-01   1.0000000e+00
   2.1600000e+00   7.4384978e-01   1.0000000e+00
   2.1800000e+00   7.4331540e-01   1.0000000e+00
   2.2000000e+00   7.4254033e-01   1.0000000e+00
   2.2200000e+00   7.4152455e-01   1.0000000e+00
   2.2400000e+00   7.3899685e-01   1.0000000e+00
   2.2600000e+00   7.3637794e-01   1.0000000e+00
   2.2800000e+00   7.3366782e-01   1.0000000e+00
   2.3000000e+00   7.3179313e-01   1.0000000e+00
   2.3200000e+00   7.3030666e-01   1.0000000e+00
   2.3400000e+00   7.2920842e-01   1.0000000e+00
   2.3600000e+00   7.2707091e-01   1.0000000e+00
   2.3800000e+00   7.2493341e-01   1.0000000e+00
   2.4000000e+00   7.2279590e-01   1.0000000e+00
   2.4200000e+00   7.2065839e-01   1.0000000e+00
   2.4400000e+00   7.1862044e-01   1.0000000e+00
   2.4600000e+00   7.1668206e-01   1.0000000e+00
   2.4800000e+00   7.1499647e-01   1.0000000e+00
   2.5000000e+00   7.1308492e-01   1.0000000e+00
   2.5200000e+00   7.1094741e-01   1.0000000e+00
   2.5400000e+00   7.0880990e-01   1.0000000e+00
   2.5600000e+00   7.0667239e-01   1.0000000e+00
   2.5800000e+00   7.0453489e-01   1.0000000e+00
   2.6000000e+00   7.0266422e-01   1.0000000e+00
   2.6200000e+00   7.0092732e-01   1.0000000e+00
   2.6400000e+00   6.9932419e-01   1.0000000e+00
   2.6600000e+00   6.9772106e-01   1.0000000e+00
   2.6800000e+00   6.9611793e-01   1.0000000e+00
   2.7000000e+00   6.9451480e-01   1.0000000e+00
   2.7200000e+00   6.9291167e-01   1.0000000e+00
   2.7400000e+00   6.9114126e-01   1.0000000e+00
   2.7600000e+00   6.8920356e-01   1.0000000e+00
   2.7800000e+00   6.8728395e-01   1.0000000e+00
   2.8000000e+00   6.8552258e-01   1.0000000e+00
   2.8200000e+00   6.8391945e-01   1.0000000e+00
   2.8400000e+00   6.8231632e-01   1.0000000e+00
   2.8600000e+00   6.8045372e-01   1.0000000e+00
   2.8800000e+00   6.7833164e-01   1.0000000e+00
   2.9000000e+00   6.7619413e-01   1.0000000e+00
   2.9200000e+00   6.7419943e-01   1.0000000e+00
   2.9400000e+00   6.7234754e-01   1.0000000e+00
   2.9600000e+00   6.7074441e-01   1.0000000e+00
   2.9800000e+00   6.6914128e-01   1.0000000e+00
   3.0000000e+00   6.6753814e-01   1.0000000e+00
   3.0200000e+00   6.6593501e-01   1.0000000e+00
   3.0400000e+00   6.6456688e-01   1.0000000e+00
   3.0600000e+00   6.6343375e-01   1.0000000e+00
   3.0800000e+00   6.6201166e-01   1.0000000e+00
   3.1000000e+00   6.6073572e-01   1.0000000e+00
   3.1200000e+00   6.5960593e-01   1.0000000e+00
   3.1400000e+00   6.5907155e-01   1.0000000e+00
   3.1600000e+00   6.5853384e-01   1.0000000e+00
   3.1800000e+00   6.5799278e-01   1.0000000e+00
   3.2000000e+00   6.5638965e-01   1.0000000e+00
   3.2200000e+00   6.5499704e-01   1.0000000e+00
   3.2400000e+00   6.5381497e-01   1.0000000e+00
   3.2600000e+00   6.5244182e-01   1.0000000e+00
   3.2800000e+00   6.5085982e-01   1.0000000e+00
   3.3000000e+00   6.4906897e-01   1.0000000e+00
   3.3200000e+00   6.4700252e-01   1.0000000e+00
   3.3400000e+00   6.4516773e-01   1.0000000e+00
   3.3600000e+00   6.4356460e-01   1.0000000e+00
   3.3800000e+00   6.4147269e-01   1.0000000e+00
   3.4000000e+00   6.3973010e-01   1.0000000e+00
   3.4200000e+00   6.3833680e-01   1.0000000e+00
   3.4400000e+00   6.3701261e-01   1.0000000e+00
   3.4600000e+00   6.3568772e-01   1.0000000e+00
   3.4800000e+00   6.3436215e-01   1.0000000e+00
   3.5000000e+00   6.3382777e-01   1.0000000e+00
   3.5200000e+00   6.3329339e-01   1.0000000e+00
   3.5400000e+00   6.3275901e-01   1.0000000e+00
   3.5600000e+00   6.3178481e-01   1.0000000e+00
   3.5800000e+00   6.3092491e-01   1.0000000e+00
   3.6000000e+00   6.3017932e-01   1.0000000e+00
   3.6200000e+00   6.2964494e-01   1.0000000e+00
   3.6400000e+00   6.2906565e-01   1.0000000e+00
   3.6600000e+00   6.2844144e-01   1.0000000e+00
   3.6800000e+00   6.2737269e-01   1.0000000e+00
   3.7000000e+00   6.2630393e-01   1.0000000e+00
   3.7200000e+00   6.2523518e-01   1.0000000e+00
   3.7400000e+00   6.2455731e-01   1.0000000e+00
   3.7600000e+00   6.2381407e-01   1.0000000e+00
   3.7800000e+00   6.2300548e-01   1.0000000e+00
   3.8000000e+00   6.2162162e-01   1.0000000e+00
