   6.0000000e-01   9.2666924e-01   0.0000000e+00
   6.2000000e-01   9.0276578e-01   0.0000000e+00
   6.4000000e-01   8.7779689e-01   0.0000000e+00
   6.6000000e-01   8.5176260e-01   0.0000000e+00
   6.8000000e-01   8.2771563e-01   0.0000000e+00
   7.0000000e-01   8.0526206e-01   0.0000000e+00
   7.2000000e-01   7.8440190e-01   0.0000000e+00
   7.4000000e-01   7.6240261e-01   0.0000000e+00
   7.6000000e-01   7.4124542e-01   0.0000000e+00
   7.8000000e-01   7.2093035e-01   0.0000000e+00
   8.0000000e-01   7.0404887e-01   0.0000000e+00
   8.2000000e-01   6.8652372e-01   0.0000000e+00
   8.4000000e-01   6.6835490e-01   0.0000000e+00
   8.6000000e-01   6.5646179e-01   0.0000000e+00
   8.8000000e-01   6.4544971e-01   0.0000000e+00
   9.0000000e-01   6.3531866e-01   0.0000000e+00
   9.2000000e-01   6.2714811e-01   0.0000000e+00
   9.4000000e-01   6.1967587e-01   0.0000000e+00
   9.6000000e-01   6.1290195e-01   0.0000000e+00
   9.8000000e-01   6.0643311e-01   0.0000000e+00
   1.0000000e+00   5.9972524e-01   0.0000000e+00
   1.0200000e+00   5.9277834e-01   0.0000000e+00
   1.0400000e+00   5.8583143e-01   0.0000000e+00
   1.0600000e+00   5.7977795e-01   0.0000000e+00
   1.0800000e+00   5.7461787e-01   0.0000000e+00
   1.1000000e+00   5.6913935e-01   0.0000000e+00
   1.1200000e+00   5.6311269e-01   0.0000000e+00
   1.1400000e+00   5.5653790e-01   0.0000000e+00
   1.1600000e+00   5.5120150e-01   0.0000000e+00
   1.1800000e+00   5.4612861e-01   0.0000000e+00
   1.2000000e+00   5.4131921e-01   0.0000000e+00
   1.2200000e+00   5.3650982e-01   0.0000000e+00
   1.2400000e+00   5.3170043e-01   0.0000000e+00
   1.2600000e+00   5.2689103e-01   0.0000000e+00
   1.2800000e+00   5.2208164e-01   0.0000000e+00
   1.3000000e+00   5.1727225e-01   0.0000000e+00
   1.3200000e+00   5.1246285e-01   0.0000000e+00
   1.3400000e+00   5.0765346e-01   0.0000000e+00
   1.3600000e+00   5.0358327e-01   0.0000000e+00
   1.3800000e+00   5.0025228e-01   0.0000000e+00
   1.4000000e+00   4.9704602e-01   0.0000000e+00
   1.4200000e+00   4.9371002e-01   0.0000000e+00
   1.4400000e+00   4.9024429e-01   0.0000000e+00
   1.4600000e+00   4.8678926e-01   0.0000000e+00
   1.4800000e+00   4.8373888e-01   0.0000000e+00
   1.5000000e+00   4.8109314e-01   0.0000000e+00
   1.5200000e+00   4.7895563e-01   0.0000000e+00
   1.5400000e+00   4.7704005e-01   0.0000000e+00
   1.5600000e+00   4.7534640e-01   0.0000000e+00
   1.5800000e+00   4.7341608e-01   0.0000000e+00
   1.6000000e+00   4.7138216e-01   0.0000000e+00
   1.6200000e+00   4.6924465e-01   0.0000000e+00
   1.6400000e+00   4.6720101e-01   0.0000000e+00
   1.6600000e+00   4.6537762e-01   0.0000000e+00
   1.6800000e+00   4.6377449e-01   0.0000000e+00
   1.7000000e+00   4.6165978e-01   0.0000000e+00
   1.7200000e+00   4.5992858e-01   0.0000000e+00
   1.7400000e+00   4.5858089e-01   0.0000000e+00
   1.7600000e+00   4.5695565e-01   0.0000000e+00
   1.7800000e+00   4.5523585e-01   0.0000000e+00
   1.8000000e+00   4.5342151e-01   0.0000000e+00
   1.8200000e+00   4.5226292e-01   0.0000000e+00
   1.8400000e+00   4.5061487e-01   0.0000000e+00
   1.8600000e+00   4.4847737e-01   0.0000000e+00
   1.8800000e+00   4.4726512e-01   0.0000000e+00
   1.9000000e+00   4.4612461e-01   0.0000000e+00
   1.9200000e+00   4.4505586e-01   0.0000000e+00
   1.9400000e+00   4.4398710e-01   0.0000000e+00
   1.9600000e+00   4.4291835e-01   0.0000000e+00
   1.9800000e+00   4.4184960e-01   0.0000000e+00
   2.0000000e+00   4.4078084e-01   0.0000000e+00
   2.0200000e+00   4.3971209e-01   0.0000000e+00
   2.0400000e+00   4.3864333e-01   0.0000000e+00
   2.0600000e+00   4.3757458e-01   0.0000000e+00
   2.0800000e+00   4.3650583e-01   0.0000000e+00
   2.1000000e+00   4.3543707e-01   0.0000000e+00
   2.1200000e+00   4.3436832e-01   0.0000000e+00
   2.1400000e+00   4.3333141e-01   0.0000000e+00
   2.1600000e+00   4.3232634e-01   0.0000000e+00
   2.1800000e+00   4.3179197e-01   0.0000000e+00
   2.2000000e+00   4.3101689e-01   0.0000000e+00
   2.2200000e+00   4.3000111e-01   0.0000000e+00
   2.2400000e+00   4.2893236e-01   0.0000000e+00
   2.2600000e+00   4.2786360e-01   0.0000000e+00
   2.2800000e+00   4.2679485e-01   0.0000000e+00
   2.3000000e+00   4.2585750e-01   0.0000000e+00
   2.3200000e+00   4.2512164e-01   0.0000000e+00
   2.3400000e+00   4.2458726e-01   0.0000000e+00
   2.3600000e+00   4.2405288e-01   0.0000000e+00
   2.3800000e+00   4.2330228e-01   0.0000000e+00
   2.4000000e+00   4.2233545e-01   0.0000000e+00
   2.4200000e+00   4.2126669e-01   0.0000000e+00
   2.4400000e+00   4.2019794e-01   0.0000000e+00
   2.4600000e+00   4.1912919e-01   0.0000000e+00
   2.4800000e+00   4.1814289e-01   0.0000000e+00
   2.5000000e+00   4.1738256e-01   0.0000000e+00
   2.5200000e+00   4.1684818e-01   0.0000000e+00
   2.5400000e+00   4.1631380e-01   0.0000000e+00
   2.5600000e+00   4.1558767e-01   0.0000000e+00
   2.5800000e+00   4.1466979e-01   0.0000000e+00
   2.6000000e+00   4.1386788e-01   0.0000000e+00
   2.6200000e+00   4.1319973e-01   0.0000000e+00
   2.6400000e+00   4.1266536e-01   0.0000000e+00
   2.6600000e+00   4.1209746e-01   0.0000000e+00
   2.6800000e+00   4.1127914e-01   0.0000000e+00
   2.7000000e+00   4.1021039e-01   0.0000000e+00
   2.7200000e+00   4.0959286e-01   0.0000000e+00
   2.7400000e+00   4.0901691e-01   0.0000000e+00
   2.7600000e+00   4.0848253e-01   0.0000000e+00
   2.7800000e+00   4.0773026e-01   0.0000000e+00
   2.8000000e+00   4.0687036e-01   0.0000000e+00
   2.8200000e+00   4.0590284e-01   0.0000000e+00
   2.8400000e+00   4.0536846e-01   0.0000000e+00
   2.8600000e+00   4.0483408e-01   0.0000000e+00
   2.8800000e+00   4.0429971e-01   0.0000000e+00
   2.9000000e+00   4.0416761e-01   0.0000000e+00
   2.9200000e+00   4.0381595e-01   0.0000000e+00
   2.9400000e+00   4.0324471e-01   0.0000000e+00
   2.9600000e+00   4.0234491e-01   0.0000000e+00
   2.9800000e+00   4.0162782e-01   0.0000000e+00
   3.0000000e+00   4.0109344e-01   0.0000000e+00
   3.0200000e+00   4.0055907e-01   0.0000000e+00
   3.0400000e+00   4.0002469e-01   0.0000000e+00
   3.0600000e+00   3.9949031e-01   0.0000000e+00
   3.0800000e+00   3.9860260e-01   0.0000000e+00
   3.1000000e+00   3.9762437e-01   0.0000000e+00
   3.1200000e+00   3.9655561e-01   0.0000000e+00
   3.1400000e+00   3.9548686e-01   0.0000000e+00
   3.1600000e+00   3.9441811e-01   0.0000000e+00
   3.1800000e+00   3.9334935e-01   0.0000000e+00
   3.2000000e+00   3.9228060e-01   0.0000000e+00
   3.2200000e+00   3.9142237e-01   0.0000000e+00
   3.2400000e+00   3.9077467e-01   0.0000000e+00
   3.2600000e+00   3.8993590e-01   0.0000000e+00
   3.2800000e+00   3.8907601e-01   0.0000000e+00
   3.3000000e+00   3.8819498e-01   0.0000000e+00
   3.3200000e+00   3.8766060e-01   0.0000000e+00
   3.3400000e+00   3.8712622e-01   0.0000000e+00
   3.3600000e+00   3.8659184e-01   0.0000000e+00
   3.3800000e+00   3.8605747e-01   0.0000000e+00
   3.4000000e+00   3.8570914e-01   0.0000000e+00
   3.4200000e+00   3.8554688e-01   0.0000000e+00
   2.0000000e+00   6.8156169e-01   1.0000000e+00
   2.0200000e+00   6.7942418e-01   1.0000000e+00
   2.0400000e+00   6.7728667e-01   1.0000000e+00
   2.0600000e+00   6.7432180e-01   1.0000000e+00
   2.0800000e+00   6.7138474e-01   1.0000000e+00
   2.1000000e+00   6.6847549e-01   1.0000000e+00
   2.1200000e+00   6.6562325e-01   1.0000000e+00
   2.1400000e+00   6.6262585e-01   1.0000000e+00
   2.1600000e+00   6.5948327e-01   1.0000000e+00
   2.1800000e+00   6.5681139e-01   1.0000000e+00
   2.2000000e+00   6.5389880e-01   1.0000000e+00
   2.2200000e+00   6.5074552e-01   1.0000000e+00
   2.2400000e+00   6.4790399e-01   1.0000000e+00
   2.2600000e+00   6.4514729e-01   1.0000000e+00
   2.2800000e+00   6.4247540e-01   1.0000000e+00
   2.3000000e+00   6.3980352e-01   1.0000000e+00
   2.3200000e+00   6.3713163e-01   1.0000000e+00
   2.3400000e+00   6.3445975e-01   1.0000000e+00
   2.3600000e+00   6.3178786e-01   1.0000000e+00
   2.3800000e+00   6.2933220e-01   1.0000000e+00
   2.4000000e+00   6.2709277e-01   1.0000000e+00
   2.4200000e+00   6.2495526e-01   1.0000000e+00
   2.4400000e+00   6.2291732e-01   1.0000000e+00
   2.4600000e+00   6.2097894e-01   1.0000000e+00
   2.4800000e+00   6.1937580e-01   1.0000000e+00
   2.5000000e+00   6.1777267e-01   1.0000000e+00
   2.5200000e+00   6.1616954e-01   1.0000000e+00
   2.5400000e+00   6.1406624e-01   1.0000000e+00
   2.5600000e+00   6.1213759e-01   1.0000000e+00
   2.5800000e+00   6.1038359e-01   1.0000000e+00
   2.6000000e+00   6.0878045e-01   1.0000000e+00
   2.6200000e+00   6.0725241e-01   1.0000000e+00
   2.6400000e+00   6.0579946e-01   1.0000000e+00
   2.6600000e+00   6.0469719e-01   1.0000000e+00
   2.6800000e+00   6.0334449e-01   1.0000000e+00
   2.7000000e+00   6.0174136e-01   1.0000000e+00
   2.7200000e+00   6.0013823e-01   1.0000000e+00
   2.7400000e+00   5.9870238e-01   1.0000000e+00
   2.7600000e+00   5.9743381e-01   1.0000000e+00
   2.7800000e+00   5.9592926e-01   1.0000000e+00
   2.8000000e+00   5.9420947e-01   1.0000000e+00
   2.8200000e+00   5.9227442e-01   1.0000000e+00
   2.8400000e+00   5.9120567e-01   1.0000000e+00
   2.8600000e+00   5.9039639e-01   1.0000000e+00
   2.8800000e+00   5.8984658e-01   1.0000000e+00
   2.9000000e+00   5.8890992e-01   1.0000000e+00
   2.9200000e+00   5.8776441e-01   1.0000000e+00
   2.9400000e+00   5.8641004e-01   1.0000000e+00
   2.9600000e+00   5.8531376e-01   1.0000000e+00
   2.7600000e+00   7.1900228e-01   2.0000000e+00
   2.7800000e+00   7.1718125e-01   2.0000000e+00
   2.8000000e+00   7.1515137e-01   2.0000000e+00
   2.8200000e+00   7.1291263e-01   2.0000000e+00
   2.8400000e+00   7.1024074e-01   2.0000000e+00
   2.8600000e+00   7.0834727e-01   2.0000000e+00
   2.8800000e+00   7.0723222e-01   2.0000000e+00
   2.9000000e+00   7.0415207e-01   2.0000000e+00
   2.9200000e+00   7.0074167e-01   2.0000000e+00
   2.9400000e+00   6.9700103e-01   2.0000000e+00
   2.9600000e+00   6.9326039e-01   2.0000000e+00
   2.9800000e+00   6.8962432e-01   2.0000000e+00
   3.0000000e+00   6.8609283e-01   2.0000000e+00
   3.0200000e+00   6.8448970e-01   2.0000000e+00
   3.0400000e+00   6.8288657e-01   2.0000000e+00
   3.0600000e+00   6.8128344e-01   2.0000000e+00
   3.0800000e+00   6.7968031e-01   2.0000000e+00
   3.1000000e+00   6.7807718e-01   2.0000000e+00
   3.1200000e+00   6.7647405e-01   2.0000000e+00
