   6.0000000e-01   9.2218566e-01   0.0000000e+00
   6.2000000e-01   9.0461226e-01   0.0000000e+00
   6.4000000e-01   8.8508170e-01   0.0000000e+00
   6.6000000e-01   8.6359398e-01   0.0000000e+00
   6.8000000e-01   8.4061577e-01   0.0000000e+00
   7.0000000e-01   8.1945859e-01   0.0000000e+00
   7.2000000e-01   8.0012243e-01   0.0000000e+00
   7.4000000e-01   7.8548235e-01   0.0000000e+00
   7.6000000e-01   7.7268275e-01   0.0000000e+00
   7.8000000e-01   7.6172365e-01   0.0000000e+00
   8.0000000e-01   7.5274450e-01   0.0000000e+00
   8.2000000e-01   7.4397991e-01   0.0000000e+00
   8.4000000e-01   7.3542988e-01   0.0000000e+00
   8.6000000e-01   7.2792580e-01   0.0000000e+00
   8.8000000e-01   7.2144890e-01   0.0000000e+00
   9.0000000e-01   7.1599917e-01   0.0000000e+00
   9.2000000e-01   7.1205872e-01   0.0000000e+00
   9.4000000e-01   7.0831238e-01   0.0000000e+00
   9.6000000e-01   7.0476015e-01   0.0000000e+00
   9.8000000e-01   7.0059777e-01   0.0000000e+00
   1.0000000e+00   6.9691345e-01   0.0000000e+00
   1.0200000e+00   6.9370719e-01   0.0000000e+00
   1.0400000e+00   6.8955287e-01   0.0000000e+00
   1.0600000e+00   6.8569556e-01   0.0000000e+00
   1.0800000e+00   6.8213528e-01   0.0000000e+00
   1.1000000e+00   6.7868831e-01   0.0000000e+00
   1.1200000e+00   6.7515653e-01   0.0000000e+00
   1.1400000e+00   6.7153993e-01   0.0000000e+00
   1.1600000e+00   6.6831892e-01   0.0000000e+00
   1.1800000e+00   6.6457091e-01   0.0000000e+00
   1.2000000e+00   6.6029590e-01   0.0000000e+00
   1.2200000e+00   6.5729613e-01   0.0000000e+00
   1.2400000e+00   6.5399768e-01   0.0000000e+00
   1.2600000e+00   6.5040053e-01   0.0000000e+00
   1.2800000e+00   6.4631727e-01   0.0000000e+00
   1.3000000e+00   6.4233023e-01   0.0000000e+00
   1.3200000e+00   6.3843941e-01   0.0000000e+00
   1.3400000e+00   6.3363002e-01   0.0000000e+00
   1.3600000e+00   6.2931343e-01   0.0000000e+00
   1.3800000e+00   6.2548964e-01   0.0000000e+00
   1.4000000e+00   6.2099673e-01   0.0000000e+00
   1.4200000e+00   6.1647531e-01   0.0000000e+00
   1.4400000e+00   6.1192539e-01   0.0000000e+00
   1.4600000e+00   6.0736476e-01   0.0000000e+00
   1.4800000e+00   6.0242563e-01   0.0000000e+00
   1.5000000e+00   5.9710800e-01   0.0000000e+00
   1.5200000e+00   5.9229861e-01   0.0000000e+00
   1.5400000e+00   5.8748921e-01   0.0000000e+00
   1.5600000e+00   5.8267982e-01   0.0000000e+00
   1.5800000e+00   5.7787043e-01   0.0000000e+00
   1.6000000e+00   5.7316630e-01   0.0000000e+00
   1.6200000e+00   5.6856743e-01   0.0000000e+00
   1.6400000e+00   5.6429241e-01   0.0000000e+00
   1.6600000e+00   5.6001740e-01   0.0000000e+00
   1.6800000e+00   5.5574238e-01   0.0000000e+00
   1.7000000e+00   5.5197894e-01   0.0000000e+00
   1.7200000e+00   5.4862181e-01   0.0000000e+00
   1.7400000e+00   5.4567099e-01   0.0000000e+00
   1.7600000e+00   5.4244261e-01   0.0000000e+00
   1.7800000e+00   5.3911969e-01   0.0000000e+00
   1.8000000e+00   5.3570221e-01   0.0000000e+00
   1.8200000e+00   5.3303032e-01   0.0000000e+00
   1.8400000e+00   5.3035844e-01   0.0000000e+00
   1.8600000e+00   5.2768655e-01   0.0000000e+00
   1.8800000e+00   5.2455204e-01   0.0000000e+00
   1.9000000e+00   5.2172761e-01   0.0000000e+00
   1.9200000e+00   5.1921328e-01   0.0000000e+00
   1.9400000e+00   5.1661717e-01   0.0000000e+00
   1.9600000e+00   5.1382862e-01   0.0000000e+00
   1.9800000e+00   5.1084763e-01   0.0000000e+00
   2.0000000e+00   5.0871012e-01   0.0000000e+00
   2.0200000e+00   5.0630744e-01   0.0000000e+00
   2.0400000e+00   5.0363959e-01   0.0000000e+00
   2.0600000e+00   5.0096770e-01   0.0000000e+00
   2.0800000e+00   4.9829582e-01   0.0000000e+00
   2.1000000e+00   4.9562393e-01   0.0000000e+00
   2.1200000e+00   4.9313240e-01   0.0000000e+00
   2.1400000e+00   4.9081788e-01   0.0000000e+00
   2.1600000e+00   4.8868037e-01   0.0000000e+00
   2.1800000e+00   4.8654286e-01   0.0000000e+00
   2.2000000e+00   4.8440535e-01   0.0000000e+00
   2.2200000e+00   4.8226785e-01   0.0000000e+00
   2.2400000e+00   4.8049507e-01   0.0000000e+00
   2.2600000e+00   4.7868309e-01   0.0000000e+00
   2.2800000e+00   4.7683188e-01   0.0000000e+00
   2.3000000e+00   4.7482578e-01   0.0000000e+00
   2.3200000e+00   4.7301379e-01   0.0000000e+00
   2.3400000e+00   4.7139592e-01   0.0000000e+00
   2.3600000e+00   4.6925841e-01   0.0000000e+00
   2.3800000e+00   4.6733713e-01   0.0000000e+00
   2.4000000e+00   4.6563208e-01   0.0000000e+00
   2.4200000e+00   4.6402895e-01   0.0000000e+00
   2.4400000e+00   4.6242582e-01   0.0000000e+00
   2.4600000e+00   4.6082268e-01   0.0000000e+00
   2.4800000e+00   4.5921955e-01   0.0000000e+00
   2.5000000e+00   4.5761642e-01   0.0000000e+00
   2.5200000e+00   4.5601329e-01   0.0000000e+00
   2.5400000e+00   4.5390999e-01   0.0000000e+00
   2.5600000e+00   4.5217309e-01   0.0000000e+00
   2.5800000e+00   4.5080260e-01   0.0000000e+00
   2.6000000e+00   4.4920016e-01   0.0000000e+00
   2.6200000e+00   4.4748036e-01   0.0000000e+00
   2.6400000e+00   4.4564321e-01   0.0000000e+00
   2.6600000e+00   4.4457446e-01   0.0000000e+00
   2.6800000e+00   4.4350570e-01   0.0000000e+00
   2.7000000e+00   4.4243695e-01   0.0000000e+00
   2.7200000e+00   4.4136820e-01   0.0000000e+00
   2.7400000e+00   4.4029944e-01   0.0000000e+00
   2.7600000e+00   4.3923069e-01   0.0000000e+00
   2.7800000e+00   4.3794404e-01   0.0000000e+00
   2.8000000e+00   4.3649914e-01   0.0000000e+00
   2.8200000e+00   4.3489601e-01   0.0000000e+00
   2.8400000e+00   4.3329288e-01   0.0000000e+00
   2.8600000e+00   4.3194922e-01   0.0000000e+00
   2.8800000e+00   4.3086504e-01   0.0000000e+00
   2.9000000e+00   4.2979628e-01   0.0000000e+00
   2.9200000e+00   4.2872753e-01   0.0000000e+00
   2.9400000e+00   4.2765878e-01   0.0000000e+00
   2.9600000e+00   4.2625212e-01   0.0000000e+00
   2.9800000e+00   4.2453232e-01   0.0000000e+00
   3.0000000e+00   4.2249939e-01   0.0000000e+00
   3.0200000e+00   4.2143063e-01   0.0000000e+00
   3.0400000e+00   4.2036188e-01   0.0000000e+00
   3.0600000e+00   4.1929313e-01   0.0000000e+00
   3.0800000e+00   4.1822437e-01   0.0000000e+00
   3.1000000e+00   4.1703728e-01   0.0000000e+00
   3.1200000e+00   4.1573186e-01   0.0000000e+00
   3.1400000e+00   4.1424873e-01   0.0000000e+00
   3.1600000e+00   4.1297279e-01   0.0000000e+00
   3.1800000e+00   4.1190404e-01   0.0000000e+00
   3.2000000e+00   4.1083528e-01   0.0000000e+00
   3.2200000e+00   4.0976653e-01   0.0000000e+00
   3.2400000e+00   4.0869778e-01   0.0000000e+00
   3.2600000e+00   4.0793341e-01   0.0000000e+00
   3.2800000e+00   4.0728404e-01   0.0000000e+00
   3.3000000e+00   4.0674966e-01   0.0000000e+00
   3.3200000e+00   4.0621529e-01   0.0000000e+00
   3.3400000e+00   4.0568091e-01   0.0000000e+00
   3.3600000e+00   4.0514653e-01   0.0000000e+00
   3.3800000e+00   4.0705602e-01   0.0000000e+00
   2.0000000e+00   7.6945231e-01   1.0000000e+00
   2.0200000e+00   7.6731480e-01   1.0000000e+00
   2.0400000e+00   7.6517729e-01   1.0000000e+00
   2.0600000e+00   7.6303978e-01   1.0000000e+00
   2.0800000e+00   7.6075377e-01   1.0000000e+00
   2.1000000e+00   7.5831924e-01   1.0000000e+00
   2.1200000e+00   7.5564736e-01   1.0000000e+00
   2.1400000e+00   7.5297547e-01   1.0000000e+00
   2.1600000e+00   7.5030359e-01   1.0000000e+00
   2.1800000e+00   7.4763170e-01   1.0000000e+00
   2.2000000e+00   7.4495982e-01   1.0000000e+00
   2.2200000e+00   7.4228793e-01   1.0000000e+00
   2.2400000e+00   7.3925131e-01   1.0000000e+00
   2.2600000e+00   7.3637794e-01   1.0000000e+00
   2.2800000e+00   7.3366782e-01   1.0000000e+00
   2.3000000e+00   7.3153031e-01   1.0000000e+00
   2.3200000e+00   7.2938543e-01   1.0000000e+00
   2.3400000e+00   7.2723318e-01   1.0000000e+00
   2.3600000e+00   7.2456130e-01   1.0000000e+00
   2.3800000e+00   7.2210564e-01   1.0000000e+00
   2.4000000e+00   7.1986621e-01   1.0000000e+00
   2.4200000e+00   7.1804449e-01   1.0000000e+00
   2.4400000e+00   7.1623250e-01   1.0000000e+00
   2.4600000e+00   7.1443025e-01   1.0000000e+00
   2.4800000e+00   7.1245766e-01   1.0000000e+00
   2.5000000e+00   7.1093699e-01   1.0000000e+00
   2.5200000e+00   7.0986824e-01   1.0000000e+00
   2.5400000e+00   7.0829931e-01   1.0000000e+00
   2.5600000e+00   7.0652153e-01   1.0000000e+00
   2.5800000e+00   7.0453489e-01   1.0000000e+00
   2.6000000e+00   7.0293107e-01   1.0000000e+00
   2.6200000e+00   7.0157845e-01   1.0000000e+00
   2.6400000e+00   7.0047705e-01   1.0000000e+00
   2.6600000e+00   6.9929213e-01   1.0000000e+00
   2.6800000e+00   6.9810721e-01   1.0000000e+00
   2.7000000e+00   6.9692228e-01   1.0000000e+00
   2.7200000e+00   6.9573736e-01   1.0000000e+00
   2.7400000e+00   6.9455244e-01   1.0000000e+00
   2.7600000e+00   6.9336752e-01   1.0000000e+00
   2.7800000e+00   6.9218259e-01   1.0000000e+00
   2.8000000e+00   6.9099767e-01   1.0000000e+00
   2.8200000e+00   6.8981275e-01   1.0000000e+00
   2.8400000e+00   6.8862782e-01   1.0000000e+00
   2.8600000e+00   6.8744290e-01   1.0000000e+00
   2.8800000e+00   6.8625798e-01   1.0000000e+00
   2.9000000e+00   6.8507305e-01   1.0000000e+00
   2.9200000e+00   6.8388813e-01   1.0000000e+00
   2.9400000e+00   6.8270321e-01   1.0000000e+00
   2.9600000e+00   6.8151828e-01   1.0000000e+00
   2.9800000e+00   6.8033336e-01   1.0000000e+00
   3.0000000e+00   6.7914844e-01   1.0000000e+00
   3.0200000e+00   6.7796352e-01   1.0000000e+00
   3.0400000e+00   6.7677859e-01   1.0000000e+00
   3.0600000e+00   6.7559367e-01   1.0000000e+00
   3.0800000e+00   6.7440875e-01   1.0000000e+00
   3.1000000e+00   6.7322382e-01   1.0000000e+00
   3.1200000e+00   6.7203890e-01   1.0000000e+00
   3.1400000e+00   6.7085398e-01   1.0000000e+00
   3.1600000e+00   6.6966905e-01   1.0000000e+00
   3.1800000e+00   6.6848413e-01   1.0000000e+00
   3.2000000e+00   6.6729921e-01   1.0000000e+00
   3.2200000e+00   6.6611429e-01   1.0000000e+00
   3.2400000e+00   6.6492936e-01   1.0000000e+00
   3.2600000e+00   6.6374444e-01   1.0000000e+00
   3.2800000e+00   6.6255952e-01   1.0000000e+00
   3.3000000e+00   6.6137459e-01   1.0000000e+00
   3.3200000e+00   6.6018967e-01   1.0000000e+00
   3.3400000e+00   6.5900475e-01   1.0000000e+00
   3.3600000e+00   6.5781983e-01   1.0000000e+00
   3.3800000e+00   6.5663490e-01   1.0000000e+00
   3.4000000e+00   6.5544998e-01   1.0000000e+00
   3.4200000e+00   6.5426506e-01   1.0000000e+00
   3.4400000e+00   6.5308013e-01   1.0000000e+00
   3.4600000e+00   6.5170213e-01   1.0000000e+00
   3.4800000e+00   6.5013104e-01   1.0000000e+00
