   6.0000000e-01   9.8533435e-01   0.0000000e+00
   6.2000000e-01   9.7036108e-01   0.0000000e+00
   6.4000000e-01   9.5379441e-01   0.0000000e+00
   6.6000000e-01   9.3563434e-01   0.0000000e+00
   6.8000000e-01   9.1051862e-01   0.0000000e+00
   7.0000000e-01   8.8494764e-01   0.0000000e+00
   7.2000000e-01   8.5892140e-01   0.0000000e+00
   7.4000000e-01   8.3646145e-01   0.0000000e+00
   7.6000000e-01   8.1618795e-01   0.0000000e+00
   7.8000000e-01   7.9810090e-01   0.0000000e+00
   8.0000000e-01   7.8271729e-01   0.0000000e+00
   8.2000000e-01   7.6647545e-01   0.0000000e+00
   8.4000000e-01   7.4937539e-01   0.0000000e+00
   8.6000000e-01   7.3541317e-01   0.0000000e+00
   8.8000000e-01   7.2209463e-01   0.0000000e+00
   9.0000000e-01   7.0941977e-01   0.0000000e+00
   9.2000000e-01   6.9973591e-01   0.0000000e+00
   9.4000000e-01   6.9123984e-01   0.0000000e+00
   9.6000000e-01   6.8393154e-01   0.0000000e+00
   9.8000000e-01   6.7709727e-01   0.0000000e+00
   1.0000000e+00   6.7074107e-01   0.0000000e+00
   1.0200000e+00   6.6486292e-01   0.0000000e+00
   1.0400000e+00   6.5993283e-01   0.0000000e+00
   1.0600000e+00   6.5488441e-01   0.0000000e+00
   1.0800000e+00   6.4971765e-01   0.0000000e+00
   1.1000000e+00   6.4485528e-01   0.0000000e+00
   1.1200000e+00   6.4028659e-01   0.0000000e+00
   1.1400000e+00   6.3601157e-01   0.0000000e+00
   1.1600000e+00   6.3173655e-01   0.0000000e+00
   1.1800000e+00   6.2746154e-01   0.0000000e+00
   1.2000000e+00   6.2318652e-01   0.0000000e+00
   1.2200000e+00   6.1976167e-01   0.0000000e+00
   1.2400000e+00   6.1629191e-01   0.0000000e+00
   1.2600000e+00   6.1277723e-01   0.0000000e+00
   1.2800000e+00   6.0922834e-01   0.0000000e+00
   1.3000000e+00   6.0581322e-01   0.0000000e+00
   1.3200000e+00   6.0253187e-01   0.0000000e+00
   1.3400000e+00   5.9879123e-01   0.0000000e+00
   1.3600000e+00   5.9529699e-01   0.0000000e+00
   1.3800000e+00   5.9204916e-01   0.0000000e+00
   1.4000000e+00   5.8921903e-01   0.0000000e+00
   1.4200000e+00   5.8646803e-01   0.0000000e+00
   1.4400000e+00   5.8379614e-01   0.0000000e+00
   1.4600000e+00   5.8098145e-01   0.0000000e+00
   1.4800000e+00   5.7795790e-01   0.0000000e+00
   1.5000000e+00   5.7472549e-01   0.0000000e+00
   1.5200000e+00   5.7098485e-01   0.0000000e+00
   1.5400000e+00   5.6791000e-01   0.0000000e+00
   1.5600000e+00   5.6550093e-01   0.0000000e+00
   1.5800000e+00   5.6270904e-01   0.0000000e+00
   1.6000000e+00   5.5981522e-01   0.0000000e+00
   1.6200000e+00   5.5681949e-01   0.0000000e+00
   1.6400000e+00   5.5424146e-01   0.0000000e+00
   1.6600000e+00   5.5188370e-01   0.0000000e+00
   1.6800000e+00   5.4974619e-01   0.0000000e+00
   1.7000000e+00   5.4709711e-01   0.0000000e+00
   1.7200000e+00   5.4483153e-01   0.0000000e+00
   1.7400000e+00   5.4294947e-01   0.0000000e+00
   1.7600000e+00   5.4106809e-01   0.0000000e+00
   1.7800000e+00   5.3905865e-01   0.0000000e+00
   1.8000000e+00   5.3692114e-01   0.0000000e+00
   1.8200000e+00   5.3487347e-01   0.0000000e+00
   1.8400000e+00   5.3331525e-01   0.0000000e+00
   1.8600000e+00   5.3224650e-01   0.0000000e+00
   1.8800000e+00   5.3025248e-01   0.0000000e+00
   1.9000000e+00   5.2853269e-01   0.0000000e+00
   1.9200000e+00   5.2708711e-01   0.0000000e+00
   1.9400000e+00   5.2555976e-01   0.0000000e+00
   1.9600000e+00   5.2383996e-01   0.0000000e+00
   1.9800000e+00   5.2192772e-01   0.0000000e+00
   2.0000000e+00   5.2085897e-01   0.0000000e+00
   2.0200000e+00   5.1979021e-01   0.0000000e+00
   2.0400000e+00   5.1872146e-01   0.0000000e+00
   2.0600000e+00   5.1765270e-01   0.0000000e+00
   2.0800000e+00   5.1658395e-01   0.0000000e+00
   2.1000000e+00   5.1551520e-01   0.0000000e+00
   2.1200000e+00   5.1444644e-01   0.0000000e+00
   2.1400000e+00   5.1337769e-01   0.0000000e+00
   2.1600000e+00   5.1230893e-01   0.0000000e+00
   2.1800000e+00   5.1124018e-01   0.0000000e+00
   2.2000000e+00   5.0993073e-01   0.0000000e+00
   2.2200000e+00   5.0838057e-01   0.0000000e+00
   2.2400000e+00   5.0750691e-01   0.0000000e+00
   2.2600000e+00   5.0667886e-01   0.0000000e+00
   2.2800000e+00   5.0589641e-01   0.0000000e+00
   2.3000000e+00   5.0482766e-01   0.0000000e+00
   2.3200000e+00   5.0374416e-01   0.0000000e+00
   2.3400000e+00   5.0264592e-01   0.0000000e+00
   2.3600000e+00   5.0050841e-01   0.0000000e+00
   2.3800000e+00   4.9880336e-01   0.0000000e+00
   2.4000000e+00   4.9753076e-01   0.0000000e+00
   2.4200000e+00   4.9614622e-01   0.0000000e+00
   2.4400000e+00   4.9465238e-01   0.0000000e+00
   2.4600000e+00   4.9304925e-01   0.0000000e+00
   2.4800000e+00   4.9136366e-01   0.0000000e+00
   2.5000000e+00   4.8945211e-01   0.0000000e+00
   2.5200000e+00   4.8731460e-01   0.0000000e+00
   2.5400000e+00   4.8617744e-01   0.0000000e+00
   2.5600000e+00   4.8507448e-01   0.0000000e+00
   2.5800000e+00   4.8400572e-01   0.0000000e+00
   2.6000000e+00   4.8267013e-01   0.0000000e+00
   2.6200000e+00   4.8120076e-01   0.0000000e+00
   2.6400000e+00   4.7959763e-01   0.0000000e+00
   2.6600000e+00   4.7802801e-01   0.0000000e+00
   2.6800000e+00   4.7670883e-01   0.0000000e+00
   2.7000000e+00   4.7564008e-01   0.0000000e+00
   2.7200000e+00   4.7412009e-01   0.0000000e+00
   2.7400000e+00   4.7272582e-01   0.0000000e+00
   2.7600000e+00   4.7145725e-01   0.0000000e+00
   2.7800000e+00   4.7017060e-01   0.0000000e+00
   2.8000000e+00   4.6872571e-01   0.0000000e+00
   2.8200000e+00   4.6712257e-01   0.0000000e+00
   2.8400000e+00   4.6551944e-01   0.0000000e+00
   2.8600000e+00   4.6417579e-01   0.0000000e+00
   2.8800000e+00   4.6309160e-01   0.0000000e+00
   2.9000000e+00   4.6162057e-01   0.0000000e+00
   2.9200000e+00   4.6008348e-01   0.0000000e+00
   2.9400000e+00   4.5848035e-01   0.0000000e+00
   2.9600000e+00   4.5704617e-01   0.0000000e+00
   2.9800000e+00   4.5576856e-01   0.0000000e+00
   3.0000000e+00   4.5464752e-01   0.0000000e+00
   3.0200000e+00   4.5304439e-01   0.0000000e+00
   3.0400000e+00   4.5167626e-01   0.0000000e+00
   3.0600000e+00   4.5054313e-01   0.0000000e+00
   3.0800000e+00   4.4947437e-01   0.0000000e+00
   3.1000000e+00   4.4840562e-01   0.0000000e+00
   3.1200000e+00   4.4733686e-01   0.0000000e+00
   3.1400000e+00   4.4614810e-01   0.0000000e+00
   3.1600000e+00   4.4475550e-01   0.0000000e+00
   3.1800000e+00   4.4315905e-01   0.0000000e+00
   3.2000000e+00   4.4262467e-01   0.0000000e+00
   3.2200000e+00   4.4166924e-01   0.0000000e+00
   3.2400000e+00   4.4029276e-01   0.0000000e+00
   3.2600000e+00   4.3868963e-01   0.0000000e+00
   3.2800000e+00   4.3718036e-01   0.0000000e+00
   3.3000000e+00   4.3576495e-01   0.0000000e+00
   3.3200000e+00   4.3462514e-01   0.0000000e+00
   3.3400000e+00   4.3325367e-01   0.0000000e+00
   3.3600000e+00   4.3165054e-01   0.0000000e+00
   3.3800000e+00   4.3053618e-01   0.0000000e+00
   2.1000000e+00   7.5946682e-01   1.0000000e+00
   2.1200000e+00   7.5591990e-01   1.0000000e+00
   2.1400000e+00   7.5361206e-01   1.0000000e+00
   2.1600000e+00   7.5254331e-01   1.0000000e+00
   2.1800000e+00   7.5147456e-01   1.0000000e+00
   2.2000000e+00   7.4992440e-01   1.0000000e+00
   2.2200000e+00   7.4789284e-01   1.0000000e+00
   2.2400000e+00   7.4502586e-01   1.0000000e+00
   2.2600000e+00   7.4223731e-01   1.0000000e+00
   2.2800000e+00   7.3952719e-01   1.0000000e+00
   2.3000000e+00   7.3738969e-01   1.0000000e+00
   2.3200000e+00   7.3525218e-01   1.0000000e+00
   2.3400000e+00   7.3311467e-01   1.0000000e+00
   2.3600000e+00   7.3097716e-01   1.0000000e+00
   2.3800000e+00   7.2883966e-01   1.0000000e+00
   2.4000000e+00   7.2670215e-01   1.0000000e+00
   2.4200000e+00   7.2488043e-01   1.0000000e+00
   2.4400000e+00   7.2306844e-01   1.0000000e+00
   2.4600000e+00   7.2126618e-01   1.0000000e+00
   2.4800000e+00   7.1921114e-01   1.0000000e+00
   2.5000000e+00   7.1738205e-01   1.0000000e+00
   2.5200000e+00   7.1577892e-01   1.0000000e+00
   2.5400000e+00   7.1317544e-01   1.0000000e+00
   2.5600000e+00   7.1111302e-01   1.0000000e+00
   2.5800000e+00   7.0959166e-01   1.0000000e+00
   2.6000000e+00   7.0798922e-01   1.0000000e+00
   2.6200000e+00   7.0611924e-01   1.0000000e+00
   2.6400000e+00   7.0398174e-01   1.0000000e+00
   2.6600000e+00   7.0187774e-01   1.0000000e+00
   2.6800000e+00   7.0002418e-01   1.0000000e+00
   2.7000000e+00   6.9842105e-01   1.0000000e+00
   2.7200000e+00   6.9681792e-01   1.0000000e+00
   2.7400000e+00   6.9521479e-01   1.0000000e+00
   2.7600000e+00   6.9361166e-01   1.0000000e+00
   2.7800000e+00   6.9222642e-01   1.0000000e+00
   2.8000000e+00   6.9089820e-01   1.0000000e+00
   2.8200000e+00   6.8962698e-01   1.0000000e+00
   2.8400000e+00   6.8748947e-01   1.0000000e+00
   2.8600000e+00   6.8561143e-01   1.0000000e+00
   2.8800000e+00   6.8399287e-01   1.0000000e+00
   2.9000000e+00   6.8238974e-01   1.0000000e+00
   2.9200000e+00   6.8064380e-01   1.0000000e+00
   2.9400000e+00   6.7875505e-01   1.0000000e+00
   2.9600000e+00   6.7644859e-01   1.0000000e+00
   2.9800000e+00   6.7401171e-01   1.0000000e+00
   3.0000000e+00   6.7144439e-01   1.0000000e+00
   3.0200000e+00   6.6984126e-01   1.0000000e+00
   3.0400000e+00   6.6847313e-01   1.0000000e+00
   3.0600000e+00   6.6734000e-01   1.0000000e+00
   3.0800000e+00   6.6591791e-01   1.0000000e+00
   3.1000000e+00   6.6452364e-01   1.0000000e+00
   3.1200000e+00   6.6315718e-01   1.0000000e+00
   3.1400000e+00   6.6208842e-01   1.0000000e+00
   3.1600000e+00   6.6101967e-01   1.0000000e+00
   3.1800000e+00   6.5995091e-01   1.0000000e+00
   3.2000000e+00   6.5888216e-01   1.0000000e+00
   3.2200000e+00   6.5760288e-01   1.0000000e+00
   3.2400000e+00   6.5611307e-01   1.0000000e+00
   3.2600000e+00   6.5481433e-01   1.0000000e+00
   3.2800000e+00   6.5353672e-01   1.0000000e+00
   3.3000000e+00   6.5228024e-01   1.0000000e+00
   3.3200000e+00   6.5067711e-01   1.0000000e+00
   3.3400000e+00   6.4907398e-01   1.0000000e+00
   3.3600000e+00   6.4747085e-01   1.0000000e+00
   3.3800000e+00   6.4537894e-01   1.0000000e+00
   3.4000000e+00   6.4363635e-01   1.0000000e+00
   3.4200000e+00   6.4224305e-01   1.0000000e+00
   3.4400000e+00   6.4117430e-01   1.0000000e+00
   3.4600000e+00   6.4003616e-01   1.0000000e+00
   3.4800000e+00   6.3882862e-01   1.0000000e+00
   3.5000000e+00   6.3724761e-01   1.0000000e+00
   3.5200000e+00   6.3592272e-01   1.0000000e+00
   3.5400000e+00   6.3485397e-01   1.0000000e+00
   3.5600000e+00   6.3466486e-01   1.0000000e+00
   3.5800000e+00   6.3440873e-01   1.0000000e+00
   3.6000000e+00   6.3408557e-01   1.0000000e+00
   3.6200000e+00   6.3355119e-01   1.0000000e+00
   3.6400000e+00   6.3297190e-01   1.0000000e+00
   3.6600000e+00   6.3234769e-01   1.0000000e+00
   3.6800000e+00   6.3127894e-01   1.0000000e+00
   3.7000000e+00   6.3021018e-01   1.0000000e+00
   3.7200000e+00   6.2914143e-01   1.0000000e+00
   3.7400000e+00   6.2768179e-01   1.0000000e+00
   3.7600000e+00   6.2615041e-01   1.0000000e+00
   3.7800000e+00   6.2454728e-01   1.0000000e+00
