   6.0000000e-01   9.7662372e-01   0.0000000e+00
   6.2000000e-01   9.6355128e-01   0.0000000e+00
   6.4000000e-01   9.4787872e-01   0.0000000e+00
   6.6000000e-01   9.2960601e-01   0.0000000e+00
   6.8000000e-01   9.0288716e-01   0.0000000e+00
   7.0000000e-01   8.7707882e-01   0.0000000e+00
   7.2000000e-01   8.5218100e-01   0.0000000e+00
   7.4000000e-01   8.2929262e-01   0.0000000e+00
   7.6000000e-01   8.0844719e-01   0.0000000e+00
   7.8000000e-01   7.8964473e-01   0.0000000e+00
   8.0000000e-01   7.7490076e-01   0.0000000e+00
   8.2000000e-01   7.5951312e-01   0.0000000e+00
   8.4000000e-01   7.4348181e-01   0.0000000e+00
   8.6000000e-01   7.2954240e-01   0.0000000e+00
   8.8000000e-01   7.1521948e-01   0.0000000e+00
   9.0000000e-01   7.0051306e-01   0.0000000e+00
   9.2000000e-01   6.8902626e-01   0.0000000e+00
   9.4000000e-01   6.7935381e-01   0.0000000e+00
   9.6000000e-01   6.7149570e-01   0.0000000e+00
   9.8000000e-01   6.6519581e-01   0.0000000e+00
   1.0000000e+00   6.5937398e-01   0.0000000e+00
   1.0200000e+00   6.5403021e-01   0.0000000e+00
   1.0400000e+00   6.4821241e-01   0.0000000e+00
   1.0600000e+00   6.4272180e-01   0.0000000e+00
   1.0800000e+00   6.3755838e-01   0.0000000e+00
   1.1000000e+00   6.3298969e-01   0.0000000e+00
   1.1200000e+00   6.2856784e-01   0.0000000e+00
   1.1400000e+00   6.2429282e-01   0.0000000e+00
   1.1600000e+00   6.2002518e-01   0.0000000e+00
   1.1800000e+00   6.1602103e-01   0.0000000e+00
   1.2000000e+00   6.1228039e-01   0.0000000e+00
   1.2200000e+00   6.0896484e-01   0.0000000e+00
   1.2400000e+00   6.0554972e-01   0.0000000e+00
   1.2600000e+00   6.0203504e-01   0.0000000e+00
   1.2800000e+00   5.9848615e-01   0.0000000e+00
   1.3000000e+00   5.9510858e-01   0.0000000e+00
   1.3200000e+00   5.9190232e-01   0.0000000e+00
   1.3400000e+00   5.8869606e-01   0.0000000e+00
   1.3600000e+00   5.8548979e-01   0.0000000e+00
   1.3800000e+00   5.8228353e-01   0.0000000e+00
   1.4000000e+00   5.7945341e-01   0.0000000e+00
   1.4200000e+00   5.7657267e-01   0.0000000e+00
   1.4400000e+00   5.7364131e-01   0.0000000e+00
   1.4600000e+00   5.7043504e-01   0.0000000e+00
   1.4800000e+00   5.6724185e-01   0.0000000e+00
   1.5000000e+00   5.6406174e-01   0.0000000e+00
   1.5200000e+00   5.6138985e-01   0.0000000e+00
   1.5400000e+00   5.5871797e-01   0.0000000e+00
   1.5600000e+00   5.5604608e-01   0.0000000e+00
   1.5800000e+00   5.5304700e-01   0.0000000e+00
   1.6000000e+00   5.5004960e-01   0.0000000e+00
   1.6200000e+00   5.4705386e-01   0.0000000e+00
   1.6400000e+00   5.4447584e-01   0.0000000e+00
   1.6600000e+00   5.4211807e-01   0.0000000e+00
   1.6800000e+00   5.3998056e-01   0.0000000e+00
   1.7000000e+00   5.3733148e-01   0.0000000e+00
   1.7200000e+00   5.3486845e-01   0.0000000e+00
   1.7400000e+00   5.3259148e-01   0.0000000e+00
   1.7600000e+00   5.3073222e-01   0.0000000e+00
   1.7800000e+00   5.2892023e-01   0.0000000e+00
   1.8000000e+00   5.2715552e-01   0.0000000e+00
   1.8200000e+00   5.2510784e-01   0.0000000e+00
   1.8400000e+00   5.2354963e-01   0.0000000e+00
   1.8600000e+00   5.2248087e-01   0.0000000e+00
   1.8800000e+00   5.2048686e-01   0.0000000e+00
   1.9000000e+00   5.1876706e-01   0.0000000e+00
   1.9200000e+00   5.1732148e-01   0.0000000e+00
   1.9400000e+00   5.1625273e-01   0.0000000e+00
   1.9600000e+00   5.1512766e-01   0.0000000e+00
   1.9800000e+00   5.1394627e-01   0.0000000e+00
   2.0000000e+00   5.1234314e-01   0.0000000e+00
   2.0200000e+00   5.1100518e-01   0.0000000e+00
   2.0400000e+00   5.0993240e-01   0.0000000e+00
   2.0600000e+00   5.0886364e-01   0.0000000e+00
   2.0800000e+00   5.0779489e-01   0.0000000e+00
   2.1000000e+00   5.0672613e-01   0.0000000e+00
   2.1200000e+00   5.0565738e-01   0.0000000e+00
   2.1400000e+00   5.0458863e-01   0.0000000e+00
   2.1600000e+00   5.0351987e-01   0.0000000e+00
   2.1800000e+00   5.0245112e-01   0.0000000e+00
   2.2000000e+00   5.0114166e-01   0.0000000e+00
   2.2200000e+00   4.9959151e-01   0.0000000e+00
   2.2400000e+00   4.9835311e-01   0.0000000e+00
   2.2600000e+00   4.9719954e-01   0.0000000e+00
   2.2800000e+00   4.9613079e-01   0.0000000e+00
   2.3000000e+00   4.9493062e-01   0.0000000e+00
   2.3200000e+00   4.9352898e-01   0.0000000e+00
   2.3400000e+00   4.9192585e-01   0.0000000e+00
   2.3600000e+00   4.9032272e-01   0.0000000e+00
   2.3800000e+00   4.8893581e-01   0.0000000e+00
   2.4000000e+00   4.8776514e-01   0.0000000e+00
   2.4200000e+00   4.8669638e-01   0.0000000e+00
   2.4400000e+00   4.8562763e-01   0.0000000e+00
   2.4600000e+00   4.8455887e-01   0.0000000e+00
   2.4800000e+00   4.8340766e-01   0.0000000e+00
   2.5000000e+00   4.8203049e-01   0.0000000e+00
   2.5200000e+00   4.8042735e-01   0.0000000e+00
   2.5400000e+00   4.7882422e-01   0.0000000e+00
   2.5600000e+00   4.7741285e-01   0.0000000e+00
   2.5800000e+00   4.7619322e-01   0.0000000e+00
   2.6000000e+00   4.7485763e-01   0.0000000e+00
   2.6200000e+00   4.7338826e-01   0.0000000e+00
   2.6400000e+00   4.7178513e-01   0.0000000e+00
   2.6600000e+00   4.7018200e-01   0.0000000e+00
   2.6800000e+00   4.6857887e-01   0.0000000e+00
   2.7000000e+00   4.6697574e-01   0.0000000e+00
   2.7200000e+00   4.6537261e-01   0.0000000e+00
   2.7400000e+00   4.6393676e-01   0.0000000e+00
   2.7600000e+00   4.6266819e-01   0.0000000e+00
   2.7800000e+00   4.6159943e-01   0.0000000e+00
   2.8000000e+00   4.6048006e-01   0.0000000e+00
   2.8200000e+00   4.5931007e-01   0.0000000e+00
   2.8400000e+00   4.5770694e-01   0.0000000e+00
   2.8600000e+00   4.5662276e-01   0.0000000e+00
   2.8800000e+00   4.5605752e-01   0.0000000e+00
   2.9000000e+00   4.5512086e-01   0.0000000e+00
   2.9200000e+00   4.5411815e-01   0.0000000e+00
   2.9400000e+00   4.5304940e-01   0.0000000e+00
   2.9600000e+00   4.5181169e-01   0.0000000e+00
   2.9800000e+00   4.5041742e-01   0.0000000e+00
   3.0000000e+00   4.4886658e-01   0.0000000e+00
   3.0200000e+00   4.4779782e-01   0.0000000e+00
   3.0400000e+00   4.4672907e-01   0.0000000e+00
   3.0600000e+00   4.4566031e-01   0.0000000e+00
   3.0800000e+00   4.4459156e-01   0.0000000e+00
   3.1000000e+00   4.4340447e-01   0.0000000e+00
   3.1200000e+00   4.4209905e-01   0.0000000e+00
   3.1400000e+00   4.4049591e-01   0.0000000e+00
   3.1600000e+00   4.3889445e-01   0.0000000e+00
   3.1800000e+00   4.3729466e-01   0.0000000e+00
   3.2000000e+00   4.3622591e-01   0.0000000e+00
   3.2200000e+00   4.3494663e-01   0.0000000e+00
   3.2400000e+00   4.3345682e-01   0.0000000e+00
   3.2600000e+00   4.3215808e-01   0.0000000e+00
   3.2800000e+00   4.3088047e-01   0.0000000e+00
   3.3000000e+00   4.2962399e-01   0.0000000e+00
   3.3200000e+00   4.2816298e-01   0.0000000e+00
   3.3400000e+00   4.2716528e-01   0.0000000e+00
   3.3600000e+00   4.2663091e-01   0.0000000e+00
   3.3800000e+00   4.2609653e-01   0.0000000e+00
   3.4000000e+00   4.2574821e-01   0.0000000e+00
   3.4200000e+00   4.2558594e-01   0.0000000e+00
   2.0000000e+00   7.6093648e-01   1.0000000e+00
   2.0200000e+00   7.5850598e-01   1.0000000e+00
   2.0400000e+00   7.5631688e-01   1.0000000e+00
   2.0600000e+00   7.5440326e-01   1.0000000e+00
   2.0800000e+00   7.5246655e-01   1.0000000e+00
   2.1000000e+00   7.5050674e-01   1.0000000e+00
   2.1200000e+00   7.4801521e-01   1.0000000e+00
   2.1400000e+00   7.4573253e-01   1.0000000e+00
   2.1600000e+00   7.4365872e-01   1.0000000e+00
   2.1800000e+00   7.4205558e-01   1.0000000e+00
   2.2000000e+00   7.4045245e-01   1.0000000e+00
   2.2200000e+00   7.3884932e-01   1.0000000e+00
   2.2400000e+00   7.3651672e-01   1.0000000e+00
   2.2600000e+00   7.3413851e-01   1.0000000e+00
   2.2800000e+00   7.3171469e-01   1.0000000e+00
   2.3000000e+00   7.2984000e-01   1.0000000e+00
   2.3200000e+00   7.2835353e-01   1.0000000e+00
   2.3400000e+00   7.2725530e-01   1.0000000e+00
   2.3600000e+00   7.2511779e-01   1.0000000e+00
   2.3800000e+00   7.2298028e-01   1.0000000e+00
   2.4000000e+00   7.2084277e-01   1.0000000e+00
   2.4200000e+00   7.1870526e-01   1.0000000e+00
   2.4400000e+00   7.1656776e-01   1.0000000e+00
   2.4600000e+00   7.1443025e-01   1.0000000e+00
   2.4800000e+00   7.1229274e-01   1.0000000e+00
   2.5000000e+00   7.1015523e-01   1.0000000e+00
   2.5200000e+00   7.0801772e-01   1.0000000e+00
   2.5400000e+00   7.0588021e-01   1.0000000e+00
   2.5600000e+00   7.0374271e-01   1.0000000e+00
   2.5800000e+00   7.0160520e-01   1.0000000e+00
   2.6000000e+00   6.9973453e-01   1.0000000e+00
   2.6200000e+00   6.9792255e-01   1.0000000e+00
   2.6400000e+00   6.9616924e-01   1.0000000e+00
   2.6600000e+00   6.9403173e-01   1.0000000e+00
   2.6800000e+00   6.9189422e-01   1.0000000e+00
   2.7000000e+00   6.8975671e-01   1.0000000e+00
   2.7200000e+00   6.8807043e-01   1.0000000e+00
   2.7400000e+00   6.8642572e-01   1.0000000e+00
   2.7600000e+00   6.8482259e-01   1.0000000e+00
   2.7800000e+00   6.8300156e-01   1.0000000e+00
   2.8000000e+00   6.8102230e-01   1.0000000e+00
   2.8200000e+00   6.7888479e-01   1.0000000e+00
   2.8400000e+00   6.7674728e-01   1.0000000e+00
   2.8600000e+00   6.7460977e-01   1.0000000e+00
   2.8800000e+00   6.7247226e-01   1.0000000e+00
   2.9000000e+00   6.7113932e-01   1.0000000e+00
   2.9200000e+00   6.6965285e-01   1.0000000e+00
   2.9400000e+00   6.6801286e-01   1.0000000e+00
   2.9600000e+00   6.6604431e-01   1.0000000e+00
   2.9800000e+00   6.6428461e-01   1.0000000e+00
   3.0000000e+00   6.6273376e-01   1.0000000e+00
   3.0200000e+00   6.6166501e-01   1.0000000e+00
   3.0400000e+00   6.6036126e-01   1.0000000e+00
   3.0600000e+00   6.5882250e-01   1.0000000e+00
   3.0800000e+00   6.5757271e-01   1.0000000e+00
   3.1000000e+00   6.5641343e-01   1.0000000e+00
   3.1200000e+00   6.5534468e-01   1.0000000e+00
   3.1400000e+00   6.5427592e-01   1.0000000e+00
   3.1600000e+00   6.5320884e-01   1.0000000e+00
   3.1800000e+00   6.5214343e-01   1.0000000e+00
   3.2000000e+00   6.5160905e-01   1.0000000e+00
   3.2200000e+00   6.5044309e-01   1.0000000e+00
   3.2400000e+00   6.4864555e-01   1.0000000e+00
   3.2600000e+00   6.4681243e-01   1.0000000e+00
   3.2800000e+00   6.4500045e-01   1.0000000e+00
   3.3000000e+00   6.4320959e-01   1.0000000e+00
   3.3200000e+00   6.4114314e-01   1.0000000e+00
   3.3400000e+00   6.3930835e-01   1.0000000e+00
   3.3600000e+00   6.3770522e-01   1.0000000e+00
   3.3800000e+00   6.3659086e-01   1.0000000e+00
   3.4000000e+00   6.3512720e-01   1.0000000e+00
   3.4200000e+00   6.3331423e-01   1.0000000e+00
   3.4400000e+00   6.3168761e-01   1.0000000e+00
   3.4600000e+00   6.3040931e-01   1.0000000e+00
   3.4800000e+00   6.2947933e-01   1.0000000e+00
   3.5000000e+00   6.2892284e-01   1.0000000e+00
   3.5200000e+00   6.2811022e-01   1.0000000e+00
   3.5400000e+00   6.2704147e-01   1.0000000e+00
   3.5600000e+00   6.2641254e-01   1.0000000e+00
   3.5800000e+00   6.2583089e-01   1.0000000e+00
   3.6000000e+00   6.2529651e-01   1.0000000e+00
   3.6200000e+00   6.2455563e-01   1.0000000e+00
   3.6400000e+00   6.2365082e-01   1.0000000e+00
   3.6600000e+00   6.2258207e-01   1.0000000e+00
   3.6800000e+00   6.2151331e-01   1.0000000e+00
   3.7000000e+00   6.2069833e-01   1.0000000e+00
   3.7200000e+00   6.2013712e-01   1.0000000e+00
   3.7400000e+00   6.1960274e-01   1.0000000e+00
   3.7600000e+00   6.1893126e-01   1.0000000e+00
   3.7800000e+00   6.1812267e-01   1.0000000e+00
   3.8000000e+00   6.1689636e-01   1.0000000e+00
