   6.0000000e-01   9.4058349e-01   0.0000000e+00
   6.2000000e-01   9.1720369e-01   0.0000000e+00
   6.4000000e-01   8.9139034e-01   0.0000000e+00
   6.6000000e-01   8.6314344e-01   0.0000000e+00
   6.8000000e-01   8.3589022e-01   0.0000000e+00
   7.0000000e-01   8.1205142e-01   0.0000000e+00
   7.2000000e-01   7.9162705e-01   0.0000000e+00
   7.4000000e-01   7.7069651e-01   0.0000000e+00
   7.6000000e-01   7.5038615e-01   0.0000000e+00
   7.8000000e-01   7.3069597e-01   0.0000000e+00
   8.0000000e-01   7.1349870e-01   0.0000000e+00
   8.2000000e-01   6.9501409e-01   0.0000000e+00
   8.4000000e-01   6.7524215e-01   0.0000000e+00
   8.6000000e-01   6.6122293e-01   0.0000000e+00
   8.8000000e-01   6.4868851e-01   0.0000000e+00
   9.0000000e-01   6.3763888e-01   0.0000000e+00
   9.2000000e-01   6.2893395e-01   0.0000000e+00
   9.4000000e-01   6.2084085e-01   0.0000000e+00
   9.6000000e-01   6.1335957e-01   0.0000000e+00
   9.8000000e-01   6.0599092e-01   0.0000000e+00
   1.0000000e+00   5.9910034e-01   0.0000000e+00
   1.0200000e+00   5.9268782e-01   0.0000000e+00
   1.0400000e+00   5.8580126e-01   0.0000000e+00
   1.0600000e+00   5.7942058e-01   0.0000000e+00
   1.0800000e+00   5.7354577e-01   0.0000000e+00
   1.1000000e+00   5.6796130e-01   0.0000000e+00
   1.1200000e+00   5.6229201e-01   0.0000000e+00
   1.1400000e+00   5.5653790e-01   0.0000000e+00
   1.1600000e+00   5.5120150e-01   0.0000000e+00
   1.1800000e+00   5.4612861e-01   0.0000000e+00
   1.2000000e+00   5.4131921e-01   0.0000000e+00
   1.2200000e+00   5.3650982e-01   0.0000000e+00
   1.2400000e+00   5.3139201e-01   0.0000000e+00
   1.2600000e+00   5.2596577e-01   0.0000000e+00
   1.2800000e+00   5.2066289e-01   0.0000000e+00
   1.3000000e+00   5.1587394e-01   0.0000000e+00
   1.3200000e+00   5.1159892e-01   0.0000000e+00
   1.3400000e+00   5.0732391e-01   0.0000000e+00
   1.3600000e+00   5.0304889e-01   0.0000000e+00
   1.3800000e+00   4.9877387e-01   0.0000000e+00
   1.4000000e+00   4.9525113e-01   0.0000000e+00
   1.4200000e+00   4.9201637e-01   0.0000000e+00
   1.4400000e+00   4.8906958e-01   0.0000000e+00
   1.4600000e+00   4.8639769e-01   0.0000000e+00
   1.4800000e+00   4.8372581e-01   0.0000000e+00
   1.5000000e+00   4.8105392e-01   0.0000000e+00
   1.5200000e+00   4.7838204e-01   0.0000000e+00
   1.5400000e+00   4.7593208e-01   0.0000000e+00
   1.5600000e+00   4.7370405e-01   0.0000000e+00
   1.5800000e+00   4.7156654e-01   0.0000000e+00
   1.6000000e+00   4.6953430e-01   0.0000000e+00
   1.6200000e+00   4.6760732e-01   0.0000000e+00
   1.6400000e+00   4.6591032e-01   0.0000000e+00
   1.6600000e+00   4.6399307e-01   0.0000000e+00
   1.6800000e+00   4.6185556e-01   0.0000000e+00
   1.7000000e+00   4.6022963e-01   0.0000000e+00
   1.7200000e+00   4.5861510e-01   0.0000000e+00
   1.7400000e+00   4.5701197e-01   0.0000000e+00
   1.7600000e+00   4.5540884e-01   0.0000000e+00
   1.7800000e+00   4.5380571e-01   0.0000000e+00
   1.8000000e+00   4.5220258e-01   0.0000000e+00
   1.8200000e+00   4.5064436e-01   0.0000000e+00
   1.8400000e+00   4.4933088e-01   0.0000000e+00
   1.8600000e+00   4.4826212e-01   0.0000000e+00
   1.8800000e+00   4.4673074e-01   0.0000000e+00
   1.9000000e+00   4.4533646e-01   0.0000000e+00
   1.9200000e+00   4.4407930e-01   0.0000000e+00
   1.9400000e+00   4.4278124e-01   0.0000000e+00
   1.9600000e+00   4.4138697e-01   0.0000000e+00
   1.9800000e+00   4.3989647e-01   0.0000000e+00
   2.0000000e+00   4.3882772e-01   0.0000000e+00
   2.0200000e+00   4.3775896e-01   0.0000000e+00
   2.0400000e+00   4.3669021e-01   0.0000000e+00
   2.0600000e+00   4.3562146e-01   0.0000000e+00
   2.0800000e+00   4.3455270e-01   0.0000000e+00
   2.1000000e+00   4.3348395e-01   0.0000000e+00
   2.1200000e+00   4.3241519e-01   0.0000000e+00
   2.1400000e+00   4.3134644e-01   0.0000000e+00
   2.1600000e+00   4.3027769e-01   0.0000000e+00
   2.1800000e+00   4.2920893e-01   0.0000000e+00
   2.2000000e+00   4.2838088e-01   0.0000000e+00
   2.2200000e+00   4.2779352e-01   0.0000000e+00
   2.2400000e+00   4.2652967e-01   0.0000000e+00
   2.2600000e+00   4.2534426e-01   0.0000000e+00
   2.2800000e+00   4.2423727e-01   0.0000000e+00
   2.3000000e+00   4.2357148e-01   0.0000000e+00
   2.3200000e+00   4.2271159e-01   0.0000000e+00
   2.3400000e+00   4.2165757e-01   0.0000000e+00
   2.3600000e+00   4.2112320e-01   0.0000000e+00
   2.3800000e+00   4.2058882e-01   0.0000000e+00
   2.4000000e+00   4.2005444e-01   0.0000000e+00
   2.4200000e+00   4.1920428e-01   0.0000000e+00
   2.4400000e+00   4.1834438e-01   0.0000000e+00
   2.4600000e+00   4.1747475e-01   0.0000000e+00
   2.4800000e+00   4.1694037e-01   0.0000000e+00
   2.5000000e+00   4.1640600e-01   0.0000000e+00
   2.5200000e+00   4.1587162e-01   0.0000000e+00
   2.5400000e+00   4.1483707e-01   0.0000000e+00
   2.5600000e+00   4.1416892e-01   0.0000000e+00
   2.5800000e+00   4.1386719e-01   0.0000000e+00
   2.6000000e+00   4.1360034e-01   0.0000000e+00
   2.6200000e+00   4.1319973e-01   0.0000000e+00
   2.6400000e+00   4.1266536e-01   0.0000000e+00
   2.6600000e+00   4.1209746e-01   0.0000000e+00
   2.6800000e+00   4.1127914e-01   0.0000000e+00
   2.7000000e+00   4.1021039e-01   0.0000000e+00
   2.7200000e+00   4.0959286e-01   0.0000000e+00
   2.7400000e+00   4.0901691e-01   0.0000000e+00
   2.7600000e+00   4.0848253e-01   0.0000000e+00
   2.7800000e+00   4.0794815e-01   0.0000000e+00
   2.8000000e+00   4.0736316e-01   0.0000000e+00
   2.8200000e+00   4.0672755e-01   0.0000000e+00
   2.8400000e+00   4.0565880e-01   0.0000000e+00
   2.8600000e+00   4.0484951e-01   0.0000000e+00
   2.8800000e+00   4.0429971e-01   0.0000000e+00
   2.9000000e+00   4.0416761e-01   0.0000000e+00
   2.9200000e+00   4.0395875e-01   0.0000000e+00
   2.9400000e+00   4.0367314e-01   0.0000000e+00
   2.9600000e+00   4.0313876e-01   0.0000000e+00
   2.9800000e+00   4.0260438e-01   0.0000000e+00
   3.0000000e+00   4.0207001e-01   0.0000000e+00
   3.0200000e+00   4.0153563e-01   0.0000000e+00
   3.0400000e+00   4.0100125e-01   0.0000000e+00
   3.0600000e+00   4.0046688e-01   0.0000000e+00
   3.0800000e+00   3.9993250e-01   0.0000000e+00
   3.1000000e+00   3.9927979e-01   0.0000000e+00
   3.1200000e+00   3.9850874e-01   0.0000000e+00
   3.1400000e+00   3.9743998e-01   0.0000000e+00
   3.1600000e+00   3.9637290e-01   0.0000000e+00
   3.1800000e+00   3.9530749e-01   0.0000000e+00
   3.2000000e+00   3.9477311e-01   0.0000000e+00
   3.2200000e+00   3.9402821e-01   0.0000000e+00
   3.2400000e+00   3.9307278e-01   0.0000000e+00
   3.2600000e+00   3.9230841e-01   0.0000000e+00
   3.2800000e+00   3.9156518e-01   0.0000000e+00
   3.3000000e+00   3.9084308e-01   0.0000000e+00
   2.0100000e+00   6.7561012e-01   1.0000000e+00
   2.0300000e+00   6.7347261e-01   1.0000000e+00
   2.0500000e+00   6.7133510e-01   1.0000000e+00
   2.0700000e+00   6.6919759e-01   1.0000000e+00
   2.0900000e+00   6.6646605e-01   1.0000000e+00
   2.1100000e+00   6.6367750e-01   1.0000000e+00
   2.1300000e+00   6.6083194e-01   1.0000000e+00
   2.1500000e+00   6.5856706e-01   1.0000000e+00
   2.1700000e+00   6.5583149e-01   1.0000000e+00
   2.1900000e+00   6.5262522e-01   1.0000000e+00
   2.2100000e+00   6.5038176e-01   1.0000000e+00
   2.2300000e+00   6.4782654e-01   1.0000000e+00
   2.2500000e+00   6.4495956e-01   1.0000000e+00
   2.2700000e+00   6.4224944e-01   1.0000000e+00
   2.2900000e+00   6.3982563e-01   1.0000000e+00
   2.3100000e+00   6.3768812e-01   1.0000000e+00
   2.3300000e+00   6.3555061e-01   1.0000000e+00
   2.3500000e+00   6.3341310e-01   1.0000000e+00
   2.3700000e+00   6.3127560e-01   1.0000000e+00
   2.3900000e+00   6.2870563e-01   1.0000000e+00
   2.4100000e+00   6.2624260e-01   1.0000000e+00
   2.4300000e+00   6.2388651e-01   1.0000000e+00
   2.4500000e+00   6.2154988e-01   1.0000000e+00
   2.4700000e+00   6.1908685e-01   1.0000000e+00
   2.4900000e+00   6.1649742e-01   1.0000000e+00
   2.5100000e+00   6.1435991e-01   1.0000000e+00
   2.5300000e+00   6.1222241e-01   1.0000000e+00
   2.5500000e+00   6.1008490e-01   1.0000000e+00
   2.5700000e+00   6.0833090e-01   1.0000000e+00
   2.5900000e+00   6.0665233e-01   1.0000000e+00
   2.6100000e+00   6.0504920e-01   1.0000000e+00
   2.6300000e+00   6.0344607e-01   1.0000000e+00
   2.6500000e+00   6.0182618e-01   1.0000000e+00
   2.6700000e+00   6.0018954e-01   1.0000000e+00
   2.6900000e+00   5.9805203e-01   1.0000000e+00
   2.7100000e+00   5.9591452e-01   1.0000000e+00
   2.7300000e+00   5.9377701e-01   1.0000000e+00
   2.7500000e+00   5.9163950e-01   1.0000000e+00
   2.7700000e+00   5.8971989e-01   1.0000000e+00
   2.7900000e+00   5.8801818e-01   1.0000000e+00
   2.8100000e+00   5.8684819e-01   1.0000000e+00
   2.8300000e+00   5.8546163e-01   1.0000000e+00
   2.8500000e+00   5.8385850e-01   1.0000000e+00
   2.8700000e+00   5.8277432e-01   1.0000000e+00
   2.8900000e+00   5.8169785e-01   1.0000000e+00
   2.9100000e+00   5.8062909e-01   1.0000000e+00
   2.9300000e+00   5.7984596e-01   1.0000000e+00
   2.9500000e+00   5.7918720e-01   1.0000000e+00
   2.9700000e+00   5.7865282e-01   1.0000000e+00
   2.9900000e+00   5.7817073e-01   1.0000000e+00
   3.0100000e+00   5.7792969e-01   1.0000000e+00
   3.0300000e+00   5.7792969e-01   1.0000000e+00
   3.0500000e+00   5.7792969e-01   1.0000000e+00
