   6.1000000e-01   9.7648027e-01   0.0000000e+00
   6.3000000e-01   9.5958474e-01   0.0000000e+00
   6.5000000e-01   9.3600581e-01   0.0000000e+00
   6.7000000e-01   9.0845222e-01   0.0000000e+00
   6.9000000e-01   8.7692398e-01   0.0000000e+00
   7.1000000e-01   8.5359036e-01   0.0000000e+00
   7.3000000e-01   8.3079953e-01   0.0000000e+00
   7.5000000e-01   8.0855148e-01   0.0000000e+00
   7.7000000e-01   7.8943656e-01   0.0000000e+00
   7.9000000e-01   7.7213870e-01   0.0000000e+00
   8.1000000e-01   7.5665788e-01   0.0000000e+00
   8.3000000e-01   7.3688593e-01   0.0000000e+00
   8.5000000e-01   7.1842142e-01   0.0000000e+00
   8.7000000e-01   7.0126435e-01   0.0000000e+00
   8.9000000e-01   6.8578953e-01   0.0000000e+00
   9.1000000e-01   6.7158460e-01   0.0000000e+00
   9.3000000e-01   6.5864957e-01   0.0000000e+00
   9.5000000e-01   6.4811958e-01   0.0000000e+00
   9.7000000e-01   6.3836870e-01   0.0000000e+00
   9.9000000e-01   6.2939692e-01   0.0000000e+00
   1.0100000e+00   6.2138127e-01   0.0000000e+00
   1.0300000e+00   6.1336561e-01   0.0000000e+00
   1.0500000e+00   6.0534996e-01   0.0000000e+00
   1.0700000e+00   5.9876376e-01   0.0000000e+00
   1.0900000e+00   5.9241124e-01   0.0000000e+00
   1.1100000e+00   5.8629239e-01   0.0000000e+00
   1.1300000e+00   5.8000390e-01   0.0000000e+00
   1.1500000e+00   5.7392427e-01   0.0000000e+00
   1.1700000e+00   5.6805350e-01   0.0000000e+00
   1.1900000e+00   5.6270972e-01   0.0000000e+00
   1.2100000e+00   5.5757850e-01   0.0000000e+00
   1.2300000e+00   5.5265981e-01   0.0000000e+00
   1.2500000e+00   5.4785042e-01   0.0000000e+00
   1.2700000e+00   5.4304102e-01   0.0000000e+00
   1.2900000e+00   5.3823163e-01   0.0000000e+00
   1.3100000e+00   5.3334715e-01   0.0000000e+00
   1.3300000e+00   5.2823302e-01   0.0000000e+00
   1.3500000e+00   5.2288925e-01   0.0000000e+00
   1.3700000e+00   5.1902388e-01   0.0000000e+00
   1.3900000e+00   5.1522088e-01   0.0000000e+00
   1.4100000e+00   5.1148024e-01   0.0000000e+00
   1.4300000e+00   5.0773960e-01   0.0000000e+00
   1.4500000e+00   5.0399897e-01   0.0000000e+00
   1.4700000e+00   5.0025833e-01   0.0000000e+00
   1.4900000e+00   4.9656997e-01   0.0000000e+00
   1.5100000e+00   4.9338986e-01   0.0000000e+00
   1.5300000e+00   4.9071797e-01   0.0000000e+00
   1.5500000e+00   4.8804608e-01   0.0000000e+00
   1.5700000e+00   4.8537420e-01   0.0000000e+00
   1.5900000e+00   4.8270231e-01   0.0000000e+00
   1.6100000e+00   4.8024096e-01   0.0000000e+00
   1.6300000e+00   4.7798845e-01   0.0000000e+00
   1.6500000e+00   4.7594481e-01   0.0000000e+00
   1.6700000e+00   4.7434168e-01   0.0000000e+00
   1.6900000e+00   4.7299433e-01   0.0000000e+00
   1.7100000e+00   4.7190278e-01   0.0000000e+00
   1.7300000e+00   4.7004420e-01   0.0000000e+00
   1.7500000e+00   4.6832441e-01   0.0000000e+00
   1.7700000e+00   4.6674339e-01   0.0000000e+00
   1.7900000e+00   4.6567464e-01   0.0000000e+00
   1.8100000e+00   4.6460588e-01   0.0000000e+00
   1.8300000e+00   4.6353713e-01   0.0000000e+00
   1.8500000e+00   4.6246837e-01   0.0000000e+00
   1.8700000e+00   4.6139962e-01   0.0000000e+00
   1.8900000e+00   4.6033086e-01   0.0000000e+00
   1.9100000e+00   4.5891615e-01   0.0000000e+00
   1.9300000e+00   4.5752187e-01   0.0000000e+00
   1.9500000e+00   4.5614804e-01   0.0000000e+00
   1.9700000e+00   4.5507929e-01   0.0000000e+00
   1.9900000e+00   4.5401053e-01   0.0000000e+00
   2.0100000e+00   4.5294178e-01   0.0000000e+00
   2.0300000e+00   4.5187302e-01   0.0000000e+00
   2.0500000e+00   4.5080427e-01   0.0000000e+00
   2.0700000e+00   4.4973552e-01   0.0000000e+00
   2.0900000e+00   4.4896378e-01   0.0000000e+00
   2.1100000e+00   4.4831072e-01   0.0000000e+00
   2.1300000e+00   4.4777634e-01   0.0000000e+00
   2.1500000e+00   4.4717828e-01   0.0000000e+00
   2.1700000e+00   4.4634487e-01   0.0000000e+00
   2.1900000e+00   4.4527612e-01   0.0000000e+00
   2.2100000e+00   4.4420736e-01   0.0000000e+00
   2.2300000e+00   4.4313861e-01   0.0000000e+00
   2.2500000e+00   4.4206985e-01   0.0000000e+00
   2.2700000e+00   4.4124917e-01   0.0000000e+00
   2.2900000e+00   4.4057164e-01   0.0000000e+00
   2.3100000e+00   4.4003727e-01   0.0000000e+00
   2.3300000e+00   4.3947340e-01   0.0000000e+00
   2.3500000e+00   4.3838991e-01   0.0000000e+00
   2.3700000e+00   4.3678677e-01   0.0000000e+00
   2.3900000e+00   4.3604855e-01   0.0000000e+00
   2.4100000e+00   4.3525436e-01   0.0000000e+00
   2.4300000e+00   4.3440419e-01   0.0000000e+00
   2.4500000e+00   4.3333544e-01   0.0000000e+00
   2.4700000e+00   4.3226668e-01   0.0000000e+00
   2.4900000e+00   4.3119793e-01   0.0000000e+00
   2.5100000e+00   4.3012918e-01   0.0000000e+00
   2.5300000e+00   4.2931051e-01   0.0000000e+00
   2.5500000e+00   4.2874193e-01   0.0000000e+00
   2.5700000e+00   4.2820755e-01   0.0000000e+00
   2.5900000e+00   4.2740633e-01   0.0000000e+00
   2.6100000e+00   4.2633826e-01   0.0000000e+00
   2.6300000e+00   4.2503549e-01   0.0000000e+00
   2.6500000e+00   4.2411692e-01   0.0000000e+00
   2.6700000e+00   4.2358254e-01   0.0000000e+00
   2.6900000e+00   4.2304816e-01   0.0000000e+00
   2.7100000e+00   4.2251379e-01   0.0000000e+00
   2.7300000e+00   4.2197941e-01   0.0000000e+00
   2.7500000e+00   4.2111047e-01   0.0000000e+00
   2.7700000e+00   4.2014162e-01   0.0000000e+00
   2.7900000e+00   4.1907287e-01   0.0000000e+00
   2.8100000e+00   4.1820658e-01   0.0000000e+00
   2.8300000e+00   4.1777344e-01   0.0000000e+00
   2.8500000e+00   4.1777344e-01   0.0000000e+00
   2.8700000e+00   4.1777344e-01   0.0000000e+00
   2.8900000e+00   4.1737116e-01   0.0000000e+00
   2.9100000e+00   4.1656659e-01   0.0000000e+00
   2.9300000e+00   4.1606907e-01   0.0000000e+00
   2.9500000e+00   4.1582031e-01   0.0000000e+00
   2.9700000e+00   4.1582031e-01   0.0000000e+00
   2.9900000e+00   4.1582031e-01   0.0000000e+00
   3.0100000e+00   4.1582031e-01   0.0000000e+00
   3.0300000e+00   4.1582031e-01   0.0000000e+00
   3.0500000e+00   4.1582031e-01   0.0000000e+00
   3.0700000e+00   4.1582031e-01   0.0000000e+00
   3.0900000e+00   4.1582031e-01   0.0000000e+00
   3.1100000e+00   4.1582031e-01   0.0000000e+00
   3.1300000e+00   4.1582031e-01   0.0000000e+00
   3.1500000e+00   4.1582031e-01   0.0000000e+00
   3.1700000e+00   4.1582031e-01   0.0000000e+00
   3.1900000e+00   4.1582031e-01   0.0000000e+00
   3.2100000e+00   4.1582031e-01   0.0000000e+00
   3.2300000e+00   4.1539926e-01   0.0000000e+00
   3.2500000e+00   4.1507374e-01   0.0000000e+00
   3.2700000e+00   4.1484375e-01   0.0000000e+00
   3.2900000e+00   4.1484375e-01   0.0000000e+00
   3.3100000e+00   4.1484375e-01   0.0000000e+00
   3.3300000e+00   4.1484375e-01   0.0000000e+00
   3.3500000e+00   4.1484375e-01   0.0000000e+00
   3.3700000e+00   4.1484375e-01   0.0000000e+00
   3.3900000e+00   4.1484375e-01   0.0000000e+00
   3.4100000e+00   4.1447164e-01   0.0000000e+00
   3.4300000e+00   4.1414612e-01   0.0000000e+00
   3.4500000e+00   4.1386719e-01   0.0000000e+00
   3.4700000e+00   4.1358963e-01   0.0000000e+00
   3.4900000e+00   4.1291648e-01   0.0000000e+00
   3.5100000e+00   4.1184772e-01   0.0000000e+00
   3.5300000e+00   4.1077897e-01   0.0000000e+00
   3.5500000e+00   4.0993013e-01   0.0000000e+00
   3.5700000e+00   4.0930120e-01   0.0000000e+00
   3.5900000e+00   4.0876682e-01   0.0000000e+00
   2.1000000e+00   6.9671029e-01   1.0000000e+00
   2.1200000e+00   6.9510716e-01   1.0000000e+00
   2.1400000e+00   6.9347219e-01   1.0000000e+00
   2.1600000e+00   6.9180537e-01   1.0000000e+00
   2.1800000e+00   6.8966786e-01   1.0000000e+00
   2.2000000e+00   6.8753035e-01   1.0000000e+00
   2.2200000e+00   6.8539284e-01   1.0000000e+00
   2.2400000e+00   6.8289060e-01   1.0000000e+00
   2.2600000e+00   6.8030354e-01   1.0000000e+00
   2.2800000e+00   6.7763165e-01   1.0000000e+00
   2.3000000e+00   6.7509117e-01   1.0000000e+00
   2.3200000e+00   6.7275218e-01   1.0000000e+00
   2.3400000e+00   6.7061467e-01   1.0000000e+00
   2.3600000e+00   6.6847716e-01   1.0000000e+00
   2.3800000e+00   6.6612343e-01   1.0000000e+00
   2.4000000e+00   6.6355346e-01   1.0000000e+00
   2.4200000e+00   6.6088158e-01   1.0000000e+00
   2.4400000e+00   6.5830926e-01   1.0000000e+00
   2.4600000e+00   6.5583650e-01   1.0000000e+00
   2.4800000e+00   6.5361653e-01   1.0000000e+00
   2.5000000e+00   6.5117060e-01   1.0000000e+00
   2.5200000e+00   6.4849872e-01   1.0000000e+00
   2.5400000e+00   6.4582683e-01   1.0000000e+00
   2.5600000e+00   6.4334670e-01   1.0000000e+00
   2.5800000e+00   6.4105832e-01   1.0000000e+00
   2.6000000e+00   6.3892081e-01   1.0000000e+00
   2.6200000e+00   6.3678331e-01   1.0000000e+00
   2.6400000e+00   6.3464580e-01   1.0000000e+00
   2.6600000e+00   6.3250829e-01   1.0000000e+00
   2.6800000e+00   6.3037078e-01   1.0000000e+00
   2.7000000e+00   6.2823327e-01   1.0000000e+00
   2.7200000e+00   6.2654699e-01   1.0000000e+00
   2.7400000e+00   6.2473501e-01   1.0000000e+00
   2.7600000e+00   6.2279731e-01   1.0000000e+00
   2.7800000e+00   6.2065980e-01   1.0000000e+00
   2.8000000e+00   6.1857291e-01   1.0000000e+00
   2.8200000e+00   6.1653664e-01   1.0000000e+00
   2.8400000e+00   6.1493351e-01   1.0000000e+00
   2.8600000e+00   6.1358985e-01   1.0000000e+00
   2.8800000e+00   6.1250566e-01   1.0000000e+00
   2.9000000e+00   6.1143691e-01   1.0000000e+00
   2.9200000e+00   6.1051096e-01   1.0000000e+00
   2.9400000e+00   6.0972783e-01   1.0000000e+00
   2.9600000e+00   6.0902450e-01   1.0000000e+00
   2.9800000e+00   6.0816460e-01   1.0000000e+00
   3.0000000e+00   6.0714813e-01   1.0000000e+00
   3.0200000e+00   6.0661375e-01   1.0000000e+00
   3.0400000e+00   6.0607938e-01   1.0000000e+00
   3.0600000e+00   6.0554500e-01   1.0000000e+00
   3.0800000e+00   6.0536396e-01   1.0000000e+00
   3.1000000e+00   6.0515510e-01   1.0000000e+00
   3.1200000e+00   6.0491843e-01   1.0000000e+00
   3.1400000e+00   6.0438405e-01   1.0000000e+00
   3.1600000e+00   6.0385135e-01   1.0000000e+00
   3.1800000e+00   6.0332031e-01   1.0000000e+00
   3.2000000e+00   6.0332031e-01   1.0000000e+00
   3.2200000e+00   6.0268873e-01   1.0000000e+00
   3.2400000e+00   6.0142557e-01   1.0000000e+00
   3.2600000e+00   6.0043122e-01   1.0000000e+00
   3.2800000e+00   5.9994844e-01   1.0000000e+00
   3.3000000e+00   5.9997723e-01   1.0000000e+00
   2.7300000e+00   7.6212288e-01   2.0000000e+00
   2.7500000e+00   7.6005044e-01   2.0000000e+00
   2.7700000e+00   7.5789617e-01   2.0000000e+00
   2.7900000e+00   7.5566008e-01   2.0000000e+00
   2.8100000e+00   7.5375325e-01   2.0000000e+00
   2.8300000e+00   7.5119671e-01   2.0000000e+00
   2.8500000e+00   7.4799045e-01   2.0000000e+00
   2.8700000e+00   7.4582207e-01   2.0000000e+00
   2.8900000e+00   7.4387027e-01   2.0000000e+00
   2.9100000e+00   7.4213505e-01   2.0000000e+00
   2.9300000e+00   7.4053192e-01   2.0000000e+00
   2.9500000e+00   7.3892879e-01   2.0000000e+00
   2.9700000e+00   7.3732565e-01   2.0000000e+00
   2.9900000e+00   7.3577481e-01   2.0000000e+00
   3.0100000e+00   7.3446501e-01   2.0000000e+00
   3.0300000e+00   7.3339626e-01   2.0000000e+00
