   6.0000000e-01   9.7743634e-01   0.0000000e+00
   6.2000000e-01   9.6620371e-01   0.0000000e+00
   6.4000000e-01   9.5337768e-01   0.0000000e+00
   6.6000000e-01   9.3895825e-01   0.0000000e+00
   6.8000000e-01   9.1758317e-01   0.0000000e+00
   7.0000000e-01   8.9552520e-01   0.0000000e+00
   7.2000000e-01   8.7278434e-01   0.0000000e+00
   7.4000000e-01   8.4980613e-01   0.0000000e+00
   7.6000000e-01   8.2893623e-01   0.0000000e+00
   7.8000000e-01   8.1017465e-01   0.0000000e+00
   8.0000000e-01   7.9692855e-01   0.0000000e+00
   8.2000000e-01   7.8282422e-01   0.0000000e+00
   8.4000000e-01   7.6786166e-01   0.0000000e+00
   8.6000000e-01   7.5342208e-01   0.0000000e+00
   8.8000000e-01   7.3898820e-01   0.0000000e+00
   9.0000000e-01   7.2456002e-01   0.0000000e+00
   9.2000000e-01   7.1186972e-01   0.0000000e+00
   9.4000000e-01   7.0025958e-01   0.0000000e+00
   9.6000000e-01   6.8972959e-01   0.0000000e+00
   9.8000000e-01   6.8070149e-01   0.0000000e+00
   1.0000000e+00   6.7191243e-01   0.0000000e+00
   1.0200000e+00   6.6336240e-01   0.0000000e+00
   1.0400000e+00   6.5623446e-01   0.0000000e+00
   1.0600000e+00   6.4973308e-01   0.0000000e+00
   1.0800000e+00   6.4385827e-01   0.0000000e+00
   1.1000000e+00   6.3827380e-01   0.0000000e+00
   1.1200000e+00   6.3254249e-01   0.0000000e+00
   1.1400000e+00   6.2666435e-01   0.0000000e+00
   1.1600000e+00   6.2078620e-01   0.0000000e+00
   1.1800000e+00   6.1490805e-01   0.0000000e+00
   1.2000000e+00   6.0902990e-01   0.0000000e+00
   1.2200000e+00   6.0400192e-01   0.0000000e+00
   1.2400000e+00   5.9892903e-01   0.0000000e+00
   1.2600000e+00   5.9381122e-01   0.0000000e+00
   1.2800000e+00   5.8846745e-01   0.0000000e+00
   1.3000000e+00   5.8308613e-01   0.0000000e+00
   1.3200000e+00   5.7766727e-01   0.0000000e+00
   1.3400000e+00   5.7178912e-01   0.0000000e+00
   1.3600000e+00   5.6615738e-01   0.0000000e+00
   1.3800000e+00   5.6077203e-01   0.0000000e+00
   1.4000000e+00   5.5580440e-01   0.0000000e+00
   1.4200000e+00   5.5091589e-01   0.0000000e+00
   1.4400000e+00   5.4610649e-01   0.0000000e+00
   1.4600000e+00   5.4115429e-01   0.0000000e+00
   1.4800000e+00   5.3604552e-01   0.0000000e+00
   1.5000000e+00   5.3078018e-01   0.0000000e+00
   1.5200000e+00   5.2703954e-01   0.0000000e+00
   1.5400000e+00   5.2307697e-01   0.0000000e+00
   1.5600000e+00   5.1889248e-01   0.0000000e+00
   1.5800000e+00   5.1559904e-01   0.0000000e+00
   1.6000000e+00   5.1261637e-01   0.0000000e+00
   1.6200000e+00   5.0994449e-01   0.0000000e+00
   1.6400000e+00   5.0727260e-01   0.0000000e+00
   1.6600000e+00   5.0460072e-01   0.0000000e+00
   1.6800000e+00   5.0192883e-01   0.0000000e+00
   1.7000000e+00   5.0028010e-01   0.0000000e+00
   1.7200000e+00   4.9845671e-01   0.0000000e+00
   1.7400000e+00   4.9645867e-01   0.0000000e+00
   1.7600000e+00   4.9459940e-01   0.0000000e+00
   1.7800000e+00   4.9286821e-01   0.0000000e+00
   1.8000000e+00   4.9126508e-01   0.0000000e+00
   1.8200000e+00   4.8966194e-01   0.0000000e+00
   1.8400000e+00   4.8805881e-01   0.0000000e+00
   1.8600000e+00   4.8645568e-01   0.0000000e+00
   1.8800000e+00   4.8485255e-01   0.0000000e+00
   1.9000000e+00   4.8342240e-01   0.0000000e+00
   1.9200000e+00   4.8216523e-01   0.0000000e+00
   1.9400000e+00   4.8109648e-01   0.0000000e+00
   1.9600000e+00   4.8008404e-01   0.0000000e+00
   1.9800000e+00   4.7912792e-01   0.0000000e+00
   2.0000000e+00   4.7859355e-01   0.0000000e+00
   2.0200000e+00   4.7779400e-01   0.0000000e+00
   2.0400000e+00   4.7672927e-01   0.0000000e+00
   2.0600000e+00   4.7566052e-01   0.0000000e+00
   2.0800000e+00   4.7459176e-01   0.0000000e+00
   2.1000000e+00   4.7352301e-01   0.0000000e+00
   2.1200000e+00   4.7263461e-01   0.0000000e+00
   2.1400000e+00   4.7189138e-01   0.0000000e+00
   2.1600000e+00   4.7129331e-01   0.0000000e+00
   2.1800000e+00   4.7022456e-01   0.0000000e+00
   2.2000000e+00   4.6915580e-01   0.0000000e+00
   2.2200000e+00   4.6808705e-01   0.0000000e+00
   2.2400000e+00   4.6701829e-01   0.0000000e+00
   2.2600000e+00   4.6594954e-01   0.0000000e+00
   2.2800000e+00   4.6488079e-01   0.0000000e+00
   2.3000000e+00   4.6381203e-01   0.0000000e+00
   2.3200000e+00   4.6274328e-01   0.0000000e+00
   2.3400000e+00   4.6167452e-01   0.0000000e+00
   2.3600000e+00   4.6060577e-01   0.0000000e+00
   2.3800000e+00   4.5910456e-01   0.0000000e+00
   2.4000000e+00   4.5717090e-01   0.0000000e+00
   2.4200000e+00   4.5566497e-01   0.0000000e+00
   2.4400000e+00   4.5437763e-01   0.0000000e+00
   2.4600000e+00   4.5330887e-01   0.0000000e+00
   2.4800000e+00   4.5224012e-01   0.0000000e+00
   2.5000000e+00   4.5117136e-01   0.0000000e+00
   2.5200000e+00   4.5010261e-01   0.0000000e+00
   2.5400000e+00   4.4903386e-01   0.0000000e+00
   2.5600000e+00   4.4815686e-01   0.0000000e+00
   2.5800000e+00   4.4747161e-01   0.0000000e+00
   2.6000000e+00   4.4667039e-01   0.0000000e+00
   2.6200000e+00   4.4581049e-01   0.0000000e+00
   2.6400000e+00   4.4489192e-01   0.0000000e+00
   2.6600000e+00   4.4435754e-01   0.0000000e+00
   2.6800000e+00   4.4382316e-01   0.0000000e+00
   2.7000000e+00   4.4328879e-01   0.0000000e+00
   2.7200000e+00   4.4230318e-01   0.0000000e+00
   2.7400000e+00   4.4144329e-01   0.0000000e+00
   2.7600000e+00   4.4070909e-01   0.0000000e+00
   2.7800000e+00   4.4017472e-01   0.0000000e+00
   2.8000000e+00   4.3958972e-01   0.0000000e+00
   2.8200000e+00   4.3895411e-01   0.0000000e+00
   2.8400000e+00   4.3788536e-01   0.0000000e+00
   2.8600000e+00   4.3707608e-01   0.0000000e+00
   2.8800000e+00   4.3652627e-01   0.0000000e+00
   2.9000000e+00   4.3599189e-01   0.0000000e+00
   2.9200000e+00   4.3560032e-01   0.0000000e+00
   2.9400000e+00   4.3535156e-01   0.0000000e+00
   2.9600000e+00   4.3535156e-01   0.0000000e+00
   2.9800000e+00   4.3532542e-01   0.0000000e+00
   3.0000000e+00   4.3527313e-01   0.0000000e+00
   3.0200000e+00   4.3473875e-01   0.0000000e+00
   3.0400000e+00   4.3443938e-01   0.0000000e+00
   3.0600000e+00   4.3437500e-01   0.0000000e+00
   3.0800000e+00   4.3437500e-01   0.0000000e+00
   3.1000000e+00   4.3437500e-01   0.0000000e+00
   3.1200000e+00   4.3437500e-01   0.0000000e+00
   3.1400000e+00   4.3437500e-01   0.0000000e+00
   3.1600000e+00   4.3437500e-01   0.0000000e+00
   3.1800000e+00   4.3437500e-01   0.0000000e+00
   3.2000000e+00   4.3437500e-01   0.0000000e+00
   3.2200000e+00   4.3416447e-01   0.0000000e+00
   3.2400000e+00   4.3374342e-01   0.0000000e+00
   3.2600000e+00   4.3290465e-01   0.0000000e+00
   3.2800000e+00   4.3213862e-01   0.0000000e+00
   3.3000000e+00   4.3144531e-01   0.0000000e+00
   3.3200000e+00   4.3130319e-01   0.0000000e+00
   3.3400000e+00   4.3069776e-01   0.0000000e+00
   3.3600000e+00   4.2962900e-01   0.0000000e+00
   3.3800000e+00   4.2953779e-01   0.0000000e+00
   3.4000000e+00   4.2930613e-01   0.0000000e+00
   3.4200000e+00   4.2893403e-01   0.0000000e+00
   3.4400000e+00   4.2839965e-01   0.0000000e+00
   3.4600000e+00   4.2779588e-01   0.0000000e+00
   3.4800000e+00   4.2712273e-01   0.0000000e+00
   3.5000000e+00   4.2607609e-01   0.0000000e+00
   3.5200000e+00   4.2528558e-01   0.0000000e+00
   3.5400000e+00   4.2475120e-01   0.0000000e+00
   3.5600000e+00   4.2377700e-01   0.0000000e+00
   3.5800000e+00   4.2291710e-01   0.0000000e+00
   3.6000000e+00   4.2217151e-01   0.0000000e+00
   3.6200000e+00   4.2143063e-01   0.0000000e+00
   3.6400000e+00   4.2057074e-01   0.0000000e+00
   3.6600000e+00   4.1959181e-01   0.0000000e+00
   3.6800000e+00   4.1905744e-01   0.0000000e+00
   3.7000000e+00   4.1852306e-01   0.0000000e+00
   3.7200000e+00   4.1798868e-01   0.0000000e+00
   3.7400000e+00   4.1745431e-01   0.0000000e+00
   3.7600000e+00   4.1691993e-01   0.0000000e+00
   3.7800000e+00   4.1638555e-01   0.0000000e+00
   2.1000000e+00   7.3870248e-01   1.0000000e+00
   2.1200000e+00   7.3673865e-01   1.0000000e+00
   2.1400000e+00   7.3448447e-01   1.0000000e+00
   2.1600000e+00   7.3193997e-01   1.0000000e+00
   2.1800000e+00   7.3033683e-01   1.0000000e+00
   2.2000000e+00   7.2825230e-01   1.0000000e+00
   2.2200000e+00   7.2568637e-01   1.0000000e+00
   2.2400000e+00   7.2228501e-01   1.0000000e+00
   2.2600000e+00   7.1896208e-01   1.0000000e+00
   2.2800000e+00   7.1571759e-01   1.0000000e+00
   2.3000000e+00   7.1291430e-01   1.0000000e+00
   2.3200000e+00   7.0991689e-01   1.0000000e+00
   2.3400000e+00   7.0672537e-01   1.0000000e+00
   2.3600000e+00   7.0405348e-01   1.0000000e+00
   2.3800000e+00   7.0159783e-01   1.0000000e+00
   2.4000000e+00   6.9935840e-01   1.0000000e+00
   2.4200000e+00   6.9753668e-01   1.0000000e+00
   2.4400000e+00   6.9592382e-01   1.0000000e+00
   2.4600000e+00   6.9451981e-01   1.0000000e+00
   2.4800000e+00   6.9336860e-01   1.0000000e+00
   2.5000000e+00   6.9199142e-01   1.0000000e+00
   2.5200000e+00   6.9038829e-01   1.0000000e+00
   2.5400000e+00   6.8828499e-01   1.0000000e+00
   2.5600000e+00   6.8654809e-01   1.0000000e+00
   2.5800000e+00   6.8517760e-01   1.0000000e+00
   2.6000000e+00   6.8357516e-01   1.0000000e+00
   2.6200000e+00   6.8185536e-01   1.0000000e+00
   2.6400000e+00   6.8001821e-01   1.0000000e+00
   2.6600000e+00   6.7888243e-01   1.0000000e+00
   2.6800000e+00   6.7724578e-01   1.0000000e+00
   2.7000000e+00   6.7510827e-01   1.0000000e+00
   2.7200000e+00   6.7432445e-01   1.0000000e+00
   2.7400000e+00   6.7316350e-01   1.0000000e+00
   2.7600000e+00   6.7162544e-01   1.0000000e+00
   2.7800000e+00   6.6992372e-01   1.0000000e+00
   2.8000000e+00   6.6853849e-01   1.0000000e+00
   2.8200000e+00   6.6746974e-01   1.0000000e+00
   2.8400000e+00   6.6640098e-01   1.0000000e+00
   2.8600000e+00   6.6507276e-01   1.0000000e+00
   2.8800000e+00   6.6348506e-01   1.0000000e+00
   2.9000000e+00   6.6228421e-01   1.0000000e+00
   2.9200000e+00   6.6086379e-01   1.0000000e+00
   2.9400000e+00   6.5922380e-01   1.0000000e+00
   2.9600000e+00   6.5708629e-01   1.0000000e+00
   2.9800000e+00   6.5497493e-01   1.0000000e+00
   3.0000000e+00   6.5288971e-01   1.0000000e+00
   3.0200000e+00   6.5128658e-01   1.0000000e+00
   3.0400000e+00   6.4968345e-01   1.0000000e+00
   3.0600000e+00   6.4808031e-01   1.0000000e+00
   3.0800000e+00   6.4647718e-01   1.0000000e+00
   3.1000000e+00   6.4487405e-01   1.0000000e+00
   3.1200000e+00   6.4327092e-01   1.0000000e+00
   3.1400000e+00   6.4190780e-01   1.0000000e+00
   3.1600000e+00   6.4095738e-01   1.0000000e+00
   3.1800000e+00   6.4041966e-01   1.0000000e+00
   3.2000000e+00   6.3935091e-01   1.0000000e+00
   3.2200000e+00   6.3891374e-01   1.0000000e+00
   3.2400000e+00   6.3910814e-01   1.0000000e+00
