   6.0000000e-01   9.8110022e-01   0.0000000e+00
   6.2000000e-01   9.6918971e-01   0.0000000e+00
   6.4000000e-01   9.5680754e-01   0.0000000e+00
   6.6000000e-01   9.4395369e-01   0.0000000e+00
   6.8000000e-01   9.2364737e-01   0.0000000e+00
   7.0000000e-01   9.0334104e-01   0.0000000e+00
   7.2000000e-01   8.8303471e-01   0.0000000e+00
   7.4000000e-01   8.6306698e-01   0.0000000e+00
   7.6000000e-01   8.4452870e-01   0.0000000e+00
   7.8000000e-01   8.2741989e-01   0.0000000e+00
   8.0000000e-01   8.1374467e-01   0.0000000e+00
   8.2000000e-01   7.9942578e-01   0.0000000e+00
   8.4000000e-01   7.8446323e-01   0.0000000e+00
   8.6000000e-01   7.7002365e-01   0.0000000e+00
   8.8000000e-01   7.5680870e-01   0.0000000e+00
   9.0000000e-01   7.4481839e-01   0.0000000e+00
   9.2000000e-01   7.3475505e-01   0.0000000e+00
   9.4000000e-01   7.2544066e-01   0.0000000e+00
   9.6000000e-01   7.1687519e-01   0.0000000e+00
   9.8000000e-01   7.0933760e-01   0.0000000e+00
   1.0000000e+00   7.0156097e-01   0.0000000e+00
   1.0200000e+00   6.9354532e-01   0.0000000e+00
   1.0400000e+00   6.8789981e-01   0.0000000e+00
   1.0600000e+00   6.8240517e-01   0.0000000e+00
   1.0800000e+00   6.7706140e-01   0.0000000e+00
   1.1000000e+00   6.7219903e-01   0.0000000e+00
   1.1200000e+00   6.6756832e-01   0.0000000e+00
   1.1400000e+00   6.6316927e-01   0.0000000e+00
   1.1600000e+00   6.5837462e-01   0.0000000e+00
   1.1800000e+00   6.5410697e-01   0.0000000e+00
   1.2000000e+00   6.5036633e-01   0.0000000e+00
   1.2200000e+00   6.4577553e-01   0.0000000e+00
   1.2400000e+00   6.4122963e-01   0.0000000e+00
   1.2600000e+00   6.3672866e-01   0.0000000e+00
   1.2800000e+00   6.3226189e-01   0.0000000e+00
   1.3000000e+00   6.2762381e-01   0.0000000e+00
   1.3200000e+00   6.2281441e-01   0.0000000e+00
   1.3400000e+00   6.1800502e-01   0.0000000e+00
   1.3600000e+00   6.1319563e-01   0.0000000e+00
   1.3800000e+00   6.0838623e-01   0.0000000e+00
   1.4000000e+00   6.0320070e-01   0.0000000e+00
   1.4200000e+00   5.9780632e-01   0.0000000e+00
   1.4400000e+00   5.9220307e-01   0.0000000e+00
   1.4600000e+00   5.8632493e-01   0.0000000e+00
   1.4800000e+00   5.8048599e-01   0.0000000e+00
   1.5000000e+00   5.7468628e-01   0.0000000e+00
   1.5200000e+00   5.7041126e-01   0.0000000e+00
   1.5400000e+00   5.6613624e-01   0.0000000e+00
   1.5600000e+00   5.6186123e-01   0.0000000e+00
   1.5800000e+00   5.5824059e-01   0.0000000e+00
   1.6000000e+00   5.5503767e-01   0.0000000e+00
   1.6200000e+00   5.5225247e-01   0.0000000e+00
   1.6400000e+00   5.5011496e-01   0.0000000e+00
   1.6600000e+00   5.4797745e-01   0.0000000e+00
   1.6800000e+00   5.4583994e-01   0.0000000e+00
   1.7000000e+00   5.4574873e-01   0.0000000e+00
   1.7200000e+00   5.4550567e-01   0.0000000e+00
   1.7400000e+00   5.4511076e-01   0.0000000e+00
   1.7600000e+00   5.4429814e-01   0.0000000e+00
   1.7800000e+00   5.4351903e-01   0.0000000e+00
   1.8000000e+00   5.4277344e-01   0.0000000e+00
   1.8200000e+00   5.4277344e-01   0.0000000e+00
   1.8400000e+00   5.4277344e-01   0.0000000e+00
   1.8600000e+00   5.4277344e-01   0.0000000e+00
   1.8800000e+00   5.4231081e-01   0.0000000e+00
   1.9000000e+00   5.4181231e-01   0.0000000e+00
   1.9200000e+00   5.4127793e-01   0.0000000e+00
   1.9400000e+00   5.4028495e-01   0.0000000e+00
   1.9600000e+00   5.3909953e-01   0.0000000e+00
   1.9800000e+00   5.3772167e-01   0.0000000e+00
   2.0000000e+00   5.3718730e-01   0.0000000e+00
   2.0200000e+00   5.3612257e-01   0.0000000e+00
   2.0400000e+00   5.3452750e-01   0.0000000e+00
   2.0600000e+00   5.3333805e-01   0.0000000e+00
   2.0800000e+00   5.3220895e-01   0.0000000e+00
   2.1000000e+00   5.3114020e-01   0.0000000e+00
   2.1200000e+00   5.2971074e-01   0.0000000e+00
   2.1400000e+00   5.2795910e-01   0.0000000e+00
   2.1600000e+00   5.2588528e-01   0.0000000e+00
   2.1800000e+00   5.2428215e-01   0.0000000e+00
   2.2000000e+00   5.2243831e-01   0.0000000e+00
   2.2200000e+00   5.2035378e-01   0.0000000e+00
   2.2400000e+00   5.1821627e-01   0.0000000e+00
   2.2600000e+00   5.1620280e-01   0.0000000e+00
   2.2800000e+00   5.1431337e-01   0.0000000e+00
   2.3000000e+00   5.1271023e-01   0.0000000e+00
   2.3200000e+00   5.1110710e-01   0.0000000e+00
   2.3400000e+00   5.0950397e-01   0.0000000e+00
   2.3600000e+00   5.0790084e-01   0.0000000e+00
   2.3800000e+00   5.0608148e-01   0.0000000e+00
   2.4000000e+00   5.0404590e-01   0.0000000e+00
   2.4200000e+00   5.0222418e-01   0.0000000e+00
   2.4400000e+00   5.0051175e-01   0.0000000e+00
   2.4600000e+00   4.9890862e-01   0.0000000e+00
   2.4800000e+00   4.9730549e-01   0.0000000e+00
   2.5000000e+00   4.9570236e-01   0.0000000e+00
   2.5200000e+00   4.9409923e-01   0.0000000e+00
   2.5400000e+00   4.9249610e-01   0.0000000e+00
   2.5600000e+00   4.9089297e-01   0.0000000e+00
   2.5800000e+00   4.8928984e-01   0.0000000e+00
   2.6000000e+00   4.8795355e-01   0.0000000e+00
   2.6200000e+00   4.8667594e-01   0.0000000e+00
   2.6400000e+00   4.8545700e-01   0.0000000e+00
   2.6600000e+00   4.8388739e-01   0.0000000e+00
   2.6800000e+00   4.8256820e-01   0.0000000e+00
   2.7000000e+00   4.8149945e-01   0.0000000e+00
   2.7200000e+00   4.8043070e-01   0.0000000e+00
   2.7400000e+00   4.7919466e-01   0.0000000e+00
   2.7600000e+00   4.7779134e-01   0.0000000e+00
   2.7800000e+00   4.7640611e-01   0.0000000e+00
   2.8000000e+00   4.7517912e-01   0.0000000e+00
   2.8200000e+00   4.7411036e-01   0.0000000e+00
   2.8400000e+00   4.7304161e-01   0.0000000e+00
   2.8600000e+00   4.7197285e-01   0.0000000e+00
   2.8800000e+00   4.7090410e-01   0.0000000e+00
   2.9000000e+00   4.7023763e-01   0.0000000e+00
   2.9200000e+00   4.6963720e-01   0.0000000e+00
   2.9400000e+00   4.6910283e-01   0.0000000e+00
   2.9600000e+00   4.6839950e-01   0.0000000e+00
   2.9800000e+00   4.6753960e-01   0.0000000e+00
   3.0000000e+00   4.6652313e-01   0.0000000e+00
   3.0200000e+00   4.6598875e-01   0.0000000e+00
   3.0400000e+00   4.6521938e-01   0.0000000e+00
   3.0600000e+00   4.6421500e-01   0.0000000e+00
   3.0800000e+00   4.6279291e-01   0.0000000e+00
   3.1000000e+00   4.6139864e-01   0.0000000e+00
   3.1200000e+00   4.6003218e-01   0.0000000e+00
   3.1400000e+00   4.5884342e-01   0.0000000e+00
   3.1600000e+00   4.5745081e-01   0.0000000e+00
   3.1800000e+00   4.5585436e-01   0.0000000e+00
   3.2000000e+00   4.5531999e-01   0.0000000e+00
   3.2200000e+00   4.5457508e-01   0.0000000e+00
   3.2400000e+00   4.5361965e-01   0.0000000e+00
   3.2600000e+00   4.5255090e-01   0.0000000e+00
   3.2800000e+00   4.5148214e-01   0.0000000e+00
   3.3000000e+00   4.5041339e-01   0.0000000e+00
   3.3200000e+00   4.4934464e-01   0.0000000e+00
   3.3400000e+00   4.4827588e-01   0.0000000e+00
   3.3600000e+00   4.4720713e-01   0.0000000e+00
   3.3800000e+00   4.4662715e-01   0.0000000e+00
   3.4000000e+00   4.4551180e-01   0.0000000e+00
   3.4200000e+00   4.4386111e-01   0.0000000e+00
   3.4400000e+00   4.4172360e-01   0.0000000e+00
   3.4600000e+00   4.3972487e-01   0.0000000e+00
   3.4800000e+00   4.3786492e-01   0.0000000e+00
   3.5000000e+00   4.3684039e-01   0.0000000e+00
   3.5200000e+00   4.3632813e-01   0.0000000e+00
   3.5400000e+00   4.3632813e-01   0.0000000e+00
   2.2500000e+00   7.9796806e-01   1.0000000e+00
   2.2700000e+00   7.9686107e-01   1.0000000e+00
   2.2900000e+00   7.9590898e-01   1.0000000e+00
   2.3100000e+00   7.9511179e-01   1.0000000e+00
   2.3300000e+00   7.9353815e-01   1.0000000e+00
   2.3500000e+00   7.9248414e-01   1.0000000e+00
   2.3700000e+00   7.9194976e-01   1.0000000e+00
   2.3900000e+00   7.9098293e-01   1.0000000e+00
   2.4100000e+00   7.8980724e-01   1.0000000e+00
   2.4300000e+00   7.8842269e-01   1.0000000e+00
   2.4500000e+00   7.8662044e-01   1.0000000e+00
   2.4700000e+00   7.8459386e-01   1.0000000e+00
   2.4900000e+00   7.8234297e-01   1.0000000e+00
   2.5100000e+00   7.7947070e-01   1.0000000e+00
   2.5300000e+00   7.7659842e-01   1.0000000e+00
   2.5500000e+00   7.7372614e-01   1.0000000e+00
   2.5700000e+00   7.7085387e-01   1.0000000e+00
   2.5900000e+00   7.6798159e-01   1.0000000e+00
   2.6100000e+00   7.6510931e-01   1.0000000e+00
   2.6300000e+00   7.6223704e-01   1.0000000e+00
   2.6500000e+00   7.5936476e-01   1.0000000e+00
   2.6700000e+00   7.5649248e-01   1.0000000e+00
   2.6900000e+00   7.5362021e-01   1.0000000e+00
   2.7100000e+00   7.5074793e-01   1.0000000e+00
   2.7300000e+00   7.4787565e-01   1.0000000e+00
   2.7500000e+00   7.4500338e-01   1.0000000e+00
   2.7700000e+00   7.4271670e-01   1.0000000e+00
   2.7900000e+00   7.4101562e-01   1.0000000e+00
   2.8100000e+00   7.4081316e-01   1.0000000e+00
   2.8300000e+00   7.4017755e-01   1.0000000e+00
   2.8500000e+00   7.3910879e-01   1.0000000e+00
   2.8700000e+00   7.3700215e-01   1.0000000e+00
   2.8900000e+00   7.3467893e-01   1.0000000e+00
   2.9100000e+00   7.3213914e-01   1.0000000e+00
   2.9300000e+00   7.3032411e-01   1.0000000e+00
   2.9500000e+00   7.2862878e-01   1.0000000e+00
   2.9700000e+00   7.2705317e-01   1.0000000e+00
   2.9900000e+00   7.2443358e-01   1.0000000e+00
   3.0100000e+00   7.2205502e-01   1.0000000e+00
   3.0300000e+00   7.1991752e-01   1.0000000e+00
   3.0500000e+00   7.1872001e-01   1.0000000e+00
