   6.0000000e-01   9.8972534e-01   0.0000000e+00
   6.2000000e-01   9.7888359e-01   0.0000000e+00
   6.4000000e-01   9.6757017e-01   0.0000000e+00
   6.6000000e-01   9.5578508e-01   0.0000000e+00
   6.8000000e-01   9.3654750e-01   0.0000000e+00
   7.0000000e-01   9.1639942e-01   0.0000000e+00
   7.2000000e-01   8.9534082e-01   0.0000000e+00
   7.4000000e-01   8.7532010e-01   0.0000000e+00
   7.6000000e-01   8.5702253e-01   0.0000000e+00
   7.8000000e-01   8.4044809e-01   0.0000000e+00
   8.0000000e-01   8.2720199e-01   0.0000000e+00
   8.2000000e-01   8.1309766e-01   0.0000000e+00
   8.4000000e-01   7.9813510e-01   0.0000000e+00
   8.6000000e-01   7.8421850e-01   0.0000000e+00
   8.8000000e-01   7.7112591e-01   0.0000000e+00
   9.0000000e-01   7.5885736e-01   0.0000000e+00
   9.2000000e-01   7.4883894e-01   0.0000000e+00
   9.4000000e-01   7.3964121e-01   0.0000000e+00
   9.6000000e-01   7.3126416e-01   0.0000000e+00
   9.8000000e-01   7.2330482e-01   0.0000000e+00
   1.0000000e+00   7.1558451e-01   0.0000000e+00
   1.0200000e+00   7.0810323e-01   0.0000000e+00
   1.0400000e+00   7.0204404e-01   0.0000000e+00
   1.0600000e+00   6.9625406e-01   0.0000000e+00
   1.0800000e+00   6.9073327e-01   0.0000000e+00
   1.1000000e+00   6.8538950e-01   0.0000000e+00
   1.1200000e+00   6.8010775e-01   0.0000000e+00
   1.1400000e+00   6.7488802e-01   0.0000000e+00
   1.1600000e+00   6.7007862e-01   0.0000000e+00
   1.1800000e+00   6.6526923e-01   0.0000000e+00
   1.2000000e+00   6.6045984e-01   0.0000000e+00
   1.2200000e+00   6.5607553e-01   0.0000000e+00
   1.2400000e+00   6.5143745e-01   0.0000000e+00
   1.2600000e+00   6.4654559e-01   0.0000000e+00
   1.2800000e+00   6.4139358e-01   0.0000000e+00
   1.3000000e+00   6.3645041e-01   0.0000000e+00
   1.3200000e+00   6.3171611e-01   0.0000000e+00
   1.3400000e+00   6.2744110e-01   0.0000000e+00
   1.3600000e+00   6.2291968e-01   0.0000000e+00
   1.3800000e+00   6.1815186e-01   0.0000000e+00
   1.4000000e+00   6.1296633e-01   0.0000000e+00
   1.4200000e+00   6.0783141e-01   0.0000000e+00
   1.4400000e+00   6.0274712e-01   0.0000000e+00
   1.4600000e+00   5.9808053e-01   0.0000000e+00
   1.4800000e+00   5.9359666e-01   0.0000000e+00
   1.5000000e+00   5.8929550e-01   0.0000000e+00
   1.5200000e+00   5.8448611e-01   0.0000000e+00
   1.5400000e+00   5.7989864e-01   0.0000000e+00
   1.5600000e+00   5.7553310e-01   0.0000000e+00
   1.5800000e+00   5.7125809e-01   0.0000000e+00
   1.6000000e+00   5.6750939e-01   0.0000000e+00
   1.6200000e+00   5.6428701e-01   0.0000000e+00
   1.6400000e+00   5.6249615e-01   0.0000000e+00
   1.6600000e+00   5.6026478e-01   0.0000000e+00
   1.6800000e+00   5.5759289e-01   0.0000000e+00
   1.7000000e+00   5.5543258e-01   0.0000000e+00
   1.7200000e+00   5.5367858e-01   0.0000000e+00
   1.7400000e+00   5.5233090e-01   0.0000000e+00
   1.7600000e+00   5.5098390e-01   0.0000000e+00
   1.7800000e+00   5.4950883e-01   0.0000000e+00
   1.8000000e+00   5.4790570e-01   0.0000000e+00
   1.8200000e+00   5.4634748e-01   0.0000000e+00
   1.8400000e+00   5.4503400e-01   0.0000000e+00
   1.8600000e+00   5.4396525e-01   0.0000000e+00
   1.8800000e+00   5.4289649e-01   0.0000000e+00
   1.9000000e+00   5.4165476e-01   0.0000000e+00
   1.9200000e+00   5.4024004e-01   0.0000000e+00
   1.9400000e+00   5.3886621e-01   0.0000000e+00
   1.9600000e+00   5.3758860e-01   0.0000000e+00
   1.9800000e+00   5.3640721e-01   0.0000000e+00
   2.0000000e+00   5.3480408e-01   0.0000000e+00
   2.0200000e+00   5.3346612e-01   0.0000000e+00
   2.0400000e+00   5.3239333e-01   0.0000000e+00
   2.0600000e+00   5.3091090e-01   0.0000000e+00
   2.0800000e+00   5.2951662e-01   0.0000000e+00
   2.1000000e+00   5.2821051e-01   0.0000000e+00
   2.1200000e+00   5.2696140e-01   0.0000000e+00
   2.1400000e+00   5.2556713e-01   0.0000000e+00
   2.1600000e+00   5.2402768e-01   0.0000000e+00
   2.1800000e+00   5.2295893e-01   0.0000000e+00
   2.2000000e+00   5.2140878e-01   0.0000000e+00
   2.2200000e+00   5.1937722e-01   0.0000000e+00
   2.2400000e+00   5.1796918e-01   0.0000000e+00
   2.2600000e+00   5.1673079e-01   0.0000000e+00
   2.2800000e+00   5.1566203e-01   0.0000000e+00
   2.3000000e+00   5.1446187e-01   0.0000000e+00
   2.3200000e+00   5.1306023e-01   0.0000000e+00
   2.3400000e+00   5.1145710e-01   0.0000000e+00
   2.3600000e+00   5.0985397e-01   0.0000000e+00
   2.3800000e+00   5.0846706e-01   0.0000000e+00
   2.4000000e+00   5.0729639e-01   0.0000000e+00
   2.4200000e+00   5.0591184e-01   0.0000000e+00
   2.4400000e+00   5.0441800e-01   0.0000000e+00
   2.4600000e+00   5.0281487e-01   0.0000000e+00
   2.4800000e+00   5.0129420e-01   0.0000000e+00
   2.5000000e+00   4.9999949e-01   0.0000000e+00
   2.5200000e+00   4.9893074e-01   0.0000000e+00
   2.5400000e+00   4.9736181e-01   0.0000000e+00
   2.5600000e+00   4.9577578e-01   0.0000000e+00
   2.5800000e+00   4.9417265e-01   0.0000000e+00
   2.6000000e+00   4.9283636e-01   0.0000000e+00
   2.6200000e+00   4.9148366e-01   0.0000000e+00
   2.6400000e+00   4.9011455e-01   0.0000000e+00
   2.6600000e+00   4.8801056e-01   0.0000000e+00
   2.6800000e+00   4.8615699e-01   0.0000000e+00
   2.7000000e+00   4.8455386e-01   0.0000000e+00
   2.7200000e+00   4.8295073e-01   0.0000000e+00
   2.7400000e+00   4.8151488e-01   0.0000000e+00
   2.7600000e+00   4.8024631e-01   0.0000000e+00
   2.7800000e+00   4.7917756e-01   0.0000000e+00
   2.8000000e+00   4.7810880e-01   0.0000000e+00
   2.8200000e+00   4.7704005e-01   0.0000000e+00
   2.8400000e+00   4.7597130e-01   0.0000000e+00
   2.8600000e+00   4.7516201e-01   0.0000000e+00
   2.8800000e+00   4.7461221e-01   0.0000000e+00
   2.9000000e+00   4.7367555e-01   0.0000000e+00
   2.9200000e+00   4.7267284e-01   0.0000000e+00
   2.9400000e+00   4.7160409e-01   0.0000000e+00
   2.9600000e+00   4.7087324e-01   0.0000000e+00
   2.9800000e+00   4.7045552e-01   0.0000000e+00
   3.0000000e+00   4.7035095e-01   0.0000000e+00
   3.0200000e+00   4.6928220e-01   0.0000000e+00
   3.0400000e+00   4.6844844e-01   0.0000000e+00
   3.0600000e+00   4.6784969e-01   0.0000000e+00
   3.0800000e+00   4.6696198e-01   0.0000000e+00
   3.1000000e+00   4.6598374e-01   0.0000000e+00
   3.1200000e+00   4.6491499e-01   0.0000000e+00
   3.1400000e+00   4.6384623e-01   0.0000000e+00
   3.1600000e+00   4.6277748e-01   0.0000000e+00
   3.1800000e+00   4.6170873e-01   0.0000000e+00
   3.2000000e+00   4.6063997e-01   0.0000000e+00
   3.2200000e+00   4.5978175e-01   0.0000000e+00
   3.2400000e+00   4.5913404e-01   0.0000000e+00
   3.2600000e+00   4.5859967e-01   0.0000000e+00
   3.2800000e+00   4.5806529e-01   0.0000000e+00
   3.3000000e+00   4.5753091e-01   0.0000000e+00
   3.3200000e+00   4.5685442e-01   0.0000000e+00
   3.3400000e+00   4.5571460e-01   0.0000000e+00
   3.3600000e+00   4.5411147e-01   0.0000000e+00
   3.3800000e+00   4.5397466e-01   0.0000000e+00
   2.2200000e+00   8.2308816e-01   1.0000000e+00
   2.2400000e+00   8.2131539e-01   1.0000000e+00
   2.2600000e+00   8.1975147e-01   1.0000000e+00
   2.2800000e+00   8.1839641e-01   1.0000000e+00
   2.3000000e+00   8.1719625e-01   1.0000000e+00
   2.3200000e+00   8.1580197e-01   1.0000000e+00
   2.3400000e+00   8.1421358e-01   1.0000000e+00
   2.3600000e+00   8.1314483e-01   1.0000000e+00
   2.3800000e+00   8.1207608e-01   1.0000000e+00
   2.4000000e+00   8.1100732e-01   1.0000000e+00
   2.4200000e+00   8.0993857e-01   1.0000000e+00
   2.4400000e+00   8.0855453e-01   1.0000000e+00
   2.4600000e+00   8.0685522e-01   1.0000000e+00
   2.4800000e+00   8.0409427e-01   1.0000000e+00
   2.5000000e+00   8.0133332e-01   1.0000000e+00
   2.5200000e+00   7.9857237e-01   1.0000000e+00
   2.5400000e+00   7.9581142e-01   1.0000000e+00
   2.5600000e+00   7.9305048e-01   1.0000000e+00
   2.5800000e+00   7.9028953e-01   1.0000000e+00
   2.6000000e+00   7.8752858e-01   1.0000000e+00
   2.6200000e+00   7.8476763e-01   1.0000000e+00
   2.6400000e+00   7.8200668e-01   1.0000000e+00
   2.6600000e+00   7.7924573e-01   1.0000000e+00
   2.6800000e+00   7.7648479e-01   1.0000000e+00
   2.7000000e+00   7.7372384e-01   1.0000000e+00
   2.7200000e+00   7.7096289e-01   1.0000000e+00
   2.7400000e+00   7.6820194e-01   1.0000000e+00
   2.7600000e+00   7.6544099e-01   1.0000000e+00
   2.7800000e+00   7.6268005e-01   1.0000000e+00
   2.8000000e+00   7.5991910e-01   1.0000000e+00
   2.8200000e+00   7.5715815e-01   1.0000000e+00
   2.8400000e+00   7.5439720e-01   1.0000000e+00
   2.8600000e+00   7.5163625e-01   1.0000000e+00
   2.8800000e+00   7.4887531e-01   1.0000000e+00
   2.9000000e+00   7.4698597e-01   1.0000000e+00
   2.9200000e+00   7.4523973e-01   1.0000000e+00
   2.9400000e+00   7.4363660e-01   1.0000000e+00
   2.9600000e+00   7.4186452e-01   1.0000000e+00
