   6.0000000e-01   9.9346765e-01   0.0000000e+00
   6.2000000e-01   9.8338623e-01   0.0000000e+00
   6.4000000e-01   9.7243421e-01   0.0000000e+00
   6.6000000e-01   9.6061157e-01   0.0000000e+00
   6.8000000e-01   9.4083962e-01   0.0000000e+00
   7.0000000e-01   9.2061242e-01   0.0000000e+00
   7.2000000e-01   8.9992995e-01   0.0000000e+00
   7.4000000e-01   8.8145939e-01   0.0000000e+00
   7.6000000e-01   8.6445083e-01   0.0000000e+00
   7.8000000e-01   8.4890426e-01   0.0000000e+00
   8.0000000e-01   8.3522905e-01   0.0000000e+00
   8.2000000e-01   8.2091016e-01   0.0000000e+00
   8.4000000e-01   8.0594760e-01   0.0000000e+00
   8.6000000e-01   7.9203100e-01   0.0000000e+00
   8.8000000e-01   7.7873526e-01   0.0000000e+00
   9.0000000e-01   7.6606039e-01   0.0000000e+00
   9.2000000e-01   7.5579724e-01   0.0000000e+00
   9.4000000e-01   7.4665013e-01   0.0000000e+00
   9.6000000e-01   7.3861904e-01   0.0000000e+00
   9.8000000e-01   7.3150319e-01   0.0000000e+00
   1.0000000e+00   7.2367024e-01   0.0000000e+00
   1.0200000e+00   7.1512021e-01   0.0000000e+00
   1.0400000e+00   7.0799227e-01   0.0000000e+00
   1.0600000e+00   7.0149089e-01   0.0000000e+00
   1.0800000e+00   6.9561609e-01   0.0000000e+00
   1.1000000e+00   6.9051302e-01   0.0000000e+00
   1.1200000e+00   6.8555679e-01   0.0000000e+00
   1.1400000e+00   6.8074739e-01   0.0000000e+00
   1.1600000e+00   6.7593063e-01   0.0000000e+00
   1.1800000e+00   6.7085036e-01   0.0000000e+00
   1.2000000e+00   6.6550659e-01   0.0000000e+00
   1.2200000e+00   6.6101299e-01   0.0000000e+00
   1.2400000e+00   6.5616605e-01   0.0000000e+00
   1.2600000e+00   6.5096577e-01   0.0000000e+00
   1.2800000e+00   6.4527938e-01   0.0000000e+00
   1.3000000e+00   6.3976430e-01   0.0000000e+00
   1.3200000e+00   6.3442053e-01   0.0000000e+00
   1.3400000e+00   6.2907676e-01   0.0000000e+00
   1.3600000e+00   6.2422579e-01   0.0000000e+00
   1.3800000e+00   6.1986762e-01   0.0000000e+00
   1.4000000e+00   6.1484033e-01   0.0000000e+00
   1.4200000e+00   6.0991428e-01   0.0000000e+00
   1.4400000e+00   6.0508945e-01   0.0000000e+00
   1.4600000e+00   6.0067163e-01   0.0000000e+00
   1.4800000e+00   5.9605802e-01   0.0000000e+00
   1.5000000e+00   5.9124862e-01   0.0000000e+00
   1.5200000e+00   5.8643923e-01   0.0000000e+00
   1.5400000e+00   5.8162984e-01   0.0000000e+00
   1.5600000e+00   5.7682044e-01   0.0000000e+00
   1.5800000e+00   5.7299262e-01   0.0000000e+00
   1.6000000e+00   5.6958085e-01   0.0000000e+00
   1.6200000e+00   5.6658511e-01   0.0000000e+00
   1.6400000e+00   5.6391323e-01   0.0000000e+00
   1.6600000e+00   5.6124134e-01   0.0000000e+00
   1.6800000e+00   5.5856946e-01   0.0000000e+00
   1.7000000e+00   5.5640915e-01   0.0000000e+00
   1.7200000e+00   5.5445769e-01   0.0000000e+00
   1.7400000e+00   5.5271509e-01   0.0000000e+00
   1.7600000e+00   5.5083372e-01   0.0000000e+00
   1.7800000e+00   5.4898585e-01   0.0000000e+00
   1.8000000e+00   5.4717151e-01   0.0000000e+00
   1.8200000e+00   5.4601292e-01   0.0000000e+00
   1.8400000e+00   5.4436488e-01   0.0000000e+00
   1.8600000e+00   5.4222737e-01   0.0000000e+00
   1.8800000e+00   5.4101512e-01   0.0000000e+00
   1.9000000e+00   5.3987461e-01   0.0000000e+00
   1.9200000e+00   5.3880586e-01   0.0000000e+00
   1.9400000e+00   5.3750781e-01   0.0000000e+00
   1.9600000e+00   5.3605721e-01   0.0000000e+00
   1.9800000e+00   5.3445408e-01   0.0000000e+00
   2.0000000e+00   5.3285095e-01   0.0000000e+00
   2.0200000e+00   5.3151299e-01   0.0000000e+00
   2.0400000e+00   5.3044021e-01   0.0000000e+00
   2.0600000e+00   5.2895777e-01   0.0000000e+00
   2.0800000e+00   5.2741499e-01   0.0000000e+00
   2.1000000e+00   5.2581186e-01   0.0000000e+00
   2.1200000e+00   5.2438908e-01   0.0000000e+00
   2.1400000e+00   5.2314331e-01   0.0000000e+00
   2.1600000e+00   5.2207456e-01   0.0000000e+00
   2.1800000e+00   5.2100581e-01   0.0000000e+00
   2.2000000e+00   5.1993705e-01   0.0000000e+00
   2.2200000e+00   5.1886830e-01   0.0000000e+00
   2.2400000e+00   5.1779954e-01   0.0000000e+00
   2.2600000e+00   5.1673079e-01   0.0000000e+00
   2.2800000e+00   5.1566203e-01   0.0000000e+00
   2.3000000e+00   5.1459328e-01   0.0000000e+00
   2.3200000e+00   5.1352453e-01   0.0000000e+00
   2.3400000e+00   5.1245577e-01   0.0000000e+00
   2.3600000e+00   5.1138702e-01   0.0000000e+00
   2.3800000e+00   5.0988581e-01   0.0000000e+00
   2.4000000e+00   5.0795215e-01   0.0000000e+00
   2.4200000e+00   5.0644622e-01   0.0000000e+00
   2.4400000e+00   5.0515888e-01   0.0000000e+00
   2.4600000e+00   5.0409012e-01   0.0000000e+00
   2.4800000e+00   5.0285645e-01   0.0000000e+00
   2.5000000e+00   5.0117086e-01   0.0000000e+00
   2.5200000e+00   4.9903335e-01   0.0000000e+00
   2.5400000e+00   4.9789619e-01   0.0000000e+00
   2.5600000e+00   4.9640972e-01   0.0000000e+00
   2.5800000e+00   4.9457395e-01   0.0000000e+00
   2.6000000e+00   4.9297013e-01   0.0000000e+00
   2.6200000e+00   4.9155875e-01   0.0000000e+00
   2.6400000e+00   4.9033982e-01   0.0000000e+00
   2.6600000e+00   4.8873669e-01   0.0000000e+00
   2.6800000e+00   4.8713356e-01   0.0000000e+00
   2.7000000e+00   4.8553042e-01   0.0000000e+00
   2.7200000e+00   4.8437852e-01   0.0000000e+00
   2.7400000e+00   4.8326819e-01   0.0000000e+00
   2.7600000e+00   4.8219944e-01   0.0000000e+00
   2.7800000e+00   4.8113068e-01   0.0000000e+00
   2.8000000e+00   4.8001131e-01   0.0000000e+00
   2.8200000e+00   4.7884132e-01   0.0000000e+00
   2.8400000e+00   4.7723819e-01   0.0000000e+00
   2.8600000e+00   4.7589454e-01   0.0000000e+00
   2.8800000e+00   4.7481035e-01   0.0000000e+00
   2.9000000e+00   4.7414388e-01   0.0000000e+00
   2.9200000e+00   4.7354345e-01   0.0000000e+00
   2.9400000e+00   4.7300908e-01   0.0000000e+00
   2.9600000e+00   4.7230575e-01   0.0000000e+00
   2.9800000e+00   4.7141970e-01   0.0000000e+00
   3.0000000e+00   4.7035095e-01   0.0000000e+00
   3.0200000e+00   4.6928220e-01   0.0000000e+00
   3.0400000e+00   4.6844844e-01   0.0000000e+00
   3.0600000e+00   4.6784969e-01   0.0000000e+00
   3.0800000e+00   4.6696198e-01   0.0000000e+00
   3.1000000e+00   4.6598374e-01   0.0000000e+00
   3.1200000e+00   4.6491499e-01   0.0000000e+00
   3.1400000e+00   4.6384623e-01   0.0000000e+00
   3.1600000e+00   4.6277748e-01   0.0000000e+00
   3.1800000e+00   4.6170873e-01   0.0000000e+00
   3.2000000e+00   4.6063997e-01   0.0000000e+00
   3.2200000e+00   4.5978175e-01   0.0000000e+00
   3.2400000e+00   4.5913404e-01   0.0000000e+00
   3.2600000e+00   4.5859967e-01   0.0000000e+00
   3.2800000e+00   4.5815915e-01   0.0000000e+00
   3.3000000e+00   4.5781250e-01   0.0000000e+00
   3.3200000e+00   4.5774144e-01   0.0000000e+00
   3.3400000e+00   4.5743872e-01   0.0000000e+00
   3.3600000e+00   4.5690434e-01   0.0000000e+00
   3.3800000e+00   4.5832506e-01   0.0000000e+00
   2.2200000e+00   8.2771651e-01   1.0000000e+00
   2.2400000e+00   8.2574864e-01   1.0000000e+00
   2.2600000e+00   8.2369595e-01   1.0000000e+00
   2.2800000e+00   8.2155844e-01   1.0000000e+00
   2.3000000e+00   8.1955234e-01   1.0000000e+00
   2.3200000e+00   8.1774773e-01   1.0000000e+00
   2.3400000e+00   8.1614460e-01   1.0000000e+00
   2.3600000e+00   8.1454147e-01   1.0000000e+00
   2.3800000e+00   8.1315456e-01   1.0000000e+00
   2.4000000e+00   8.1198389e-01   1.0000000e+00
   2.4200000e+00   8.1091513e-01   1.0000000e+00
   2.4400000e+00   8.0984638e-01   1.0000000e+00
   2.4600000e+00   8.0877762e-01   1.0000000e+00
   2.4800000e+00   8.0787379e-01   1.0000000e+00
   2.5000000e+00   8.0742187e-01   1.0000000e+00
   2.5200000e+00   8.0742187e-01   1.0000000e+00
   2.5400000e+00   8.0542118e-01   1.0000000e+00
   2.5600000e+00   8.0258506e-01   1.0000000e+00
   2.5800000e+00   7.9891352e-01   1.0000000e+00
   2.6000000e+00   7.9597272e-01   1.0000000e+00
