   6.0000000e-01   9.9932702e-01   0.0000000e+00
   6.2000000e-01   9.8909140e-01   0.0000000e+00
   6.4000000e-01   9.7781385e-01   0.0000000e+00
   6.6000000e-01   9.6549439e-01   0.0000000e+00
   6.8000000e-01   9.4572244e-01   0.0000000e+00
   7.0000000e-01   9.2549523e-01   0.0000000e+00
   7.2000000e-01   9.0481276e-01   0.0000000e+00
   7.4000000e-01   8.8668080e-01   0.0000000e+00
   7.6000000e-01   8.6988679e-01   0.0000000e+00
   7.8000000e-01   8.5443075e-01   0.0000000e+00
   8.0000000e-01   8.4053694e-01   0.0000000e+00
   8.2000000e-01   8.2664314e-01   0.0000000e+00
   8.4000000e-01   8.1274934e-01   0.0000000e+00
   8.6000000e-01   7.9885553e-01   0.0000000e+00
   8.8000000e-01   7.8577435e-01   0.0000000e+00
   9.0000000e-01   7.7350579e-01   0.0000000e+00
   9.2000000e-01   7.6319773e-01   0.0000000e+00
   9.4000000e-01   7.5367448e-01   0.0000000e+00
   9.6000000e-01   7.4493603e-01   0.0000000e+00
   9.8000000e-01   7.3703301e-01   0.0000000e+00
   1.0000000e+00   7.2960805e-01   0.0000000e+00
   1.0200000e+00   7.2266115e-01   0.0000000e+00
   1.0400000e+00   7.1524022e-01   0.0000000e+00
   1.0600000e+00   7.0814648e-01   0.0000000e+00
   1.0800000e+00   7.0137993e-01   0.0000000e+00
   1.1000000e+00   6.9568951e-01   0.0000000e+00
   1.1200000e+00   6.9043960e-01   0.0000000e+00
   1.1400000e+00   6.8563020e-01   0.0000000e+00
   1.1600000e+00   6.8080607e-01   0.0000000e+00
   1.1800000e+00   6.7545493e-01   0.0000000e+00
   1.2000000e+00   6.6957678e-01   0.0000000e+00
   1.2200000e+00   6.6454880e-01   0.0000000e+00
   1.2400000e+00   6.5916748e-01   0.0000000e+00
   1.2600000e+00   6.5343283e-01   0.0000000e+00
   1.2800000e+00   6.4740382e-01   0.0000000e+00
   1.3000000e+00   6.4171743e-01   0.0000000e+00
   1.3200000e+00   6.3637365e-01   0.0000000e+00
   1.3400000e+00   6.3102988e-01   0.0000000e+00
   1.3600000e+00   6.2617892e-01   0.0000000e+00
   1.3800000e+00   6.2182075e-01   0.0000000e+00
   1.4000000e+00   6.1716960e-01   0.0000000e+00
   1.4200000e+00   6.1217985e-01   0.0000000e+00
   1.4400000e+00   6.0685151e-01   0.0000000e+00
   1.4600000e+00   6.0140179e-01   0.0000000e+00
   1.4800000e+00   5.9653942e-01   0.0000000e+00
   1.5000000e+00   5.9226440e-01   0.0000000e+00
   1.5200000e+00   5.8798939e-01   0.0000000e+00
   1.5400000e+00   5.8349244e-01   0.0000000e+00
   1.5600000e+00   5.7877357e-01   0.0000000e+00
   1.5800000e+00   5.7461856e-01   0.0000000e+00
   1.6000000e+00   5.7077600e-01   0.0000000e+00
   1.6200000e+00   5.6724588e-01   0.0000000e+00
   1.6400000e+00   5.6413348e-01   0.0000000e+00
   1.6600000e+00   5.6124134e-01   0.0000000e+00
   1.6800000e+00   5.5856946e-01   0.0000000e+00
   1.7000000e+00   5.5640915e-01   0.0000000e+00
   1.7200000e+00   5.5426024e-01   0.0000000e+00
   1.7400000e+00   5.5212273e-01   0.0000000e+00
   1.7600000e+00   5.4998522e-01   0.0000000e+00
   1.7800000e+00   5.4784771e-01   0.0000000e+00
   1.8000000e+00   5.4571020e-01   0.0000000e+00
   1.8200000e+00   5.4361761e-01   0.0000000e+00
   1.8400000e+00   5.4176975e-01   0.0000000e+00
   1.8600000e+00   5.4016662e-01   0.0000000e+00
   1.8800000e+00   5.3856349e-01   0.0000000e+00
   1.9000000e+00   5.3678737e-01   0.0000000e+00
   1.9200000e+00   5.3483828e-01   0.0000000e+00
   1.9400000e+00   5.3315937e-01   0.0000000e+00
   1.9600000e+00   5.3167290e-01   0.0000000e+00
   1.9800000e+00   5.3037888e-01   0.0000000e+00
   2.0000000e+00   5.2824137e-01   0.0000000e+00
   2.0200000e+00   5.2663421e-01   0.0000000e+00
   2.0400000e+00   5.2555740e-01   0.0000000e+00
   2.0600000e+00   5.2407496e-01   0.0000000e+00
   2.0800000e+00   5.2268069e-01   0.0000000e+00
   2.1000000e+00   5.2137457e-01   0.0000000e+00
   2.1200000e+00   5.2030582e-01   0.0000000e+00
   2.1400000e+00   5.1926891e-01   0.0000000e+00
   2.1600000e+00   5.1826384e-01   0.0000000e+00
   2.1800000e+00   5.1772947e-01   0.0000000e+00
   2.2000000e+00   5.1695439e-01   0.0000000e+00
   2.2200000e+00   5.1593861e-01   0.0000000e+00
   2.2400000e+00   5.1523459e-01   0.0000000e+00
   2.2600000e+00   5.1449136e-01   0.0000000e+00
   2.2800000e+00   5.1370891e-01   0.0000000e+00
   2.3000000e+00   5.1264016e-01   0.0000000e+00
   2.3200000e+00   5.1157140e-01   0.0000000e+00
   2.3400000e+00   5.1050265e-01   0.0000000e+00
   2.3600000e+00   5.0943389e-01   0.0000000e+00
   2.3800000e+00   5.0836514e-01   0.0000000e+00
   2.4000000e+00   5.0729639e-01   0.0000000e+00
   2.4200000e+00   5.0622763e-01   0.0000000e+00
   2.4400000e+00   5.0515888e-01   0.0000000e+00
   2.4600000e+00   5.0409012e-01   0.0000000e+00
   2.4800000e+00   5.0285645e-01   0.0000000e+00
   2.5000000e+00   5.0117086e-01   0.0000000e+00
   2.5200000e+00   4.9903335e-01   0.0000000e+00
   2.5400000e+00   4.9789619e-01   0.0000000e+00
   2.5600000e+00   4.9679323e-01   0.0000000e+00
   2.5800000e+00   4.9572447e-01   0.0000000e+00
   2.6000000e+00   4.9412203e-01   0.0000000e+00
   2.6200000e+00   4.9240224e-01   0.0000000e+00
   2.6400000e+00   4.9056509e-01   0.0000000e+00
   2.6600000e+00   4.8949633e-01   0.0000000e+00
   2.6800000e+00   4.8842758e-01   0.0000000e+00
   2.7000000e+00   4.8735883e-01   0.0000000e+00
   2.7200000e+00   4.8538762e-01   0.0000000e+00
   2.7400000e+00   4.8366782e-01   0.0000000e+00
   2.7600000e+00   4.8219944e-01   0.0000000e+00
   2.7800000e+00   4.8113068e-01   0.0000000e+00
   2.8000000e+00   4.8011255e-01   0.0000000e+00
   2.8200000e+00   4.7914503e-01   0.0000000e+00
   2.8400000e+00   4.7861065e-01   0.0000000e+00
   2.8600000e+00   4.7781680e-01   0.0000000e+00
   2.8800000e+00   4.7676348e-01   0.0000000e+00
   2.9000000e+00   4.7569472e-01   0.0000000e+00
   2.9200000e+00   4.7462597e-01   0.0000000e+00
   2.9400000e+00   4.7355721e-01   0.0000000e+00
   2.9600000e+00   4.7265741e-01   0.0000000e+00
   2.9800000e+00   4.7191418e-01   0.0000000e+00
   3.0000000e+00   4.7132751e-01   0.0000000e+00
   3.0200000e+00   4.7025876e-01   0.0000000e+00
   3.0400000e+00   4.6919000e-01   0.0000000e+00
   3.0600000e+00   4.6812125e-01   0.0000000e+00
   3.0800000e+00   4.6705250e-01   0.0000000e+00
   3.1000000e+00   4.6598374e-01   0.0000000e+00
   3.1200000e+00   4.6491499e-01   0.0000000e+00
   3.1400000e+00   4.6372623e-01   0.0000000e+00
   3.1600000e+00   4.6233530e-01   0.0000000e+00
   3.1800000e+00   4.6074219e-01   0.0000000e+00
   3.2000000e+00   4.6074219e-01   0.0000000e+00
   3.2200000e+00   4.6032113e-01   0.0000000e+00
   3.2400000e+00   4.5947903e-01   0.0000000e+00
   3.2600000e+00   4.5901905e-01   0.0000000e+00
   3.2800000e+00   4.5878906e-01   0.0000000e+00
   3.3000000e+00   4.5878906e-01   0.0000000e+00
   3.3200000e+00   4.5878906e-01   0.0000000e+00
   3.3400000e+00   4.5878906e-01   0.0000000e+00
   3.3600000e+00   4.5878906e-01   0.0000000e+00
   3.3800000e+00   4.5976661e-01   0.0000000e+00
   3.4000000e+00   4.6060370e-01   0.0000000e+00
   3.4200000e+00   4.6130035e-01   0.0000000e+00
   2.2200000e+00   8.3336270e-01   1.0000000e+00
   2.2400000e+00   8.3088591e-01   1.0000000e+00
   2.2600000e+00   8.2870280e-01   1.0000000e+00
   2.2800000e+00   8.2681337e-01   1.0000000e+00
   2.3000000e+00   8.2521023e-01   1.0000000e+00
   2.3200000e+00   8.2360710e-01   1.0000000e+00
   2.3400000e+00   8.2200397e-01   1.0000000e+00
   2.3600000e+00   8.2040084e-01   1.0000000e+00
   2.3800000e+00   8.1858148e-01   1.0000000e+00
   2.4000000e+00   8.1654590e-01   1.0000000e+00
   2.4200000e+00   8.1503997e-01   1.0000000e+00
   2.4400000e+00   8.1385219e-01   1.0000000e+00
   2.4600000e+00   8.1298256e-01   1.0000000e+00
   2.4800000e+00   8.1220080e-01   1.0000000e+00
   2.5000000e+00   8.1074117e-01   1.0000000e+00
   2.5200000e+00   8.0860366e-01   1.0000000e+00
   2.5400000e+00   8.0696633e-01   1.0000000e+00
   2.5600000e+00   8.0496258e-01   1.0000000e+00
   2.5800000e+00   8.0259243e-01   1.0000000e+00
   2.6000000e+00   7.9992055e-01   1.0000000e+00
   2.6200000e+00   7.9724866e-01   1.0000000e+00
   2.6400000e+00   7.9457678e-01   1.0000000e+00
   2.6600000e+00   7.9190489e-01   1.0000000e+00
   2.6800000e+00   7.8923301e-01   1.0000000e+00
   2.7000000e+00   7.8656112e-01   1.0000000e+00
   2.7200000e+00   7.8434047e-01   1.0000000e+00
   2.7400000e+00   7.8216138e-01   1.0000000e+00
   2.7600000e+00   7.8002387e-01   1.0000000e+00
   2.7800000e+00   7.7745057e-01   1.0000000e+00
   2.8000000e+00   7.7471264e-01   1.0000000e+00
   2.8200000e+00   7.7181007e-01   1.0000000e+00
   2.8400000e+00   7.7020694e-01   1.0000000e+00
   2.8600000e+00   7.6782539e-01   1.0000000e+00
   2.8800000e+00   7.6466543e-01   1.0000000e+00
   2.9000000e+00   7.6105688e-01   1.0000000e+00
   2.9200000e+00   7.5781072e-01   1.0000000e+00
   2.9400000e+00   7.5492693e-01   1.0000000e+00
