   6.0000000e-01   1.0016865e+00   0.0000000e+00
   6.2000000e-01   9.9167679e-01   0.0000000e+00
   6.4000000e-01   9.8026381e-01   0.0000000e+00
   6.6000000e-01   9.6744751e-01   0.0000000e+00
   6.8000000e-01   9.4767556e-01   0.0000000e+00
   7.0000000e-01   9.2835887e-01   0.0000000e+00
   7.2000000e-01   9.0949743e-01   0.0000000e+00
   7.4000000e-01   8.9214861e-01   0.0000000e+00
   7.6000000e-01   8.7563520e-01   0.0000000e+00
   7.8000000e-01   8.5995723e-01   0.0000000e+00
   8.0000000e-01   8.4573958e-01   0.0000000e+00
   8.2000000e-01   8.3195104e-01   0.0000000e+00
   8.4000000e-01   8.1859161e-01   0.0000000e+00
   8.6000000e-01   8.0627814e-01   0.0000000e+00
   8.8000000e-01   7.9458553e-01   0.0000000e+00
   9.0000000e-01   7.8351379e-01   0.0000000e+00
   9.2000000e-01   7.7398484e-01   0.0000000e+00
   9.4000000e-01   7.6485885e-01   0.0000000e+00
   9.6000000e-01   7.5613584e-01   0.0000000e+00
   9.8000000e-01   7.4722038e-01   0.0000000e+00
   1.0000000e+00   7.3902201e-01   0.0000000e+00
   1.0200000e+00   7.3154073e-01   0.0000000e+00
   1.0400000e+00   7.2453348e-01   0.0000000e+00
   1.0600000e+00   7.1773509e-01   0.0000000e+00
   1.0800000e+00   7.1114555e-01   0.0000000e+00
   1.1000000e+00   7.0473303e-01   0.0000000e+00
   1.1200000e+00   6.9850656e-01   0.0000000e+00
   1.1400000e+00   6.9246614e-01   0.0000000e+00
   1.1600000e+00   6.8763463e-01   0.0000000e+00
   1.1800000e+00   6.8201262e-01   0.0000000e+00
   1.2000000e+00   6.7560009e-01   0.0000000e+00
   1.2200000e+00   6.6961265e-01   0.0000000e+00
   1.2400000e+00   6.6367986e-01   0.0000000e+00
   1.2600000e+00   6.5780171e-01   0.0000000e+00
   1.2800000e+00   6.5192356e-01   0.0000000e+00
   1.3000000e+00   6.4600787e-01   0.0000000e+00
   1.3200000e+00   6.4005464e-01   0.0000000e+00
   1.3400000e+00   6.3364211e-01   0.0000000e+00
   1.3600000e+00   6.2796879e-01   0.0000000e+00
   1.3800000e+00   6.2303467e-01   0.0000000e+00
   1.4000000e+00   6.1822528e-01   0.0000000e+00
   1.4200000e+00   6.1328615e-01   0.0000000e+00
   1.4400000e+00   6.0821728e-01   0.0000000e+00
   1.4600000e+00   6.0301632e-01   0.0000000e+00
   1.4800000e+00   5.9802421e-01   0.0000000e+00
   1.5000000e+00   5.9324096e-01   0.0000000e+00
   1.5200000e+00   5.8896595e-01   0.0000000e+00
   1.5400000e+00   5.8469093e-01   0.0000000e+00
   1.5600000e+00   5.8041592e-01   0.0000000e+00
   1.5800000e+00   5.7646809e-01   0.0000000e+00
   1.6000000e+00   5.7272912e-01   0.0000000e+00
   1.6200000e+00   5.6919901e-01   0.0000000e+00
   1.6400000e+00   5.6599275e-01   0.0000000e+00
   1.6600000e+00   5.6278648e-01   0.0000000e+00
   1.6800000e+00   5.5958022e-01   0.0000000e+00
   1.7000000e+00   5.5739711e-01   0.0000000e+00
   1.7200000e+00   5.5503934e-01   0.0000000e+00
   1.7400000e+00   5.5250693e-01   0.0000000e+00
   1.7600000e+00   5.5011329e-01   0.0000000e+00
   1.7800000e+00   5.4784771e-01   0.0000000e+00
   1.8000000e+00   5.4571020e-01   0.0000000e+00
   1.8200000e+00   5.4357270e-01   0.0000000e+00
   1.8400000e+00   5.4143519e-01   0.0000000e+00
   1.8600000e+00   5.3929768e-01   0.0000000e+00
   1.8800000e+00   5.3716017e-01   0.0000000e+00
   1.9000000e+00   5.3502266e-01   0.0000000e+00
   1.9200000e+00   5.3288515e-01   0.0000000e+00
   1.9400000e+00   5.3097695e-01   0.0000000e+00
   1.9600000e+00   5.2916496e-01   0.0000000e+00
   1.9800000e+00   5.2744919e-01   0.0000000e+00
   2.0000000e+00   5.2531169e-01   0.0000000e+00
   2.0200000e+00   5.2317418e-01   0.0000000e+00
   2.0400000e+00   5.2103667e-01   0.0000000e+00
   2.0600000e+00   5.1931284e-01   0.0000000e+00
   2.0800000e+00   5.1764936e-01   0.0000000e+00
   2.1000000e+00   5.1604623e-01   0.0000000e+00
   2.1200000e+00   5.1480381e-01   0.0000000e+00
   2.1400000e+00   5.1388356e-01   0.0000000e+00
   2.1600000e+00   5.1328550e-01   0.0000000e+00
   2.1800000e+00   5.1221674e-01   0.0000000e+00
   2.2000000e+00   5.1138869e-01   0.0000000e+00
   2.2200000e+00   5.1080134e-01   0.0000000e+00
   2.2400000e+00   5.1026696e-01   0.0000000e+00
   2.2600000e+00   5.0985662e-01   0.0000000e+00
   2.2800000e+00   5.0957031e-01   0.0000000e+00
   2.3000000e+00   5.0943891e-01   0.0000000e+00
   2.3200000e+00   5.0909864e-01   0.0000000e+00
   2.3400000e+00   5.0854952e-01   0.0000000e+00
   2.3600000e+00   5.0748077e-01   0.0000000e+00
   2.3800000e+00   5.0662824e-01   0.0000000e+00
   2.4000000e+00   5.0599194e-01   0.0000000e+00
   2.4200000e+00   5.0545757e-01   0.0000000e+00
   2.4400000e+00   5.0482363e-01   0.0000000e+00
   2.4600000e+00   5.0409012e-01   0.0000000e+00
   2.4800000e+00   5.0302137e-01   0.0000000e+00
   2.5000000e+00   5.0195262e-01   0.0000000e+00
   2.5200000e+00   5.0088386e-01   0.0000000e+00
   2.5400000e+00   4.9981511e-01   0.0000000e+00
   2.5600000e+00   4.9874635e-01   0.0000000e+00
   2.5800000e+00   4.9767760e-01   0.0000000e+00
   2.6000000e+00   4.9634200e-01   0.0000000e+00
   2.6200000e+00   4.9487264e-01   0.0000000e+00
   2.6400000e+00   4.9326951e-01   0.0000000e+00
   2.6600000e+00   4.9166637e-01   0.0000000e+00
   2.6800000e+00   4.9006324e-01   0.0000000e+00
   2.7000000e+00   4.8846011e-01   0.0000000e+00
   2.7200000e+00   4.8730821e-01   0.0000000e+00
   2.7400000e+00   4.8603060e-01   0.0000000e+00
   2.7600000e+00   4.8462728e-01   0.0000000e+00
   2.7800000e+00   4.8324205e-01   0.0000000e+00
   2.8000000e+00   4.8201505e-01   0.0000000e+00
   2.8200000e+00   4.8094630e-01   0.0000000e+00
   2.8400000e+00   4.7987755e-01   0.0000000e+00
   2.8600000e+00   4.7906826e-01   0.0000000e+00
   2.8800000e+00   4.7851846e-01   0.0000000e+00
   2.9000000e+00   4.7758180e-01   0.0000000e+00
   2.9200000e+00   4.7672190e-01   0.0000000e+00
   2.9400000e+00   4.7593876e-01   0.0000000e+00
   2.9600000e+00   4.7540439e-01   0.0000000e+00
   2.9800000e+00   4.7487001e-01   0.0000000e+00
   3.0000000e+00   4.7433563e-01   0.0000000e+00
   3.0200000e+00   4.7380125e-01   0.0000000e+00
   3.0400000e+00   4.7326688e-01   0.0000000e+00
   3.0600000e+00   4.7273250e-01   0.0000000e+00
   3.0800000e+00   4.7184479e-01   0.0000000e+00
   3.1000000e+00   4.7110323e-01   0.0000000e+00
   3.1200000e+00   4.7050781e-01   0.0000000e+00
   3.1400000e+00   4.7026780e-01   0.0000000e+00
   3.1600000e+00   4.6961509e-01   0.0000000e+00
   3.1800000e+00   4.6854968e-01   0.0000000e+00
   3.2000000e+00   4.6801530e-01   0.0000000e+00
   3.2200000e+00   4.6769145e-01   0.0000000e+00
   3.2400000e+00   4.6757813e-01   0.0000000e+00
   3.2600000e+00   4.6757813e-01   0.0000000e+00
   3.2800000e+00   4.6748426e-01   0.0000000e+00
   3.3000000e+00   4.6729654e-01   0.0000000e+00
   3.3200000e+00   4.6683322e-01   0.0000000e+00
   3.3400000e+00   4.6660156e-01   0.0000000e+00
   3.3600000e+00   4.6660156e-01   0.0000000e+00
   2.2200000e+00   8.3871316e-01   1.0000000e+00
   2.2400000e+00   8.3621091e-01   1.0000000e+00
   2.2600000e+00   8.3374788e-01   1.0000000e+00
   2.2800000e+00   8.3132407e-01   1.0000000e+00
   2.3000000e+00   8.2918656e-01   1.0000000e+00
   2.3200000e+00   8.2704905e-01   1.0000000e+00
   2.3400000e+00   8.2491155e-01   1.0000000e+00
   2.3600000e+00   8.2277404e-01   1.0000000e+00
   2.3800000e+00   8.2085276e-01   1.0000000e+00
   2.4000000e+00   8.1914770e-01   1.0000000e+00
   2.4200000e+00   8.1786036e-01   1.0000000e+00
   2.4400000e+00   8.1668231e-01   1.0000000e+00
   2.4600000e+00   8.1561356e-01   1.0000000e+00
   2.4800000e+00   8.1446235e-01   1.0000000e+00
   2.5000000e+00   8.1308517e-01   1.0000000e+00
   2.5200000e+00   8.1148204e-01   1.0000000e+00
   2.5400000e+00   8.0887856e-01   1.0000000e+00
   2.5600000e+00   8.0643264e-01   1.0000000e+00
   2.5800000e+00   8.0414426e-01   1.0000000e+00
   2.6000000e+00   8.0147306e-01   1.0000000e+00
   2.6200000e+00   7.9860942e-01   1.0000000e+00
   2.6400000e+00   7.9555334e-01   1.0000000e+00
   2.6600000e+00   7.9291497e-01   1.0000000e+00
   2.6800000e+00   7.9052703e-01   1.0000000e+00
   2.7000000e+00   7.8838952e-01   1.0000000e+00
   2.7200000e+00   7.8625202e-01   1.0000000e+00
   2.7400000e+00   7.8411451e-01   1.0000000e+00
   2.7600000e+00   7.8197700e-01   1.0000000e+00
   2.7800000e+00   7.7962159e-01   1.0000000e+00
   2.8000000e+00   7.7710795e-01   1.0000000e+00
   2.8200000e+00   7.7443606e-01   1.0000000e+00
   2.8400000e+00   7.7176418e-01   1.0000000e+00
   2.8600000e+00   7.6935177e-01   1.0000000e+00
   2.8800000e+00   7.6719883e-01   1.0000000e+00
   2.9000000e+00   7.6385447e-01   1.0000000e+00
   2.9200000e+00   7.6045479e-01   1.0000000e+00
   2.9400000e+00   7.5699976e-01   1.0000000e+00
   2.9600000e+00   7.5379350e-01   1.0000000e+00
   2.9800000e+00   7.5061338e-01   1.0000000e+00
   3.0000000e+00   7.4745941e-01   1.0000000e+00
   3.0200000e+00   7.4478752e-01   1.0000000e+00
   3.0400000e+00   7.4211564e-01   1.0000000e+00
   3.0600000e+00   7.3944375e-01   1.0000000e+00
