   6.1000000e-01   9.8840650e-01   0.0000000e+00
   6.3000000e-01   9.7747158e-01   0.0000000e+00
   6.5000000e-01   9.6144901e-01   0.0000000e+00
   6.7000000e-01   9.4194863e-01   0.0000000e+00
   6.9000000e-01   9.1897041e-01   0.0000000e+00
   7.1000000e-01   8.9963426e-01   0.0000000e+00
   7.3000000e-01   8.8129177e-01   0.0000000e+00
   7.5000000e-01   8.6394294e-01   0.0000000e+00
   7.7000000e-01   8.4915268e-01   0.0000000e+00
   7.9000000e-01   8.3550695e-01   0.0000000e+00
   8.1000000e-01   8.2300575e-01   0.0000000e+00
   8.3000000e-01   8.0964632e-01   0.0000000e+00
   8.5000000e-01   7.9680987e-01   0.0000000e+00
   8.7000000e-01   7.8449640e-01   0.0000000e+00
   8.9000000e-01   7.7301835e-01   0.0000000e+00
   9.1000000e-01   7.6239248e-01   0.0000000e+00
   9.3000000e-01   7.5261880e-01   0.0000000e+00
   9.5000000e-01   7.4441473e-01   0.0000000e+00
   9.7000000e-01   7.3657205e-01   0.0000000e+00
   9.9000000e-01   7.2909077e-01   0.0000000e+00
   1.0100000e+00   7.2160950e-01   0.0000000e+00
   1.0300000e+00   7.1460225e-01   0.0000000e+00
   1.0500000e+00   7.0806903e-01   0.0000000e+00
   1.0700000e+00   7.0237123e-01   0.0000000e+00
   1.0900000e+00   6.9709115e-01   0.0000000e+00
   1.1100000e+00   6.9222878e-01   0.0000000e+00
   1.1300000e+00   6.8807780e-01   0.0000000e+00
   1.1500000e+00   6.8411356e-01   0.0000000e+00
   1.1700000e+00   6.8033607e-01   0.0000000e+00
   1.1900000e+00   6.7392354e-01   0.0000000e+00
   1.2100000e+00   6.6857373e-01   0.0000000e+00
   1.2300000e+00   6.6428662e-01   0.0000000e+00
   1.2500000e+00   6.5931231e-01   0.0000000e+00
   1.2700000e+00   6.5398195e-01   0.0000000e+00
   1.2900000e+00   6.4829556e-01   0.0000000e+00
   1.3100000e+00   6.4295179e-01   0.0000000e+00
   1.3300000e+00   6.3760802e-01   0.0000000e+00
   1.3500000e+00   6.3226425e-01   0.0000000e+00
   1.3700000e+00   6.2593487e-01   0.0000000e+00
   1.3900000e+00   6.2012813e-01   0.0000000e+00
   1.4100000e+00   6.1484402e-01   0.0000000e+00
   1.4300000e+00   6.0951568e-01   0.0000000e+00
   1.4500000e+00   6.0398384e-01   0.0000000e+00
   1.4700000e+00   5.9824850e-01   0.0000000e+00
   1.4900000e+00   5.9295702e-01   0.0000000e+00
   1.5100000e+00   5.8817377e-01   0.0000000e+00
   1.5300000e+00   5.8389875e-01   0.0000000e+00
   1.5500000e+00   5.7917988e-01   0.0000000e+00
   1.5700000e+00   5.7507013e-01   0.0000000e+00
   1.5900000e+00   5.7156950e-01   0.0000000e+00
   1.6100000e+00   5.6889762e-01   0.0000000e+00
   1.6300000e+00   5.6613187e-01   0.0000000e+00
   1.6500000e+00   5.6327226e-01   0.0000000e+00
   1.6700000e+00   5.5953162e-01   0.0000000e+00
   1.6900000e+00   5.5655834e-01   0.0000000e+00
   1.7100000e+00   5.5435243e-01   0.0000000e+00
   1.7300000e+00   5.5221492e-01   0.0000000e+00
   1.7500000e+00   5.4993829e-01   0.0000000e+00
   1.7700000e+00   5.4752253e-01   0.0000000e+00
   1.7900000e+00   5.4501223e-01   0.0000000e+00
   1.8100000e+00   5.4268832e-01   0.0000000e+00
   1.8300000e+00   5.4055082e-01   0.0000000e+00
   1.8500000e+00   5.3841331e-01   0.0000000e+00
   1.8700000e+00   5.3650711e-01   0.0000000e+00
   1.8900000e+00   5.3483223e-01   0.0000000e+00
   1.9100000e+00   5.3392103e-01   0.0000000e+00
   1.9300000e+00   5.3308359e-01   0.0000000e+00
   1.9500000e+00   5.3231991e-01   0.0000000e+00
   1.9700000e+00   5.3147643e-01   0.0000000e+00
   1.9900000e+00   5.3105469e-01   0.0000000e+00
   2.0100000e+00   5.3105469e-01   0.0000000e+00
   2.0300000e+00   5.2999399e-01   0.0000000e+00
   2.0500000e+00   5.2954979e-01   0.0000000e+00
   2.0700000e+00   5.2972209e-01   0.0000000e+00
   2.0900000e+00   5.2995945e-01   0.0000000e+00
   2.1100000e+00   5.3007812e-01   0.0000000e+00
   2.1300000e+00   5.3007812e-01   0.0000000e+00
   2.1500000e+00   5.3007812e-01   0.0000000e+00
   2.1700000e+00   5.3007812e-01   0.0000000e+00
   2.1900000e+00   5.3007812e-01   0.0000000e+00
   2.2100000e+00   5.3007812e-01   0.0000000e+00
   2.2300000e+00   5.2971339e-01   0.0000000e+00
   2.2500000e+00   5.2898392e-01   0.0000000e+00
   2.2700000e+00   5.2791516e-01   0.0000000e+00
   2.2900000e+00   5.2678070e-01   0.0000000e+00
   2.3100000e+00   5.2558054e-01   0.0000000e+00
   2.3300000e+00   5.2399215e-01   0.0000000e+00
   2.3500000e+00   5.2266358e-01   0.0000000e+00
   2.3700000e+00   5.2159483e-01   0.0000000e+00
   2.3900000e+00   5.2009362e-01   0.0000000e+00
   2.4100000e+00   5.1869935e-01   0.0000000e+00
   2.4300000e+00   5.1741201e-01   0.0000000e+00
   2.4500000e+00   5.1614413e-01   0.0000000e+00
   2.4700000e+00   5.1470862e-01   0.0000000e+00
   2.4900000e+00   5.1310549e-01   0.0000000e+00
   2.5100000e+00   5.1150236e-01   0.0000000e+00
   2.5300000e+00   5.1014931e-01   0.0000000e+00
   2.5500000e+00   5.0904635e-01   0.0000000e+00
   2.5700000e+00   5.0759409e-01   0.0000000e+00
   2.5900000e+00   5.0619982e-01   0.0000000e+00
   2.6100000e+00   5.0486353e-01   0.0000000e+00
   2.6300000e+00   5.0364460e-01   0.0000000e+00
   2.6500000e+00   5.0223356e-01   0.0000000e+00
   2.6700000e+00   5.0063043e-01   0.0000000e+00
   2.6900000e+00   4.9902730e-01   0.0000000e+00
   2.7100000e+00   4.9742417e-01   0.0000000e+00
   2.7300000e+00   4.9582104e-01   0.0000000e+00
   2.7500000e+00   4.9455247e-01   0.0000000e+00
   2.7700000e+00   4.9338381e-01   0.0000000e+00
   2.7900000e+00   4.9231506e-01   0.0000000e+00
   2.8100000e+00   4.9144877e-01   0.0000000e+00
   2.8300000e+00   4.9101563e-01   0.0000000e+00
   2.8500000e+00   4.9101563e-01   0.0000000e+00
   2.8700000e+00   4.9049668e-01   0.0000000e+00
   2.8900000e+00   4.8997002e-01   0.0000000e+00
   2.9100000e+00   4.8943564e-01   0.0000000e+00
   2.9300000e+00   4.8947250e-01   0.0000000e+00
   2.9500000e+00   4.8984259e-01   0.0000000e+00
   2.9700000e+00   4.9054592e-01   0.0000000e+00
   2.9900000e+00   4.9151010e-01   0.0000000e+00
   3.0100000e+00   4.9199219e-01   0.0000000e+00
   3.0300000e+00   4.9199219e-01   0.0000000e+00
   3.0500000e+00   4.9199219e-01   0.0000000e+00
   3.0700000e+00   4.9171457e-01   0.0000000e+00
   3.0900000e+00   4.9115933e-01   0.0000000e+00
   3.1100000e+00   4.9031959e-01   0.0000000e+00
   3.1300000e+00   4.8947986e-01   0.0000000e+00
   3.1500000e+00   4.8864012e-01   0.0000000e+00
   3.1700000e+00   4.8780038e-01   0.0000000e+00
   3.1900000e+00   4.8696065e-01   0.0000000e+00
   3.2100000e+00   4.8612091e-01   0.0000000e+00
   3.2300000e+00   4.8528118e-01   0.0000000e+00
   3.2500000e+00   4.8444144e-01   0.0000000e+00
   3.2700000e+00   4.8360171e-01   0.0000000e+00
   3.2900000e+00   4.8276197e-01   0.0000000e+00
   3.3100000e+00   4.8201360e-01   0.0000000e+00
   3.3300000e+00   4.8135659e-01   0.0000000e+00
   3.3500000e+00   4.8189097e-01   0.0000000e+00
   3.3700000e+00   4.8193657e-01   0.0000000e+00
   3.3900000e+00   4.8149340e-01   0.0000000e+00
   3.4100000e+00   4.8058692e-01   0.0000000e+00
   3.4300000e+00   4.7972702e-01   0.0000000e+00
   3.4500000e+00   4.7891371e-01   0.0000000e+00
   3.4700000e+00   4.7824056e-01   0.0000000e+00
   3.4900000e+00   4.7735854e-01   0.0000000e+00
   3.5100000e+00   4.7626768e-01   0.0000000e+00
   3.5300000e+00   4.7466455e-01   0.0000000e+00
   3.5500000e+00   4.7328133e-01   0.0000000e+00
   3.5700000e+00   4.7211802e-01   0.0000000e+00
   3.5900000e+00   4.7040295e-01   0.0000000e+00
   3.6100000e+00   4.6847665e-01   0.0000000e+00
   3.6300000e+00   4.6633914e-01   0.0000000e+00
   3.6500000e+00   4.6420164e-01   0.0000000e+00
   3.6700000e+00   4.6206413e-01   0.0000000e+00
   3.6900000e+00   4.5992662e-01   0.0000000e+00
   3.7100000e+00   4.5880420e-01   0.0000000e+00
   3.7300000e+00   4.5751318e-01   0.0000000e+00
   3.7500000e+00   4.5605354e-01   0.0000000e+00
   3.7700000e+00   4.5445041e-01   0.0000000e+00
   3.7900000e+00   4.5284728e-01   0.0000000e+00
   2.0700000e+00   8.4098104e-01   1.0000000e+00
   2.0900000e+00   8.3955561e-01   1.0000000e+00
   2.1100000e+00   8.3777414e-01   1.0000000e+00
   2.1300000e+00   8.3563663e-01   1.0000000e+00
   2.1500000e+00   8.3343544e-01   1.0000000e+00
   2.1700000e+00   8.3099889e-01   1.0000000e+00
   2.1900000e+00   8.2832701e-01   1.0000000e+00
   2.2100000e+00   8.2517372e-01   1.0000000e+00
   2.2300000e+00   8.2217632e-01   1.0000000e+00
   2.2500000e+00   8.1933479e-01   1.0000000e+00
   2.2700000e+00   8.1666291e-01   1.0000000e+00
   2.2900000e+00   8.1405672e-01   1.0000000e+00
   2.3100000e+00   8.1151625e-01   1.0000000e+00
   2.3300000e+00   8.0939348e-01   1.0000000e+00
   2.3500000e+00   8.0753053e-01   1.0000000e+00
   2.3700000e+00   8.0592740e-01   1.0000000e+00
   2.3900000e+00   8.0345936e-01   1.0000000e+00
   2.4100000e+00   8.0057361e-01   1.0000000e+00
   2.4300000e+00   7.9727014e-01   1.0000000e+00
   2.4500000e+00   7.9313125e-01   1.0000000e+00
   2.4700000e+00   7.8865711e-01   1.0000000e+00
   2.4900000e+00   7.8384772e-01   1.0000000e+00
   2.5100000e+00   7.7903832e-01   1.0000000e+00
   2.5300000e+00   7.7522928e-01   1.0000000e+00
   2.5500000e+00   7.7242057e-01   1.0000000e+00
   2.5700000e+00   7.7051571e-01   1.0000000e+00
   2.5900000e+00   7.6889513e-01   1.0000000e+00
   2.6100000e+00   7.6755884e-01   1.0000000e+00
