   6.1000000e-01   9.8862710e-01   0.0000000e+00
   6.3000000e-01   9.7585238e-01   0.0000000e+00
   6.5000000e-01   9.5616426e-01   0.0000000e+00
   6.7000000e-01   9.3349516e-01   0.0000000e+00
   6.9000000e-01   9.0784506e-01   0.0000000e+00
   7.1000000e-01   8.8856857e-01   0.0000000e+00
   7.3000000e-01   8.7018450e-01   0.0000000e+00
   7.5000000e-01   8.5269287e-01   0.0000000e+00
   7.7000000e-01   8.3670244e-01   0.0000000e+00
   7.9000000e-01   8.2165103e-01   0.0000000e+00
   8.1000000e-01   8.0753864e-01   0.0000000e+00
   8.3000000e-01   7.9471359e-01   0.0000000e+00
   8.5000000e-01   7.8267301e-01   0.0000000e+00
   8.7000000e-01   7.7141689e-01   0.0000000e+00
   8.9000000e-01   7.6019497e-01   0.0000000e+00
   9.1000000e-01   7.4955235e-01   0.0000000e+00
   9.3000000e-01   7.3948901e-01   0.0000000e+00
   9.5000000e-01   7.3109653e-01   0.0000000e+00
   9.7000000e-01   7.2339868e-01   0.0000000e+00
   9.9000000e-01   7.1639546e-01   0.0000000e+00
   1.0100000e+00   7.0891418e-01   0.0000000e+00
   1.0300000e+00   7.0214395e-01   0.0000000e+00
   1.0500000e+00   6.9608476e-01   0.0000000e+00
   1.0700000e+00   6.9092134e-01   0.0000000e+00
   1.0900000e+00   6.8641634e-01   0.0000000e+00
   1.1100000e+00   6.8256975e-01   0.0000000e+00
   1.1300000e+00   6.7915365e-01   0.0000000e+00
   1.1500000e+00   6.7451389e-01   0.0000000e+00
   1.1700000e+00   6.6865049e-01   0.0000000e+00
   1.1900000e+00   6.6384110e-01   0.0000000e+00
   1.2100000e+00   6.5988187e-01   0.0000000e+00
   1.2300000e+00   6.5677281e-01   0.0000000e+00
   1.2500000e+00   6.5132515e-01   0.0000000e+00
   1.2700000e+00   6.4543595e-01   0.0000000e+00
   1.2900000e+00   6.3910520e-01   0.0000000e+00
   1.3100000e+00   6.3520563e-01   0.0000000e+00
   1.3300000e+00   6.3245428e-01   0.0000000e+00
   1.3500000e+00   6.3085115e-01   0.0000000e+00
   1.3700000e+00   6.1490702e-01   0.0000000e+00
   1.3900000e+00   6.0562884e-01   0.0000000e+00
   1.4100000e+00   6.0301661e-01   0.0000000e+00
   1.4300000e+00   5.9880332e-01   0.0000000e+00
   1.4500000e+00   5.9384743e-01   0.0000000e+00
   1.4700000e+00   5.8814895e-01   0.0000000e+00
   1.4900000e+00   5.8432988e-01   0.0000000e+00
   1.5100000e+00   5.7974846e-01   0.0000000e+00
   1.5300000e+00   5.7440469e-01   0.0000000e+00
   1.5500000e+00   5.6861706e-01   0.0000000e+00
   1.5700000e+00   5.6376575e-01   0.0000000e+00
   1.5900000e+00   5.5985075e-01   0.0000000e+00
   1.6100000e+00   5.5696834e-01   0.0000000e+00
   1.6300000e+00   5.5392400e-01   0.0000000e+00
   1.6500000e+00   5.5071774e-01   0.0000000e+00
   1.6700000e+00   5.4751148e-01   0.0000000e+00
   1.6900000e+00   5.4481679e-01   0.0000000e+00
   1.7100000e+00   5.4263368e-01   0.0000000e+00
   1.7300000e+00   5.4010126e-01   0.0000000e+00
   1.7500000e+00   5.3749911e-01   0.0000000e+00
   1.7700000e+00   5.3482722e-01   0.0000000e+00
   1.7900000e+00   5.3247850e-01   0.0000000e+00
   1.8100000e+00   5.3048011e-01   0.0000000e+00
   1.8300000e+00   5.2883207e-01   0.0000000e+00
   1.8500000e+00   5.2669456e-01   0.0000000e+00
   1.8700000e+00   5.2501968e-01   0.0000000e+00
   1.8900000e+00   5.2380743e-01   0.0000000e+00
   1.9100000e+00   5.2308464e-01   0.0000000e+00
   1.9300000e+00   5.2257070e-01   0.0000000e+00
   1.9500000e+00   5.2226562e-01   0.0000000e+00
   1.9700000e+00   5.2204036e-01   0.0000000e+00
   1.9900000e+00   5.2139334e-01   0.0000000e+00
   2.0100000e+00   5.2032459e-01   0.0000000e+00
   2.0300000e+00   5.2031653e-01   0.0000000e+00
   2.0500000e+00   5.2010566e-01   0.0000000e+00
   2.0700000e+00   5.1969198e-01   0.0000000e+00
   2.0900000e+00   5.1975163e-01   0.0000000e+00
   2.1100000e+00   5.1995848e-01   0.0000000e+00
   2.1300000e+00   5.2031250e-01   0.0000000e+00
   2.1500000e+00   5.2031250e-01   0.0000000e+00
   2.1700000e+00   5.2031250e-01   0.0000000e+00
   2.1900000e+00   5.2031250e-01   0.0000000e+00
   2.2100000e+00   5.2031250e-01   0.0000000e+00
   2.2300000e+00   5.2031250e-01   0.0000000e+00
   2.2500000e+00   5.2031250e-01   0.0000000e+00
   2.2700000e+00   5.1981636e-01   0.0000000e+00
   2.2900000e+00   5.1903391e-01   0.0000000e+00
   2.3100000e+00   5.1796515e-01   0.0000000e+00
   2.3300000e+00   5.1689640e-01   0.0000000e+00
   2.3500000e+00   5.1582765e-01   0.0000000e+00
   2.3700000e+00   5.1475889e-01   0.0000000e+00
   2.3900000e+00   5.1369014e-01   0.0000000e+00
   2.4100000e+00   5.1262138e-01   0.0000000e+00
   2.4300000e+00   5.1155263e-01   0.0000000e+00
   2.4500000e+00   5.1008562e-01   0.0000000e+00
   2.4700000e+00   5.0840706e-01   0.0000000e+00
   2.4900000e+00   5.0651693e-01   0.0000000e+00
   2.5100000e+00   5.0598256e-01   0.0000000e+00
   2.5300000e+00   5.0494801e-01   0.0000000e+00
   2.5500000e+00   5.0341328e-01   0.0000000e+00
   2.5700000e+00   5.0181015e-01   0.0000000e+00
   2.5900000e+00   5.0034044e-01   0.0000000e+00
   2.6100000e+00   4.9900416e-01   0.0000000e+00
   2.6300000e+00   4.9778522e-01   0.0000000e+00
   2.6500000e+00   4.9637419e-01   0.0000000e+00
   2.6700000e+00   4.9477106e-01   0.0000000e+00
   2.6900000e+00   4.9316793e-01   0.0000000e+00
   2.7100000e+00   4.9179041e-01   0.0000000e+00
   2.7300000e+00   4.9063851e-01   0.0000000e+00
   2.7500000e+00   4.8923519e-01   0.0000000e+00
   2.7700000e+00   4.8794986e-01   0.0000000e+00
   2.7900000e+00   4.8678253e-01   0.0000000e+00
   2.8100000e+00   4.8624815e-01   0.0000000e+00
   2.8300000e+00   4.8571377e-01   0.0000000e+00
   2.8500000e+00   4.8517940e-01   0.0000000e+00
   2.8700000e+00   4.8577727e-01   0.0000000e+00
   2.8900000e+00   4.8639197e-01   0.0000000e+00
   2.9100000e+00   4.8702350e-01   0.0000000e+00
   2.9300000e+00   4.8765504e-01   0.0000000e+00
   2.9500000e+00   4.8828658e-01   0.0000000e+00
   2.9700000e+00   4.8891811e-01   0.0000000e+00
   2.9900000e+00   4.8954965e-01   0.0000000e+00
   3.0100000e+00   4.9018119e-01   0.0000000e+00
   3.0300000e+00   4.9081272e-01   0.0000000e+00
   3.0500000e+00   4.9144426e-01   0.0000000e+00
   3.0700000e+00   4.9207580e-01   0.0000000e+00
   3.0900000e+00   4.9270733e-01   0.0000000e+00
   3.1100000e+00   4.9333887e-01   0.0000000e+00
   3.1300000e+00   4.9397041e-01   0.0000000e+00
   3.1500000e+00   4.9460194e-01   0.0000000e+00
   3.1700000e+00   4.9523348e-01   0.0000000e+00
   3.1900000e+00   4.9586502e-01   0.0000000e+00
   3.2100000e+00   4.9649655e-01   0.0000000e+00
   3.2300000e+00   4.9712809e-01   0.0000000e+00
   3.2500000e+00   4.9788415e-01   0.0000000e+00
   3.2700000e+00   4.9876473e-01   0.0000000e+00
   3.2900000e+00   4.9908259e-01   0.0000000e+00
   3.3100000e+00   4.9867161e-01   0.0000000e+00
   3.3300000e+00   4.9753179e-01   0.0000000e+00
   3.3500000e+00   4.9592866e-01   0.0000000e+00
   3.3700000e+00   4.9408115e-01   0.0000000e+00
   3.3900000e+00   4.9198924e-01   0.0000000e+00
   3.4100000e+00   4.8947963e-01   0.0000000e+00
   3.4300000e+00   4.8714432e-01   0.0000000e+00
   3.4500000e+00   4.8498332e-01   0.0000000e+00
   3.4700000e+00   4.8338019e-01   0.0000000e+00
   3.4900000e+00   4.8177706e-01   0.0000000e+00
   3.5100000e+00   4.8017393e-01   0.0000000e+00
   3.5300000e+00   4.7857080e-01   0.0000000e+00
   3.5500000e+00   4.7718758e-01   0.0000000e+00
   3.5700000e+00   4.7602427e-01   0.0000000e+00
   3.5900000e+00   4.7430920e-01   0.0000000e+00
   3.6100000e+00   4.7238290e-01   0.0000000e+00
   3.6300000e+00   4.7024539e-01   0.0000000e+00
   3.6500000e+00   4.6828755e-01   0.0000000e+00
   3.6700000e+00   4.6677425e-01   0.0000000e+00
   3.6900000e+00   4.6570550e-01   0.0000000e+00
   3.7100000e+00   4.6362165e-01   0.0000000e+00
   3.7300000e+00   4.6170642e-01   0.0000000e+00
   3.7500000e+00   4.5995979e-01   0.0000000e+00
   3.7700000e+00   4.5835666e-01   0.0000000e+00
   3.7900000e+00   4.5691108e-01   0.0000000e+00
   2.0000000e+00   8.3453033e-01   1.0000000e+00
   2.0200000e+00   8.3212564e-01   1.0000000e+00
   2.0400000e+00   8.2972094e-01   1.0000000e+00
   2.0600000e+00   8.2752308e-01   1.0000000e+00
   2.0800000e+00   8.2550391e-01   1.0000000e+00
   2.1000000e+00   8.2366342e-01   1.0000000e+00
   2.1200000e+00   8.2169958e-01   1.0000000e+00
   2.1400000e+00   8.1941357e-01   1.0000000e+00
   2.1600000e+00   8.1680537e-01   1.0000000e+00
   2.1800000e+00   8.1466786e-01   1.0000000e+00
   2.2000000e+00   8.1228965e-01   1.0000000e+00
   2.2200000e+00   8.0967074e-01   1.0000000e+00
   2.2400000e+00   8.0736359e-01   1.0000000e+00
   2.2600000e+00   8.0576145e-01   1.0000000e+00
   2.2800000e+00   8.0486430e-01   1.0000000e+00
   2.3000000e+00   8.0417221e-01   1.0000000e+00
   2.3200000e+00   8.0159959e-01   1.0000000e+00
   2.3400000e+00   7.9714645e-01   1.0000000e+00
   2.3600000e+00   7.9269331e-01   1.0000000e+00
   2.3800000e+00   7.8824017e-01   1.0000000e+00
   2.4000000e+00   7.8378702e-01   1.0000000e+00
   2.4200000e+00   7.8133389e-01   1.0000000e+00
   2.4400000e+00   7.7937381e-01   1.0000000e+00
   2.4600000e+00   7.7790681e-01   1.0000000e+00
   2.4800000e+00   7.7609914e-01   1.0000000e+00
   2.5000000e+00   7.7519531e-01   1.0000000e+00
   2.5200000e+00   7.7519531e-01   1.0000000e+00
