   6.1000000e-01   9.6941400e-01   0.0000000e+00
   6.3000000e-01   9.5580719e-01   0.0000000e+00
   6.5000000e-01   9.3726292e-01   0.0000000e+00
   6.7000000e-01   9.1623450e-01   0.0000000e+00
   6.9000000e-01   8.9272191e-01   0.0000000e+00
   7.1000000e-01   8.7148560e-01   0.0000000e+00
   7.3000000e-01   8.5146288e-01   0.0000000e+00
   7.5000000e-01   8.3265373e-01   0.0000000e+00
   7.7000000e-01   8.1590700e-01   0.0000000e+00
   7.9000000e-01   7.9989043e-01   0.0000000e+00
   8.1000000e-01   7.8460402e-01   0.0000000e+00
   8.3000000e-01   7.7017584e-01   0.0000000e+00
   8.5000000e-01   7.5653212e-01   0.0000000e+00
   8.7000000e-01   7.4367287e-01   0.0000000e+00
   8.9000000e-01   7.3247307e-01   0.0000000e+00
   9.1000000e-01   7.2181904e-01   0.0000000e+00
   9.3000000e-01   7.1171079e-01   0.0000000e+00
   9.5000000e-01   7.0295692e-01   0.0000000e+00
   9.7000000e-01   6.9516284e-01   0.0000000e+00
   9.9000000e-01   6.8832858e-01   0.0000000e+00
   1.0100000e+00   6.8245043e-01   0.0000000e+00
   1.0300000e+00   6.7657228e-01   0.0000000e+00
   1.0500000e+00   6.7069414e-01   0.0000000e+00
   1.0700000e+00   6.6517335e-01   0.0000000e+00
   1.0900000e+00   6.6022248e-01   0.0000000e+00
   1.1100000e+00   6.5584151e-01   0.0000000e+00
   1.1300000e+00   6.5226314e-01   0.0000000e+00
   1.1500000e+00   6.4807663e-01   0.0000000e+00
   1.1700000e+00   6.4328198e-01   0.0000000e+00
   1.1900000e+00   6.3954134e-01   0.0000000e+00
   1.2100000e+00   6.3601324e-01   0.0000000e+00
   1.2300000e+00   6.3269769e-01   0.0000000e+00
   1.2500000e+00   6.2918300e-01   0.0000000e+00
   1.2700000e+00   6.2555534e-01   0.0000000e+00
   1.2900000e+00   6.2181471e-01   0.0000000e+00
   1.3100000e+00   6.1807407e-01   0.0000000e+00
   1.3300000e+00   6.1433343e-01   0.0000000e+00
   1.3500000e+00   6.1059279e-01   0.0000000e+00
   1.3700000e+00   6.0635935e-01   0.0000000e+00
   1.3900000e+00   6.0248125e-01   0.0000000e+00
   1.4100000e+00   5.9895851e-01   0.0000000e+00
   1.4300000e+00   5.9523331e-01   0.0000000e+00
   1.4500000e+00   5.9130460e-01   0.0000000e+00
   1.4700000e+00   5.8717239e-01   0.0000000e+00
   1.4900000e+00   5.8340561e-01   0.0000000e+00
   1.5100000e+00   5.7938471e-01   0.0000000e+00
   1.5300000e+00   5.7510969e-01   0.0000000e+00
   1.5500000e+00   5.7216624e-01   0.0000000e+00
   1.5700000e+00   5.6919498e-01   0.0000000e+00
   1.5900000e+00   5.6619590e-01   0.0000000e+00
   1.6100000e+00   5.6277911e-01   0.0000000e+00
   1.6300000e+00   5.5924733e-01   0.0000000e+00
   1.6500000e+00   5.5560055e-01   0.0000000e+00
   1.6700000e+00   5.5239429e-01   0.0000000e+00
   1.6900000e+00   5.4969960e-01   0.0000000e+00
   1.7100000e+00   5.4751649e-01   0.0000000e+00
   1.7300000e+00   5.4537898e-01   0.0000000e+00
   1.7500000e+00   5.4310235e-01   0.0000000e+00
   1.7700000e+00   5.4068660e-01   0.0000000e+00
   1.7900000e+00   5.3849945e-01   0.0000000e+00
   1.8100000e+00   5.3684905e-01   0.0000000e+00
   1.8300000e+00   5.3573538e-01   0.0000000e+00
   1.8500000e+00   5.3413225e-01   0.0000000e+00
   1.8700000e+00   5.3252912e-01   0.0000000e+00
   1.8900000e+00   5.3092598e-01   0.0000000e+00
   1.9100000e+00   5.3001478e-01   0.0000000e+00
   1.9300000e+00   5.2906269e-01   0.0000000e+00
   1.9500000e+00   5.2806972e-01   0.0000000e+00
   1.9700000e+00   5.2646659e-01   0.0000000e+00
   1.9900000e+00   5.2486345e-01   0.0000000e+00
   2.0100000e+00   5.2326032e-01   0.0000000e+00
   2.0300000e+00   5.2165719e-01   0.0000000e+00
   2.0500000e+00   5.2026090e-01   0.0000000e+00
   2.0700000e+00   5.1907145e-01   0.0000000e+00
   2.0900000e+00   5.1740866e-01   0.0000000e+00
   2.1100000e+00   5.1568887e-01   0.0000000e+00
   2.1300000e+00   5.1391207e-01   0.0000000e+00
   2.1500000e+00   5.1284331e-01   0.0000000e+00
   2.1700000e+00   5.1177456e-01   0.0000000e+00
   2.1900000e+00   5.1070580e-01   0.0000000e+00
   2.2100000e+00   5.1011845e-01   0.0000000e+00
   2.2300000e+00   5.0937522e-01   0.0000000e+00
   2.2500000e+00   5.0847610e-01   0.0000000e+00
   2.2700000e+00   5.0740735e-01   0.0000000e+00
   2.2900000e+00   5.0633860e-01   0.0000000e+00
   2.3100000e+00   5.0526984e-01   0.0000000e+00
   2.3300000e+00   5.0420109e-01   0.0000000e+00
   2.3500000e+00   5.0313233e-01   0.0000000e+00
   2.3700000e+00   5.0206358e-01   0.0000000e+00
   2.3900000e+00   5.0056237e-01   0.0000000e+00
   2.4100000e+00   4.9916810e-01   0.0000000e+00
   2.4300000e+00   4.9788076e-01   0.0000000e+00
   2.4500000e+00   4.9641375e-01   0.0000000e+00
   2.4700000e+00   4.9465272e-01   0.0000000e+00
   2.4900000e+00   4.9259768e-01   0.0000000e+00
   2.5100000e+00   4.9099454e-01   0.0000000e+00
   2.5300000e+00   4.8939141e-01   0.0000000e+00
   2.5500000e+00   4.8778828e-01   0.0000000e+00
   2.5700000e+00   4.8618515e-01   0.0000000e+00
   2.5900000e+00   4.8471544e-01   0.0000000e+00
   2.6100000e+00   4.8337915e-01   0.0000000e+00
   2.6300000e+00   4.8216022e-01   0.0000000e+00
   2.6500000e+00   4.8076595e-01   0.0000000e+00
   2.6700000e+00   4.7919633e-01   0.0000000e+00
   2.6900000e+00   4.7812758e-01   0.0000000e+00
   2.7100000e+00   4.7705882e-01   0.0000000e+00
   2.7300000e+00   4.7599007e-01   0.0000000e+00
   2.7500000e+00   4.7458675e-01   0.0000000e+00
   2.7700000e+00   4.7308353e-01   0.0000000e+00
   2.7900000e+00   4.7148040e-01   0.0000000e+00
   2.8100000e+00   4.6977603e-01   0.0000000e+00
   2.8300000e+00   4.6785510e-01   0.0000000e+00
   2.8500000e+00   4.6571759e-01   0.0000000e+00
   2.8700000e+00   4.6461797e-01   0.0000000e+00
   2.8900000e+00   4.6333265e-01   0.0000000e+00
   2.9100000e+00   4.6186161e-01   0.0000000e+00
   2.9300000e+00   4.6054410e-01   0.0000000e+00
   2.9500000e+00   4.5926649e-01   0.0000000e+00
   2.9700000e+00   4.5802878e-01   0.0000000e+00
   2.9900000e+00   4.5647794e-01   0.0000000e+00
   3.0100000e+00   4.5516814e-01   0.0000000e+00
   3.0300000e+00   4.5409938e-01   0.0000000e+00
   3.0500000e+00   4.5303063e-01   0.0000000e+00
   3.0700000e+00   4.5178521e-01   0.0000000e+00
   3.0900000e+00   4.5036312e-01   0.0000000e+00
   3.1100000e+00   4.4923333e-01   0.0000000e+00
   3.1300000e+00   4.4828124e-01   0.0000000e+00
   3.1500000e+00   4.4750685e-01   0.0000000e+00
   3.1700000e+00   4.4591040e-01   0.0000000e+00
   3.1900000e+00   4.4484499e-01   0.0000000e+00
   3.2100000e+00   4.4431061e-01   0.0000000e+00
   3.2300000e+00   4.4293413e-01   0.0000000e+00
   3.2500000e+00   4.4159651e-01   0.0000000e+00
   3.2700000e+00   4.4029777e-01   0.0000000e+00
   3.2900000e+00   4.3941674e-01   0.0000000e+00
   3.3100000e+00   4.3867351e-01   0.0000000e+00
   3.3300000e+00   4.3806807e-01   0.0000000e+00
   3.3500000e+00   4.3699932e-01   0.0000000e+00
   3.3700000e+00   4.3666372e-01   0.0000000e+00
   3.3900000e+00   4.3706128e-01   0.0000000e+00
   2.0000000e+00   7.9972575e-01   1.0000000e+00
   2.0200000e+00   7.9732307e-01   1.0000000e+00
   2.0400000e+00   7.9465521e-01   1.0000000e+00
   2.0600000e+00   7.9198333e-01   1.0000000e+00
   2.0800000e+00   7.8916293e-01   1.0000000e+00
   2.1000000e+00   7.8619403e-01   1.0000000e+00
   2.1200000e+00   7.8316812e-01   1.0000000e+00
   2.1400000e+00   7.8031922e-01   1.0000000e+00
   2.1600000e+00   7.7764734e-01   1.0000000e+00
   2.1800000e+00   7.7497545e-01   1.0000000e+00
   2.2000000e+00   7.7230357e-01   1.0000000e+00
   2.2200000e+00   7.6963168e-01   1.0000000e+00
   2.2400000e+00   7.6659506e-01   1.0000000e+00
   2.2600000e+00   7.6359765e-01   1.0000000e+00
   2.2800000e+00   7.6063946e-01   1.0000000e+00
   2.3000000e+00   7.5796758e-01   1.0000000e+00
   2.3200000e+00   7.5529569e-01   1.0000000e+00
   2.3400000e+00   7.5262381e-01   1.0000000e+00
   2.3600000e+00   7.4995192e-01   1.0000000e+00
   2.3800000e+00   7.4706381e-01   1.0000000e+00
   2.4000000e+00   7.4395947e-01   1.0000000e+00
   2.4200000e+00   7.4138479e-01   1.0000000e+00
   2.4400000e+00   7.3902869e-01   1.0000000e+00
   2.4600000e+00   7.3689118e-01   1.0000000e+00
   2.4800000e+00   7.3491860e-01   1.0000000e+00
   2.5000000e+00   7.3339793e-01   1.0000000e+00
   2.5200000e+00   7.3232917e-01   1.0000000e+00
   2.5400000e+00   7.3126042e-01   1.0000000e+00
   2.5600000e+00   7.3019167e-01   1.0000000e+00
   2.5800000e+00   7.2912291e-01   1.0000000e+00
   2.6000000e+00   7.2858785e-01   1.0000000e+00
   2.6200000e+00   7.2817013e-01   1.0000000e+00
   2.6400000e+00   7.2786977e-01   1.0000000e+00
   2.6600000e+00   7.2683453e-01   1.0000000e+00
   2.6800000e+00   7.2604973e-01   1.0000000e+00
   2.7000000e+00   7.2551535e-01   1.0000000e+00
   2.7200000e+00   7.2452975e-01   1.0000000e+00
   2.7400000e+00   7.2350257e-01   1.0000000e+00
   2.7600000e+00   7.2243381e-01   1.0000000e+00
   2.7800000e+00   7.2114716e-01   1.0000000e+00
   2.8000000e+00   7.1956729e-01   1.0000000e+00
   2.8200000e+00   7.1769421e-01   1.0000000e+00
   2.8400000e+00   7.1466607e-01   1.0000000e+00
   2.8600000e+00   7.1163793e-01   1.0000000e+00
   2.8800000e+00   7.0860979e-01   1.0000000e+00
   2.9000000e+00   7.0558166e-01   1.0000000e+00
   2.9200000e+00   7.0279154e-01   1.0000000e+00
   2.9400000e+00   7.0023943e-01   1.0000000e+00
   2.9600000e+00   6.9793297e-01   1.0000000e+00
