   6.0000000e-01   9.8175598e-01   0.0000000e+00
   6.2000000e-01   9.6449099e-01   0.0000000e+00
   6.4000000e-01   9.4551761e-01   0.0000000e+00
   6.6000000e-01   9.2483583e-01   0.0000000e+00
   6.8000000e-01   8.9918574e-01   0.0000000e+00
   7.0000000e-01   8.7603955e-01   0.0000000e+00
   7.2000000e-01   8.5539729e-01   0.0000000e+00
   7.4000000e-01   8.3562533e-01   0.0000000e+00
   7.6000000e-01   8.1707399e-01   0.0000000e+00
   7.8000000e-01   7.9974325e-01   0.0000000e+00
   8.0000000e-01   7.8574418e-01   0.0000000e+00
   8.2000000e-01   7.7153056e-01   0.0000000e+00
   8.4000000e-01   7.5710238e-01   0.0000000e+00
   8.6000000e-01   7.4790395e-01   0.0000000e+00
   8.8000000e-01   7.3835623e-01   0.0000000e+00
   9.0000000e-01   7.2845920e-01   0.0000000e+00
   9.2000000e-01   7.2004391e-01   0.0000000e+00
   9.4000000e-01   7.1262229e-01   0.0000000e+00
   9.6000000e-01   7.0619433e-01   0.0000000e+00
   9.8000000e-01   7.0101952e-01   0.0000000e+00
   1.0000000e+00   6.9656179e-01   0.0000000e+00
   1.0200000e+00   6.9282115e-01   0.0000000e+00
   1.0400000e+00   6.8860648e-01   0.0000000e+00
   1.0600000e+00   6.8418295e-01   0.0000000e+00
   1.0800000e+00   6.7955057e-01   0.0000000e+00
   1.1000000e+00   6.7546328e-01   0.0000000e+00
   1.1200000e+00   6.7175448e-01   0.0000000e+00
   1.1400000e+00   6.6842419e-01   0.0000000e+00
   1.1600000e+00   6.6468355e-01   0.0000000e+00
   1.1800000e+00   6.6094291e-01   0.0000000e+00
   1.2000000e+00   6.5720227e-01   0.0000000e+00
   1.2200000e+00   6.5431180e-01   0.0000000e+00
   1.2400000e+00   6.5106799e-01   0.0000000e+00
   1.2600000e+00   6.4747085e-01   0.0000000e+00
   1.2800000e+00   6.4357934e-01   0.0000000e+00
   1.3000000e+00   6.4003046e-01   0.0000000e+00
   1.3200000e+00   6.3682419e-01   0.0000000e+00
   1.3400000e+00   6.3361793e-01   0.0000000e+00
   1.3600000e+00   6.3041167e-01   0.0000000e+00
   1.3800000e+00   6.2720541e-01   0.0000000e+00
   1.4000000e+00   6.2437528e-01   0.0000000e+00
   1.4200000e+00   6.2149454e-01   0.0000000e+00
   1.4400000e+00   6.1856318e-01   0.0000000e+00
   1.4600000e+00   6.1535692e-01   0.0000000e+00
   1.4800000e+00   6.1216373e-01   0.0000000e+00
   1.5000000e+00   6.0898361e-01   0.0000000e+00
   1.5200000e+00   6.0631173e-01   0.0000000e+00
   1.5400000e+00   6.0363984e-01   0.0000000e+00
   1.5600000e+00   6.0096795e-01   0.0000000e+00
   1.5800000e+00   5.9829607e-01   0.0000000e+00
   1.6000000e+00   5.9562418e-01   0.0000000e+00
   1.6200000e+00   5.9295230e-01   0.0000000e+00
   1.6400000e+00   5.9028041e-01   0.0000000e+00
   1.6600000e+00   5.8760853e-01   0.0000000e+00
   1.6800000e+00   5.8493664e-01   0.0000000e+00
   1.7000000e+00   5.8226476e-01   0.0000000e+00
   1.7200000e+00   5.7959287e-01   0.0000000e+00
   1.7400000e+00   5.7692099e-01   0.0000000e+00
   1.7600000e+00   5.7452735e-01   0.0000000e+00
   1.7800000e+00   5.7218098e-01   0.0000000e+00
   1.8000000e+00   5.6988189e-01   0.0000000e+00
   1.8200000e+00   5.6721001e-01   0.0000000e+00
   1.8400000e+00   5.6453812e-01   0.0000000e+00
   1.8600000e+00   5.6186624e-01   0.0000000e+00
   1.8800000e+00   5.5919435e-01   0.0000000e+00
   1.9000000e+00   5.5669545e-01   0.0000000e+00
   1.9200000e+00   5.5436953e-01   0.0000000e+00
   1.9400000e+00   5.5223202e-01   0.0000000e+00
   1.9600000e+00   5.5015083e-01   0.0000000e+00
   1.9800000e+00   5.4812596e-01   0.0000000e+00
   2.0000000e+00   5.4652283e-01   0.0000000e+00
   2.0200000e+00   5.4465452e-01   0.0000000e+00
   2.0400000e+00   5.4252104e-01   0.0000000e+00
   2.0600000e+00   5.4121090e-01   0.0000000e+00
   2.0800000e+00   5.3987294e-01   0.0000000e+00
   2.1000000e+00   5.3850717e-01   0.0000000e+00
   2.1200000e+00   5.3690404e-01   0.0000000e+00
   2.1400000e+00   5.3530091e-01   0.0000000e+00
   2.1600000e+00   5.3369778e-01   0.0000000e+00
   2.1800000e+00   5.3209465e-01   0.0000000e+00
   2.2000000e+00   5.3049151e-01   0.0000000e+00
   2.2200000e+00   5.2888838e-01   0.0000000e+00
   2.2400000e+00   5.2764999e-01   0.0000000e+00
   2.2600000e+00   5.2637238e-01   0.0000000e+00
   2.2800000e+00   5.2505555e-01   0.0000000e+00
   2.3000000e+00   5.2358383e-01   0.0000000e+00
   2.3200000e+00   5.2230622e-01   0.0000000e+00
   2.3400000e+00   5.2122272e-01   0.0000000e+00
   2.3600000e+00   5.1961959e-01   0.0000000e+00
   2.3800000e+00   5.1844891e-01   0.0000000e+00
   2.4000000e+00   5.1771069e-01   0.0000000e+00
   2.4200000e+00   5.1686053e-01   0.0000000e+00
   2.4400000e+00   5.1600063e-01   0.0000000e+00
   2.4600000e+00   5.1513100e-01   0.0000000e+00
   2.4800000e+00   5.1459662e-01   0.0000000e+00
   2.5000000e+00   5.1406225e-01   0.0000000e+00
   2.5200000e+00   5.1352787e-01   0.0000000e+00
   2.5400000e+00   5.1249332e-01   0.0000000e+00
   2.5600000e+00   5.1163342e-01   0.0000000e+00
   2.5800000e+00   5.1094818e-01   0.0000000e+00
   2.6000000e+00   5.1014695e-01   0.0000000e+00
   2.6200000e+00   5.0913688e-01   0.0000000e+00
   2.6400000e+00   5.0791794e-01   0.0000000e+00
   2.6600000e+00   5.0631481e-01   0.0000000e+00
   2.6800000e+00   5.0471168e-01   0.0000000e+00
   2.7000000e+00   5.0310855e-01   0.0000000e+00
   2.7200000e+00   5.0105419e-01   0.0000000e+00
   2.7400000e+00   4.9929282e-01   0.0000000e+00
   2.7600000e+00   4.9782444e-01   0.0000000e+00
   2.7800000e+00   4.9653779e-01   0.0000000e+00
   2.8000000e+00   4.9509289e-01   0.0000000e+00
   2.8200000e+00   4.9348976e-01   0.0000000e+00
   2.8400000e+00   4.9188663e-01   0.0000000e+00
   2.1600000e+00   7.7969599e-01   1.0000000e+00
   2.1800000e+00   7.7755849e-01   1.0000000e+00
   2.2000000e+00   7.7469888e-01   1.0000000e+00
   2.2200000e+00   7.7111717e-01   1.0000000e+00
   2.2400000e+00   7.6847074e-01   1.0000000e+00
   2.2600000e+00   7.6607877e-01   1.0000000e+00
   2.2800000e+00   7.6394126e-01   1.0000000e+00
   2.3000000e+00   7.6193516e-01   1.0000000e+00
   2.3200000e+00   7.6011580e-01   1.0000000e+00
   2.3400000e+00   7.5848318e-01   1.0000000e+00
   2.3600000e+00   7.5581130e-01   1.0000000e+00
   2.3800000e+00   7.5357187e-01   1.0000000e+00
   2.4000000e+00   7.5176489e-01   1.0000000e+00
   2.4200000e+00   7.4953018e-01   1.0000000e+00
   2.4400000e+00   7.4727601e-01   1.0000000e+00
   2.4600000e+00   7.4500237e-01   1.0000000e+00
   2.4800000e+00   7.4331678e-01   1.0000000e+00
   2.5000000e+00   7.4140523e-01   1.0000000e+00
   2.5200000e+00   7.3926772e-01   1.0000000e+00
   2.5400000e+00   7.3713021e-01   1.0000000e+00
   2.5600000e+00   7.3499271e-01   1.0000000e+00
   2.5800000e+00   7.3285520e-01   1.0000000e+00
   2.6000000e+00   7.3098453e-01   1.0000000e+00
   2.6200000e+00   7.2924764e-01   1.0000000e+00
   2.6400000e+00   7.2764450e-01   1.0000000e+00
   2.6600000e+00   7.2600786e-01   1.0000000e+00
   2.6800000e+00   7.2412078e-01   1.0000000e+00
   2.7000000e+00   7.2198327e-01   1.0000000e+00
   2.7200000e+00   7.2074822e-01   1.0000000e+00
   2.7400000e+00   7.1942903e-01   1.0000000e+00
   2.7600000e+00   7.1802572e-01   1.0000000e+00
   2.7800000e+00   7.1642259e-01   1.0000000e+00
   2.8000000e+00   7.1481946e-01   1.0000000e+00
   2.8200000e+00   7.1321632e-01   1.0000000e+00
   2.8400000e+00   7.1161319e-01   1.0000000e+00
   2.8600000e+00   7.0975059e-01   1.0000000e+00
   2.8800000e+00   7.0762851e-01   1.0000000e+00
   2.9000000e+00   7.0549100e-01   1.0000000e+00
   2.9200000e+00   7.0335350e-01   1.0000000e+00
   2.9400000e+00   7.0121599e-01   1.0000000e+00
   2.9600000e+00   6.9907848e-01   1.0000000e+00
   2.9800000e+00   6.9694097e-01   1.0000000e+00
   3.0000000e+00   6.9480346e-01   1.0000000e+00
   3.0200000e+00   6.9266596e-01   1.0000000e+00
   3.0400000e+00   6.9099845e-01   1.0000000e+00
   3.0600000e+00   6.8980094e-01   1.0000000e+00
   3.0800000e+00   6.8802551e-01   1.0000000e+00
   3.1000000e+00   6.8618738e-01   1.0000000e+00
   3.1200000e+00   6.8428655e-01   1.0000000e+00
   3.1400000e+00   6.8280342e-01   1.0000000e+00
   3.1600000e+00   6.8152748e-01   1.0000000e+00
   3.1800000e+00   6.8045873e-01   1.0000000e+00
   3.2000000e+00   6.7938997e-01   1.0000000e+00
   3.2200000e+00   6.7768964e-01   1.0000000e+00
   3.2400000e+00   6.7535772e-01   1.0000000e+00
   3.2600000e+00   6.7299023e-01   1.0000000e+00
   3.2800000e+00   6.7083159e-01   1.0000000e+00
   3.3000000e+00   6.6888180e-01   1.0000000e+00
   3.3200000e+00   6.6720761e-01   1.0000000e+00
   3.3400000e+00   6.6530176e-01   1.0000000e+00
   3.3600000e+00   6.6316425e-01   1.0000000e+00
   3.3800000e+00   6.6102675e-01   1.0000000e+00
   3.4000000e+00   6.5888924e-01   1.0000000e+00
   3.4200000e+00   6.5675173e-01   1.0000000e+00
   3.4400000e+00   6.5512511e-01   1.0000000e+00
   3.4600000e+00   6.5377742e-01   1.0000000e+00
   3.4800000e+00   6.5270867e-01   1.0000000e+00
   3.5000000e+00   6.5163991e-01   1.0000000e+00
   3.5200000e+00   6.5057116e-01   1.0000000e+00
   3.5400000e+00   6.4950240e-01   1.0000000e+00
   3.5600000e+00   6.4931330e-01   1.0000000e+00
   3.5800000e+00   6.4921875e-01   1.0000000e+00
   3.6000000e+00   6.4921875e-01   1.0000000e+00
   3.6200000e+00   6.4901225e-01   1.0000000e+00
   3.6400000e+00   6.4859690e-01   1.0000000e+00
   3.6600000e+00   6.4797269e-01   1.0000000e+00
   3.6800000e+00   6.4690394e-01   1.0000000e+00
   3.7000000e+00   6.4558141e-01   1.0000000e+00
   3.7200000e+00   6.4400511e-01   1.0000000e+00
