   6.0000000e-01   9.3106024e-01   0.0000000e+00
   6.2000000e-01   9.0758726e-01   0.0000000e+00
   6.4000000e-01   8.7987140e-01   0.0000000e+00
   6.6000000e-01   8.4791266e-01   0.0000000e+00
   6.8000000e-01   8.2440008e-01   0.0000000e+00
   7.0000000e-01   8.0316377e-01   0.0000000e+00
   7.2000000e-01   7.8420375e-01   0.0000000e+00
   7.4000000e-01   7.6434197e-01   0.0000000e+00
   7.6000000e-01   7.4365784e-01   0.0000000e+00
   7.8000000e-01   7.2215135e-01   0.0000000e+00
   8.0000000e-01   7.0097067e-01   0.0000000e+00
   8.2000000e-01   6.8236468e-01   0.0000000e+00
   8.4000000e-01   6.6633337e-01   0.0000000e+00
   8.6000000e-01   6.5396289e-01   0.0000000e+00
   8.8000000e-01   6.4285125e-01   0.0000000e+00
   9.0000000e-01   6.3299844e-01   0.0000000e+00
   9.2000000e-01   6.2507262e-01   0.0000000e+00
   9.4000000e-01   6.1763625e-01   0.0000000e+00
   9.6000000e-01   6.1068935e-01   0.0000000e+00
   9.8000000e-01   6.0374245e-01   0.0000000e+00
   1.0000000e+00   5.9679555e-01   0.0000000e+00
   1.0200000e+00   5.8984865e-01   0.0000000e+00
   1.0400000e+00   5.8290175e-01   0.0000000e+00
   1.0600000e+00   5.7649089e-01   0.0000000e+00
   1.0800000e+00   5.7061609e-01   0.0000000e+00
   1.1000000e+00   5.6479092e-01   0.0000000e+00
   1.1200000e+00   5.5879610e-01   0.0000000e+00
   1.1400000e+00   5.5263165e-01   0.0000000e+00
   1.1600000e+00   5.4728051e-01   0.0000000e+00
   1.1800000e+00   5.4166586e-01   0.0000000e+00
   1.2000000e+00   5.3578772e-01   0.0000000e+00
   1.2200000e+00   5.3075974e-01   0.0000000e+00
   1.2400000e+00   5.2584105e-01   0.0000000e+00
   1.2600000e+00   5.2103166e-01   0.0000000e+00
   1.2800000e+00   5.1641402e-01   0.0000000e+00
   1.3000000e+00   5.1200523e-01   0.0000000e+00
   1.3200000e+00   5.0780531e-01   0.0000000e+00
   1.3400000e+00   5.0406467e-01   0.0000000e+00
   1.3600000e+00   5.0057043e-01   0.0000000e+00
   1.3800000e+00   4.9732259e-01   0.0000000e+00
   1.4000000e+00   4.9411633e-01   0.0000000e+00
   1.4200000e+00   4.9103981e-01   0.0000000e+00
   1.4400000e+00   4.8809302e-01   0.0000000e+00
   1.4600000e+00   4.8542113e-01   0.0000000e+00
   1.4800000e+00   4.8276232e-01   0.0000000e+00
   1.5000000e+00   4.8011658e-01   0.0000000e+00
   1.5200000e+00   4.7797907e-01   0.0000000e+00
   1.5400000e+00   4.7584156e-01   0.0000000e+00
   1.5600000e+00   4.7370405e-01   0.0000000e+00
   1.5800000e+00   4.7156654e-01   0.0000000e+00
   1.6000000e+00   4.6942903e-01   0.0000000e+00
   1.6200000e+00   4.6729153e-01   0.0000000e+00
   1.6400000e+00   4.6515402e-01   0.0000000e+00
   1.6600000e+00   4.6301651e-01   0.0000000e+00
   1.6800000e+00   4.6087900e-01   0.0000000e+00
   1.7000000e+00   4.5874149e-01   0.0000000e+00
   1.7200000e+00   4.5680144e-01   0.0000000e+00
   1.7400000e+00   4.5505884e-01   0.0000000e+00
   1.7600000e+00   4.5317747e-01   0.0000000e+00
   1.7800000e+00   4.5132960e-01   0.0000000e+00
   1.8000000e+00   4.4951526e-01   0.0000000e+00
   1.8200000e+00   4.4840159e-01   0.0000000e+00
   1.8400000e+00   4.4704319e-01   0.0000000e+00
   1.8600000e+00   4.4544006e-01   0.0000000e+00
   1.8800000e+00   4.4429955e-01   0.0000000e+00
   1.9000000e+00   4.4319492e-01   0.0000000e+00
   1.9200000e+00   4.4212617e-01   0.0000000e+00
   1.9400000e+00   4.4105742e-01   0.0000000e+00
   1.9600000e+00   4.3998866e-01   0.0000000e+00
   1.9800000e+00   4.3891991e-01   0.0000000e+00
   2.0000000e+00   4.3785116e-01   0.0000000e+00
   2.0200000e+00   4.3678240e-01   0.0000000e+00
   2.0400000e+00   4.3571365e-01   0.0000000e+00
   2.0600000e+00   4.3464489e-01   0.0000000e+00
   2.0800000e+00   4.3357614e-01   0.0000000e+00
   2.1000000e+00   4.3250738e-01   0.0000000e+00
   2.1200000e+00   4.3161898e-01   0.0000000e+00
   2.1400000e+00   4.3087575e-01   0.0000000e+00
   2.1600000e+00   4.3027769e-01   0.0000000e+00
   2.1800000e+00   4.2920893e-01   0.0000000e+00
   2.2000000e+00   4.2838088e-01   0.0000000e+00
   2.2200000e+00   4.2779352e-01   0.0000000e+00
   2.2400000e+00   4.2689441e-01   0.0000000e+00
   2.2600000e+00   4.2591048e-01   0.0000000e+00
   2.2800000e+00   4.2484172e-01   0.0000000e+00
   2.3000000e+00   4.2390438e-01   0.0000000e+00
   2.3200000e+00   4.2316114e-01   0.0000000e+00
   2.3400000e+00   4.2261202e-01   0.0000000e+00
   2.3600000e+00   4.2154327e-01   0.0000000e+00
   2.3800000e+00   4.2069074e-01   0.0000000e+00
   2.4000000e+00   4.2005444e-01   0.0000000e+00
   2.4200000e+00   4.1920428e-01   0.0000000e+00
   2.4400000e+00   4.1824481e-01   0.0000000e+00
   2.4600000e+00   4.1717606e-01   0.0000000e+00
   2.4800000e+00   4.1618977e-01   0.0000000e+00
   2.5000000e+00   4.1542943e-01   0.0000000e+00
   2.5200000e+00   4.1489506e-01   0.0000000e+00
   2.5400000e+00   4.1436068e-01   0.0000000e+00
   2.5600000e+00   4.1382630e-01   0.0000000e+00
   2.5800000e+00   4.1329193e-01   0.0000000e+00
   2.6000000e+00   4.1275755e-01   0.0000000e+00
   2.6200000e+00   4.1214808e-01   0.0000000e+00
   2.6400000e+00   4.1146352e-01   0.0000000e+00
   2.6600000e+00   4.1046180e-01   0.0000000e+00
   2.6800000e+00   4.0996094e-01   0.0000000e+00
   2.7000000e+00   4.0996094e-01   0.0000000e+00
   2.7200000e+00   4.0905848e-01   0.0000000e+00
   2.7400000e+00   4.0840744e-01   0.0000000e+00
   2.7600000e+00   4.0800781e-01   0.0000000e+00
   2.7800000e+00   4.0778991e-01   0.0000000e+00
   2.8000000e+00   4.0741378e-01   0.0000000e+00
   2.8200000e+00   4.0687940e-01   0.0000000e+00
   2.8400000e+00   4.0634502e-01   0.0000000e+00
   2.8600000e+00   4.0581065e-01   0.0000000e+00
   2.8800000e+00   4.0527627e-01   0.0000000e+00
   2.9000000e+00   4.0514417e-01   0.0000000e+00
   2.9200000e+00   4.0493532e-01   0.0000000e+00
   2.9400000e+00   4.0464970e-01   0.0000000e+00
   2.9600000e+00   4.0394637e-01   0.0000000e+00
   2.9800000e+00   4.0308647e-01   0.0000000e+00
   3.0000000e+00   4.0207001e-01   0.0000000e+00
   3.0200000e+00   4.0153563e-01   0.0000000e+00
   3.0400000e+00   4.0076625e-01   0.0000000e+00
   3.0600000e+00   3.9976188e-01   0.0000000e+00
   3.0800000e+00   3.9869312e-01   0.0000000e+00
   3.1000000e+00   3.9762437e-01   0.0000000e+00
   3.1200000e+00   3.9655561e-01   0.0000000e+00
   3.1400000e+00   3.9548686e-01   0.0000000e+00
   3.1600000e+00   3.9441978e-01   0.0000000e+00
   3.1800000e+00   3.9335436e-01   0.0000000e+00
   3.2000000e+00   3.9281999e-01   0.0000000e+00
   3.2200000e+00   3.9207508e-01   0.0000000e+00
   3.2400000e+00   3.9111965e-01   0.0000000e+00
   3.2600000e+00   3.9065968e-01   0.0000000e+00
   3.2800000e+00   3.9033583e-01   0.0000000e+00
   3.3000000e+00   3.9014810e-01   0.0000000e+00
   3.3200000e+00   3.8968478e-01   0.0000000e+00
   3.3400000e+00   3.8945313e-01   0.0000000e+00
   3.3600000e+00   3.8945313e-01   0.0000000e+00
   3.3800000e+00   3.8945313e-01   0.0000000e+00
   2.0100000e+00   6.7756929e-01   1.0000000e+00
   2.0300000e+00   6.7436706e-01   1.0000000e+00
   2.0500000e+00   6.7116281e-01   1.0000000e+00
   2.0700000e+00   6.6795655e-01   1.0000000e+00
   2.0900000e+00   6.6475028e-01   1.0000000e+00
   2.1100000e+00   6.6172438e-01   1.0000000e+00
   2.1300000e+00   6.5887882e-01   1.0000000e+00
   2.1500000e+00   6.5661393e-01   1.0000000e+00
   2.1700000e+00   6.5387836e-01   1.0000000e+00
   2.1900000e+00   6.5067210e-01   1.0000000e+00
   2.2100000e+00   6.4794724e-01   1.0000000e+00
   2.2300000e+00   6.4524886e-01   1.0000000e+00
   2.2500000e+00   6.4257698e-01   1.0000000e+00
   2.2700000e+00   6.4015316e-01   1.0000000e+00
   2.2900000e+00   6.3787250e-01   1.0000000e+00
   2.3100000e+00   6.3573500e-01   1.0000000e+00
   2.3300000e+00   6.3359749e-01   1.0000000e+00
   2.3500000e+00   6.3145998e-01   1.0000000e+00
   2.3700000e+00   6.2932247e-01   1.0000000e+00
   2.3900000e+00   6.2718496e-01   1.0000000e+00
   2.4100000e+00   6.2504746e-01   1.0000000e+00
   2.4300000e+00   6.2290995e-01   1.0000000e+00
   2.4500000e+00   6.2077244e-01   1.0000000e+00
   2.4700000e+00   6.1863493e-01   1.0000000e+00
   2.4900000e+00   6.1649742e-01   1.0000000e+00
   2.5100000e+00   6.1435991e-01   1.0000000e+00
   2.5300000e+00   6.1222241e-01   1.0000000e+00
   2.5500000e+00   6.1008490e-01   1.0000000e+00
   2.5700000e+00   6.0794739e-01   1.0000000e+00
   2.5900000e+00   6.0594330e-01   1.0000000e+00
   2.6100000e+00   6.0407264e-01   1.0000000e+00
   2.6300000e+00   6.0246951e-01   1.0000000e+00
   2.6500000e+00   6.0081611e-01   1.0000000e+00
   2.6700000e+00   5.9911243e-01   1.0000000e+00
   2.6900000e+00   5.9590617e-01   1.0000000e+00
   2.7100000e+00   5.9315113e-01   1.0000000e+00
   2.7300000e+00   5.9084732e-01   1.0000000e+00
   2.7500000e+00   5.8904438e-01   1.0000000e+00
   2.7700000e+00   5.8657870e-01   1.0000000e+00
   2.7900000e+00   5.8345028e-01   1.0000000e+00
   2.5500000e+00   7.3756198e-01   2.0000000e+00
   2.5700000e+00   7.3687673e-01   2.0000000e+00
   2.5900000e+00   7.3586666e-01   2.0000000e+00
   2.6100000e+00   7.3453175e-01   2.0000000e+00
   2.6300000e+00   7.3239424e-01   2.0000000e+00
   2.6500000e+00   7.3027349e-01   2.0000000e+00
   2.6700000e+00   7.2816950e-01   2.0000000e+00
   2.6900000e+00   7.2656636e-01   2.0000000e+00
   2.7100000e+00   7.2473762e-01   2.0000000e+00
   2.7300000e+00   7.2268326e-01   2.0000000e+00
   2.7500000e+00   7.2054575e-01   2.0000000e+00
   2.7700000e+00   7.1851719e-01   2.0000000e+00
   2.7900000e+00   7.1659758e-01   2.0000000e+00
   2.8100000e+00   7.1489322e-01   2.0000000e+00
   2.8300000e+00   7.1297228e-01   2.0000000e+00
   2.8500000e+00   7.1083478e-01   2.0000000e+00
   2.8700000e+00   7.1077305e-01   2.0000000e+00
   2.8900000e+00   7.1114447e-01   2.0000000e+00
   2.9100000e+00   7.1194903e-01   2.0000000e+00
