   6.0000000e-01   9.6506891e-01   0.0000000e+00
   6.2000000e-01   9.4953984e-01   0.0000000e+00
   6.4000000e-01   9.2983128e-01   0.0000000e+00
   6.6000000e-01   9.0594324e-01   0.0000000e+00
   6.8000000e-01   8.7708688e-01   0.0000000e+00
   7.0000000e-01   8.5255547e-01   0.0000000e+00
   7.2000000e-01   8.3234899e-01   0.0000000e+00
   7.4000000e-01   8.1398439e-01   0.0000000e+00
   7.6000000e-01   7.9638346e-01   0.0000000e+00
   7.8000000e-01   7.7954621e-01   0.0000000e+00
   8.0000000e-01   7.6479418e-01   0.0000000e+00
   8.2000000e-01   7.5047126e-01   0.0000000e+00
   8.4000000e-01   7.3657746e-01   0.0000000e+00
   8.6000000e-01   7.2425259e-01   0.0000000e+00
   8.8000000e-01   7.1275743e-01   0.0000000e+00
   9.0000000e-01   7.0209201e-01   0.0000000e+00
   9.2000000e-01   6.9280778e-01   0.0000000e+00
   9.4000000e-01   6.8397715e-01   0.0000000e+00
   9.6000000e-01   6.7560009e-01   0.0000000e+00
   9.8000000e-01   6.6769707e-01   0.0000000e+00
   1.0000000e+00   6.6027211e-01   0.0000000e+00
   1.0200000e+00   6.5332521e-01   0.0000000e+00
   1.0400000e+00   6.4732637e-01   0.0000000e+00
   1.0600000e+00   6.4174524e-01   0.0000000e+00
   1.0800000e+00   6.3658182e-01   0.0000000e+00
   1.1000000e+00   6.3177243e-01   0.0000000e+00
   1.1200000e+00   6.2696304e-01   0.0000000e+00
   1.1400000e+00   6.2215364e-01   0.0000000e+00
   1.1600000e+00   6.1735162e-01   0.0000000e+00
   1.1800000e+00   6.1281310e-01   0.0000000e+00
   1.2000000e+00   6.0853808e-01   0.0000000e+00
   1.2200000e+00   6.0468815e-01   0.0000000e+00
   1.2400000e+00   6.0089287e-01   0.0000000e+00
   1.2600000e+00   5.9715223e-01   0.0000000e+00
   1.2800000e+00   5.9360334e-01   0.0000000e+00
   1.3000000e+00   5.9022577e-01   0.0000000e+00
   1.3200000e+00   5.8701950e-01   0.0000000e+00
   1.3400000e+00   5.8381324e-01   0.0000000e+00
   1.3600000e+00   5.8060698e-01   0.0000000e+00
   1.3800000e+00   5.7740072e-01   0.0000000e+00
   1.4000000e+00   5.7419446e-01   0.0000000e+00
   1.4200000e+00   5.7111793e-01   0.0000000e+00
   1.4400000e+00   5.6817114e-01   0.0000000e+00
   1.4600000e+00   5.6535645e-01   0.0000000e+00
   1.4800000e+00   5.6237211e-01   0.0000000e+00
   1.5000000e+00   5.5921814e-01   0.0000000e+00
   1.5200000e+00   5.5708063e-01   0.0000000e+00
   1.5400000e+00   5.5494312e-01   0.0000000e+00
   1.5600000e+00   5.5280561e-01   0.0000000e+00
   1.5800000e+00   5.5066811e-01   0.0000000e+00
   1.6000000e+00   5.4853060e-01   0.0000000e+00
   1.6200000e+00   5.4639309e-01   0.0000000e+00
   1.6400000e+00   5.4444331e-01   0.0000000e+00
   1.6600000e+00   5.4293404e-01   0.0000000e+00
   1.6800000e+00   5.4186528e-01   0.0000000e+00
   1.7000000e+00   5.3977338e-01   0.0000000e+00
   1.7200000e+00   5.3805358e-01   0.0000000e+00
   1.7400000e+00   5.3670590e-01   0.0000000e+00
   1.7600000e+00   5.3508065e-01   0.0000000e+00
   1.7800000e+00   5.3336085e-01   0.0000000e+00
   1.8000000e+00   5.3154651e-01   0.0000000e+00
   1.8200000e+00   5.3043284e-01   0.0000000e+00
   1.8400000e+00   5.2907444e-01   0.0000000e+00
   1.8600000e+00   5.2747131e-01   0.0000000e+00
   1.8800000e+00   5.2586818e-01   0.0000000e+00
   1.9000000e+00   5.2426504e-01   0.0000000e+00
   1.9200000e+00   5.2266191e-01   0.0000000e+00
   1.9400000e+00   5.2105878e-01   0.0000000e+00
   1.9600000e+00   5.1956828e-01   0.0000000e+00
   1.9800000e+00   5.1819042e-01   0.0000000e+00
   2.0000000e+00   5.1765605e-01   0.0000000e+00
   2.0200000e+00   5.1659132e-01   0.0000000e+00
   2.0400000e+00   5.1499625e-01   0.0000000e+00
   2.0600000e+00   5.1339312e-01   0.0000000e+00
   2.0800000e+00   5.1208701e-01   0.0000000e+00
   2.1000000e+00   5.1107791e-01   0.0000000e+00
   2.1200000e+00   5.1018283e-01   0.0000000e+00
   2.1400000e+00   5.0893372e-01   0.0000000e+00
   2.1600000e+00   5.0733059e-01   0.0000000e+00
   2.1800000e+00   5.0572746e-01   0.0000000e+00
   2.2000000e+00   5.0436503e-01   0.0000000e+00
   2.2200000e+00   5.0324330e-01   0.0000000e+00
   2.2400000e+00   5.0217454e-01   0.0000000e+00
   2.2600000e+00   5.0085772e-01   0.0000000e+00
   2.2800000e+00   4.9929282e-01   0.0000000e+00
   2.3000000e+00   4.9741813e-01   0.0000000e+00
   2.3200000e+00   4.9593166e-01   0.0000000e+00
   2.3400000e+00   4.9483342e-01   0.0000000e+00
   2.3600000e+00   4.9269591e-01   0.0000000e+00
   2.3800000e+00   4.9099086e-01   0.0000000e+00
   2.4000000e+00   4.8971826e-01   0.0000000e+00
   2.4200000e+00   4.8864951e-01   0.0000000e+00
   2.4400000e+00   4.8738163e-01   0.0000000e+00
   2.4600000e+00   4.8591462e-01   0.0000000e+00
   2.4800000e+00   4.8394204e-01   0.0000000e+00
   2.5000000e+00   4.8242136e-01   0.0000000e+00
   2.5200000e+00   4.8135261e-01   0.0000000e+00
   2.5400000e+00   4.8028386e-01   0.0000000e+00
   2.5600000e+00   4.7940686e-01   0.0000000e+00
   2.5800000e+00   4.7872161e-01   0.0000000e+00
   2.6000000e+00   4.7792039e-01   0.0000000e+00
   2.6200000e+00   4.7698540e-01   0.0000000e+00
   2.6400000e+00   4.7591665e-01   0.0000000e+00
   2.6600000e+00   4.7484790e-01   0.0000000e+00
   2.6800000e+00   4.7377914e-01   0.0000000e+00
   2.7000000e+00   4.7271039e-01   0.0000000e+00
   2.7200000e+00   4.7209286e-01   0.0000000e+00
   2.7400000e+00   4.7151691e-01   0.0000000e+00
   2.7600000e+00   4.7098253e-01   0.0000000e+00
   2.7800000e+00   4.7023026e-01   0.0000000e+00
   2.8000000e+00   4.6931974e-01   0.0000000e+00
   2.8200000e+00   4.6825099e-01   0.0000000e+00
   2.8400000e+00   4.6718223e-01   0.0000000e+00
   2.8600000e+00   4.6611348e-01   0.0000000e+00
   2.8800000e+00   4.6504473e-01   0.0000000e+00
   2.9000000e+00   4.6437825e-01   0.0000000e+00
   2.9200000e+00   4.6349221e-01   0.0000000e+00
   2.9400000e+00   4.6238660e-01   0.0000000e+00
   2.9600000e+00   4.6112137e-01   0.0000000e+00
   2.9800000e+00   4.6014314e-01   0.0000000e+00
   3.0000000e+00   4.5945190e-01   0.0000000e+00
   3.0200000e+00   4.5731439e-01   0.0000000e+00
   3.0400000e+00   4.5564689e-01   0.0000000e+00
   3.0600000e+00   4.5444938e-01   0.0000000e+00
   3.0800000e+00   4.5338062e-01   0.0000000e+00
   3.1000000e+00   4.5231187e-01   0.0000000e+00
   3.1200000e+00   4.5124311e-01   0.0000000e+00
   3.1400000e+00   4.5005435e-01   0.0000000e+00
   3.1600000e+00   4.4866008e-01   0.0000000e+00
   3.1800000e+00   4.4706029e-01   0.0000000e+00
   3.2000000e+00   4.4599153e-01   0.0000000e+00
   3.2200000e+00   4.4513331e-01   0.0000000e+00
   3.2400000e+00   4.4448561e-01   0.0000000e+00
   3.2600000e+00   4.4364684e-01   0.0000000e+00
   3.2800000e+00   4.4269308e-01   0.0000000e+00
   3.3000000e+00   4.4162433e-01   0.0000000e+00
   3.3200000e+00   4.4048451e-01   0.0000000e+00
   3.3400000e+00   4.3911304e-01   0.0000000e+00
   3.3600000e+00   4.3750991e-01   0.0000000e+00
   3.3800000e+00   4.3541801e-01   0.0000000e+00
   3.4000000e+00   4.3311725e-01   0.0000000e+00
   3.4200000e+00   4.3060763e-01   0.0000000e+00
   2.6100000e+00   7.3377942e-01   1.0000000e+00
   2.6300000e+00   7.3339522e-01   1.0000000e+00
   2.6500000e+00   7.3308582e-01   1.0000000e+00
   2.6700000e+00   7.3285122e-01   1.0000000e+00
   2.6900000e+00   7.2911058e-01   1.0000000e+00
   2.7100000e+00   7.2559556e-01   1.0000000e+00
   2.7300000e+00   7.2230614e-01   1.0000000e+00
   2.7500000e+00   7.2010357e-01   1.0000000e+00
   2.7700000e+00   7.1776492e-01   1.0000000e+00
   2.7900000e+00   7.1529020e-01   1.0000000e+00
   2.8100000e+00   7.1175202e-01   1.0000000e+00
   2.8300000e+00   7.0864700e-01   1.0000000e+00
   2.8500000e+00   7.0597511e-01   1.0000000e+00
   2.8700000e+00   7.0434112e-01   1.0000000e+00
   2.8900000e+00   7.0232027e-01   1.0000000e+00
   2.9100000e+00   6.9991258e-01   1.0000000e+00
   2.9300000e+00   6.9838316e-01   1.0000000e+00
   2.9500000e+00   6.9726679e-01   1.0000000e+00
   2.9700000e+00   6.9656346e-01   1.0000000e+00
