   6.1000000e-01   9.8653048e-01   0.0000000e+00
   6.3000000e-01   9.7574977e-01   0.0000000e+00
   6.5000000e-01   9.6033667e-01   0.0000000e+00
   6.7000000e-01   9.4194258e-01   0.0000000e+00
   6.9000000e-01   9.2056750e-01   0.0000000e+00
   7.1000000e-01   9.0146870e-01   0.0000000e+00
   7.3000000e-01   8.8324489e-01   0.0000000e+00
   7.5000000e-01   8.6589607e-01   0.0000000e+00
   7.7000000e-01   8.5110580e-01   0.0000000e+00
   7.9000000e-01   8.3761797e-01   0.0000000e+00
   8.1000000e-01   8.2543256e-01   0.0000000e+00
   8.3000000e-01   8.1367626e-01   0.0000000e+00
   8.5000000e-01   8.0191997e-01   0.0000000e+00
   8.7000000e-01   7.9016367e-01   0.0000000e+00
   8.9000000e-01   7.7881369e-01   0.0000000e+00
   9.1000000e-01   7.6839668e-01   0.0000000e+00
   9.3000000e-01   7.5891264e-01   0.0000000e+00
   9.5000000e-01   7.5106997e-01   0.0000000e+00
   9.7000000e-01   7.4343615e-01   0.0000000e+00
   9.9000000e-01   7.3601119e-01   0.0000000e+00
   1.0100000e+00   7.2906429e-01   0.0000000e+00
   1.0300000e+00   7.2259142e-01   0.0000000e+00
   1.0500000e+00   7.1659257e-01   0.0000000e+00
   1.0700000e+00   7.1071443e-01   0.0000000e+00
   1.0900000e+00   7.0519733e-01   0.0000000e+00
   1.1100000e+00   7.0004128e-01   0.0000000e+00
   1.1300000e+00   6.9551819e-01   0.0000000e+00
   1.1500000e+00   6.9057739e-01   0.0000000e+00
   1.1700000e+00   6.8521888e-01   0.0000000e+00
   1.1900000e+00   6.7880636e-01   0.0000000e+00
   1.2100000e+00   6.7324400e-01   0.0000000e+00
   1.2300000e+00   6.6853181e-01   0.0000000e+00
   1.2500000e+00   6.6394837e-01   0.0000000e+00
   1.2700000e+00   6.5915608e-01   0.0000000e+00
   1.2900000e+00   6.5415493e-01   0.0000000e+00
   1.3100000e+00   6.4888625e-01   0.0000000e+00
   1.3300000e+00   6.4384722e-01   0.0000000e+00
   1.3500000e+00   6.3903782e-01   0.0000000e+00
   1.3700000e+00   6.3225722e-01   0.0000000e+00
   1.3900000e+00   6.2558154e-01   0.0000000e+00
   1.4100000e+00   6.1901078e-01   0.0000000e+00
   1.4300000e+00   6.1207930e-01   0.0000000e+00
   1.4500000e+00   6.0515855e-01   0.0000000e+00
   1.4700000e+00   5.9824850e-01   0.0000000e+00
   1.4900000e+00   5.9293088e-01   0.0000000e+00
   1.5100000e+00   5.8786737e-01   0.0000000e+00
   1.5300000e+00   5.8305797e-01   0.0000000e+00
   1.5500000e+00   5.7824858e-01   0.0000000e+00
   1.5700000e+00   5.7409357e-01   0.0000000e+00
   1.5900000e+00   5.7059294e-01   0.0000000e+00
   1.6100000e+00   5.6813158e-01   0.0000000e+00
   1.6300000e+00   5.6573829e-01   0.0000000e+00
   1.6500000e+00   5.6341305e-01   0.0000000e+00
   1.6700000e+00   5.6020679e-01   0.0000000e+00
   1.6900000e+00   5.5751210e-01   0.0000000e+00
   1.7100000e+00   5.5532899e-01   0.0000000e+00
   1.7300000e+00   5.5319148e-01   0.0000000e+00
   1.7500000e+00   5.5077573e-01   0.0000000e+00
   1.7700000e+00   5.4808173e-01   0.0000000e+00
   1.7900000e+00   5.4536021e-01   0.0000000e+00
   1.8100000e+00   5.4319788e-01   0.0000000e+00
   1.8300000e+00   5.4159475e-01   0.0000000e+00
   1.8500000e+00   5.3999162e-01   0.0000000e+00
   1.8700000e+00   5.3861980e-01   0.0000000e+00
   1.8900000e+00   5.3747930e-01   0.0000000e+00
   1.9100000e+00   5.3606458e-01   0.0000000e+00
   1.9300000e+00   5.3478496e-01   0.0000000e+00
   1.9500000e+00   5.3364043e-01   0.0000000e+00
   1.9700000e+00   5.3321868e-01   0.0000000e+00
   1.9900000e+00   5.3300781e-01   0.0000000e+00
   2.0100000e+00   5.3300781e-01   0.0000000e+00
   2.0300000e+00   5.3194712e-01   0.0000000e+00
   2.0500000e+00   5.3108924e-01   0.0000000e+00
   2.0700000e+00   5.3043416e-01   0.0000000e+00
   2.0900000e+00   5.3019680e-01   0.0000000e+00
   2.1100000e+00   5.3007812e-01   0.0000000e+00
   2.1300000e+00   5.3007812e-01   0.0000000e+00
   2.1500000e+00   5.3001444e-01   0.0000000e+00
   2.1700000e+00   5.2971540e-01   0.0000000e+00
   2.1900000e+00   5.2918103e-01   0.0000000e+00
   2.2100000e+00   5.2816525e-01   0.0000000e+00
   2.2300000e+00   5.2694062e-01   0.0000000e+00
   2.2500000e+00   5.2550712e-01   0.0000000e+00
   2.2700000e+00   5.2415207e-01   0.0000000e+00
   2.2900000e+00   5.2280875e-01   0.0000000e+00
   2.3100000e+00   5.2147718e-01   0.0000000e+00
   2.3300000e+00   5.1936916e-01   0.0000000e+00
   2.3500000e+00   5.1778077e-01   0.0000000e+00
   2.3700000e+00   5.1671202e-01   0.0000000e+00
   2.3900000e+00   5.1564326e-01   0.0000000e+00
   2.4100000e+00   5.1425872e-01   0.0000000e+00
   2.4300000e+00   5.1255838e-01   0.0000000e+00
   2.4500000e+00   5.1081913e-01   0.0000000e+00
   2.4700000e+00   5.0941512e-01   0.0000000e+00
   2.4900000e+00   5.0834637e-01   0.0000000e+00
   2.5100000e+00   5.0727761e-01   0.0000000e+00
   2.5300000e+00   5.0595877e-01   0.0000000e+00
   2.5500000e+00   5.0438984e-01   0.0000000e+00
   2.5700000e+00   5.0317022e-01   0.0000000e+00
   2.5900000e+00   5.0175919e-01   0.0000000e+00
   2.6100000e+00   5.0015675e-01   0.0000000e+00
   2.6300000e+00   4.9816942e-01   0.0000000e+00
   2.6500000e+00   4.9639095e-01   0.0000000e+00
   2.6700000e+00   4.9482133e-01   0.0000000e+00
   2.6900000e+00   4.9375258e-01   0.0000000e+00
   2.7100000e+00   4.9268382e-01   0.0000000e+00
   2.7300000e+00   4.9161507e-01   0.0000000e+00
   2.7500000e+00   4.8987719e-01   0.0000000e+00
   2.7700000e+00   4.8826634e-01   0.0000000e+00
   2.7900000e+00   4.8678253e-01   0.0000000e+00
   2.8100000e+00   4.8604568e-01   0.0000000e+00
   2.8300000e+00   4.8487570e-01   0.0000000e+00
   2.8500000e+00   4.8327257e-01   0.0000000e+00
   2.8700000e+00   4.8270733e-01   0.0000000e+00
   2.8900000e+00   4.8195638e-01   0.0000000e+00
   2.9100000e+00   4.8101972e-01   0.0000000e+00
   2.9300000e+00   4.8023658e-01   0.0000000e+00
   2.9500000e+00   4.7957782e-01   0.0000000e+00
   2.9700000e+00   4.7904345e-01   0.0000000e+00
   2.9900000e+00   4.7829992e-01   0.0000000e+00
   3.0100000e+00   4.7659222e-01   0.0000000e+00
   3.0300000e+00   4.7392033e-01   0.0000000e+00
   3.0500000e+00   4.7218845e-01   0.0000000e+00
   3.0700000e+00   4.7112161e-01   0.0000000e+00
   3.0900000e+00   4.7071981e-01   0.0000000e+00
   3.1100000e+00   4.7093356e-01   0.0000000e+00
   3.1300000e+00   4.7114732e-01   0.0000000e+00
   3.1500000e+00   4.7136107e-01   0.0000000e+00
   3.1700000e+00   4.7157482e-01   0.0000000e+00
   3.1900000e+00   4.7178857e-01   0.0000000e+00
   3.2100000e+00   4.7200232e-01   0.0000000e+00
   3.2300000e+00   4.7221607e-01   0.0000000e+00
   3.2500000e+00   4.7242982e-01   0.0000000e+00
   3.2700000e+00   4.7264357e-01   0.0000000e+00
   3.2900000e+00   4.7285732e-01   0.0000000e+00
   3.3100000e+00   4.7307107e-01   0.0000000e+00
   3.3300000e+00   4.7328482e-01   0.0000000e+00
   3.3500000e+00   4.7349857e-01   0.0000000e+00
   3.3700000e+00   4.7371232e-01   0.0000000e+00
   3.3900000e+00   4.7392608e-01   0.0000000e+00
   3.4100000e+00   4.7413983e-01   0.0000000e+00
   3.4300000e+00   4.7455793e-01   0.0000000e+00
   3.4500000e+00   4.7518039e-01   0.0000000e+00
   3.4700000e+00   4.7583281e-01   0.0000000e+00
   3.4900000e+00   4.7588077e-01   0.0000000e+00
   3.5100000e+00   4.7532428e-01   0.0000000e+00
   3.5300000e+00   4.7425553e-01   0.0000000e+00
   3.5500000e+00   4.7318678e-01   0.0000000e+00
   3.5700000e+00   4.7211802e-01   0.0000000e+00
   3.5900000e+00   4.7040295e-01   0.0000000e+00
   3.6100000e+00   4.6857990e-01   0.0000000e+00
   3.6300000e+00   4.6664889e-01   0.0000000e+00
   3.6500000e+00   4.6495593e-01   0.0000000e+00
   3.6700000e+00   4.6304069e-01   0.0000000e+00
   3.6900000e+00   4.6090318e-01   0.0000000e+00
   3.7100000e+00   4.5876567e-01   0.0000000e+00
   3.7300000e+00   4.5682361e-01   0.0000000e+00
   3.7500000e+00   4.5507698e-01   0.0000000e+00
   3.7700000e+00   4.5374806e-01   0.0000000e+00
   3.7900000e+00   4.5247045e-01   0.0000000e+00
   2.1300000e+00   8.3927235e-01   1.0000000e+00
   2.1500000e+00   8.3666416e-01   1.0000000e+00
   2.1700000e+00   8.3429130e-01   1.0000000e+00
   2.1900000e+00   8.3215379e-01   1.0000000e+00
   2.2100000e+00   8.2905348e-01   1.0000000e+00
   2.2300000e+00   8.2626493e-01   1.0000000e+00
   2.2500000e+00   8.2378814e-01   1.0000000e+00
   2.2700000e+00   8.2165064e-01   1.0000000e+00
   2.2900000e+00   8.1964454e-01   1.0000000e+00
   2.3100000e+00   8.1776984e-01   1.0000000e+00
   2.3300000e+00   8.1670109e-01   1.0000000e+00
   2.3500000e+00   8.1563233e-01   1.0000000e+00
   2.3700000e+00   8.1456358e-01   1.0000000e+00
   2.3900000e+00   8.1176501e-01   1.0000000e+00
   2.4100000e+00   8.0844680e-01   1.0000000e+00
   2.4300000e+00   8.0460896e-01   1.0000000e+00
   2.4500000e+00   8.0073219e-01   1.0000000e+00
   2.4700000e+00   7.9690206e-01   1.0000000e+00
   2.4900000e+00   7.9311858e-01   1.0000000e+00
   2.5100000e+00   7.8617167e-01   1.0000000e+00
   2.5300000e+00   7.8147555e-01   1.0000000e+00
   2.5500000e+00   7.7903021e-01   1.0000000e+00
