   6.0000000e-01   9.7369403e-01   0.0000000e+00
   6.2000000e-01   9.6062160e-01   0.0000000e+00
   6.4000000e-01   9.4494903e-01   0.0000000e+00
   6.6000000e-01   9.2667632e-01   0.0000000e+00
   6.8000000e-01   8.9995747e-01   0.0000000e+00
   7.0000000e-01   8.7460439e-01   0.0000000e+00
   7.2000000e-01   8.5061708e-01   0.0000000e+00
   7.4000000e-01   8.2778168e-01   0.0000000e+00
   7.6000000e-01   8.0691748e-01   0.0000000e+00
   7.8000000e-01   7.8802450e-01   0.0000000e+00
   8.0000000e-01   7.7381490e-01   0.0000000e+00
   8.2000000e-01   7.5896164e-01   0.0000000e+00
   8.4000000e-01   7.4346470e-01   0.0000000e+00
   8.6000000e-01   7.2953670e-01   0.0000000e+00
   8.8000000e-01   7.1501633e-01   0.0000000e+00
   9.0000000e-01   6.9990359e-01   0.0000000e+00
   9.2000000e-01   6.8788241e-01   0.0000000e+00
   9.4000000e-01   6.7776208e-01   0.0000000e+00
   9.6000000e-01   6.6954258e-01   0.0000000e+00
   9.8000000e-01   6.6313005e-01   0.0000000e+00
   1.0000000e+00   6.5671753e-01   0.0000000e+00
   1.0200000e+00   6.5030500e-01   0.0000000e+00
   1.0400000e+00   6.4436651e-01   0.0000000e+00
   1.0600000e+00   6.3899423e-01   0.0000000e+00
   1.0800000e+00   6.3418818e-01   0.0000000e+00
   1.1000000e+00   6.2967247e-01   0.0000000e+00
   1.1200000e+00   6.2507193e-01   0.0000000e+00
   1.1400000e+00   6.2038657e-01   0.0000000e+00
   1.1600000e+00   6.1611893e-01   0.0000000e+00
   1.1800000e+00   6.1211478e-01   0.0000000e+00
   1.2000000e+00   6.0837414e-01   0.0000000e+00
   1.2200000e+00   6.0505859e-01   0.0000000e+00
   1.2400000e+00   6.0148926e-01   0.0000000e+00
   1.2600000e+00   5.9766616e-01   0.0000000e+00
   1.2800000e+00   5.9377465e-01   0.0000000e+00
   1.3000000e+00   5.9022577e-01   0.0000000e+00
   1.3200000e+00   5.8701951e-01   0.0000000e+00
   1.3400000e+00   5.8381324e-01   0.0000000e+00
   1.3600000e+00   5.8011418e-01   0.0000000e+00
   1.3800000e+00   5.7592231e-01   0.0000000e+00
   1.4000000e+00   5.7277571e-01   0.0000000e+00
   1.4200000e+00   5.6973673e-01   0.0000000e+00
   1.4400000e+00   5.6680537e-01   0.0000000e+00
   1.4600000e+00   5.6359911e-01   0.0000000e+00
   1.4800000e+00   5.6037977e-01   0.0000000e+00
   1.5000000e+00   5.5714737e-01   0.0000000e+00
   1.5200000e+00   5.5340673e-01   0.0000000e+00
   1.5400000e+00   5.5010994e-01   0.0000000e+00
   1.5600000e+00   5.4725702e-01   0.0000000e+00
   1.5800000e+00   5.4425794e-01   0.0000000e+00
   1.6000000e+00   5.4115527e-01   0.0000000e+00
   1.6200000e+00   5.3794901e-01   0.0000000e+00
   1.6400000e+00   5.3493047e-01   0.0000000e+00
   1.6600000e+00   5.3235245e-01   0.0000000e+00
   1.6800000e+00   5.3021494e-01   0.0000000e+00
   1.7000000e+00   5.2756586e-01   0.0000000e+00
   1.7200000e+00   5.2530028e-01   0.0000000e+00
   1.7400000e+00   5.2341822e-01   0.0000000e+00
   1.7600000e+00   5.2181509e-01   0.0000000e+00
   1.7800000e+00   5.2021196e-01   0.0000000e+00
   1.8000000e+00   5.1860883e-01   0.0000000e+00
   1.8200000e+00   5.1700569e-01   0.0000000e+00
   1.8400000e+00   5.1540256e-01   0.0000000e+00
   1.8600000e+00   5.1379943e-01   0.0000000e+00
   1.8800000e+00   5.1219630e-01   0.0000000e+00
   1.9000000e+00   5.1076615e-01   0.0000000e+00
   1.9200000e+00   5.0950898e-01   0.0000000e+00
   1.9400000e+00   5.0844023e-01   0.0000000e+00
   1.9600000e+00   5.0737148e-01   0.0000000e+00
   1.9800000e+00   5.0630272e-01   0.0000000e+00
   2.0000000e+00   5.0523397e-01   0.0000000e+00
   2.0200000e+00   5.0416521e-01   0.0000000e+00
   2.0400000e+00   5.0309646e-01   0.0000000e+00
   2.0600000e+00   5.0202770e-01   0.0000000e+00
   2.0800000e+00   5.0095895e-01   0.0000000e+00
   2.1000000e+00   4.9989020e-01   0.0000000e+00
   2.1200000e+00   4.9882144e-01   0.0000000e+00
   2.1400000e+00   4.9778453e-01   0.0000000e+00
   2.1600000e+00   4.9677947e-01   0.0000000e+00
   2.1800000e+00   4.9624509e-01   0.0000000e+00
   2.2000000e+00   4.9522931e-01   0.0000000e+00
   2.2200000e+00   4.9373213e-01   0.0000000e+00
   2.2400000e+00   4.9249374e-01   0.0000000e+00
   2.2600000e+00   4.9134016e-01   0.0000000e+00
   2.2800000e+00   4.9027141e-01   0.0000000e+00
   2.3000000e+00   4.8920266e-01   0.0000000e+00
   2.3200000e+00   4.8814127e-01   0.0000000e+00
   2.3400000e+00   4.8708726e-01   0.0000000e+00
   2.3600000e+00   4.8655288e-01   0.0000000e+00
   2.3800000e+00   4.8558605e-01   0.0000000e+00
   2.4000000e+00   4.8418677e-01   0.0000000e+00
   2.4200000e+00   4.8321522e-01   0.0000000e+00
   2.4400000e+00   4.8226313e-01   0.0000000e+00
   2.4600000e+00   4.8133050e-01   0.0000000e+00
   2.4800000e+00   4.7980983e-01   0.0000000e+00
   2.5000000e+00   4.7851511e-01   0.0000000e+00
   2.5200000e+00   4.7744636e-01   0.0000000e+00
   2.5400000e+00   4.7637761e-01   0.0000000e+00
   2.5600000e+00   4.7492534e-01   0.0000000e+00
   2.5800000e+00   4.7308957e-01   0.0000000e+00
   2.6000000e+00   4.7121891e-01   0.0000000e+00
   2.6200000e+00   4.6948201e-01   0.0000000e+00
   2.6400000e+00   4.6787888e-01   0.0000000e+00
   2.6600000e+00   4.6624223e-01   0.0000000e+00
   2.6800000e+00   4.6435516e-01   0.0000000e+00
   2.7000000e+00   4.6221765e-01   0.0000000e+00
   2.7200000e+00   4.6098259e-01   0.0000000e+00
   2.7400000e+00   4.5983069e-01   0.0000000e+00
   2.7600000e+00   4.5876194e-01   0.0000000e+00
   2.7800000e+00   4.5769318e-01   0.0000000e+00
   2.8000000e+00   4.5662443e-01   0.0000000e+00
   2.8200000e+00   4.5555567e-01   0.0000000e+00
   2.8400000e+00   4.5448692e-01   0.0000000e+00
   2.8600000e+00   4.5341817e-01   0.0000000e+00
   2.8800000e+00   4.5234941e-01   0.0000000e+00
   2.9000000e+00   4.5208522e-01   0.0000000e+00
   2.9200000e+00   4.5166751e-01   0.0000000e+00
   2.9400000e+00   4.5109628e-01   0.0000000e+00
   2.9600000e+00   4.5002752e-01   0.0000000e+00
   2.9800000e+00   4.4895877e-01   0.0000000e+00
   3.0000000e+00   4.4789001e-01   0.0000000e+00
   3.0200000e+00   4.4682126e-01   0.0000000e+00
   3.0400000e+00   4.4575250e-01   0.0000000e+00
   3.0600000e+00   4.4468375e-01   0.0000000e+00
   3.0800000e+00   4.4361500e-01   0.0000000e+00
   3.1000000e+00   4.4266458e-01   0.0000000e+00
   3.1200000e+00   4.4183249e-01   0.0000000e+00
   3.1400000e+00   4.4129812e-01   0.0000000e+00
   3.1600000e+00   4.4076207e-01   0.0000000e+00
   3.1800000e+00   4.4022435e-01   0.0000000e+00
   3.2000000e+00   4.3915560e-01   0.0000000e+00
   3.2200000e+00   4.3808684e-01   0.0000000e+00
   3.2400000e+00   4.3701809e-01   0.0000000e+00
   3.2600000e+00   4.3625372e-01   0.0000000e+00
   2.0100000e+00   7.5569429e-01   1.0000000e+00
   2.0300000e+00   7.5355275e-01   1.0000000e+00
   2.0500000e+00   7.5141323e-01   1.0000000e+00
   2.0700000e+00   7.4927572e-01   1.0000000e+00
   2.0900000e+00   7.4713821e-01   1.0000000e+00
   2.1100000e+00   7.4500070e-01   1.0000000e+00
   2.1300000e+00   7.4286319e-01   1.0000000e+00
   2.1500000e+00   7.4072569e-01   1.0000000e+00
   2.1700000e+00   7.3858818e-01   1.0000000e+00
   2.1900000e+00   7.3645067e-01   1.0000000e+00
   2.2100000e+00   7.3431316e-01   1.0000000e+00
   2.2300000e+00   7.3199329e-01   1.0000000e+00
   2.2500000e+00   7.2949104e-01   1.0000000e+00
   2.2700000e+00   7.2756337e-01   1.0000000e+00
   2.2900000e+00   7.2593375e-01   1.0000000e+00
   2.3100000e+00   7.2460218e-01   1.0000000e+00
   2.3300000e+00   7.2246468e-01   1.0000000e+00
   2.3500000e+00   7.2032717e-01   1.0000000e+00
   2.3700000e+00   7.1818966e-01   1.0000000e+00
   2.3900000e+00   7.1605215e-01   1.0000000e+00
   2.4100000e+00   7.1391464e-01   1.0000000e+00
   2.4300000e+00   7.1177713e-01   1.0000000e+00
   2.4500000e+00   7.0963963e-01   1.0000000e+00
   2.4700000e+00   7.0750212e-01   1.0000000e+00
   2.4900000e+00   7.0536461e-01   1.0000000e+00
   2.5100000e+00   7.0322710e-01   1.0000000e+00
   2.5300000e+00   7.0108959e-01   1.0000000e+00
   2.5500000e+00   6.9895209e-01   1.0000000e+00
   2.5700000e+00   6.9719809e-01   1.0000000e+00
   2.5900000e+00   6.9538610e-01   1.0000000e+00
   2.6100000e+00   6.9351612e-01   1.0000000e+00
   2.6300000e+00   6.9137861e-01   1.0000000e+00
   2.6500000e+00   6.8925786e-01   1.0000000e+00
   2.6700000e+00   6.8715387e-01   1.0000000e+00
   2.6900000e+00   6.8555074e-01   1.0000000e+00
   2.7100000e+00   6.8372199e-01   1.0000000e+00
   2.7300000e+00   6.8166764e-01   1.0000000e+00
   2.7500000e+00   6.8019925e-01   1.0000000e+00
   2.7700000e+00   6.7871279e-01   1.0000000e+00
   2.7900000e+00   6.7720824e-01   1.0000000e+00
   2.8100000e+00   6.7507073e-01   1.0000000e+00
   2.8300000e+00   6.7293322e-01   1.0000000e+00
   2.8500000e+00   6.7079571e-01   1.0000000e+00
   2.8700000e+00   6.6917715e-01   1.0000000e+00
   2.8900000e+00   6.6776744e-01   1.0000000e+00
   2.9100000e+00   6.6656659e-01   1.0000000e+00
   2.9300000e+00   6.6492661e-01   1.0000000e+00
   2.9500000e+00   6.6312234e-01   1.0000000e+00
   2.9700000e+00   6.6115378e-01   1.0000000e+00
   2.9900000e+00   6.5949836e-01   1.0000000e+00
   3.0100000e+00   6.5760190e-01   1.0000000e+00
   3.0300000e+00   6.5546439e-01   1.0000000e+00
   3.0500000e+00   6.5426688e-01   1.0000000e+00
   3.0700000e+00   6.5313375e-01   1.0000000e+00
   3.0900000e+00   6.5206499e-01   1.0000000e+00
   3.1100000e+00   6.5075957e-01   1.0000000e+00
   3.1300000e+00   6.4936530e-01   1.0000000e+00
   3.1500000e+00   6.4788217e-01   1.0000000e+00
   3.1700000e+00   6.4681342e-01   1.0000000e+00
   3.1900000e+00   6.4574466e-01   1.0000000e+00
   3.2100000e+00   6.4467591e-01   1.0000000e+00
   3.2300000e+00   6.4360715e-01   1.0000000e+00
   3.2500000e+00   6.4238621e-01   1.0000000e+00
   3.2700000e+00   6.4101306e-01   1.0000000e+00
   3.2900000e+00   6.3940993e-01   1.0000000e+00
   3.3100000e+00   6.3780680e-01   1.0000000e+00
   3.3300000e+00   6.3620367e-01   1.0000000e+00
   3.3500000e+00   6.3460054e-01   1.0000000e+00
   3.3700000e+00   6.3299741e-01   1.0000000e+00
   3.3900000e+00   6.3139428e-01   1.0000000e+00
   3.4100000e+00   6.2979114e-01   1.0000000e+00
   3.4300000e+00   6.2806029e-01   1.0000000e+00
   3.4500000e+00   6.2620172e-01   1.0000000e+00
   3.4700000e+00   6.2448054e-01   1.0000000e+00
   3.4900000e+00   6.2334171e-01   1.0000000e+00
   3.5100000e+00   6.2278522e-01   1.0000000e+00
   3.5300000e+00   6.2171647e-01   1.0000000e+00
   3.5500000e+00   6.2064771e-01   1.0000000e+00
   3.5700000e+00   6.1957896e-01   1.0000000e+00
   3.5900000e+00   6.1915653e-01   1.0000000e+00
   3.6100000e+00   6.1884206e-01   1.0000000e+00
   3.6300000e+00   6.1863557e-01   1.0000000e+00
   3.6500000e+00   6.1819102e-01   1.0000000e+00
   3.6700000e+00   6.1796875e-01   1.0000000e+00
   3.6900000e+00   6.1796875e-01   1.0000000e+00
   3.7100000e+00   6.1644612e-01   1.0000000e+00
   3.7300000e+00   6.1546955e-01   1.0000000e+00
   3.7500000e+00   6.1503906e-01   1.0000000e+00
   3.7700000e+00   6.1449063e-01   1.0000000e+00
   3.7900000e+00   6.1368204e-01   1.0000000e+00
