   6.0000000e-01   9.7971734e-01   0.0000000e+00
   6.2000000e-01   9.6665562e-01   0.0000000e+00
   6.4000000e-01   9.5223049e-01   0.0000000e+00
   6.6000000e-01   9.3644195e-01   0.0000000e+00
   6.8000000e-01   9.0972310e-01   0.0000000e+00
   7.0000000e-01   8.8391476e-01   0.0000000e+00
   7.2000000e-01   8.5901694e-01   0.0000000e+00
   7.4000000e-01   8.3511278e-01   0.0000000e+00
   7.6000000e-01   8.1329079e-01   0.0000000e+00
   7.8000000e-01   7.9355098e-01   0.0000000e+00
   8.0000000e-01   7.7880701e-01   0.0000000e+00
   8.2000000e-01   7.6341937e-01   0.0000000e+00
   8.4000000e-01   7.4738806e-01   0.0000000e+00
   8.6000000e-01   7.3397162e-01   0.0000000e+00
   8.8000000e-01   7.1997423e-01   0.0000000e+00
   9.0000000e-01   7.0539587e-01   0.0000000e+00
   9.2000000e-01   6.9304013e-01   0.0000000e+00
   9.4000000e-01   6.8221813e-01   0.0000000e+00
   9.6000000e-01   6.7292988e-01   0.0000000e+00
   9.8000000e-01   6.6550492e-01   0.0000000e+00
   1.0000000e+00   6.5831899e-01   0.0000000e+00
   1.0200000e+00   6.5137209e-01   0.0000000e+00
   1.0400000e+00   6.4537324e-01   0.0000000e+00
   1.0600000e+00   6.3961343e-01   0.0000000e+00
   1.0800000e+00   6.3409265e-01   0.0000000e+00
   1.1000000e+00   6.2874888e-01   0.0000000e+00
   1.1200000e+00   6.2352914e-01   0.0000000e+00
   1.1400000e+00   6.1843344e-01   0.0000000e+00
   1.1600000e+00   6.1415843e-01   0.0000000e+00
   1.1800000e+00   6.0988341e-01   0.0000000e+00
   1.2000000e+00   6.0560840e-01   0.0000000e+00
   1.2200000e+00   6.0175846e-01   0.0000000e+00
   1.2400000e+00   5.9780897e-01   0.0000000e+00
   1.2600000e+00   5.9375991e-01   0.0000000e+00
   1.2800000e+00   5.8948489e-01   0.0000000e+00
   1.3000000e+00   5.8524742e-01   0.0000000e+00
   1.3200000e+00   5.8104750e-01   0.0000000e+00
   1.3400000e+00   5.7730686e-01   0.0000000e+00
   1.3600000e+00   5.7331982e-01   0.0000000e+00
   1.3800000e+00   5.6908637e-01   0.0000000e+00
   1.4000000e+00   5.6518750e-01   0.0000000e+00
   1.4200000e+00   5.6149747e-01   0.0000000e+00
   1.4400000e+00   5.5801631e-01   0.0000000e+00
   1.4600000e+00   5.5466724e-01   0.0000000e+00
   1.4800000e+00   5.5113545e-01   0.0000000e+00
   1.5000000e+00   5.4742096e-01   0.0000000e+00
   1.5200000e+00   5.4421470e-01   0.0000000e+00
   1.5400000e+00   5.4100843e-01   0.0000000e+00
   1.5600000e+00   5.3780217e-01   0.0000000e+00
   1.5800000e+00   5.3492310e-01   0.0000000e+00
   1.6000000e+00   5.3214762e-01   0.0000000e+00
   1.6200000e+00   5.2947574e-01   0.0000000e+00
   1.6400000e+00   5.2680385e-01   0.0000000e+00
   1.6600000e+00   5.2413197e-01   0.0000000e+00
   1.6800000e+00   5.2146008e-01   0.0000000e+00
   1.7000000e+00   5.1929977e-01   0.0000000e+00
   1.7200000e+00   5.1734832e-01   0.0000000e+00
   1.7400000e+00   5.1560572e-01   0.0000000e+00
   1.7600000e+00   5.1372434e-01   0.0000000e+00
   1.7800000e+00   5.1187648e-01   0.0000000e+00
   1.8000000e+00   5.1006213e-01   0.0000000e+00
   1.8200000e+00   5.0899338e-01   0.0000000e+00
   1.8400000e+00   5.0792463e-01   0.0000000e+00
   1.8600000e+00   5.0685587e-01   0.0000000e+00
   1.8800000e+00   5.0532449e-01   0.0000000e+00
   1.9000000e+00   5.0393021e-01   0.0000000e+00
   1.9200000e+00   5.0267305e-01   0.0000000e+00
   1.9400000e+00   5.0160429e-01   0.0000000e+00
   1.9600000e+00   5.0053554e-01   0.0000000e+00
   1.9800000e+00   4.9946678e-01   0.0000000e+00
   2.0000000e+00   4.9839803e-01   0.0000000e+00
   2.0200000e+00   4.9732928e-01   0.0000000e+00
   2.0400000e+00   4.9626052e-01   0.0000000e+00
   2.0600000e+00   4.9477809e-01   0.0000000e+00
   2.0800000e+00   4.9323530e-01   0.0000000e+00
   2.1000000e+00   4.9163217e-01   0.0000000e+00
   2.1200000e+00   4.9002904e-01   0.0000000e+00
   2.1400000e+00   4.8845775e-01   0.0000000e+00
   2.1600000e+00   4.8691831e-01   0.0000000e+00
   2.1800000e+00   4.8584956e-01   0.0000000e+00
   2.2000000e+00   4.8478080e-01   0.0000000e+00
   2.2200000e+00   4.8371205e-01   0.0000000e+00
   2.2400000e+00   4.8264329e-01   0.0000000e+00
   2.2600000e+00   4.8145050e-01   0.0000000e+00
   2.2800000e+00   4.8013368e-01   0.0000000e+00
   2.3000000e+00   4.7866195e-01   0.0000000e+00
   2.3200000e+00   4.7738434e-01   0.0000000e+00
   2.3400000e+00   4.7630085e-01   0.0000000e+00
   2.3600000e+00   4.7469772e-01   0.0000000e+00
   2.3800000e+00   4.7331081e-01   0.0000000e+00
   2.4000000e+00   4.7214014e-01   0.0000000e+00
   2.4200000e+00   4.7043980e-01   0.0000000e+00
   2.4400000e+00   4.6862044e-01   0.0000000e+00
   2.4600000e+00   4.6668206e-01   0.0000000e+00
   2.4800000e+00   4.6507893e-01   0.0000000e+00
   2.5000000e+00   4.6347580e-01   0.0000000e+00
   2.5200000e+00   4.6187267e-01   0.0000000e+00
   2.5400000e+00   4.6076971e-01   0.0000000e+00
   2.5600000e+00   4.5949210e-01   0.0000000e+00
   2.5800000e+00   4.5803984e-01   0.0000000e+00
   2.6000000e+00   4.5670355e-01   0.0000000e+00
   2.6200000e+00   4.5550103e-01   0.0000000e+00
   2.6400000e+00   4.5443227e-01   0.0000000e+00
   2.6600000e+00   4.5336352e-01   0.0000000e+00
   2.6800000e+00   4.5229477e-01   0.0000000e+00
   2.7000000e+00   4.5122601e-01   0.0000000e+00
   2.7200000e+00   4.4970603e-01   0.0000000e+00
   2.7400000e+00   4.4831176e-01   0.0000000e+00
   2.7600000e+00   4.4704319e-01   0.0000000e+00
   2.7800000e+00   4.4597443e-01   0.0000000e+00
   2.8000000e+00   4.4495630e-01   0.0000000e+00
   2.8200000e+00   4.4398878e-01   0.0000000e+00
   2.8400000e+00   4.4345440e-01   0.0000000e+00
   2.8600000e+00   4.4266055e-01   0.0000000e+00
   2.8800000e+00   4.4160723e-01   0.0000000e+00
   2.9000000e+00   4.4134303e-01   0.0000000e+00
   2.9200000e+00   4.4092532e-01   0.0000000e+00
   2.9400000e+00   4.4035409e-01   0.0000000e+00
   2.9600000e+00   4.3945429e-01   0.0000000e+00
   2.9800000e+00   4.3873720e-01   0.0000000e+00
   3.0000000e+00   4.3820282e-01   0.0000000e+00
   3.0200000e+00   4.3766844e-01   0.0000000e+00
   3.0400000e+00   4.3736907e-01   0.0000000e+00
   3.0600000e+00   4.3730469e-01   0.0000000e+00
   3.0800000e+00   4.3801136e-01   0.0000000e+00
   2.0100000e+00   7.5568220e-01   1.0000000e+00
   2.0300000e+00   7.5301837e-01   1.0000000e+00
   2.0500000e+00   7.5055736e-01   1.0000000e+00
   2.0700000e+00   7.4829916e-01   1.0000000e+00
   2.0900000e+00   7.4556761e-01   1.0000000e+00
   2.1100000e+00   7.4259871e-01   1.0000000e+00
   2.1300000e+00   7.3939245e-01   1.0000000e+00
   2.1500000e+00   7.3631356e-01   1.0000000e+00
   2.1700000e+00   7.3370537e-01   1.0000000e+00
   2.1900000e+00   7.3156786e-01   1.0000000e+00
   2.2100000e+00   7.2943035e-01   1.0000000e+00
   2.2300000e+00   7.2729284e-01   1.0000000e+00
   2.2500000e+00   7.2515533e-01   1.0000000e+00
   2.2700000e+00   7.2301782e-01   1.0000000e+00
   2.2900000e+00   7.2088032e-01   1.0000000e+00
   2.3100000e+00   7.1874281e-01   1.0000000e+00
   2.3300000e+00   7.1660530e-01   1.0000000e+00
   2.3500000e+00   7.1446779e-01   1.0000000e+00
   2.3700000e+00   7.1233028e-01   1.0000000e+00
   2.3900000e+00   7.1062523e-01   1.0000000e+00
   2.4100000e+00   7.0881324e-01   1.0000000e+00
   2.4300000e+00   7.0689432e-01   1.0000000e+00
   2.4500000e+00   7.0455769e-01   1.0000000e+00
   2.4700000e+00   7.0209466e-01   1.0000000e+00
   2.4900000e+00   6.9950524e-01   1.0000000e+00
   2.5100000e+00   6.9736773e-01   1.0000000e+00
   2.5300000e+00   6.9523022e-01   1.0000000e+00
   2.5500000e+00   6.9309271e-01   1.0000000e+00
   2.5700000e+00   6.9095520e-01   1.0000000e+00
   2.5900000e+00   6.8868427e-01   1.0000000e+00
   2.6100000e+00   6.8627992e-01   1.0000000e+00
   2.6300000e+00   6.8375821e-01   1.0000000e+00
   2.6500000e+00   6.8141185e-01   1.0000000e+00
   2.6700000e+00   6.7924083e-01   1.0000000e+00
   2.6900000e+00   6.7656894e-01   1.0000000e+00
   2.7100000e+00   6.7434828e-01   1.0000000e+00
   2.7300000e+00   6.7257885e-01   1.0000000e+00
   2.7500000e+00   6.7097572e-01   1.0000000e+00
   2.7700000e+00   6.6948154e-01   1.0000000e+00
   2.7900000e+00   6.6809631e-01   1.0000000e+00
   2.8100000e+00   6.6682509e-01   1.0000000e+00
   2.8300000e+00   6.6512072e-01   1.0000000e+00
   2.8500000e+00   6.6298321e-01   1.0000000e+00
   2.8700000e+00   6.6188360e-01   1.0000000e+00
   2.8900000e+00   6.6059827e-01   1.0000000e+00
   2.9100000e+00   6.5912724e-01   1.0000000e+00
   2.9300000e+00   6.5723849e-01   1.0000000e+00
   2.9500000e+00   6.5522536e-01   1.0000000e+00
   2.9700000e+00   6.5308785e-01   1.0000000e+00
   2.9900000e+00   6.5105492e-01   1.0000000e+00
   3.0100000e+00   6.4950407e-01   1.0000000e+00
   3.0300000e+00   6.4843532e-01   1.0000000e+00
   3.0500000e+00   6.4642657e-01   1.0000000e+00
   3.0700000e+00   6.4470677e-01   1.0000000e+00
   3.0900000e+00   6.4327593e-01   1.0000000e+00
   3.1100000e+00   6.4197051e-01   1.0000000e+00
   3.1300000e+00   6.4057623e-01   1.0000000e+00
   3.1500000e+00   6.3909311e-01   1.0000000e+00
   3.1700000e+00   6.3802435e-01   1.0000000e+00
   3.1900000e+00   6.3695560e-01   1.0000000e+00
   3.2100000e+00   6.3588685e-01   1.0000000e+00
   3.2300000e+00   6.3481809e-01   1.0000000e+00
   3.2500000e+00   6.3344495e-01   1.0000000e+00
   3.2700000e+00   6.3176742e-01   1.0000000e+00
   3.2900000e+00   6.3000536e-01   1.0000000e+00
   3.3100000e+00   6.2855442e-01   1.0000000e+00
   3.3300000e+00   6.2741461e-01   1.0000000e+00
   3.3500000e+00   6.2581148e-01   1.0000000e+00
   3.3700000e+00   6.2420834e-01   1.0000000e+00
   3.3900000e+00   6.2260521e-01   1.0000000e+00
   3.4100000e+00   6.2062997e-01   1.0000000e+00
   3.4300000e+00   6.1882904e-01   1.0000000e+00
   3.4500000e+00   6.1720242e-01   1.0000000e+00
   3.4700000e+00   6.1613367e-01   1.0000000e+00
   3.4900000e+00   6.1507597e-01   1.0000000e+00
   3.5100000e+00   6.1402933e-01   1.0000000e+00
   3.5300000e+00   6.1349495e-01   1.0000000e+00
   3.5500000e+00   6.1274066e-01   1.0000000e+00
   3.5700000e+00   6.1176646e-01   1.0000000e+00
   3.5900000e+00   6.1102087e-01   1.0000000e+00
   3.6100000e+00   6.1038088e-01   1.0000000e+00
   3.6300000e+00   6.0984650e-01   1.0000000e+00
   3.6500000e+00   6.0922230e-01   1.0000000e+00
   3.6700000e+00   6.0837581e-01   1.0000000e+00
   3.6900000e+00   6.0730706e-01   1.0000000e+00
   3.7100000e+00   6.0674585e-01   1.0000000e+00
   3.7300000e+00   6.0600262e-01   1.0000000e+00
   3.7500000e+00   6.0507736e-01   1.0000000e+00
   3.7700000e+00   6.0428282e-01   1.0000000e+00
   3.7900000e+00   6.0353959e-01   1.0000000e+00
