   6.0000000e-01   9.8028759e-01   0.0000000e+00
   6.2000000e-01   9.6699992e-01   0.0000000e+00
   6.4000000e-01   9.5263513e-01   0.0000000e+00
   6.6000000e-01   9.3719324e-01   0.0000000e+00
   6.8000000e-01   9.0833688e-01   0.0000000e+00
   7.0000000e-01   8.8084629e-01   0.0000000e+00
   7.2000000e-01   8.5472148e-01   0.0000000e+00
   7.4000000e-01   8.2873279e-01   0.0000000e+00
   7.6000000e-01   8.0564223e-01   0.0000000e+00
   7.8000000e-01   7.8544981e-01   0.0000000e+00
   8.0000000e-01   7.7306194e-01   0.0000000e+00
   8.2000000e-01   7.5938672e-01   0.0000000e+00
   8.4000000e-01   7.4442416e-01   0.0000000e+00
   8.6000000e-01   7.2998458e-01   0.0000000e+00
   8.8000000e-01   7.1555070e-01   0.0000000e+00
   9.0000000e-01   7.0112252e-01   0.0000000e+00
   9.2000000e-01   6.8872187e-01   0.0000000e+00
   9.4000000e-01   6.7769672e-01   0.0000000e+00
   9.6000000e-01   6.6804707e-01   0.0000000e+00
   9.8000000e-01   6.6062211e-01   0.0000000e+00
   1.0000000e+00   6.5343618e-01   0.0000000e+00
   1.0200000e+00   6.4648927e-01   0.0000000e+00
   1.0400000e+00   6.3954237e-01   0.0000000e+00
   1.0600000e+00   6.3313152e-01   0.0000000e+00
   1.0800000e+00   6.2725671e-01   0.0000000e+00
   1.1000000e+00   6.2191294e-01   0.0000000e+00
   1.1200000e+00   6.1663119e-01   0.0000000e+00
   1.1400000e+00   6.1141145e-01   0.0000000e+00
   1.1600000e+00   6.0659469e-01   0.0000000e+00
   1.1800000e+00   6.0151442e-01   0.0000000e+00
   1.2000000e+00   5.9617065e-01   0.0000000e+00
   1.2200000e+00   5.9210213e-01   0.0000000e+00
   1.2400000e+00   5.8804334e-01   0.0000000e+00
   1.2600000e+00   5.8399428e-01   0.0000000e+00
   1.2800000e+00   5.7971927e-01   0.0000000e+00
   1.3000000e+00   5.7548180e-01   0.0000000e+00
   1.3200000e+00   5.7128187e-01   0.0000000e+00
   1.3400000e+00   5.6754123e-01   0.0000000e+00
   1.3600000e+00   5.6355419e-01   0.0000000e+00
   1.3800000e+00   5.5932075e-01   0.0000000e+00
   1.4000000e+00   5.5579801e-01   0.0000000e+00
   1.4200000e+00   5.5230377e-01   0.0000000e+00
   1.4400000e+00   5.4883803e-01   0.0000000e+00
   1.4600000e+00   5.4524020e-01   0.0000000e+00
   1.4800000e+00   5.4182509e-01   0.0000000e+00
   1.5000000e+00   5.3859268e-01   0.0000000e+00
   1.5200000e+00   5.3485204e-01   0.0000000e+00
   1.5400000e+00   5.3177719e-01   0.0000000e+00
   1.5600000e+00   5.2936811e-01   0.0000000e+00
   1.5800000e+00   5.2657622e-01   0.0000000e+00
   1.6000000e+00   5.2368241e-01   0.0000000e+00
   1.6200000e+00   5.2068667e-01   0.0000000e+00
   1.6400000e+00   5.1810865e-01   0.0000000e+00
   1.6600000e+00   5.1575089e-01   0.0000000e+00
   1.6800000e+00   5.1361338e-01   0.0000000e+00
   1.7000000e+00   5.1147587e-01   0.0000000e+00
   1.7200000e+00   5.0933836e-01   0.0000000e+00
   1.7400000e+00   5.0720085e-01   0.0000000e+00
   1.7600000e+00   5.0534159e-01   0.0000000e+00
   1.7800000e+00   5.0361039e-01   0.0000000e+00
   1.8000000e+00   5.0200726e-01   0.0000000e+00
   1.8200000e+00   5.0040413e-01   0.0000000e+00
   1.8400000e+00   4.9880100e-01   0.0000000e+00
   1.8600000e+00   4.9719787e-01   0.0000000e+00
   1.8800000e+00   4.9513211e-01   0.0000000e+00
   1.9000000e+00   4.9337644e-01   0.0000000e+00
   1.9200000e+00   4.9193086e-01   0.0000000e+00
   1.9400000e+00   4.9040351e-01   0.0000000e+00
   1.9600000e+00   4.8868371e-01   0.0000000e+00
   1.9800000e+00   4.8677147e-01   0.0000000e+00
   2.0000000e+00   4.8570272e-01   0.0000000e+00
   2.0200000e+00   4.8463396e-01   0.0000000e+00
   2.0400000e+00   4.8356521e-01   0.0000000e+00
   2.0600000e+00   4.8208277e-01   0.0000000e+00
   2.0800000e+00   4.8068850e-01   0.0000000e+00
   2.1000000e+00   4.7938238e-01   0.0000000e+00
   2.1200000e+00   4.7831363e-01   0.0000000e+00
   2.1400000e+00   4.7721303e-01   0.0000000e+00
   2.1600000e+00   4.7608059e-01   0.0000000e+00
   2.1800000e+00   4.7447746e-01   0.0000000e+00
   2.2000000e+00   4.7311503e-01   0.0000000e+00
   2.2200000e+00   4.7199330e-01   0.0000000e+00
   2.2400000e+00   4.7019507e-01   0.0000000e+00
   2.2600000e+00   4.6835124e-01   0.0000000e+00
   2.2800000e+00   4.6646180e-01   0.0000000e+00
   2.3000000e+00   4.6485867e-01   0.0000000e+00
   2.3200000e+00   4.6326291e-01   0.0000000e+00
   2.3400000e+00   4.6167452e-01   0.0000000e+00
   2.3600000e+00   4.6060577e-01   0.0000000e+00
   2.3800000e+00   4.5932079e-01   0.0000000e+00
   2.4000000e+00   4.5781958e-01   0.0000000e+00
   2.4200000e+00   4.5653224e-01   0.0000000e+00
   2.4400000e+00   4.5535419e-01   0.0000000e+00
   2.4600000e+00   4.5428544e-01   0.0000000e+00
   2.4800000e+00   4.5321668e-01   0.0000000e+00
   2.5000000e+00   4.5214793e-01   0.0000000e+00
   2.5200000e+00   4.5107917e-01   0.0000000e+00
   2.5400000e+00   4.4951025e-01   0.0000000e+00
   2.5600000e+00   4.4811597e-01   0.0000000e+00
   2.5800000e+00   4.4689635e-01   0.0000000e+00
   2.6000000e+00   4.4582760e-01   0.0000000e+00
   2.6200000e+00   4.4475884e-01   0.0000000e+00
   2.6400000e+00   4.4369009e-01   0.0000000e+00
   2.6600000e+00   4.4262133e-01   0.0000000e+00
   2.6800000e+00   4.4155258e-01   0.0000000e+00
   2.7000000e+00   4.4048383e-01   0.0000000e+00
   2.7200000e+00   4.3941507e-01   0.0000000e+00
   2.7400000e+00   4.3834632e-01   0.0000000e+00
   2.7600000e+00   4.3727756e-01   0.0000000e+00
   2.7800000e+00   4.3599091e-01   0.0000000e+00
   2.8000000e+00   4.3459664e-01   0.0000000e+00
   2.8200000e+00   4.3309474e-01   0.0000000e+00
   2.8400000e+00   4.3202598e-01   0.0000000e+00
   2.8600000e+00   4.3095723e-01   0.0000000e+00
   2.8800000e+00   4.2988848e-01   0.0000000e+00
   2.9000000e+00   4.2922200e-01   0.0000000e+00
   2.9200000e+00   4.2833596e-01   0.0000000e+00
   2.9400000e+00   4.2723035e-01   0.0000000e+00
   2.9600000e+00   4.2579617e-01   0.0000000e+00
   2.9800000e+00   4.2457085e-01   0.0000000e+00
   3.0000000e+00   4.2355438e-01   0.0000000e+00
   3.0200000e+00   4.2302000e-01   0.0000000e+00
   3.0400000e+00   4.2248563e-01   0.0000000e+00
   3.0600000e+00   4.2195125e-01   0.0000000e+00
   3.0800000e+00   4.2106354e-01   0.0000000e+00
   3.1000000e+00   4.2032198e-01   0.0000000e+00
   3.1200000e+00   4.1972656e-01   0.0000000e+00
   3.1400000e+00   4.1960656e-01   0.0000000e+00
   3.1600000e+00   4.1927937e-01   0.0000000e+00
   3.1800000e+00   4.1874499e-01   0.0000000e+00
   3.2000000e+00   4.1821061e-01   0.0000000e+00
   2.0400000e+00   7.4163010e-01   1.0000000e+00
   2.0600000e+00   7.3938940e-01   1.0000000e+00
   2.0800000e+00   7.3666592e-01   1.0000000e+00
   2.1000000e+00   7.3345965e-01   1.0000000e+00
   2.1200000e+00   7.3079445e-01   1.0000000e+00
   2.1400000e+00   7.2859659e-01   1.0000000e+00
   2.1600000e+00   7.2686609e-01   1.0000000e+00
   2.1800000e+00   7.2419420e-01   1.0000000e+00
   2.2000000e+00   7.2200372e-01   1.0000000e+00
   2.2200000e+00   7.2029463e-01   1.0000000e+00
   2.2400000e+00   7.1759729e-01   1.0000000e+00
   2.2600000e+00   7.1489356e-01   1.0000000e+00
   2.2800000e+00   7.1218344e-01   1.0000000e+00
   2.3000000e+00   7.0991453e-01   1.0000000e+00
   2.3200000e+00   7.0744413e-01   1.0000000e+00
   2.3400000e+00   7.0477225e-01   1.0000000e+00
   2.3600000e+00   7.0210036e-01   1.0000000e+00
   2.3800000e+00   6.9942847e-01   1.0000000e+00
   2.4000000e+00   6.9675659e-01   1.0000000e+00
   2.4200000e+00   6.9440049e-01   1.0000000e+00
   2.4400000e+00   6.9215369e-01   1.0000000e+00
   2.4600000e+00   6.9001618e-01   1.0000000e+00
   2.4800000e+00   6.8779622e-01   1.0000000e+00
   2.5000000e+00   6.8535029e-01   1.0000000e+00
   2.5200000e+00   6.8267840e-01   1.0000000e+00
   2.5400000e+00   6.8050669e-01   1.0000000e+00
   2.5600000e+00   6.7835208e-01   1.0000000e+00
   2.5800000e+00   6.7621457e-01   1.0000000e+00
   2.6000000e+00   6.7461075e-01   1.0000000e+00
   2.6200000e+00   6.7312429e-01   1.0000000e+00
   2.6400000e+00   6.7175517e-01   1.0000000e+00
   2.6600000e+00   6.6968470e-01   1.0000000e+00
   2.6800000e+00   6.6811508e-01   1.0000000e+00
   2.7000000e+00   6.6704633e-01   1.0000000e+00
   2.7200000e+00   6.6552634e-01   1.0000000e+00
   2.7400000e+00   6.6379751e-01   1.0000000e+00
   2.7600000e+00   6.6185981e-01   1.0000000e+00
   2.7800000e+00   6.5994020e-01   1.0000000e+00
   2.8000000e+00   6.5812821e-01   1.0000000e+00
   2.8200000e+00   6.5642385e-01   1.0000000e+00
   2.8400000e+00   6.5428634e-01   1.0000000e+00
   2.8600000e+00   6.5266778e-01   1.0000000e+00
   2.8800000e+00   6.5156816e-01   1.0000000e+00
   2.9000000e+00   6.4969485e-01   1.0000000e+00
   2.9200000e+00   6.4797505e-01   1.0000000e+00
   2.9400000e+00   6.4640878e-01   1.0000000e+00
   2.9600000e+00   6.4517107e-01   1.0000000e+00
   2.9800000e+00   6.4375065e-01   1.0000000e+00
   3.0000000e+00   6.4214752e-01   1.0000000e+00
   3.0200000e+00   6.4054439e-01   1.0000000e+00
   3.0400000e+00   6.3870626e-01   1.0000000e+00
   3.0600000e+00   6.3663313e-01   1.0000000e+00
   3.0800000e+00   6.3520229e-01   1.0000000e+00
   3.1000000e+00   6.3383416e-01   1.0000000e+00
   3.1200000e+00   6.3252873e-01   1.0000000e+00
   3.1400000e+00   6.3080560e-01   1.0000000e+00
   3.1600000e+00   6.2887694e-01   1.0000000e+00
   3.1800000e+00   6.2674278e-01   1.0000000e+00
   3.2000000e+00   6.2513965e-01   1.0000000e+00
   3.2200000e+00   6.2353652e-01   1.0000000e+00
   3.2400000e+00   6.2193338e-01   1.0000000e+00
   3.2600000e+00   6.2063464e-01   1.0000000e+00
   3.2800000e+00   6.1945089e-01   1.0000000e+00
   3.3000000e+00   6.1838214e-01   1.0000000e+00
   3.3200000e+00   6.1731339e-01   1.0000000e+00
   3.3400000e+00   6.1624463e-01   1.0000000e+00
   3.3600000e+00   6.1517588e-01   1.0000000e+00
   3.3800000e+00   6.1459590e-01   1.0000000e+00
   3.4000000e+00   6.1403872e-01   1.0000000e+00
   3.4200000e+00   6.1350434e-01   1.0000000e+00
   3.4400000e+00   6.1271452e-01   1.0000000e+00
   3.4600000e+00   6.1178523e-01   1.0000000e+00
   3.4800000e+00   6.1071648e-01   1.0000000e+00
   3.5000000e+00   6.0964772e-01   1.0000000e+00
   3.5200000e+00   6.0857897e-01   1.0000000e+00
   3.5400000e+00   6.0751022e-01   1.0000000e+00
   3.5600000e+00   6.0600164e-01   1.0000000e+00
   3.5800000e+00   6.0460736e-01   1.0000000e+00
   3.6000000e+00   6.0332739e-01   1.0000000e+00
   3.6200000e+00   6.0225864e-01   1.0000000e+00
   3.6400000e+00   6.0118988e-01   1.0000000e+00
   3.6600000e+00   6.0012113e-01   1.0000000e+00
   3.6800000e+00   5.9905238e-01   1.0000000e+00
   3.7000000e+00   5.9772985e-01   1.0000000e+00
   3.7200000e+00   5.9615355e-01   1.0000000e+00
   3.7400000e+00   5.9533218e-01   1.0000000e+00
   3.7600000e+00   5.9479141e-01   1.0000000e+00
   3.7800000e+00   5.9453125e-01   1.0000000e+00
   3.8000000e+00   5.9516145e-01   1.0000000e+00
