   6.0000000e-01   9.4960785e-01   0.0000000e+00
   6.2000000e-01   9.3285581e-01   0.0000000e+00
   6.4000000e-01   9.1186562e-01   0.0000000e+00
   6.6000000e-01   8.8663726e-01   0.0000000e+00
   6.8000000e-01   8.5991841e-01   0.0000000e+00
   7.0000000e-01   8.3570347e-01   0.0000000e+00
   7.2000000e-01   8.1399245e-01   0.0000000e+00
   7.4000000e-01   7.9416752e-01   0.0000000e+00
   7.6000000e-01   7.7563495e-01   0.0000000e+00
   7.8000000e-01   7.5839473e-01   0.0000000e+00
   8.0000000e-01   7.4438760e-01   0.0000000e+00
   8.2000000e-01   7.3123870e-01   0.0000000e+00
   8.4000000e-01   7.1894803e-01   0.0000000e+00
   8.6000000e-01   7.0718033e-01   0.0000000e+00
   8.8000000e-01   6.9541834e-01   0.0000000e+00
   9.0000000e-01   6.8366204e-01   0.0000000e+00
   9.2000000e-01   6.7393328e-01   0.0000000e+00
   9.4000000e-01   6.6523404e-01   0.0000000e+00
   9.6000000e-01   6.5756435e-01   0.0000000e+00
   9.8000000e-01   6.5056113e-01   0.0000000e+00
   1.0000000e+00   6.4331889e-01   0.0000000e+00
   1.0200000e+00   6.3583761e-01   0.0000000e+00
   1.0400000e+00   6.3025245e-01   0.0000000e+00
   1.0600000e+00   6.2478798e-01   0.0000000e+00
   1.0800000e+00   6.1944421e-01   0.0000000e+00
   1.1000000e+00   6.1434114e-01   0.0000000e+00
   1.1200000e+00   6.0932289e-01   0.0000000e+00
   1.1400000e+00   6.0438946e-01   0.0000000e+00
   1.1600000e+00   5.9906043e-01   0.0000000e+00
   1.1800000e+00   5.9425841e-01   0.0000000e+00
   1.2000000e+00   5.8998340e-01   0.0000000e+00
   1.2200000e+00   5.8698363e-01   0.0000000e+00
   1.2400000e+00   5.8399360e-01   0.0000000e+00
   1.2600000e+00   5.8101329e-01   0.0000000e+00
   1.2800000e+00   5.7780703e-01   0.0000000e+00
   1.3000000e+00   5.7467586e-01   0.0000000e+00
   1.3200000e+00   5.7161977e-01   0.0000000e+00
   1.3400000e+00   5.6948227e-01   0.0000000e+00
   1.3600000e+00   5.6660555e-01   0.0000000e+00
   1.3800000e+00   5.6298964e-01   0.0000000e+00
   1.4000000e+00   5.6000128e-01   0.0000000e+00
   1.4200000e+00   5.5717115e-01   0.0000000e+00
   1.4400000e+00   5.5449927e-01   0.0000000e+00
   1.4600000e+00   5.5168457e-01   0.0000000e+00
   1.4800000e+00   5.4870024e-01   0.0000000e+00
   1.5000000e+00   5.4554626e-01   0.0000000e+00
   1.5200000e+00   5.4340875e-01   0.0000000e+00
   1.5400000e+00   5.4127125e-01   0.0000000e+00
   1.5600000e+00   5.3913374e-01   0.0000000e+00
   1.5800000e+00   5.3699623e-01   0.0000000e+00
   1.6000000e+00   5.3475346e-01   0.0000000e+00
   1.6200000e+00   5.3240542e-01   0.0000000e+00
   1.6400000e+00   5.2982740e-01   0.0000000e+00
   1.6600000e+00   5.2746964e-01   0.0000000e+00
   1.6800000e+00   5.2533213e-01   0.0000000e+00
   1.7000000e+00   5.2421777e-01   0.0000000e+00
   1.7200000e+00   5.2273130e-01   0.0000000e+00
   1.7400000e+00   5.2087273e-01   0.0000000e+00
   1.7600000e+00   5.1873522e-01   0.0000000e+00
   1.7800000e+00   5.1675929e-01   0.0000000e+00
   1.8000000e+00   5.1494495e-01   0.0000000e+00
   1.8200000e+00   5.1383128e-01   0.0000000e+00
   1.8400000e+00   5.1247287e-01   0.0000000e+00
   1.8600000e+00   5.1086974e-01   0.0000000e+00
   1.8800000e+00   5.0972924e-01   0.0000000e+00
   1.9000000e+00   5.0862461e-01   0.0000000e+00
   1.9200000e+00   5.0755586e-01   0.0000000e+00
   1.9400000e+00   5.0648710e-01   0.0000000e+00
   1.9600000e+00   5.0541835e-01   0.0000000e+00
   1.9800000e+00   5.0434960e-01   0.0000000e+00
   2.0000000e+00   5.0328084e-01   0.0000000e+00
   2.0200000e+00   5.0168174e-01   0.0000000e+00
   2.0400000e+00   4.9955229e-01   0.0000000e+00
   2.0600000e+00   4.9741479e-01   0.0000000e+00
   2.0800000e+00   4.9542579e-01   0.0000000e+00
   2.1000000e+00   4.9358530e-01   0.0000000e+00
   2.1200000e+00   4.9216252e-01   0.0000000e+00
   2.1400000e+00   4.9088491e-01   0.0000000e+00
   2.1600000e+00   4.8975246e-01   0.0000000e+00
   2.1800000e+00   4.8814933e-01   0.0000000e+00
   2.2000000e+00   4.8630550e-01   0.0000000e+00
   2.2200000e+00   4.8422097e-01   0.0000000e+00
   2.2400000e+00   4.8281293e-01   0.0000000e+00
   2.2600000e+00   4.8157454e-01   0.0000000e+00
   2.2800000e+00   4.8050579e-01   0.0000000e+00
   2.3000000e+00   4.7930562e-01   0.0000000e+00
   2.3200000e+00   4.7791872e-01   0.0000000e+00
   2.3400000e+00   4.7634507e-01   0.0000000e+00
   2.3600000e+00   4.7581070e-01   0.0000000e+00
   2.3800000e+00   4.7462764e-01   0.0000000e+00
   2.4000000e+00   4.7279590e-01   0.0000000e+00
   2.4200000e+00   4.7128997e-01   0.0000000e+00
   2.4400000e+00   4.7000263e-01   0.0000000e+00
   2.4600000e+00   4.6893387e-01   0.0000000e+00
   2.4800000e+00   4.6786512e-01   0.0000000e+00
   2.5000000e+00   4.6679636e-01   0.0000000e+00
   2.5200000e+00   4.6572761e-01   0.0000000e+00
   2.5400000e+00   4.6465886e-01   0.0000000e+00
   2.5600000e+00   4.6339835e-01   0.0000000e+00
   2.5800000e+00   4.6194609e-01   0.0000000e+00
   2.6000000e+00   4.6087664e-01   0.0000000e+00
   2.6200000e+00   4.5992455e-01   0.0000000e+00
   2.6400000e+00   4.5908982e-01   0.0000000e+00
   2.6600000e+00   4.5752020e-01   0.0000000e+00
   2.6800000e+00   4.5620102e-01   0.0000000e+00
   2.7000000e+00   4.5513226e-01   0.0000000e+00
   2.7200000e+00   4.5406351e-01   0.0000000e+00
   2.7400000e+00   4.5299475e-01   0.0000000e+00
   2.7600000e+00   4.5192600e-01   0.0000000e+00
   2.7800000e+00   4.5063935e-01   0.0000000e+00
   2.8000000e+00   4.4929569e-01   0.0000000e+00
   2.8200000e+00   4.4789503e-01   0.0000000e+00
   2.8400000e+00   4.4736065e-01   0.0000000e+00
   2.8600000e+00   4.4656680e-01   0.0000000e+00
   2.8800000e+00   4.4551348e-01   0.0000000e+00
   2.9000000e+00   4.4444472e-01   0.0000000e+00
   2.9200000e+00   4.4337597e-01   0.0000000e+00
   2.9400000e+00   4.4230721e-01   0.0000000e+00
   2.9600000e+00   4.4123846e-01   0.0000000e+00
   2.9800000e+00   4.4016971e-01   0.0000000e+00
   3.0000000e+00   4.3910095e-01   0.0000000e+00
   3.0200000e+00   4.3803220e-01   0.0000000e+00
   3.0400000e+00   4.3696344e-01   0.0000000e+00
   3.0600000e+00   4.3589469e-01   0.0000000e+00
   3.0800000e+00   4.3482593e-01   0.0000000e+00
   3.1000000e+00   4.3375718e-01   0.0000000e+00
   3.1200000e+00   4.3268843e-01   0.0000000e+00
   3.1400000e+00   4.3161967e-01   0.0000000e+00
   3.1600000e+00   4.3055092e-01   0.0000000e+00
   3.1800000e+00   4.2948216e-01   0.0000000e+00
   3.2000000e+00   4.2841341e-01   0.0000000e+00
   3.2200000e+00   4.2755518e-01   0.0000000e+00
   3.2400000e+00   4.2690748e-01   0.0000000e+00
   3.2600000e+00   4.2606872e-01   0.0000000e+00
   3.2800000e+00   4.2520882e-01   0.0000000e+00
   3.3000000e+00   4.2432779e-01   0.0000000e+00
   3.3200000e+00   4.2379341e-01   0.0000000e+00
   3.3400000e+00   4.2325903e-01   0.0000000e+00
   3.3600000e+00   4.2272466e-01   0.0000000e+00
   3.3800000e+00   4.2219028e-01   0.0000000e+00
   3.4000000e+00   4.2072564e-01   0.0000000e+00
   3.4200000e+00   4.1833072e-01   0.0000000e+00
   2.0700000e+00   7.6747437e-01   1.0000000e+00
   2.0900000e+00   7.6646527e-01   1.0000000e+00
   2.1100000e+00   7.6560336e-01   1.0000000e+00
   2.1300000e+00   7.6488863e-01   1.0000000e+00
   2.1500000e+00   7.6381987e-01   1.0000000e+00
   2.1700000e+00   7.6275112e-01   1.0000000e+00
   2.1900000e+00   7.6168237e-01   1.0000000e+00
   2.2100000e+00   7.5965081e-01   1.0000000e+00
   2.2300000e+00   7.5774865e-01   1.0000000e+00
   2.2500000e+00   7.5597587e-01   1.0000000e+00
   2.2700000e+00   7.5412467e-01   1.0000000e+00
   2.2900000e+00   7.5213032e-01   1.0000000e+00
   2.3100000e+00   7.4999281e-01   1.0000000e+00
   2.3300000e+00   7.4784056e-01   1.0000000e+00
   2.3500000e+00   7.4542849e-01   1.0000000e+00
   2.3700000e+00   7.4275661e-01   1.0000000e+00
   2.3900000e+00   7.4008472e-01   1.0000000e+00
   2.4100000e+00   7.3757073e-01   1.0000000e+00
   2.4300000e+00   7.3521463e-01   1.0000000e+00
   2.4500000e+00   7.3287800e-01   1.0000000e+00
   2.4700000e+00   7.3041497e-01   1.0000000e+00
   2.4900000e+00   7.2782555e-01   1.0000000e+00
   2.5100000e+00   7.2568804e-01   1.0000000e+00
   2.5300000e+00   7.2355053e-01   1.0000000e+00
   2.5500000e+00   7.2141302e-01   1.0000000e+00
   2.5700000e+00   7.1889201e-01   1.0000000e+00
   2.5900000e+00   7.1642898e-01   1.0000000e+00
   2.6100000e+00   7.1402394e-01   1.0000000e+00
   2.6300000e+00   7.1188643e-01   1.0000000e+00
   2.6500000e+00   7.0978243e-01   1.0000000e+00
   2.6700000e+00   7.0771196e-01   1.0000000e+00
   2.6900000e+00   7.0664320e-01   1.0000000e+00
   2.7100000e+00   7.0534883e-01   1.0000000e+00
   2.7300000e+00   7.0382885e-01   1.0000000e+00
   2.7500000e+00   7.0256028e-01   1.0000000e+00
   2.7700000e+00   7.0150057e-01   1.0000000e+00
   2.7900000e+00   7.0064972e-01   1.0000000e+00
   2.8100000e+00   7.0001411e-01   1.0000000e+00
   2.8300000e+00   6.9916192e-01   1.0000000e+00
   2.8500000e+00   6.9809317e-01   1.0000000e+00
   2.8700000e+00   6.9806231e-01   1.0000000e+00
   2.8900000e+00   6.9744345e-01   1.0000000e+00
   2.9100000e+00   6.9623661e-01   1.0000000e+00
