   6.0000000e-01   9.6759936e-01   0.0000000e+00
   6.2000000e-01   9.4589444e-01   0.0000000e+00
   6.4000000e-01   9.2105431e-01   0.0000000e+00
   6.6000000e-01   8.9307898e-01   0.0000000e+00
   6.8000000e-01   8.6261949e-01   0.0000000e+00
   7.0000000e-01   8.3580205e-01   0.0000000e+00
   7.2000000e-01   8.1262668e-01   0.0000000e+00
   7.4000000e-01   7.9037863e-01   0.0000000e+00
   7.6000000e-01   7.7003004e-01   0.0000000e+00
   7.8000000e-01   7.5158090e-01   0.0000000e+00
   8.0000000e-01   7.3686111e-01   0.0000000e+00
   8.2000000e-01   7.1827930e-01   0.0000000e+00
   8.4000000e-01   6.9583547e-01   0.0000000e+00
   8.6000000e-01   6.7914436e-01   0.0000000e+00
   8.8000000e-01   6.6393806e-01   0.0000000e+00
   9.0000000e-01   6.5021655e-01   0.0000000e+00
   9.2000000e-01   6.3883973e-01   0.0000000e+00
   9.4000000e-01   6.2842071e-01   0.0000000e+00
   9.6000000e-01   6.1895947e-01   0.0000000e+00
   9.8000000e-01   6.1094381e-01   0.0000000e+00
   1.0000000e+00   6.0292816e-01   0.0000000e+00
   1.0200000e+00   5.9491250e-01   0.0000000e+00
   1.0400000e+00   5.8737088e-01   0.0000000e+00
   1.0600000e+00   5.8075284e-01   0.0000000e+00
   1.0800000e+00   5.7505838e-01   0.0000000e+00
   1.1000000e+00   5.6928619e-01   0.0000000e+00
   1.1200000e+00   5.6311269e-01   0.0000000e+00
   1.1400000e+00   5.5653790e-01   0.0000000e+00
   1.1600000e+00   5.5120150e-01   0.0000000e+00
   1.1800000e+00   5.4612861e-01   0.0000000e+00
   1.2000000e+00   5.4131921e-01   0.0000000e+00
   1.2200000e+00   5.3650982e-01   0.0000000e+00
   1.2400000e+00   5.3154622e-01   0.0000000e+00
   1.2600000e+00   5.2642840e-01   0.0000000e+00
   1.2800000e+00   5.2146814e-01   0.0000000e+00
   1.3000000e+00   5.1681296e-01   0.0000000e+00
   1.3200000e+00   5.1246285e-01   0.0000000e+00
   1.3400000e+00   5.0765346e-01   0.0000000e+00
   1.3600000e+00   5.0333687e-01   0.0000000e+00
   1.3800000e+00   4.9951308e-01   0.0000000e+00
   1.4000000e+00   4.9577244e-01   0.0000000e+00
   1.4200000e+00   4.9229127e-01   0.0000000e+00
   1.4400000e+00   4.8906958e-01   0.0000000e+00
   1.4600000e+00   4.8639769e-01   0.0000000e+00
   1.4800000e+00   4.8372581e-01   0.0000000e+00
   1.5000000e+00   4.8105392e-01   0.0000000e+00
   1.5200000e+00   4.7838204e-01   0.0000000e+00
   1.5400000e+00   4.7593208e-01   0.0000000e+00
   1.5600000e+00   4.7370405e-01   0.0000000e+00
   1.5800000e+00   4.7156654e-01   0.0000000e+00
   1.6000000e+00   4.6953430e-01   0.0000000e+00
   1.6200000e+00   4.6760732e-01   0.0000000e+00
   1.6400000e+00   4.6591032e-01   0.0000000e+00
   1.6600000e+00   4.6399307e-01   0.0000000e+00
   1.6800000e+00   4.6185556e-01   0.0000000e+00
   1.7000000e+00   4.6022963e-01   0.0000000e+00
   1.7200000e+00   4.5861510e-01   0.0000000e+00
   1.7400000e+00   4.5701197e-01   0.0000000e+00
   1.7600000e+00   4.5540884e-01   0.0000000e+00
   1.7800000e+00   4.5380571e-01   0.0000000e+00
   1.8000000e+00   4.5220258e-01   0.0000000e+00
   1.8200000e+00   4.5064436e-01   0.0000000e+00
   1.8400000e+00   4.4933088e-01   0.0000000e+00
   1.8600000e+00   4.4826212e-01   0.0000000e+00
   1.8800000e+00   4.4673074e-01   0.0000000e+00
   1.9000000e+00   4.4533646e-01   0.0000000e+00
   1.9200000e+00   4.4407930e-01   0.0000000e+00
   1.9400000e+00   4.4278124e-01   0.0000000e+00
   1.9600000e+00   4.4138697e-01   0.0000000e+00
   1.9800000e+00   4.3989647e-01   0.0000000e+00
   2.0000000e+00   4.3882772e-01   0.0000000e+00
   2.0200000e+00   4.3775896e-01   0.0000000e+00
   2.0400000e+00   4.3669021e-01   0.0000000e+00
   2.0600000e+00   4.3562146e-01   0.0000000e+00
   2.0800000e+00   4.3455270e-01   0.0000000e+00
   2.1000000e+00   4.3348395e-01   0.0000000e+00
   2.1200000e+00   4.3241519e-01   0.0000000e+00
   2.1400000e+00   4.3134644e-01   0.0000000e+00
   2.1600000e+00   4.3027769e-01   0.0000000e+00
   2.1800000e+00   4.2920893e-01   0.0000000e+00
   2.2000000e+00   4.2838088e-01   0.0000000e+00
   2.2200000e+00   4.2779352e-01   0.0000000e+00
   2.2400000e+00   4.2689441e-01   0.0000000e+00
   2.2600000e+00   4.2591048e-01   0.0000000e+00
   2.2800000e+00   4.2484172e-01   0.0000000e+00
   2.3000000e+00   4.2403578e-01   0.0000000e+00
   2.3200000e+00   4.2361807e-01   0.0000000e+00
   2.3400000e+00   4.2358859e-01   0.0000000e+00
   2.3600000e+00   4.2251983e-01   0.0000000e+00
   2.3800000e+00   4.2145108e-01   0.0000000e+00
   2.4000000e+00   4.2038232e-01   0.0000000e+00
   2.4200000e+00   4.1931357e-01   0.0000000e+00
   2.4400000e+00   4.1834438e-01   0.0000000e+00
   2.4600000e+00   4.1747475e-01   0.0000000e+00
   2.4800000e+00   4.1694037e-01   0.0000000e+00
   2.5000000e+00   4.1640600e-01   0.0000000e+00
   2.5200000e+00   4.1587162e-01   0.0000000e+00
   2.5400000e+00   4.1483707e-01   0.0000000e+00
   2.5600000e+00   4.1416892e-01   0.0000000e+00
   2.5800000e+00   4.1386719e-01   0.0000000e+00
   2.6000000e+00   4.1360034e-01   0.0000000e+00
   2.6200000e+00   4.1319973e-01   0.0000000e+00
   2.6400000e+00   4.1266536e-01   0.0000000e+00
   2.6600000e+00   4.1209746e-01   0.0000000e+00
   2.6800000e+00   4.1127914e-01   0.0000000e+00
   2.7000000e+00   4.1021039e-01   0.0000000e+00
   2.7200000e+00   4.1004409e-01   0.0000000e+00
   2.7400000e+00   4.0962638e-01   0.0000000e+00
   2.7600000e+00   4.0895725e-01   0.0000000e+00
   2.7800000e+00   4.0832429e-01   0.0000000e+00
   2.8000000e+00   4.0785596e-01   0.0000000e+00
   2.8200000e+00   4.0755226e-01   0.0000000e+00
   2.8400000e+00   4.0594913e-01   0.0000000e+00
   2.8600000e+00   4.0486495e-01   0.0000000e+00
   2.8800000e+00   4.0429971e-01   0.0000000e+00
   2.9000000e+00   4.0336305e-01   0.0000000e+00
   2.9200000e+00   4.0250315e-01   0.0000000e+00
   2.9400000e+00   4.0172001e-01   0.0000000e+00
   2.9600000e+00   4.0084773e-01   0.0000000e+00
   2.9800000e+00   3.9966231e-01   0.0000000e+00
   3.0000000e+00   3.9816376e-01   0.0000000e+00
   3.0200000e+00   3.9762938e-01   0.0000000e+00
   3.0400000e+00   3.9686000e-01   0.0000000e+00
   3.0600000e+00   3.9585563e-01   0.0000000e+00
   3.0800000e+00   3.9514021e-01   0.0000000e+00
   3.1000000e+00   3.9439697e-01   0.0000000e+00
   3.1200000e+00   3.9362593e-01   0.0000000e+00
   3.1400000e+00   3.9267718e-01   0.0000000e+00
   3.1600000e+00   3.9193562e-01   0.0000000e+00
   3.1800000e+00   3.9140124e-01   0.0000000e+00
   3.2000000e+00   3.9086686e-01   0.0000000e+00
   3.2200000e+00   3.9054301e-01   0.0000000e+00
   3.2400000e+00   3.9042969e-01   0.0000000e+00
   3.2600000e+00   3.8982091e-01   0.0000000e+00
   3.2800000e+00   3.8907601e-01   0.0000000e+00
   3.3000000e+00   3.8819498e-01   0.0000000e+00
   3.3200000e+00   3.8766060e-01   0.0000000e+00
   3.3400000e+00   3.8712622e-01   0.0000000e+00
   3.3600000e+00   3.8659184e-01   0.0000000e+00
   3.3800000e+00   3.8654624e-01   0.0000000e+00
   3.4000000e+00   3.8652344e-01   0.0000000e+00
   3.4200000e+00   3.8652344e-01   0.0000000e+00
   2.0100000e+00   6.8049898e-01   1.0000000e+00
   2.0300000e+00   6.7888778e-01   1.0000000e+00
   2.0500000e+00   6.7686694e-01   1.0000000e+00
   2.0700000e+00   6.7443644e-01   1.0000000e+00
   2.0900000e+00   6.7146754e-01   1.0000000e+00
   2.1100000e+00   6.6847014e-01   1.0000000e+00
   2.1300000e+00   6.6544423e-01   1.0000000e+00
   2.1500000e+00   6.6270865e-01   1.0000000e+00
   2.1700000e+00   6.5973774e-01   1.0000000e+00
   2.1900000e+00   6.5653147e-01   1.0000000e+00
   2.2100000e+00   6.5380661e-01   1.0000000e+00
   2.2300000e+00   6.5092587e-01   1.0000000e+00
   2.2500000e+00   6.4788925e-01   1.0000000e+00
   2.2700000e+00   6.4493106e-01   1.0000000e+00
   2.2900000e+00   6.4224743e-01   1.0000000e+00
   2.3100000e+00   6.3983836e-01   1.0000000e+00
   2.3300000e+00   6.3822048e-01   1.0000000e+00
   2.3500000e+00   6.3634279e-01   1.0000000e+00
   2.3700000e+00   6.3420528e-01   1.0000000e+00
   2.3900000e+00   6.3250023e-01   1.0000000e+00
   2.4100000e+00   6.3068824e-01   1.0000000e+00
   2.4300000e+00   6.2876932e-01   1.0000000e+00
   2.4500000e+00   6.2663181e-01   1.0000000e+00
   2.4700000e+00   6.2449431e-01   1.0000000e+00
   2.4900000e+00   6.2235680e-01   1.0000000e+00
   2.5100000e+00   6.2021929e-01   1.0000000e+00
   2.5300000e+00   6.1808178e-01   1.0000000e+00
   2.5500000e+00   6.1594427e-01   1.0000000e+00
   2.5700000e+00   6.1380677e-01   1.0000000e+00
   2.5900000e+00   6.1180268e-01   1.0000000e+00
   2.6100000e+00   6.0993201e-01   1.0000000e+00
   2.6300000e+00   6.0817870e-01   1.0000000e+00
   2.6500000e+00   6.0625005e-01   1.0000000e+00
   2.6700000e+00   6.0414606e-01   1.0000000e+00
   2.6900000e+00   6.0254293e-01   1.0000000e+00
   2.7100000e+00   6.0093980e-01   1.0000000e+00
   2.7300000e+00   5.9933667e-01   1.0000000e+00
   2.7500000e+00   5.9773353e-01   1.0000000e+00
   2.7700000e+00   5.9613040e-01   1.0000000e+00
   2.7900000e+00   5.9452727e-01   1.0000000e+00
   2.8100000e+00   5.9302537e-01   1.0000000e+00
   2.8300000e+00   5.9174005e-01   1.0000000e+00
   2.8500000e+00   5.9067129e-01   1.0000000e+00
   2.8700000e+00   5.8960254e-01   1.0000000e+00
   2.8900000e+00   5.8873493e-01   1.0000000e+00
   2.9100000e+00   5.8806845e-01   1.0000000e+00
   2.9300000e+00   5.8724846e-01   1.0000000e+00
   2.9500000e+00   5.8630409e-01   1.0000000e+00
   2.9700000e+00   5.8523533e-01   1.0000000e+00
   2.9900000e+00   5.8416658e-01   1.0000000e+00
   3.0100000e+00   5.8309782e-01   1.0000000e+00
   3.0300000e+00   5.8202907e-01   1.0000000e+00
   3.0500000e+00   5.8096032e-01   1.0000000e+00
   3.0700000e+00   5.7989156e-01   1.0000000e+00
   3.0900000e+00   5.7882281e-01   1.0000000e+00
   3.1100000e+00   5.7775405e-01   1.0000000e+00
   3.1300000e+00   5.7662530e-01   1.0000000e+00
   3.1500000e+00   5.7543654e-01   1.0000000e+00
   3.1700000e+00   5.7383675e-01   1.0000000e+00
   3.1900000e+00   5.7250248e-01   1.0000000e+00
   3.2100000e+00   5.7143372e-01   1.0000000e+00
   3.2300000e+00   5.7036497e-01   1.0000000e+00
   3.2500000e+00   5.6960060e-01   1.0000000e+00
   3.2700000e+00   5.6914062e-01   1.0000000e+00
   2.9400000e+00   7.0750379e-01   2.0000000e+00
   2.9600000e+00   7.0590066e-01   2.0000000e+00
   2.9800000e+00   7.0414067e-01   2.0000000e+00
   3.0000000e+00   7.0222381e-01   2.0000000e+00
   3.0200000e+00   6.9741442e-01   2.0000000e+00
   3.0400000e+00   6.9260502e-01   2.0000000e+00
   3.0600000e+00   6.8779563e-01   2.0000000e+00
   3.0800000e+00   6.8404624e-01   2.0000000e+00
   3.1000000e+00   6.8104176e-01   2.0000000e+00
   3.1200000e+00   6.7878218e-01   2.0000000e+00
