   6.1000000e-01   9.6732613e-01   0.0000000e+00
   6.3000000e-01   9.5051306e-01   0.0000000e+00
   6.5000000e-01   9.2834953e-01   0.0000000e+00
   6.7000000e-01   9.0096927e-01   0.0000000e+00
   6.9000000e-01   8.6837227e-01   0.0000000e+00
   7.1000000e-01   8.4351465e-01   0.0000000e+00
   7.3000000e-01   8.2017602e-01   0.0000000e+00
   7.5000000e-01   7.9835639e-01   0.0000000e+00
   7.7000000e-01   7.8040075e-01   0.0000000e+00
   7.9000000e-01   7.6394971e-01   0.0000000e+00
   8.1000000e-01   7.4900328e-01   0.0000000e+00
   8.3000000e-01   7.2976570e-01   0.0000000e+00
   8.5000000e-01   7.1183557e-01   0.0000000e+00
   8.7000000e-01   6.9521288e-01   0.0000000e+00
   8.9000000e-01   6.7986612e-01   0.0000000e+00
   9.1000000e-01   6.6587005e-01   0.0000000e+00
   9.3000000e-01   6.5322467e-01   0.0000000e+00
   9.5000000e-01   6.4340204e-01   0.0000000e+00
   9.7000000e-01   6.3448289e-01   0.0000000e+00
   9.9000000e-01   6.2646724e-01   0.0000000e+00
   1.0100000e+00   6.1845158e-01   0.0000000e+00
   1.0300000e+00   6.1043593e-01   0.0000000e+00
   1.0500000e+00   6.0242027e-01   0.0000000e+00
   1.0700000e+00   5.9583407e-01   0.0000000e+00
   1.0900000e+00   5.8960190e-01   0.0000000e+00
   1.1100000e+00   5.8372376e-01   0.0000000e+00
   1.1300000e+00   5.7784561e-01   0.0000000e+00
   1.1500000e+00   5.7197115e-01   0.0000000e+00
   1.1700000e+00   5.6610037e-01   0.0000000e+00
   1.1900000e+00   5.6075660e-01   0.0000000e+00
   1.2100000e+00   5.5583791e-01   0.0000000e+00
   1.2300000e+00   5.5134431e-01   0.0000000e+00
   1.2500000e+00   5.4676087e-01   0.0000000e+00
   1.2700000e+00   5.4196858e-01   0.0000000e+00
   1.2900000e+00   5.3696743e-01   0.0000000e+00
   1.3100000e+00   5.3177384e-01   0.0000000e+00
   1.3300000e+00   5.2703954e-01   0.0000000e+00
   1.3500000e+00   5.2276452e-01   0.0000000e+00
   1.3700000e+00   5.1848951e-01   0.0000000e+00
   1.3900000e+00   5.1440256e-01   0.0000000e+00
   1.4100000e+00   5.1050368e-01   0.0000000e+00
   1.4300000e+00   5.0676304e-01   0.0000000e+00
   1.4500000e+00   5.0309381e-01   0.0000000e+00
   1.4700000e+00   4.9949598e-01   0.0000000e+00
   1.4900000e+00   4.9631586e-01   0.0000000e+00
   1.5100000e+00   4.9338986e-01   0.0000000e+00
   1.5300000e+00   4.9071797e-01   0.0000000e+00
   1.5500000e+00   4.8804608e-01   0.0000000e+00
   1.5700000e+00   4.8537420e-01   0.0000000e+00
   1.5900000e+00   4.8270231e-01   0.0000000e+00
   1.6100000e+00   4.8024096e-01   0.0000000e+00
   1.6300000e+00   4.7798845e-01   0.0000000e+00
   1.6500000e+00   4.7594481e-01   0.0000000e+00
   1.6700000e+00   4.7434168e-01   0.0000000e+00
   1.6900000e+00   4.7299433e-01   0.0000000e+00
   1.7100000e+00   4.7190278e-01   0.0000000e+00
   1.7300000e+00   4.7083402e-01   0.0000000e+00
   1.7500000e+00   4.6962615e-01   0.0000000e+00
   1.7700000e+00   4.6827915e-01   0.0000000e+00
   1.7900000e+00   4.6683760e-01   0.0000000e+00
   1.8100000e+00   4.6555999e-01   0.0000000e+00
   1.8300000e+00   4.6444632e-01   0.0000000e+00
   1.8500000e+00   4.6284318e-01   0.0000000e+00
   1.8700000e+00   4.6147137e-01   0.0000000e+00
   1.8900000e+00   4.6033086e-01   0.0000000e+00
   1.9100000e+00   4.5891615e-01   0.0000000e+00
   1.9300000e+00   4.5752187e-01   0.0000000e+00
   1.9500000e+00   4.5614804e-01   0.0000000e+00
   1.9700000e+00   4.5507929e-01   0.0000000e+00
   1.9900000e+00   4.5401053e-01   0.0000000e+00
   2.0100000e+00   4.5294178e-01   0.0000000e+00
   2.0300000e+00   4.5187302e-01   0.0000000e+00
   2.0500000e+00   4.5080427e-01   0.0000000e+00
   2.0700000e+00   4.4973552e-01   0.0000000e+00
   2.0900000e+00   4.4866676e-01   0.0000000e+00
   2.1100000e+00   4.4759801e-01   0.0000000e+00
   2.1300000e+00   4.4652925e-01   0.0000000e+00
   2.1500000e+00   4.4552419e-01   0.0000000e+00
   2.1700000e+00   4.4475447e-01   0.0000000e+00
   2.1900000e+00   4.4422009e-01   0.0000000e+00
   2.2100000e+00   4.4272291e-01   0.0000000e+00
   2.2300000e+00   4.4153749e-01   0.0000000e+00
   2.2500000e+00   4.4066383e-01   0.0000000e+00
   2.2700000e+00   4.3988138e-01   0.0000000e+00
   2.2900000e+00   4.3895578e-01   0.0000000e+00
   2.3100000e+00   4.3788703e-01   0.0000000e+00
   2.3300000e+00   4.3683302e-01   0.0000000e+00
   2.3500000e+00   4.3603882e-01   0.0000000e+00
   2.3700000e+00   4.3550445e-01   0.0000000e+00
   2.3900000e+00   4.3453761e-01   0.0000000e+00
   2.4100000e+00   4.3367772e-01   0.0000000e+00
   2.4300000e+00   4.3292475e-01   0.0000000e+00
   2.4500000e+00   4.3199212e-01   0.0000000e+00
   2.4700000e+00   4.3080671e-01   0.0000000e+00
   2.4900000e+00   4.2936850e-01   0.0000000e+00
   2.5100000e+00   4.2883412e-01   0.0000000e+00
   2.5300000e+00   4.2829974e-01   0.0000000e+00
   2.5500000e+00   4.2776536e-01   0.0000000e+00
   2.5700000e+00   4.2684748e-01   0.0000000e+00
   2.5900000e+00   4.2585416e-01   0.0000000e+00
   2.6100000e+00   4.2478541e-01   0.0000000e+00
   2.6300000e+00   4.2386683e-01   0.0000000e+00
   2.6500000e+00   4.2314035e-01   0.0000000e+00
   2.6700000e+00   4.2260598e-01   0.0000000e+00
   2.6900000e+00   4.2207160e-01   0.0000000e+00
   2.7100000e+00   4.2131161e-01   0.0000000e+00
   2.7300000e+00   4.2032601e-01   0.0000000e+00
   2.7500000e+00   4.1992638e-01   0.0000000e+00
   2.7700000e+00   4.1950866e-01   0.0000000e+00
   2.7900000e+00   4.1907287e-01   0.0000000e+00
   2.8100000e+00   4.1820658e-01   0.0000000e+00
   2.8300000e+00   4.1777344e-01   0.0000000e+00
   2.8500000e+00   4.1777344e-01   0.0000000e+00
   2.8700000e+00   4.1725449e-01   0.0000000e+00
   2.8900000e+00   4.1672783e-01   0.0000000e+00
   2.9100000e+00   4.1619345e-01   0.0000000e+00
   2.9300000e+00   4.1594469e-01   0.0000000e+00
   2.9500000e+00   4.1582031e-01   0.0000000e+00
   2.9700000e+00   4.1582031e-01   0.0000000e+00
   2.9900000e+00   4.1576803e-01   0.0000000e+00
   3.0100000e+00   4.1547469e-01   0.0000000e+00
   3.0300000e+00   4.1494032e-01   0.0000000e+00
   3.0500000e+00   4.1487594e-01   0.0000000e+00
   3.0700000e+00   4.1466708e-01   0.0000000e+00
   3.0900000e+00   4.1431375e-01   0.0000000e+00
   3.1100000e+00   4.1401604e-01   0.0000000e+00
   3.1300000e+00   4.1386719e-01   0.0000000e+00
   3.1500000e+00   4.1386719e-01   0.0000000e+00
   3.1700000e+00   4.1386051e-01   0.0000000e+00
   3.1900000e+00   4.1332279e-01   0.0000000e+00
   3.2100000e+00   4.1225403e-01   0.0000000e+00
   3.2300000e+00   4.1202739e-01   0.0000000e+00
   3.2500000e+00   4.1176187e-01   0.0000000e+00
   3.2700000e+00   4.1145748e-01   0.0000000e+00
   3.2900000e+00   4.1092310e-01   0.0000000e+00
   3.3100000e+00   4.1042426e-01   0.0000000e+00
   3.3300000e+00   4.0996094e-01   0.0000000e+00
   3.3500000e+00   4.0996094e-01   0.0000000e+00
   3.3700000e+00   4.0947217e-01   0.0000000e+00
   3.3900000e+00   4.0849462e-01   0.0000000e+00
   3.4100000e+00   4.0817008e-01   0.0000000e+00
   3.4300000e+00   4.0788009e-01   0.0000000e+00
   3.4500000e+00   4.0762465e-01   0.0000000e+00
   3.4700000e+00   4.0722905e-01   0.0000000e+00
   3.4900000e+00   4.0702019e-01   0.0000000e+00
   3.5100000e+00   4.0699808e-01   0.0000000e+00
   3.5300000e+00   4.0646370e-01   0.0000000e+00
   3.5500000e+00   4.0592933e-01   0.0000000e+00
   3.5700000e+00   4.0539495e-01   0.0000000e+00
   2.0400000e+00   7.1030875e-01   1.0000000e+00
   2.0600000e+00   7.0787826e-01   1.0000000e+00
   2.0800000e+00   7.0547557e-01   1.0000000e+00
   2.1000000e+00   7.0310071e-01   1.0000000e+00
   2.1200000e+00   7.0078285e-01   1.0000000e+00
   2.1400000e+00   6.9831982e-01   1.0000000e+00
   2.1600000e+00   6.9571162e-01   1.0000000e+00
   2.1800000e+00   6.9357411e-01   1.0000000e+00
   2.2000000e+00   6.9119590e-01   1.0000000e+00
   2.2200000e+00   6.8857699e-01   1.0000000e+00
   2.2400000e+00   6.8590511e-01   1.0000000e+00
   2.2600000e+00   6.8323322e-01   1.0000000e+00
   2.2800000e+00   6.8056134e-01   1.0000000e+00
   2.3000000e+00   6.7788945e-01   1.0000000e+00
   2.3200000e+00   6.7521757e-01   1.0000000e+00
   2.3400000e+00   6.7254568e-01   1.0000000e+00
   2.3600000e+00   6.6987380e-01   1.0000000e+00
   2.3800000e+00   6.6698568e-01   1.0000000e+00
   2.4000000e+00   6.6388134e-01   1.0000000e+00
   2.4200000e+00   6.6099087e-01   1.0000000e+00
   2.4400000e+00   6.5820969e-01   1.0000000e+00
   2.4600000e+00   6.5553781e-01   1.0000000e+00
   2.4800000e+00   6.5278346e-01   1.0000000e+00
   2.5000000e+00   6.4980316e-01   1.0000000e+00
   2.5200000e+00   6.4659690e-01   1.0000000e+00
   2.5400000e+00   6.4389081e-01   1.0000000e+00
   2.5600000e+00   6.4139357e-01   1.0000000e+00
   2.5800000e+00   6.3910520e-01   1.0000000e+00
   2.6000000e+00   6.3696769e-01   1.0000000e+00
   2.6200000e+00   6.3483018e-01   1.0000000e+00
   2.6400000e+00   6.3269267e-01   1.0000000e+00
   2.6600000e+00   6.3055517e-01   1.0000000e+00
   2.6800000e+00   6.2841766e-01   1.0000000e+00
   2.7000000e+00   6.2628015e-01   1.0000000e+00
   2.7200000e+00   6.2459387e-01   1.0000000e+00
   2.7400000e+00   6.2278188e-01   1.0000000e+00
   2.7600000e+00   6.2084419e-01   1.0000000e+00
   2.7800000e+00   6.1892458e-01   1.0000000e+00
   2.8000000e+00   6.1711259e-01   1.0000000e+00
   2.8200000e+00   6.1540823e-01   1.0000000e+00
   2.8400000e+00   6.1327072e-01   1.0000000e+00
   2.8600000e+00   6.1191163e-01   1.0000000e+00
   2.8800000e+00   6.1133096e-01   1.0000000e+00
   2.9000000e+00   6.1039430e-01   1.0000000e+00
   2.9200000e+00   6.0939159e-01   1.0000000e+00
   2.9400000e+00   6.0832284e-01   1.0000000e+00
   2.9600000e+00   6.0725408e-01   1.0000000e+00
   2.9800000e+00   6.0621147e-01   1.0000000e+00
   3.0000000e+00   6.0519501e-01   1.0000000e+00
   3.0200000e+00   6.0466063e-01   1.0000000e+00
   3.0400000e+00   6.0412625e-01   1.0000000e+00
   3.0600000e+00   6.0359188e-01   1.0000000e+00
   3.0800000e+00   6.0270416e-01   1.0000000e+00
   3.1000000e+00   6.0196260e-01   1.0000000e+00
   3.1200000e+00   6.0136719e-01   1.0000000e+00
   3.1400000e+00   6.0112718e-01   1.0000000e+00
   3.1600000e+00   6.0047446e-01   1.0000000e+00
   3.1800000e+00   5.9940905e-01   1.0000000e+00
   3.2000000e+00   5.9887467e-01   1.0000000e+00
   3.2200000e+00   5.9791924e-01   1.0000000e+00
   3.2400000e+00   5.9654276e-01   1.0000000e+00
   3.2600000e+00   5.9524402e-01   1.0000000e+00
   3.2800000e+00   5.9396641e-01   1.0000000e+00
   3.3000000e+00   5.9270993e-01   1.0000000e+00
   3.3200000e+00   5.9103574e-01   1.0000000e+00
   3.3400000e+00   5.8912989e-01   1.0000000e+00
   3.3600000e+00   5.8699238e-01   1.0000000e+00
   2.8200000e+00   7.4348976e-01   2.0000000e+00
   2.8400000e+00   7.4188663e-01   2.0000000e+00
   2.8600000e+00   7.4028350e-01   2.0000000e+00
   2.8800000e+00   7.3868037e-01   2.0000000e+00
   2.9000000e+00   7.3667496e-01   2.0000000e+00
