   6.0000000e-01   9.7906158e-01   0.0000000e+00
   6.2000000e-01   9.6857858e-01   0.0000000e+00
   6.4000000e-01   9.5479141e-01   0.0000000e+00
   6.6000000e-01   9.3770010e-01   0.0000000e+00
   6.8000000e-01   9.1365313e-01   0.0000000e+00
   7.0000000e-01   8.9006142e-01   0.0000000e+00
   7.2000000e-01   8.6692497e-01   0.0000000e+00
   7.4000000e-01   8.4394676e-01   0.0000000e+00
   7.6000000e-01   8.2296590e-01   0.0000000e+00
   7.8000000e-01   8.0398239e-01   0.0000000e+00
   8.0000000e-01   7.8999138e-01   0.0000000e+00
   8.2000000e-01   7.7471303e-01   0.0000000e+00
   8.4000000e-01   7.5814735e-01   0.0000000e+00
   8.6000000e-01   7.4367356e-01   0.0000000e+00
   8.8000000e-01   7.2881627e-01   0.0000000e+00
   9.0000000e-01   7.1357547e-01   0.0000000e+00
   9.2000000e-01   7.0010606e-01   0.0000000e+00
   9.4000000e-01   6.8792566e-01   0.0000000e+00
   9.6000000e-01   6.7703427e-01   0.0000000e+00
   9.8000000e-01   6.6800618e-01   0.0000000e+00
   1.0000000e+00   6.5921712e-01   0.0000000e+00
   1.0200000e+00   6.5066709e-01   0.0000000e+00
   1.0400000e+00   6.4306511e-01   0.0000000e+00
   1.0600000e+00   6.3605954e-01   0.0000000e+00
   1.0800000e+00   6.2965035e-01   0.0000000e+00
   1.1000000e+00   6.2353150e-01   0.0000000e+00
   1.1200000e+00   6.1738985e-01   0.0000000e+00
   1.1400000e+00   6.1122540e-01   0.0000000e+00
   1.1600000e+00   6.0587426e-01   0.0000000e+00
   1.1800000e+00   6.0025961e-01   0.0000000e+00
   1.2000000e+00   5.9438147e-01   0.0000000e+00
   1.2200000e+00   5.8892840e-01   0.0000000e+00
   1.2400000e+00   5.8352999e-01   0.0000000e+00
   1.2600000e+00   5.7818622e-01   0.0000000e+00
   1.2800000e+00   5.7284245e-01   0.0000000e+00
   1.3000000e+00   5.6746113e-01   0.0000000e+00
   1.3200000e+00   5.6204227e-01   0.0000000e+00
   1.3400000e+00   5.5616412e-01   0.0000000e+00
   1.3600000e+00   5.5102518e-01   0.0000000e+00
   1.3800000e+00   5.4662544e-01   0.0000000e+00
   1.4000000e+00   5.4159815e-01   0.0000000e+00
   1.4200000e+00   5.3641262e-01   0.0000000e+00
   1.4400000e+00   5.3106884e-01   0.0000000e+00
   1.4600000e+00   5.2601069e-01   0.0000000e+00
   1.4800000e+00   5.2134411e-01   0.0000000e+00
   1.5000000e+00   5.1706909e-01   0.0000000e+00
   1.5200000e+00   5.1279407e-01   0.0000000e+00
   1.5400000e+00   5.0874098e-01   0.0000000e+00
   1.5600000e+00   5.0490982e-01   0.0000000e+00
   1.5800000e+00   5.0182357e-01   0.0000000e+00
   1.6000000e+00   4.9894450e-01   0.0000000e+00
   1.6200000e+00   4.9627261e-01   0.0000000e+00
   1.6400000e+00   4.9360073e-01   0.0000000e+00
   1.6600000e+00   4.9092884e-01   0.0000000e+00
   1.6800000e+00   4.8825696e-01   0.0000000e+00
   1.7000000e+00   4.8609665e-01   0.0000000e+00
   1.7200000e+00   4.8394774e-01   0.0000000e+00
   1.7400000e+00   4.8181023e-01   0.0000000e+00
   1.7600000e+00   4.7995097e-01   0.0000000e+00
   1.7800000e+00   4.7830056e-01   0.0000000e+00
   1.8000000e+00   4.7685901e-01   0.0000000e+00
   1.8200000e+00   4.7574534e-01   0.0000000e+00
   1.8400000e+00   4.7438694e-01   0.0000000e+00
   1.8600000e+00   4.7278381e-01   0.0000000e+00
   1.8800000e+00   4.7210593e-01   0.0000000e+00
   1.9000000e+00   4.7115384e-01   0.0000000e+00
   1.9200000e+00   4.6992754e-01   0.0000000e+00
   1.9400000e+00   4.6855371e-01   0.0000000e+00
   1.9600000e+00   4.6744505e-01   0.0000000e+00
   1.9800000e+00   4.6660156e-01   0.0000000e+00
   2.0000000e+00   4.6660156e-01   0.0000000e+00
   2.0200000e+00   4.6607122e-01   0.0000000e+00
   2.0400000e+00   4.6501052e-01   0.0000000e+00
   2.0600000e+00   4.6394177e-01   0.0000000e+00
   2.0800000e+00   4.6302152e-01   0.0000000e+00
   2.1000000e+00   4.6224979e-01   0.0000000e+00
   2.1200000e+00   4.6171541e-01   0.0000000e+00
   2.1400000e+00   4.6114919e-01   0.0000000e+00
   2.1600000e+00   4.6055112e-01   0.0000000e+00
   2.1800000e+00   4.5948237e-01   0.0000000e+00
   2.2000000e+00   4.5841361e-01   0.0000000e+00
   2.2200000e+00   4.5734486e-01   0.0000000e+00
   2.2400000e+00   4.5627611e-01   0.0000000e+00
   2.2600000e+00   4.5545542e-01   0.0000000e+00
   2.2800000e+00   4.5488281e-01   0.0000000e+00
   2.3000000e+00   4.5475141e-01   0.0000000e+00
   2.3200000e+00   4.5442588e-01   0.0000000e+00
   2.3400000e+00   4.5390625e-01   0.0000000e+00
   2.3600000e+00   4.5390625e-01   0.0000000e+00
   2.3800000e+00   4.5347380e-01   0.0000000e+00
   2.4000000e+00   4.5260889e-01   0.0000000e+00
   2.4200000e+00   4.5217171e-01   0.0000000e+00
   2.4400000e+00   4.5195313e-01   0.0000000e+00
   2.4600000e+00   4.5195313e-01   0.0000000e+00
   2.4800000e+00   4.5195313e-01   0.0000000e+00
   2.5000000e+00   4.5195313e-01   0.0000000e+00
   2.5200000e+00   4.5195313e-01   0.0000000e+00
   2.5400000e+00   4.5145295e-01   0.0000000e+00
   2.5600000e+00   4.5112743e-01   0.0000000e+00
   2.5800000e+00   4.5097656e-01   0.0000000e+00
   2.6000000e+00   4.5044287e-01   0.0000000e+00
   2.6200000e+00   4.4971674e-01   0.0000000e+00
   2.6400000e+00   4.4879817e-01   0.0000000e+00
   2.6600000e+00   4.4823028e-01   0.0000000e+00
   2.6800000e+00   4.4741195e-01   0.0000000e+00
   2.7000000e+00   4.4634320e-01   0.0000000e+00
   2.7200000e+00   4.4527445e-01   0.0000000e+00
   2.7400000e+00   4.4454025e-01   0.0000000e+00
   2.7600000e+00   4.4414062e-01   0.0000000e+00
   2.7800000e+00   4.4326903e-01   0.0000000e+00
   2.8000000e+00   4.4196695e-01   0.0000000e+00
   2.8200000e+00   4.4023438e-01   0.0000000e+00
   2.8400000e+00   4.4023438e-01   0.0000000e+00
   2.8600000e+00   4.3997490e-01   0.0000000e+00
   2.8800000e+00   4.3945596e-01   0.0000000e+00
   2.9000000e+00   4.3892158e-01   0.0000000e+00
   2.9200000e+00   4.3853001e-01   0.0000000e+00
   2.9400000e+00   4.3828125e-01   0.0000000e+00
   2.9600000e+00   4.3811230e-01   0.0000000e+00
   2.9800000e+00   4.3776063e-01   0.0000000e+00
   3.0000000e+00   4.3722626e-01   0.0000000e+00
   3.0200000e+00   4.3669188e-01   0.0000000e+00
   3.0400000e+00   4.3639250e-01   0.0000000e+00
   3.0600000e+00   4.3632813e-01   0.0000000e+00
   3.0800000e+00   4.3597479e-01   0.0000000e+00
   3.1000000e+00   4.3553093e-01   0.0000000e+00
   3.1200000e+00   4.3499656e-01   0.0000000e+00
   3.1400000e+00   4.3446218e-01   0.0000000e+00
   3.1600000e+00   4.3392780e-01   0.0000000e+00
   3.1800000e+00   4.3339343e-01   0.0000000e+00
   3.2000000e+00   4.3285905e-01   0.0000000e+00
   3.2200000e+00   4.3232467e-01   0.0000000e+00
   3.2400000e+00   4.3179029e-01   0.0000000e+00
   3.2600000e+00   4.3156031e-01   0.0000000e+00
   3.2800000e+00   4.3125759e-01   0.0000000e+00
   3.3000000e+00   4.3088214e-01   0.0000000e+00
   3.3200000e+00   4.2995551e-01   0.0000000e+00
   3.3400000e+00   4.2949219e-01   0.0000000e+00
   3.3600000e+00   4.2949219e-01   0.0000000e+00
   3.3800000e+00   4.2851464e-01   0.0000000e+00
   3.4000000e+00   4.2786360e-01   0.0000000e+00
   3.4200000e+00   4.2753906e-01   0.0000000e+00
   3.4400000e+00   4.2728362e-01   0.0000000e+00
   3.4600000e+00   4.2688871e-01   0.0000000e+00
   3.4800000e+00   4.2635433e-01   0.0000000e+00
   3.5000000e+00   4.2579784e-01   0.0000000e+00
   3.5200000e+00   4.2498522e-01   0.0000000e+00
   3.5400000e+00   4.2391647e-01   0.0000000e+00
   3.5600000e+00   4.2328754e-01   0.0000000e+00
   3.5800000e+00   4.2270589e-01   0.0000000e+00
   3.6000000e+00   4.2217151e-01   0.0000000e+00
   3.6200000e+00   4.2163713e-01   0.0000000e+00
   3.6400000e+00   4.2110275e-01   0.0000000e+00
   3.6600000e+00   4.2056838e-01   0.0000000e+00
   3.6800000e+00   4.2003400e-01   0.0000000e+00
   3.7000000e+00   4.1949962e-01   0.0000000e+00
   3.7200000e+00   4.1896525e-01   0.0000000e+00
   3.7400000e+00   4.1803999e-01   0.0000000e+00
   3.7600000e+00   4.1731720e-01   0.0000000e+00
   3.7800000e+00   4.1679688e-01   0.0000000e+00
   2.1000000e+00   7.1881122e-01   1.0000000e+00
   2.1200000e+00   7.1596566e-01   1.0000000e+00
   2.1400000e+00   7.1347413e-01   1.0000000e+00
   2.1600000e+00   7.1133662e-01   1.0000000e+00
   2.1800000e+00   7.0919911e-01   1.0000000e+00
   2.2000000e+00   7.0682090e-01   1.0000000e+00
   2.2200000e+00   7.0420199e-01   1.0000000e+00
   2.2400000e+00   7.0189484e-01   1.0000000e+00
   2.2600000e+00   6.9967252e-01   1.0000000e+00
   2.2800000e+00   6.9753501e-01   1.0000000e+00
   2.3000000e+00   6.9539750e-01   1.0000000e+00
   2.3200000e+00   6.9325999e-01   1.0000000e+00
   2.3400000e+00   6.9112248e-01   1.0000000e+00
   2.3600000e+00   6.8898497e-01   1.0000000e+00
   2.3800000e+00   6.8706369e-01   1.0000000e+00
   2.4000000e+00   6.8535864e-01   1.0000000e+00
   2.4200000e+00   6.8343972e-01   1.0000000e+00
   2.4400000e+00   6.8141151e-01   1.0000000e+00
   2.4600000e+00   6.7927400e-01   1.0000000e+00
   2.4800000e+00   6.7721895e-01   1.0000000e+00
   2.5000000e+00   6.7538986e-01   1.0000000e+00
   2.5200000e+00   6.7378673e-01   1.0000000e+00
   2.5400000e+00   6.7168343e-01   1.0000000e+00
   2.5600000e+00   6.6975477e-01   1.0000000e+00
   2.5800000e+00   6.6800077e-01   1.0000000e+00
   2.6000000e+00   6.6639764e-01   1.0000000e+00
   2.6200000e+00   6.6479451e-01   1.0000000e+00
   2.6400000e+00   6.6319138e-01   1.0000000e+00
   2.6600000e+00   6.6162176e-01   1.0000000e+00
   2.6800000e+00   6.6030258e-01   1.0000000e+00
   2.7000000e+00   6.5923383e-01   1.0000000e+00
   2.7200000e+00   6.5726262e-01   1.0000000e+00
   2.7400000e+00   6.5537554e-01   1.0000000e+00
   2.7600000e+00   6.5357259e-01   1.0000000e+00
   2.7800000e+00   6.5196946e-01   1.0000000e+00
   2.8000000e+00   6.5031571e-01   1.0000000e+00
   2.8200000e+00   6.4861135e-01   1.0000000e+00
   2.8400000e+00   6.4647384e-01   1.0000000e+00
   2.8600000e+00   6.4485528e-01   1.0000000e+00
   2.8800000e+00   6.4375566e-01   1.0000000e+00
   2.9000000e+00   6.4188235e-01   1.0000000e+00
   2.9200000e+00   6.4016255e-01   1.0000000e+00
   2.9400000e+00   6.3859628e-01   1.0000000e+00
   2.9600000e+00   6.3718962e-01   1.0000000e+00
   2.9800000e+00   6.3552211e-01   1.0000000e+00
   3.0000000e+00   6.3359375e-01   1.0000000e+00
   3.0200000e+00   6.3359375e-01   1.0000000e+00
   3.0400000e+00   6.3288875e-01   1.0000000e+00
   3.0600000e+00   6.3147875e-01   1.0000000e+00
   3.0800000e+00   6.3022896e-01   1.0000000e+00
   3.1000000e+00   6.2906968e-01   1.0000000e+00
   3.1200000e+00   6.2800093e-01   1.0000000e+00
   2.7600000e+00   7.9364150e-01   2.0000000e+00
   2.7800000e+00   7.9023808e-01   2.0000000e+00
   2.8000000e+00   7.8736638e-01   2.0000000e+00
   2.8200000e+00   7.8502640e-01   2.0000000e+00
   2.8400000e+00   7.8182014e-01   2.0000000e+00
   2.8600000e+00   7.7939229e-01   2.0000000e+00
   2.8800000e+00   7.7774287e-01   2.0000000e+00
   2.9000000e+00   7.7533518e-01   2.0000000e+00
   2.9200000e+00   7.7279539e-01   2.0000000e+00
   2.9400000e+00   7.7012350e-01   2.0000000e+00
   2.9600000e+00   7.6711371e-01   2.0000000e+00
   2.9800000e+00   7.6363392e-01   2.0000000e+00
   3.0000000e+00   7.5968414e-01   2.0000000e+00
   3.0200000e+00   7.5380599e-01   2.0000000e+00
   3.0400000e+00   7.4910284e-01   2.0000000e+00
   3.0600000e+00   7.4557469e-01   2.0000000e+00
   3.0800000e+00   7.4342843e-01   2.0000000e+00
   3.1000000e+00   7.4167207e-01   2.0000000e+00
   3.1200000e+00   7.4030561e-01   2.0000000e+00
   3.1400000e+00   7.3911685e-01   2.0000000e+00
   3.1600000e+00   7.3772258e-01   2.0000000e+00
   3.1800000e+00   7.3612279e-01   2.0000000e+00
   3.2000000e+00   7.3505404e-01   2.0000000e+00
