   6.0000000e-01   9.6921753e-01   0.0000000e+00
   6.2000000e-01   9.5729631e-01   0.0000000e+00
   6.4000000e-01   9.4368547e-01   0.0000000e+00
   6.6000000e-01   9.2838501e-01   0.0000000e+00
   6.8000000e-01   9.0861306e-01   0.0000000e+00
   7.0000000e-01   8.8838585e-01   0.0000000e+00
   7.2000000e-01   8.6770339e-01   0.0000000e+00
   7.4000000e-01   8.4652409e-01   0.0000000e+00
   7.6000000e-01   8.2691136e-01   0.0000000e+00
   7.8000000e-01   8.0886520e-01   0.0000000e+00
   8.0000000e-01   7.9529525e-01   0.0000000e+00
   8.2000000e-01   7.8129618e-01   0.0000000e+00
   8.4000000e-01   7.6686800e-01   0.0000000e+00
   8.6000000e-01   7.5400875e-01   0.0000000e+00
   8.8000000e-01   7.4096344e-01   0.0000000e+00
   9.0000000e-01   7.2773208e-01   0.0000000e+00
   9.2000000e-01   7.1611053e-01   0.0000000e+00
   9.4000000e-01   7.0574213e-01   0.0000000e+00
   9.6000000e-01   6.9662685e-01   0.0000000e+00
   9.8000000e-01   6.8973627e-01   0.0000000e+00
   1.0000000e+00   6.8308471e-01   0.0000000e+00
   1.0200000e+00   6.7667219e-01   0.0000000e+00
   1.0400000e+00   6.7073370e-01   0.0000000e+00
   1.0600000e+00   6.6500406e-01   0.0000000e+00
   1.0800000e+00   6.5948327e-01   0.0000000e+00
   1.1000000e+00   6.5413950e-01   0.0000000e+00
   1.1200000e+00   6.4885775e-01   0.0000000e+00
   1.1400000e+00   6.4363802e-01   0.0000000e+00
   1.1600000e+00   6.3882862e-01   0.0000000e+00
   1.1800000e+00   6.3401923e-01   0.0000000e+00
   1.2000000e+00   6.2920984e-01   0.0000000e+00
   1.2200000e+00   6.2440044e-01   0.0000000e+00
   1.2400000e+00   6.1943684e-01   0.0000000e+00
   1.2600000e+00   6.1431903e-01   0.0000000e+00
   1.2800000e+00   6.0897526e-01   0.0000000e+00
   1.3000000e+00   6.0359394e-01   0.0000000e+00
   1.3200000e+00   5.9817508e-01   0.0000000e+00
   1.3400000e+00   5.9229694e-01   0.0000000e+00
   1.3600000e+00   5.8691159e-01   0.0000000e+00
   1.3800000e+00   5.8201905e-01   0.0000000e+00
   1.4000000e+00   5.7645738e-01   0.0000000e+00
   1.4200000e+00   5.7086721e-01   0.0000000e+00
   1.4400000e+00   5.6524853e-01   0.0000000e+00
   1.4600000e+00   5.5990476e-01   0.0000000e+00
   1.4800000e+00   5.5460021e-01   0.0000000e+00
   1.5000000e+00   5.4933487e-01   0.0000000e+00
   1.5200000e+00   5.4559423e-01   0.0000000e+00
   1.5400000e+00   5.4163166e-01   0.0000000e+00
   1.5600000e+00   5.3744717e-01   0.0000000e+00
   1.5800000e+00   5.3349934e-01   0.0000000e+00
   1.6000000e+00   5.2997090e-01   0.0000000e+00
   1.6200000e+00   5.2686184e-01   0.0000000e+00
   1.6400000e+00   5.2453661e-01   0.0000000e+00
   1.6600000e+00   5.2177086e-01   0.0000000e+00
   1.6800000e+00   5.1856460e-01   0.0000000e+00
   1.7000000e+00   5.1638148e-01   0.0000000e+00
   1.7200000e+00   5.1441863e-01   0.0000000e+00
   1.7400000e+00   5.1267603e-01   0.0000000e+00
   1.7600000e+00   5.1107290e-01   0.0000000e+00
   1.7800000e+00   5.0955056e-01   0.0000000e+00
   1.8000000e+00   5.0810901e-01   0.0000000e+00
   1.8200000e+00   5.0695042e-01   0.0000000e+00
   1.8400000e+00   5.0530238e-01   0.0000000e+00
   1.8600000e+00   5.0316487e-01   0.0000000e+00
   1.8800000e+00   5.0241524e-01   0.0000000e+00
   1.9000000e+00   5.0160026e-01   0.0000000e+00
   1.9200000e+00   5.0071992e-01   0.0000000e+00
   1.9400000e+00   5.0010977e-01   0.0000000e+00
   1.9600000e+00   4.9985296e-01   0.0000000e+00
   1.9800000e+00   4.9994950e-01   0.0000000e+00
   2.0000000e+00   5.0040754e-01   0.0000000e+00
   2.0200000e+00   5.0086558e-01   0.0000000e+00
   2.0400000e+00   5.0132362e-01   0.0000000e+00
   2.0600000e+00   5.0178165e-01   0.0000000e+00
   2.0800000e+00   5.0223969e-01   0.0000000e+00
   2.1000000e+00   5.0269773e-01   0.0000000e+00
   2.1200000e+00   5.0315577e-01   0.0000000e+00
   2.1400000e+00   5.0361380e-01   0.0000000e+00
   2.1600000e+00   5.0407184e-01   0.0000000e+00
   2.1800000e+00   5.0452988e-01   0.0000000e+00
   2.2000000e+00   5.0498792e-01   0.0000000e+00
   2.2200000e+00   5.0544595e-01   0.0000000e+00
   2.2400000e+00   5.1040754e-01   0.0000000e+00
   2.2600000e+00   5.1108470e-01   0.0000000e+00
   2.2800000e+00   5.0747743e-01   0.0000000e+00
   2.3000000e+00   5.0587430e-01   0.0000000e+00
   2.3200000e+00   5.0426379e-01   0.0000000e+00
   2.3400000e+00   5.0264592e-01   0.0000000e+00
   2.3600000e+00   5.0050841e-01   0.0000000e+00
   2.3800000e+00   4.9858713e-01   0.0000000e+00
   2.4000000e+00   4.9688208e-01   0.0000000e+00
   2.4200000e+00   4.9496316e-01   0.0000000e+00
   2.4400000e+00   4.9293494e-01   0.0000000e+00
   2.4600000e+00   4.9079744e-01   0.0000000e+00
   2.4800000e+00   4.8874239e-01   0.0000000e+00
   2.5000000e+00   4.8691330e-01   0.0000000e+00
   2.5200000e+00   4.8531017e-01   0.0000000e+00
   2.5400000e+00   4.8420721e-01   0.0000000e+00
   2.5600000e+00   4.8312135e-01   0.0000000e+00
   2.5800000e+00   4.8205260e-01   0.0000000e+00
   2.6000000e+00   4.8098385e-01   0.0000000e+00
   2.6200000e+00   4.7991509e-01   0.0000000e+00
   2.6400000e+00   4.7884634e-01   0.0000000e+00
   2.6600000e+00   4.7777758e-01   0.0000000e+00
   2.6800000e+00   4.7670883e-01   0.0000000e+00
   2.7000000e+00   4.7564008e-01   0.0000000e+00
   2.7200000e+00   4.7457132e-01   0.0000000e+00
   2.7400000e+00   4.7350257e-01   0.0000000e+00
   2.7600000e+00   4.7243381e-01   0.0000000e+00
   2.7800000e+00   4.7114716e-01   0.0000000e+00
   2.8000000e+00   4.6975289e-01   0.0000000e+00
   2.8200000e+00   4.6825099e-01   0.0000000e+00
   2.8400000e+00   4.6718223e-01   0.0000000e+00
   2.8600000e+00   4.6611348e-01   0.0000000e+00
   2.8800000e+00   4.6504473e-01   0.0000000e+00
   2.9000000e+00   4.6437825e-01   0.0000000e+00
   2.9200000e+00   4.6363502e-01   0.0000000e+00
   2.9400000e+00   4.6281503e-01   0.0000000e+00
   2.9600000e+00   4.6191522e-01   0.0000000e+00
   2.9800000e+00   4.6117199e-01   0.0000000e+00
   3.0000000e+00   4.6058533e-01   0.0000000e+00
   3.0200000e+00   4.5951657e-01   0.0000000e+00
   3.0400000e+00   4.5821282e-01   0.0000000e+00
   3.0600000e+00   4.5667406e-01   0.0000000e+00
   3.0800000e+00   4.5507093e-01   0.0000000e+00
   3.1000000e+00   4.5346780e-01   0.0000000e+00
   3.1200000e+00   4.5186467e-01   0.0000000e+00
   3.1400000e+00   4.5038155e-01   0.0000000e+00
   3.1600000e+00   4.4910226e-01   0.0000000e+00
   3.1800000e+00   4.4802683e-01   0.0000000e+00
   3.2000000e+00   4.4588932e-01   0.0000000e+00
   3.2200000e+00   4.4396234e-01   0.0000000e+00
   3.2400000e+00   4.4224588e-01   0.0000000e+00
   3.2600000e+00   4.4094714e-01   0.0000000e+00
   3.2800000e+00   4.3985726e-01   0.0000000e+00
   3.3000000e+00   4.3897623e-01   0.0000000e+00
   3.3200000e+00   4.3851291e-01   0.0000000e+00
   3.3400000e+00   4.3828125e-01   0.0000000e+00
   3.3600000e+00   4.3828125e-01   0.0000000e+00
   3.3800000e+00   4.3730371e-01   0.0000000e+00
   3.4000000e+00   4.3628056e-01   0.0000000e+00
   3.4200000e+00   4.3521180e-01   0.0000000e+00
   3.4400000e+00   4.3465393e-01   0.0000000e+00
   3.4600000e+00   4.3430561e-01   0.0000000e+00
   3.4800000e+00   4.3416683e-01   0.0000000e+00
   3.5000000e+00   4.3365457e-01   0.0000000e+00
   3.5200000e+00   4.3339844e-01   0.0000000e+00
   3.5400000e+00   4.3339844e-01   0.0000000e+00
   3.5600000e+00   4.3383826e-01   0.0000000e+00
   3.5800000e+00   4.3384062e-01   0.0000000e+00
   3.6000000e+00   4.3340552e-01   0.0000000e+00
   3.6200000e+00   4.3254326e-01   0.0000000e+00
   3.6400000e+00   4.3171019e-01   0.0000000e+00
   3.6600000e+00   4.3090632e-01   0.0000000e+00
   3.6800000e+00   4.2876881e-01   0.0000000e+00
   3.7000000e+00   4.2822038e-01   0.0000000e+00
   3.7200000e+00   4.2926103e-01   0.0000000e+00
   3.7400000e+00   4.2811305e-01   0.0000000e+00
   3.7600000e+00   4.2726485e-01   0.0000000e+00
   3.7800000e+00   4.2671642e-01   0.0000000e+00
   3.8000000e+00   4.2580521e-01   0.0000000e+00
   2.0000000e+00   7.6969749e-01   1.0000000e+00
   2.0200000e+00   7.6794862e-01   1.0000000e+00
   2.0400000e+00   7.6619975e-01   1.0000000e+00
   2.0600000e+00   7.6445088e-01   1.0000000e+00
   2.0800000e+00   7.6270200e-01   1.0000000e+00
   2.1000000e+00   7.6095314e-01   1.0000000e+00
   2.1200000e+00   7.5920426e-01   1.0000000e+00
   2.1400000e+00   7.5745539e-01   1.0000000e+00
   2.1600000e+00   7.5570652e-01   1.0000000e+00
   2.1800000e+00   7.5395765e-01   1.0000000e+00
   2.2000000e+00   7.5220878e-01   1.0000000e+00
   2.2200000e+00   7.5045991e-01   1.0000000e+00
   2.2400000e+00   7.4871104e-01   1.0000000e+00
   2.2600000e+00   7.4696217e-01   1.0000000e+00
   2.2800000e+00   7.4521330e-01   1.0000000e+00
   2.3000000e+00   7.4346443e-01   1.0000000e+00
