   6.0000000e-01   9.4171691e-01   0.0000000e+00
   6.2000000e-01   9.2321825e-01   0.0000000e+00
   6.4000000e-01   9.0154684e-01   0.0000000e+00
   6.6000000e-01   8.7670268e-01   0.0000000e+00
   6.8000000e-01   8.4838070e-01   0.0000000e+00
   7.0000000e-01   8.2324552e-01   0.0000000e+00
   7.2000000e-01   8.0129714e-01   0.0000000e+00
   7.4000000e-01   7.8282658e-01   0.0000000e+00
   7.6000000e-01   7.6581802e-01   0.0000000e+00
   7.8000000e-01   7.5027145e-01   0.0000000e+00
   8.0000000e-01   7.3680676e-01   0.0000000e+00
   8.2000000e-01   7.2312751e-01   0.0000000e+00
   8.4000000e-01   7.0923371e-01   0.0000000e+00
   8.6000000e-01   6.9743181e-01   0.0000000e+00
   8.8000000e-01   6.8626218e-01   0.0000000e+00
   9.0000000e-01   6.7572482e-01   0.0000000e+00
   9.2000000e-01   6.6730954e-01   0.0000000e+00
   9.4000000e-01   6.5962844e-01   0.0000000e+00
   9.6000000e-01   6.5268154e-01   0.0000000e+00
   9.8000000e-01   6.4579096e-01   0.0000000e+00
   1.0000000e+00   6.3913940e-01   0.0000000e+00
   1.0200000e+00   6.3272688e-01   0.0000000e+00
   1.0400000e+00   6.2678838e-01   0.0000000e+00
   1.0600000e+00   6.2088006e-01   0.0000000e+00
   1.0800000e+00   6.1500191e-01   0.0000000e+00
   1.1000000e+00   6.0984587e-01   0.0000000e+00
   1.1200000e+00   6.0506832e-01   0.0000000e+00
   1.1400000e+00   6.0066927e-01   0.0000000e+00
   1.1600000e+00   5.9586724e-01   0.0000000e+00
   1.1800000e+00   5.9132872e-01   0.0000000e+00
   1.2000000e+00   5.8705371e-01   0.0000000e+00
   1.2200000e+00   5.8320378e-01   0.0000000e+00
   1.2400000e+00   5.7940849e-01   0.0000000e+00
   1.2600000e+00   5.7566785e-01   0.0000000e+00
   1.2800000e+00   5.7211897e-01   0.0000000e+00
   1.3000000e+00   5.6874139e-01   0.0000000e+00
   1.3200000e+00   5.6553513e-01   0.0000000e+00
   1.3400000e+00   5.6232887e-01   0.0000000e+00
   1.3600000e+00   5.5887620e-01   0.0000000e+00
   1.3800000e+00   5.5517714e-01   0.0000000e+00
   1.4000000e+00   5.5218878e-01   0.0000000e+00
   1.4200000e+00   5.4935865e-01   0.0000000e+00
   1.4400000e+00   5.4668677e-01   0.0000000e+00
   1.4600000e+00   5.4401488e-01   0.0000000e+00
   1.4800000e+00   5.4134300e-01   0.0000000e+00
   1.5000000e+00   5.3867111e-01   0.0000000e+00
   1.5200000e+00   5.3599923e-01   0.0000000e+00
   1.5400000e+00   5.3354927e-01   0.0000000e+00
   1.5600000e+00   5.3132124e-01   0.0000000e+00
   1.5800000e+00   5.2918373e-01   0.0000000e+00
   1.6000000e+00   5.2694096e-01   0.0000000e+00
   1.6200000e+00   5.2459292e-01   0.0000000e+00
   1.6400000e+00   5.2201490e-01   0.0000000e+00
   1.6600000e+00   5.1965714e-01   0.0000000e+00
   1.6800000e+00   5.1751963e-01   0.0000000e+00
   1.7000000e+00   5.1589369e-01   0.0000000e+00
   1.7200000e+00   5.1408171e-01   0.0000000e+00
   1.7400000e+00   5.1208367e-01   0.0000000e+00
   1.7600000e+00   5.1078089e-01   0.0000000e+00
   1.7800000e+00   5.0970074e-01   0.0000000e+00
   1.8000000e+00   5.0884320e-01   0.0000000e+00
   1.8200000e+00   5.0732990e-01   0.0000000e+00
   1.8400000e+00   5.0630606e-01   0.0000000e+00
   1.8600000e+00   5.0577169e-01   0.0000000e+00
   1.8800000e+00   5.0431205e-01   0.0000000e+00
   1.9000000e+00   5.0295365e-01   0.0000000e+00
   1.9200000e+00   5.0169648e-01   0.0000000e+00
   1.9400000e+00   5.0062773e-01   0.0000000e+00
   1.9600000e+00   4.9944634e-01   0.0000000e+00
   1.9800000e+00   4.9815232e-01   0.0000000e+00
   2.0000000e+00   4.9601481e-01   0.0000000e+00
   2.0200000e+00   4.9414248e-01   0.0000000e+00
   2.0400000e+00   4.9253531e-01   0.0000000e+00
   2.0600000e+00   4.9051850e-01   0.0000000e+00
   2.0800000e+00   4.8844134e-01   0.0000000e+00
   2.1000000e+00   4.8630383e-01   0.0000000e+00
   2.1200000e+00   4.8452703e-01   0.0000000e+00
   2.1400000e+00   4.8307241e-01   0.0000000e+00
   2.1600000e+00   4.8193996e-01   0.0000000e+00
   2.1800000e+00   4.8033683e-01   0.0000000e+00
   2.2000000e+00   4.7873370e-01   0.0000000e+00
   2.2200000e+00   4.7713057e-01   0.0000000e+00
   2.2400000e+00   4.7589218e-01   0.0000000e+00
   2.2600000e+00   4.7473860e-01   0.0000000e+00
   2.2800000e+00   4.7366985e-01   0.0000000e+00
   2.3000000e+00   4.7273250e-01   0.0000000e+00
   2.3200000e+00   4.7198190e-01   0.0000000e+00
   2.3400000e+00   4.7141803e-01   0.0000000e+00
   2.3600000e+00   4.6981490e-01   0.0000000e+00
   2.3800000e+00   4.6842800e-01   0.0000000e+00
   2.4000000e+00   4.6725732e-01   0.0000000e+00
   2.4200000e+00   4.6618857e-01   0.0000000e+00
   2.4400000e+00   4.6502025e-01   0.0000000e+00
   2.4600000e+00   4.6375237e-01   0.0000000e+00
   2.4800000e+00   4.6223170e-01   0.0000000e+00
   2.5000000e+00   4.6093699e-01   0.0000000e+00
   2.5200000e+00   4.5986824e-01   0.0000000e+00
   2.5400000e+00   4.5879948e-01   0.0000000e+00
   2.5600000e+00   4.5773073e-01   0.0000000e+00
   2.5800000e+00   4.5666197e-01   0.0000000e+00
   2.6000000e+00   4.5586006e-01   0.0000000e+00
   2.6200000e+00   4.5504174e-01   0.0000000e+00
   2.6400000e+00   4.5420700e-01   0.0000000e+00
   2.6600000e+00   4.5263739e-01   0.0000000e+00
   2.6800000e+00   4.5131820e-01   0.0000000e+00
   2.7000000e+00   4.5024945e-01   0.0000000e+00
   2.7200000e+00   4.4918070e-01   0.0000000e+00
   2.7400000e+00   4.4827922e-01   0.0000000e+00
   2.7600000e+00   4.4754503e-01   0.0000000e+00
   2.7800000e+00   4.4657486e-01   0.0000000e+00
   2.8000000e+00   4.4538944e-01   0.0000000e+00
   2.8200000e+00   4.4398878e-01   0.0000000e+00
   2.8400000e+00   4.4345440e-01   0.0000000e+00
   2.8600000e+00   4.4266055e-01   0.0000000e+00
   2.8800000e+00   4.4160723e-01   0.0000000e+00
   2.9000000e+00   4.4094075e-01   0.0000000e+00
   2.9200000e+00   4.4019752e-01   0.0000000e+00
   2.9400000e+00   4.3937753e-01   0.0000000e+00
   2.9600000e+00   4.3847772e-01   0.0000000e+00
   2.9800000e+00   4.3773449e-01   0.0000000e+00
   3.0000000e+00   4.3714783e-01   0.0000000e+00
   3.0200000e+00   4.3607907e-01   0.0000000e+00
   3.0400000e+00   4.3524532e-01   0.0000000e+00
   3.0600000e+00   4.3464656e-01   0.0000000e+00
   3.0800000e+00   4.3411219e-01   0.0000000e+00
   3.1000000e+00   4.3345947e-01   0.0000000e+00
   3.1200000e+00   4.3268843e-01   0.0000000e+00
   3.1400000e+00   4.3173968e-01   0.0000000e+00
   3.1600000e+00   4.3099645e-01   0.0000000e+00
   3.1800000e+00   4.3045873e-01   0.0000000e+00
   3.2000000e+00   4.2938997e-01   0.0000000e+00
   3.2200000e+00   4.2853175e-01   0.0000000e+00
   3.2400000e+00   4.2788404e-01   0.0000000e+00
   3.2600000e+00   4.2704528e-01   0.0000000e+00
   3.2800000e+00   4.2618538e-01   0.0000000e+00
   3.3000000e+00   4.2530435e-01   0.0000000e+00
   3.3200000e+00   4.2469891e-01   0.0000000e+00
   3.3400000e+00   4.2386182e-01   0.0000000e+00
   3.3600000e+00   4.2279307e-01   0.0000000e+00
   3.3800000e+00   4.2221308e-01   0.0000000e+00
   3.4000000e+00   4.2146985e-01   0.0000000e+00
   3.4200000e+00   4.2056336e-01   0.0000000e+00
   3.4400000e+00   4.1949461e-01   0.0000000e+00
   3.4600000e+00   4.1856464e-01   0.0000000e+00
   3.4800000e+00   4.1777344e-01   0.0000000e+00
   3.5000000e+00   4.1772921e-01   0.0000000e+00
   3.5200000e+00   4.1717272e-01   0.0000000e+00
   3.5400000e+00   4.1610397e-01   0.0000000e+00
   3.5600000e+00   4.1591486e-01   0.0000000e+00
   3.5800000e+00   4.1549715e-01   0.0000000e+00
   3.6000000e+00   4.1485083e-01   0.0000000e+00
   3.6200000e+00   4.1419507e-01   0.0000000e+00
   3.6400000e+00   4.1386719e-01   0.0000000e+00
   3.6600000e+00   4.1386719e-01   0.0000000e+00
   3.6800000e+00   4.1386719e-01   0.0000000e+00
   3.7000000e+00   4.1335964e-01   0.0000000e+00
   3.7200000e+00   4.1234455e-01   0.0000000e+00
   3.7400000e+00   4.1205756e-01   0.0000000e+00
   3.7600000e+00   4.1177695e-01   0.0000000e+00
   3.7800000e+00   4.1150274e-01   0.0000000e+00
   2.0100000e+00   7.6741908e-01   1.0000000e+00
   2.0300000e+00   7.6421282e-01   1.0000000e+00
   2.0500000e+00   7.6121340e-01   1.0000000e+00
   2.0700000e+00   7.5842082e-01   1.0000000e+00
   2.0900000e+00   7.5604595e-01   1.0000000e+00
   2.1100000e+00   7.5369959e-01   1.0000000e+00
   2.1300000e+00   7.5138173e-01   1.0000000e+00
   2.1500000e+00   7.4877353e-01   1.0000000e+00
   2.1700000e+00   7.4640068e-01   1.0000000e+00
   2.1900000e+00   7.4426317e-01   1.0000000e+00
   2.2100000e+00   7.4212566e-01   1.0000000e+00
   2.2300000e+00   7.3998815e-01   1.0000000e+00
   2.2500000e+00   7.3785064e-01   1.0000000e+00
   2.2700000e+00   7.3571314e-01   1.0000000e+00
   2.2900000e+00   7.3357563e-01   1.0000000e+00
   2.3100000e+00   7.3143812e-01   1.0000000e+00
   2.3300000e+00   7.2930061e-01   1.0000000e+00
   2.3500000e+00   7.2716310e-01   1.0000000e+00
   2.3700000e+00   7.2502560e-01   1.0000000e+00
   2.3900000e+00   7.2332054e-01   1.0000000e+00
   2.4100000e+00   7.2150856e-01   1.0000000e+00
   2.4300000e+00   7.1958963e-01   1.0000000e+00
   2.4500000e+00   7.1765125e-01   1.0000000e+00
   2.4700000e+00   7.1588049e-01   1.0000000e+00
   2.4900000e+00   7.1427736e-01   1.0000000e+00
   2.5100000e+00   7.1267423e-01   1.0000000e+00
   2.5300000e+00   7.1132119e-01   1.0000000e+00
   2.5500000e+00   7.1021823e-01   1.0000000e+00
   2.5700000e+00   7.0953298e-01   1.0000000e+00
   2.5900000e+00   7.0892317e-01   1.0000000e+00
   2.6100000e+00   7.0838880e-01   1.0000000e+00
   2.6300000e+00   7.0785442e-01   1.0000000e+00
   2.6500000e+00   7.0730328e-01   1.0000000e+00
   2.6700000e+00   7.0673539e-01   1.0000000e+00
   2.6900000e+00   7.0566664e-01   1.0000000e+00
   2.7100000e+00   7.0482350e-01   1.0000000e+00
   2.7300000e+00   7.0420597e-01   1.0000000e+00
   2.7500000e+00   7.0333703e-01   1.0000000e+00
   2.7700000e+00   7.0215029e-01   1.0000000e+00
   2.7900000e+00   7.0064574e-01   1.0000000e+00
   2.8100000e+00   6.9871070e-01   1.0000000e+00
   2.8300000e+00   6.9720880e-01   1.0000000e+00
   2.8500000e+00   6.9614004e-01   1.0000000e+00
   2.8700000e+00   6.9559024e-01   1.0000000e+00
   2.8900000e+00   6.9464586e-01   1.0000000e+00
   2.9100000e+00   6.9330692e-01   1.0000000e+00
   2.9300000e+00   6.9170379e-01   1.0000000e+00
