   6.1000000e-01   9.7573065e-01   0.0000000e+00
   6.3000000e-01   9.6189788e-01   0.0000000e+00
   6.5000000e-01   9.4370027e-01   0.0000000e+00
   6.7000000e-01   9.2177641e-01   0.0000000e+00
   6.9000000e-01   8.9612631e-01   0.0000000e+00
   7.1000000e-01   8.7093147e-01   0.0000000e+00
   7.3000000e-01   8.4780775e-01   0.0000000e+00
   7.5000000e-01   8.2675514e-01   0.0000000e+00
   7.7000000e-01   8.0982736e-01   0.0000000e+00
   7.9000000e-01   7.9383360e-01   0.0000000e+00
   8.1000000e-01   7.7877384e-01   0.0000000e+00
   8.3000000e-01   7.6113940e-01   0.0000000e+00
   8.5000000e-01   7.4585834e-01   0.0000000e+00
   8.7000000e-01   7.3293068e-01   0.0000000e+00
   8.9000000e-01   7.2091826e-01   0.0000000e+00
   9.1000000e-01   7.1019248e-01   0.0000000e+00
   9.3000000e-01   7.0075336e-01   0.0000000e+00
   9.5000000e-01   6.9379103e-01   0.0000000e+00
   9.7000000e-01   6.8734263e-01   0.0000000e+00
   9.9000000e-01   6.8140816e-01   0.0000000e+00
   1.0100000e+00   6.7499564e-01   0.0000000e+00
   1.0300000e+00   6.6929416e-01   0.0000000e+00
   1.0500000e+00   6.6430372e-01   0.0000000e+00
   1.0700000e+00   6.5949433e-01   0.0000000e+00
   1.0900000e+00   6.5492564e-01   0.0000000e+00
   1.1100000e+00   6.5059765e-01   0.0000000e+00
   1.1300000e+00   6.4660893e-01   0.0000000e+00
   1.1500000e+00   6.4221725e-01   0.0000000e+00
   1.1700000e+00   6.3742260e-01   0.0000000e+00
   1.1900000e+00   6.3368196e-01   0.0000000e+00
   1.2100000e+00   6.2972878e-01   0.0000000e+00
   1.2300000e+00   6.2556306e-01   0.0000000e+00
   1.2500000e+00   6.2190488e-01   0.0000000e+00
   1.2700000e+00   6.1828091e-01   0.0000000e+00
   1.2900000e+00   6.1469114e-01   0.0000000e+00
   1.3100000e+00   6.1056630e-01   0.0000000e+00
   1.3300000e+00   6.0690075e-01   0.0000000e+00
   1.3500000e+00   6.0369449e-01   0.0000000e+00
   1.3700000e+00   6.0098103e-01   0.0000000e+00
   1.3900000e+00   5.9791222e-01   0.0000000e+00
   1.4100000e+00   5.9448806e-01   0.0000000e+00
   1.4300000e+00   5.9100689e-01   0.0000000e+00
   1.4500000e+00   5.8766318e-01   0.0000000e+00
   1.4700000e+00   5.8445691e-01   0.0000000e+00
   1.4900000e+00   5.8125065e-01   0.0000000e+00
   1.5100000e+00   5.7804439e-01   0.0000000e+00
   1.5300000e+00   5.7483813e-01   0.0000000e+00
   1.5500000e+00   5.7207572e-01   0.0000000e+00
   1.5700000e+00   5.6935857e-01   0.0000000e+00
   1.5900000e+00   5.6668669e-01   0.0000000e+00
   1.6100000e+00   5.6359375e-01   0.0000000e+00
   1.6300000e+00   5.6031776e-01   0.0000000e+00
   1.6500000e+00   5.5685870e-01   0.0000000e+00
   1.6700000e+00   5.5472119e-01   0.0000000e+00
   1.6900000e+00   5.5258369e-01   0.0000000e+00
   1.7100000e+00   5.5044618e-01   0.0000000e+00
   1.7300000e+00   5.4830867e-01   0.0000000e+00
   1.7500000e+00   5.4617116e-01   0.0000000e+00
   1.7700000e+00   5.4403365e-01   0.0000000e+00
   1.7900000e+00   5.4221931e-01   0.0000000e+00
   1.8100000e+00   5.4075530e-01   0.0000000e+00
   1.8300000e+00   5.3964163e-01   0.0000000e+00
   1.8500000e+00   5.3803850e-01   0.0000000e+00
   1.8700000e+00   5.3643537e-01   0.0000000e+00
   1.8900000e+00   5.3483223e-01   0.0000000e+00
   1.9100000e+00   5.3357507e-01   0.0000000e+00
   1.9300000e+00   5.3218281e-01   0.0000000e+00
   1.9500000e+00   5.3065545e-01   0.0000000e+00
   1.9700000e+00   5.2874322e-01   0.0000000e+00
   1.9900000e+00   5.2725272e-01   0.0000000e+00
   2.0100000e+00   5.2618396e-01   0.0000000e+00
   2.0300000e+00   5.2405452e-01   0.0000000e+00
   2.0500000e+00   5.2233472e-01   0.0000000e+00
   2.0700000e+00   5.2102458e-01   0.0000000e+00
   2.0900000e+00   5.1995582e-01   0.0000000e+00
   2.1100000e+00   5.1879689e-01   0.0000000e+00
   2.1300000e+00   5.1754779e-01   0.0000000e+00
   2.1500000e+00   5.1600834e-01   0.0000000e+00
   2.1700000e+00   5.1470425e-01   0.0000000e+00
   2.1900000e+00   5.1363549e-01   0.0000000e+00
   2.2100000e+00   5.1256674e-01   0.0000000e+00
   2.2300000e+00   5.1149798e-01   0.0000000e+00
   2.2500000e+00   5.1042923e-01   0.0000000e+00
   2.2700000e+00   5.0936048e-01   0.0000000e+00
   2.2900000e+00   5.0835742e-01   0.0000000e+00
   2.3100000e+00   5.0742008e-01   0.0000000e+00
   2.3300000e+00   5.0685621e-01   0.0000000e+00
   2.3500000e+00   5.0577272e-01   0.0000000e+00
   2.3700000e+00   5.0416959e-01   0.0000000e+00
   2.3900000e+00   5.0299891e-01   0.0000000e+00
   2.4100000e+00   5.0172130e-01   0.0000000e+00
   2.4300000e+00   5.0033676e-01   0.0000000e+00
   2.4500000e+00   4.9893275e-01   0.0000000e+00
   2.4700000e+00   4.9769637e-01   0.0000000e+00
   2.4900000e+00   4.9662762e-01   0.0000000e+00
   2.5100000e+00   4.9555886e-01   0.0000000e+00
   2.5300000e+00   4.9424002e-01   0.0000000e+00
   2.5500000e+00   4.9267110e-01   0.0000000e+00
   2.5700000e+00   4.9183498e-01   0.0000000e+00
   2.5900000e+00   4.9074947e-01   0.0000000e+00
   2.6100000e+00   4.8941456e-01   0.0000000e+00
   2.6300000e+00   4.8757741e-01   0.0000000e+00
   2.6500000e+00   4.8612446e-01   0.0000000e+00
   2.6700000e+00   4.8505571e-01   0.0000000e+00
   2.6900000e+00   4.8398695e-01   0.0000000e+00
   2.7100000e+00   4.8291820e-01   0.0000000e+00
   2.7300000e+00   4.8184944e-01   0.0000000e+00
   2.7500000e+00   4.8078069e-01   0.0000000e+00
   2.7700000e+00   4.7949404e-01   0.0000000e+00
   2.7900000e+00   4.7798949e-01   0.0000000e+00
   2.8100000e+00   4.7605445e-01   0.0000000e+00
   2.8300000e+00   4.7455255e-01   0.0000000e+00
   2.8500000e+00   4.7348379e-01   0.0000000e+00
   2.8700000e+00   4.7241504e-01   0.0000000e+00
   2.8900000e+00   4.7114515e-01   0.0000000e+00
   2.9100000e+00   4.6967411e-01   0.0000000e+00
   2.9300000e+00   4.6807098e-01   0.0000000e+00
   2.9500000e+00   4.6638337e-01   0.0000000e+00
   2.9700000e+00   4.6461129e-01   0.0000000e+00
   2.9900000e+00   4.6257835e-01   0.0000000e+00
   3.0100000e+00   4.6102751e-01   0.0000000e+00
   3.0300000e+00   4.5995876e-01   0.0000000e+00
   3.0500000e+00   4.5889000e-01   0.0000000e+00
   3.0700000e+00   4.5764458e-01   0.0000000e+00
   3.0900000e+00   4.5622249e-01   0.0000000e+00
   3.1100000e+00   4.5485603e-01   0.0000000e+00
   3.1300000e+00   4.5363842e-01   0.0000000e+00
   3.1500000e+00   4.5256967e-01   0.0000000e+00
   3.1700000e+00   4.5150092e-01   0.0000000e+00
   3.1900000e+00   4.5043216e-01   0.0000000e+00
   3.2100000e+00   4.4936341e-01   0.0000000e+00
   3.2300000e+00   4.4787360e-01   0.0000000e+00
   3.2500000e+00   4.4647933e-01   0.0000000e+00
   3.2700000e+00   4.4518058e-01   0.0000000e+00
   3.2900000e+00   4.4392411e-01   0.0000000e+00
   3.3100000e+00   4.4249430e-01   0.0000000e+00
   3.3300000e+00   4.4089117e-01   0.0000000e+00
   3.3500000e+00   4.3928804e-01   0.0000000e+00
   3.3700000e+00   4.3768491e-01   0.0000000e+00
   3.3900000e+00   4.3608178e-01   0.0000000e+00
   3.4100000e+00   4.3485075e-01   0.0000000e+00
   3.4300000e+00   4.3382858e-01   0.0000000e+00
   3.4500000e+00   4.3301527e-01   0.0000000e+00
   2.1600000e+00   7.5518640e-01   1.0000000e+00
   2.1800000e+00   7.5251451e-01   1.0000000e+00
   2.2000000e+00   7.5056473e-01   1.0000000e+00
   2.2200000e+00   7.4933705e-01   1.0000000e+00
   2.2400000e+00   7.4753882e-01   1.0000000e+00
   2.2600000e+00   7.4557095e-01   1.0000000e+00
   2.2800000e+00   7.4343344e-01   1.0000000e+00
   2.3000000e+00   7.4129594e-01   1.0000000e+00
   2.3200000e+00   7.3915843e-01   1.0000000e+00
   2.3400000e+00   7.3702092e-01   1.0000000e+00
   2.3600000e+00   7.3488341e-01   1.0000000e+00
   2.3800000e+00   7.3274590e-01   1.0000000e+00
   2.4000000e+00   7.3060840e-01   1.0000000e+00
   2.4200000e+00   7.2878668e-01   1.0000000e+00
   2.4400000e+00   7.2697469e-01   1.0000000e+00
   2.4600000e+00   7.2517243e-01   1.0000000e+00
   2.4800000e+00   7.2319985e-01   1.0000000e+00
   2.5000000e+00   7.2167918e-01   1.0000000e+00
   2.5200000e+00   7.2061042e-01   1.0000000e+00
   2.5400000e+00   7.1854132e-01   1.0000000e+00
   2.5600000e+00   7.1643802e-01   1.0000000e+00
   2.5800000e+00   7.1430051e-01   1.0000000e+00
   2.6000000e+00   7.1216300e-01   1.0000000e+00
   2.6200000e+00   7.1002549e-01   1.0000000e+00
   2.6400000e+00   7.0788799e-01   1.0000000e+00
   2.6600000e+00   7.0578399e-01   1.0000000e+00
   2.6800000e+00   7.0393043e-01   1.0000000e+00
   2.7000000e+00   7.0232730e-01   1.0000000e+00
   2.7200000e+00   7.0027294e-01   1.0000000e+00
   2.7400000e+00   6.9851157e-01   1.0000000e+00
   2.7600000e+00   6.9704319e-01   1.0000000e+00
   2.7800000e+00   6.9597443e-01   1.0000000e+00
   2.8000000e+00   6.9485506e-01   1.0000000e+00
   2.8200000e+00   6.9368507e-01   1.0000000e+00
   2.8400000e+00   6.9208194e-01   1.0000000e+00
   2.8600000e+00   6.9021934e-01   1.0000000e+00
   2.8800000e+00   6.8809726e-01   1.0000000e+00
   2.9000000e+00   6.8595975e-01   1.0000000e+00
   2.9200000e+00   6.8382225e-01   1.0000000e+00
   2.9400000e+00   6.8168474e-01   1.0000000e+00
   2.9600000e+00   6.7954723e-01   1.0000000e+00
   2.9800000e+00   6.7746201e-01   1.0000000e+00
   3.0000000e+00   6.7542908e-01   1.0000000e+00
   3.0200000e+00   6.7436032e-01   1.0000000e+00
   3.0400000e+00   6.7305657e-01   1.0000000e+00
   3.0600000e+00   6.7151781e-01   1.0000000e+00
   3.0800000e+00   6.6956135e-01   1.0000000e+00
   3.1000000e+00   6.6786937e-01   1.0000000e+00
   3.1200000e+00   6.6644187e-01   1.0000000e+00
   3.1400000e+00   6.6578749e-01   1.0000000e+00
   3.1600000e+00   6.6492759e-01   1.0000000e+00
   3.1800000e+00   6.6386218e-01   1.0000000e+00
   3.2000000e+00   6.6332780e-01   1.0000000e+00
   3.2200000e+00   6.6216184e-01   1.0000000e+00
   3.2400000e+00   6.6036430e-01   1.0000000e+00
   3.2600000e+00   6.5883557e-01   1.0000000e+00
   3.2800000e+00   6.5744297e-01   1.0000000e+00
   3.3000000e+00   6.5618649e-01   1.0000000e+00
   3.3200000e+00   6.5451230e-01   1.0000000e+00
   3.3400000e+00   6.5260645e-01   1.0000000e+00
   3.3600000e+00   6.5046894e-01   1.0000000e+00
   3.3800000e+00   6.4930898e-01   1.0000000e+00
   3.4000000e+00   6.4782251e-01   1.0000000e+00
   3.4200000e+00   6.4600954e-01   1.0000000e+00
   3.4400000e+00   6.4438292e-01   1.0000000e+00
   3.4600000e+00   6.4303523e-01   1.0000000e+00
   3.4800000e+00   6.4196648e-01   1.0000000e+00
   3.5000000e+00   6.4089772e-01   1.0000000e+00
   3.5200000e+00   6.3982897e-01   1.0000000e+00
   3.5400000e+00   6.3876022e-01   1.0000000e+00
   3.5600000e+00   6.3857111e-01   1.0000000e+00
   3.5800000e+00   6.3815340e-01   1.0000000e+00
   3.6000000e+00   6.3750708e-01   1.0000000e+00
   3.6200000e+00   6.3685132e-01   1.0000000e+00
   3.6400000e+00   6.3643361e-01   1.0000000e+00
   3.6600000e+00   6.3625394e-01   1.0000000e+00
   3.6800000e+00   6.3518519e-01   1.0000000e+00
   3.7000000e+00   6.3437021e-01   1.0000000e+00
   3.7200000e+00   6.3380900e-01   1.0000000e+00
   3.7400000e+00   6.3288374e-01   1.0000000e+00
   3.7600000e+00   6.3174963e-01   1.0000000e+00
   3.7800000e+00   6.3040666e-01   1.0000000e+00
