   6.0000000e-01   9.7817053e-01   0.0000000e+00
   6.2000000e-01   9.6564319e-01   0.0000000e+00
   6.4000000e-01   9.5171489e-01   0.0000000e+00
   6.6000000e-01   9.3638563e-01   0.0000000e+00
   6.8000000e-01   9.0913240e-01   0.0000000e+00
   7.0000000e-01   8.8347257e-01   0.0000000e+00
   7.2000000e-01   8.5940615e-01   0.0000000e+00
   7.4000000e-01   8.3589356e-01   0.0000000e+00
   7.6000000e-01   8.1426735e-01   0.0000000e+00
   7.8000000e-01   7.9452754e-01   0.0000000e+00
   8.0000000e-01   7.7967831e-01   0.0000000e+00
   8.2000000e-01   7.6397085e-01   0.0000000e+00
   8.4000000e-01   7.4740516e-01   0.0000000e+00
   8.6000000e-01   7.3450030e-01   0.0000000e+00
   8.8000000e-01   7.2082273e-01   0.0000000e+00
   9.0000000e-01   7.0637243e-01   0.0000000e+00
   9.2000000e-01   6.9372705e-01   0.0000000e+00
   9.4000000e-01   6.8257953e-01   0.0000000e+00
   9.6000000e-01   6.7292988e-01   0.0000000e+00
   9.8000000e-01   6.6556124e-01   0.0000000e+00
   1.0000000e+00   6.5867065e-01   0.0000000e+00
   1.0200000e+00   6.5225813e-01   0.0000000e+00
   1.0400000e+00   6.4584560e-01   0.0000000e+00
   1.0600000e+00   6.3979044e-01   0.0000000e+00
   1.0800000e+00   6.3409265e-01   0.0000000e+00
   1.1000000e+00   6.2898958e-01   0.0000000e+00
   1.1200000e+00   6.2409537e-01   0.0000000e+00
   1.1400000e+00   6.1941001e-01   0.0000000e+00
   1.1600000e+00   6.1513499e-01   0.0000000e+00
   1.1800000e+00   6.1085998e-01   0.0000000e+00
   1.2000000e+00   6.0658496e-01   0.0000000e+00
   1.2200000e+00   6.0273503e-01   0.0000000e+00
   1.2400000e+00   5.9878553e-01   0.0000000e+00
   1.2600000e+00   5.9473647e-01   0.0000000e+00
   1.2800000e+00   5.9046146e-01   0.0000000e+00
   1.3000000e+00   5.8626153e-01   0.0000000e+00
   1.3200000e+00   5.8213669e-01   0.0000000e+00
   1.3400000e+00   5.7893043e-01   0.0000000e+00
   1.3600000e+00   5.7572417e-01   0.0000000e+00
   1.3800000e+00   5.7251791e-01   0.0000000e+00
   1.4000000e+00   5.6893551e-01   0.0000000e+00
   1.4200000e+00   5.6540372e-01   0.0000000e+00
   1.4400000e+00   5.6192256e-01   0.0000000e+00
   1.4600000e+00   5.5843068e-01   0.0000000e+00
   1.4800000e+00   5.5457337e-01   0.0000000e+00
   1.5000000e+00   5.5035064e-01   0.0000000e+00
   1.5200000e+00   5.4714438e-01   0.0000000e+00
   1.5400000e+00   5.4371619e-01   0.0000000e+00
   1.5600000e+00   5.4006607e-01   0.0000000e+00
   1.5800000e+00   5.3697982e-01   0.0000000e+00
   1.6000000e+00   5.3410075e-01   0.0000000e+00
   1.6200000e+00   5.3142886e-01   0.0000000e+00
   1.6400000e+00   5.2875698e-01   0.0000000e+00
   1.6600000e+00   5.2608509e-01   0.0000000e+00
   1.6800000e+00   5.2341321e-01   0.0000000e+00
   1.7000000e+00   5.2125290e-01   0.0000000e+00
   1.7200000e+00   5.1910399e-01   0.0000000e+00
   1.7400000e+00   5.1696648e-01   0.0000000e+00
   1.7600000e+00   5.1510722e-01   0.0000000e+00
   1.7800000e+00   5.1345681e-01   0.0000000e+00
   1.8000000e+00   5.1201526e-01   0.0000000e+00
   1.8200000e+00   5.1090159e-01   0.0000000e+00
   1.8400000e+00   5.0954319e-01   0.0000000e+00
   1.8600000e+00   5.0794006e-01   0.0000000e+00
   1.8800000e+00   5.0679955e-01   0.0000000e+00
   1.9000000e+00   5.0569493e-01   0.0000000e+00
   1.9200000e+00   5.0462617e-01   0.0000000e+00
   1.9400000e+00   5.0332812e-01   0.0000000e+00
   1.9600000e+00   5.0193384e-01   0.0000000e+00
   1.9800000e+00   5.0044335e-01   0.0000000e+00
   2.0000000e+00   4.9937459e-01   0.0000000e+00
   2.0200000e+00   4.9830584e-01   0.0000000e+00
   2.0400000e+00   4.9723708e-01   0.0000000e+00
   2.0600000e+00   4.9575465e-01   0.0000000e+00
   2.0800000e+00   4.9421186e-01   0.0000000e+00
   2.1000000e+00   4.9260873e-01   0.0000000e+00
   2.1200000e+00   4.9136631e-01   0.0000000e+00
   2.1400000e+00   4.9041422e-01   0.0000000e+00
   2.1600000e+00   4.8975246e-01   0.0000000e+00
   2.1800000e+00   4.8814933e-01   0.0000000e+00
   2.2000000e+00   4.8702760e-01   0.0000000e+00
   2.2200000e+00   4.8638727e-01   0.0000000e+00
   2.2400000e+00   4.8548816e-01   0.0000000e+00
   2.2600000e+00   4.8450423e-01   0.0000000e+00
   2.2800000e+00   4.8343547e-01   0.0000000e+00
   2.3000000e+00   4.8236672e-01   0.0000000e+00
   2.3200000e+00   4.8129796e-01   0.0000000e+00
   2.3400000e+00   4.8022921e-01   0.0000000e+00
   2.3600000e+00   4.7916046e-01   0.0000000e+00
   2.3800000e+00   4.7787547e-01   0.0000000e+00
   2.4000000e+00   4.7637427e-01   0.0000000e+00
   2.4200000e+00   4.7508693e-01   0.0000000e+00
   2.4400000e+00   4.7380931e-01   0.0000000e+00
   2.4600000e+00   4.7254143e-01   0.0000000e+00
   2.4800000e+00   4.7093830e-01   0.0000000e+00
   2.5000000e+00   4.6933517e-01   0.0000000e+00
   2.5200000e+00   4.6773204e-01   0.0000000e+00
   2.5400000e+00   4.6562874e-01   0.0000000e+00
   2.5600000e+00   4.6350833e-01   0.0000000e+00
   2.5800000e+00   4.6137082e-01   0.0000000e+00
   2.6000000e+00   4.5976700e-01   0.0000000e+00
   2.6200000e+00   4.5843072e-01   0.0000000e+00
   2.6400000e+00   4.5736196e-01   0.0000000e+00
   2.6600000e+00   4.5625969e-01   0.0000000e+00
   2.6800000e+00   4.5490699e-01   0.0000000e+00
   2.7000000e+00   4.5330386e-01   0.0000000e+00
   2.7200000e+00   4.5260319e-01   0.0000000e+00
   2.7400000e+00   4.5181838e-01   0.0000000e+00
   2.7600000e+00   4.5094944e-01   0.0000000e+00
   2.7800000e+00   4.4988068e-01   0.0000000e+00
   2.8000000e+00   4.4881193e-01   0.0000000e+00
   2.8200000e+00   4.4774317e-01   0.0000000e+00
   2.8400000e+00   4.4667442e-01   0.0000000e+00
   2.8600000e+00   4.4560567e-01   0.0000000e+00
   2.8800000e+00   4.4453691e-01   0.0000000e+00
   2.9000000e+00   4.4387044e-01   0.0000000e+00
   2.9200000e+00   4.4312721e-01   0.0000000e+00
   2.9400000e+00   4.4230721e-01   0.0000000e+00
   2.9600000e+00   4.4140741e-01   0.0000000e+00
   2.9800000e+00   4.4069032e-01   0.0000000e+00
   3.0000000e+00   4.4015594e-01   0.0000000e+00
   3.0200000e+00   4.3962157e-01   0.0000000e+00
   3.0400000e+00   4.3885219e-01   0.0000000e+00
   3.0600000e+00   4.3784781e-01   0.0000000e+00
   3.0800000e+00   4.3748573e-01   0.0000000e+00
   3.1000000e+00   4.3706802e-01   0.0000000e+00
   3.1200000e+00   4.3659468e-01   0.0000000e+00
   3.1400000e+00   4.3564593e-01   0.0000000e+00
   3.1600000e+00   4.3490270e-01   0.0000000e+00
   3.1800000e+00   4.3436498e-01   0.0000000e+00
   3.2000000e+00   4.3329622e-01   0.0000000e+00
   3.2200000e+00   4.3243800e-01   0.0000000e+00
   3.2400000e+00   4.3179029e-01   0.0000000e+00
   2.0000000e+00   7.5480387e-01   1.0000000e+00
   2.0200000e+00   7.5266636e-01   1.0000000e+00
   2.0400000e+00   7.5052886e-01   1.0000000e+00
   2.0600000e+00   7.4963239e-01   1.0000000e+00
   2.0800000e+00   7.4802592e-01   1.0000000e+00
   2.1000000e+00   7.4570944e-01   1.0000000e+00
   2.1200000e+00   7.4196880e-01   1.0000000e+00
   2.1400000e+00   7.3838738e-01   1.0000000e+00
   2.1600000e+00   7.3496518e-01   1.0000000e+00
   2.1800000e+00   7.3389643e-01   1.0000000e+00
   2.2000000e+00   7.3234628e-01   1.0000000e+00
   2.2200000e+00   7.3031472e-01   1.0000000e+00
   2.2400000e+00   7.2817721e-01   1.0000000e+00
   2.2600000e+00   7.2603970e-01   1.0000000e+00
   2.2800000e+00   7.2390219e-01   1.0000000e+00
   2.3000000e+00   7.2176469e-01   1.0000000e+00
   2.3200000e+00   7.1962718e-01   1.0000000e+00
   2.3400000e+00   7.1748967e-01   1.0000000e+00
   2.3600000e+00   7.1535216e-01   1.0000000e+00
   2.3800000e+00   7.1321466e-01   1.0000000e+00
   2.4000000e+00   7.1107715e-01   1.0000000e+00
   2.4200000e+00   7.0925543e-01   1.0000000e+00
   2.4400000e+00   7.0744344e-01   1.0000000e+00
   2.4600000e+00   7.0564118e-01   1.0000000e+00
   2.4800000e+00   7.0350368e-01   1.0000000e+00
   2.5000000e+00   7.0136617e-01   1.0000000e+00
   2.5200000e+00   6.9922866e-01   1.0000000e+00
   2.5400000e+00   6.9659098e-01   1.0000000e+00
   2.5600000e+00   6.9412795e-01   1.0000000e+00
   2.5800000e+00   6.9183957e-01   1.0000000e+00
   2.6000000e+00   6.8970206e-01   1.0000000e+00
   2.6200000e+00   6.8748947e-01   1.0000000e+00
   2.6400000e+00   6.8520178e-01   1.0000000e+00
   2.6600000e+00   6.8256341e-01   1.0000000e+00
   2.6800000e+00   6.8017547e-01   1.0000000e+00
   2.7000000e+00   6.7803796e-01   1.0000000e+00
   2.7200000e+00   6.7635168e-01   1.0000000e+00
   2.7400000e+00   6.7453969e-01   1.0000000e+00
   2.7600000e+00   6.7260200e-01   1.0000000e+00
   2.7800000e+00   6.7068239e-01   1.0000000e+00
   2.8000000e+00   6.6892102e-01   1.0000000e+00
   2.8200000e+00   6.6731789e-01   1.0000000e+00
   2.8400000e+00   6.6571476e-01   1.0000000e+00
   2.8600000e+00   6.6437110e-01   1.0000000e+00
   2.8800000e+00   6.6328691e-01   1.0000000e+00
   2.9000000e+00   6.6141360e-01   1.0000000e+00
   2.9200000e+00   6.5955099e-01   1.0000000e+00
   2.9400000e+00   6.5769910e-01   1.0000000e+00
   2.9600000e+00   6.5592702e-01   1.0000000e+00
   2.9800000e+00   6.5397222e-01   1.0000000e+00
   3.0000000e+00   6.5183471e-01   1.0000000e+00
   3.0200000e+00   6.4969721e-01   1.0000000e+00
   3.0400000e+00   6.4802970e-01   1.0000000e+00
   3.0600000e+00   6.4683219e-01   1.0000000e+00
   3.0800000e+00   6.4541010e-01   1.0000000e+00
   3.1000000e+00   6.4389749e-01   1.0000000e+00
   3.1200000e+00   6.4229436e-01   1.0000000e+00
   3.1400000e+00   6.4081123e-01   1.0000000e+00
   3.1600000e+00   6.3953529e-01   1.0000000e+00
   3.1800000e+00   6.3846654e-01   1.0000000e+00
   3.2000000e+00   6.3739779e-01   1.0000000e+00
   3.2200000e+00   6.3632903e-01   1.0000000e+00
   3.2400000e+00   6.3526028e-01   1.0000000e+00
   3.2600000e+00   6.3388713e-01   1.0000000e+00
   3.2800000e+00   6.3249286e-01   1.0000000e+00
   3.3000000e+00   6.3107745e-01   1.0000000e+00
   3.3200000e+00   6.2993764e-01   1.0000000e+00
   3.3400000e+00   6.2856617e-01   1.0000000e+00
   3.3600000e+00   6.2696303e-01   1.0000000e+00
   3.3800000e+00   6.2535990e-01   1.0000000e+00
   3.4000000e+00   6.2375677e-01   1.0000000e+00
   3.4200000e+00   6.2215364e-01   1.0000000e+00
   3.4400000e+00   6.2055051e-01   1.0000000e+00
   3.4600000e+00   6.1901677e-01   1.0000000e+00
   3.4800000e+00   6.1755242e-01   1.0000000e+00
   3.5000000e+00   6.1646155e-01   1.0000000e+00
   3.5200000e+00   6.1511455e-01   1.0000000e+00
   3.5400000e+00   6.1351142e-01   1.0000000e+00
   3.5600000e+00   6.1234811e-01   1.0000000e+00
   3.5800000e+00   6.1155524e-01   1.0000000e+00
   3.6000000e+00   6.1113281e-01   1.0000000e+00
   3.6200000e+00   6.1092632e-01   1.0000000e+00
   3.6400000e+00   6.1055588e-01   1.0000000e+00
   3.6600000e+00   6.1002150e-01   1.0000000e+00
   3.6800000e+00   6.0948712e-01   1.0000000e+00
   3.7000000e+00   6.0869898e-01   1.0000000e+00
   3.7200000e+00   6.0765705e-01   1.0000000e+00
   3.7400000e+00   6.0737006e-01   1.0000000e+00
   3.7600000e+00   6.0695235e-01   1.0000000e+00
   3.7800000e+00   6.0640392e-01   1.0000000e+00
   3.8000000e+00   6.0549271e-01   1.0000000e+00
