   6.0000000e-01   9.7467767e-01   0.0000000e+00
   6.2000000e-01   9.5395904e-01   0.0000000e+00
   6.4000000e-01   9.2936364e-01   0.0000000e+00
   6.6000000e-01   9.0089148e-01   0.0000000e+00
   6.8000000e-01   8.7043199e-01   0.0000000e+00
   7.0000000e-01   8.4315930e-01   0.0000000e+00
   7.2000000e-01   8.1907341e-01   0.0000000e+00
   7.4000000e-01   7.9643379e-01   0.0000000e+00
   7.6000000e-01   7.7566748e-01   0.0000000e+00
   7.8000000e-01   7.5677450e-01   0.0000000e+00
   8.0000000e-01   7.4161753e-01   0.0000000e+00
   8.2000000e-01   7.2388589e-01   0.0000000e+00
   8.4000000e-01   7.0357956e-01   0.0000000e+00
   8.6000000e-01   6.8745704e-01   0.0000000e+00
   8.8000000e-01   6.7219274e-01   0.0000000e+00
   9.0000000e-01   6.5778668e-01   0.0000000e+00
   9.2000000e-01   6.4534111e-01   0.0000000e+00
   9.4000000e-01   6.3402631e-01   0.0000000e+00
   9.6000000e-01   6.2384228e-01   0.0000000e+00
   9.8000000e-01   6.1588294e-01   0.0000000e+00
   1.0000000e+00   6.0816264e-01   0.0000000e+00
   1.0200000e+00   6.0068136e-01   0.0000000e+00
   1.0400000e+00   5.9320008e-01   0.0000000e+00
   1.0600000e+00   5.8625485e-01   0.0000000e+00
   1.0800000e+00   5.7984566e-01   0.0000000e+00
   1.1000000e+00   5.7396752e-01   0.0000000e+00
   1.1200000e+00   5.6808937e-01   0.0000000e+00
   1.1400000e+00   5.6221122e-01   0.0000000e+00
   1.1600000e+00   5.5633307e-01   0.0000000e+00
   1.1800000e+00   5.5045493e-01   0.0000000e+00
   1.2000000e+00   5.4457678e-01   0.0000000e+00
   1.2200000e+00   5.3997388e-01   0.0000000e+00
   1.2400000e+00   5.3538072e-01   0.0000000e+00
   1.2600000e+00   5.3079728e-01   0.0000000e+00
   1.2800000e+00   5.2598789e-01   0.0000000e+00
   1.3000000e+00   5.2121604e-01   0.0000000e+00
   1.3200000e+00   5.1648174e-01   0.0000000e+00
   1.3400000e+00   5.1220672e-01   0.0000000e+00
   1.3600000e+00   5.0793170e-01   0.0000000e+00
   1.3800000e+00   5.0365669e-01   0.0000000e+00
   1.4000000e+00   4.9975781e-01   0.0000000e+00
   1.4200000e+00   4.9619752e-01   0.0000000e+00
   1.4400000e+00   4.9297583e-01   0.0000000e+00
   1.4600000e+00   4.9030394e-01   0.0000000e+00
   1.4800000e+00   4.8763206e-01   0.0000000e+00
   1.5000000e+00   4.8496017e-01   0.0000000e+00
   1.5200000e+00   4.8228829e-01   0.0000000e+00
   1.5400000e+00   4.7983833e-01   0.0000000e+00
   1.5600000e+00   4.7761030e-01   0.0000000e+00
   1.5800000e+00   4.7547279e-01   0.0000000e+00
   1.6000000e+00   4.7344055e-01   0.0000000e+00
   1.6200000e+00   4.7151357e-01   0.0000000e+00
   1.6400000e+00   4.6981657e-01   0.0000000e+00
   1.6600000e+00   4.6789932e-01   0.0000000e+00
   1.6800000e+00   4.6576182e-01   0.0000000e+00
   1.7000000e+00   4.6413588e-01   0.0000000e+00
   1.7200000e+00   4.6252135e-01   0.0000000e+00
   1.7400000e+00   4.6091822e-01   0.0000000e+00
   1.7600000e+00   4.5959333e-01   0.0000000e+00
   1.7800000e+00   4.5823493e-01   0.0000000e+00
   1.8000000e+00   4.5684302e-01   0.0000000e+00
   1.8200000e+00   4.5479534e-01   0.0000000e+00
   1.8400000e+00   4.5323713e-01   0.0000000e+00
   1.8600000e+00   4.5216837e-01   0.0000000e+00
   1.8800000e+00   4.5109962e-01   0.0000000e+00
   1.9000000e+00   4.4985788e-01   0.0000000e+00
   1.9200000e+00   4.4844316e-01   0.0000000e+00
   1.9400000e+00   4.4684003e-01   0.0000000e+00
   1.9600000e+00   4.4529322e-01   0.0000000e+00
   1.9800000e+00   4.4380272e-01   0.0000000e+00
   2.0000000e+00   4.4273397e-01   0.0000000e+00
   2.0200000e+00   4.4166521e-01   0.0000000e+00
   2.0400000e+00   4.4059646e-01   0.0000000e+00
   2.0600000e+00   4.3952771e-01   0.0000000e+00
   2.0800000e+00   4.3845895e-01   0.0000000e+00
   2.1000000e+00   4.3739020e-01   0.0000000e+00
   2.1200000e+00   4.3614109e-01   0.0000000e+00
   2.1400000e+00   4.3474681e-01   0.0000000e+00
   2.1600000e+00   4.3320737e-01   0.0000000e+00
   2.1800000e+00   4.3213862e-01   0.0000000e+00
   2.2000000e+00   4.3106986e-01   0.0000000e+00
   2.2200000e+00   4.3000111e-01   0.0000000e+00
   2.2400000e+00   4.2893236e-01   0.0000000e+00
   2.2600000e+00   4.2798764e-01   0.0000000e+00
   2.2800000e+00   4.2716695e-01   0.0000000e+00
   2.3000000e+00   4.2663258e-01   0.0000000e+00
   2.3200000e+00   4.2609083e-01   0.0000000e+00
   2.3400000e+00   4.2554171e-01   0.0000000e+00
   2.3600000e+00   4.2447296e-01   0.0000000e+00
   2.3800000e+00   4.2340420e-01   0.0000000e+00
   2.4000000e+00   4.2233545e-01   0.0000000e+00
   2.4200000e+00   4.2158248e-01   0.0000000e+00
   2.4400000e+00   4.2093881e-01   0.0000000e+00
   2.4600000e+00   4.2040444e-01   0.0000000e+00
   2.4800000e+00   4.1995252e-01   0.0000000e+00
   2.5000000e+00   4.1972656e-01   0.0000000e+00
   2.5200000e+00   4.1972656e-01   0.0000000e+00
   2.5400000e+00   4.1872622e-01   0.0000000e+00
   2.5600000e+00   4.1807517e-01   0.0000000e+00
   2.5800000e+00   4.1777344e-01   0.0000000e+00
   2.6000000e+00   4.1777344e-01   0.0000000e+00
   2.6200000e+00   4.1777344e-01   0.0000000e+00
   2.6400000e+00   4.1777344e-01   0.0000000e+00
   2.6600000e+00   4.1773992e-01   0.0000000e+00
   2.6800000e+00   4.1745598e-01   0.0000000e+00
   2.7000000e+00   4.1692160e-01   0.0000000e+00
   2.7200000e+00   4.1683845e-01   0.0000000e+00
   2.7400000e+00   4.1662959e-01   0.0000000e+00
   2.7600000e+00   4.1629503e-01   0.0000000e+00
   2.7800000e+00   4.1597855e-01   0.0000000e+00
   2.8000000e+00   4.1571908e-01   0.0000000e+00
   2.8200000e+00   4.1551661e-01   0.0000000e+00
   2.8400000e+00   4.1444786e-01   0.0000000e+00
   2.8600000e+00   4.1363858e-01   0.0000000e+00
   2.8800000e+00   4.1308877e-01   0.0000000e+00
   2.9000000e+00   4.1255439e-01   0.0000000e+00
   2.9200000e+00   4.1187721e-01   0.0000000e+00
   2.9400000e+00   4.1105721e-01   0.0000000e+00
   2.9600000e+00   4.0998846e-01   0.0000000e+00
   2.9800000e+00   4.0894585e-01   0.0000000e+00
   3.0000000e+00   4.0792938e-01   0.0000000e+00
   3.0200000e+00   4.0739500e-01   0.0000000e+00
   3.0400000e+00   4.0662563e-01   0.0000000e+00
   3.0600000e+00   4.0562125e-01   0.0000000e+00
   3.0800000e+00   4.0525917e-01   0.0000000e+00
   3.1000000e+00   4.0495979e-01   0.0000000e+00
   3.1200000e+00   4.0472312e-01   0.0000000e+00
   3.1400000e+00   4.0490878e-01   0.0000000e+00
   3.1600000e+00   4.0633254e-01   0.0000000e+00
   3.1800000e+00   4.0899440e-01   0.0000000e+00
   3.2000000e+00   4.1006315e-01   0.0000000e+00
   2.0400000e+00   6.9016302e-01   1.0000000e+00
   2.0600000e+00   6.8666377e-01   1.0000000e+00
   2.0800000e+00   6.8334085e-01   1.0000000e+00
   2.1000000e+00   6.8019424e-01   1.0000000e+00
   2.1200000e+00   6.7698130e-01   1.0000000e+00
   2.1400000e+00   6.7330101e-01   1.0000000e+00
   2.1600000e+00   6.6915337e-01   1.0000000e+00
   2.1800000e+00   6.6594710e-01   1.0000000e+00
   2.2000000e+00   6.6274084e-01   1.0000000e+00
   2.2200000e+00   6.5953458e-01   1.0000000e+00
   2.2400000e+00   6.5669305e-01   1.0000000e+00
   2.2600000e+00   6.5393635e-01   1.0000000e+00
   2.2800000e+00   6.5126446e-01   1.0000000e+00
   2.3000000e+00   6.4859258e-01   1.0000000e+00
   2.3200000e+00   6.4592806e-01   1.0000000e+00
   2.3400000e+00   6.4327092e-01   1.0000000e+00
   2.3600000e+00   6.4113341e-01   1.0000000e+00
   2.3800000e+00   6.3942836e-01   1.0000000e+00
   2.4000000e+00   6.3815576e-01   1.0000000e+00
   2.4200000e+00   6.3645543e-01   1.0000000e+00
   2.4400000e+00   6.3453651e-01   1.0000000e+00
   2.4600000e+00   6.3239900e-01   1.0000000e+00
   2.4800000e+00   6.3026149e-01   1.0000000e+00
   2.5000000e+00   6.2812398e-01   1.0000000e+00
   2.5200000e+00   6.2598647e-01   1.0000000e+00
   2.5400000e+00   6.2384896e-01   1.0000000e+00
   2.5600000e+00   6.2171146e-01   1.0000000e+00
   2.5800000e+00   6.1957395e-01   1.0000000e+00
   2.6000000e+00   6.1770328e-01   1.0000000e+00
   2.6200000e+00   6.1589130e-01   1.0000000e+00
   2.6400000e+00   6.1413799e-01   1.0000000e+00
   2.6600000e+00   6.1203399e-01   1.0000000e+00
   2.6800000e+00   6.1018043e-01   1.0000000e+00
   2.7000000e+00   6.0857730e-01   1.0000000e+00
   2.7200000e+00   6.0697417e-01   1.0000000e+00
   2.7400000e+00   6.0553832e-01   1.0000000e+00
   2.7600000e+00   6.0426975e-01   1.0000000e+00
   2.7800000e+00   6.0320100e-01   1.0000000e+00
   2.8000000e+00   6.0208163e-01   1.0000000e+00
   2.8200000e+00   6.0091164e-01   1.0000000e+00
   2.8400000e+00   5.9930851e-01   1.0000000e+00
   2.8600000e+00   5.9796485e-01   1.0000000e+00
   2.8800000e+00   5.9688066e-01   1.0000000e+00
   2.9000000e+00   5.9540963e-01   1.0000000e+00
   2.9200000e+00   5.9387254e-01   1.0000000e+00
   2.9400000e+00   5.9226941e-01   1.0000000e+00
   2.9600000e+00   5.9083523e-01   1.0000000e+00
   2.9800000e+00   5.8955762e-01   1.0000000e+00
   3.0000000e+00   5.8843658e-01   1.0000000e+00
   3.0200000e+00   5.8683345e-01   1.0000000e+00
   3.0400000e+00   5.8499532e-01   1.0000000e+00
   3.0600000e+00   5.8292219e-01   1.0000000e+00
   3.0800000e+00   5.8113802e-01   1.0000000e+00
   3.1000000e+00   5.7944436e-01   1.0000000e+00
   3.1200000e+00   5.7784123e-01   1.0000000e+00
   3.1400000e+00   5.7623810e-01   1.0000000e+00
   3.1600000e+00   5.7463330e-01   1.0000000e+00
   3.1800000e+00   5.7302683e-01   1.0000000e+00
   3.2000000e+00   5.7088932e-01   1.0000000e+00
   3.2200000e+00   5.6896234e-01   1.0000000e+00
   3.2400000e+00   5.6724588e-01   1.0000000e+00
   3.2600000e+00   5.6594714e-01   1.0000000e+00
   3.2800000e+00   5.6485726e-01   1.0000000e+00
   3.3000000e+00   5.6397623e-01   1.0000000e+00
