   6.1000000e-01   9.7711922e-01   0.0000000e+00
   6.3000000e-01   9.6395362e-01   0.0000000e+00
   6.5000000e-01   9.4159362e-01   0.0000000e+00
   6.7000000e-01   9.1625263e-01   0.0000000e+00
   6.9000000e-01   8.8793065e-01   0.0000000e+00
   7.1000000e-01   8.6234021e-01   0.0000000e+00
   7.3000000e-01   8.3851079e-01   0.0000000e+00
   7.5000000e-01   8.1644241e-01   0.0000000e+00
   7.7000000e-01   7.9791150e-01   0.0000000e+00
   7.9000000e-01   7.8031461e-01   0.0000000e+00
   8.1000000e-01   7.6365172e-01   0.0000000e+00
   8.3000000e-01   7.4441414e-01   0.0000000e+00
   8.5000000e-01   7.2622252e-01   0.0000000e+00
   8.7000000e-01   7.0907685e-01   0.0000000e+00
   8.9000000e-01   6.9319572e-01   0.0000000e+00
   9.1000000e-01   6.7866527e-01   0.0000000e+00
   9.3000000e-01   6.6548551e-01   0.0000000e+00
   9.5000000e-01   6.5478254e-01   0.0000000e+00
   9.7000000e-01   6.4467798e-01   0.0000000e+00
   9.9000000e-01   6.3517182e-01   0.0000000e+00
   1.0100000e+00   6.2662179e-01   0.0000000e+00
   1.0300000e+00   6.1830877e-01   0.0000000e+00
   1.0500000e+00   6.1023277e-01   0.0000000e+00
   1.0700000e+00   6.0436130e-01   0.0000000e+00
   1.0900000e+00   5.9865982e-01   0.0000000e+00
   1.1100000e+00   5.9312833e-01   0.0000000e+00
   1.1300000e+00   5.8683984e-01   0.0000000e+00
   1.1500000e+00   5.8076021e-01   0.0000000e+00
   1.1700000e+00   5.7488943e-01   0.0000000e+00
   1.1900000e+00   5.6954566e-01   0.0000000e+00
   1.2100000e+00   5.6441443e-01   0.0000000e+00
   1.2300000e+00   5.5949575e-01   0.0000000e+00
   1.2500000e+00   5.5437793e-01   0.0000000e+00
   1.2700000e+00   5.4924302e-01   0.0000000e+00
   1.2900000e+00   5.4409100e-01   0.0000000e+00
   1.3100000e+00   5.3928161e-01   0.0000000e+00
   1.3300000e+00   5.3447222e-01   0.0000000e+00
   1.3500000e+00   5.2966282e-01   0.0000000e+00
   1.3700000e+00   5.2534623e-01   0.0000000e+00
   1.3900000e+00   5.2105043e-01   0.0000000e+00
   1.4100000e+00   5.1677541e-01   0.0000000e+00
   1.4300000e+00   5.1275987e-01   0.0000000e+00
   1.4500000e+00   5.0888178e-01   0.0000000e+00
   1.4700000e+00   5.0514114e-01   0.0000000e+00
   1.4900000e+00   5.0140050e-01   0.0000000e+00
   1.5100000e+00   4.9765986e-01   0.0000000e+00
   1.5300000e+00   4.9391922e-01   0.0000000e+00
   1.5500000e+00   4.9106629e-01   0.0000000e+00
   1.5700000e+00   4.8846748e-01   0.0000000e+00
   1.5900000e+00   4.8612279e-01   0.0000000e+00
   1.6100000e+00   4.8398528e-01   0.0000000e+00
   1.6300000e+00   4.8189470e-01   0.0000000e+00
   1.6500000e+00   4.7985106e-01   0.0000000e+00
   1.6700000e+00   4.7824793e-01   0.0000000e+00
   1.6900000e+00   4.7690058e-01   0.0000000e+00
   1.7100000e+00   4.7580903e-01   0.0000000e+00
   1.7300000e+00   4.7395045e-01   0.0000000e+00
   1.7500000e+00   4.7223066e-01   0.0000000e+00
   1.7700000e+00   4.7064964e-01   0.0000000e+00
   1.7900000e+00   4.6958088e-01   0.0000000e+00
   1.8100000e+00   4.6851213e-01   0.0000000e+00
   1.8300000e+00   4.6744338e-01   0.0000000e+00
   1.8500000e+00   4.6637462e-01   0.0000000e+00
   1.8700000e+00   4.6530587e-01   0.0000000e+00
   1.8900000e+00   4.6423712e-01   0.0000000e+00
   1.9100000e+00   4.6316836e-01   0.0000000e+00
   1.9300000e+00   4.6209961e-01   0.0000000e+00
   1.9500000e+00   4.6103085e-01   0.0000000e+00
   1.9700000e+00   4.6007473e-01   0.0000000e+00
   1.9900000e+00   4.5932948e-01   0.0000000e+00
   2.0100000e+00   4.5879511e-01   0.0000000e+00
   2.0300000e+00   4.5773038e-01   0.0000000e+00
   2.0500000e+00   4.5666365e-01   0.0000000e+00
   2.0700000e+00   4.5559489e-01   0.0000000e+00
   2.0900000e+00   4.5422912e-01   0.0000000e+00
   2.1100000e+00   4.5292502e-01   0.0000000e+00
   2.1300000e+00   4.5168259e-01   0.0000000e+00
   2.1500000e+00   4.5108453e-01   0.0000000e+00
   2.1700000e+00   4.5025112e-01   0.0000000e+00
   2.1900000e+00   4.4918237e-01   0.0000000e+00
   2.2100000e+00   4.4859501e-01   0.0000000e+00
   2.2300000e+00   4.4766941e-01   0.0000000e+00
   2.2500000e+00   4.4640556e-01   0.0000000e+00
   2.2700000e+00   4.4529857e-01   0.0000000e+00
   2.2900000e+00   4.4447789e-01   0.0000000e+00
   2.3100000e+00   4.4394352e-01   0.0000000e+00
   2.3300000e+00   4.4339439e-01   0.0000000e+00
   2.3500000e+00   4.4258546e-01   0.0000000e+00
   2.3700000e+00   4.4151670e-01   0.0000000e+00
   2.3900000e+00   4.4088040e-01   0.0000000e+00
   2.4100000e+00   4.4029507e-01   0.0000000e+00
   2.4300000e+00   4.3976069e-01   0.0000000e+00
   2.4500000e+00   4.3882806e-01   0.0000000e+00
   2.4700000e+00   4.3764264e-01   0.0000000e+00
   2.4900000e+00   4.3620443e-01   0.0000000e+00
   2.5100000e+00   4.3567006e-01   0.0000000e+00
   2.5300000e+00   4.3513568e-01   0.0000000e+00
   2.5500000e+00   4.3460130e-01   0.0000000e+00
   2.5700000e+00   4.3406693e-01   0.0000000e+00
   2.5900000e+00   4.3339913e-01   0.0000000e+00
   2.6100000e+00   4.3259791e-01   0.0000000e+00
   2.6300000e+00   4.3167933e-01   0.0000000e+00
   2.6500000e+00   4.3095285e-01   0.0000000e+00
   2.6700000e+00   4.3041848e-01   0.0000000e+00
   2.6900000e+00   4.2988410e-01   0.0000000e+00
   2.7100000e+00   4.2934972e-01   0.0000000e+00
   2.7300000e+00   4.2881535e-01   0.0000000e+00
   2.7500000e+00   4.2828097e-01   0.0000000e+00
   2.7700000e+00   4.2774659e-01   0.0000000e+00
   2.7900000e+00   4.2721222e-01   0.0000000e+00
   2.8100000e+00   4.2667784e-01   0.0000000e+00
   2.8300000e+00   4.2614346e-01   0.0000000e+00
   2.8500000e+00   4.2560908e-01   0.0000000e+00
   2.8700000e+00   4.2559365e-01   0.0000000e+00
   2.8900000e+00   4.2538480e-01   0.0000000e+00
   2.9100000e+00   4.2498252e-01   0.0000000e+00
   2.9300000e+00   4.2444814e-01   0.0000000e+00
   2.9500000e+00   4.2399824e-01   0.0000000e+00
   2.9700000e+00   4.2363281e-01   0.0000000e+00
   2.9900000e+00   4.2358053e-01   0.0000000e+00
   3.0100000e+00   4.2328719e-01   0.0000000e+00
   3.0300000e+00   4.2275282e-01   0.0000000e+00
   3.0500000e+00   4.2268844e-01   0.0000000e+00
   3.0700000e+00   4.2265625e-01   0.0000000e+00
   3.0900000e+00   4.2265625e-01   0.0000000e+00
   3.1100000e+00   4.2265625e-01   0.0000000e+00
   3.1300000e+00   4.2265625e-01   0.0000000e+00
   3.1500000e+00   4.2265625e-01   0.0000000e+00
   3.1700000e+00   4.2265291e-01   0.0000000e+00
   3.1900000e+00   4.2238405e-01   0.0000000e+00
   3.2100000e+00   4.2184967e-01   0.0000000e+00
   3.2300000e+00   4.2173635e-01   0.0000000e+00
   3.2500000e+00   4.2137530e-01   0.0000000e+00
   3.2700000e+00   4.2076652e-01   0.0000000e+00
   3.2900000e+00   4.2007322e-01   0.0000000e+00
   3.3100000e+00   4.1972656e-01   0.0000000e+00
   3.3300000e+00   4.1972656e-01   0.0000000e+00
   3.3500000e+00   4.1972656e-01   0.0000000e+00
   3.3700000e+00   4.1923779e-01   0.0000000e+00
   3.3900000e+00   4.1826025e-01   0.0000000e+00
   3.4100000e+00   4.1793571e-01   0.0000000e+00
   3.4300000e+00   4.1751799e-01   0.0000000e+00
   3.4500000e+00   4.1700711e-01   0.0000000e+00
   3.4700000e+00   4.1621591e-01   0.0000000e+00
   3.4900000e+00   4.1579820e-01   0.0000000e+00
   3.5100000e+00   4.1575397e-01   0.0000000e+00
   3.5300000e+00   4.1468522e-01   0.0000000e+00
   3.5500000e+00   4.1383638e-01   0.0000000e+00
   3.5700000e+00   4.1320745e-01   0.0000000e+00
   3.5900000e+00   4.1267307e-01   0.0000000e+00
   3.6100000e+00   4.1203545e-01   0.0000000e+00
   3.6300000e+00   4.1129457e-01   0.0000000e+00
   3.6500000e+00   4.1040548e-01   0.0000000e+00
   3.6700000e+00   4.0996094e-01   0.0000000e+00
   3.6900000e+00   4.0996094e-01   0.0000000e+00
   3.7100000e+00   4.0894585e-01   0.0000000e+00
   3.7300000e+00   4.0829481e-01   0.0000000e+00
   3.7500000e+00   4.0800781e-01   0.0000000e+00
   3.7700000e+00   4.0773360e-01   0.0000000e+00
   3.7900000e+00   4.0740808e-01   0.0000000e+00
   2.1300000e+00   7.0211810e-01   1.0000000e+00
   2.1500000e+00   7.0051497e-01   1.0000000e+00
   2.1700000e+00   6.9891184e-01   1.0000000e+00
   2.1900000e+00   6.9730871e-01   1.0000000e+00
   2.2100000e+00   6.9522417e-01   1.0000000e+00
   2.2300000e+00   6.9311315e-01   1.0000000e+00
   2.2500000e+00   6.9097564e-01   1.0000000e+00
   2.2700000e+00   6.8859007e-01   1.0000000e+00
   2.2900000e+00   6.8612704e-01   1.0000000e+00
   2.3100000e+00   6.8358656e-01   1.0000000e+00
   2.3300000e+00   6.8141957e-01   1.0000000e+00
   2.3500000e+00   6.7873294e-01   1.0000000e+00
   2.3700000e+00   6.7552668e-01   1.0000000e+00
   2.3900000e+00   6.7318532e-01   1.0000000e+00
   2.4100000e+00   6.7063010e-01   1.0000000e+00
   2.4300000e+00   6.6786101e-01   1.0000000e+00
   2.4500000e+00   6.6505300e-01   1.0000000e+00
   2.4700000e+00   6.6253901e-01   1.0000000e+00
   2.4900000e+00   6.6031904e-01   1.0000000e+00
   2.5100000e+00   6.5764716e-01   1.0000000e+00
   2.5300000e+00   6.5522536e-01   1.0000000e+00
   2.5500000e+00   6.5305365e-01   1.0000000e+00
   2.5700000e+00   6.5053263e-01   1.0000000e+00
   2.5900000e+00   6.4820302e-01   1.0000000e+00
   2.6100000e+00   6.4606483e-01   1.0000000e+00
   2.6300000e+00   6.4431152e-01   1.0000000e+00
   2.6500000e+00   6.4236611e-01   1.0000000e+00
   2.6700000e+00   6.4022860e-01   1.0000000e+00
   2.6900000e+00   6.3809109e-01   1.0000000e+00
   2.7100000e+00   6.3617920e-01   1.0000000e+00
   2.7300000e+00   6.3449292e-01   1.0000000e+00
   2.7500000e+00   6.3322435e-01   1.0000000e+00
   2.7700000e+00   6.3183779e-01   1.0000000e+00
   2.7900000e+00   6.3033324e-01   1.0000000e+00
   2.8100000e+00   6.2839820e-01   1.0000000e+00
   2.8300000e+00   6.2689630e-01   1.0000000e+00
   2.8500000e+00   6.2582754e-01   1.0000000e+00
   2.8700000e+00   6.2423984e-01   1.0000000e+00
   2.8900000e+00   6.2284557e-01   1.0000000e+00
   2.9100000e+00   6.2164472e-01   1.0000000e+00
   2.9300000e+00   6.2029035e-01   1.0000000e+00
   2.9500000e+00   6.1889607e-01   1.0000000e+00
   2.9700000e+00   6.1746190e-01   1.0000000e+00
   2.9900000e+00   6.1634085e-01   1.0000000e+00
   3.0100000e+00   6.1497877e-01   1.0000000e+00
   3.0300000e+00   6.1337564e-01   1.0000000e+00
   3.0500000e+00   6.1224250e-01   1.0000000e+00
   3.0700000e+00   6.1131823e-01   1.0000000e+00
   3.0900000e+00   6.1060281e-01   1.0000000e+00
   3.1100000e+00   6.1006843e-01   1.0000000e+00
   3.1300000e+00   6.0953406e-01   1.0000000e+00
   3.1500000e+00   6.0899968e-01   1.0000000e+00
   3.1700000e+00   6.0846196e-01   1.0000000e+00
   3.1900000e+00   6.0765873e-01   1.0000000e+00
   3.2100000e+00   6.0658997e-01   1.0000000e+00
   3.2300000e+00   6.0552122e-01   1.0000000e+00
   3.2500000e+00   6.0430027e-01   1.0000000e+00
   3.2700000e+00   6.0292713e-01   1.0000000e+00
   3.2900000e+00   6.0169944e-01   1.0000000e+00
   3.3100000e+00   6.0074735e-01   1.0000000e+00
   3.3300000e+00   6.0007086e-01   1.0000000e+00
   3.3500000e+00   5.9846773e-01   1.0000000e+00
   2.7900000e+00   7.6868224e-01   2.0000000e+00
   2.8100000e+00   7.6761349e-01   2.0000000e+00
   2.8300000e+00   7.6654474e-01   2.0000000e+00
   2.8500000e+00   7.6547598e-01   2.0000000e+00
   2.8700000e+00   7.6492617e-01   2.0000000e+00
   2.8900000e+00   7.6337838e-01   2.0000000e+00
   2.9100000e+00   7.6083260e-01   2.0000000e+00
   2.9300000e+00   7.5791195e-01   2.0000000e+00
   2.9500000e+00   7.5511568e-01   2.0000000e+00
   2.9700000e+00   7.5244380e-01   2.0000000e+00
   2.9900000e+00   7.4977191e-01   2.0000000e+00
   3.0100000e+00   7.4710003e-01   2.0000000e+00
   3.0300000e+00   7.4442814e-01   2.0000000e+00
   3.0500000e+00   7.4222626e-01   2.0000000e+00
   3.0700000e+00   7.4005656e-01   2.0000000e+00
   3.0900000e+00   7.3791905e-01   2.0000000e+00
   3.1100000e+00   7.3601821e-01   2.0000000e+00
   3.1300000e+00   7.3420623e-01   2.0000000e+00
   3.1500000e+00   7.3248309e-01   2.0000000e+00
   3.1700000e+00   7.3034558e-01   2.0000000e+00
   3.1900000e+00   7.2820807e-01   2.0000000e+00
   3.2100000e+00   7.2607057e-01   2.0000000e+00
   3.2300000e+00   7.2351200e-01   2.0000000e+00
   3.2500000e+00   7.2104898e-01   2.0000000e+00
   3.2700000e+00   7.1868148e-01   2.0000000e+00
   3.2900000e+00   7.1654397e-01   2.0000000e+00
   3.3100000e+00   7.1451305e-01   2.0000000e+00
   3.3300000e+00   7.1258872e-01   2.0000000e+00
   3.3500000e+00   7.1205435e-01   2.0000000e+00
