   6.0000000e-01   9.7003015e-01   0.0000000e+00
   6.2000000e-01   9.5902348e-01   0.0000000e+00
   6.4000000e-01   9.4611833e-01   0.0000000e+00
   6.6000000e-01   9.3131470e-01   0.0000000e+00
   6.8000000e-01   9.1154275e-01   0.0000000e+00
   7.0000000e-01   8.9086028e-01   0.0000000e+00
   7.2000000e-01   8.6926730e-01   0.0000000e+00
   7.4000000e-01   8.4769644e-01   0.0000000e+00
   7.6000000e-01   8.2810985e-01   0.0000000e+00
   7.8000000e-01   8.1050755e-01   0.0000000e+00
   8.0000000e-01   7.9769056e-01   0.0000000e+00
   8.2000000e-01   7.8380078e-01   0.0000000e+00
   8.4000000e-01   7.6883823e-01   0.0000000e+00
   8.6000000e-01   7.5492162e-01   0.0000000e+00
   8.8000000e-01   7.4101642e-01   0.0000000e+00
   9.0000000e-01   7.2712262e-01   0.0000000e+00
   9.2000000e-01   7.1525634e-01   0.0000000e+00
   9.4000000e-01   7.0450609e-01   0.0000000e+00
   9.6000000e-01   6.9487187e-01   0.0000000e+00
   9.8000000e-01   6.8643447e-01   0.0000000e+00
   1.0000000e+00   6.7847514e-01   0.0000000e+00
   1.0200000e+00   6.7099386e-01   0.0000000e+00
   1.0400000e+00   6.6398661e-01   0.0000000e+00
   1.0600000e+00   6.5736690e-01   0.0000000e+00
   1.0800000e+00   6.5113473e-01   0.0000000e+00
   1.1000000e+00   6.4525658e-01   0.0000000e+00
   1.1200000e+00   6.3944045e-01   0.0000000e+00
   1.1400000e+00   6.3368634e-01   0.0000000e+00
   1.1600000e+00   6.2834257e-01   0.0000000e+00
   1.1800000e+00   6.2299880e-01   0.0000000e+00
   1.2000000e+00   6.1765503e-01   0.0000000e+00
   1.2200000e+00   6.1231126e-01   0.0000000e+00
   1.2400000e+00   6.0696749e-01   0.0000000e+00
   1.2600000e+00   6.0162372e-01   0.0000000e+00
   1.2800000e+00   5.9627995e-01   0.0000000e+00
   1.3000000e+00   5.9089863e-01   0.0000000e+00
   1.3200000e+00   5.8547977e-01   0.0000000e+00
   1.3400000e+00   5.7960162e-01   0.0000000e+00
   1.3600000e+00   5.7446268e-01   0.0000000e+00
   1.3800000e+00   5.7006294e-01   0.0000000e+00
   1.4000000e+00   5.6503565e-01   0.0000000e+00
   1.4200000e+00   5.5997985e-01   0.0000000e+00
   1.4400000e+00   5.5489555e-01   0.0000000e+00
   1.4600000e+00   5.5022897e-01   0.0000000e+00
   1.4800000e+00   5.4577124e-01   0.0000000e+00
   1.5000000e+00   5.4152237e-01   0.0000000e+00
   1.5200000e+00   5.3778173e-01   0.0000000e+00
   1.5400000e+00   5.3426302e-01   0.0000000e+00
   1.5600000e+00   5.3096623e-01   0.0000000e+00
   1.5800000e+00   5.2743278e-01   0.0000000e+00
   1.6000000e+00   5.2390100e-01   0.0000000e+00
   1.6200000e+00   5.2037088e-01   0.0000000e+00
   1.6400000e+00   5.1735235e-01   0.0000000e+00
   1.6600000e+00   5.1477432e-01   0.0000000e+00
   1.6800000e+00   5.1263681e-01   0.0000000e+00
   1.7000000e+00   5.0998773e-01   0.0000000e+00
   1.7200000e+00   5.0752470e-01   0.0000000e+00
   1.7400000e+00   5.0524773e-01   0.0000000e+00
   1.7600000e+00   5.0311022e-01   0.0000000e+00
   1.7800000e+00   5.0097271e-01   0.0000000e+00
   1.8000000e+00   4.9883520e-01   0.0000000e+00
   1.8200000e+00   4.9669770e-01   0.0000000e+00
   1.8400000e+00   4.9456019e-01   0.0000000e+00
   1.8600000e+00   4.9242268e-01   0.0000000e+00
   1.8800000e+00   4.9074780e-01   0.0000000e+00
   1.9000000e+00   4.8928178e-01   0.0000000e+00
   1.9200000e+00   4.8802461e-01   0.0000000e+00
   1.9400000e+00   4.8649726e-01   0.0000000e+00
   1.9600000e+00   4.8477746e-01   0.0000000e+00
   1.9800000e+00   4.8286522e-01   0.0000000e+00
   2.0000000e+00   4.8179647e-01   0.0000000e+00
   2.0200000e+00   4.8046254e-01   0.0000000e+00
   2.0400000e+00   4.7886344e-01   0.0000000e+00
   2.0600000e+00   4.7767399e-01   0.0000000e+00
   2.0800000e+00   4.7654489e-01   0.0000000e+00
   2.1000000e+00   4.7547613e-01   0.0000000e+00
   2.1200000e+00   4.7440738e-01   0.0000000e+00
   2.1400000e+00   4.7337047e-01   0.0000000e+00
   2.1600000e+00   4.7236541e-01   0.0000000e+00
   2.1800000e+00   4.7183103e-01   0.0000000e+00
   2.2000000e+00   4.7081525e-01   0.0000000e+00
   2.2200000e+00   4.6931807e-01   0.0000000e+00
   2.2400000e+00   4.6844441e-01   0.0000000e+00
   2.2600000e+00   4.6761636e-01   0.0000000e+00
   2.2800000e+00   4.6683391e-01   0.0000000e+00
   2.3000000e+00   4.6576516e-01   0.0000000e+00
   2.3200000e+00   4.6470377e-01   0.0000000e+00
   2.3400000e+00   4.6364976e-01   0.0000000e+00
   2.3600000e+00   4.6311538e-01   0.0000000e+00
   2.3800000e+00   4.6236478e-01   0.0000000e+00
   2.4000000e+00   4.6139795e-01   0.0000000e+00
   2.4200000e+00   4.6096077e-01   0.0000000e+00
   2.4400000e+00   4.6084175e-01   0.0000000e+00
   2.4600000e+00   4.6104088e-01   0.0000000e+00
   2.4800000e+00   4.6157525e-01   0.0000000e+00
   2.5000000e+00   4.6210963e-01   0.0000000e+00
   2.5200000e+00   4.6264401e-01   0.0000000e+00
   2.5400000e+00   4.6267821e-01   0.0000000e+00
   2.5600000e+00   4.6231180e-01   0.0000000e+00
   2.5800000e+00   4.6154479e-01   0.0000000e+00
   2.6000000e+00   4.6074288e-01   0.0000000e+00
   2.6200000e+00   4.5999964e-01   0.0000000e+00
   2.6400000e+00   4.5931509e-01   0.0000000e+00
   2.6600000e+00   4.5827985e-01   0.0000000e+00
   2.6800000e+00   4.5749504e-01   0.0000000e+00
   2.7000000e+00   4.5696066e-01   0.0000000e+00
   2.7200000e+00   4.5642629e-01   0.0000000e+00
   2.7400000e+00   4.5589191e-01   0.0000000e+00
   2.7600000e+00   4.5535753e-01   0.0000000e+00
   2.7800000e+00   4.5460526e-01   0.0000000e+00
   2.8000000e+00   4.5374536e-01   0.0000000e+00
   2.8200000e+00   4.5277784e-01   0.0000000e+00
   2.8400000e+00   4.5224346e-01   0.0000000e+00
   2.8600000e+00   4.5170908e-01   0.0000000e+00
   2.8800000e+00   4.5117471e-01   0.0000000e+00
   2.9000000e+00   4.5064033e-01   0.0000000e+00
   2.9200000e+00   4.5010595e-01   0.0000000e+00
   2.9400000e+00   4.4957158e-01   0.0000000e+00
   2.9600000e+00   4.4903720e-01   0.0000000e+00
   2.9800000e+00   4.4850282e-01   0.0000000e+00
   3.0000000e+00   4.4796844e-01   0.0000000e+00
   3.0200000e+00   4.4743407e-01   0.0000000e+00
   3.0400000e+00   4.4689969e-01   0.0000000e+00
   3.0600000e+00   4.4636531e-01   0.0000000e+00
   3.0800000e+00   4.4618427e-01   0.0000000e+00
   3.1000000e+00   4.4609375e-01   0.0000000e+00
   3.1200000e+00   4.4609375e-01   0.0000000e+00
   3.1400000e+00   4.4609375e-01   0.0000000e+00
   3.1600000e+00   4.4609208e-01   0.0000000e+00
   3.1800000e+00   4.4608874e-01   0.0000000e+00
   3.2000000e+00   4.4555436e-01   0.0000000e+00
   3.2200000e+00   4.4480946e-01   0.0000000e+00
   3.2400000e+00   4.4385403e-01   0.0000000e+00
   3.2600000e+00   4.4308966e-01   0.0000000e+00
   3.2800000e+00   4.4244029e-01   0.0000000e+00
   3.3000000e+00   4.4190591e-01   0.0000000e+00
   3.3200000e+00   4.4137154e-01   0.0000000e+00
   3.3400000e+00   4.4083716e-01   0.0000000e+00
   3.3600000e+00   4.4030278e-01   0.0000000e+00
   3.3800000e+00   4.3927963e-01   0.0000000e+00
   3.4000000e+00   4.3823368e-01   0.0000000e+00
   3.4200000e+00   4.3716493e-01   0.0000000e+00
   3.4400000e+00   4.3609617e-01   0.0000000e+00
   3.4600000e+00   4.3509681e-01   0.0000000e+00
   3.4800000e+00   4.3416683e-01   0.0000000e+00
   3.5000000e+00   4.3363246e-01   0.0000000e+00
   3.5200000e+00   4.3309808e-01   0.0000000e+00
   3.5400000e+00   4.3256370e-01   0.0000000e+00
   3.5600000e+00   4.3158950e-01   0.0000000e+00
   3.5800000e+00   4.3056802e-01   0.0000000e+00
   3.6000000e+00   4.2949927e-01   0.0000000e+00
   3.6200000e+00   4.2863701e-01   0.0000000e+00
   3.6400000e+00   4.2789378e-01   0.0000000e+00
   3.6600000e+00   4.2726957e-01   0.0000000e+00
   3.6800000e+00   4.2620081e-01   0.0000000e+00
   3.7000000e+00   4.2513206e-01   0.0000000e+00
   3.7200000e+00   4.2406330e-01   0.0000000e+00
   3.7400000e+00   4.2377631e-01   0.0000000e+00
   3.7600000e+00   4.2335860e-01   0.0000000e+00
   3.7800000e+00   4.2281017e-01   0.0000000e+00
   3.8000000e+00   4.2189896e-01   0.0000000e+00
   2.1300000e+00   7.4807595e-01   1.0000000e+00
   2.1500000e+00   7.4311431e-01   1.0000000e+00
   2.1700000e+00   7.3956474e-01   1.0000000e+00
   2.1900000e+00   7.3742723e-01   1.0000000e+00
   2.2100000e+00   7.3432692e-01   1.0000000e+00
   2.2300000e+00   7.3117364e-01   1.0000000e+00
   2.2500000e+00   7.2796737e-01   1.0000000e+00
   2.2700000e+00   7.2476111e-01   1.0000000e+00
   2.2900000e+00   7.2155485e-01   1.0000000e+00
   2.3100000e+00   7.1834859e-01   1.0000000e+00
   2.3300000e+00   7.1514232e-01   1.0000000e+00
   2.3500000e+00   7.1193606e-01   1.0000000e+00
   2.3700000e+00   7.0872980e-01   1.0000000e+00
   2.3900000e+00   7.0552354e-01   1.0000000e+00
   2.4100000e+00   7.0279096e-01   1.0000000e+00
   2.4300000e+00   7.0053207e-01   1.0000000e+00
   2.4500000e+00   6.9892894e-01   1.0000000e+00
   2.4700000e+00   6.9728458e-01   1.0000000e+00
   2.4900000e+00   6.9559898e-01   1.0000000e+00
   2.5100000e+00   6.9346148e-01   1.0000000e+00
   2.5300000e+00   6.9107388e-01   1.0000000e+00
   2.5500000e+00   6.8843620e-01   1.0000000e+00
   2.5700000e+00   6.8653133e-01   1.0000000e+00
   2.5900000e+00   6.8451049e-01   1.0000000e+00
   2.6100000e+00   6.8237367e-01   1.0000000e+00
   2.6300000e+00   6.7985196e-01   1.0000000e+00
   2.6500000e+00   6.7755587e-01   1.0000000e+00
   2.6700000e+00   6.7548539e-01   1.0000000e+00
   2.6900000e+00   6.7441664e-01   1.0000000e+00
   2.7100000e+00   6.7357350e-01   1.0000000e+00
   2.7300000e+00   6.7295597e-01   1.0000000e+00
   2.7500000e+00   6.7175247e-01   1.0000000e+00
