   6.0000000e-01   9.9582709e-01   0.0000000e+00
   6.2000000e-01   9.8597163e-01   0.0000000e+00
   6.4000000e-01   9.7486539e-01   0.0000000e+00
   6.6000000e-01   9.6250838e-01   0.0000000e+00
   6.8000000e-01   9.4220205e-01   0.0000000e+00
   7.0000000e-01   9.2189573e-01   0.0000000e+00
   7.2000000e-01   9.0158940e-01   0.0000000e+00
   7.4000000e-01   8.8365322e-01   0.0000000e+00
   7.6000000e-01   8.6706807e-01   0.0000000e+00
   7.8000000e-01   8.5183395e-01   0.0000000e+00
   8.0000000e-01   8.3836926e-01   0.0000000e+00
   8.2000000e-01   8.2469001e-01   0.0000000e+00
   8.4000000e-01   8.1079621e-01   0.0000000e+00
   8.6000000e-01   7.9690241e-01   0.0000000e+00
   8.8000000e-01   7.8382123e-01   0.0000000e+00
   9.0000000e-01   7.7155267e-01   0.0000000e+00
   9.2000000e-01   7.6153425e-01   0.0000000e+00
   9.4000000e-01   7.5242301e-01   0.0000000e+00
   9.6000000e-01   7.4421894e-01   0.0000000e+00
   9.8000000e-01   7.3673766e-01   0.0000000e+00
   1.0000000e+00   7.2925639e-01   0.0000000e+00
   1.0200000e+00   7.2177511e-01   0.0000000e+00
   1.0400000e+00   7.1429383e-01   0.0000000e+00
   1.0600000e+00   7.0699123e-01   0.0000000e+00
   1.0800000e+00   6.9986732e-01   0.0000000e+00
   1.1000000e+00   6.9364252e-01   0.0000000e+00
   1.1200000e+00   6.8792025e-01   0.0000000e+00
   1.1400000e+00   6.8270052e-01   0.0000000e+00
   1.1600000e+00   6.7786901e-01   0.0000000e+00
   1.1800000e+00   6.7224699e-01   0.0000000e+00
   1.2000000e+00   6.6583447e-01   0.0000000e+00
   1.2200000e+00   6.6069720e-01   0.0000000e+00
   1.2400000e+00   6.5526123e-01   0.0000000e+00
   1.2600000e+00   6.4952658e-01   0.0000000e+00
   1.2800000e+00   6.4330581e-01   0.0000000e+00
   1.3000000e+00   6.3729390e-01   0.0000000e+00
   1.3200000e+00   6.3149084e-01   0.0000000e+00
   1.3400000e+00   6.2614707e-01   0.0000000e+00
   1.3600000e+00   6.2104970e-01   0.0000000e+00
   1.3800000e+00   6.1619873e-01   0.0000000e+00
   1.4000000e+00   6.1026093e-01   0.0000000e+00
   1.4200000e+00   6.0408576e-01   0.0000000e+00
   1.4400000e+00   5.9767324e-01   0.0000000e+00
   1.4600000e+00   5.9154633e-01   0.0000000e+00
   1.4800000e+00   5.8582406e-01   0.0000000e+00
   1.5000000e+00   5.8050644e-01   0.0000000e+00
   1.5200000e+00   5.7569704e-01   0.0000000e+00
   1.5400000e+00   5.7088765e-01   0.0000000e+00
   1.5600000e+00   5.6607826e-01   0.0000000e+00
   1.5800000e+00   5.6225044e-01   0.0000000e+00
   1.6000000e+00   5.5883866e-01   0.0000000e+00
   1.6200000e+00   5.5584292e-01   0.0000000e+00
   1.6400000e+00   5.5317104e-01   0.0000000e+00
   1.6600000e+00   5.5049915e-01   0.0000000e+00
   1.6800000e+00   5.4782727e-01   0.0000000e+00
   1.7000000e+00   5.4515538e-01   0.0000000e+00
   1.7200000e+00   5.4268095e-01   0.0000000e+00
   1.7400000e+00   5.4040398e-01   0.0000000e+00
   1.7600000e+00   5.3826647e-01   0.0000000e+00
   1.7800000e+00   5.3612896e-01   0.0000000e+00
   1.8000000e+00   5.3399145e-01   0.0000000e+00
   1.8200000e+00   5.3194378e-01   0.0000000e+00
   1.8400000e+00   5.3038556e-01   0.0000000e+00
   1.8600000e+00   5.2931681e-01   0.0000000e+00
   1.8800000e+00   5.2732280e-01   0.0000000e+00
   1.9000000e+00   5.2543002e-01   0.0000000e+00
   1.9200000e+00   5.2363847e-01   0.0000000e+00
   1.9400000e+00   5.2180604e-01   0.0000000e+00
   1.9600000e+00   5.1987739e-01   0.0000000e+00
   1.9800000e+00   5.1785252e-01   0.0000000e+00
   2.0000000e+00   5.1624939e-01   0.0000000e+00
   2.0200000e+00   5.1464626e-01   0.0000000e+00
   2.0400000e+00   5.1304313e-01   0.0000000e+00
   2.0600000e+00   5.1144000e-01   0.0000000e+00
   2.0800000e+00   5.0998537e-01   0.0000000e+00
   2.1000000e+00   5.0867926e-01   0.0000000e+00
   2.1200000e+00   5.0779086e-01   0.0000000e+00
   2.1400000e+00   5.0711131e-01   0.0000000e+00
   2.1600000e+00   5.0664062e-01   0.0000000e+00
   2.1800000e+00   5.0664062e-01   0.0000000e+00
   2.2000000e+00   5.0664062e-01   0.0000000e+00
   2.2200000e+00   5.0664062e-01   0.0000000e+00
   2.2400000e+00   5.0664062e-01   0.0000000e+00
   2.2600000e+00   5.0664062e-01   0.0000000e+00
   2.2800000e+00   5.0664062e-01   0.0000000e+00
   2.3000000e+00   5.0664062e-01   0.0000000e+00
   2.3200000e+00   5.0664062e-01   0.0000000e+00
   2.3400000e+00   5.0664062e-01   0.0000000e+00
   2.3600000e+00   5.0664062e-01   0.0000000e+00
   2.3800000e+00   5.0664062e-01   0.0000000e+00
   2.4000000e+00   5.0664062e-01   0.0000000e+00
   2.4200000e+00   5.0600904e-01   0.0000000e+00
   2.4400000e+00   5.0515888e-01   0.0000000e+00
   2.4600000e+00   5.0409012e-01   0.0000000e+00
   2.4800000e+00   5.0285645e-01   0.0000000e+00
   2.5000000e+00   5.0117086e-01   0.0000000e+00
   2.5200000e+00   4.9903335e-01   0.0000000e+00
   2.5400000e+00   4.9789619e-01   0.0000000e+00
   2.5600000e+00   4.9679323e-01   0.0000000e+00
   2.5800000e+00   4.9572447e-01   0.0000000e+00
   2.6000000e+00   4.9412203e-01   0.0000000e+00
   2.6200000e+00   4.9240224e-01   0.0000000e+00
   2.6400000e+00   4.9056509e-01   0.0000000e+00
   2.6600000e+00   4.8949633e-01   0.0000000e+00
   2.6800000e+00   4.8842758e-01   0.0000000e+00
   2.7000000e+00   4.8735883e-01   0.0000000e+00
   2.7200000e+00   4.8538762e-01   0.0000000e+00
   2.7400000e+00   4.8383510e-01   0.0000000e+00
   2.7600000e+00   4.8270128e-01   0.0000000e+00
   2.7800000e+00   4.8173111e-01   0.0000000e+00
   2.8000000e+00   4.8054569e-01   0.0000000e+00
   2.8200000e+00   4.7914503e-01   0.0000000e+00
   2.8400000e+00   4.7861065e-01   0.0000000e+00
   2.8600000e+00   4.7781680e-01   0.0000000e+00
   2.8800000e+00   4.7676348e-01   0.0000000e+00
   2.9000000e+00   4.7569472e-01   0.0000000e+00
   2.9200000e+00   4.7462597e-01   0.0000000e+00
   2.9400000e+00   4.7355721e-01   0.0000000e+00
   2.9600000e+00   4.7265741e-01   0.0000000e+00
   2.9800000e+00   4.7191418e-01   0.0000000e+00
   3.0000000e+00   4.7132751e-01   0.0000000e+00
   3.0200000e+00   4.7025876e-01   0.0000000e+00
   3.0400000e+00   4.6919000e-01   0.0000000e+00
   3.0600000e+00   4.6812125e-01   0.0000000e+00
   3.0800000e+00   4.6705250e-01   0.0000000e+00
   3.1000000e+00   4.6586541e-01   0.0000000e+00
   3.1200000e+00   4.6455998e-01   0.0000000e+00
   3.1400000e+00   4.6295685e-01   0.0000000e+00
   3.1600000e+00   4.6135539e-01   0.0000000e+00
   3.1800000e+00   4.5975560e-01   0.0000000e+00
   3.2000000e+00   4.5868685e-01   0.0000000e+00
   3.2200000e+00   4.5867073e-01   0.0000000e+00
   3.2400000e+00   4.5970724e-01   0.0000000e+00
   2.1600000e+00   8.5636677e-01   1.0000000e+00
   2.1800000e+00   8.5155738e-01   1.0000000e+00
   2.2000000e+00   8.4771078e-01   1.0000000e+00
   2.2200000e+00   8.4482699e-01   1.0000000e+00
   2.2400000e+00   8.4106090e-01   1.0000000e+00
   2.2600000e+00   8.3741245e-01   1.0000000e+00
   2.2800000e+00   8.3388165e-01   1.0000000e+00
   2.3000000e+00   8.3120977e-01   1.0000000e+00
   2.3200000e+00   8.2854525e-01   1.0000000e+00
   2.3400000e+00   8.2588811e-01   1.0000000e+00
   2.3600000e+00   8.2375060e-01   1.0000000e+00
   2.3800000e+00   8.2204555e-01   1.0000000e+00
   2.4000000e+00   8.2077295e-01   1.0000000e+00
   2.4200000e+00   8.1970419e-01   1.0000000e+00
   2.4400000e+00   8.1853588e-01   1.0000000e+00
   2.4600000e+00   8.1726800e-01   1.0000000e+00
   2.4800000e+00   8.1574733e-01   1.0000000e+00
   2.5000000e+00   8.1445261e-01   1.0000000e+00
   2.5200000e+00   8.1338386e-01   1.0000000e+00
   2.5400000e+00   8.1181493e-01   1.0000000e+00
   2.5600000e+00   8.0984540e-01   1.0000000e+00
   2.5800000e+00   8.0747525e-01   1.0000000e+00
   2.6000000e+00   8.0453652e-01   1.0000000e+00
   2.6200000e+00   8.0161420e-01   1.0000000e+00
   2.6400000e+00   7.9870830e-01   1.0000000e+00
   2.6600000e+00   7.9657079e-01   1.0000000e+00
   2.6800000e+00   7.9443328e-01   1.0000000e+00
   2.7000000e+00   7.9229577e-01   1.0000000e+00
   2.7200000e+00   7.9060949e-01   1.0000000e+00
   2.7400000e+00   7.8896479e-01   1.0000000e+00
   2.7600000e+00   7.8736166e-01   1.0000000e+00
   2.7800000e+00   7.8554063e-01   1.0000000e+00
   2.8000000e+00   7.8366259e-01   1.0000000e+00
   2.8200000e+00   7.8172755e-01   1.0000000e+00
   2.8400000e+00   7.8065880e-01   1.0000000e+00
