   6.0000000e-01   9.9078033e-01   0.0000000e+00
   6.2000000e-01   9.8137679e-01   0.0000000e+00
   6.4000000e-01   9.6999968e-01   0.0000000e+00
   6.6000000e-01   9.5664901e-01   0.0000000e+00
   6.8000000e-01   9.3634268e-01   0.0000000e+00
   7.0000000e-01   9.1717449e-01   0.0000000e+00
   7.2000000e-01   8.9914445e-01   0.0000000e+00
   7.4000000e-01   8.8252579e-01   0.0000000e+00
   7.6000000e-01   8.6708851e-01   0.0000000e+00
   7.8000000e-01   8.5283263e-01   0.0000000e+00
   8.0000000e-01   8.4097107e-01   0.0000000e+00
   8.2000000e-01   8.2889495e-01   0.0000000e+00
   8.4000000e-01   8.1660428e-01   0.0000000e+00
   8.6000000e-01   8.0535956e-01   0.0000000e+00
   8.8000000e-01   7.9453255e-01   0.0000000e+00
   9.0000000e-01   7.8412326e-01   0.0000000e+00
   9.2000000e-01   7.7512868e-01   0.0000000e+00
   9.4000000e-01   7.6671005e-01   0.0000000e+00
   9.6000000e-01   7.5886738e-01   0.0000000e+00
   9.8000000e-01   7.5138610e-01   0.0000000e+00
   1.0000000e+00   7.4390482e-01   0.0000000e+00
   1.0200000e+00   7.3642354e-01   0.0000000e+00
   1.0400000e+00   7.2894227e-01   0.0000000e+00
   1.0600000e+00   7.2181835e-01   0.0000000e+00
   1.0800000e+00   7.1505180e-01   0.0000000e+00
   1.1000000e+00   7.0912068e-01   0.0000000e+00
   1.1200000e+00   7.0354525e-01   0.0000000e+00
   1.1400000e+00   6.9832552e-01   0.0000000e+00
   1.1600000e+00   6.9350138e-01   0.0000000e+00
   1.1800000e+00   6.8815024e-01   0.0000000e+00
   1.2000000e+00   6.8227209e-01   0.0000000e+00
   1.2200000e+00   6.7639394e-01   0.0000000e+00
   1.2400000e+00   6.7036159e-01   0.0000000e+00
   1.2600000e+00   6.6417502e-01   0.0000000e+00
   1.2800000e+00   6.5795425e-01   0.0000000e+00
   1.3000000e+00   6.5194234e-01   0.0000000e+00
   1.3200000e+00   6.4613928e-01   0.0000000e+00
   1.3400000e+00   6.4079551e-01   0.0000000e+00
   1.3600000e+00   6.3545174e-01   0.0000000e+00
   1.3800000e+00   6.3010797e-01   0.0000000e+00
   1.4000000e+00   6.2438806e-01   0.0000000e+00
   1.4200000e+00   6.1871877e-01   0.0000000e+00
   1.4400000e+00   6.1310009e-01   0.0000000e+00
   1.4600000e+00   6.0775632e-01   0.0000000e+00
   1.4800000e+00   6.0243870e-01   0.0000000e+00
   1.5000000e+00   5.9714721e-01   0.0000000e+00
   1.5200000e+00   5.9287220e-01   0.0000000e+00
   1.5400000e+00   5.8815333e-01   0.0000000e+00
   1.5600000e+00   5.8299060e-01   0.0000000e+00
   1.5800000e+00   5.7862840e-01   0.0000000e+00
   1.6000000e+00   5.7478751e-01   0.0000000e+00
   1.6200000e+00   5.7146792e-01   0.0000000e+00
   1.6400000e+00   5.6870218e-01   0.0000000e+00
   1.6600000e+00   5.6571617e-01   0.0000000e+00
   1.6800000e+00   5.6250991e-01   0.0000000e+00
   1.7000000e+00   5.6032680e-01   0.0000000e+00
   1.7200000e+00   5.5816649e-01   0.0000000e+00
   1.7400000e+00   5.5602898e-01   0.0000000e+00
   1.7600000e+00   5.5389147e-01   0.0000000e+00
   1.7800000e+00   5.5167317e-01   0.0000000e+00
   1.8000000e+00   5.4937408e-01   0.0000000e+00
   1.8200000e+00   5.4674711e-01   0.0000000e+00
   1.8400000e+00   5.4436488e-01   0.0000000e+00
   1.8600000e+00   5.4222737e-01   0.0000000e+00
   1.8800000e+00   5.4055249e-01   0.0000000e+00
   1.9000000e+00   5.3874050e-01   0.0000000e+00
   1.9200000e+00   5.3679140e-01   0.0000000e+00
   1.9400000e+00   5.3465390e-01   0.0000000e+00
   1.9600000e+00   5.3257271e-01   0.0000000e+00
   1.9800000e+00   5.3054783e-01   0.0000000e+00
   2.0000000e+00   5.2894470e-01   0.0000000e+00
   2.0200000e+00   5.2734157e-01   0.0000000e+00
   2.0400000e+00   5.2573844e-01   0.0000000e+00
   2.0600000e+00   5.2413531e-01   0.0000000e+00
   2.0800000e+00   5.2253218e-01   0.0000000e+00
   2.1000000e+00   5.2092904e-01   0.0000000e+00
   2.1200000e+00   5.1968662e-01   0.0000000e+00
   2.1400000e+00   5.1876638e-01   0.0000000e+00
   2.1600000e+00   5.1816831e-01   0.0000000e+00
   2.1800000e+00   5.1709956e-01   0.0000000e+00
   2.2000000e+00   5.1603080e-01   0.0000000e+00
   2.2200000e+00   5.1496205e-01   0.0000000e+00
   2.2400000e+00   5.1389329e-01   0.0000000e+00
   2.2600000e+00   5.1282454e-01   0.0000000e+00
   2.2800000e+00   5.1175578e-01   0.0000000e+00
   2.3000000e+00   5.1094984e-01   0.0000000e+00
   2.3200000e+00   5.1053213e-01   0.0000000e+00
   2.3400000e+00   5.1050265e-01   0.0000000e+00
   2.3600000e+00   5.0943389e-01   0.0000000e+00
   2.3800000e+00   5.0836514e-01   0.0000000e+00
   2.4000000e+00   5.0729639e-01   0.0000000e+00
   2.4200000e+00   5.0654342e-01   0.0000000e+00
   2.4400000e+00   5.0570063e-01   0.0000000e+00
   2.4600000e+00   5.0476800e-01   0.0000000e+00
   2.4800000e+00   5.0332979e-01   0.0000000e+00
   2.5000000e+00   5.0234350e-01   0.0000000e+00
   2.5200000e+00   5.0180912e-01   0.0000000e+00
   2.5400000e+00   5.0027439e-01   0.0000000e+00
   2.5600000e+00   4.9889722e-01   0.0000000e+00
   2.5800000e+00   4.9767760e-01   0.0000000e+00
   2.6000000e+00   4.9660885e-01   0.0000000e+00
   2.6200000e+00   4.9561518e-01   0.0000000e+00
   2.6400000e+00   4.9469661e-01   0.0000000e+00
   2.6600000e+00   4.9409520e-01   0.0000000e+00
   2.6800000e+00   4.9299293e-01   0.0000000e+00
   2.7000000e+00   4.9138980e-01   0.0000000e+00
   2.7200000e+00   4.9068912e-01   0.0000000e+00
   2.7400000e+00   4.8990431e-01   0.0000000e+00
   2.7600000e+00   4.8903537e-01   0.0000000e+00
   2.7800000e+00   4.8796662e-01   0.0000000e+00
   2.8000000e+00   4.8699910e-01   0.0000000e+00
   2.8200000e+00   4.8613281e-01   0.0000000e+00
   2.8400000e+00   4.8613281e-01   0.0000000e+00
   2.8600000e+00   4.8587334e-01   0.0000000e+00
   2.8800000e+00   4.8535439e-01   0.0000000e+00
   2.9000000e+00   4.8482002e-01   0.0000000e+00
   2.9200000e+00   4.8457126e-01   0.0000000e+00
   2.9400000e+00   4.8460811e-01   0.0000000e+00
   2.9600000e+00   4.8497354e-01   0.0000000e+00
   2.9800000e+00   4.8515625e-01   0.0000000e+00
   3.0000000e+00   4.8515625e-01   0.0000000e+00
   3.0200000e+00   4.8515625e-01   0.0000000e+00
   3.0400000e+00   4.8515625e-01   0.0000000e+00
   3.0600000e+00   4.8515625e-01   0.0000000e+00
   3.0800000e+00   4.8515625e-01   0.0000000e+00
   3.1000000e+00   4.8515625e-01   0.0000000e+00
   3.1200000e+00   4.8515625e-01   0.0000000e+00
   3.1400000e+00   4.8515625e-01   0.0000000e+00
   3.1600000e+00   4.8515625e-01   0.0000000e+00
   3.1800000e+00   4.8515625e-01   0.0000000e+00
   3.2000000e+00   4.8515625e-01   0.0000000e+00
   3.2200000e+00   4.8473520e-01   0.0000000e+00
   3.2400000e+00   4.8389309e-01   0.0000000e+00
   3.2600000e+00   4.8312872e-01   0.0000000e+00
   3.2800000e+00   4.8238549e-01   0.0000000e+00
   3.3000000e+00   4.8166339e-01   0.0000000e+00
   3.3200000e+00   4.8059464e-01   0.0000000e+00
   3.3400000e+00   4.7952588e-01   0.0000000e+00
   3.3600000e+00   4.7845713e-01   0.0000000e+00
   3.3800000e+00   4.7787715e-01   0.0000000e+00
   3.4000000e+00   4.7713391e-01   0.0000000e+00
   3.4200000e+00   4.7622743e-01   0.0000000e+00
   3.4400000e+00   4.7515867e-01   0.0000000e+00
   3.4600000e+00   4.7408992e-01   0.0000000e+00
   3.4800000e+00   4.7302117e-01   0.0000000e+00
   3.5000000e+00   4.7193030e-01   0.0000000e+00
   3.5200000e+00   4.7058330e-01   0.0000000e+00
   3.5400000e+00   4.6898017e-01   0.0000000e+00
   3.5600000e+00   4.6737704e-01   0.0000000e+00
   3.5800000e+00   4.6577391e-01   0.0000000e+00
   3.6000000e+00   4.6417077e-01   0.0000000e+00
   3.6200000e+00   4.6277414e-01   0.0000000e+00
   3.6400000e+00   4.6154145e-01   0.0000000e+00
   3.6600000e+00   4.6047269e-01   0.0000000e+00
   3.6800000e+00   4.5940394e-01   0.0000000e+00
   3.7000000e+00   4.5833518e-01   0.0000000e+00
   3.7200000e+00   4.5726643e-01   0.0000000e+00
   3.7400000e+00   4.5619767e-01   0.0000000e+00
   3.7600000e+00   4.5540314e-01   0.0000000e+00
   3.7800000e+00   4.5488281e-01   0.0000000e+00
   3.8000000e+00   4.5456771e-01   0.0000000e+00
   2.1600000e+00   8.6260827e-01   1.0000000e+00
   2.1800000e+00   8.5993639e-01   1.0000000e+00
   2.2000000e+00   8.5726450e-01   1.0000000e+00
   2.2200000e+00   8.5459262e-01   1.0000000e+00
   2.2400000e+00   8.5155600e-01   1.0000000e+00
   2.2600000e+00   8.4855859e-01   1.0000000e+00
   2.2800000e+00   8.4560040e-01   1.0000000e+00
   2.3000000e+00   8.4279711e-01   1.0000000e+00
   2.3200000e+00   8.3981444e-01   1.0000000e+00
   2.3400000e+00   8.3665241e-01   1.0000000e+00
   2.3600000e+00   8.3504928e-01   1.0000000e+00
   2.3800000e+00   8.3344615e-01   1.0000000e+00
   2.4000000e+00   8.3184302e-01   1.0000000e+00
   2.4200000e+00   8.3055568e-01   1.0000000e+00
   2.4400000e+00   8.2937763e-01   1.0000000e+00
   2.4600000e+00   8.2830887e-01   1.0000000e+00
   2.4800000e+00   8.2715766e-01   1.0000000e+00
   2.5000000e+00   8.2578049e-01   1.0000000e+00
   2.5200000e+00   8.2417735e-01   1.0000000e+00
   2.5400000e+00   8.2207405e-01   1.0000000e+00
   2.5600000e+00   8.1995364e-01   1.0000000e+00
   2.5800000e+00   8.1781614e-01   1.0000000e+00
   2.6000000e+00   8.1541178e-01   1.0000000e+00
   2.6200000e+00   8.1294875e-01   1.0000000e+00
   2.6400000e+00   8.1042705e-01   1.0000000e+00
   2.6600000e+00   8.0825603e-01   1.0000000e+00
   2.6800000e+00   8.0583457e-01   1.0000000e+00
   2.7000000e+00   8.0316269e-01   1.0000000e+00
   2.7200000e+00   8.0139326e-01   1.0000000e+00
   2.7400000e+00   7.9987426e-01   1.0000000e+00
   2.7600000e+00   7.9860569e-01   1.0000000e+00
   2.7800000e+00   7.9731903e-01   1.0000000e+00
   2.8000000e+00   7.9587414e-01   1.0000000e+00
   2.8200000e+00   7.9427101e-01   1.0000000e+00
   2.8400000e+00   7.9266788e-01   1.0000000e+00
   2.8600000e+00   7.9080528e-01   1.0000000e+00
   2.8800000e+00   7.8868320e-01   1.0000000e+00
   2.9000000e+00   7.8574113e-01   1.0000000e+00
   2.9200000e+00   7.8238135e-01   1.0000000e+00
   2.9400000e+00   7.7860385e-01   1.0000000e+00
   2.9600000e+00   7.7432884e-01   1.0000000e+00
   2.9800000e+00   7.7015839e-01   1.0000000e+00
   3.0000000e+00   7.6609253e-01   1.0000000e+00
   3.0200000e+00   7.6395502e-01   1.0000000e+00
   3.0400000e+00   7.6181751e-01   1.0000000e+00
   3.0600000e+00   7.5968000e-01   1.0000000e+00
   3.0800000e+00   7.5754249e-01   1.0000000e+00
   3.1000000e+00   7.5540499e-01   1.0000000e+00
   3.1200000e+00   7.5326748e-01   1.0000000e+00
