   6.1000000e-01   9.8465446e-01   0.0000000e+00
   6.3000000e-01   9.7402795e-01   0.0000000e+00
   6.5000000e-01   9.5929942e-01   0.0000000e+00
   6.7000000e-01   9.4258355e-01   0.0000000e+00
   6.9000000e-01   9.2388035e-01   0.0000000e+00
   7.1000000e-01   9.0654293e-01   0.0000000e+00
   7.3000000e-01   8.8932418e-01   0.0000000e+00
   7.5000000e-01   8.7222412e-01   0.0000000e+00
   7.7000000e-01   8.5756526e-01   0.0000000e+00
   7.9000000e-01   8.4446698e-01   0.0000000e+00
   8.1000000e-01   8.3292927e-01   0.0000000e+00
   8.3000000e-01   8.2010422e-01   0.0000000e+00
   8.5000000e-01   8.0806363e-01   0.0000000e+00
   8.7000000e-01   7.9680751e-01   0.0000000e+00
   8.9000000e-01   7.8639822e-01   0.0000000e+00
   9.1000000e-01   7.7669628e-01   0.0000000e+00
   9.3000000e-01   7.6770170e-01   0.0000000e+00
   9.5000000e-01   7.5985903e-01   0.0000000e+00
   9.7000000e-01   7.5219705e-01   0.0000000e+00
   9.9000000e-01   7.4471577e-01   0.0000000e+00
   1.0100000e+00   7.3723450e-01   0.0000000e+00
   1.0300000e+00   7.3022725e-01   0.0000000e+00
   1.0500000e+00   7.2369403e-01   0.0000000e+00
   1.0700000e+00   7.1763887e-01   0.0000000e+00
   1.0900000e+00   7.1191292e-01   0.0000000e+00
   1.1100000e+00   7.0651617e-01   0.0000000e+00
   1.1300000e+00   7.0145870e-01   0.0000000e+00
   1.1500000e+00   6.9599458e-01   0.0000000e+00
   1.1700000e+00   6.9012381e-01   0.0000000e+00
   1.1900000e+00   6.8478004e-01   0.0000000e+00
   1.2100000e+00   6.7943627e-01   0.0000000e+00
   1.2300000e+00   6.7409250e-01   0.0000000e+00
   1.2500000e+00   6.6813189e-01   0.0000000e+00
   1.2700000e+00   6.6232883e-01   0.0000000e+00
   1.2900000e+00   6.5668332e-01   0.0000000e+00
   1.3100000e+00   6.5218304e-01   0.0000000e+00
   1.3300000e+00   6.4699382e-01   0.0000000e+00
   1.3500000e+00   6.4111567e-01   0.0000000e+00
   1.3700000e+00   6.3425192e-01   0.0000000e+00
   1.3900000e+00   6.2753466e-01   0.0000000e+00
   1.4100000e+00   6.2096390e-01   0.0000000e+00
   1.4300000e+00   6.1403243e-01   0.0000000e+00
   1.4500000e+00   6.0704027e-01   0.0000000e+00
   1.4700000e+00   5.9998741e-01   0.0000000e+00
   1.4900000e+00   5.9421384e-01   0.0000000e+00
   1.5100000e+00   5.8945674e-01   0.0000000e+00
   1.5300000e+00   5.8571610e-01   0.0000000e+00
   1.5500000e+00   5.8064389e-01   0.0000000e+00
   1.5700000e+00   5.7609028e-01   0.0000000e+00
   1.5900000e+00   5.7205528e-01   0.0000000e+00
   1.6100000e+00   5.6927007e-01   0.0000000e+00
   1.6300000e+00   5.6671485e-01   0.0000000e+00
   1.6500000e+00   5.6438962e-01   0.0000000e+00
   1.6700000e+00   5.6118335e-01   0.0000000e+00
   1.6900000e+00   5.5874445e-01   0.0000000e+00
   1.7100000e+00   5.5707292e-01   0.0000000e+00
   1.7300000e+00   5.5467996e-01   0.0000000e+00
   1.7500000e+00   5.5228667e-01   0.0000000e+00
   1.7700000e+00   5.4989303e-01   0.0000000e+00
   1.7900000e+00   5.4791710e-01   0.0000000e+00
   1.8100000e+00   5.4612757e-01   0.0000000e+00
   1.8300000e+00   5.4452444e-01   0.0000000e+00
   1.8500000e+00   5.4292131e-01   0.0000000e+00
   1.8700000e+00   5.4131818e-01   0.0000000e+00
   1.8900000e+00   5.3971505e-01   0.0000000e+00
   1.9100000e+00   5.3880384e-01   0.0000000e+00
   1.9300000e+00   5.3796640e-01   0.0000000e+00
   1.9500000e+00   5.3720273e-01   0.0000000e+00
   1.9700000e+00   5.3613397e-01   0.0000000e+00
   1.9900000e+00   5.3506522e-01   0.0000000e+00
   2.0100000e+00   5.3399646e-01   0.0000000e+00
   2.0300000e+00   5.3398840e-01   0.0000000e+00
   2.0500000e+00   5.3357069e-01   0.0000000e+00
   2.0700000e+00   5.3274333e-01   0.0000000e+00
   2.0900000e+00   5.3197159e-01   0.0000000e+00
   2.1100000e+00   5.3131853e-01   0.0000000e+00
   2.1300000e+00   5.3078416e-01   0.0000000e+00
   2.1500000e+00   5.3024978e-01   0.0000000e+00
   2.1700000e+00   5.2971540e-01   0.0000000e+00
   2.1900000e+00   5.2918103e-01   0.0000000e+00
   2.2100000e+00   5.2768385e-01   0.0000000e+00
   2.2300000e+00   5.2613369e-01   0.0000000e+00
   2.2500000e+00   5.2453056e-01   0.0000000e+00
   2.2700000e+00   5.2317550e-01   0.0000000e+00
   2.2900000e+00   5.2189789e-01   0.0000000e+00
   2.3100000e+00   5.2069773e-01   0.0000000e+00
   2.3300000e+00   5.1907986e-01   0.0000000e+00
   2.3500000e+00   5.1720217e-01   0.0000000e+00
   2.3700000e+00   5.1506466e-01   0.0000000e+00
   2.3900000e+00   5.1379206e-01   0.0000000e+00
   2.4100000e+00   5.1262138e-01   0.0000000e+00
   2.4300000e+00   5.1155263e-01   0.0000000e+00
   2.4500000e+00   5.1008562e-01   0.0000000e+00
   2.4700000e+00   5.0836583e-01   0.0000000e+00
   2.4900000e+00   5.0639324e-01   0.0000000e+00
   2.5100000e+00   5.0532449e-01   0.0000000e+00
   2.5300000e+00   5.0425573e-01   0.0000000e+00
   2.5500000e+00   5.0318698e-01   0.0000000e+00
   2.5700000e+00   5.0173472e-01   0.0000000e+00
   2.5900000e+00   5.0020702e-01   0.0000000e+00
   2.6100000e+00   4.9860389e-01   0.0000000e+00
   2.6300000e+00   4.9715094e-01   0.0000000e+00
   2.6500000e+00   4.9589009e-01   0.0000000e+00
   2.6700000e+00   4.9482133e-01   0.0000000e+00
   2.6900000e+00   4.9375258e-01   0.0000000e+00
   2.7100000e+00   4.9268382e-01   0.0000000e+00
   2.7300000e+00   4.9161507e-01   0.0000000e+00
   2.7500000e+00   4.9054631e-01   0.0000000e+00
   2.7700000e+00   4.8947756e-01   0.0000000e+00
   2.7900000e+00   4.8840881e-01   0.0000000e+00
   2.8100000e+00   4.8744129e-01   0.0000000e+00
   2.8300000e+00   4.8669034e-01   0.0000000e+00
   2.8500000e+00   4.8615596e-01   0.0000000e+00
   2.8700000e+00   4.8510264e-01   0.0000000e+00
   2.8900000e+00   4.8404160e-01   0.0000000e+00
   2.9100000e+00   4.8297284e-01   0.0000000e+00
   2.9300000e+00   4.8247532e-01   0.0000000e+00
   2.9500000e+00   4.8205761e-01   0.0000000e+00
   2.9700000e+00   4.8171971e-01   0.0000000e+00
   2.9900000e+00   4.8065095e-01   0.0000000e+00
   3.0100000e+00   4.7958220e-01   0.0000000e+00
   3.0300000e+00   4.7851344e-01   0.0000000e+00
   3.0500000e+00   4.7838469e-01   0.0000000e+00
   3.0700000e+00   4.7832031e-01   0.0000000e+00
   3.0900000e+00   4.7832031e-01   0.0000000e+00
   3.1100000e+00   4.7808364e-01   0.0000000e+00
   3.1300000e+00   4.7775812e-01   0.0000000e+00
   3.1500000e+00   4.7734375e-01   0.0000000e+00
   3.1700000e+00   4.7734375e-01   0.0000000e+00
   3.1900000e+00   4.7734375e-01   0.0000000e+00
   3.2100000e+00   4.7734375e-01   0.0000000e+00
   3.2300000e+00   4.7734375e-01   0.0000000e+00
   3.2500000e+00   4.7719156e-01   0.0000000e+00
   3.2700000e+00   4.7688717e-01   0.0000000e+00
   3.2900000e+00   4.7654051e-01   0.0000000e+00
   3.3100000e+00   4.7636719e-01   0.0000000e+00
   3.3300000e+00   4.7636719e-01   0.0000000e+00
   3.3500000e+00   4.7636719e-01   0.0000000e+00
   3.3700000e+00   4.7636719e-01   0.0000000e+00
   3.3900000e+00   4.7636719e-01   0.0000000e+00
   3.4100000e+00   4.7562297e-01   0.0000000e+00
   3.4300000e+00   4.7484421e-01   0.0000000e+00
   3.4500000e+00   4.7403090e-01   0.0000000e+00
   3.4700000e+00   4.7335774e-01   0.0000000e+00
   3.4900000e+00   4.7248679e-01   0.0000000e+00
   3.5100000e+00   4.7141803e-01   0.0000000e+00
   3.5300000e+00   4.7034928e-01   0.0000000e+00
   3.5500000e+00   4.6884070e-01   0.0000000e+00
   3.5700000e+00   4.6689230e-01   0.0000000e+00
   3.5900000e+00   4.6540111e-01   0.0000000e+00
   3.6100000e+00   4.6401789e-01   0.0000000e+00
   3.6300000e+00   4.6274264e-01   0.0000000e+00
   3.6500000e+00   4.6113951e-01   0.0000000e+00
   3.6700000e+00   4.5953638e-01   0.0000000e+00
   3.6900000e+00   4.5793325e-01   0.0000000e+00
   3.7100000e+00   4.5633012e-01   0.0000000e+00
   3.7300000e+00   4.5492242e-01   0.0000000e+00
   3.7500000e+00   4.5371017e-01   0.0000000e+00
   3.7700000e+00   4.5264142e-01   0.0000000e+00
   3.7900000e+00   4.5149389e-01   0.0000000e+00
