   6.1000000e-01   9.8376911e-01   0.0000000e+00
   6.3000000e-01   9.6924775e-01   0.0000000e+00
   6.5000000e-01   9.5005647e-01   0.0000000e+00
   6.7000000e-01   9.2763579e-01   0.0000000e+00
   6.9000000e-01   9.0198569e-01   0.0000000e+00
   7.1000000e-01   8.8225393e-01   0.0000000e+00
   7.3000000e-01   8.6371364e-01   0.0000000e+00
   7.5000000e-01   8.4636482e-01   0.0000000e+00
   7.7000000e-01   8.3090877e-01   0.0000000e+00
   7.9000000e-01   8.1623384e-01   0.0000000e+00
   8.1000000e-01   8.0234004e-01   0.0000000e+00
   8.3000000e-01   7.8844624e-01   0.0000000e+00
   8.5000000e-01   7.7585987e-01   0.0000000e+00
   8.7000000e-01   7.6458095e-01   0.0000000e+00
   8.9000000e-01   7.5295272e-01   0.0000000e+00
   9.1000000e-01   7.4241905e-01   0.0000000e+00
   9.3000000e-01   7.3297992e-01   0.0000000e+00
   9.5000000e-01   7.2567163e-01   0.0000000e+00
   9.7000000e-01   7.1854403e-01   0.0000000e+00
   9.9000000e-01   7.1159713e-01   0.0000000e+00
   1.0100000e+00   7.0465022e-01   0.0000000e+00
   1.0300000e+00   6.9841437e-01   0.0000000e+00
   1.0500000e+00   6.9288956e-01   0.0000000e+00
   1.0700000e+00   6.8790315e-01   0.0000000e+00
   1.0900000e+00   6.8312560e-01   0.0000000e+00
   1.1100000e+00   6.7855691e-01   0.0000000e+00
   1.1300000e+00   6.7403382e-01   0.0000000e+00
   1.1500000e+00   6.6909671e-01   0.0000000e+00
   1.1700000e+00   6.6374556e-01   0.0000000e+00
   1.1900000e+00   6.5786742e-01   0.0000000e+00
   1.2100000e+00   6.5283944e-01   0.0000000e+00
   1.2300000e+00   6.4866162e-01   0.0000000e+00
   1.2500000e+00   6.4368731e-01   0.0000000e+00
   1.2700000e+00   6.3845283e-01   0.0000000e+00
   1.2900000e+00   6.3295819e-01   0.0000000e+00
   1.3100000e+00   6.2792353e-01   0.0000000e+00
   1.3300000e+00   6.2219994e-01   0.0000000e+00
   1.3500000e+00   6.1578741e-01   0.0000000e+00
   1.3700000e+00   6.0888208e-01   0.0000000e+00
   1.3900000e+00   6.0327245e-01   0.0000000e+00
   1.4100000e+00   5.9895851e-01   0.0000000e+00
   1.4300000e+00   5.9471436e-01   0.0000000e+00
   1.4500000e+00   5.8992040e-01   0.0000000e+00
   1.4700000e+00   5.8457663e-01   0.0000000e+00
   1.4900000e+00   5.7923286e-01   0.0000000e+00
   1.5100000e+00   5.7388909e-01   0.0000000e+00
   1.5300000e+00   5.6854532e-01   0.0000000e+00
   1.5500000e+00   5.6275769e-01   0.0000000e+00
   1.5700000e+00   5.5725199e-01   0.0000000e+00
   1.5900000e+00   5.5202823e-01   0.0000000e+00
   1.6100000e+00   5.4785042e-01   0.0000000e+00
   1.6300000e+00   5.4406452e-01   0.0000000e+00
   1.6500000e+00   5.4067053e-01   0.0000000e+00
   1.6700000e+00   5.3639551e-01   0.0000000e+00
   1.6900000e+00   5.3288786e-01   0.0000000e+00
   1.7100000e+00   5.3014757e-01   0.0000000e+00
   1.7300000e+00   5.2747568e-01   0.0000000e+00
   1.7500000e+00   5.2494292e-01   0.0000000e+00
   1.7700000e+00   5.2254928e-01   0.0000000e+00
   1.7900000e+00   5.2041177e-01   0.0000000e+00
   1.8100000e+00   5.1829672e-01   0.0000000e+00
   1.8300000e+00   5.1620413e-01   0.0000000e+00
   1.8500000e+00   5.1460100e-01   0.0000000e+00
   1.8700000e+00   5.1299787e-01   0.0000000e+00
   1.8900000e+00   5.1139473e-01   0.0000000e+00
   1.9100000e+00   5.1013757e-01   0.0000000e+00
   1.9300000e+00   5.1057970e-01   0.0000000e+00
   1.9500000e+00   5.1272113e-01   0.0000000e+00
   1.9700000e+00   5.0411017e-01   0.0000000e+00
   1.9900000e+00   4.9980469e-01   0.0000000e+00
   2.0100000e+00   4.9980469e-01   0.0000000e+00
   2.0300000e+00   4.9733795e-01   0.0000000e+00
   2.0500000e+00   4.9682981e-01   0.0000000e+00
   2.0700000e+00   4.9828026e-01   0.0000000e+00
   2.0900000e+00   4.9973071e-01   0.0000000e+00
   2.1100000e+00   5.0118116e-01   0.0000000e+00
   2.1300000e+00   5.0263162e-01   0.0000000e+00
   2.1500000e+00   5.0408207e-01   0.0000000e+00
   2.1700000e+00   5.0553252e-01   0.0000000e+00
   2.1900000e+00   5.0698297e-01   0.0000000e+00
   2.2100000e+00   5.0843342e-01   0.0000000e+00
   2.2300000e+00   5.0988388e-01   0.0000000e+00
   2.2500000e+00   5.1133433e-01   0.0000000e+00
   2.2700000e+00   5.1211144e-01   0.0000000e+00
   2.2900000e+00   5.1243430e-01   0.0000000e+00
   2.3100000e+00   5.1230289e-01   0.0000000e+00
   2.3300000e+00   5.1176851e-01   0.0000000e+00
   2.3500000e+00   5.1123414e-01   0.0000000e+00
   2.3700000e+00   5.1069976e-01   0.0000000e+00
   2.3900000e+00   5.1016538e-01   0.0000000e+00
   2.4100000e+00   5.0931521e-01   0.0000000e+00
   2.4300000e+00   5.0814926e-01   0.0000000e+00
   2.4500000e+00   5.0654613e-01   0.0000000e+00
   2.4700000e+00   5.0494299e-01   0.0000000e+00
   2.4900000e+00   5.0333986e-01   0.0000000e+00
   2.5100000e+00   5.0173673e-01   0.0000000e+00
   2.5300000e+00   4.9988351e-01   0.0000000e+00
   2.5500000e+00   4.9778021e-01   0.0000000e+00
   2.5700000e+00   4.9602621e-01   0.0000000e+00
   2.5900000e+00   4.9421422e-01   0.0000000e+00
   2.6100000e+00   4.9234425e-01   0.0000000e+00
   2.6300000e+00   4.9035692e-01   0.0000000e+00
   2.6500000e+00   4.8856169e-01   0.0000000e+00
   2.6700000e+00   4.8695856e-01   0.0000000e+00
   2.6900000e+00   4.8535543e-01   0.0000000e+00
   2.7100000e+00   4.8375230e-01   0.0000000e+00
   2.7300000e+00   4.8214916e-01   0.0000000e+00
   2.7500000e+00   4.8088060e-01   0.0000000e+00
   2.7700000e+00   4.7949404e-01   0.0000000e+00
   2.7900000e+00   4.7798949e-01   0.0000000e+00
   2.8100000e+00   4.7595321e-01   0.0000000e+00
   2.8300000e+00   4.7413351e-01   0.0000000e+00
   2.8500000e+00   4.7253038e-01   0.0000000e+00
   2.8700000e+00   4.7144619e-01   0.0000000e+00
   2.8900000e+00   4.7016858e-01   0.0000000e+00
   2.9100000e+00   4.6869755e-01   0.0000000e+00
   2.9300000e+00   4.6766565e-01   0.0000000e+00
   2.9500000e+00   4.6629118e-01   0.0000000e+00
   2.9700000e+00   4.6457414e-01   0.0000000e+00
   2.0000000e+00   8.1871053e-01   1.0000000e+00
   2.0200000e+00   8.1790695e-01   1.0000000e+00
   2.0400000e+00   8.1736854e-01   1.0000000e+00
   2.0600000e+00   8.1559312e-01   1.0000000e+00
   2.0800000e+00   8.1333963e-01   1.0000000e+00
   2.1000000e+00   8.1060809e-01   1.0000000e+00
   2.1200000e+00   8.0758218e-01   1.0000000e+00
   2.1400000e+00   8.0473328e-01   1.0000000e+00
   2.1600000e+00   8.0206140e-01   1.0000000e+00
   2.1800000e+00   7.9938951e-01   1.0000000e+00
   2.2000000e+00   7.9623623e-01   1.0000000e+00
   2.2200000e+00   7.9260154e-01   1.0000000e+00
   2.2400000e+00   7.8776669e-01   1.0000000e+00
   2.2600000e+00   7.8304949e-01   1.0000000e+00
   2.2800000e+00   7.7844994e-01   1.0000000e+00
   2.3000000e+00   7.7497211e-01   1.0000000e+00
   2.3200000e+00   7.7191937e-01   1.0000000e+00
   2.3400000e+00   7.6929171e-01   1.0000000e+00
   2.3600000e+00   7.6822296e-01   1.0000000e+00
   2.3800000e+00   7.6672175e-01   1.0000000e+00
   2.4000000e+00   7.6478808e-01   1.0000000e+00
   2.4200000e+00   7.6296637e-01   1.0000000e+00
   2.4400000e+00   7.6145307e-01   1.0000000e+00
   2.4600000e+00   7.6024819e-01   1.0000000e+00
