   6.0000000e-01   9.4245111e-01   0.0000000e+00
   6.2000000e-01   9.2327457e-01   0.0000000e+00
   6.4000000e-01   9.0225351e-01   0.0000000e+00
   6.6000000e-01   8.7938793e-01   0.0000000e+00
   6.8000000e-01   8.5801285e-01   0.0000000e+00
   7.0000000e-01   8.3709303e-01   0.0000000e+00
   7.2000000e-01   8.1662846e-01   0.0000000e+00
   7.4000000e-01   7.9835369e-01   0.0000000e+00
   7.6000000e-01   7.8188688e-01   0.0000000e+00
   7.8000000e-01   7.6722802e-01   0.0000000e+00
   8.0000000e-01   7.5621663e-01   0.0000000e+00
   8.2000000e-01   7.4563435e-01   0.0000000e+00
   8.4000000e-01   7.3548119e-01   0.0000000e+00
   8.6000000e-01   7.2689695e-01   0.0000000e+00
   8.8000000e-01   7.1954875e-01   0.0000000e+00
   9.0000000e-01   7.1343658e-01   0.0000000e+00
   9.2000000e-01   7.0867211e-01   0.0000000e+00
   9.4000000e-01   7.0423885e-01   0.0000000e+00
   9.6000000e-01   7.0013681e-01   0.0000000e+00
   9.8000000e-01   6.9639618e-01   0.0000000e+00
   1.0000000e+00   6.9265554e-01   0.0000000e+00
   1.0200000e+00   6.8891490e-01   0.0000000e+00
   1.0400000e+00   6.8517426e-01   0.0000000e+00
   1.0600000e+00   6.8143362e-01   0.0000000e+00
   1.0800000e+00   6.7769298e-01   0.0000000e+00
   1.1000000e+00   6.7419304e-01   0.0000000e+00
   1.1200000e+00   6.7083994e-01   0.0000000e+00
   1.1400000e+00   6.6763368e-01   0.0000000e+00
   1.1600000e+00   6.6441267e-01   0.0000000e+00
   1.1800000e+00   6.6066466e-01   0.0000000e+00
   1.2000000e+00   6.5638965e-01   0.0000000e+00
   1.2200000e+00   6.5338988e-01   0.0000000e+00
   1.2400000e+00   6.5024564e-01   0.0000000e+00
   1.2600000e+00   6.4695691e-01   0.0000000e+00
   1.2800000e+00   6.4321627e-01   0.0000000e+00
   1.3000000e+00   6.3947564e-01   0.0000000e+00
   1.3200000e+00   6.3573500e-01   0.0000000e+00
   1.3400000e+00   6.3199436e-01   0.0000000e+00
   1.3600000e+00   6.2800732e-01   0.0000000e+00
   1.3800000e+00   6.2377387e-01   0.0000000e+00
   1.4000000e+00   6.1949886e-01   0.0000000e+00
   1.4200000e+00   6.1522384e-01   0.0000000e+00
   1.4400000e+00   6.1094883e-01   0.0000000e+00
   1.4600000e+00   6.0667381e-01   0.0000000e+00
   1.4800000e+00   6.0237265e-01   0.0000000e+00
   1.5000000e+00   5.9804535e-01   0.0000000e+00
   1.5200000e+00   5.9270158e-01   0.0000000e+00
   1.5400000e+00   5.8735781e-01   0.0000000e+00
   1.5600000e+00   5.8201404e-01   0.0000000e+00
   1.5800000e+00   5.7732465e-01   0.0000000e+00
   1.6000000e+00   5.7284245e-01   0.0000000e+00
   1.6200000e+00   5.6856743e-01   0.0000000e+00
   1.6400000e+00   5.6429241e-01   0.0000000e+00
   1.6600000e+00   5.6001740e-01   0.0000000e+00
   1.6800000e+00   5.5574238e-01   0.0000000e+00
   1.7000000e+00   5.5197894e-01   0.0000000e+00
   1.7200000e+00   5.4822690e-01   0.0000000e+00
   1.7400000e+00   5.4448626e-01   0.0000000e+00
   1.7600000e+00   5.4130211e-01   0.0000000e+00
   1.7800000e+00   5.3829330e-01   0.0000000e+00
   1.8000000e+00   5.3545984e-01   0.0000000e+00
   1.8200000e+00   5.3225357e-01   0.0000000e+00
   1.8400000e+00   5.2904731e-01   0.0000000e+00
   1.8600000e+00   5.2584105e-01   0.0000000e+00
   1.8800000e+00   5.2356004e-01   0.0000000e+00
   1.9000000e+00   5.2117781e-01   0.0000000e+00
   1.9200000e+00   5.1869433e-01   0.0000000e+00
   1.9400000e+00   5.1602245e-01   0.0000000e+00
   1.9600000e+00   5.1335056e-01   0.0000000e+00
   1.9800000e+00   5.1067868e-01   0.0000000e+00
   2.0000000e+00   5.0800679e-01   0.0000000e+00
   2.0200000e+00   5.0560008e-01   0.0000000e+00
   2.0400000e+00   5.0345854e-01   0.0000000e+00
   2.0600000e+00   5.0132104e-01   0.0000000e+00
   2.0800000e+00   4.9888651e-01   0.0000000e+00
   2.1000000e+00   4.9615497e-01   0.0000000e+00
   2.1200000e+00   4.9330941e-01   0.0000000e+00
   2.1400000e+00   4.9081788e-01   0.0000000e+00
   2.1600000e+00   4.8868037e-01   0.0000000e+00
   2.1800000e+00   4.8654286e-01   0.0000000e+00
   2.2000000e+00   4.8464605e-01   0.0000000e+00
   2.2200000e+00   4.8298995e-01   0.0000000e+00
   2.2400000e+00   4.8102208e-01   0.0000000e+00
   2.2600000e+00   4.7909343e-01   0.0000000e+00
   2.2800000e+00   4.7720399e-01   0.0000000e+00
   2.3000000e+00   4.7546945e-01   0.0000000e+00
   2.3200000e+00   4.7354080e-01   0.0000000e+00
   2.3400000e+00   4.7141803e-01   0.0000000e+00
   2.3600000e+00   4.6981490e-01   0.0000000e+00
   2.3800000e+00   4.6821177e-01   0.0000000e+00
   2.4000000e+00   4.6660864e-01   0.0000000e+00
   2.4200000e+00   4.6500551e-01   0.0000000e+00
   2.4400000e+00   4.6340238e-01   0.0000000e+00
   2.4600000e+00   4.6179925e-01   0.0000000e+00
   2.4800000e+00   4.6011366e-01   0.0000000e+00
   2.5000000e+00   4.5820211e-01   0.0000000e+00
   2.5200000e+00   4.5606460e-01   0.0000000e+00
   2.5400000e+00   4.5442726e-01   0.0000000e+00
   2.5600000e+00   4.5280703e-01   0.0000000e+00
   2.5800000e+00   4.5120390e-01   0.0000000e+00
   2.6000000e+00   4.4986761e-01   0.0000000e+00
   2.6200000e+00   4.4859000e-01   0.0000000e+00
   2.6400000e+00   4.4737107e-01   0.0000000e+00
   2.6600000e+00   4.4580145e-01   0.0000000e+00
   2.6800000e+00   4.4448227e-01   0.0000000e+00
   2.7000000e+00   4.4341351e-01   0.0000000e+00
   2.7200000e+00   4.4234476e-01   0.0000000e+00
   2.7400000e+00   4.4144329e-01   0.0000000e+00
   2.7600000e+00   4.4070909e-01   0.0000000e+00
   2.7800000e+00   4.3973892e-01   0.0000000e+00
   2.8000000e+00   4.3845227e-01   0.0000000e+00
   2.8200000e+00   4.3684914e-01   0.0000000e+00
   2.8400000e+00   4.3524601e-01   0.0000000e+00
   2.8600000e+00   4.3390235e-01   0.0000000e+00
   2.8800000e+00   4.3281816e-01   0.0000000e+00
   2.9000000e+00   4.3174941e-01   0.0000000e+00
   2.9200000e+00   4.3068065e-01   0.0000000e+00
   2.9400000e+00   4.2961190e-01   0.0000000e+00
   2.9600000e+00   4.2820524e-01   0.0000000e+00
   2.9800000e+00   4.2648545e-01   0.0000000e+00
   3.0000000e+00   4.2445251e-01   0.0000000e+00
   3.0200000e+00   4.2338376e-01   0.0000000e+00
   3.0400000e+00   4.2231500e-01   0.0000000e+00
   3.0600000e+00   4.2124625e-01   0.0000000e+00
   3.0800000e+00   4.2017750e-01   0.0000000e+00
   3.1000000e+00   4.1910874e-01   0.0000000e+00
   3.1200000e+00   4.1803999e-01   0.0000000e+00
   3.1400000e+00   4.1697123e-01   0.0000000e+00
   3.1600000e+00   4.1590248e-01   0.0000000e+00
   3.1800000e+00   4.1483373e-01   0.0000000e+00
   3.2000000e+00   4.1376497e-01   0.0000000e+00
   3.2200000e+00   4.1290675e-01   0.0000000e+00
   3.2400000e+00   4.1225904e-01   0.0000000e+00
   3.2600000e+00   4.1202906e-01   0.0000000e+00
   3.2800000e+00   4.1219565e-01   0.0000000e+00
   3.3000000e+00   4.1275882e-01   0.0000000e+00
   3.3200000e+00   4.1429089e-01   0.0000000e+00
   3.3400000e+00   4.1559131e-01   0.0000000e+00
   3.3600000e+00   4.1666006e-01   0.0000000e+00
   2.0100000e+00   7.7229585e-01   1.0000000e+00
   2.0300000e+00   7.6962397e-01   1.0000000e+00
   2.0500000e+00   7.6695208e-01   1.0000000e+00
   2.0700000e+00   7.6428019e-01   1.0000000e+00
   2.0900000e+00   7.6190533e-01   1.0000000e+00
   2.1100000e+00   7.5973932e-01   1.0000000e+00
   2.1300000e+00   7.5778216e-01   1.0000000e+00
   2.1500000e+00   7.5605165e-01   1.0000000e+00
   2.1700000e+00   7.5385046e-01   1.0000000e+00
   2.1900000e+00   7.5117857e-01   1.0000000e+00
   2.2100000e+00   7.4898809e-01   1.0000000e+00
   2.2300000e+00   7.4664172e-01   1.0000000e+00
   2.2500000e+00   7.4413948e-01   1.0000000e+00
   2.2700000e+00   7.4171566e-01   1.0000000e+00
   2.2900000e+00   7.3936930e-01   1.0000000e+00
   2.3100000e+00   7.3710038e-01   1.0000000e+00
   2.3300000e+00   7.3444324e-01   1.0000000e+00
   2.3500000e+00   7.3204592e-01   1.0000000e+00
   2.3700000e+00   7.2990841e-01   1.0000000e+00
   2.3900000e+00   7.2777090e-01   1.0000000e+00
   2.4100000e+00   7.2547550e-01   1.0000000e+00
   2.4300000e+00   7.2302220e-01   1.0000000e+00
   2.4500000e+00   7.2035031e-01   1.0000000e+00
   2.4700000e+00   7.1767843e-01   1.0000000e+00
   2.4900000e+00   7.1500654e-01   1.0000000e+00
   2.5100000e+00   7.1233466e-01   1.0000000e+00
   2.5300000e+00   7.0991286e-01   1.0000000e+00
   2.5500000e+00   7.0774115e-01   1.0000000e+00
   2.5700000e+00   7.0560364e-01   1.0000000e+00
   2.5900000e+00   7.0359955e-01   1.0000000e+00
   2.6100000e+00   7.0172889e-01   1.0000000e+00
   2.6300000e+00   6.9997558e-01   1.0000000e+00
   2.6500000e+00   6.9806368e-01   1.0000000e+00
   2.6700000e+00   6.9599321e-01   1.0000000e+00
   2.6900000e+00   6.9492445e-01   1.0000000e+00
   2.7100000e+00   6.9385570e-01   1.0000000e+00
   2.7300000e+00   6.9278694e-01   1.0000000e+00
   2.7500000e+00   6.9205275e-01   1.0000000e+00
   2.7700000e+00   6.9130952e-01   1.0000000e+00
   2.7900000e+00   6.9055724e-01   1.0000000e+00
   2.8100000e+00   6.8958972e-01   1.0000000e+00
   2.8300000e+00   6.8883877e-01   1.0000000e+00
   2.8500000e+00   6.8830440e-01   1.0000000e+00
   2.8700000e+00   6.8765470e-01   1.0000000e+00
   2.8900000e+00   6.8700329e-01   1.0000000e+00
   2.9100000e+00   6.8635016e-01   1.0000000e+00
   2.9300000e+00   6.8569703e-01   1.0000000e+00
   2.9500000e+00   6.8504390e-01   1.0000000e+00
   2.9700000e+00   6.8439078e-01   1.0000000e+00
   2.9900000e+00   6.8373765e-01   1.0000000e+00
   3.0100000e+00   6.8308452e-01   1.0000000e+00
   3.0300000e+00   6.8243139e-01   1.0000000e+00
   3.0500000e+00   6.8177827e-01   1.0000000e+00
   3.0700000e+00   6.8112514e-01   1.0000000e+00
   3.0900000e+00   6.8047201e-01   1.0000000e+00
   3.1100000e+00   6.7981888e-01   1.0000000e+00
   3.1300000e+00   6.7916576e-01   1.0000000e+00
   3.1500000e+00   6.7851263e-01   1.0000000e+00
   3.1700000e+00   6.7786024e-01   1.0000000e+00
   3.1900000e+00   6.7726686e-01   1.0000000e+00
   3.2100000e+00   6.7673249e-01   1.0000000e+00
   3.2300000e+00   6.7619811e-01   1.0000000e+00
   3.2500000e+00   6.7535934e-01   1.0000000e+00
   3.2700000e+00   6.7421619e-01   1.0000000e+00
   3.2900000e+00   6.7280078e-01   1.0000000e+00
   3.3100000e+00   6.7155870e-01   1.0000000e+00
   3.3300000e+00   6.7048995e-01   1.0000000e+00
   3.3500000e+00   6.6942119e-01   1.0000000e+00
   3.3700000e+00   6.6810805e-01   1.0000000e+00
   3.3900000e+00   6.6655053e-01   1.0000000e+00
   3.4100000e+00   6.6531950e-01   1.0000000e+00
   3.4300000e+00   6.6404189e-01   1.0000000e+00
   3.4500000e+00   6.6271769e-01   1.0000000e+00
   3.4700000e+00   6.6083701e-01   1.0000000e+00
   3.4900000e+00   6.5857178e-01   1.0000000e+00
   3.5100000e+00   6.5592201e-01   1.0000000e+00
   3.5300000e+00   6.5378450e-01   1.0000000e+00
