   6.1000000e-01   9.7266184e-01   0.0000000e+00
   6.3000000e-01   9.5822294e-01   0.0000000e+00
   6.5000000e-01   9.4052216e-01   0.0000000e+00
   6.7000000e-01   9.1884672e-01   0.0000000e+00
   6.9000000e-01   8.9319662e-01   0.0000000e+00
   7.1000000e-01   8.6709127e-01   0.0000000e+00
   7.3000000e-01   8.4297791e-01   0.0000000e+00
   7.5000000e-01   8.2085655e-01   0.0000000e+00
   7.7000000e-01   8.0308195e-01   0.0000000e+00
   7.9000000e-01   7.8655548e-01   0.0000000e+00
   8.1000000e-01   7.7127713e-01   0.0000000e+00
   8.3000000e-01   7.5471144e-01   0.0000000e+00
   8.5000000e-01   7.3971468e-01   0.0000000e+00
   8.7000000e-01   7.2628685e-01   0.0000000e+00
   8.9000000e-01   7.1333373e-01   0.0000000e+00
   9.1000000e-01   7.0174806e-01   0.0000000e+00
   9.3000000e-01   6.9152983e-01   0.0000000e+00
   9.5000000e-01   6.8386014e-01   0.0000000e+00
   9.7000000e-01   6.7663632e-01   0.0000000e+00
   9.9000000e-01   6.6985837e-01   0.0000000e+00
   1.0100000e+00   6.6451460e-01   0.0000000e+00
   1.0300000e+00   6.5893381e-01   0.0000000e+00
   1.0500000e+00   6.5311601e-01   0.0000000e+00
   1.0700000e+00   6.4795259e-01   0.0000000e+00
   1.0900000e+00   6.4308654e-01   0.0000000e+00
   1.1100000e+00   6.3851784e-01   0.0000000e+00
   1.1300000e+00   6.3411879e-01   0.0000000e+00
   1.1500000e+00   6.2952194e-01   0.0000000e+00
   1.1700000e+00   6.2472729e-01   0.0000000e+00
   1.1900000e+00   6.2098665e-01   0.0000000e+00
   1.2100000e+00   6.1724601e-01   0.0000000e+00
   1.2300000e+00   6.1350537e-01   0.0000000e+00
   1.2500000e+00   6.1007315e-01   0.0000000e+00
   1.2700000e+00   6.0656216e-01   0.0000000e+00
   1.2900000e+00   6.0297239e-01   0.0000000e+00
   1.3100000e+00   5.9884755e-01   0.0000000e+00
   1.3300000e+00   5.9518200e-01   0.0000000e+00
   1.3500000e+00   5.9197574e-01   0.0000000e+00
   1.3700000e+00   5.8827667e-01   0.0000000e+00
   1.3900000e+00   5.8455682e-01   0.0000000e+00
   1.4100000e+00   5.8081618e-01   0.0000000e+00
   1.4300000e+00   5.7759449e-01   0.0000000e+00
   1.4500000e+00   5.7457629e-01   0.0000000e+00
   1.4700000e+00   5.7176160e-01   0.0000000e+00
   1.4900000e+00   5.6855534e-01   0.0000000e+00
   1.5100000e+00   5.6534908e-01   0.0000000e+00
   1.5300000e+00   5.6214281e-01   0.0000000e+00
   1.5500000e+00   5.5893655e-01   0.0000000e+00
   1.5700000e+00   5.5589389e-01   0.0000000e+00
   1.5900000e+00   5.5301482e-01   0.0000000e+00
   1.6100000e+00   5.5034293e-01   0.0000000e+00
   1.6300000e+00   5.4767104e-01   0.0000000e+00
   1.6500000e+00   5.4499916e-01   0.0000000e+00
   1.6700000e+00   5.4232727e-01   0.0000000e+00
   1.6900000e+00   5.4016696e-01   0.0000000e+00
   1.7100000e+00   5.3851823e-01   0.0000000e+00
   1.7300000e+00   5.3652019e-01   0.0000000e+00
   1.7500000e+00   5.3459153e-01   0.0000000e+00
   1.7700000e+00   5.3273227e-01   0.0000000e+00
   1.7900000e+00   5.3112914e-01   0.0000000e+00
   1.8100000e+00   5.2950355e-01   0.0000000e+00
   1.8300000e+00   5.2785550e-01   0.0000000e+00
   1.8500000e+00   5.2571800e-01   0.0000000e+00
   1.8700000e+00   5.2404312e-01   0.0000000e+00
   1.8900000e+00   5.2283086e-01   0.0000000e+00
   1.9100000e+00   5.2107018e-01   0.0000000e+00
   1.9300000e+00   5.1935039e-01   0.0000000e+00
   1.9500000e+00   5.1767148e-01   0.0000000e+00
   1.9700000e+00   5.1660272e-01   0.0000000e+00
   1.9900000e+00   5.1553397e-01   0.0000000e+00
   2.0100000e+00   5.1446521e-01   0.0000000e+00
   2.0300000e+00   5.1286611e-01   0.0000000e+00
   2.0500000e+00   5.1147184e-01   0.0000000e+00
   2.0700000e+00   5.1028239e-01   0.0000000e+00
   2.0900000e+00   5.0921364e-01   0.0000000e+00
   2.1100000e+00   5.0814488e-01   0.0000000e+00
   2.1300000e+00   5.0707613e-01   0.0000000e+00
   2.1500000e+00   5.0600737e-01   0.0000000e+00
   2.1700000e+00   5.0493862e-01   0.0000000e+00
   2.1900000e+00   5.0386987e-01   0.0000000e+00
   2.2100000e+00   5.0231971e-01   0.0000000e+00
   2.2300000e+00   5.0092544e-01   0.0000000e+00
   2.2500000e+00   4.9968704e-01   0.0000000e+00
   2.2700000e+00   4.9861829e-01   0.0000000e+00
   2.2900000e+00   4.9748383e-01   0.0000000e+00
   2.3100000e+00   4.9628367e-01   0.0000000e+00
   2.3300000e+00   4.9468054e-01   0.0000000e+00
   2.3500000e+00   4.9307741e-01   0.0000000e+00
   2.3700000e+00   4.9147427e-01   0.0000000e+00
   2.3900000e+00   4.9030360e-01   0.0000000e+00
   2.4100000e+00   4.8902599e-01   0.0000000e+00
   2.4300000e+00   4.8764144e-01   0.0000000e+00
   2.4500000e+00   4.8603831e-01   0.0000000e+00
   2.4700000e+00   4.8447641e-01   0.0000000e+00
   2.4900000e+00   4.8295574e-01   0.0000000e+00
   2.5100000e+00   4.8188699e-01   0.0000000e+00
   2.5300000e+00   4.8081823e-01   0.0000000e+00
   2.5500000e+00   4.7974948e-01   0.0000000e+00
   2.5700000e+00   4.7829722e-01   0.0000000e+00
   2.5900000e+00   4.7690294e-01   0.0000000e+00
   2.6100000e+00   4.7556666e-01   0.0000000e+00
   2.6300000e+00   4.7419754e-01   0.0000000e+00
   2.6500000e+00   4.7246099e-01   0.0000000e+00
   2.6700000e+00   4.7035700e-01   0.0000000e+00
   2.6900000e+00   4.6875386e-01   0.0000000e+00
   2.7100000e+00   4.6737635e-01   0.0000000e+00
   2.7300000e+00   4.6622444e-01   0.0000000e+00
   2.7500000e+00   4.6515569e-01   0.0000000e+00
   2.7700000e+00   4.6386904e-01   0.0000000e+00
   2.7900000e+00   4.6236449e-01   0.0000000e+00
   2.8100000e+00   4.6042945e-01   0.0000000e+00
   2.8300000e+00   4.5892755e-01   0.0000000e+00
   2.8500000e+00   4.5785879e-01   0.0000000e+00
   2.8700000e+00   4.5679004e-01   0.0000000e+00
   2.8900000e+00   4.5572129e-01   0.0000000e+00
   2.9100000e+00   4.5465253e-01   0.0000000e+00
   2.9300000e+00   4.5358378e-01   0.0000000e+00
   2.9500000e+00   4.5251502e-01   0.0000000e+00
   2.9700000e+00   4.5144627e-01   0.0000000e+00
   2.9900000e+00   4.5037752e-01   0.0000000e+00
   3.0100000e+00   4.4930876e-01   0.0000000e+00
   3.0300000e+00   4.4824001e-01   0.0000000e+00
   3.0500000e+00   4.4717125e-01   0.0000000e+00
   3.0700000e+00   4.4610250e-01   0.0000000e+00
   3.0900000e+00   4.4503375e-01   0.0000000e+00
   3.1100000e+00   4.4396499e-01   0.0000000e+00
   3.1300000e+00   4.4283623e-01   0.0000000e+00
   3.1500000e+00   4.4164747e-01   0.0000000e+00
   3.1700000e+00   4.4004768e-01   0.0000000e+00
   3.1900000e+00   4.3871341e-01   0.0000000e+00
   3.2100000e+00   4.3764466e-01   0.0000000e+00
   3.2300000e+00   4.3615485e-01   0.0000000e+00
   3.2500000e+00   4.3445619e-01   0.0000000e+00
   3.2700000e+00   4.3254867e-01   0.0000000e+00
   3.2900000e+00   4.3078661e-01   0.0000000e+00
   3.3100000e+00   4.2937120e-01   0.0000000e+00
   3.3300000e+00   4.2830245e-01   0.0000000e+00
   3.3500000e+00   4.2723369e-01   0.0000000e+00
   3.3700000e+00   4.2592055e-01   0.0000000e+00
   3.3900000e+00   4.2436303e-01   0.0000000e+00
   3.4100000e+00   4.2313200e-01   0.0000000e+00
   3.4300000e+00   4.2210983e-01   0.0000000e+00
   3.4500000e+00   4.2129652e-01   0.0000000e+00
   3.4700000e+00   4.2062337e-01   0.0000000e+00
   3.4900000e+00   4.1976347e-01   0.0000000e+00
   3.5100000e+00   4.1871683e-01   0.0000000e+00
   3.5300000e+00   4.1818245e-01   0.0000000e+00
   3.5500000e+00   4.1786799e-01   0.0000000e+00
   3.5700000e+00   4.1777344e-01   0.0000000e+00
   2.0700000e+00   7.5380249e-01   1.0000000e+00
   2.0900000e+00   7.5190234e-01   1.0000000e+00
   2.1100000e+00   7.4979334e-01   1.0000000e+00
   2.1300000e+00   7.4747548e-01   1.0000000e+00
   2.1500000e+00   7.4499466e-01   1.0000000e+00
   2.1700000e+00   7.4321987e-01   1.0000000e+00
   2.1900000e+00   7.4215112e-01   1.0000000e+00
   2.2100000e+00   7.4011956e-01   1.0000000e+00
   2.2300000e+00   7.3785266e-01   1.0000000e+00
   2.2500000e+00   7.3535042e-01   1.0000000e+00
   2.2700000e+00   7.3292660e-01   1.0000000e+00
   2.2900000e+00   7.3077735e-01   1.0000000e+00
   2.3100000e+00   7.2890265e-01   1.0000000e+00
   2.3300000e+00   7.2780442e-01   1.0000000e+00
   2.3500000e+00   7.2618654e-01   1.0000000e+00
   2.3700000e+00   7.2404903e-01   1.0000000e+00
   2.3900000e+00   7.2191153e-01   1.0000000e+00
   2.4100000e+00   7.1977402e-01   1.0000000e+00
   2.4300000e+00   7.1763651e-01   1.0000000e+00
   2.4500000e+00   7.1569813e-01   1.0000000e+00
   2.4700000e+00   7.1392737e-01   1.0000000e+00
   2.4900000e+00   7.1232424e-01   1.0000000e+00
   2.5100000e+00   7.1072111e-01   1.0000000e+00
   2.5300000e+00   7.0886789e-01   1.0000000e+00
   2.5500000e+00   7.0676459e-01   1.0000000e+00
   2.5700000e+00   7.0462708e-01   1.0000000e+00
   2.5900000e+00   7.0248957e-01   1.0000000e+00
   2.6100000e+00   7.0035206e-01   1.0000000e+00
   2.6300000e+00   6.9836473e-01   1.0000000e+00
   2.6500000e+00   6.9655275e-01   1.0000000e+00
   2.6700000e+00   6.9491610e-01   1.0000000e+00
   2.6900000e+00   6.9277859e-01   1.0000000e+00
   2.7100000e+00   6.9109231e-01   1.0000000e+00
   2.7300000e+00   6.8985726e-01   1.0000000e+00
   2.7500000e+00   6.8811938e-01   1.0000000e+00
   2.7700000e+00   6.8618168e-01   1.0000000e+00
   2.7900000e+00   6.8404418e-01   1.0000000e+00
   2.8100000e+00   6.8200790e-01   1.0000000e+00
   2.8300000e+00   6.8018820e-01   1.0000000e+00
   2.8500000e+00   6.7858507e-01   1.0000000e+00
   2.8700000e+00   6.7646299e-01   1.0000000e+00
   2.8900000e+00   6.7433320e-01   1.0000000e+00
   2.9100000e+00   6.7219569e-01   1.0000000e+00
   2.9300000e+00   6.7034380e-01   1.0000000e+00
   2.9500000e+00   6.6853181e-01   1.0000000e+00
   2.9700000e+00   6.6675973e-01   1.0000000e+00
   2.9900000e+00   6.6467451e-01   1.0000000e+00
   3.0100000e+00   6.6283033e-01   1.0000000e+00
   3.0300000e+00   6.6122720e-01   1.0000000e+00
   3.0500000e+00   6.6009407e-01   1.0000000e+00
   3.0700000e+00   6.5881646e-01   1.0000000e+00
   3.0900000e+00   6.5739437e-01   1.0000000e+00
   3.1100000e+00   6.5602791e-01   1.0000000e+00
   3.1300000e+00   6.5481030e-01   1.0000000e+00
   3.1500000e+00   6.5374154e-01   1.0000000e+00
   3.1700000e+00   6.5267613e-01   1.0000000e+00
   3.1900000e+00   6.5187624e-01   1.0000000e+00
   3.2100000e+00   6.5134186e-01   1.0000000e+00
   3.2300000e+00   6.4954432e-01   1.0000000e+00
   3.2500000e+00   6.4772899e-01   1.0000000e+00
   3.2700000e+00   6.4589588e-01   1.0000000e+00
   3.2900000e+00   6.4410502e-01   1.0000000e+00
   3.3100000e+00   6.4217637e-01   1.0000000e+00
   3.3300000e+00   6.4010992e-01   1.0000000e+00
   3.3500000e+00   6.3850679e-01   1.0000000e+00
   3.3700000e+00   6.3665927e-01   1.0000000e+00
   3.3900000e+00   6.3456737e-01   1.0000000e+00
   3.4100000e+00   6.3280197e-01   1.0000000e+00
   3.4300000e+00   6.3124542e-01   1.0000000e+00
   3.4500000e+00   6.2989773e-01   1.0000000e+00
   3.4700000e+00   6.2882898e-01   1.0000000e+00
   3.4900000e+00   6.2777128e-01   1.0000000e+00
   3.5100000e+00   6.2672464e-01   1.0000000e+00
   3.5300000e+00   6.2619027e-01   1.0000000e+00
   3.5500000e+00   6.2565589e-01   1.0000000e+00
   3.5700000e+00   6.2512151e-01   1.0000000e+00
   3.5900000e+00   6.2426397e-01   1.0000000e+00
   3.6100000e+00   6.2340408e-01   1.0000000e+00
   3.6300000e+00   6.2254182e-01   1.0000000e+00
   3.6500000e+00   6.2191761e-01   1.0000000e+00
   3.6700000e+00   6.2107113e-01   1.0000000e+00
   3.6900000e+00   6.2000237e-01   1.0000000e+00
   3.7100000e+00   6.1893362e-01   1.0000000e+00
   3.7300000e+00   6.1727855e-01   1.0000000e+00
   3.7500000e+00   6.1503715e-01   1.0000000e+00
   3.7700000e+00   6.1318791e-01   1.0000000e+00
   3.7900000e+00   6.1165014e-01   1.0000000e+00
