   6.0000000e-01   9.8264703e-01   0.0000000e+00
   6.2000000e-01   9.6896847e-01   0.0000000e+00
   6.4000000e-01   9.5329758e-01   0.0000000e+00
   6.6000000e-01   9.3563434e-01   0.0000000e+00
   6.8000000e-01   9.1051862e-01   0.0000000e+00
   7.0000000e-01   8.8563053e-01   0.0000000e+00
   7.2000000e-01   8.6097006e-01   0.0000000e+00
   7.4000000e-01   8.3808168e-01   0.0000000e+00
   7.6000000e-01   8.1723626e-01   0.0000000e+00
   7.8000000e-01   7.9843379e-01   0.0000000e+00
   8.0000000e-01   7.8358456e-01   0.0000000e+00
   8.2000000e-01   7.6787710e-01   0.0000000e+00
   8.4000000e-01   7.5131141e-01   0.0000000e+00
   8.6000000e-01   7.3683762e-01   0.0000000e+00
   8.8000000e-01   7.2258980e-01   0.0000000e+00
   9.0000000e-01   7.0856793e-01   0.0000000e+00
   9.2000000e-01   6.9728094e-01   0.0000000e+00
   9.4000000e-01   6.8744121e-01   0.0000000e+00
   9.6000000e-01   6.7904873e-01   0.0000000e+00
   9.8000000e-01   6.7215814e-01   0.0000000e+00
   1.0000000e+00   6.6550659e-01   0.0000000e+00
   1.0200000e+00   6.5909407e-01   0.0000000e+00
   1.0400000e+00   6.5362960e-01   0.0000000e+00
   1.0600000e+00   6.4822548e-01   0.0000000e+00
   1.0800000e+00   6.4288171e-01   0.0000000e+00
   1.1000000e+00   6.3777864e-01   0.0000000e+00
   1.1200000e+00   6.3282241e-01   0.0000000e+00
   1.1400000e+00   6.2801302e-01   0.0000000e+00
   1.1600000e+00   6.2321099e-01   0.0000000e+00
   1.1800000e+00   6.1867247e-01   0.0000000e+00
   1.2000000e+00   6.1439746e-01   0.0000000e+00
   1.2200000e+00   6.1054753e-01   0.0000000e+00
   1.2400000e+00   6.0659803e-01   0.0000000e+00
   1.2600000e+00   6.0254897e-01   0.0000000e+00
   1.2800000e+00   5.9846571e-01   0.0000000e+00
   1.3000000e+00   5.9459131e-01   0.0000000e+00
   1.3200000e+00   5.9092575e-01   0.0000000e+00
   1.3400000e+00   5.8771949e-01   0.0000000e+00
   1.3600000e+00   5.8451323e-01   0.0000000e+00
   1.3800000e+00   5.8130697e-01   0.0000000e+00
   1.4000000e+00   5.7772457e-01   0.0000000e+00
   1.4200000e+00   5.7419279e-01   0.0000000e+00
   1.4400000e+00   5.7071162e-01   0.0000000e+00
   1.4600000e+00   5.6750536e-01   0.0000000e+00
   1.4800000e+00   5.6429910e-01   0.0000000e+00
   1.5000000e+00   5.6109283e-01   0.0000000e+00
   1.5200000e+00   5.5788657e-01   0.0000000e+00
   1.5400000e+00   5.5468031e-01   0.0000000e+00
   1.5600000e+00   5.5147405e-01   0.0000000e+00
   1.5800000e+00   5.4859498e-01   0.0000000e+00
   1.6000000e+00   5.4581950e-01   0.0000000e+00
   1.6200000e+00   5.4314761e-01   0.0000000e+00
   1.6400000e+00   5.4056959e-01   0.0000000e+00
   1.6600000e+00   5.3821182e-01   0.0000000e+00
   1.6800000e+00   5.3607431e-01   0.0000000e+00
   1.7000000e+00   5.3342523e-01   0.0000000e+00
   1.7200000e+00   5.3115966e-01   0.0000000e+00
   1.7400000e+00   5.2927759e-01   0.0000000e+00
   1.7600000e+00   5.2739622e-01   0.0000000e+00
   1.7800000e+00   5.2546756e-01   0.0000000e+00
   1.8000000e+00   5.2349164e-01   0.0000000e+00
   1.8200000e+00   5.2188851e-01   0.0000000e+00
   1.8400000e+00   5.2028537e-01   0.0000000e+00
   1.8600000e+00   5.1868224e-01   0.0000000e+00
   1.8800000e+00   5.1707911e-01   0.0000000e+00
   1.9000000e+00   5.1564896e-01   0.0000000e+00
   1.9200000e+00   5.1439180e-01   0.0000000e+00
   1.9400000e+00   5.1332304e-01   0.0000000e+00
   1.9600000e+00   5.1225429e-01   0.0000000e+00
   1.9800000e+00   5.1118553e-01   0.0000000e+00
   2.0000000e+00   5.1011678e-01   0.0000000e+00
   2.0200000e+00   5.0904803e-01   0.0000000e+00
   2.0400000e+00   5.0797927e-01   0.0000000e+00
   2.0600000e+00   5.0691052e-01   0.0000000e+00
   2.0800000e+00   5.0584176e-01   0.0000000e+00
   2.1000000e+00   5.0477301e-01   0.0000000e+00
   2.1200000e+00   5.0370425e-01   0.0000000e+00
   2.1400000e+00   5.0263550e-01   0.0000000e+00
   2.1600000e+00   5.0156675e-01   0.0000000e+00
   2.1800000e+00   5.0049799e-01   0.0000000e+00
   2.2000000e+00   4.9942924e-01   0.0000000e+00
   2.2200000e+00   4.9836048e-01   0.0000000e+00
   2.2400000e+00   4.9692699e-01   0.0000000e+00
   2.2600000e+00   4.9553272e-01   0.0000000e+00
   2.2800000e+00   4.9417766e-01   0.0000000e+00
   2.3000000e+00   4.9310891e-01   0.0000000e+00
   2.3200000e+00   4.9203278e-01   0.0000000e+00
   2.3400000e+00   4.9094928e-01   0.0000000e+00
   2.3600000e+00   4.8934615e-01   0.0000000e+00
   2.3800000e+00   4.8795925e-01   0.0000000e+00
   2.4000000e+00   4.8678857e-01   0.0000000e+00
   2.4200000e+00   4.8540403e-01   0.0000000e+00
   2.4400000e+00   4.8400975e-01   0.0000000e+00
   2.4600000e+00   4.8260575e-01   0.0000000e+00
   2.4800000e+00   4.8153699e-01   0.0000000e+00
   2.5000000e+00   4.8046824e-01   0.0000000e+00
   2.5200000e+00   4.7939949e-01   0.0000000e+00
   2.5400000e+00   4.7833073e-01   0.0000000e+00
   2.5600000e+00   4.7707022e-01   0.0000000e+00
   2.5800000e+00   4.7561796e-01   0.0000000e+00
   2.6000000e+00   4.7401483e-01   0.0000000e+00
   2.6200000e+00   4.7241170e-01   0.0000000e+00
   2.6400000e+00   4.7080857e-01   0.0000000e+00
   2.6600000e+00   4.6920544e-01   0.0000000e+00
   2.6800000e+00   4.6760231e-01   0.0000000e+00
   2.7000000e+00   4.6599917e-01   0.0000000e+00
   2.7200000e+00   4.6484727e-01   0.0000000e+00
   2.7400000e+00   4.6340238e-01   0.0000000e+00
   2.7600000e+00   4.6166450e-01   0.0000000e+00
   2.7800000e+00   4.5996279e-01   0.0000000e+00
   2.8000000e+00   4.5857755e-01   0.0000000e+00
   2.8200000e+00   4.5750880e-01   0.0000000e+00
   2.8400000e+00   4.5644005e-01   0.0000000e+00
   2.8600000e+00   4.5537129e-01   0.0000000e+00
   2.8800000e+00   4.5430254e-01   0.0000000e+00
   2.9000000e+00   4.5323378e-01   0.0000000e+00
   2.9200000e+00   4.5216503e-01   0.0000000e+00
   2.9400000e+00   4.5109628e-01   0.0000000e+00
   2.9600000e+00   4.5002752e-01   0.0000000e+00
   2.9800000e+00   4.4895877e-01   0.0000000e+00
   3.0000000e+00   4.4789001e-01   0.0000000e+00
   3.0200000e+00   4.4682126e-01   0.0000000e+00
   3.0400000e+00   4.4575250e-01   0.0000000e+00
   3.0600000e+00   4.4468375e-01   0.0000000e+00
   3.0800000e+00   4.4396833e-01   0.0000000e+00
   3.1000000e+00   4.4310676e-01   0.0000000e+00
   3.1200000e+00   4.4209905e-01   0.0000000e+00
   3.1400000e+00   4.4061592e-01   0.0000000e+00
   3.1600000e+00   4.3933998e-01   0.0000000e+00
   3.1800000e+00   4.3827123e-01   0.0000000e+00
   3.2000000e+00   4.3720247e-01   0.0000000e+00
   3.2200000e+00   4.3592319e-01   0.0000000e+00
   3.2400000e+00   4.3443338e-01   0.0000000e+00
   3.2600000e+00   4.3283025e-01   0.0000000e+00
   3.2800000e+00   4.3132098e-01   0.0000000e+00
   3.3000000e+00   4.2990558e-01   0.0000000e+00
   3.3200000e+00   4.2876576e-01   0.0000000e+00
   3.3400000e+00   4.2739429e-01   0.0000000e+00
   3.3600000e+00   4.2579116e-01   0.0000000e+00
   3.3800000e+00   4.2467680e-01   0.0000000e+00
   3.4000000e+00   4.2358524e-01   0.0000000e+00
   3.4200000e+00   4.2251649e-01   0.0000000e+00
   3.4400000e+00   4.2170318e-01   0.0000000e+00
   3.4600000e+00   4.2095995e-01   0.0000000e+00
   3.4800000e+00   4.2028679e-01   0.0000000e+00
   3.5000000e+00   4.1921804e-01   0.0000000e+00
   3.5200000e+00   4.1814928e-01   0.0000000e+00
   3.5400000e+00   4.1708053e-01   0.0000000e+00
   3.5600000e+00   4.1645160e-01   0.0000000e+00
   3.5800000e+00   4.1586995e-01   0.0000000e+00
   3.6000000e+00   4.1533557e-01   0.0000000e+00
   2.0000000e+00   7.5828003e-01   1.0000000e+00
   2.0200000e+00   7.5533894e-01   1.0000000e+00
   2.0400000e+00   7.5266302e-01   1.0000000e+00
   2.0600000e+00   7.5164587e-01   1.0000000e+00
   2.0800000e+00   7.5027606e-01   1.0000000e+00
   2.1000000e+00   7.4855362e-01   1.0000000e+00
   2.1200000e+00   7.4606208e-01   1.0000000e+00
   2.1400000e+00   7.4377941e-01   1.0000000e+00
   2.1600000e+00   7.4170559e-01   1.0000000e+00
   2.1800000e+00   7.4010246e-01   1.0000000e+00
   2.2000000e+00   7.3849933e-01   1.0000000e+00
   2.2200000e+00   7.3689620e-01   1.0000000e+00
   2.2400000e+00   7.3456359e-01   1.0000000e+00
   2.2600000e+00   7.3218538e-01   1.0000000e+00
   2.2800000e+00   7.2976157e-01   1.0000000e+00
   2.3000000e+00   7.2788688e-01   1.0000000e+00
   2.3200000e+00   7.2640041e-01   1.0000000e+00
   2.3400000e+00   7.2530217e-01   1.0000000e+00
   2.3600000e+00   7.2316466e-01   1.0000000e+00
   2.3800000e+00   7.2102716e-01   1.0000000e+00
   2.4000000e+00   7.1888965e-01   1.0000000e+00
   2.4200000e+00   7.1675214e-01   1.0000000e+00
   2.4400000e+00   7.1461463e-01   1.0000000e+00
   2.4600000e+00   7.1247712e-01   1.0000000e+00
   2.4800000e+00   7.1033961e-01   1.0000000e+00
   2.5000000e+00   7.0820211e-01   1.0000000e+00
   2.5200000e+00   7.0606460e-01   1.0000000e+00
   2.5400000e+00   7.0392709e-01   1.0000000e+00
   2.5600000e+00   7.0198134e-01   1.0000000e+00
   2.5800000e+00   7.0022734e-01   1.0000000e+00
   2.6000000e+00   6.9835736e-01   1.0000000e+00
   2.6200000e+00   6.9635362e-01   1.0000000e+00
   2.6400000e+00   6.9421611e-01   1.0000000e+00
   2.6600000e+00   6.9211212e-01   1.0000000e+00
   2.6800000e+00   6.9025856e-01   1.0000000e+00
   2.7000000e+00   6.8865542e-01   1.0000000e+00
   2.7200000e+00   6.8660107e-01   1.0000000e+00
   2.7400000e+00   6.8483970e-01   1.0000000e+00
   2.7600000e+00   6.8337131e-01   1.0000000e+00
   2.7800000e+00   6.8186676e-01   1.0000000e+00
   2.8000000e+00   6.8009635e-01   1.0000000e+00
   2.8200000e+00   6.7806007e-01   1.0000000e+00
   2.8400000e+00   6.7645694e-01   1.0000000e+00
   2.8600000e+00   6.7459434e-01   1.0000000e+00
   2.8800000e+00   6.7247226e-01   1.0000000e+00
   2.9000000e+00   6.7033476e-01   1.0000000e+00
   2.9200000e+00   6.6819725e-01   1.0000000e+00
   2.9400000e+00   6.6605974e-01   1.0000000e+00
   2.9600000e+00   6.6392223e-01   1.0000000e+00
   2.9800000e+00   6.6181087e-01   1.0000000e+00
   3.0000000e+00   6.5972564e-01   1.0000000e+00
   3.0200000e+00   6.5812251e-01   1.0000000e+00
   3.0400000e+00   6.5675438e-01   1.0000000e+00
   3.0600000e+00   6.5562125e-01   1.0000000e+00
   3.0800000e+00   6.5419916e-01   1.0000000e+00
   3.1000000e+00   6.5280489e-01   1.0000000e+00
   3.1200000e+00   6.5143843e-01   1.0000000e+00
   3.1400000e+00   6.5036967e-01   1.0000000e+00
   3.1600000e+00   6.4930092e-01   1.0000000e+00
   3.1800000e+00   6.4823216e-01   1.0000000e+00
   3.2000000e+00   6.4716341e-01   1.0000000e+00
   3.2200000e+00   6.4588413e-01   1.0000000e+00
   3.2400000e+00   6.4439432e-01   1.0000000e+00
   3.2600000e+00   6.4248680e-01   1.0000000e+00
   3.2800000e+00   6.4065201e-01   1.0000000e+00
   3.3000000e+00   6.3888995e-01   1.0000000e+00
   3.3200000e+00   6.3767908e-01   1.0000000e+00
   3.3400000e+00   6.3600489e-01   1.0000000e+00
   3.3600000e+00   6.3386738e-01   1.0000000e+00
   3.3800000e+00   6.3270742e-01   1.0000000e+00
   3.4000000e+00   6.3122095e-01   1.0000000e+00
   3.4200000e+00   6.2940798e-01   1.0000000e+00
   3.4400000e+00   6.2803680e-01   1.0000000e+00
   3.4600000e+00   6.2701463e-01   1.0000000e+00
   3.4800000e+00   6.2634148e-01   1.0000000e+00
   3.5000000e+00   6.2527272e-01   1.0000000e+00
   3.5200000e+00   6.2420397e-01   1.0000000e+00
   3.5400000e+00   6.2313522e-01   1.0000000e+00
   3.5600000e+00   6.2250629e-01   1.0000000e+00
   3.5800000e+00   6.2192464e-01   1.0000000e+00
   3.6000000e+00   6.2139026e-01   1.0000000e+00
   3.6200000e+00   6.2085588e-01   1.0000000e+00
   3.6400000e+00   6.2032150e-01   1.0000000e+00
   3.6600000e+00   6.1978713e-01   1.0000000e+00
   3.6800000e+00   6.1925275e-01   1.0000000e+00
   3.7000000e+00   6.1846460e-01   1.0000000e+00
   3.7200000e+00   6.1742268e-01   1.0000000e+00
   3.7400000e+00   6.1635393e-01   1.0000000e+00
   3.7600000e+00   6.1542228e-01   1.0000000e+00
   3.7800000e+00   6.1462774e-01   1.0000000e+00
   3.8000000e+00   6.1393581e-01   1.0000000e+00
