   6.0000000e-01   9.8012365e-01   0.0000000e+00
   6.2000000e-01   9.6713368e-01   0.0000000e+00
   6.4000000e-01   9.5228514e-01   0.0000000e+00
   6.6000000e-01   9.3557802e-01   0.0000000e+00
   6.8000000e-01   9.0992792e-01   0.0000000e+00
   7.0000000e-01   8.8450545e-01   0.0000000e+00
   7.2000000e-01   8.5931061e-01   0.0000000e+00
   7.4000000e-01   8.3690363e-01   0.0000000e+00
   7.6000000e-01   8.1661136e-01   0.0000000e+00
   7.8000000e-01   7.9843379e-01   0.0000000e+00
   8.0000000e-01   7.8347929e-01   0.0000000e+00
   8.2000000e-01   7.6745201e-01   0.0000000e+00
   8.4000000e-01   7.5035195e-01   0.0000000e+00
   8.6000000e-01   7.3586676e-01   0.0000000e+00
   8.8000000e-01   7.2161323e-01   0.0000000e+00
   9.0000000e-01   7.0759137e-01   0.0000000e+00
   9.2000000e-01   6.9630438e-01   0.0000000e+00
   9.4000000e-01   6.8637816e-01   0.0000000e+00
   9.6000000e-01   6.7781269e-01   0.0000000e+00
   9.8000000e-01   6.7044405e-01   0.0000000e+00
   1.0000000e+00   6.6355346e-01   0.0000000e+00
   1.0200000e+00   6.5714094e-01   0.0000000e+00
   1.0400000e+00   6.5120245e-01   0.0000000e+00
   1.0600000e+00   6.4565149e-01   0.0000000e+00
   1.0800000e+00   6.4048807e-01   0.0000000e+00
   1.1000000e+00   6.3567868e-01   0.0000000e+00
   1.1200000e+00   6.3086929e-01   0.0000000e+00
   1.1400000e+00   6.2605989e-01   0.0000000e+00
   1.1600000e+00   6.2125787e-01   0.0000000e+00
   1.1800000e+00   6.1671935e-01   0.0000000e+00
   1.2000000e+00   6.1244433e-01   0.0000000e+00
   1.2200000e+00   6.0859440e-01   0.0000000e+00
   1.2400000e+00   6.0479912e-01   0.0000000e+00
   1.2600000e+00   6.0105848e-01   0.0000000e+00
   1.2800000e+00   5.9731784e-01   0.0000000e+00
   1.3000000e+00   5.9357720e-01   0.0000000e+00
   1.3200000e+00   5.8983656e-01   0.0000000e+00
   1.3400000e+00   5.8609592e-01   0.0000000e+00
   1.3600000e+00   5.8260168e-01   0.0000000e+00
   1.3800000e+00   5.7935384e-01   0.0000000e+00
   1.4000000e+00   5.7577144e-01   0.0000000e+00
   1.4200000e+00   5.7223966e-01   0.0000000e+00
   1.4400000e+00   5.6875849e-01   0.0000000e+00
   1.4600000e+00   5.6555223e-01   0.0000000e+00
   1.4800000e+00   5.6234597e-01   0.0000000e+00
   1.5000000e+00   5.5913971e-01   0.0000000e+00
   1.5200000e+00   5.5593345e-01   0.0000000e+00
   1.5400000e+00   5.5272718e-01   0.0000000e+00
   1.5600000e+00   5.4952092e-01   0.0000000e+00
   1.5800000e+00   5.4664185e-01   0.0000000e+00
   1.6000000e+00   5.4386637e-01   0.0000000e+00
   1.6200000e+00   5.4119449e-01   0.0000000e+00
   1.6400000e+00   5.3852260e-01   0.0000000e+00
   1.6600000e+00   5.3585072e-01   0.0000000e+00
   1.6800000e+00   5.3317883e-01   0.0000000e+00
   1.7000000e+00   5.3101852e-01   0.0000000e+00
   1.7200000e+00   5.2886961e-01   0.0000000e+00
   1.7400000e+00   5.2673210e-01   0.0000000e+00
   1.7600000e+00   5.2487284e-01   0.0000000e+00
   1.7800000e+00   5.2306085e-01   0.0000000e+00
   1.8000000e+00   5.2129614e-01   0.0000000e+00
   1.8200000e+00   5.1924846e-01   0.0000000e+00
   1.8400000e+00   5.1769025e-01   0.0000000e+00
   1.8600000e+00   5.1662150e-01   0.0000000e+00
   1.8800000e+00   5.1509011e-01   0.0000000e+00
   1.9000000e+00   5.1352286e-01   0.0000000e+00
   1.9200000e+00   5.1191973e-01   0.0000000e+00
   1.9400000e+00   5.1077519e-01   0.0000000e+00
   1.9600000e+00   5.0987942e-01   0.0000000e+00
   1.9800000e+00   5.0923241e-01   0.0000000e+00
   2.0000000e+00   5.0816365e-01   0.0000000e+00
   2.0200000e+00   5.0709490e-01   0.0000000e+00
   2.0400000e+00   5.0602615e-01   0.0000000e+00
   2.0600000e+00   5.0495739e-01   0.0000000e+00
   2.0800000e+00   5.0388864e-01   0.0000000e+00
   2.1000000e+00   5.0281988e-01   0.0000000e+00
   2.1200000e+00   5.0175113e-01   0.0000000e+00
   2.1400000e+00   5.0068238e-01   0.0000000e+00
   2.1600000e+00   4.9961362e-01   0.0000000e+00
   2.1800000e+00   4.9854487e-01   0.0000000e+00
   2.2000000e+00   4.9747611e-01   0.0000000e+00
   2.2200000e+00   4.9640736e-01   0.0000000e+00
   2.2400000e+00   4.9533861e-01   0.0000000e+00
   2.2600000e+00   4.9414582e-01   0.0000000e+00
   2.2800000e+00   4.9282899e-01   0.0000000e+00
   2.3000000e+00   4.9135727e-01   0.0000000e+00
   2.3200000e+00   4.9008703e-01   0.0000000e+00
   2.3400000e+00   4.8901827e-01   0.0000000e+00
   2.3600000e+00   4.8794952e-01   0.0000000e+00
   2.3800000e+00   4.8688076e-01   0.0000000e+00
   2.4000000e+00   4.8581201e-01   0.0000000e+00
   2.4200000e+00   4.8474326e-01   0.0000000e+00
   2.4400000e+00   4.8367450e-01   0.0000000e+00
   2.4600000e+00   4.8260575e-01   0.0000000e+00
   2.4800000e+00   4.8153699e-01   0.0000000e+00
   2.5000000e+00   4.8046824e-01   0.0000000e+00
   2.5200000e+00   4.7939949e-01   0.0000000e+00
   2.5400000e+00   4.7833073e-01   0.0000000e+00
   2.5600000e+00   4.7707022e-01   0.0000000e+00
   2.5800000e+00   4.7561796e-01   0.0000000e+00
   2.6000000e+00   4.7401483e-01   0.0000000e+00
   2.6200000e+00   4.7233661e-01   0.0000000e+00
   2.6400000e+00   4.7058330e-01   0.0000000e+00
   2.6600000e+00   4.6851282e-01   0.0000000e+00
   2.6800000e+00   4.6694320e-01   0.0000000e+00
   2.7000000e+00   4.6587445e-01   0.0000000e+00
   2.7200000e+00   4.6390324e-01   0.0000000e+00
   2.7400000e+00   4.6218345e-01   0.0000000e+00
   2.7600000e+00   4.6071506e-01   0.0000000e+00
   2.7800000e+00   4.5964631e-01   0.0000000e+00
   2.8000000e+00   4.5857755e-01   0.0000000e+00
   2.8200000e+00   4.5750880e-01   0.0000000e+00
   2.8400000e+00   4.5644005e-01   0.0000000e+00
   2.8600000e+00   4.5537129e-01   0.0000000e+00
   2.8800000e+00   4.5430254e-01   0.0000000e+00
   2.9000000e+00   4.5323378e-01   0.0000000e+00
   2.9200000e+00   4.5216503e-01   0.0000000e+00
   2.9400000e+00   4.5109628e-01   0.0000000e+00
   2.9600000e+00   4.5002752e-01   0.0000000e+00
   2.9800000e+00   4.4898491e-01   0.0000000e+00
   3.0000000e+00   4.4796844e-01   0.0000000e+00
   3.0200000e+00   4.4743407e-01   0.0000000e+00
   3.0400000e+00   4.4666469e-01   0.0000000e+00
   3.0600000e+00   4.4566031e-01   0.0000000e+00
   3.0800000e+00   4.4494489e-01   0.0000000e+00
   3.1000000e+00   4.4420166e-01   0.0000000e+00
   3.1200000e+00   4.4343061e-01   0.0000000e+00
   3.1400000e+00   4.4224185e-01   0.0000000e+00
   3.1600000e+00   4.4084758e-01   0.0000000e+00
   3.1800000e+00   4.3924779e-01   0.0000000e+00
   3.2000000e+00   4.3817903e-01   0.0000000e+00
   3.2200000e+00   4.3711028e-01   0.0000000e+00
   3.2400000e+00   4.3604153e-01   0.0000000e+00
   3.2600000e+00   4.3497277e-01   0.0000000e+00
   3.2800000e+00   4.3381016e-01   0.0000000e+00
   3.3000000e+00   4.3255368e-01   0.0000000e+00
   3.3200000e+00   4.3102161e-01   0.0000000e+00
   3.3400000e+00   4.2972119e-01   0.0000000e+00
   3.3600000e+00   4.2865244e-01   0.0000000e+00
   3.3800000e+00   4.2758369e-01   0.0000000e+00
   3.4000000e+00   4.2651493e-01   0.0000000e+00
   3.4200000e+00   4.2544618e-01   0.0000000e+00
   3.4400000e+00   4.2463287e-01   0.0000000e+00
   3.4600000e+00   4.2382024e-01   0.0000000e+00
   3.4800000e+00   4.2300831e-01   0.0000000e+00
   3.5000000e+00   4.2144941e-01   0.0000000e+00
   3.5200000e+00   4.2040277e-01   0.0000000e+00
   3.5400000e+00   4.1986839e-01   0.0000000e+00
   3.5600000e+00   4.1889419e-01   0.0000000e+00
   2.0000000e+00   7.5828003e-01   1.0000000e+00
   2.0200000e+00   7.5533894e-01   1.0000000e+00
   2.0400000e+00   7.5266302e-01   1.0000000e+00
   2.0600000e+00   7.4999114e-01   1.0000000e+00
   2.0800000e+00   7.4761627e-01   1.0000000e+00
   2.1000000e+00   7.4553842e-01   1.0000000e+00
   2.1200000e+00   7.4375494e-01   1.0000000e+00
   2.1400000e+00   7.4182628e-01   1.0000000e+00
   2.1600000e+00   7.3975247e-01   1.0000000e+00
   2.1800000e+00   7.3814933e-01   1.0000000e+00
   2.2000000e+00   7.3630550e-01   1.0000000e+00
   2.2200000e+00   7.3422097e-01   1.0000000e+00
   2.2400000e+00   7.3208346e-01   1.0000000e+00
   2.2600000e+00   7.2994595e-01   1.0000000e+00
   2.2800000e+00   7.2780844e-01   1.0000000e+00
   2.3000000e+00   7.2567094e-01   1.0000000e+00
   2.3200000e+00   7.2354817e-01   1.0000000e+00
   2.3400000e+00   7.2144015e-01   1.0000000e+00
   2.3600000e+00   7.2037139e-01   1.0000000e+00
   2.3800000e+00   7.1887019e-01   1.0000000e+00
   2.4000000e+00   7.1693652e-01   1.0000000e+00
   2.4200000e+00   7.1448322e-01   1.0000000e+00
   2.4400000e+00   7.1211976e-01   1.0000000e+00
   2.4600000e+00   7.0984612e-01   1.0000000e+00
   2.4800000e+00   7.0807807e-01   1.0000000e+00
   2.5000000e+00   7.0585810e-01   1.0000000e+00
   2.5200000e+00   7.0318622e-01   1.0000000e+00
   2.5400000e+00   7.0101450e-01   1.0000000e+00
   2.5600000e+00   6.9885989e-01   1.0000000e+00
   2.5800000e+00   6.9672239e-01   1.0000000e+00
   2.6000000e+00   6.9458488e-01   1.0000000e+00
   2.6200000e+00   6.9252246e-01   1.0000000e+00
   2.6400000e+00   6.9053513e-01   1.0000000e+00
   2.6600000e+00   6.8889848e-01   1.0000000e+00
   2.6800000e+00   6.8701141e-01   1.0000000e+00
   2.7000000e+00   6.8487390e-01   1.0000000e+00
   2.7200000e+00   6.8363885e-01   1.0000000e+00
   2.7400000e+00   6.8215238e-01   1.0000000e+00
   2.7600000e+00   6.8041450e-01   1.0000000e+00
   2.7800000e+00   6.7827699e-01   1.0000000e+00
   2.8000000e+00   6.7619010e-01   1.0000000e+00
   2.8200000e+00   6.7415382e-01   1.0000000e+00
   2.8400000e+00   6.7255069e-01   1.0000000e+00
   2.8600000e+00   6.7068809e-01   1.0000000e+00
   2.8800000e+00   6.6856601e-01   1.0000000e+00
   2.9000000e+00   6.6723307e-01   1.0000000e+00
   2.9200000e+00   6.6574660e-01   1.0000000e+00
   2.9400000e+00   6.6410661e-01   1.0000000e+00
   2.9600000e+00   6.6213806e-01   1.0000000e+00
   2.9800000e+00   6.6032607e-01   1.0000000e+00
   3.0000000e+00   6.5867065e-01   1.0000000e+00
   3.0200000e+00   6.5653314e-01   1.0000000e+00
   3.0400000e+00   6.5486564e-01   1.0000000e+00
   3.0600000e+00   6.5366813e-01   1.0000000e+00
   3.0800000e+00   6.5259937e-01   1.0000000e+00
   3.1000000e+00   6.5141228e-01   1.0000000e+00
   3.1200000e+00   6.5010686e-01   1.0000000e+00
   3.1400000e+00   6.4862373e-01   1.0000000e+00
   3.1600000e+00   6.4734779e-01   1.0000000e+00
   3.1800000e+00   6.4627904e-01   1.0000000e+00
   3.2000000e+00   6.4521029e-01   1.0000000e+00
   3.2200000e+00   6.4393100e-01   1.0000000e+00
   3.2400000e+00   6.4244120e-01   1.0000000e+00
   3.2600000e+00   6.4114245e-01   1.0000000e+00
   3.2800000e+00   6.3977098e-01   1.0000000e+00
   3.3000000e+00   6.3832678e-01   1.0000000e+00
   3.3200000e+00   6.3633139e-01   1.0000000e+00
   3.3400000e+00   6.3479932e-01   1.0000000e+00
   3.3600000e+00   6.3373056e-01   1.0000000e+00
   3.3800000e+00   6.3168427e-01   1.0000000e+00
   3.4000000e+00   6.2996447e-01   1.0000000e+00
   3.4200000e+00   6.2857118e-01   1.0000000e+00
   3.4400000e+00   6.2724698e-01   1.0000000e+00
   3.4600000e+00   6.2585271e-01   1.0000000e+00
   3.4800000e+00   6.2438835e-01   1.0000000e+00
   3.5000000e+00   6.2334171e-01   1.0000000e+00
   3.5200000e+00   6.2255120e-01   1.0000000e+00
   3.5400000e+00   6.2201683e-01   1.0000000e+00
   3.5600000e+00   6.2148245e-01   1.0000000e+00
   3.5800000e+00   6.2078649e-01   1.0000000e+00
   3.6000000e+00   6.1992895e-01   1.0000000e+00
   3.6200000e+00   6.1927319e-01   1.0000000e+00
   3.6400000e+00   6.1890040e-01   1.0000000e+00
   3.6600000e+00   6.1881056e-01   1.0000000e+00
   3.6800000e+00   6.1827619e-01   1.0000000e+00
   3.7000000e+00   6.1774181e-01   1.0000000e+00
   3.7200000e+00   6.1720743e-01   1.0000000e+00
   3.7400000e+00   6.1667306e-01   1.0000000e+00
   3.7600000e+00   6.1586446e-01   1.0000000e+00
   3.7800000e+00   6.1478166e-01   1.0000000e+00
