   6.0000000e-01   9.8069391e-01   0.0000000e+00
   6.2000000e-01   9.6747798e-01   0.0000000e+00
   6.4000000e-01   9.5270855e-01   0.0000000e+00
   6.6000000e-01   9.3638563e-01   0.0000000e+00
   6.8000000e-01   9.0913240e-01   0.0000000e+00
   7.0000000e-01   8.8301732e-01   0.0000000e+00
   7.2000000e-01   8.5804037e-01   0.0000000e+00
   7.4000000e-01   8.3515199e-01   0.0000000e+00
   7.6000000e-01   8.1419561e-01   0.0000000e+00
   7.8000000e-01   7.9517121e-01   0.0000000e+00
   8.0000000e-01   7.7989286e-01   0.0000000e+00
   8.2000000e-01   7.6397085e-01   0.0000000e+00
   8.4000000e-01   7.4740516e-01   0.0000000e+00
   8.6000000e-01   7.3397732e-01   0.0000000e+00
   8.8000000e-01   7.2017738e-01   0.0000000e+00
   9.0000000e-01   7.0600534e-01   0.0000000e+00
   9.2000000e-01   6.9418397e-01   0.0000000e+00
   9.4000000e-01   6.8380986e-01   0.0000000e+00
   9.6000000e-01   6.7488300e-01   0.0000000e+00
   9.8000000e-01   6.6751436e-01   0.0000000e+00
   1.0000000e+00   6.6062378e-01   0.0000000e+00
   1.0200000e+00   6.5421125e-01   0.0000000e+00
   1.0400000e+00   6.4827276e-01   0.0000000e+00
   1.0600000e+00   6.4272180e-01   0.0000000e+00
   1.0800000e+00   6.3755838e-01   0.0000000e+00
   1.1000000e+00   6.3274899e-01   0.0000000e+00
   1.1200000e+00   6.2800162e-01   0.0000000e+00
   1.1400000e+00   6.2331626e-01   0.0000000e+00
   1.1600000e+00   6.1903387e-01   0.0000000e+00
   1.1800000e+00   6.1448798e-01   0.0000000e+00
   1.2000000e+00   6.0967859e-01   0.0000000e+00
   1.2200000e+00   6.0614444e-01   0.0000000e+00
   1.2400000e+00   6.0246582e-01   0.0000000e+00
   1.2600000e+00   5.9864272e-01   0.0000000e+00
   1.2800000e+00   5.9475122e-01   0.0000000e+00
   1.3000000e+00   5.9116479e-01   0.0000000e+00
   1.3200000e+00   5.8788343e-01   0.0000000e+00
   1.3400000e+00   5.8414279e-01   0.0000000e+00
   1.3600000e+00   5.8040215e-01   0.0000000e+00
   1.3800000e+00   5.7666151e-01   0.0000000e+00
   1.4000000e+00   5.7292088e-01   0.0000000e+00
   1.4200000e+00   5.6930997e-01   0.0000000e+00
   1.4400000e+00   5.6582881e-01   0.0000000e+00
   1.4600000e+00   5.6262254e-01   0.0000000e+00
   1.4800000e+00   5.5941628e-01   0.0000000e+00
   1.5000000e+00   5.5621002e-01   0.0000000e+00
   1.5200000e+00   5.5300376e-01   0.0000000e+00
   1.5400000e+00   5.4979750e-01   0.0000000e+00
   1.5600000e+00   5.4659123e-01   0.0000000e+00
   1.5800000e+00   5.4338497e-01   0.0000000e+00
   1.6000000e+00   5.4028397e-01   0.0000000e+00
   1.6200000e+00   5.3728824e-01   0.0000000e+00
   1.6400000e+00   5.3461635e-01   0.0000000e+00
   1.6600000e+00   5.3194447e-01   0.0000000e+00
   1.6800000e+00   5.2927258e-01   0.0000000e+00
   1.7000000e+00   5.2711227e-01   0.0000000e+00
   1.7200000e+00   5.2496336e-01   0.0000000e+00
   1.7400000e+00   5.2282585e-01   0.0000000e+00
   1.7600000e+00   5.2096659e-01   0.0000000e+00
   1.7800000e+00   5.1923539e-01   0.0000000e+00
   1.8000000e+00   5.1763226e-01   0.0000000e+00
   1.8200000e+00   5.1602913e-01   0.0000000e+00
   1.8400000e+00   5.1442600e-01   0.0000000e+00
   1.8600000e+00   5.1282287e-01   0.0000000e+00
   1.8800000e+00   5.1168237e-01   0.0000000e+00
   1.9000000e+00   5.1040476e-01   0.0000000e+00
   1.9200000e+00   5.0899004e-01   0.0000000e+00
   1.9400000e+00   5.0784551e-01   0.0000000e+00
   1.9600000e+00   5.0689342e-01   0.0000000e+00
   1.9800000e+00   5.0613377e-01   0.0000000e+00
   2.0000000e+00   5.0453064e-01   0.0000000e+00
   2.0200000e+00   5.0319268e-01   0.0000000e+00
   2.0400000e+00   5.0211990e-01   0.0000000e+00
   2.0600000e+00   5.0105114e-01   0.0000000e+00
   2.0800000e+00   4.9998239e-01   0.0000000e+00
   2.1000000e+00   4.9891363e-01   0.0000000e+00
   2.1200000e+00   4.9784488e-01   0.0000000e+00
   2.1400000e+00   4.9677613e-01   0.0000000e+00
   2.1600000e+00   4.9570737e-01   0.0000000e+00
   2.1800000e+00   4.9463862e-01   0.0000000e+00
   2.2000000e+00   4.9356986e-01   0.0000000e+00
   2.2200000e+00   4.9250111e-01   0.0000000e+00
   2.2400000e+00   4.9143236e-01   0.0000000e+00
   2.2600000e+00   4.9036360e-01   0.0000000e+00
   2.2800000e+00   4.8929485e-01   0.0000000e+00
   2.3000000e+00   4.8822609e-01   0.0000000e+00
   2.3200000e+00   4.8715734e-01   0.0000000e+00
   2.3400000e+00   4.8608859e-01   0.0000000e+00
   2.3600000e+00   4.8501983e-01   0.0000000e+00
   2.3800000e+00   4.8395108e-01   0.0000000e+00
   2.4000000e+00   4.8288232e-01   0.0000000e+00
   2.4200000e+00   4.8181357e-01   0.0000000e+00
   2.4400000e+00   4.8074481e-01   0.0000000e+00
   2.4600000e+00   4.7967606e-01   0.0000000e+00
   2.4800000e+00   4.7852485e-01   0.0000000e+00
   2.5000000e+00   4.7714767e-01   0.0000000e+00
   2.5200000e+00   4.7554454e-01   0.0000000e+00
   2.5400000e+00   4.7444158e-01   0.0000000e+00
   2.5600000e+00   4.7316397e-01   0.0000000e+00
   2.5800000e+00   4.7171171e-01   0.0000000e+00
   2.6000000e+00   4.7010858e-01   0.0000000e+00
   2.6200000e+00   4.6843036e-01   0.0000000e+00
   2.6400000e+00   4.6667705e-01   0.0000000e+00
   2.6600000e+00   4.6457306e-01   0.0000000e+00
   2.6800000e+00   4.6271949e-01   0.0000000e+00
   2.7000000e+00   4.6111636e-01   0.0000000e+00
   2.7200000e+00   4.5996446e-01   0.0000000e+00
   2.7400000e+00   4.5868685e-01   0.0000000e+00
   2.7600000e+00   4.5728353e-01   0.0000000e+00
   2.7800000e+00   4.5611620e-01   0.0000000e+00
   2.8000000e+00   4.5521472e-01   0.0000000e+00
   2.8200000e+00   4.5457911e-01   0.0000000e+00
   2.8400000e+00   4.5351036e-01   0.0000000e+00
   2.8600000e+00   4.5244160e-01   0.0000000e+00
   2.8800000e+00   4.5137285e-01   0.0000000e+00
   2.9000000e+00   4.5030410e-01   0.0000000e+00
   2.9200000e+00   4.4937815e-01   0.0000000e+00
   2.9400000e+00   4.4859501e-01   0.0000000e+00
   2.9600000e+00   4.4789168e-01   0.0000000e+00
   2.9800000e+00   4.4703179e-01   0.0000000e+00
   3.0000000e+00   4.4601532e-01   0.0000000e+00
   3.0200000e+00   4.4548094e-01   0.0000000e+00
   3.0400000e+00   4.4494657e-01   0.0000000e+00
   3.0600000e+00   4.4441219e-01   0.0000000e+00
   3.0800000e+00   4.4317114e-01   0.0000000e+00
   3.1000000e+00   4.4186739e-01   0.0000000e+00
   3.1200000e+00   4.4050093e-01   0.0000000e+00
   3.1400000e+00   4.3943217e-01   0.0000000e+00
   3.1600000e+00   4.3836175e-01   0.0000000e+00
   3.1800000e+00   4.3728965e-01   0.0000000e+00
   3.2000000e+00   4.3568652e-01   0.0000000e+00
   3.2200000e+00   4.3429392e-01   0.0000000e+00
   3.2400000e+00   4.3311184e-01   0.0000000e+00
   3.2600000e+00   4.3204309e-01   0.0000000e+00
   3.2800000e+00   4.3097433e-01   0.0000000e+00
   3.3000000e+00   4.2990558e-01   0.0000000e+00
   3.3200000e+00   4.2883682e-01   0.0000000e+00
   3.3400000e+00   4.2776807e-01   0.0000000e+00
   3.3600000e+00   4.2669931e-01   0.0000000e+00
   3.3800000e+00   4.2563056e-01   0.0000000e+00
   3.4000000e+00   4.2456181e-01   0.0000000e+00
   3.4200000e+00   4.2349305e-01   0.0000000e+00
   3.4400000e+00   4.2267974e-01   0.0000000e+00
   3.4600000e+00   4.2186712e-01   0.0000000e+00
   3.4800000e+00   4.2105519e-01   0.0000000e+00
   3.5000000e+00   4.1949628e-01   0.0000000e+00
   3.5200000e+00   4.1844964e-01   0.0000000e+00
   3.5400000e+00   4.1791526e-01   0.0000000e+00
   3.5600000e+00   4.1694106e-01   0.0000000e+00
   3.5800000e+00   4.1624274e-01   0.0000000e+00
   3.6000000e+00   4.1582031e-01   0.0000000e+00
   3.6200000e+00   4.1602681e-01   0.0000000e+00
   2.0100000e+00   7.5569429e-01   1.0000000e+00
   2.0300000e+00   7.5302240e-01   1.0000000e+00
   2.0500000e+00   7.5097104e-01   1.0000000e+00
   2.0700000e+00   7.4954020e-01   1.0000000e+00
   2.0900000e+00   7.4728338e-01   1.0000000e+00
   2.1100000e+00   7.4482236e-01   1.0000000e+00
   2.1300000e+00   7.4215716e-01   1.0000000e+00
   2.1500000e+00   7.4042665e-01   1.0000000e+00
   2.1700000e+00   7.3822546e-01   1.0000000e+00
   2.1900000e+00   7.3555357e-01   1.0000000e+00
   2.2100000e+00   7.3336309e-01   1.0000000e+00
   2.2300000e+00   7.3119909e-01   1.0000000e+00
   2.2500000e+00   7.2906158e-01   1.0000000e+00
   2.2700000e+00   7.2692407e-01   1.0000000e+00
   2.2900000e+00   7.2485227e-01   1.0000000e+00
   2.3100000e+00   7.2284617e-01   1.0000000e+00
   2.3300000e+00   7.2122829e-01   1.0000000e+00
   2.3500000e+00   7.1935060e-01   1.0000000e+00
   2.3700000e+00   7.1721310e-01   1.0000000e+00
   2.3900000e+00   7.1550804e-01   1.0000000e+00
   2.4100000e+00   7.1353816e-01   1.0000000e+00
   2.4300000e+00   7.1130345e-01   1.0000000e+00
   2.4500000e+00   7.0883069e-01   1.0000000e+00
   2.4700000e+00   7.0652556e-01   1.0000000e+00
   2.4900000e+00   7.0438805e-01   1.0000000e+00
   2.5100000e+00   7.0225054e-01   1.0000000e+00
   2.5300000e+00   7.0011303e-01   1.0000000e+00
   2.5500000e+00   6.9797552e-01   1.0000000e+00
   2.5700000e+00   6.9583801e-01   1.0000000e+00
   2.5900000e+00   6.9370051e-01   1.0000000e+00
   2.6100000e+00   6.9156300e-01   1.0000000e+00
   2.6300000e+00   6.8957567e-01   1.0000000e+00
   2.6500000e+00   6.8776368e-01   1.0000000e+00
   2.6700000e+00   6.8612704e-01   1.0000000e+00
   2.6900000e+00   6.8398953e-01   1.0000000e+00
   2.7100000e+00   6.8185202e-01   1.0000000e+00
   2.7300000e+00   6.7971451e-01   1.0000000e+00
   2.7500000e+00   6.7791157e-01   1.0000000e+00
   2.7700000e+00   6.7620853e-01   1.0000000e+00
   2.7900000e+00   6.7460540e-01   1.0000000e+00
   2.8100000e+00   6.7290103e-01   1.0000000e+00
   2.8300000e+00   6.7098010e-01   1.0000000e+00
   2.8500000e+00   6.6884259e-01   1.0000000e+00
   2.8700000e+00   6.6722403e-01   1.0000000e+00
   2.8900000e+00   6.6561318e-01   1.0000000e+00
   2.9100000e+00   6.6401005e-01   1.0000000e+00
   2.9300000e+00   6.6240692e-01   1.0000000e+00
   2.9500000e+00   6.6071931e-01   1.0000000e+00
   2.9700000e+00   6.5894723e-01   1.0000000e+00
   2.9900000e+00   6.5686201e-01   1.0000000e+00
   3.0100000e+00   6.5501783e-01   1.0000000e+00
   3.0300000e+00   6.5341470e-01   1.0000000e+00
   3.0500000e+00   6.5228157e-01   1.0000000e+00
   3.0700000e+00   6.5082729e-01   1.0000000e+00
   3.0900000e+00   6.4905187e-01   1.0000000e+00
   3.1100000e+00   6.4762437e-01   1.0000000e+00
   3.1300000e+00   6.4652343e-01   1.0000000e+00
   3.1500000e+00   6.4574904e-01   1.0000000e+00
   3.1700000e+00   6.4415259e-01   1.0000000e+00
   3.1900000e+00   6.4308717e-01   1.0000000e+00
   3.2100000e+00   6.4255280e-01   1.0000000e+00
   3.2300000e+00   6.4117631e-01   1.0000000e+00
   3.2500000e+00   6.3968651e-01   1.0000000e+00
   3.2700000e+00   6.3808338e-01   1.0000000e+00
   3.2900000e+00   6.3648024e-01   1.0000000e+00
   3.3100000e+00   6.3491264e-01   1.0000000e+00
   3.3300000e+00   6.3338057e-01   1.0000000e+00
   3.3500000e+00   6.3231182e-01   1.0000000e+00
   3.3700000e+00   6.3075429e-01   1.0000000e+00
   3.3900000e+00   6.2870799e-01   1.0000000e+00
   3.4100000e+00   6.2731470e-01   1.0000000e+00
   3.4300000e+00   6.2595595e-01   1.0000000e+00
   3.4500000e+00   6.2463176e-01   1.0000000e+00
   3.4700000e+00   6.2316740e-01   1.0000000e+00
   3.4900000e+00   6.2190085e-01   1.0000000e+00
   3.5100000e+00   6.2083210e-01   1.0000000e+00
   3.5300000e+00   6.1976334e-01   1.0000000e+00
   3.5500000e+00   6.1891450e-01   1.0000000e+00
   3.5700000e+00   6.1828557e-01   1.0000000e+00
   3.5900000e+00   6.1775120e-01   1.0000000e+00
   3.6100000e+00   6.1711357e-01   1.0000000e+00
   3.6300000e+00   6.1637270e-01   1.0000000e+00
   3.6500000e+00   6.1539378e-01   1.0000000e+00
   3.6700000e+00   6.1463713e-01   1.0000000e+00
   3.6900000e+00   6.1410275e-01   1.0000000e+00
   3.7100000e+00   6.1356837e-01   1.0000000e+00
   3.7300000e+00   6.1283855e-01   1.0000000e+00
   3.7500000e+00   6.1191330e-01   1.0000000e+00
   3.7700000e+00   6.1084454e-01   1.0000000e+00
   3.7900000e+00   6.0985457e-01   1.0000000e+00
