   6.0000000e-01   9.6222473e-01   0.0000000e+00
   6.2000000e-01   9.4557658e-01   0.0000000e+00
   6.4000000e-01   9.2792405e-01   0.0000000e+00
   6.6000000e-01   9.0926715e-01   0.0000000e+00
   6.8000000e-01   8.8415143e-01   0.0000000e+00
   7.0000000e-01   8.6108437e-01   0.0000000e+00
   7.2000000e-01   8.4006596e-01   0.0000000e+00
   7.4000000e-01   8.2077541e-01   0.0000000e+00
   7.6000000e-01   8.0288818e-01   0.0000000e+00
   7.8000000e-01   7.8640426e-01   0.0000000e+00
   8.0000000e-01   7.7283431e-01   0.0000000e+00
   8.2000000e-01   7.5883524e-01   0.0000000e+00
   8.4000000e-01   7.4440706e-01   0.0000000e+00
   8.6000000e-01   7.3468566e-01   0.0000000e+00
   8.8000000e-01   7.2542188e-01   0.0000000e+00
   9.0000000e-01   7.1661572e-01   0.0000000e+00
   9.2000000e-01   7.0980357e-01   0.0000000e+00
   9.4000000e-01   7.0363911e-01   0.0000000e+00
   9.6000000e-01   6.9812236e-01   0.0000000e+00
   9.8000000e-01   6.9246948e-01   0.0000000e+00
   1.0000000e+00   6.8777272e-01   0.0000000e+00
   1.0200000e+00   6.8403209e-01   0.0000000e+00
   1.0400000e+00   6.7934339e-01   0.0000000e+00
   1.0600000e+00   6.7513039e-01   0.0000000e+00
   1.0800000e+00   6.7139309e-01   0.0000000e+00
   1.1000000e+00   6.6746473e-01   0.0000000e+00
   1.1200000e+00   6.6321988e-01   0.0000000e+00
   1.1400000e+00   6.5865856e-01   0.0000000e+00
   1.1600000e+00   6.5490318e-01   0.0000000e+00
   1.1800000e+00   6.5062079e-01   0.0000000e+00
   1.2000000e+00   6.4581140e-01   0.0000000e+00
   1.2200000e+00   6.4227726e-01   0.0000000e+00
   1.2400000e+00   6.3890705e-01   0.0000000e+00
   1.2600000e+00   6.3570079e-01   0.0000000e+00
   1.2800000e+00   6.3191927e-01   0.0000000e+00
   1.3000000e+00   6.2773644e-01   0.0000000e+00
   1.3200000e+00   6.2315232e-01   0.0000000e+00
   1.3400000e+00   6.1994606e-01   0.0000000e+00
   1.3600000e+00   6.1624699e-01   0.0000000e+00
   1.3800000e+00   6.1205512e-01   0.0000000e+00
   1.4000000e+00   6.0815625e-01   0.0000000e+00
   1.4200000e+00   6.0420675e-01   0.0000000e+00
   1.4400000e+00   6.0020664e-01   0.0000000e+00
   1.4600000e+00   5.9593162e-01   0.0000000e+00
   1.4800000e+00   5.9165661e-01   0.0000000e+00
   1.5000000e+00   5.8738159e-01   0.0000000e+00
   1.5200000e+00   5.8310657e-01   0.0000000e+00
   1.5400000e+00   5.7905348e-01   0.0000000e+00
   1.5600000e+00   5.7522232e-01   0.0000000e+00
   1.5800000e+00   5.7148169e-01   0.0000000e+00
   1.6000000e+00   5.6774105e-01   0.0000000e+00
   1.6200000e+00   5.6400041e-01   0.0000000e+00
   1.6400000e+00   5.6025977e-01   0.0000000e+00
   1.6600000e+00   5.5651913e-01   0.0000000e+00
   1.6800000e+00   5.5277849e-01   0.0000000e+00
   1.7000000e+00   5.4903785e-01   0.0000000e+00
   1.7200000e+00   5.4549467e-01   0.0000000e+00
   1.7400000e+00   5.4214894e-01   0.0000000e+00
   1.7600000e+00   5.3922092e-01   0.0000000e+00
   1.7800000e+00   5.3634018e-01   0.0000000e+00
   1.8000000e+00   5.3350671e-01   0.0000000e+00
   1.8200000e+00   5.3034537e-01   0.0000000e+00
   1.8400000e+00   5.2742875e-01   0.0000000e+00
   1.8600000e+00   5.2475686e-01   0.0000000e+00
   1.8800000e+00   5.2254761e-01   0.0000000e+00
   1.9000000e+00   5.2020124e-01   0.0000000e+00
   1.9200000e+00   5.1771777e-01   0.0000000e+00
   1.9400000e+00   5.1527519e-01   0.0000000e+00
   1.9600000e+00   5.1298514e-01   0.0000000e+00
   1.9800000e+00   5.1084763e-01   0.0000000e+00
   2.0000000e+00   5.0871012e-01   0.0000000e+00
   2.0200000e+00   5.0657261e-01   0.0000000e+00
   2.0400000e+00   5.0443511e-01   0.0000000e+00
   2.0600000e+00   5.0188392e-01   0.0000000e+00
   2.0800000e+00   4.9942089e-01   0.0000000e+00
   2.1000000e+00   4.9704602e-01   0.0000000e+00
   2.1200000e+00   4.9490851e-01   0.0000000e+00
   2.1400000e+00   4.9277100e-01   0.0000000e+00
   2.1600000e+00   4.9063349e-01   0.0000000e+00
   2.1800000e+00   4.8849599e-01   0.0000000e+00
   2.2000000e+00   4.8635848e-01   0.0000000e+00
   2.2200000e+00   4.8422097e-01   0.0000000e+00
   2.2400000e+00   4.8208346e-01   0.0000000e+00
   2.2600000e+00   4.8006999e-01   0.0000000e+00
   2.2800000e+00   4.7818055e-01   0.0000000e+00
   2.3000000e+00   4.7657742e-01   0.0000000e+00
   2.3200000e+00   4.7496692e-01   0.0000000e+00
   2.3400000e+00   4.7334905e-01   0.0000000e+00
   2.3600000e+00   4.7121154e-01   0.0000000e+00
   2.3800000e+00   4.6950648e-01   0.0000000e+00
   2.4000000e+00   4.6823389e-01   0.0000000e+00
   2.4200000e+00   4.6653355e-01   0.0000000e+00
   2.4400000e+00   4.6471419e-01   0.0000000e+00
   2.4600000e+00   4.6277581e-01   0.0000000e+00
   2.4800000e+00   4.6117268e-01   0.0000000e+00
   2.5000000e+00   4.5956955e-01   0.0000000e+00
   2.5200000e+00   4.5796642e-01   0.0000000e+00
   2.5400000e+00   4.5686346e-01   0.0000000e+00
   2.5600000e+00   4.5577760e-01   0.0000000e+00
   2.5800000e+00   4.5470885e-01   0.0000000e+00
   2.6000000e+00   4.5364010e-01   0.0000000e+00
   2.6200000e+00   4.5242116e-01   0.0000000e+00
   2.6400000e+00   4.5105205e-01   0.0000000e+00
   2.6600000e+00   4.4901508e-01   0.0000000e+00
   2.6800000e+00   4.4772941e-01   0.0000000e+00
   2.7000000e+00   4.4719504e-01   0.0000000e+00
   2.7200000e+00   4.4575821e-01   0.0000000e+00
   2.7400000e+00   4.4440551e-01   0.0000000e+00
   2.7600000e+00   4.4313694e-01   0.0000000e+00
   2.7800000e+00   4.4206818e-01   0.0000000e+00
   2.8000000e+00   4.4089820e-01   0.0000000e+00
   2.8200000e+00   4.3962697e-01   0.0000000e+00
   2.8400000e+00   4.3748947e-01   0.0000000e+00
   2.8600000e+00   4.3587090e-01   0.0000000e+00
   2.8800000e+00   4.3477129e-01   0.0000000e+00
   2.9000000e+00   4.3330025e-01   0.0000000e+00
   2.9200000e+00   4.3176317e-01   0.0000000e+00
   2.9400000e+00   4.3016004e-01   0.0000000e+00
   2.9600000e+00   4.2872586e-01   0.0000000e+00
   2.9800000e+00   4.2744825e-01   0.0000000e+00
   3.0000000e+00   4.2632721e-01   0.0000000e+00
   3.0200000e+00   4.2472408e-01   0.0000000e+00
   3.0400000e+00   4.2335595e-01   0.0000000e+00
   3.0600000e+00   4.2222281e-01   0.0000000e+00
   3.0800000e+00   4.2150739e-01   0.0000000e+00
   3.1000000e+00   4.2088250e-01   0.0000000e+00
   3.1200000e+00   4.2034812e-01   0.0000000e+00
   3.1400000e+00   4.2041377e-01   0.0000000e+00
   2.0100000e+00   7.7523158e-01   1.0000000e+00
   2.0300000e+00   7.7149497e-01   1.0000000e+00
   2.0500000e+00   7.6796319e-01   1.0000000e+00
   2.0700000e+00   7.6463623e-01   1.0000000e+00
   2.0900000e+00   7.6172699e-01   1.0000000e+00
   2.1100000e+00   7.5893642e-01   1.0000000e+00
   2.1300000e+00   7.5626454e-01   1.0000000e+00
   2.1500000e+00   7.5365634e-01   1.0000000e+00
   2.1700000e+00   7.5128349e-01   1.0000000e+00
   2.1900000e+00   7.4914598e-01   1.0000000e+00
   2.2100000e+00   7.4700847e-01   1.0000000e+00
   2.2300000e+00   7.4468860e-01   1.0000000e+00
   2.2500000e+00   7.4218635e-01   1.0000000e+00
   2.2700000e+00   7.3976254e-01   1.0000000e+00
   2.2900000e+00   7.3741618e-01   1.0000000e+00
   2.3100000e+00   7.3514726e-01   1.0000000e+00
   2.3300000e+00   7.3247537e-01   1.0000000e+00
   2.3500000e+00   7.2980349e-01   1.0000000e+00
   2.3700000e+00   7.2713161e-01   1.0000000e+00
   2.3900000e+00   7.2445972e-01   1.0000000e+00
   2.4100000e+00   7.2162994e-01   1.0000000e+00
   2.4300000e+00   7.1864226e-01   1.0000000e+00
   2.4500000e+00   7.1563513e-01   1.0000000e+00
   2.4700000e+00   7.1275439e-01   1.0000000e+00
   2.4900000e+00   7.1000004e-01   1.0000000e+00
   2.5100000e+00   7.0679378e-01   1.0000000e+00
   2.5300000e+00   7.0408769e-01   1.0000000e+00
   2.5500000e+00   7.0188177e-01   1.0000000e+00
   2.5700000e+00   6.9974427e-01   1.0000000e+00
   2.5900000e+00   6.9774018e-01   1.0000000e+00
   2.6100000e+00   6.9586951e-01   1.0000000e+00
   2.6300000e+00   6.9411620e-01   1.0000000e+00
   2.6500000e+00   6.9218755e-01   1.0000000e+00
   2.6700000e+00   6.9008356e-01   1.0000000e+00
   2.6900000e+00   6.8848043e-01   1.0000000e+00
   2.7100000e+00   6.8687730e-01   1.0000000e+00
   2.7300000e+00   6.8527417e-01   1.0000000e+00
   2.7500000e+00   6.8367103e-01   1.0000000e+00
   2.7700000e+00   6.8250370e-01   1.0000000e+00
   2.7900000e+00   6.8177216e-01   1.0000000e+00
   2.8100000e+00   6.8250900e-01   1.0000000e+00
   2.8300000e+00   6.8367899e-01   1.0000000e+00
   2.8500000e+00   6.8528212e-01   1.0000000e+00
   2.8700000e+00   6.8453473e-01   1.0000000e+00
   2.8900000e+00   6.8375240e-01   1.0000000e+00
   2.9100000e+00   6.8293512e-01   1.0000000e+00
   2.9300000e+00   6.8211783e-01   1.0000000e+00
   2.9500000e+00   6.8130055e-01   1.0000000e+00
   2.9700000e+00   6.8048327e-01   1.0000000e+00
   2.9900000e+00   6.7966599e-01   1.0000000e+00
   3.0100000e+00   6.7884870e-01   1.0000000e+00
   3.0300000e+00   6.7803142e-01   1.0000000e+00
   3.0500000e+00   6.7721414e-01   1.0000000e+00
   3.0700000e+00   6.7639686e-01   1.0000000e+00
   3.0900000e+00   6.7557957e-01   1.0000000e+00
   3.1100000e+00   6.7476229e-01   1.0000000e+00
   3.1300000e+00   6.7394501e-01   1.0000000e+00
   3.1500000e+00   6.7312773e-01   1.0000000e+00
   3.1700000e+00   6.7231044e-01   1.0000000e+00
   3.1900000e+00   6.7149316e-01   1.0000000e+00
   3.2100000e+00   6.7067588e-01   1.0000000e+00
   3.2300000e+00   6.6985860e-01   1.0000000e+00
   3.2500000e+00   6.6904131e-01   1.0000000e+00
   3.2700000e+00   6.6822403e-01   1.0000000e+00
   3.2900000e+00   6.6740675e-01   1.0000000e+00
   3.3100000e+00   6.6658947e-01   1.0000000e+00
   3.3300000e+00   6.6577218e-01   1.0000000e+00
   3.3500000e+00   6.6495490e-01   1.0000000e+00
   3.3700000e+00   6.6413762e-01   1.0000000e+00
   3.3900000e+00   6.6332034e-01   1.0000000e+00
   3.4100000e+00   6.6250305e-01   1.0000000e+00
   3.4300000e+00   6.6168577e-01   1.0000000e+00
   3.4500000e+00   6.6086849e-01   1.0000000e+00
   3.4700000e+00   6.6026345e-01   1.0000000e+00
