   6.1000000e-01   9.7664249e-01   0.0000000e+00
   6.3000000e-01   9.6660068e-01   0.0000000e+00
   6.5000000e-01   9.4584382e-01   0.0000000e+00
   6.7000000e-01   9.2210596e-01   0.0000000e+00
   6.9000000e-01   8.9538711e-01   0.0000000e+00
   7.1000000e-01   8.7139980e-01   0.0000000e+00
   7.3000000e-01   8.4815774e-01   0.0000000e+00
   7.5000000e-01   8.2566093e-01   0.0000000e+00
   7.7000000e-01   8.0641461e-01   0.0000000e+00
   7.9000000e-01   7.8883245e-01   0.0000000e+00
   8.1000000e-01   7.7291446e-01   0.0000000e+00
   8.3000000e-01   7.5528002e-01   0.0000000e+00
   8.5000000e-01   7.3843004e-01   0.0000000e+00
   8.7000000e-01   7.2236453e-01   0.0000000e+00
   8.9000000e-01   7.0714584e-01   0.0000000e+00
   9.1000000e-01   6.9292416e-01   0.0000000e+00
   9.3000000e-01   6.7969948e-01   0.0000000e+00
   9.5000000e-01   6.6898107e-01   0.0000000e+00
   9.7000000e-01   6.5934686e-01   0.0000000e+00
   9.9000000e-01   6.5079682e-01   0.0000000e+00
   1.0100000e+00   6.4224679e-01   0.0000000e+00
   1.0300000e+00   6.3417079e-01   0.0000000e+00
   1.0500000e+00   6.2656881e-01   0.0000000e+00
   1.0700000e+00   6.2051700e-01   0.0000000e+00
   1.0900000e+00   6.1457850e-01   0.0000000e+00
   1.1100000e+00   6.0875333e-01   0.0000000e+00
   1.1300000e+00   6.0246484e-01   0.0000000e+00
   1.1500000e+00   5.9638152e-01   0.0000000e+00
   1.1700000e+00   5.9050338e-01   0.0000000e+00
   1.1900000e+00   5.8462523e-01   0.0000000e+00
   1.2100000e+00   5.7917216e-01   0.0000000e+00
   1.2300000e+00   5.7414418e-01   0.0000000e+00
   1.2500000e+00   5.6902637e-01   0.0000000e+00
   1.2700000e+00   5.6369970e-01   0.0000000e+00
   1.2900000e+00   5.5816418e-01   0.0000000e+00
   1.3100000e+00   5.5251130e-01   0.0000000e+00
   1.3300000e+00   5.4754735e-01   0.0000000e+00
   1.3500000e+00   5.4327234e-01   0.0000000e+00
   1.3700000e+00   5.3850452e-01   0.0000000e+00
   1.3900000e+00   5.3371591e-01   0.0000000e+00
   1.4100000e+00   5.2890652e-01   0.0000000e+00
   1.4300000e+00   5.2461607e-01   0.0000000e+00
   1.4500000e+00   5.2060053e-01   0.0000000e+00
   1.4700000e+00   5.1685989e-01   0.0000000e+00
   1.4900000e+00   5.1311925e-01   0.0000000e+00
   1.5100000e+00   5.0937861e-01   0.0000000e+00
   1.5300000e+00   5.0563797e-01   0.0000000e+00
   1.5500000e+00   5.0234119e-01   0.0000000e+00
   1.5700000e+00   4.9908967e-01   0.0000000e+00
   1.5900000e+00   4.9588340e-01   0.0000000e+00
   1.6100000e+00   4.9309819e-01   0.0000000e+00
   1.6300000e+00   4.9058990e-01   0.0000000e+00
   1.6500000e+00   4.8835853e-01   0.0000000e+00
   1.6700000e+00   4.8568665e-01   0.0000000e+00
   1.6900000e+00   4.8352634e-01   0.0000000e+00
   1.7100000e+00   4.8187760e-01   0.0000000e+00
   1.7300000e+00   4.8066938e-01   0.0000000e+00
   1.7500000e+00   4.7925265e-01   0.0000000e+00
   1.7700000e+00   4.7762740e-01   0.0000000e+00
   1.7900000e+00   4.7581306e-01   0.0000000e+00
   1.8100000e+00   4.7437151e-01   0.0000000e+00
   1.8300000e+00   4.7330275e-01   0.0000000e+00
   1.8500000e+00   4.7223400e-01   0.0000000e+00
   1.8700000e+00   4.7116524e-01   0.0000000e+00
   1.8900000e+00   4.7009649e-01   0.0000000e+00
   1.9100000e+00   4.6902774e-01   0.0000000e+00
   1.9300000e+00   4.6795898e-01   0.0000000e+00
   1.9500000e+00   4.6689023e-01   0.0000000e+00
   1.9700000e+00   4.6582147e-01   0.0000000e+00
   1.9900000e+00   4.6475272e-01   0.0000000e+00
   2.0100000e+00   4.6368396e-01   0.0000000e+00
   2.0300000e+00   4.6314556e-01   0.0000000e+00
   2.0500000e+00   4.6219548e-01   0.0000000e+00
   2.0700000e+00   4.6083374e-01   0.0000000e+00
   2.0900000e+00   4.5923061e-01   0.0000000e+00
   2.1100000e+00   4.5771766e-01   0.0000000e+00
   2.1300000e+00   4.5629488e-01   0.0000000e+00
   2.1500000e+00   4.5522612e-01   0.0000000e+00
   2.1700000e+00   4.5415737e-01   0.0000000e+00
   2.1900000e+00   4.5308862e-01   0.0000000e+00
   2.2100000e+00   4.5201986e-01   0.0000000e+00
   2.2300000e+00   4.5095111e-01   0.0000000e+00
   2.2500000e+00   4.4988235e-01   0.0000000e+00
   2.2700000e+00   4.4881360e-01   0.0000000e+00
   2.2900000e+00   4.4774485e-01   0.0000000e+00
   2.3100000e+00   4.4667609e-01   0.0000000e+00
   2.3300000e+00   4.4563682e-01   0.0000000e+00
   2.3500000e+00   4.4511719e-01   0.0000000e+00
   2.3700000e+00   4.4511719e-01   0.0000000e+00
   2.3900000e+00   4.4425228e-01   0.0000000e+00
   2.4100000e+00   4.4344334e-01   0.0000000e+00
   2.4300000e+00   4.4269038e-01   0.0000000e+00
   2.4500000e+00   4.4235513e-01   0.0000000e+00
   2.4700000e+00   4.4218750e-01   0.0000000e+00
   2.4900000e+00   4.4218750e-01   0.0000000e+00
   2.5100000e+00   4.4218750e-01   0.0000000e+00
   2.5300000e+00   4.4218750e-01   0.0000000e+00
   2.5500000e+00   4.4218750e-01   0.0000000e+00
   2.5700000e+00   4.4218750e-01   0.0000000e+00
   2.5900000e+00   4.4205408e-01   0.0000000e+00
   2.6100000e+00   4.4178723e-01   0.0000000e+00
   2.6300000e+00   4.4140304e-01   0.0000000e+00
   2.6500000e+00   4.4117742e-01   0.0000000e+00
   2.6700000e+00   4.4111039e-01   0.0000000e+00
   2.6900000e+00   4.4004164e-01   0.0000000e+00
   2.7100000e+00   4.3942411e-01   0.0000000e+00
   2.7300000e+00   4.3925781e-01   0.0000000e+00
   2.7500000e+00   4.3925781e-01   0.0000000e+00
   2.7700000e+00   4.3903991e-01   0.0000000e+00
   2.7900000e+00   4.3860412e-01   0.0000000e+00
   2.8100000e+00   4.3773783e-01   0.0000000e+00
   2.8300000e+00   4.3730469e-01   0.0000000e+00
   2.8500000e+00   4.3730469e-01   0.0000000e+00
   2.8700000e+00   4.3678574e-01   0.0000000e+00
   2.8900000e+00   4.3625908e-01   0.0000000e+00
   2.9100000e+00   4.3572470e-01   0.0000000e+00
   2.9300000e+00   4.3547594e-01   0.0000000e+00
   2.9500000e+00   4.3526709e-01   0.0000000e+00
   2.9700000e+00   4.3509813e-01   0.0000000e+00
   2.9900000e+00   4.3461604e-01   0.0000000e+00
   3.0100000e+00   4.3437500e-01   0.0000000e+00
   3.0300000e+00   4.3437500e-01   0.0000000e+00
   3.0500000e+00   4.3390500e-01   0.0000000e+00
   3.0700000e+00   4.3357948e-01   0.0000000e+00
   3.0900000e+00   4.3339844e-01   0.0000000e+00
   3.1100000e+00   4.3292510e-01   0.0000000e+00
   3.1300000e+00   4.3221405e-01   0.0000000e+00
   3.1500000e+00   4.3126530e-01   0.0000000e+00
   3.1700000e+00   4.3073093e-01   0.0000000e+00
   3.1900000e+00   4.3019655e-01   0.0000000e+00
   3.2100000e+00   4.2966217e-01   0.0000000e+00
   3.2300000e+00   4.2912780e-01   0.0000000e+00
   3.2500000e+00   4.2859342e-01   0.0000000e+00
   3.2700000e+00   4.2805904e-01   0.0000000e+00
   3.2900000e+00   4.2752466e-01   0.0000000e+00
   3.3100000e+00   4.2699029e-01   0.0000000e+00
   3.3300000e+00   4.2645591e-01   0.0000000e+00
   3.3500000e+00   4.2592153e-01   0.0000000e+00
   3.3700000e+00   4.2514277e-01   0.0000000e+00
   3.3900000e+00   4.2411962e-01   0.0000000e+00
   3.4100000e+00   4.2305087e-01   0.0000000e+00
   3.4300000e+00   4.2223756e-01   0.0000000e+00
   3.4500000e+00   4.2167969e-01   0.0000000e+00
   3.4700000e+00   4.2140213e-01   0.0000000e+00
   3.4900000e+00   4.2072898e-01   0.0000000e+00
   3.5100000e+00   4.1966022e-01   0.0000000e+00
   3.5300000e+00   4.1859147e-01   0.0000000e+00
   3.5500000e+00   4.1796254e-01   0.0000000e+00
   3.5700000e+00   4.1777344e-01   0.0000000e+00
   3.5900000e+00   4.1712712e-01   0.0000000e+00
   3.6100000e+00   4.1637283e-01   0.0000000e+00
   3.6300000e+00   4.1551057e-01   0.0000000e+00
   3.6500000e+00   4.1497619e-01   0.0000000e+00
   3.6700000e+00   4.1444181e-01   0.0000000e+00
   3.6900000e+00   4.1390744e-01   0.0000000e+00
   3.7100000e+00   4.1388060e-01   0.0000000e+00
   3.7300000e+00   4.1347631e-01   0.0000000e+00
   3.7500000e+00   4.1269455e-01   0.0000000e+00
   3.7700000e+00   4.1217422e-01   0.0000000e+00
   3.7900000e+00   4.1191406e-01   0.0000000e+00
   2.1000000e+00   7.1624154e-01   1.0000000e+00
   2.1200000e+00   7.1463841e-01   1.0000000e+00
   2.1400000e+00   7.1297159e-01   1.0000000e+00
   2.1600000e+00   7.1124109e-01   1.0000000e+00
   2.1800000e+00   7.0856920e-01   1.0000000e+00
   2.2000000e+00   7.0613802e-01   1.0000000e+00
   2.2200000e+00   7.0394753e-01   1.0000000e+00
   2.2400000e+00   7.0181002e-01   1.0000000e+00
   2.2600000e+00   6.9954848e-01   1.0000000e+00
   2.2800000e+00   6.9716290e-01   1.0000000e+00
   2.3000000e+00   6.9462242e-01   1.0000000e+00
   2.3200000e+00   6.9226869e-01   1.0000000e+00
   2.3400000e+00   6.9010169e-01   1.0000000e+00
   2.3600000e+00   6.8689543e-01   1.0000000e+00
   2.3800000e+00   6.8390540e-01   1.0000000e+00
   2.4000000e+00   6.8113159e-01   1.0000000e+00
   2.4200000e+00   6.7845970e-01   1.0000000e+00
   2.4400000e+00   6.7578782e-01   1.0000000e+00
   2.4600000e+00   6.7311593e-01   1.0000000e+00
   2.4800000e+00   6.7044405e-01   1.0000000e+00
   2.5000000e+00   6.6777216e-01   1.0000000e+00
   2.5200000e+00   6.6510028e-01   1.0000000e+00
   2.5400000e+00   6.6292857e-01   1.0000000e+00
   2.5600000e+00   6.6058220e-01   1.0000000e+00
   2.5800000e+00   6.5806118e-01   1.0000000e+00
   2.6000000e+00   6.5565614e-01   1.0000000e+00
   2.6200000e+00   6.5338487e-01   1.0000000e+00
   2.6400000e+00   6.5124736e-01   1.0000000e+00
   2.6600000e+00   6.4914337e-01   1.0000000e+00
   2.6800000e+00   6.4728981e-01   1.0000000e+00
   2.7000000e+00   6.4568667e-01   1.0000000e+00
   2.7200000e+00   6.4453477e-01   1.0000000e+00
   2.7400000e+00   6.4308988e-01   1.0000000e+00
   2.7600000e+00   6.4135200e-01   1.0000000e+00
   2.7800000e+00   6.3965029e-01   1.0000000e+00
   2.8000000e+00   6.3816382e-01   1.0000000e+00
   2.8200000e+00   6.3689260e-01   1.0000000e+00
   2.8400000e+00   6.3475509e-01   1.0000000e+00
   2.8600000e+00   6.3313653e-01   1.0000000e+00
   2.8800000e+00   6.3203691e-01   1.0000000e+00
   2.9000000e+00   6.3096816e-01   1.0000000e+00
   2.9200000e+00   6.2975660e-01   1.0000000e+00
   2.9400000e+00   6.2840223e-01   1.0000000e+00
   2.9600000e+00   6.2696805e-01   1.0000000e+00
   2.9800000e+00   6.2571658e-01   1.0000000e+00
   3.0000000e+00   6.2464783e-01   1.0000000e+00
   3.0200000e+00   6.2357907e-01   1.0000000e+00
   3.0400000e+00   6.2251032e-01   1.0000000e+00
   3.0600000e+00   6.2144156e-01   1.0000000e+00
   3.0800000e+00   6.2072614e-01   1.0000000e+00
   3.1000000e+00   6.2010125e-01   1.0000000e+00
   3.1200000e+00   6.1956687e-01   1.0000000e+00
   3.1400000e+00   6.1915250e-01   1.0000000e+00
   2.7600000e+00   7.8591038e-01   2.0000000e+00
   2.7800000e+00   7.8462372e-01   2.0000000e+00
   2.8000000e+00   7.8307760e-01   2.0000000e+00
   2.8200000e+00   7.8127200e-01   2.0000000e+00
   2.8400000e+00   7.7860012e-01   2.0000000e+00
   2.8600000e+00   7.7592823e-01   2.0000000e+00
   2.8800000e+00   7.7325634e-01   2.0000000e+00
   2.9000000e+00   7.7098674e-01   2.0000000e+00
   2.9200000e+00   7.6835476e-01   2.0000000e+00
   2.9400000e+00   7.6536040e-01   2.0000000e+00
   2.9600000e+00   7.6161976e-01   2.0000000e+00
   2.9800000e+00   7.5793141e-01   2.0000000e+00
   3.0000000e+00   7.5429535e-01   2.0000000e+00
   3.0200000e+00   7.5162346e-01   2.0000000e+00
   3.0400000e+00   7.4871658e-01   2.0000000e+00
   3.0600000e+00   7.4557469e-01   2.0000000e+00
   3.0800000e+00   7.4307510e-01   2.0000000e+00
   3.1000000e+00   7.4075655e-01   2.0000000e+00
   3.1200000e+00   7.3861904e-01   2.0000000e+00
   3.1400000e+00   7.3648153e-01   2.0000000e+00
   3.1600000e+00   7.3434235e-01   2.0000000e+00
   3.1800000e+00   7.3220150e-01   2.0000000e+00
   3.2000000e+00   7.2952962e-01   2.0000000e+00
   3.2200000e+00   7.2580510e-01   2.0000000e+00
   3.2400000e+00   7.2102795e-01   2.0000000e+00
   3.2600000e+00   7.1781490e-01   2.0000000e+00
