   6.0000000e-01   9.7588952e-01   0.0000000e+00
   6.2000000e-01   9.6472864e-01   0.0000000e+00
   6.4000000e-01   9.5138534e-01   0.0000000e+00
   6.6000000e-01   9.3585961e-01   0.0000000e+00
   6.8000000e-01   9.1288139e-01   0.0000000e+00
   7.0000000e-01   8.8990318e-01   0.0000000e+00
   7.2000000e-01   8.6692497e-01   0.0000000e+00
   7.4000000e-01   8.4428535e-01   0.0000000e+00
   7.6000000e-01   8.2374097e-01   0.0000000e+00
   7.8000000e-01   8.0529184e-01   0.0000000e+00
   8.0000000e-01   7.9204574e-01   0.0000000e+00
   8.2000000e-01   7.7794141e-01   0.0000000e+00
   8.4000000e-01   7.6297885e-01   0.0000000e+00
   8.6000000e-01   7.4749332e-01   0.0000000e+00
   8.8000000e-01   7.3261155e-01   0.0000000e+00
   9.0000000e-01   7.1833355e-01   0.0000000e+00
   9.2000000e-01   7.0617763e-01   0.0000000e+00
   9.4000000e-01   6.9501537e-01   0.0000000e+00
   9.6000000e-01   6.8484677e-01   0.0000000e+00
   9.8000000e-01   6.7587500e-01   0.0000000e+00
   1.0000000e+00   6.6738128e-01   0.0000000e+00
   1.0200000e+00   6.5936563e-01   0.0000000e+00
   1.0400000e+00   6.5182400e-01   0.0000000e+00
   1.0600000e+00   6.4484860e-01   0.0000000e+00
   1.0800000e+00   6.3843941e-01   0.0000000e+00
   1.1000000e+00   6.3280197e-01   0.0000000e+00
   1.1200000e+00   6.2731136e-01   0.0000000e+00
   1.1400000e+00   6.2196759e-01   0.0000000e+00
   1.1600000e+00   6.1662382e-01   0.0000000e+00
   1.1800000e+00   6.1128005e-01   0.0000000e+00
   1.2000000e+00   6.0593628e-01   0.0000000e+00
   1.2200000e+00   6.0101759e-01   0.0000000e+00
   1.2400000e+00   5.9615355e-01   0.0000000e+00
   1.2600000e+00   5.9134416e-01   0.0000000e+00
   1.2800000e+00   5.8634301e-01   0.0000000e+00
   1.3000000e+00   5.8113301e-01   0.0000000e+00
   1.3200000e+00   5.7571415e-01   0.0000000e+00
   1.3400000e+00   5.6983600e-01   0.0000000e+00
   1.3600000e+00   5.6445065e-01   0.0000000e+00
   1.3800000e+00   5.5955811e-01   0.0000000e+00
   1.4000000e+00   5.5474872e-01   0.0000000e+00
   1.4200000e+00   5.4993932e-01   0.0000000e+00
   1.4400000e+00   5.4512993e-01   0.0000000e+00
   1.4600000e+00   5.4032054e-01   0.0000000e+00
   1.4800000e+00   5.3552421e-01   0.0000000e+00
   1.5000000e+00   5.3074096e-01   0.0000000e+00
   1.5200000e+00   5.2646595e-01   0.0000000e+00
   1.5400000e+00   5.2241286e-01   0.0000000e+00
   1.5600000e+00   5.1858170e-01   0.0000000e+00
   1.5800000e+00   5.1549544e-01   0.0000000e+00
   1.6000000e+00   5.1261637e-01   0.0000000e+00
   1.6200000e+00   5.0994449e-01   0.0000000e+00
   1.6400000e+00   5.0727260e-01   0.0000000e+00
   1.6600000e+00   5.0460072e-01   0.0000000e+00
   1.6800000e+00   5.0192883e-01   0.0000000e+00
   1.7000000e+00   4.9976852e-01   0.0000000e+00
   1.7200000e+00   4.9781707e-01   0.0000000e+00
   1.7400000e+00   4.9607447e-01   0.0000000e+00
   1.7600000e+00   4.9419309e-01   0.0000000e+00
   1.7800000e+00   4.9226444e-01   0.0000000e+00
   1.8000000e+00   4.9028851e-01   0.0000000e+00
   1.8200000e+00   4.8868538e-01   0.0000000e+00
   1.8400000e+00   4.8708225e-01   0.0000000e+00
   1.8600000e+00   4.8547912e-01   0.0000000e+00
   1.8800000e+00   4.8433862e-01   0.0000000e+00
   1.9000000e+00   4.8306101e-01   0.0000000e+00
   1.9200000e+00   4.8164629e-01   0.0000000e+00
   1.9400000e+00   4.8050176e-01   0.0000000e+00
   1.9600000e+00   4.7954967e-01   0.0000000e+00
   1.9800000e+00   4.7879002e-01   0.0000000e+00
   2.0000000e+00   4.7718689e-01   0.0000000e+00
   2.0200000e+00   4.7637928e-01   0.0000000e+00
   2.0400000e+00   4.7636719e-01   0.0000000e+00
   2.0600000e+00   4.7553982e-01   0.0000000e+00
   2.0800000e+00   4.7459176e-01   0.0000000e+00
   2.1000000e+00   4.7352301e-01   0.0000000e+00
   2.1200000e+00   4.7245425e-01   0.0000000e+00
   2.1400000e+00   4.7141735e-01   0.0000000e+00
   2.1600000e+00   4.7041228e-01   0.0000000e+00
   2.1800000e+00   4.6987790e-01   0.0000000e+00
   2.2000000e+00   4.6910283e-01   0.0000000e+00
   2.2200000e+00   4.6808705e-01   0.0000000e+00
   2.2400000e+00   4.6738303e-01   0.0000000e+00
   2.2600000e+00   4.6663980e-01   0.0000000e+00
   2.2800000e+00   4.6585735e-01   0.0000000e+00
   2.3000000e+00   4.6492000e-01   0.0000000e+00
   2.3200000e+00   4.6418414e-01   0.0000000e+00
   2.3400000e+00   4.6364976e-01   0.0000000e+00
   2.3600000e+00   4.6311538e-01   0.0000000e+00
   2.3800000e+00   4.6236478e-01   0.0000000e+00
   2.4000000e+00   4.6139795e-01   0.0000000e+00
   2.4200000e+00   4.6064498e-01   0.0000000e+00
   2.4400000e+00   4.6000131e-01   0.0000000e+00
   2.4600000e+00   4.5946694e-01   0.0000000e+00
   2.4800000e+00   4.5885010e-01   0.0000000e+00
   2.5000000e+00   4.5800730e-01   0.0000000e+00
   2.5200000e+00   4.5693855e-01   0.0000000e+00
   2.5400000e+00   4.5636997e-01   0.0000000e+00
   2.5600000e+00   4.5562674e-01   0.0000000e+00
   2.5800000e+00   4.5470885e-01   0.0000000e+00
   2.6000000e+00   4.5364010e-01   0.0000000e+00
   2.6200000e+00   4.5257134e-01   0.0000000e+00
   2.6400000e+00   4.5150259e-01   0.0000000e+00
   2.6600000e+00   4.5043383e-01   0.0000000e+00
   2.6800000e+00   4.4936508e-01   0.0000000e+00
   2.7000000e+00   4.4829633e-01   0.0000000e+00
   2.7200000e+00   4.4767880e-01   0.0000000e+00
   2.7400000e+00   4.4693556e-01   0.0000000e+00
   2.7600000e+00   4.4606662e-01   0.0000000e+00
   2.7800000e+00   4.4521577e-01   0.0000000e+00
   2.8000000e+00   4.4452315e-01   0.0000000e+00
   2.8200000e+00   4.4398878e-01   0.0000000e+00
   2.8400000e+00   4.4345440e-01   0.0000000e+00
   2.8600000e+00   4.4292002e-01   0.0000000e+00
   2.8800000e+00   4.4238564e-01   0.0000000e+00
   2.9000000e+00   4.4185127e-01   0.0000000e+00
   2.9200000e+00   4.4145970e-01   0.0000000e+00
   2.9400000e+00   4.4121094e-01   0.0000000e+00
   2.9600000e+00   4.4087303e-01   0.0000000e+00
   2.9800000e+00   4.4022199e-01   0.0000000e+00
   3.0000000e+00   4.3925781e-01   0.0000000e+00
   3.0200000e+00   4.3925781e-01   0.0000000e+00
   3.0400000e+00   4.3925781e-01   0.0000000e+00
   3.0600000e+00   4.3925781e-01   0.0000000e+00
   3.0800000e+00   4.3890448e-01   0.0000000e+00
   3.1000000e+00   4.3857896e-01   0.0000000e+00
   3.1200000e+00   4.3828125e-01   0.0000000e+00
   3.1400000e+00   4.3828125e-01   0.0000000e+00
   3.1600000e+00   4.3827958e-01   0.0000000e+00
   3.1800000e+00   4.3827624e-01   0.0000000e+00
   3.2000000e+00   4.3774186e-01   0.0000000e+00
   3.2200000e+00   4.3741801e-01   0.0000000e+00
   3.2400000e+00   4.3730469e-01   0.0000000e+00
   3.2600000e+00   4.3669591e-01   0.0000000e+00
   3.2800000e+00   4.3604487e-01   0.0000000e+00
   3.3000000e+00   4.3535156e-01   0.0000000e+00
   3.3200000e+00   4.3520944e-01   0.0000000e+00
   3.3400000e+00   4.3460401e-01   0.0000000e+00
   3.3600000e+00   4.3353525e-01   0.0000000e+00
   3.3800000e+00   4.3246650e-01   0.0000000e+00
   3.4000000e+00   4.3139774e-01   0.0000000e+00
   3.4200000e+00   4.3032899e-01   0.0000000e+00
   3.4400000e+00   4.2977112e-01   0.0000000e+00
   3.4600000e+00   4.2942280e-01   0.0000000e+00
   3.4800000e+00   4.2928402e-01   0.0000000e+00
   3.5000000e+00   4.2874964e-01   0.0000000e+00
   3.5200000e+00   4.2821527e-01   0.0000000e+00
   3.5400000e+00   4.2768089e-01   0.0000000e+00
   3.5600000e+00   4.2758634e-01   0.0000000e+00
   3.5800000e+00   4.2721590e-01   0.0000000e+00
   3.6000000e+00   4.2656958e-01   0.0000000e+00
   3.6200000e+00   4.2570732e-01   0.0000000e+00
   3.6400000e+00   4.2500900e-01   0.0000000e+00
   3.6600000e+00   4.2447463e-01   0.0000000e+00
   3.6800000e+00   4.2394025e-01   0.0000000e+00
   3.7000000e+00   4.2340587e-01   0.0000000e+00
   3.7200000e+00   4.2287150e-01   0.0000000e+00
   3.7400000e+00   4.2233712e-01   0.0000000e+00
   3.7600000e+00   4.2193985e-01   0.0000000e+00
   3.7800000e+00   4.2167969e-01   0.0000000e+00
   3.8000000e+00   4.2136459e-01   0.0000000e+00
   2.0000000e+00   7.4363159e-01   1.0000000e+00
   2.0200000e+00   7.4069050e-01   1.0000000e+00
   2.0400000e+00   7.3801459e-01   1.0000000e+00
   2.0600000e+00   7.3658375e-01   1.0000000e+00
   2.0800000e+00   7.3503693e-01   1.0000000e+00
   2.1000000e+00   7.3337414e-01   1.0000000e+00
   2.1200000e+00   7.3105628e-01   1.0000000e+00
   2.1400000e+00   7.2859325e-01   1.0000000e+00
   2.1600000e+00   7.2598506e-01   1.0000000e+00
   2.1800000e+00   7.2384755e-01   1.0000000e+00
   2.2000000e+00   7.2171004e-01   1.0000000e+00
   2.2200000e+00   7.1957253e-01   1.0000000e+00
   2.2400000e+00   7.1670555e-01   1.0000000e+00
   2.2600000e+00   7.1379297e-01   1.0000000e+00
   2.2800000e+00   7.1083478e-01   1.0000000e+00
   2.3000000e+00   7.0829430e-01   1.0000000e+00
   2.3200000e+00   7.0594793e-01   1.0000000e+00
   2.3400000e+00   7.0379568e-01   1.0000000e+00
   2.3600000e+00   7.0112380e-01   1.0000000e+00
   2.3800000e+00   6.9866814e-01   1.0000000e+00
   2.4000000e+00   6.9642871e-01   1.0000000e+00
   2.4200000e+00   6.9429120e-01   1.0000000e+00
   2.4400000e+00   6.9215369e-01   1.0000000e+00
   2.4600000e+00   6.9001618e-01   1.0000000e+00
   2.4800000e+00   6.8787868e-01   1.0000000e+00
   2.5000000e+00   6.8574117e-01   1.0000000e+00
   2.5200000e+00   6.8360366e-01   1.0000000e+00
   2.5400000e+00   6.8146615e-01   1.0000000e+00
   2.5600000e+00   6.7932864e-01   1.0000000e+00
   2.5800000e+00   6.7719114e-01   1.0000000e+00
   2.6000000e+00   6.7505363e-01   1.0000000e+00
   2.6200000e+00   6.7291612e-01   1.0000000e+00
   2.6400000e+00   6.7077861e-01   1.0000000e+00
   2.6600000e+00   6.6867462e-01   1.0000000e+00
   2.6800000e+00   6.6682106e-01   1.0000000e+00
   2.7000000e+00   6.6521792e-01   1.0000000e+00
   2.7200000e+00   6.6361479e-01   1.0000000e+00
   2.7400000e+00   6.6201166e-01   1.0000000e+00
   2.7600000e+00   6.6040853e-01   1.0000000e+00
   2.7800000e+00   6.5858750e-01   1.0000000e+00
   2.8000000e+00   6.5665885e-01   1.0000000e+00
   2.8200000e+00   6.5462257e-01   1.0000000e+00
   2.8400000e+00   6.5301944e-01   1.0000000e+00
   2.8600000e+00   6.5141631e-01   1.0000000e+00
   2.8800000e+00   6.4981318e-01   1.0000000e+00
   2.9000000e+00   6.4861233e-01   1.0000000e+00
   2.9200000e+00   6.4733472e-01   1.0000000e+00
   2.9400000e+00   6.4598035e-01   1.0000000e+00
   2.9600000e+00   6.4437722e-01   1.0000000e+00
   2.9800000e+00   6.4282638e-01   1.0000000e+00
   3.0000000e+00   6.4132782e-01   1.0000000e+00
   3.0200000e+00   6.4079344e-01   1.0000000e+00
   3.0400000e+00   6.4002407e-01   1.0000000e+00
   3.0600000e+00   6.3901969e-01   1.0000000e+00
   3.0800000e+00   6.3795093e-01   1.0000000e+00
   3.1000000e+00   6.3676385e-01   1.0000000e+00
   3.1200000e+00   6.3545842e-01   1.0000000e+00
   2.8200000e+00   7.8789062e-01   2.0000000e+00
   2.8400000e+00   7.8789062e-01   2.0000000e+00
   2.8600000e+00   7.8685273e-01   2.0000000e+00
   2.8800000e+00   7.8477695e-01   2.0000000e+00
   2.9000000e+00   7.8223716e-01   2.0000000e+00
   2.9200000e+00   7.7963132e-01   2.0000000e+00
   2.9400000e+00   7.7695944e-01   2.0000000e+00
   2.9600000e+00   7.7411860e-01   2.0000000e+00
   2.9800000e+00   7.7104277e-01   2.0000000e+00
   3.0000000e+00   7.6773193e-01   2.0000000e+00
   3.0200000e+00   7.6345691e-01   2.0000000e+00
   3.0400000e+00   7.5965190e-01   2.0000000e+00
   3.0600000e+00   7.5631688e-01   2.0000000e+00
   3.0800000e+00   7.5346395e-01   2.0000000e+00
   3.1000000e+00   7.5081988e-01   2.0000000e+00
   3.1200000e+00   7.4838467e-01   2.0000000e+00
   3.1400000e+00   7.4636716e-01   2.0000000e+00
   3.1600000e+00   7.4455852e-01   2.0000000e+00
   3.1800000e+00   7.4295873e-01   2.0000000e+00
   3.2000000e+00   7.4188997e-01   2.0000000e+00
   3.2200000e+00   7.4061069e-01   2.0000000e+00
   3.2400000e+00   7.3912088e-01   2.0000000e+00
