   6.0000000e-01   9.7800659e-01   0.0000000e+00
   6.2000000e-01   9.6654800e-01   0.0000000e+00
   6.4000000e-01   9.5385741e-01   0.0000000e+00
   6.6000000e-01   9.3993481e-01   0.0000000e+00
   6.8000000e-01   9.1855973e-01   0.0000000e+00
   7.0000000e-01   8.9741227e-01   0.0000000e+00
   7.2000000e-01   8.7649245e-01   0.0000000e+00
   7.4000000e-01   8.5768330e-01   0.0000000e+00
   7.6000000e-01   8.4023825e-01   0.0000000e+00
   7.8000000e-01   8.2415731e-01   0.0000000e+00
   8.0000000e-01   8.1026350e-01   0.0000000e+00
   8.2000000e-01   7.9636970e-01   0.0000000e+00
   8.4000000e-01   7.8247590e-01   0.0000000e+00
   8.6000000e-01   7.6910507e-01   0.0000000e+00
   8.8000000e-01   7.5655257e-01   0.0000000e+00
   9.0000000e-01   7.4481839e-01   0.0000000e+00
   9.2000000e-01   7.3504470e-01   0.0000000e+00
   9.4000000e-01   7.2596933e-01   0.0000000e+00
   9.6000000e-01   7.1759228e-01   0.0000000e+00
   9.8000000e-01   7.0963294e-01   0.0000000e+00
   1.0000000e+00   7.0191264e-01   0.0000000e+00
   1.0200000e+00   6.9443136e-01   0.0000000e+00
   1.0400000e+00   6.8789814e-01   0.0000000e+00
   1.0600000e+00   6.8178263e-01   0.0000000e+00
   1.0800000e+00   6.7608484e-01   0.0000000e+00
   1.1000000e+00   6.7098177e-01   0.0000000e+00
   1.1200000e+00   6.6602554e-01   0.0000000e+00
   1.1400000e+00   6.6121614e-01   0.0000000e+00
   1.1600000e+00   6.5639938e-01   0.0000000e+00
   1.1800000e+00   6.5131911e-01   0.0000000e+00
   1.2000000e+00   6.4597534e-01   0.0000000e+00
   1.2200000e+00   6.4148174e-01   0.0000000e+00
   1.2400000e+00   6.3694322e-01   0.0000000e+00
   1.2600000e+00   6.3235978e-01   0.0000000e+00
   1.2800000e+00   6.2755039e-01   0.0000000e+00
   1.3000000e+00   6.2270345e-01   0.0000000e+00
   1.3200000e+00   6.1781897e-01   0.0000000e+00
   1.3400000e+00   6.1247520e-01   0.0000000e+00
   1.3600000e+00   6.0737783e-01   0.0000000e+00
   1.3800000e+00   6.0252686e-01   0.0000000e+00
   1.4000000e+00   5.9734133e-01   0.0000000e+00
   1.4200000e+00   5.9168747e-01   0.0000000e+00
   1.4400000e+00   5.8556528e-01   0.0000000e+00
   1.4600000e+00   5.7904680e-01   0.0000000e+00
   1.4800000e+00   5.7312875e-01   0.0000000e+00
   1.5000000e+00   5.6781112e-01   0.0000000e+00
   1.5200000e+00   5.6300173e-01   0.0000000e+00
   1.5400000e+00   5.5841427e-01   0.0000000e+00
   1.5600000e+00   5.5404873e-01   0.0000000e+00
   1.5800000e+00   5.5042809e-01   0.0000000e+00
   1.6000000e+00   5.4722517e-01   0.0000000e+00
   1.6200000e+00   5.4443997e-01   0.0000000e+00
   1.6400000e+00   5.4249018e-01   0.0000000e+00
   1.6600000e+00   5.4098091e-01   0.0000000e+00
   1.6800000e+00   5.3991216e-01   0.0000000e+00
   1.7000000e+00   5.3884340e-01   0.0000000e+00
   1.7200000e+00   5.3797210e-01   0.0000000e+00
   1.7400000e+00   5.3729826e-01   0.0000000e+00
   1.7600000e+00   5.3704213e-01   0.0000000e+00
   1.7800000e+00   5.3691406e-01   0.0000000e+00
   1.8000000e+00   5.3691406e-01   0.0000000e+00
   1.8200000e+00   5.3682423e-01   0.0000000e+00
   1.8400000e+00   5.3624494e-01   0.0000000e+00
   1.8600000e+00   5.3517618e-01   0.0000000e+00
   1.8800000e+00   5.3503269e-01   0.0000000e+00
   1.9000000e+00   5.3478796e-01   0.0000000e+00
   1.9200000e+00   5.3444199e-01   0.0000000e+00
   1.9400000e+00   5.3390761e-01   0.0000000e+00
   1.9600000e+00   5.3337324e-01   0.0000000e+00
   1.9800000e+00   5.3283886e-01   0.0000000e+00
   2.0000000e+00   5.3230448e-01   0.0000000e+00
   2.0200000e+00   5.3177011e-01   0.0000000e+00
   2.0400000e+00   5.3123573e-01   0.0000000e+00
   2.0600000e+00   5.3028767e-01   0.0000000e+00
   2.0800000e+00   5.2927926e-01   0.0000000e+00
   2.1000000e+00   5.2821051e-01   0.0000000e+00
   2.1200000e+00   5.2732211e-01   0.0000000e+00
   2.1400000e+00   5.2651519e-01   0.0000000e+00
   2.1600000e+00   5.2578974e-01   0.0000000e+00
   2.1800000e+00   5.2365224e-01   0.0000000e+00
   2.2000000e+00   5.2175543e-01   0.0000000e+00
   2.2200000e+00   5.2009932e-01   0.0000000e+00
   2.2400000e+00   5.1849619e-01   0.0000000e+00
   2.2600000e+00   5.1689306e-01   0.0000000e+00
   2.2800000e+00   5.1528993e-01   0.0000000e+00
   2.3000000e+00   5.1368680e-01   0.0000000e+00
   2.3200000e+00   5.1207629e-01   0.0000000e+00
   2.3400000e+00   5.1045842e-01   0.0000000e+00
   2.3600000e+00   5.0832091e-01   0.0000000e+00
   2.3800000e+00   5.0639963e-01   0.0000000e+00
   2.4000000e+00   5.0469458e-01   0.0000000e+00
   2.4200000e+00   5.0277566e-01   0.0000000e+00
   2.4400000e+00   5.0084701e-01   0.0000000e+00
   2.4600000e+00   4.9890862e-01   0.0000000e+00
   2.4800000e+00   4.9730549e-01   0.0000000e+00
   2.5000000e+00   4.9570236e-01   0.0000000e+00
   2.5200000e+00   4.9409923e-01   0.0000000e+00
   2.5400000e+00   4.9249610e-01   0.0000000e+00
   2.5600000e+00   4.9070121e-01   0.0000000e+00
   2.5800000e+00   4.8871457e-01   0.0000000e+00
   2.6000000e+00   4.8711075e-01   0.0000000e+00
   2.6200000e+00   4.8577447e-01   0.0000000e+00
   2.6400000e+00   4.8470571e-01   0.0000000e+00
   2.6600000e+00   4.8360344e-01   0.0000000e+00
   2.6800000e+00   4.8225074e-01   0.0000000e+00
   2.7000000e+00   4.8064761e-01   0.0000000e+00
   2.7200000e+00   4.7994694e-01   0.0000000e+00
   2.7400000e+00   4.7899485e-01   0.0000000e+00
   2.7600000e+00   4.7779134e-01   0.0000000e+00
   2.7800000e+00   4.7662401e-01   0.0000000e+00
   2.8000000e+00   4.7567192e-01   0.0000000e+00
   2.8200000e+00   4.7493507e-01   0.0000000e+00
   2.8400000e+00   4.7333194e-01   0.0000000e+00
   2.8600000e+00   4.7224776e-01   0.0000000e+00
   2.8800000e+00   4.7168252e-01   0.0000000e+00
   2.9000000e+00   4.7114814e-01   0.0000000e+00
   2.9200000e+00   4.7047096e-01   0.0000000e+00
   2.9400000e+00   4.6965096e-01   0.0000000e+00
   2.9600000e+00   4.6875116e-01   0.0000000e+00
   2.9800000e+00   4.6803407e-01   0.0000000e+00
   3.0000000e+00   4.6749969e-01   0.0000000e+00
   3.0200000e+00   4.6696532e-01   0.0000000e+00
   3.0400000e+00   4.6596094e-01   0.0000000e+00
   3.0600000e+00   4.6448656e-01   0.0000000e+00
   3.0800000e+00   4.6323677e-01   0.0000000e+00
   3.1000000e+00   4.6207749e-01   0.0000000e+00
   3.1200000e+00   4.6100874e-01   0.0000000e+00
   3.1400000e+00   4.5969997e-01   0.0000000e+00
   3.1600000e+00   4.5798185e-01   0.0000000e+00
   3.1800000e+00   4.5585436e-01   0.0000000e+00
   3.2000000e+00   4.5531999e-01   0.0000000e+00
   3.2200000e+00   4.5457508e-01   0.0000000e+00
   3.2400000e+00   4.5361965e-01   0.0000000e+00
   3.2600000e+00   4.5255090e-01   0.0000000e+00
   3.2800000e+00   4.5110670e-01   0.0000000e+00
   3.3000000e+00   4.4928704e-01   0.0000000e+00
   2.2200000e+00   8.1599776e-01   1.0000000e+00
   2.2400000e+00   8.1475936e-01   1.0000000e+00
   2.2600000e+00   8.1335772e-01   1.0000000e+00
   2.2800000e+00   8.1179282e-01   1.0000000e+00
   2.3000000e+00   8.0978672e-01   1.0000000e+00
   2.3200000e+00   8.0798210e-01   1.0000000e+00
   2.3400000e+00   8.0637897e-01   1.0000000e+00
   2.3600000e+00   8.0477584e-01   1.0000000e+00
   2.3800000e+00   8.0317271e-01   1.0000000e+00
   2.4000000e+00   8.0156958e-01   1.0000000e+00
   2.4200000e+00   8.0028224e-01   1.0000000e+00
   2.4400000e+00   7.9900463e-01   1.0000000e+00
   2.4600000e+00   7.9773675e-01   1.0000000e+00
   2.4800000e+00   7.9605116e-01   1.0000000e+00
   2.5000000e+00   7.9413961e-01   1.0000000e+00
   2.5200000e+00   7.9200210e-01   1.0000000e+00
   2.5400000e+00   7.8986459e-01   1.0000000e+00
   2.5600000e+00   7.8791884e-01   1.0000000e+00
   2.5800000e+00   7.8616484e-01   1.0000000e+00
   2.6000000e+00   7.8376117e-01   1.0000000e+00
   2.6200000e+00   7.8110639e-01   1.0000000e+00
   2.6400000e+00   7.7820049e-01   1.0000000e+00
   2.6600000e+00   7.7602946e-01   1.0000000e+00
   2.6800000e+00   7.7360801e-01   1.0000000e+00
   2.7000000e+00   7.7093612e-01   1.0000000e+00
   2.7200000e+00   7.6871547e-01   1.0000000e+00
   2.7400000e+00   7.6687095e-01   1.0000000e+00
   2.7600000e+00   7.6540256e-01   1.0000000e+00
   2.7800000e+00   7.6368011e-01   1.0000000e+00
   2.8000000e+00   7.6148295e-01   1.0000000e+00
   2.8200000e+00   7.5881106e-01   1.0000000e+00
   2.8400000e+00   7.5613918e-01   1.0000000e+00
   2.8600000e+00   7.5346729e-01   1.0000000e+00
   2.8800000e+00   7.5079541e-01   1.0000000e+00
   2.9000000e+00   7.4852580e-01   1.0000000e+00
   2.9200000e+00   7.4632225e-01   1.0000000e+00
   2.9400000e+00   7.4418474e-01   1.0000000e+00
   2.9600000e+00   7.4187828e-01   1.0000000e+00
   2.9800000e+00   7.3936296e-01   1.0000000e+00
   3.0000000e+00   7.3663879e-01   1.0000000e+00
   3.0200000e+00   7.3343253e-01   1.0000000e+00
   3.0400000e+00   7.3069627e-01   1.0000000e+00
   3.0600000e+00   7.2843000e-01   1.0000000e+00
   3.0800000e+00   7.2558582e-01   1.0000000e+00
   3.1000000e+00   7.2267894e-01   1.0000000e+00
   3.1200000e+00   7.1970935e-01   1.0000000e+00
