   6.1000000e-01   9.6415102e-01   0.0000000e+00
   6.3000000e-01   9.5092438e-01   0.0000000e+00
   6.5000000e-01   9.3226748e-01   0.0000000e+00
   6.7000000e-01   9.1038117e-01   0.0000000e+00
   6.9000000e-01   8.8526545e-01   0.0000000e+00
   7.1000000e-01   8.6379178e-01   0.0000000e+00
   7.3000000e-01   8.4348108e-01   0.0000000e+00
   7.5000000e-01   8.2433334e-01   0.0000000e+00
   7.7000000e-01   8.0816187e-01   0.0000000e+00
   7.9000000e-01   7.9313327e-01   0.0000000e+00
   8.1000000e-01   7.7924752e-01   0.0000000e+00
   8.3000000e-01   7.6321621e-01   0.0000000e+00
   8.5000000e-01   7.4927680e-01   0.0000000e+00
   8.7000000e-01   7.3742930e-01   0.0000000e+00
   8.9000000e-01   7.2648563e-01   0.0000000e+00
   9.1000000e-01   7.1639414e-01   0.0000000e+00
   9.3000000e-01   7.0715483e-01   0.0000000e+00
   9.5000000e-01   6.9983110e-01   0.0000000e+00
   9.7000000e-01   6.9325832e-01   0.0000000e+00
   9.9000000e-01   6.8743649e-01   0.0000000e+00
   1.0100000e+00   6.8209272e-01   0.0000000e+00
   1.0300000e+00   6.7698596e-01   0.0000000e+00
   1.0500000e+00   6.7211622e-01   0.0000000e+00
   1.0700000e+00   6.6766420e-01   0.0000000e+00
   1.0900000e+00   6.6342102e-01   0.0000000e+00
   1.1100000e+00   6.5938671e-01   0.0000000e+00
   1.1300000e+00   6.5552203e-01   0.0000000e+00
   1.1500000e+00   6.5145219e-01   0.0000000e+00
   1.1700000e+00   6.4717717e-01   0.0000000e+00
   1.1900000e+00   6.4290216e-01   0.0000000e+00
   1.2100000e+00   6.3905222e-01   0.0000000e+00
   1.2300000e+00   6.3562737e-01   0.0000000e+00
   1.2500000e+00   6.3211269e-01   0.0000000e+00
   1.2700000e+00   6.2848503e-01   0.0000000e+00
   1.2900000e+00   6.2474439e-01   0.0000000e+00
   1.3100000e+00   6.2107884e-01   0.0000000e+00
   1.3300000e+00   6.1764294e-01   0.0000000e+00
   1.3500000e+00   6.1443667e-01   0.0000000e+00
   1.3700000e+00   6.1024481e-01   0.0000000e+00
   1.3900000e+00   6.0638750e-01   0.0000000e+00
   1.4100000e+00   6.0286476e-01   0.0000000e+00
   1.4300000e+00   5.9939903e-01   0.0000000e+00
   1.4500000e+00   5.9572444e-01   0.0000000e+00
   1.4700000e+00   5.9184099e-01   0.0000000e+00
   1.4900000e+00   5.8761826e-01   0.0000000e+00
   1.5100000e+00   5.8390376e-01   0.0000000e+00
   1.5300000e+00   5.8069750e-01   0.0000000e+00
   1.5500000e+00   5.7704738e-01   0.0000000e+00
   1.5700000e+00   5.7335200e-01   0.0000000e+00
   1.5900000e+00   5.6961137e-01   0.0000000e+00
   1.6100000e+00   5.6608125e-01   0.0000000e+00
   1.6300000e+00   5.6266613e-01   0.0000000e+00
   1.6500000e+00   5.5936601e-01   0.0000000e+00
   1.6700000e+00   5.5562537e-01   0.0000000e+00
   1.6900000e+00   5.5214052e-01   0.0000000e+00
   1.7100000e+00   5.4891145e-01   0.0000000e+00
   1.7300000e+00   5.4610010e-01   0.0000000e+00
   1.7500000e+00   5.4335848e-01   0.0000000e+00
   1.7700000e+00   5.4068660e-01   0.0000000e+00
   1.7900000e+00   5.3785313e-01   0.0000000e+00
   1.8100000e+00   5.3490064e-01   0.0000000e+00
   1.8300000e+00   5.3182913e-01   0.0000000e+00
   1.8500000e+00   5.3022600e-01   0.0000000e+00
   1.8700000e+00   5.2816024e-01   0.0000000e+00
   1.8900000e+00   5.2563185e-01   0.0000000e+00
   1.9100000e+00   5.2365189e-01   0.0000000e+00
   1.9300000e+00   5.2174570e-01   0.0000000e+00
   1.9500000e+00   5.1991327e-01   0.0000000e+00
   1.9700000e+00   5.1777576e-01   0.0000000e+00
   1.9900000e+00   5.1563825e-01   0.0000000e+00
   2.0100000e+00   5.1350074e-01   0.0000000e+00
   2.0300000e+00   5.1189358e-01   0.0000000e+00
   2.0500000e+00   5.1028844e-01   0.0000000e+00
   2.0700000e+00   5.0868530e-01   0.0000000e+00
   2.0900000e+00   5.0678516e-01   0.0000000e+00
   2.1100000e+00   5.0476633e-01   0.0000000e+00
   2.1300000e+00   5.0262882e-01   0.0000000e+00
   2.1500000e+00   5.0042762e-01   0.0000000e+00
   2.1700000e+00   4.9799108e-01   0.0000000e+00
   2.1900000e+00   4.9531920e-01   0.0000000e+00
   2.2100000e+00   4.9361011e-01   0.0000000e+00
   2.2300000e+00   4.9158927e-01   0.0000000e+00
   2.2500000e+00   4.8925667e-01   0.0000000e+00
   2.2700000e+00   4.8708092e-01   0.0000000e+00
   2.2900000e+00   4.8512578e-01   0.0000000e+00
   2.3100000e+00   4.8339125e-01   0.0000000e+00
   2.3300000e+00   4.8126848e-01   0.0000000e+00
   2.3500000e+00   4.7940553e-01   0.0000000e+00
   2.3700000e+00   4.7780240e-01   0.0000000e+00
   2.3900000e+00   4.7576681e-01   0.0000000e+00
   2.4100000e+00   4.7399606e-01   0.0000000e+00
   2.4300000e+00   4.7249013e-01   0.0000000e+00
   2.4500000e+00   4.7122225e-01   0.0000000e+00
   2.4700000e+00   4.6978674e-01   0.0000000e+00
   2.4900000e+00   4.6818361e-01   0.0000000e+00
   2.5100000e+00   4.6658048e-01   0.0000000e+00
   2.5300000e+00   4.6522744e-01   0.0000000e+00
   2.5500000e+00   4.6412448e-01   0.0000000e+00
   2.5700000e+00   4.6305573e-01   0.0000000e+00
   2.5900000e+00   4.6198697e-01   0.0000000e+00
   2.6100000e+00   4.6091822e-01   0.0000000e+00
   2.6300000e+00   4.5999964e-01   0.0000000e+00
   2.6500000e+00   4.5925641e-01   0.0000000e+00
   2.6700000e+00   4.5868852e-01   0.0000000e+00
   2.6900000e+00   4.5761976e-01   0.0000000e+00
   2.7100000e+00   4.5677662e-01   0.0000000e+00
   2.7300000e+00   4.5615910e-01   0.0000000e+00
   2.7500000e+00   4.5562472e-01   0.0000000e+00
   2.7700000e+00   4.5498139e-01   0.0000000e+00
   2.7900000e+00   4.5422912e-01   0.0000000e+00
   2.8100000e+00   4.5326160e-01   0.0000000e+00
   2.8300000e+00   4.5251065e-01   0.0000000e+00
   2.8500000e+00   4.5197627e-01   0.0000000e+00
   2.8700000e+00   4.5092295e-01   0.0000000e+00
   2.8900000e+00   4.4986191e-01   0.0000000e+00
   2.9100000e+00   4.4879316e-01   0.0000000e+00
   2.9300000e+00   4.4801002e-01   0.0000000e+00
   2.9500000e+00   4.4735126e-01   0.0000000e+00
   2.9700000e+00   4.4681688e-01   0.0000000e+00
   2.9900000e+00   4.4628251e-01   0.0000000e+00
   3.0100000e+00   4.4574813e-01   0.0000000e+00
   3.0300000e+00   4.4521375e-01   0.0000000e+00
   3.0500000e+00   4.4467938e-01   0.0000000e+00
   3.0700000e+00   4.4414500e-01   0.0000000e+00
   3.0900000e+00   4.4361062e-01   0.0000000e+00
   3.1100000e+00   4.4283958e-01   0.0000000e+00
   3.1300000e+00   4.4197968e-01   0.0000000e+00
   3.1500000e+00   4.4103093e-01   0.0000000e+00
   3.1700000e+00   4.4049655e-01   0.0000000e+00
   3.1900000e+00   4.3996217e-01   0.0000000e+00
   3.2100000e+00   4.3942780e-01   0.0000000e+00
   3.2300000e+00   4.3889342e-01   0.0000000e+00
   3.2500000e+00   4.3835904e-01   0.0000000e+00
   3.2700000e+00   4.3782467e-01   0.0000000e+00
   3.2900000e+00   4.3729029e-01   0.0000000e+00
   3.3100000e+00   4.3675591e-01   0.0000000e+00
   3.3300000e+00   4.3622154e-01   0.0000000e+00
   3.3500000e+00   4.3568716e-01   0.0000000e+00
   3.3700000e+00   4.3539717e-01   0.0000000e+00
   3.3900000e+00   4.3535156e-01   0.0000000e+00
   3.4100000e+00   4.3609578e-01   0.0000000e+00
   2.0100000e+00   7.8596773e-01   1.0000000e+00
   2.0300000e+00   7.8223515e-01   1.0000000e+00
   2.0500000e+00   7.7870538e-01   1.0000000e+00
   2.0700000e+00   7.7537842e-01   1.0000000e+00
   2.0900000e+00   7.7128111e-01   1.0000000e+00
   2.1100000e+00   7.6709828e-01   1.0000000e+00
   2.1300000e+00   7.6282995e-01   1.0000000e+00
   2.1500000e+00   7.5962368e-01   1.0000000e+00
   2.1700000e+00   7.5641742e-01   1.0000000e+00
   2.1900000e+00   7.5321116e-01   1.0000000e+00
   2.2100000e+00   7.5048630e-01   1.0000000e+00
   2.2300000e+00   7.4778793e-01   1.0000000e+00
   2.2500000e+00   7.4511604e-01   1.0000000e+00
   2.2700000e+00   7.4294030e-01   1.0000000e+00
   2.2900000e+00   7.4098516e-01   1.0000000e+00
   2.3100000e+00   7.3925062e-01   1.0000000e+00
   2.3300000e+00   7.3712785e-01   1.0000000e+00
   2.3500000e+00   7.3526491e-01   1.0000000e+00
   2.3700000e+00   7.3366178e-01   1.0000000e+00
   2.3900000e+00   7.3162619e-01   1.0000000e+00
   2.4100000e+00   7.2969754e-01   1.0000000e+00
   2.4300000e+00   7.2787582e-01   1.0000000e+00
   2.4500000e+00   7.2607356e-01   1.0000000e+00
   2.4700000e+00   7.2410368e-01   1.0000000e+00
   2.4900000e+00   7.2196617e-01   1.0000000e+00
   2.5100000e+00   7.1982866e-01   1.0000000e+00
   2.5300000e+00   7.1769116e-01   1.0000000e+00
   2.5500000e+00   7.1555365e-01   1.0000000e+00
   2.5700000e+00   7.1379965e-01   1.0000000e+00
   2.5900000e+00   7.1172082e-01   1.0000000e+00
   2.6100000e+00   7.0931715e-01   1.0000000e+00
   2.6300000e+00   7.0641125e-01   1.0000000e+00
   2.6500000e+00   7.0387279e-01   1.0000000e+00
   2.6700000e+00   7.0170176e-01   1.0000000e+00
   2.6900000e+00   6.9902988e-01   1.0000000e+00
   2.7100000e+00   6.9680922e-01   1.0000000e+00
   2.7300000e+00   6.9503979e-01   1.0000000e+00
   2.7500000e+00   6.9410578e-01   1.0000000e+00
