   6.1000000e-01   9.8383648e-01   0.0000000e+00
   6.3000000e-01   9.7091826e-01   0.0000000e+00
   6.5000000e-01   9.5329256e-01   0.0000000e+00
   6.7000000e-01   9.3218905e-01   0.0000000e+00
   6.9000000e-01   9.0760770e-01   0.0000000e+00
   7.1000000e-01   8.8894470e-01   0.0000000e+00
   7.3000000e-01   8.7113457e-01   0.0000000e+00
   7.5000000e-01   8.5417732e-01   0.0000000e+00
   7.7000000e-01   8.3872127e-01   0.0000000e+00
   7.9000000e-01   8.2420424e-01   0.0000000e+00
   8.1000000e-01   8.1062623e-01   0.0000000e+00
   8.3000000e-01   7.9833555e-01   0.0000000e+00
   8.5000000e-01   7.8630637e-01   0.0000000e+00
   8.7000000e-01   7.7453867e-01   0.0000000e+00
   8.9000000e-01   7.6359500e-01   0.0000000e+00
   9.1000000e-01   7.5350351e-01   0.0000000e+00
   9.3000000e-01   7.4426420e-01   0.0000000e+00
   9.5000000e-01   7.3659451e-01   0.0000000e+00
   9.7000000e-01   7.2925806e-01   0.0000000e+00
   9.9000000e-01   7.2225484e-01   0.0000000e+00
   1.0100000e+00   7.1477356e-01   0.0000000e+00
   1.0300000e+00   7.0824034e-01   0.0000000e+00
   1.0500000e+00   7.0265518e-01   0.0000000e+00
   1.0700000e+00   6.9731141e-01   0.0000000e+00
   1.0900000e+00   6.9232869e-01   0.0000000e+00
   1.1100000e+00   6.8770702e-01   0.0000000e+00
   1.1300000e+00   6.8384235e-01   0.0000000e+00
   1.1500000e+00   6.7977250e-01   0.0000000e+00
   1.1700000e+00   6.7549748e-01   0.0000000e+00
   1.1900000e+00   6.7122247e-01   0.0000000e+00
   1.2100000e+00   6.6715999e-01   0.0000000e+00
   1.2300000e+00   6.6331006e-01   0.0000000e+00
   1.2500000e+00   6.5679365e-01   0.0000000e+00
   1.2700000e+00   6.4954806e-01   0.0000000e+00
   1.2900000e+00   6.4157329e-01   0.0000000e+00
   1.3100000e+00   6.3425094e-01   0.0000000e+00
   1.3300000e+00   6.2578037e-01   0.0000000e+00
   1.3500000e+00   6.1616159e-01   0.0000000e+00
   1.3700000e+00   6.0949961e-01   0.0000000e+00
   1.3900000e+00   6.0427884e-01   0.0000000e+00
   1.4100000e+00   6.0049928e-01   0.0000000e+00
   1.4300000e+00   5.9653003e-01   0.0000000e+00
   1.4500000e+00   5.9194493e-01   0.0000000e+00
   1.4700000e+00   5.8674396e-01   0.0000000e+00
   1.4900000e+00   5.8193457e-01   0.0000000e+00
   1.5100000e+00   5.7712518e-01   0.0000000e+00
   1.5300000e+00   5.7231578e-01   0.0000000e+00
   1.5500000e+00   5.6750639e-01   0.0000000e+00
   1.5700000e+00   5.6302419e-01   0.0000000e+00
   1.5900000e+00   5.5886918e-01   0.0000000e+00
   1.6100000e+00   5.5512854e-01   0.0000000e+00
   1.6300000e+00   5.5148176e-01   0.0000000e+00
   1.6500000e+00   5.4792885e-01   0.0000000e+00
   1.6700000e+00   5.4525696e-01   0.0000000e+00
   1.6900000e+00   5.4309665e-01   0.0000000e+00
   1.7100000e+00   5.4144792e-01   0.0000000e+00
   1.7300000e+00   5.3944987e-01   0.0000000e+00
   1.7500000e+00   5.3766034e-01   0.0000000e+00
   1.7700000e+00   5.3607933e-01   0.0000000e+00
   1.7900000e+00   5.3484899e-01   0.0000000e+00
   1.8100000e+00   5.3343226e-01   0.0000000e+00
   1.8300000e+00   5.3182913e-01   0.0000000e+00
   1.8500000e+00   5.3022600e-01   0.0000000e+00
   1.8700000e+00   5.2908549e-01   0.0000000e+00
   1.8900000e+00   5.2840762e-01   0.0000000e+00
   1.9100000e+00   5.2856517e-01   0.0000000e+00
   1.9300000e+00   5.2856719e-01   0.0000000e+00
   1.9500000e+00   5.2841367e-01   0.0000000e+00
   1.9700000e+00   5.2745755e-01   0.0000000e+00
   1.9900000e+00   5.2671230e-01   0.0000000e+00
   2.0100000e+00   5.2617792e-01   0.0000000e+00
   2.0300000e+00   5.2511320e-01   0.0000000e+00
   2.0500000e+00   5.2404646e-01   0.0000000e+00
   2.0700000e+00   5.2297770e-01   0.0000000e+00
   2.0900000e+00   5.2220597e-01   0.0000000e+00
   2.1100000e+00   5.2164309e-01   0.0000000e+00
   2.1300000e+00   5.2128906e-01   0.0000000e+00
   2.1500000e+00   5.2122537e-01   0.0000000e+00
   2.1700000e+00   5.2092634e-01   0.0000000e+00
   2.1900000e+00   5.2039196e-01   0.0000000e+00
   2.2100000e+00   5.2033899e-01   0.0000000e+00
   2.2300000e+00   5.1994776e-01   0.0000000e+00
   2.2500000e+00   5.1921829e-01   0.0000000e+00
   2.2700000e+00   5.1814954e-01   0.0000000e+00
   2.2900000e+00   5.1708078e-01   0.0000000e+00
   2.3100000e+00   5.1601203e-01   0.0000000e+00
   2.3300000e+00   5.1494328e-01   0.0000000e+00
   2.3500000e+00   5.1387452e-01   0.0000000e+00
   2.3700000e+00   5.1280577e-01   0.0000000e+00
   2.3900000e+00   5.1173701e-01   0.0000000e+00
   2.4100000e+00   5.1035247e-01   0.0000000e+00
   2.4300000e+00   5.0865213e-01   0.0000000e+00
   2.4500000e+00   5.0671375e-01   0.0000000e+00
   2.4700000e+00   5.0494299e-01   0.0000000e+00
   2.4900000e+00   5.0333986e-01   0.0000000e+00
   2.5100000e+00   5.0173673e-01   0.0000000e+00
   2.5300000e+00   5.0038369e-01   0.0000000e+00
   2.5500000e+00   4.9928073e-01   0.0000000e+00
   2.5700000e+00   4.9744496e-01   0.0000000e+00
   2.5900000e+00   4.9572516e-01   0.0000000e+00
   2.6100000e+00   4.9412134e-01   0.0000000e+00
   2.6300000e+00   4.9290241e-01   0.0000000e+00
   2.6500000e+00   4.9149138e-01   0.0000000e+00
   2.6700000e+00   4.8988825e-01   0.0000000e+00
   2.6900000e+00   4.8828511e-01   0.0000000e+00
   2.7100000e+00   4.8668198e-01   0.0000000e+00
   2.7300000e+00   4.8507885e-01   0.0000000e+00
   2.7500000e+00   4.8381028e-01   0.0000000e+00
   2.7700000e+00   4.8253267e-01   0.0000000e+00
   2.7900000e+00   4.8124602e-01   0.0000000e+00
   2.8100000e+00   4.7974412e-01   0.0000000e+00
   2.8300000e+00   4.7845880e-01   0.0000000e+00
   2.8500000e+00   4.7739004e-01   0.0000000e+00
   2.8700000e+00   4.7632129e-01   0.0000000e+00
   2.8900000e+00   4.7525254e-01   0.0000000e+00
   2.9100000e+00   4.7418378e-01   0.0000000e+00
   2.9300000e+00   4.7311503e-01   0.0000000e+00
   2.9500000e+00   4.7187732e-01   0.0000000e+00
   2.9700000e+00   4.7047066e-01   0.0000000e+00
   2.9900000e+00   4.6849002e-01   0.0000000e+00
   3.0100000e+00   4.6723251e-01   0.0000000e+00
   3.0300000e+00   4.6669813e-01   0.0000000e+00
   3.0500000e+00   4.6522375e-01   0.0000000e+00
   3.0700000e+00   4.6403833e-01   0.0000000e+00
   3.0900000e+00   4.6314187e-01   0.0000000e+00
   3.1100000e+00   4.6237082e-01   0.0000000e+00
   3.1300000e+00   4.6159093e-01   0.0000000e+00
   3.1500000e+00   4.6080219e-01   0.0000000e+00
   3.1700000e+00   4.6098032e-01   0.0000000e+00
   3.1900000e+00   4.6115844e-01   0.0000000e+00
   3.2100000e+00   4.6133657e-01   0.0000000e+00
   3.2300000e+00   4.6151469e-01   0.0000000e+00
   3.2500000e+00   4.6169282e-01   0.0000000e+00
   3.2700000e+00   4.6187094e-01   0.0000000e+00
   3.2900000e+00   4.6204907e-01   0.0000000e+00
   3.3100000e+00   4.6222720e-01   0.0000000e+00
   3.3300000e+00   4.6240532e-01   0.0000000e+00
   3.3500000e+00   4.6258345e-01   0.0000000e+00
   3.3700000e+00   4.6276157e-01   0.0000000e+00
   3.3900000e+00   4.6293970e-01   0.0000000e+00
   3.4100000e+00   4.6311782e-01   0.0000000e+00
   3.4300000e+00   4.6329595e-01   0.0000000e+00
   3.4500000e+00   4.6347408e-01   0.0000000e+00
   3.4700000e+00   4.6365220e-01   0.0000000e+00
   3.4900000e+00   4.6383033e-01   0.0000000e+00
   3.5100000e+00   4.6400845e-01   0.0000000e+00
   3.5300000e+00   4.6418658e-01   0.0000000e+00
   3.5500000e+00   4.6436470e-01   0.0000000e+00
   3.5700000e+00   4.6454283e-01   0.0000000e+00
   3.5900000e+00   4.6472096e-01   0.0000000e+00
   3.6100000e+00   4.6489908e-01   0.0000000e+00
   3.6300000e+00   4.6507721e-01   0.0000000e+00
   3.6500000e+00   4.6525533e-01   0.0000000e+00
   3.6700000e+00   4.6543346e-01   0.0000000e+00
   3.6900000e+00   4.6561158e-01   0.0000000e+00
   3.7100000e+00   4.6257526e-01   0.0000000e+00
   2.2200000e+00   8.3429799e-01   1.0000000e+00
   2.2400000e+00   8.3249976e-01   1.0000000e+00
   2.2600000e+00   8.3040786e-01   1.0000000e+00
   2.2800000e+00   8.2802228e-01   1.0000000e+00
   2.3000000e+00   8.2561320e-01   1.0000000e+00
   2.3200000e+00   8.2355550e-01   1.0000000e+00
   2.3400000e+00   8.2184918e-01   1.0000000e+00
   2.3600000e+00   8.1650541e-01   1.0000000e+00
   2.3800000e+00   8.1116164e-01   1.0000000e+00
   2.4000000e+00   8.0581787e-01   1.0000000e+00
   2.4200000e+00   8.0015831e-01   1.0000000e+00
   2.4400000e+00   7.9438945e-01   1.0000000e+00
   2.4600000e+00   7.8851130e-01   1.0000000e+00
   2.4800000e+00   7.8321038e-01   1.0000000e+00
   2.5000000e+00   7.7949117e-01   1.0000000e+00
   2.5200000e+00   7.7735366e-01   1.0000000e+00
