   6.1000000e-01   9.8324982e-01   0.0000000e+00
   6.3000000e-01   9.6850250e-01   0.0000000e+00
   6.5000000e-01   9.4980806e-01   0.0000000e+00
   6.7000000e-01   9.2763579e-01   0.0000000e+00
   6.9000000e-01   9.0198569e-01   0.0000000e+00
   7.1000000e-01   8.8270919e-01   0.0000000e+00
   7.3000000e-01   8.6432513e-01   0.0000000e+00
   7.5000000e-01   8.4683349e-01   0.0000000e+00
   7.7000000e-01   8.3106499e-01   0.0000000e+00
   7.9000000e-01   8.1623384e-01   0.0000000e+00
   8.1000000e-01   8.0234004e-01   0.0000000e+00
   8.3000000e-01   7.8844624e-01   0.0000000e+00
   8.5000000e-01   7.7585987e-01   0.0000000e+00
   8.7000000e-01   7.6458095e-01   0.0000000e+00
   8.9000000e-01   7.5295272e-01   0.0000000e+00
   9.1000000e-01   7.4241905e-01   0.0000000e+00
   9.3000000e-01   7.3297992e-01   0.0000000e+00
   9.5000000e-01   7.2567163e-01   0.0000000e+00
   9.7000000e-01   7.1854403e-01   0.0000000e+00
   9.9000000e-01   7.1159713e-01   0.0000000e+00
   1.0100000e+00   7.0465022e-01   0.0000000e+00
   1.0300000e+00   6.9841437e-01   0.0000000e+00
   1.0500000e+00   6.9288956e-01   0.0000000e+00
   1.0700000e+00   6.8754578e-01   0.0000000e+00
   1.0900000e+00   6.8244271e-01   0.0000000e+00
   1.1100000e+00   6.7758035e-01   0.0000000e+00
   1.1300000e+00   6.7318129e-01   0.0000000e+00
   1.1500000e+00   6.6856233e-01   0.0000000e+00
   1.1700000e+00   6.6372345e-01   0.0000000e+00
   1.1900000e+00   6.5677655e-01   0.0000000e+00
   1.2100000e+00   6.5110490e-01   0.0000000e+00
   1.2300000e+00   6.4670850e-01   0.0000000e+00
   1.2500000e+00   6.4142576e-01   0.0000000e+00
   1.2700000e+00   6.3576989e-01   0.0000000e+00
   1.2900000e+00   6.2974087e-01   0.0000000e+00
   1.3100000e+00   6.2424692e-01   0.0000000e+00
   1.3300000e+00   6.1829369e-01   0.0000000e+00
   1.3500000e+00   6.1188116e-01   0.0000000e+00
   1.3700000e+00   6.0546864e-01   0.0000000e+00
   1.3900000e+00   5.9999646e-01   0.0000000e+00
   1.4100000e+00   5.9546462e-01   0.0000000e+00
   1.4300000e+00   5.9094556e-01   0.0000000e+00
   1.4500000e+00   5.8615695e-01   0.0000000e+00
   1.4700000e+00   5.8109880e-01   0.0000000e+00
   1.4900000e+00   5.7679764e-01   0.0000000e+00
   1.5100000e+00   5.7224237e-01   0.0000000e+00
   1.5300000e+00   5.6743297e-01   0.0000000e+00
   1.5500000e+00   5.6173587e-01   0.0000000e+00
   1.5700000e+00   5.5643903e-01   0.0000000e+00
   1.5900000e+00   5.5154245e-01   0.0000000e+00
   1.6100000e+00   5.4726744e-01   0.0000000e+00
   1.6300000e+00   5.4303935e-01   0.0000000e+00
   1.6500000e+00   5.3885820e-01   0.0000000e+00
   1.6700000e+00   5.3511756e-01   0.0000000e+00
   1.6900000e+00   5.3188849e-01   0.0000000e+00
   1.7100000e+00   5.2917100e-01   0.0000000e+00
   1.7300000e+00   5.2689403e-01   0.0000000e+00
   1.7500000e+00   5.2468679e-01   0.0000000e+00
   1.7700000e+00   5.2254928e-01   0.0000000e+00
   1.7900000e+00   5.2041177e-01   0.0000000e+00
   1.8100000e+00   5.1827426e-01   0.0000000e+00
   1.8300000e+00   5.1613675e-01   0.0000000e+00
   1.8500000e+00   5.1399925e-01   0.0000000e+00
   1.8700000e+00   5.1232437e-01   0.0000000e+00
   1.8900000e+00   5.1111211e-01   0.0000000e+00
   1.9100000e+00   5.0969740e-01   0.0000000e+00
   1.9300000e+00   5.0979357e-01   0.0000000e+00
   1.9500000e+00   5.1140062e-01   0.0000000e+00
   1.9700000e+00   5.0236792e-01   0.0000000e+00
   1.9900000e+00   4.9785156e-01   0.0000000e+00
   2.0100000e+00   4.9785156e-01   0.0000000e+00
   2.0300000e+00   4.9917743e-01   0.0000000e+00
   2.0500000e+00   5.0050834e-01   0.0000000e+00
   2.0700000e+00   5.0184428e-01   0.0000000e+00
   2.0900000e+00   5.0318022e-01   0.0000000e+00
   2.1100000e+00   5.0451616e-01   0.0000000e+00
   2.1300000e+00   5.0585210e-01   0.0000000e+00
   2.1500000e+00   5.0718805e-01   0.0000000e+00
   2.1700000e+00   5.0852399e-01   0.0000000e+00
   2.1900000e+00   5.0985993e-01   0.0000000e+00
   2.2100000e+00   5.1119588e-01   0.0000000e+00
   2.2300000e+00   5.1225827e-01   0.0000000e+00
   2.2500000e+00   5.1304710e-01   0.0000000e+00
   2.2700000e+00   5.1283727e-01   0.0000000e+00
   2.2900000e+00   5.1226367e-01   0.0000000e+00
   2.3100000e+00   5.1132633e-01   0.0000000e+00
   2.3300000e+00   5.1079195e-01   0.0000000e+00
   2.3500000e+00   5.1025757e-01   0.0000000e+00
   2.3700000e+00   5.0972320e-01   0.0000000e+00
   2.3900000e+00   5.0875636e-01   0.0000000e+00
   2.4100000e+00   5.0789647e-01   0.0000000e+00
   2.4300000e+00   5.0714350e-01   0.0000000e+00
   2.4500000e+00   5.0601175e-01   0.0000000e+00
   2.4700000e+00   5.0441835e-01   0.0000000e+00
   2.4900000e+00   5.0236330e-01   0.0000000e+00
   2.5100000e+00   5.0076017e-01   0.0000000e+00
   2.5300000e+00   4.9915704e-01   0.0000000e+00
   2.5500000e+00   4.9755391e-01   0.0000000e+00
   2.5700000e+00   4.9595078e-01   0.0000000e+00
   2.5900000e+00   4.9434765e-01   0.0000000e+00
   2.6100000e+00   4.9274451e-01   0.0000000e+00
   2.6300000e+00   4.9099120e-01   0.0000000e+00
   2.6500000e+00   4.8906255e-01   0.0000000e+00
   2.6700000e+00   4.8695856e-01   0.0000000e+00
   2.6900000e+00   4.8535543e-01   0.0000000e+00
   2.7100000e+00   4.8397791e-01   0.0000000e+00
   2.7300000e+00   4.8282601e-01   0.0000000e+00
   2.7500000e+00   4.8108813e-01   0.0000000e+00
   2.7700000e+00   4.7925938e-01   0.0000000e+00
   2.7900000e+00   4.7733977e-01   0.0000000e+00
   2.8100000e+00   4.7573664e-01   0.0000000e+00
   2.8300000e+00   4.7413351e-01   0.0000000e+00
   2.8500000e+00   4.7253038e-01   0.0000000e+00
   2.8700000e+00   4.7092725e-01   0.0000000e+00
   2.8900000e+00   4.6952526e-01   0.0000000e+00
   2.9100000e+00   4.6832441e-01   0.0000000e+00
   2.9300000e+00   4.6754127e-01   0.0000000e+00
   2.0000000e+00   8.1816406e-01   1.0000000e+00
   2.0200000e+00   8.1736854e-01   1.0000000e+00
   2.0400000e+00   8.1577750e-01   1.0000000e+00
   2.0600000e+00   8.1458805e-01   1.0000000e+00
   2.0800000e+00   8.1271641e-01   1.0000000e+00
   2.1000000e+00   8.1016256e-01   1.0000000e+00
   2.1200000e+00   8.0642192e-01   1.0000000e+00
   2.1400000e+00   8.0274497e-01   1.0000000e+00
   2.1600000e+00   7.9913171e-01   1.0000000e+00
   2.1800000e+00   7.9645983e-01   1.0000000e+00
   2.2000000e+00   7.9234374e-01   1.0000000e+00
   2.2200000e+00   7.8678345e-01   1.0000000e+00
   2.2400000e+00   7.8199951e-01   1.0000000e+00
   2.2600000e+00   7.7722196e-01   1.0000000e+00
   2.2800000e+00   7.7245080e-01   1.0000000e+00
   2.3000000e+00   7.6750125e-01   1.0000000e+00
   2.3200000e+00   7.6314879e-01   1.0000000e+00
   2.3400000e+00   7.5939340e-01   1.0000000e+00
   2.3600000e+00   7.5511839e-01   1.0000000e+00
