   6.0000000e-01   9.8273254e-01   0.0000000e+00
   6.2000000e-01   9.6593018e-01   0.0000000e+00
   6.4000000e-01   9.4787705e-01   0.0000000e+00
   6.6000000e-01   9.2857313e-01   0.0000000e+00
   6.8000000e-01   9.0131990e-01   0.0000000e+00
   7.0000000e-01   8.7657059e-01   0.0000000e+00
   7.2000000e-01   8.5432519e-01   0.0000000e+00
   7.4000000e-01   8.3396589e-01   0.0000000e+00
   7.6000000e-01   8.1512086e-01   0.0000000e+00
   7.8000000e-01   7.9779012e-01   0.0000000e+00
   8.0000000e-01   7.8358053e-01   0.0000000e+00
   8.2000000e-01   7.6872726e-01   0.0000000e+00
   8.4000000e-01   7.5323033e-01   0.0000000e+00
   8.6000000e-01   7.4244018e-01   0.0000000e+00
   8.8000000e-01   7.3190449e-01   0.0000000e+00
   9.0000000e-01   7.2162326e-01   0.0000000e+00
   9.2000000e-01   7.1320797e-01   0.0000000e+00
   9.4000000e-01   7.0578635e-01   0.0000000e+00
   9.6000000e-01   6.9935840e-01   0.0000000e+00
   9.8000000e-01   6.9407094e-01   0.0000000e+00
   1.0000000e+00   6.8902252e-01   0.0000000e+00
   1.0200000e+00   6.8421313e-01   0.0000000e+00
   1.0400000e+00   6.7987776e-01   0.0000000e+00
   1.0600000e+00   6.7539389e-01   0.0000000e+00
   1.0800000e+00   6.7076151e-01   0.0000000e+00
   1.1000000e+00   6.6667422e-01   0.0000000e+00
   1.1200000e+00   6.6290340e-01   0.0000000e+00
   1.1400000e+00   6.5944907e-01   0.0000000e+00
   1.1600000e+00   6.5516668e-01   0.0000000e+00
   1.1800000e+00   6.5062079e-01   0.0000000e+00
   1.2000000e+00   6.4581140e-01   0.0000000e+00
   1.2200000e+00   6.4270234e-01   0.0000000e+00
   1.2400000e+00   6.3965766e-01   0.0000000e+00
   1.2600000e+00   6.3667735e-01   0.0000000e+00
   1.2800000e+00   6.3347109e-01   0.0000000e+00
   1.3000000e+00   6.3022729e-01   0.0000000e+00
   1.3200000e+00   6.2694593e-01   0.0000000e+00
   1.3400000e+00   6.2320529e-01   0.0000000e+00
   1.3600000e+00   6.1946465e-01   0.0000000e+00
   1.3800000e+00   6.1572401e-01   0.0000000e+00
   1.4000000e+00   6.1273565e-01   0.0000000e+00
   1.4200000e+00   6.0990553e-01   0.0000000e+00
   1.4400000e+00   6.0723364e-01   0.0000000e+00
   1.4600000e+00   6.0441895e-01   0.0000000e+00
   1.4800000e+00   6.0142154e-01   0.0000000e+00
   1.5000000e+00   5.9824142e-01   0.0000000e+00
   1.5200000e+00   5.9556954e-01   0.0000000e+00
   1.5400000e+00   5.9267572e-01   0.0000000e+00
   1.5600000e+00   5.8955998e-01   0.0000000e+00
   1.5800000e+00   5.8602653e-01   0.0000000e+00
   1.6000000e+00   5.8260001e-01   0.0000000e+00
   1.6200000e+00   5.7928042e-01   0.0000000e+00
   1.6400000e+00   5.7660854e-01   0.0000000e+00
   1.6600000e+00   5.7393665e-01   0.0000000e+00
   1.6800000e+00   5.7126477e-01   0.0000000e+00
   1.7000000e+00   5.6808131e-01   0.0000000e+00
   1.7200000e+00   5.6528136e-01   0.0000000e+00
   1.7400000e+00   5.6286492e-01   0.0000000e+00
   1.7600000e+00   5.6044916e-01   0.0000000e+00
   1.7800000e+00   5.5798613e-01   0.0000000e+00
   1.8000000e+00   5.5547583e-01   0.0000000e+00
   1.8200000e+00   5.5338324e-01   0.0000000e+00
   1.8400000e+00   5.5153537e-01   0.0000000e+00
   1.8600000e+00   5.4993224e-01   0.0000000e+00
   1.8800000e+00   5.4786648e-01   0.0000000e+00
   1.9000000e+00   5.4593783e-01   0.0000000e+00
   1.9200000e+00   5.4414629e-01   0.0000000e+00
   1.9400000e+00   5.4277246e-01   0.0000000e+00
   1.9600000e+00   5.4155116e-01   0.0000000e+00
   1.9800000e+00   5.4048241e-01   0.0000000e+00
   2.0000000e+00   5.3941366e-01   0.0000000e+00
   2.0200000e+00   5.3861007e-01   0.0000000e+00
   2.0400000e+00   5.3807167e-01   0.0000000e+00
   2.0600000e+00   5.3670993e-01   0.0000000e+00
   2.0800000e+00   5.3537600e-01   0.0000000e+00
   2.1000000e+00   5.3406988e-01   0.0000000e+00
   2.1200000e+00   5.3318148e-01   0.0000000e+00
   2.1400000e+00   5.3237456e-01   0.0000000e+00
   2.1600000e+00   5.3164912e-01   0.0000000e+00
   2.1800000e+00   5.2951161e-01   0.0000000e+00
   2.2000000e+00   5.2785550e-01   0.0000000e+00
   2.2200000e+00   5.2668080e-01   0.0000000e+00
   2.2400000e+00   5.2561204e-01   0.0000000e+00
   2.2600000e+00   5.2454329e-01   0.0000000e+00
   2.2800000e+00   5.2347453e-01   0.0000000e+00
   2.3000000e+00   5.2227437e-01   0.0000000e+00
   2.3200000e+00   5.2088010e-01   0.0000000e+00
   2.3400000e+00   5.1929171e-01   0.0000000e+00
   2.3600000e+00   5.1822296e-01   0.0000000e+00
   2.3800000e+00   5.1715420e-01   0.0000000e+00
   2.4000000e+00   5.1608545e-01   0.0000000e+00
   2.4200000e+00   5.1501669e-01   0.0000000e+00
   2.4400000e+00   5.1394794e-01   0.0000000e+00
   2.4600000e+00   5.1287919e-01   0.0000000e+00
   2.4800000e+00   5.1181043e-01   0.0000000e+00
   2.5000000e+00   5.1074168e-01   0.0000000e+00
   2.5200000e+00   5.0967292e-01   0.0000000e+00
   2.5400000e+00   5.0860417e-01   0.0000000e+00
   2.5600000e+00   5.0753542e-01   0.0000000e+00
   2.5800000e+00   5.0646666e-01   0.0000000e+00
   2.6000000e+00   5.0486422e-01   0.0000000e+00
   2.6200000e+00   5.0306933e-01   0.0000000e+00
   2.6400000e+00   5.0108200e-01   0.0000000e+00
   2.6600000e+00   4.9947887e-01   0.0000000e+00
   2.6800000e+00   4.9787574e-01   0.0000000e+00
   2.7000000e+00   4.9627261e-01   0.0000000e+00
   2.7200000e+00   4.9421825e-01   0.0000000e+00
   2.7400000e+00   4.9279145e-01   0.0000000e+00
   2.7600000e+00   4.9199219e-01   0.0000000e+00
   2.0700000e+00   7.7786052e-01   1.0000000e+00
   2.0900000e+00   7.7500966e-01   1.0000000e+00
   2.1100000e+00   7.7189760e-01   1.0000000e+00
   2.1300000e+00   7.6852435e-01   1.0000000e+00
   2.1500000e+00   7.6698491e-01   1.0000000e+00
   2.1700000e+00   7.6568081e-01   1.0000000e+00
   2.1900000e+00   7.6461205e-01   1.0000000e+00
   2.2100000e+00   7.6306190e-01   1.0000000e+00
   2.2300000e+00   7.6112052e-01   1.0000000e+00
   2.2500000e+00   7.5878792e-01   1.0000000e+00
   2.2700000e+00   7.5636410e-01   1.0000000e+00
   2.2900000e+00   7.5414914e-01   1.0000000e+00
   2.3100000e+00   7.5214304e-01   1.0000000e+00
   2.3300000e+00   7.5052517e-01   1.0000000e+00
   2.3500000e+00   7.4864748e-01   1.0000000e+00
   2.3700000e+00   7.4650997e-01   1.0000000e+00
   2.3900000e+00   7.4350755e-01   1.0000000e+00
   2.4100000e+00   7.4087690e-01   1.0000000e+00
   2.4300000e+00   7.3861801e-01   1.0000000e+00
   2.4500000e+00   7.3641750e-01   1.0000000e+00
   2.4700000e+00   7.3383781e-01   1.0000000e+00
   2.4900000e+00   7.3087893e-01   1.0000000e+00
   2.5100000e+00   7.2927579e-01   1.0000000e+00
   2.5300000e+00   7.2742258e-01   1.0000000e+00
   2.5500000e+00   7.2531927e-01   1.0000000e+00
   2.5700000e+00   7.2356527e-01   1.0000000e+00
   2.5900000e+00   7.2188671e-01   1.0000000e+00
   2.6100000e+00   7.2028358e-01   1.0000000e+00
   2.6300000e+00   7.1883063e-01   1.0000000e+00
   2.6500000e+00   7.1755301e-01   1.0000000e+00
   2.6700000e+00   7.1645075e-01   1.0000000e+00
   2.6900000e+00   7.1484761e-01   1.0000000e+00
   2.7100000e+00   7.1347010e-01   1.0000000e+00
   2.7300000e+00   7.1231819e-01   1.0000000e+00
   2.7500000e+00   7.1091488e-01   1.0000000e+00
   2.7700000e+00   7.0930270e-01   1.0000000e+00
   2.7900000e+00   7.0748168e-01   1.0000000e+00
   2.8100000e+00   7.0524293e-01   1.0000000e+00
   2.8300000e+00   7.0278762e-01   1.0000000e+00
   2.8500000e+00   7.0011574e-01   1.0000000e+00
   2.8700000e+00   6.9848174e-01   1.0000000e+00
   2.8900000e+00   6.9666204e-01   1.0000000e+00
   2.9100000e+00   6.9465663e-01   1.0000000e+00
   2.9300000e+00   6.9309035e-01   1.0000000e+00
   2.9500000e+00   6.9151941e-01   1.0000000e+00
   2.9700000e+00   6.8994380e-01   1.0000000e+00
   2.9900000e+00   6.8742877e-01   1.0000000e+00
   3.0100000e+00   6.8563689e-01   1.0000000e+00
   3.0300000e+00   6.8456813e-01   1.0000000e+00
   3.0500000e+00   6.8302938e-01   1.0000000e+00
   3.0700000e+00   6.8163510e-01   1.0000000e+00
   3.0900000e+00   6.8038531e-01   1.0000000e+00
   3.1100000e+00   6.7884321e-01   1.0000000e+00
   3.1300000e+00   6.7706341e-01   1.0000000e+00
   3.1500000e+00   6.7504591e-01   1.0000000e+00
   3.1700000e+00   6.7343276e-01   1.0000000e+00
   3.1900000e+00   6.7102305e-01   1.0000000e+00
   3.2100000e+00   6.6781679e-01   1.0000000e+00
   3.2300000e+00   6.6461053e-01   1.0000000e+00
   3.2500000e+00   6.6155646e-01   1.0000000e+00
   3.2700000e+00   6.5865458e-01   1.0000000e+00
   3.2900000e+00   6.5617042e-01   1.0000000e+00
   3.3100000e+00   6.5389512e-01   1.0000000e+00
   3.3300000e+00   6.5182867e-01   1.0000000e+00
   3.3500000e+00   6.5022554e-01   1.0000000e+00
   3.3700000e+00   6.4911118e-01   1.0000000e+00
   3.3900000e+00   6.4848559e-01   1.0000000e+00
   3.4100000e+00   6.4757911e-01   1.0000000e+00
