   6.0000000e-01   9.8077941e-01   0.0000000e+00
   6.2000000e-01   9.6366864e-01   0.0000000e+00
   6.4000000e-01   9.4502078e-01   0.0000000e+00
   6.6000000e-01   9.2483583e-01   0.0000000e+00
   6.8000000e-01   8.9918574e-01   0.0000000e+00
   7.0000000e-01   8.7581192e-01   0.0000000e+00
   7.2000000e-01   8.5471440e-01   0.0000000e+00
   7.4000000e-01   8.3474666e-01   0.0000000e+00
   7.6000000e-01   8.1609743e-01   0.0000000e+00
   7.8000000e-01   7.9876668e-01   0.0000000e+00
   8.0000000e-01   7.8466235e-01   0.0000000e+00
   8.2000000e-01   7.7012891e-01   0.0000000e+00
   8.4000000e-01   7.5516635e-01   0.0000000e+00
   8.6000000e-01   7.4438760e-01   0.0000000e+00
   8.8000000e-01   7.3385761e-01   0.0000000e+00
   9.0000000e-01   7.2357638e-01   0.0000000e+00
   9.2000000e-01   7.1516110e-01   0.0000000e+00
   9.4000000e-01   7.0773948e-01   0.0000000e+00
   9.6000000e-01   7.0131152e-01   0.0000000e+00
   9.8000000e-01   6.9608039e-01   0.0000000e+00
   1.0000000e+00   6.9132731e-01   0.0000000e+00
   1.0200000e+00   6.8705229e-01   0.0000000e+00
   1.0400000e+00   6.8230325e-01   0.0000000e+00
   1.0600000e+00   6.7788139e-01   0.0000000e+00
   1.0800000e+00   6.7378673e-01   0.0000000e+00
   1.1000000e+00   6.7028679e-01   0.0000000e+00
   1.1200000e+00   6.6687167e-01   0.0000000e+00
   1.1400000e+00   6.6354137e-01   0.0000000e+00
   1.1600000e+00   6.5980073e-01   0.0000000e+00
   1.1800000e+00   6.5606010e-01   0.0000000e+00
   1.2000000e+00   6.5231946e-01   0.0000000e+00
   1.2200000e+00   6.4900390e-01   0.0000000e+00
   1.2400000e+00   6.4574299e-01   0.0000000e+00
   1.2600000e+00   6.4253673e-01   0.0000000e+00
   1.2800000e+00   6.3933047e-01   0.0000000e+00
   1.3000000e+00   6.3612421e-01   0.0000000e+00
   1.3200000e+00   6.3291794e-01   0.0000000e+00
   1.3400000e+00   6.2971168e-01   0.0000000e+00
   1.3600000e+00   6.2650542e-01   0.0000000e+00
   1.3800000e+00   6.2329916e-01   0.0000000e+00
   1.4000000e+00   6.2046903e-01   0.0000000e+00
   1.4200000e+00   6.1758829e-01   0.0000000e+00
   1.4400000e+00   6.1465693e-01   0.0000000e+00
   1.4600000e+00   6.1159348e-01   0.0000000e+00
   1.4800000e+00   6.0873888e-01   0.0000000e+00
   1.5000000e+00   6.0609314e-01   0.0000000e+00
   1.5200000e+00   6.0395563e-01   0.0000000e+00
   1.5400000e+00   6.0137427e-01   0.0000000e+00
   1.5600000e+00   5.9834905e-01   0.0000000e+00
   1.5800000e+00   5.9579717e-01   0.0000000e+00
   1.6000000e+00   5.9324195e-01   0.0000000e+00
   1.6200000e+00   5.9068338e-01   0.0000000e+00
   1.6400000e+00   5.8766485e-01   0.0000000e+00
   1.6600000e+00   5.8508682e-01   0.0000000e+00
   1.6800000e+00   5.8294931e-01   0.0000000e+00
   1.7000000e+00   5.8030023e-01   0.0000000e+00
   1.7200000e+00   5.7763975e-01   0.0000000e+00
   1.7400000e+00   5.7496786e-01   0.0000000e+00
   1.7600000e+00   5.7229598e-01   0.0000000e+00
   1.7800000e+00   5.6962409e-01   0.0000000e+00
   1.8000000e+00   5.6695221e-01   0.0000000e+00
   1.8200000e+00   5.6432524e-01   0.0000000e+00
   1.8400000e+00   5.6194300e-01   0.0000000e+00
   1.8600000e+00   5.5980549e-01   0.0000000e+00
   1.8800000e+00   5.5674273e-01   0.0000000e+00
   1.9000000e+00   5.5412716e-01   0.0000000e+00
   1.9200000e+00   5.5195879e-01   0.0000000e+00
   1.9400000e+00   5.5012636e-01   0.0000000e+00
   1.9600000e+00   5.4819771e-01   0.0000000e+00
   1.9800000e+00   5.4617283e-01   0.0000000e+00
   2.0000000e+00   5.4456970e-01   0.0000000e+00
   2.0200000e+00   5.4296657e-01   0.0000000e+00
   2.0400000e+00   5.4136344e-01   0.0000000e+00
   2.0600000e+00   5.3976031e-01   0.0000000e+00
   2.0800000e+00   5.3815718e-01   0.0000000e+00
   2.1000000e+00   5.3655404e-01   0.0000000e+00
   2.1200000e+00   5.3495091e-01   0.0000000e+00
   2.1400000e+00   5.3334778e-01   0.0000000e+00
   2.1600000e+00   5.3174465e-01   0.0000000e+00
   2.1800000e+00   5.3014152e-01   0.0000000e+00
   2.2000000e+00   5.2853839e-01   0.0000000e+00
   2.2200000e+00   5.2693526e-01   0.0000000e+00
   2.2400000e+00   5.2569686e-01   0.0000000e+00
   2.2600000e+00   5.2454329e-01   0.0000000e+00
   2.2800000e+00   5.2347453e-01   0.0000000e+00
   2.3000000e+00   5.2214297e-01   0.0000000e+00
   2.3200000e+00   5.2043054e-01   0.0000000e+00
   2.3400000e+00   5.1833726e-01   0.0000000e+00
   2.3600000e+00   5.1780288e-01   0.0000000e+00
   2.3800000e+00   5.1705228e-01   0.0000000e+00
   2.4000000e+00   5.1608545e-01   0.0000000e+00
   2.4200000e+00   5.1501669e-01   0.0000000e+00
   2.4400000e+00   5.1394794e-01   0.0000000e+00
   2.4600000e+00   5.1287919e-01   0.0000000e+00
   2.4800000e+00   5.1181043e-01   0.0000000e+00
   2.5000000e+00   5.1074168e-01   0.0000000e+00
   2.5200000e+00   5.0967292e-01   0.0000000e+00
   2.5400000e+00   5.0860417e-01   0.0000000e+00
   2.5600000e+00   5.0772717e-01   0.0000000e+00
   2.5800000e+00   5.0704193e-01   0.0000000e+00
   2.6000000e+00   5.0597386e-01   0.0000000e+00
   2.6200000e+00   5.0463826e-01   0.0000000e+00
   2.6400000e+00   5.0303513e-01   0.0000000e+00
   2.6600000e+00   5.0143200e-01   0.0000000e+00
   2.6800000e+00   4.9982887e-01   0.0000000e+00
   2.7000000e+00   4.9822574e-01   0.0000000e+00
   2.7200000e+00   4.9617138e-01   0.0000000e+00
   2.7400000e+00   4.9407544e-01   0.0000000e+00
   2.7600000e+00   4.9193794e-01   0.0000000e+00
   2.7800000e+00   4.8980043e-01   0.0000000e+00
   2.8000000e+00   4.8771354e-01   0.0000000e+00
   2.8200000e+00   4.8567726e-01   0.0000000e+00
   2.8400000e+00   4.8407413e-01   0.0000000e+00
   2.8600000e+00   4.8221153e-01   0.0000000e+00
   2.8800000e+00   4.8008945e-01   0.0000000e+00
   2.9000000e+00   4.7795194e-01   0.0000000e+00
   2.9200000e+00   4.7610005e-01   0.0000000e+00
   2.9400000e+00   4.7453378e-01   0.0000000e+00
   2.9600000e+00   4.7329607e-01   0.0000000e+00
   2.9800000e+00   4.7190179e-01   0.0000000e+00
   3.0000000e+00   4.7035095e-01   0.0000000e+00
   3.0200000e+00   4.6928220e-01   0.0000000e+00
   2.1600000e+00   7.7833730e-01   1.0000000e+00
   2.1800000e+00   7.7406228e-01   1.0000000e+00
   2.2000000e+00   7.7050937e-01   1.0000000e+00
   2.2200000e+00   7.6767856e-01   1.0000000e+00
   2.2400000e+00   7.6537141e-01   1.0000000e+00
   2.2600000e+00   7.6314908e-01   1.0000000e+00
   2.2800000e+00   7.6101157e-01   1.0000000e+00
   2.3000000e+00   7.5874266e-01   1.0000000e+00
   2.3200000e+00   7.5627963e-01   1.0000000e+00
   2.3400000e+00   7.5362248e-01   1.0000000e+00
   2.3600000e+00   7.5148497e-01   1.0000000e+00
   2.3800000e+00   7.4913124e-01   1.0000000e+00
   2.4000000e+00   7.4656128e-01   1.0000000e+00
   2.4200000e+00   7.4452097e-01   1.0000000e+00
   2.4400000e+00   7.4279882e-01   1.0000000e+00
   2.4600000e+00   7.4139481e-01   1.0000000e+00
   2.4800000e+00   7.4016114e-01   1.0000000e+00
   2.5000000e+00   7.3847554e-01   1.0000000e+00
   2.5200000e+00   7.3633803e-01   1.0000000e+00
   2.5400000e+00   7.3420053e-01   1.0000000e+00
   2.5600000e+00   7.3225477e-01   1.0000000e+00
   2.5800000e+00   7.3050077e-01   1.0000000e+00
   2.6000000e+00   7.2863080e-01   1.0000000e+00
   2.6200000e+00   7.2670215e-01   1.0000000e+00
   2.6400000e+00   7.2471482e-01   1.0000000e+00
   2.6600000e+00   7.2311169e-01   1.0000000e+00
   2.6800000e+00   7.2150856e-01   1.0000000e+00
   2.7000000e+00   7.1990542e-01   1.0000000e+00
   2.7200000e+00   7.1830229e-01   1.0000000e+00
   2.7400000e+00   7.1669916e-01   1.0000000e+00
   2.7600000e+00   7.1509603e-01   1.0000000e+00
   2.7800000e+00   7.1371080e-01   1.0000000e+00
   2.8000000e+00   7.1243319e-01   1.0000000e+00
   2.8200000e+00   7.1126320e-01   1.0000000e+00
   2.8400000e+00   7.0966007e-01   1.0000000e+00
   2.8600000e+00   7.0779747e-01   1.0000000e+00
   2.8800000e+00   7.0567539e-01   1.0000000e+00
   2.9000000e+00   7.0394016e-01   1.0000000e+00
   2.9200000e+00   7.0212817e-01   1.0000000e+00
   2.9400000e+00   7.0023943e-01   1.0000000e+00
   2.9600000e+00   6.9810192e-01   1.0000000e+00
   2.9800000e+00   6.9596441e-01   1.0000000e+00
   3.0000000e+00   6.9382690e-01   1.0000000e+00
   3.0200000e+00   6.9168939e-01   1.0000000e+00
   3.0400000e+00   6.8978689e-01   1.0000000e+00
   3.0600000e+00   6.8811938e-01   1.0000000e+00
   3.0800000e+00   6.8580958e-01   1.0000000e+00
   3.1000000e+00   6.8367374e-01   1.0000000e+00
   3.1200000e+00   6.8171186e-01   1.0000000e+00
   3.1400000e+00   6.8064311e-01   1.0000000e+00
   3.1600000e+00   6.7957603e-01   1.0000000e+00
   3.1800000e+00   6.7851061e-01   1.0000000e+00
   3.2000000e+00   6.7797624e-01   1.0000000e+00
   3.2200000e+00   6.7702081e-01   1.0000000e+00
   3.2400000e+00   6.7564432e-01   1.0000000e+00
   3.2600000e+00   6.7343241e-01   1.0000000e+00
   3.2800000e+00   6.7117824e-01   1.0000000e+00
   3.3000000e+00   6.6888180e-01   1.0000000e+00
   3.3200000e+00   6.6720761e-01   1.0000000e+00
   3.3400000e+00   6.6530176e-01   1.0000000e+00
   3.3600000e+00   6.6316425e-01   1.0000000e+00
   3.3800000e+00   6.6004920e-01   1.0000000e+00
   3.4000000e+00   6.5726065e-01   1.0000000e+00
   3.4200000e+00   6.5479861e-01   1.0000000e+00
   3.4400000e+00   6.5266110e-01   1.0000000e+00
   3.4600000e+00   6.5059298e-01   1.0000000e+00
   3.4800000e+00   6.4859425e-01   1.0000000e+00
   3.5000000e+00   6.4701323e-01   1.0000000e+00
   3.5200000e+00   6.4568834e-01   1.0000000e+00
   3.5400000e+00   6.4461959e-01   1.0000000e+00
   3.5600000e+00   6.4355084e-01   1.0000000e+00
   3.5800000e+00   6.4328999e-01   1.0000000e+00
   3.6000000e+00   6.4383704e-01   1.0000000e+00
