   6.0000000e-01   9.7735791e-01   0.0000000e+00
   6.2000000e-01   9.6360760e-01   0.0000000e+00
   6.4000000e-01   9.4836012e-01   0.0000000e+00
   6.6000000e-01   9.3161545e-01   0.0000000e+00
   6.8000000e-01   9.0543098e-01   0.0000000e+00
   7.0000000e-01   8.7992939e-01   0.0000000e+00
   7.2000000e-01   8.5511069e-01   0.0000000e+00
   7.4000000e-01   8.3323808e-01   0.0000000e+00
   7.6000000e-01   8.1336922e-01   0.0000000e+00
   7.8000000e-01   7.9550410e-01   0.0000000e+00
   8.0000000e-01   7.8065487e-01   0.0000000e+00
   8.2000000e-01   7.6494741e-01   0.0000000e+00
   8.4000000e-01   7.4838172e-01   0.0000000e+00
   8.6000000e-01   7.3443091e-01   0.0000000e+00
   8.8000000e-01   7.2071176e-01   0.0000000e+00
   9.0000000e-01   7.0722427e-01   0.0000000e+00
   9.2000000e-01   6.9647166e-01   0.0000000e+00
   9.4000000e-01   6.8690683e-01   0.0000000e+00
   9.6000000e-01   6.7852978e-01   0.0000000e+00
   9.8000000e-01   6.7079571e-01   0.0000000e+00
   1.0000000e+00   6.6425679e-01   0.0000000e+00
   1.0200000e+00   6.5891302e-01   0.0000000e+00
   1.0400000e+00   6.5262119e-01   0.0000000e+00
   1.0600000e+00   6.4680506e-01   0.0000000e+00
   1.0800000e+00   6.4146463e-01   0.0000000e+00
   1.1000000e+00   6.3665524e-01   0.0000000e+00
   1.1200000e+00   6.3190787e-01   0.0000000e+00
   1.1400000e+00   6.2722251e-01   0.0000000e+00
   1.1600000e+00   6.2294012e-01   0.0000000e+00
   1.1800000e+00   6.1839423e-01   0.0000000e+00
   1.2000000e+00   6.1358484e-01   0.0000000e+00
   1.2200000e+00   6.1005069e-01   0.0000000e+00
   1.2400000e+00   6.0637207e-01   0.0000000e+00
   1.2600000e+00   6.0254897e-01   0.0000000e+00
   1.2800000e+00   5.9827396e-01   0.0000000e+00
   1.3000000e+00   5.9407403e-01   0.0000000e+00
   1.3200000e+00   5.8994919e-01   0.0000000e+00
   1.3400000e+00   5.8674293e-01   0.0000000e+00
   1.3600000e+00   5.8329027e-01   0.0000000e+00
   1.3800000e+00   5.7959120e-01   0.0000000e+00
   1.4000000e+00   5.7622670e-01   0.0000000e+00
   1.4200000e+00   5.7281158e-01   0.0000000e+00
   1.4400000e+00   5.6934585e-01   0.0000000e+00
   1.4600000e+00   5.6560521e-01   0.0000000e+00
   1.4800000e+00   5.6189071e-01   0.0000000e+00
   1.5000000e+00   5.5820236e-01   0.0000000e+00
   1.5200000e+00   5.5553048e-01   0.0000000e+00
   1.5400000e+00   5.5263666e-01   0.0000000e+00
   1.5600000e+00   5.4952092e-01   0.0000000e+00
   1.5800000e+00   5.4631466e-01   0.0000000e+00
   1.6000000e+00   5.4310840e-01   0.0000000e+00
   1.6200000e+00   5.3990213e-01   0.0000000e+00
   1.6400000e+00   5.3688360e-01   0.0000000e+00
   1.6600000e+00   5.3430557e-01   0.0000000e+00
   1.6800000e+00   5.3216806e-01   0.0000000e+00
   1.7000000e+00   5.2951898e-01   0.0000000e+00
   1.7200000e+00   5.2745086e-01   0.0000000e+00
   1.7400000e+00   5.2596371e-01   0.0000000e+00
   1.7600000e+00   5.2433846e-01   0.0000000e+00
   1.7800000e+00   5.2253788e-01   0.0000000e+00
   1.8000000e+00   5.2056195e-01   0.0000000e+00
   1.8200000e+00   5.1891390e-01   0.0000000e+00
   1.8400000e+00   5.1702113e-01   0.0000000e+00
   1.8600000e+00   5.1488362e-01   0.0000000e+00
   1.8800000e+00   5.1367137e-01   0.0000000e+00
   1.9000000e+00   5.1253086e-01   0.0000000e+00
   1.9200000e+00   5.1146211e-01   0.0000000e+00
   1.9400000e+00   5.1039335e-01   0.0000000e+00
   1.9600000e+00   5.0932460e-01   0.0000000e+00
   1.9800000e+00   5.0825585e-01   0.0000000e+00
   2.0000000e+00   5.0718709e-01   0.0000000e+00
   2.0200000e+00   5.0611834e-01   0.0000000e+00
   2.0400000e+00   5.0504958e-01   0.0000000e+00
   2.0600000e+00   5.0398083e-01   0.0000000e+00
   2.0800000e+00   5.0276357e-01   0.0000000e+00
   2.1000000e+00   5.0139779e-01   0.0000000e+00
   2.1200000e+00   5.0015537e-01   0.0000000e+00
   2.1400000e+00   4.9926697e-01   0.0000000e+00
   2.1600000e+00   4.9873259e-01   0.0000000e+00
   2.1800000e+00   4.9819822e-01   0.0000000e+00
   2.2000000e+00   4.9742314e-01   0.0000000e+00
   2.2200000e+00   4.9640736e-01   0.0000000e+00
   2.2400000e+00   4.9497387e-01   0.0000000e+00
   2.2600000e+00   4.9357959e-01   0.0000000e+00
   2.2800000e+00   4.9222454e-01   0.0000000e+00
   2.3000000e+00   4.9115578e-01   0.0000000e+00
   2.3200000e+00   4.9008703e-01   0.0000000e+00
   2.3400000e+00   4.8901827e-01   0.0000000e+00
   2.3600000e+00   4.8794952e-01   0.0000000e+00
   2.3800000e+00   4.8666454e-01   0.0000000e+00
   2.4000000e+00   4.8516333e-01   0.0000000e+00
   2.4200000e+00   4.8419178e-01   0.0000000e+00
   2.4400000e+00   4.8323969e-01   0.0000000e+00
   2.4600000e+00   4.8230706e-01   0.0000000e+00
   2.4800000e+00   4.8078639e-01   0.0000000e+00
   2.5000000e+00   4.7949168e-01   0.0000000e+00
   2.5200000e+00   4.7842292e-01   0.0000000e+00
   2.5400000e+00   4.7685400e-01   0.0000000e+00
   2.5600000e+00   4.7545972e-01   0.0000000e+00
   2.5800000e+00   4.7424010e-01   0.0000000e+00
   2.6000000e+00   4.7290450e-01   0.0000000e+00
   2.6200000e+00   4.7143514e-01   0.0000000e+00
   2.6400000e+00   4.6983200e-01   0.0000000e+00
   2.6600000e+00   4.6819536e-01   0.0000000e+00
   2.6800000e+00   4.6630828e-01   0.0000000e+00
   2.7000000e+00   4.6417077e-01   0.0000000e+00
   2.7200000e+00   4.6293572e-01   0.0000000e+00
   2.7400000e+00   4.6178382e-01   0.0000000e+00
   2.7600000e+00   4.6071506e-01   0.0000000e+00
   2.7800000e+00   4.5921051e-01   0.0000000e+00
   2.8000000e+00   4.5754133e-01   0.0000000e+00
   2.8200000e+00   4.5570753e-01   0.0000000e+00
   2.8400000e+00   4.5517315e-01   0.0000000e+00
   2.8600000e+00   4.5437930e-01   0.0000000e+00
   2.8800000e+00   4.5332598e-01   0.0000000e+00
   2.9000000e+00   4.5265950e-01   0.0000000e+00
   2.9200000e+00   4.5191627e-01   0.0000000e+00
   2.9400000e+00   4.5109628e-01   0.0000000e+00
   2.9600000e+00   4.5002752e-01   0.0000000e+00
   2.9800000e+00   4.4895877e-01   0.0000000e+00
   3.0000000e+00   4.4789001e-01   0.0000000e+00
   3.0200000e+00   4.4682126e-01   0.0000000e+00
   3.0400000e+00   4.4575250e-01   0.0000000e+00
   3.0600000e+00   4.4468375e-01   0.0000000e+00
   3.0800000e+00   4.4361500e-01   0.0000000e+00
   3.1000000e+00   4.4254624e-01   0.0000000e+00
   3.1200000e+00   4.4147749e-01   0.0000000e+00
   3.1400000e+00   4.4040873e-01   0.0000000e+00
   3.1600000e+00   4.3933998e-01   0.0000000e+00
   3.1800000e+00   4.3827123e-01   0.0000000e+00
   3.2000000e+00   4.3720247e-01   0.0000000e+00
   3.2200000e+00   4.3592319e-01   0.0000000e+00
   3.2400000e+00   4.3443338e-01   0.0000000e+00
   3.2600000e+00   4.3313464e-01   0.0000000e+00
   3.2800000e+00   4.3195089e-01   0.0000000e+00
   3.3000000e+00   4.3088214e-01   0.0000000e+00
   3.3200000e+00   4.2981339e-01   0.0000000e+00
   3.3400000e+00   4.2874463e-01   0.0000000e+00
   3.3600000e+00   4.2767588e-01   0.0000000e+00
   3.3800000e+00   4.2660712e-01   0.0000000e+00
   3.4000000e+00   4.2535232e-01   0.0000000e+00
   3.4200000e+00   4.2391145e-01   0.0000000e+00
   3.4400000e+00   4.2307465e-01   0.0000000e+00
   3.4600000e+00   4.2244808e-01   0.0000000e+00
   3.4800000e+00   4.2203175e-01   0.0000000e+00
   3.5000000e+00   4.2045073e-01   0.0000000e+00
   3.5200000e+00   4.1912584e-01   0.0000000e+00
   3.5400000e+00   4.1805709e-01   0.0000000e+00
   3.5600000e+00   4.1742816e-01   0.0000000e+00
   3.5800000e+00   4.1700809e-01   0.0000000e+00
   3.6000000e+00   4.1679688e-01   0.0000000e+00
   2.0000000e+00   7.5687337e-01   1.0000000e+00
   2.0200000e+00   7.5365905e-01   1.0000000e+00
   2.0400000e+00   7.5150542e-01   1.0000000e+00
   2.0600000e+00   7.4936791e-01   1.0000000e+00
   2.0800000e+00   7.4723040e-01   1.0000000e+00
   2.1000000e+00   7.4509289e-01   1.0000000e+00
   2.1200000e+00   7.4313574e-01   1.0000000e+00
   2.1400000e+00   7.4132375e-01   1.0000000e+00
   2.1600000e+00   7.3965693e-01   1.0000000e+00
   2.1800000e+00   7.3751942e-01   1.0000000e+00
   2.2000000e+00   7.3538192e-01   1.0000000e+00
   2.2200000e+00   7.3324441e-01   1.0000000e+00
   2.2400000e+00   7.3074216e-01   1.0000000e+00
   2.2600000e+00   7.2852721e-01   1.0000000e+00
   2.2800000e+00   7.2659953e-01   1.0000000e+00
   2.3000000e+00   7.2526797e-01   1.0000000e+00
   2.3200000e+00   7.2353343e-01   1.0000000e+00
   2.3400000e+00   7.2139592e-01   1.0000000e+00
   2.3600000e+00   7.1925841e-01   1.0000000e+00
   2.3800000e+00   7.1712091e-01   1.0000000e+00
   2.4000000e+00   7.1498340e-01   1.0000000e+00
   2.4200000e+00   7.1316168e-01   1.0000000e+00
   2.4400000e+00   7.1125013e-01   1.0000000e+00
   2.4600000e+00   7.0924875e-01   1.0000000e+00
   2.4800000e+00   7.0665932e-01   1.0000000e+00
   2.5000000e+00   7.0429586e-01   1.0000000e+00
   2.5200000e+00   7.0215835e-01   1.0000000e+00
   2.5400000e+00   7.0002084e-01   1.0000000e+00
   2.5600000e+00   6.9807509e-01   1.0000000e+00
   2.5800000e+00   6.9632109e-01   1.0000000e+00
   2.6000000e+00   6.9445111e-01   1.0000000e+00
   2.6200000e+00   6.9244737e-01   1.0000000e+00
   2.6400000e+00   6.9030986e-01   1.0000000e+00
   2.6600000e+00   6.8820587e-01   1.0000000e+00
   2.6800000e+00   6.8635231e-01   1.0000000e+00
   2.7000000e+00   6.8474917e-01   1.0000000e+00
   2.7200000e+00   6.8359727e-01   1.0000000e+00
   2.7400000e+00   6.8215238e-01   1.0000000e+00
   2.7600000e+00   6.8041450e-01   1.0000000e+00
   2.7800000e+00   6.7827699e-01   1.0000000e+00
   2.8000000e+00   6.7619010e-01   1.0000000e+00
   2.8200000e+00   6.7415382e-01   1.0000000e+00
   2.8400000e+00   6.7255069e-01   1.0000000e+00
   2.8600000e+00   6.7068809e-01   1.0000000e+00
   2.8800000e+00   6.6856601e-01   1.0000000e+00
   2.9000000e+00   6.6723307e-01   1.0000000e+00
   2.9200000e+00   6.6574660e-01   1.0000000e+00
   2.9400000e+00   6.6410661e-01   1.0000000e+00
   2.9600000e+00   6.6196911e-01   1.0000000e+00
   2.9800000e+00   6.5985774e-01   1.0000000e+00
   3.0000000e+00   6.5777252e-01   1.0000000e+00
   3.0200000e+00   6.5616939e-01   1.0000000e+00
   3.0400000e+00   6.5456626e-01   1.0000000e+00
   3.0600000e+00   6.5296313e-01   1.0000000e+00
   3.0800000e+00   6.5171333e-01   1.0000000e+00
   3.1000000e+00   6.5043572e-01   1.0000000e+00
   3.1200000e+00   6.4913030e-01   1.0000000e+00
   3.1400000e+00   6.4776718e-01   1.0000000e+00
   3.1600000e+00   6.4681509e-01   1.0000000e+00
   3.1800000e+00   6.4627403e-01   1.0000000e+00
   3.2000000e+00   6.4467090e-01   1.0000000e+00
   3.2200000e+00   6.4306777e-01   1.0000000e+00
   3.2400000e+00   6.4146463e-01   1.0000000e+00
   3.2600000e+00   6.3986150e-01   1.0000000e+00
   3.2800000e+00   6.3835223e-01   1.0000000e+00
   3.3000000e+00   6.3693683e-01   1.0000000e+00
   3.3200000e+00   6.3572595e-01   1.0000000e+00
   3.3400000e+00   6.3405176e-01   1.0000000e+00
   3.3600000e+00   6.3191425e-01   1.0000000e+00
   3.3800000e+00   6.3075429e-01   1.0000000e+00
   3.4000000e+00   6.2945388e-01   1.0000000e+00
   3.4200000e+00   6.2801302e-01   1.0000000e+00
   3.4400000e+00   6.2640989e-01   1.0000000e+00
   3.4600000e+00   6.2494553e-01   1.0000000e+00
   3.4800000e+00   6.2361996e-01   1.0000000e+00
   3.5000000e+00   6.2306347e-01   1.0000000e+00
   3.5200000e+00   6.2225084e-01   1.0000000e+00
   3.5400000e+00   6.2118209e-01   1.0000000e+00
   3.5600000e+00   6.2099299e-01   1.0000000e+00
   3.5800000e+00   6.2057528e-01   1.0000000e+00
   3.6000000e+00   6.1992895e-01   1.0000000e+00
   3.6200000e+00   6.1927319e-01   1.0000000e+00
   3.6400000e+00   6.1885548e-01   1.0000000e+00
   3.6600000e+00   6.1867582e-01   1.0000000e+00
   3.6800000e+00   6.1760706e-01   1.0000000e+00
   3.7000000e+00   6.1653831e-01   1.0000000e+00
   3.7200000e+00   6.1546955e-01   1.0000000e+00
   3.7400000e+00   6.1479168e-01   1.0000000e+00
   3.7600000e+00   6.1391134e-01   1.0000000e+00
   3.7800000e+00   6.1282853e-01   1.0000000e+00
   3.8000000e+00   6.1154050e-01   1.0000000e+00
