   6.1000000e-01   9.8419620e-01   0.0000000e+00
   6.3000000e-01   9.7004431e-01   0.0000000e+00
   6.5000000e-01   9.4814360e-01   0.0000000e+00
   6.7000000e-01   9.2276506e-01   0.0000000e+00
   6.9000000e-01   8.9390870e-01   0.0000000e+00
   7.1000000e-01   8.6823914e-01   0.0000000e+00
   7.3000000e-01   8.4216932e-01   0.0000000e+00
   7.5000000e-01   8.1569923e-01   0.0000000e+00
   7.7000000e-01   7.9488191e-01   0.0000000e+00
   7.9000000e-01   7.7822668e-01   0.0000000e+00
   8.1000000e-01   7.6573354e-01   0.0000000e+00
   8.3000000e-01   7.5023661e-01   0.0000000e+00
   8.5000000e-01   7.3473968e-01   0.0000000e+00
   8.7000000e-01   7.1924274e-01   0.0000000e+00
   8.9000000e-01   7.0577736e-01   0.0000000e+00
   9.1000000e-01   6.9364591e-01   0.0000000e+00
   9.3000000e-01   6.8284839e-01   0.0000000e+00
   9.5000000e-01   6.7428292e-01   0.0000000e+00
   9.7000000e-01   6.6628771e-01   0.0000000e+00
   9.9000000e-01   6.5886275e-01   0.0000000e+00
   1.0100000e+00   6.5191585e-01   0.0000000e+00
   1.0300000e+00   6.4520596e-01   0.0000000e+00
   1.0500000e+00   6.3873309e-01   0.0000000e+00
   1.0700000e+00   6.3303530e-01   0.0000000e+00
   1.0900000e+00   6.2751451e-01   0.0000000e+00
   1.1100000e+00   6.2217074e-01   0.0000000e+00
   1.1300000e+00   6.1695101e-01   0.0000000e+00
   1.1500000e+00   6.1193276e-01   0.0000000e+00
   1.1700000e+00   6.0711600e-01   0.0000000e+00
   1.1900000e+00   6.0177222e-01   0.0000000e+00
   1.2100000e+00   5.9664100e-01   0.0000000e+00
   1.2300000e+00   5.9172231e-01   0.0000000e+00
   1.2500000e+00   5.8722134e-01   0.0000000e+00
   1.2700000e+00   5.8273746e-01   0.0000000e+00
   1.2900000e+00   5.7827069e-01   0.0000000e+00
   1.3100000e+00   5.7353639e-01   0.0000000e+00
   1.3300000e+00   5.6903173e-01   0.0000000e+00
   1.3500000e+00   5.6475671e-01   0.0000000e+00
   1.3700000e+00   5.6048170e-01   0.0000000e+00
   1.3900000e+00   5.5639475e-01   0.0000000e+00
   1.4100000e+00   5.5249587e-01   0.0000000e+00
   1.4300000e+00   5.4875523e-01   0.0000000e+00
   1.4500000e+00   5.4508599e-01   0.0000000e+00
   1.4700000e+00   5.4148816e-01   0.0000000e+00
   1.4900000e+00   5.3828190e-01   0.0000000e+00
   1.5100000e+00   5.3507564e-01   0.0000000e+00
   1.5300000e+00   5.3186938e-01   0.0000000e+00
   1.5500000e+00   5.2866311e-01   0.0000000e+00
   1.5700000e+00   5.2562045e-01   0.0000000e+00
   1.5900000e+00   5.2274138e-01   0.0000000e+00
   1.6100000e+00   5.2028002e-01   0.0000000e+00
   1.6300000e+00   5.1798059e-01   0.0000000e+00
   1.6500000e+00   5.1584308e-01   0.0000000e+00
   1.6700000e+00   5.1370557e-01   0.0000000e+00
   1.6900000e+00   5.1131227e-01   0.0000000e+00
   1.7100000e+00   5.0866319e-01   0.0000000e+00
   1.7300000e+00   5.0717604e-01   0.0000000e+00
   1.7500000e+00   5.0561984e-01   0.0000000e+00
   1.7700000e+00   5.0399459e-01   0.0000000e+00
   1.7900000e+00   5.0201866e-01   0.0000000e+00
   1.8100000e+00   5.0020668e-01   0.0000000e+00
   1.8300000e+00   4.9855863e-01   0.0000000e+00
   1.8500000e+00   4.9642112e-01   0.0000000e+00
   1.8700000e+00   4.9451493e-01   0.0000000e+00
   1.8900000e+00   4.9284005e-01   0.0000000e+00
   1.9100000e+00   4.9123692e-01   0.0000000e+00
   1.9300000e+00   4.8963378e-01   0.0000000e+00
   1.9500000e+00   4.8803065e-01   0.0000000e+00
   1.9700000e+00   4.8642752e-01   0.0000000e+00
   1.9900000e+00   4.8482439e-01   0.0000000e+00
   2.0100000e+00   4.8322126e-01   0.0000000e+00
   2.0300000e+00   4.8214848e-01   0.0000000e+00
   2.0500000e+00   4.8107771e-01   0.0000000e+00
   2.0700000e+00   4.8000895e-01   0.0000000e+00
   2.0900000e+00   4.7834616e-01   0.0000000e+00
   2.1100000e+00   4.7662637e-01   0.0000000e+00
   2.1300000e+00   4.7484957e-01   0.0000000e+00
   2.1500000e+00   4.7378081e-01   0.0000000e+00
   2.1700000e+00   4.7271206e-01   0.0000000e+00
   2.1900000e+00   4.7164330e-01   0.0000000e+00
   2.2100000e+00   4.6961175e-01   0.0000000e+00
   2.2300000e+00   4.6789195e-01   0.0000000e+00
   2.2500000e+00   4.6648392e-01   0.0000000e+00
   2.2700000e+00   4.6491902e-01   0.0000000e+00
   2.2900000e+00   4.6319922e-01   0.0000000e+00
   2.3100000e+00   4.6132453e-01   0.0000000e+00
   2.3300000e+00   4.6025577e-01   0.0000000e+00
   2.3500000e+00   4.5918702e-01   0.0000000e+00
   2.3700000e+00   4.5811827e-01   0.0000000e+00
   2.3900000e+00   4.5704951e-01   0.0000000e+00
   2.4100000e+00   4.5598076e-01   0.0000000e+00
   2.4300000e+00   4.5491201e-01   0.0000000e+00
   2.4500000e+00   4.5384325e-01   0.0000000e+00
   2.4700000e+00   4.5273327e-01   0.0000000e+00
   2.4900000e+00   4.5158205e-01   0.0000000e+00
   2.5100000e+00   4.4997892e-01   0.0000000e+00
   2.5300000e+00   4.4887596e-01   0.0000000e+00
   2.5500000e+00   4.4827318e-01   0.0000000e+00
   2.5700000e+00   4.4735529e-01   0.0000000e+00
   2.5900000e+00   4.4636197e-01   0.0000000e+00
   2.6100000e+00   4.4529322e-01   0.0000000e+00
   2.6300000e+00   4.4422446e-01   0.0000000e+00
   2.6500000e+00   4.4313895e-01   0.0000000e+00
   2.6700000e+00   4.4203668e-01   0.0000000e+00
   2.6900000e+00   4.4043355e-01   0.0000000e+00
   2.7100000e+00   4.3883042e-01   0.0000000e+00
   2.7300000e+00   4.3722729e-01   0.0000000e+00
   2.7500000e+00   4.3595872e-01   0.0000000e+00
   2.7700000e+00   4.3479006e-01   0.0000000e+00
   2.7900000e+00   4.3372131e-01   0.0000000e+00
   2.8100000e+00   4.3255132e-01   0.0000000e+00
   2.8300000e+00   4.3116476e-01   0.0000000e+00
   2.8500000e+00   4.2956163e-01   0.0000000e+00
   2.8700000e+00   4.2899639e-01   0.0000000e+00
   2.8900000e+00   4.2824544e-01   0.0000000e+00
   2.9100000e+00   4.2730878e-01   0.0000000e+00
   2.9300000e+00   4.2652564e-01   0.0000000e+00
   2.9500000e+00   4.2569793e-01   0.0000000e+00
   2.9700000e+00   4.2482565e-01   0.0000000e+00
   2.9900000e+00   4.2332710e-01   0.0000000e+00
   3.0100000e+00   4.2231063e-01   0.0000000e+00
   3.0300000e+00   4.2177625e-01   0.0000000e+00
   3.0500000e+00   4.2077188e-01   0.0000000e+00
   3.0700000e+00   4.1973531e-01   0.0000000e+00
   3.0900000e+00   4.1866656e-01   0.0000000e+00
   3.1100000e+00   4.1736113e-01   0.0000000e+00
   3.1300000e+00   4.1608686e-01   0.0000000e+00
   3.1500000e+00   4.1484375e-01   0.0000000e+00
   3.1700000e+00   4.1484041e-01   0.0000000e+00
   3.1900000e+00   4.1457155e-01   0.0000000e+00
   3.2100000e+00   4.1403717e-01   0.0000000e+00
   3.2300000e+00   4.1350280e-01   0.0000000e+00
   2.0400000e+00   7.3710937e-01   1.0000000e+00
   2.0600000e+00   7.3504096e-01   1.0000000e+00
   2.0800000e+00   7.3281932e-01   1.0000000e+00
   2.1000000e+00   7.3044446e-01   1.0000000e+00
   2.1200000e+00   7.2848730e-01   1.0000000e+00
   2.1400000e+00   7.2664347e-01   1.0000000e+00
   2.1600000e+00   7.2491296e-01   1.0000000e+00
   2.1800000e+00   7.2224108e-01   1.0000000e+00
   2.2000000e+00   7.1932849e-01   1.0000000e+00
   2.2200000e+00   7.1617520e-01   1.0000000e+00
   2.2400000e+00   7.1296894e-01   1.0000000e+00
   2.2600000e+00   7.1001075e-01   1.0000000e+00
   2.2800000e+00   7.0730063e-01   1.0000000e+00
   2.3000000e+00   7.0503172e-01   1.0000000e+00
   2.3200000e+00   7.0256132e-01   1.0000000e+00
   2.3400000e+00   6.9988943e-01   1.0000000e+00
   2.3600000e+00   6.9721755e-01   1.0000000e+00
   2.3800000e+00   6.9454566e-01   1.0000000e+00
   2.4000000e+00   6.9187378e-01   1.0000000e+00
   2.4200000e+00   6.8951768e-01   1.0000000e+00
   2.4400000e+00   6.8737044e-01   1.0000000e+00
   2.4600000e+00   6.8543206e-01   1.0000000e+00
   2.4800000e+00   6.8382893e-01   1.0000000e+00
   2.5000000e+00   6.8222580e-01   1.0000000e+00
   2.5200000e+00   6.8062267e-01   1.0000000e+00
   2.5400000e+00   6.7901954e-01   1.0000000e+00
   2.5600000e+00   6.7722465e-01   1.0000000e+00
   2.5800000e+00   6.7523801e-01   1.0000000e+00
   2.6000000e+00   6.7336735e-01   1.0000000e+00
   2.6200000e+00   6.7155536e-01   1.0000000e+00
   2.6400000e+00   6.6980205e-01   1.0000000e+00
   2.6600000e+00   6.6769806e-01   1.0000000e+00
   2.6800000e+00   6.6584449e-01   1.0000000e+00
   2.7000000e+00   6.6424136e-01   1.0000000e+00
   2.7200000e+00   6.6308946e-01   1.0000000e+00
   2.7400000e+00   6.6181185e-01   1.0000000e+00
   2.7600000e+00   6.6040853e-01   1.0000000e+00
   2.7800000e+00   6.5858750e-01   1.0000000e+00
   2.8000000e+00   6.5665885e-01   1.0000000e+00
   2.8200000e+00   6.5462257e-01   1.0000000e+00
   2.8400000e+00   6.5301944e-01   1.0000000e+00
   2.8600000e+00   6.5115684e-01   1.0000000e+00
   2.8800000e+00   6.4903476e-01   1.0000000e+00
   2.9000000e+00   6.4770182e-01   1.0000000e+00
   2.9200000e+00   6.4621535e-01   1.0000000e+00
   2.9400000e+00   6.4457536e-01   1.0000000e+00
   2.9600000e+00   6.4260681e-01   1.0000000e+00
   2.9800000e+00   6.4082096e-01   1.0000000e+00
   3.0000000e+00   6.3921783e-01   1.0000000e+00
   3.0200000e+00   6.3761470e-01   1.0000000e+00
   3.0400000e+00   6.3624657e-01   1.0000000e+00
   3.0600000e+00   6.3511344e-01   1.0000000e+00
   3.0800000e+00   6.3369135e-01   1.0000000e+00
   3.1000000e+00   6.3229707e-01   1.0000000e+00
   3.1200000e+00   6.3093061e-01   1.0000000e+00
   3.1400000e+00   6.2986186e-01   1.0000000e+00
   3.1600000e+00   6.2879144e-01   1.0000000e+00
   3.1800000e+00   6.2771934e-01   1.0000000e+00
   3.2000000e+00   6.2611621e-01   1.0000000e+00
   3.2200000e+00   6.2451308e-01   1.0000000e+00
   3.2400000e+00   6.2290995e-01   1.0000000e+00
   3.2600000e+00   6.2130682e-01   1.0000000e+00
   3.2800000e+00   6.1970368e-01   1.0000000e+00
   3.3000000e+00   6.1810055e-01   1.0000000e+00
   3.3200000e+00   6.1656848e-01   1.0000000e+00
   3.3400000e+00   6.1526807e-01   1.0000000e+00
   3.3600000e+00   6.1419931e-01   1.0000000e+00
   3.3800000e+00   6.1264179e-01   1.0000000e+00
   3.4000000e+00   6.1124751e-01   1.0000000e+00
   3.4200000e+00   6.1001649e-01   1.0000000e+00
   3.4400000e+00   6.0894774e-01   1.0000000e+00
   3.4600000e+00   6.0794837e-01   1.0000000e+00
   3.4800000e+00   6.0701840e-01   1.0000000e+00
   3.5000000e+00   6.0648402e-01   1.0000000e+00
   3.5200000e+00   6.0594964e-01   1.0000000e+00
   3.5400000e+00   6.0541526e-01   1.0000000e+00
   3.5600000e+00   6.0444106e-01   1.0000000e+00
   3.5800000e+00   6.0374274e-01   1.0000000e+00
   3.6000000e+00   6.0332031e-01   1.0000000e+00
   3.6200000e+00   6.0290732e-01   1.0000000e+00
   3.6400000e+00   6.0221136e-01   1.0000000e+00
   3.6600000e+00   6.0123244e-01   1.0000000e+00
   3.6800000e+00   6.0069806e-01   1.0000000e+00
   3.7000000e+00   5.9990991e-01   1.0000000e+00
   3.7200000e+00   5.9886799e-01   1.0000000e+00
   3.7400000e+00   5.9897188e-01   1.0000000e+00
