   6.0000000e-01   9.7548321e-01   0.0000000e+00
   6.2000000e-01   9.6394216e-01   0.0000000e+00
   6.4000000e-01   9.5046509e-01   0.0000000e+00
   6.6000000e-01   9.3505200e-01   0.0000000e+00
   6.8000000e-01   9.1367692e-01   0.0000000e+00
   7.0000000e-01   8.9184658e-01   0.0000000e+00
   7.2000000e-01   8.6956098e-01   0.0000000e+00
   7.4000000e-01   8.4779433e-01   0.0000000e+00
   7.6000000e-01   8.2799889e-01   0.0000000e+00
   7.8000000e-01   8.1017465e-01   0.0000000e+00
   8.0000000e-01   7.9692855e-01   0.0000000e+00
   8.2000000e-01   7.8282422e-01   0.0000000e+00
   8.4000000e-01   7.6786166e-01   0.0000000e+00
   8.6000000e-01   7.5237613e-01   0.0000000e+00
   8.8000000e-01   7.3749437e-01   0.0000000e+00
   9.0000000e-01   7.2321637e-01   0.0000000e+00
   9.2000000e-01   7.1135009e-01   0.0000000e+00
   9.4000000e-01   7.0059984e-01   0.0000000e+00
   9.6000000e-01   6.9096562e-01   0.0000000e+00
   9.8000000e-01   6.8241559e-01   0.0000000e+00
   1.0000000e+00   6.7386556e-01   0.0000000e+00
   1.0200000e+00   6.6531552e-01   0.0000000e+00
   1.0400000e+00   6.5818758e-01   0.0000000e+00
   1.0600000e+00   6.5132884e-01   0.0000000e+00
   1.0800000e+00   6.4473930e-01   0.0000000e+00
   1.1000000e+00   6.3904888e-01   0.0000000e+00
   1.1200000e+00   6.3367494e-01   0.0000000e+00
   1.1400000e+00   6.2861747e-01   0.0000000e+00
   1.1600000e+00   6.2273932e-01   0.0000000e+00
   1.1800000e+00   6.1686118e-01   0.0000000e+00
   1.2000000e+00   6.1098303e-01   0.0000000e+00
   1.2200000e+00   6.0638013e-01   0.0000000e+00
   1.2400000e+00   6.0163276e-01   0.0000000e+00
   1.2600000e+00   5.9674090e-01   0.0000000e+00
   1.2800000e+00   5.9158889e-01   0.0000000e+00
   1.3000000e+00   5.8657064e-01   0.0000000e+00
   1.3200000e+00   5.8168615e-01   0.0000000e+00
   1.3400000e+00   5.7634238e-01   0.0000000e+00
   1.3600000e+00   5.7124502e-01   0.0000000e+00
   1.3800000e+00   5.6639405e-01   0.0000000e+00
   1.4000000e+00   5.6196079e-01   0.0000000e+00
   1.4200000e+00   5.5760665e-01   0.0000000e+00
   1.4400000e+00   5.5333164e-01   0.0000000e+00
   1.4600000e+00   5.4905662e-01   0.0000000e+00
   1.4800000e+00   5.4479468e-01   0.0000000e+00
   1.5000000e+00   5.4054580e-01   0.0000000e+00
   1.5200000e+00   5.3680517e-01   0.0000000e+00
   1.5400000e+00   5.3306453e-01   0.0000000e+00
   1.5600000e+00   5.2932389e-01   0.0000000e+00
   1.5800000e+00   5.2591044e-01   0.0000000e+00
   1.6000000e+00   5.2260058e-01   0.0000000e+00
   1.6200000e+00   5.1939432e-01   0.0000000e+00
   1.6400000e+00   5.1618806e-01   0.0000000e+00
   1.6600000e+00   5.1298180e-01   0.0000000e+00
   1.6800000e+00   5.0977553e-01   0.0000000e+00
   1.7000000e+00   5.0708085e-01   0.0000000e+00
   1.7200000e+00   5.0459502e-01   0.0000000e+00
   1.7400000e+00   5.0231804e-01   0.0000000e+00
   1.7600000e+00   5.0045878e-01   0.0000000e+00
   1.7800000e+00   4.9864679e-01   0.0000000e+00
   1.8000000e+00   4.9688208e-01   0.0000000e+00
   1.8200000e+00   4.9478949e-01   0.0000000e+00
   1.8400000e+00   4.9294162e-01   0.0000000e+00
   1.8600000e+00   4.9133849e-01   0.0000000e+00
   1.8800000e+00   4.8973536e-01   0.0000000e+00
   1.9000000e+00   4.8830521e-01   0.0000000e+00
   1.9200000e+00   4.8704805e-01   0.0000000e+00
   1.9400000e+00   4.8574999e-01   0.0000000e+00
   1.9600000e+00   4.8441204e-01   0.0000000e+00
   1.9800000e+00   4.8303417e-01   0.0000000e+00
   2.0000000e+00   4.8249980e-01   0.0000000e+00
   2.0200000e+00   4.8143507e-01   0.0000000e+00
   2.0400000e+00   4.7984000e-01   0.0000000e+00
   2.0600000e+00   4.7906424e-01   0.0000000e+00
   2.0800000e+00   4.7826065e-01   0.0000000e+00
   2.1000000e+00   4.7742926e-01   0.0000000e+00
   2.1200000e+00   4.7636050e-01   0.0000000e+00
   2.1400000e+00   4.7529175e-01   0.0000000e+00
   2.1600000e+00   4.7422300e-01   0.0000000e+00
   2.1800000e+00   4.7315424e-01   0.0000000e+00
   2.2000000e+00   4.7208549e-01   0.0000000e+00
   2.2200000e+00   4.7101673e-01   0.0000000e+00
   2.2400000e+00   4.7067745e-01   0.0000000e+00
   2.2600000e+00   4.7025974e-01   0.0000000e+00
   2.2800000e+00   4.6976360e-01   0.0000000e+00
   2.3000000e+00   4.6869484e-01   0.0000000e+00
   2.3200000e+00   4.6764083e-01   0.0000000e+00
   2.3400000e+00   4.6660156e-01   0.0000000e+00
   2.3600000e+00   4.6660156e-01   0.0000000e+00
   2.3800000e+00   4.6616911e-01   0.0000000e+00
   2.4000000e+00   4.6530420e-01   0.0000000e+00
   2.4200000e+00   4.6486702e-01   0.0000000e+00
   2.4400000e+00   4.6444931e-01   0.0000000e+00
   2.4600000e+00   4.6405106e-01   0.0000000e+00
   2.4800000e+00   4.6289985e-01   0.0000000e+00
   2.5000000e+00   4.6152267e-01   0.0000000e+00
   2.5200000e+00   4.5991954e-01   0.0000000e+00
   2.5400000e+00   4.5881658e-01   0.0000000e+00
   2.5600000e+00   4.5773073e-01   0.0000000e+00
   2.5800000e+00   4.5666197e-01   0.0000000e+00
   2.6000000e+00   4.5532638e-01   0.0000000e+00
   2.6200000e+00   4.5400719e-01   0.0000000e+00
   2.6400000e+00   4.5270442e-01   0.0000000e+00
   2.6600000e+00   4.5213653e-01   0.0000000e+00
   2.6800000e+00   4.5131820e-01   0.0000000e+00
   2.7000000e+00   4.5024945e-01   0.0000000e+00
   2.7200000e+00   4.4918070e-01   0.0000000e+00
   2.7400000e+00   4.4827922e-01   0.0000000e+00
   2.7600000e+00   4.4754503e-01   0.0000000e+00
   2.7800000e+00   4.4701065e-01   0.0000000e+00
   2.8000000e+00   4.4652689e-01   0.0000000e+00
   2.8200000e+00   4.4609375e-01   0.0000000e+00
   2.8400000e+00   4.4609375e-01   0.0000000e+00
   2.8600000e+00   4.4583428e-01   0.0000000e+00
   2.8800000e+00   4.4531533e-01   0.0000000e+00
   2.9000000e+00   4.4437867e-01   0.0000000e+00
   2.9200000e+00   4.4366158e-01   0.0000000e+00
   2.9400000e+00   4.4316406e-01   0.0000000e+00
   2.9600000e+00   4.4299511e-01   0.0000000e+00
   2.9800000e+00   4.4264345e-01   0.0000000e+00
   3.0000000e+00   4.4210907e-01   0.0000000e+00
   3.0200000e+00   4.4157469e-01   0.0000000e+00
   3.0400000e+00   4.4080532e-01   0.0000000e+00
   3.0600000e+00   4.3980094e-01   0.0000000e+00
   3.0800000e+00   4.3943885e-01   0.0000000e+00
   3.1000000e+00   4.3925781e-01   0.0000000e+00
   3.1200000e+00   4.3925781e-01   0.0000000e+00
   3.1400000e+00   4.3913781e-01   0.0000000e+00
   3.1600000e+00   4.3881062e-01   0.0000000e+00
   3.1800000e+00   4.3827624e-01   0.0000000e+00
   3.2000000e+00   4.3774186e-01   0.0000000e+00
   3.2200000e+00   4.3741801e-01   0.0000000e+00
   3.2400000e+00   4.3730469e-01   0.0000000e+00
   3.2600000e+00   4.3669591e-01   0.0000000e+00
   3.2800000e+00   4.3595101e-01   0.0000000e+00
   3.3000000e+00   4.3506998e-01   0.0000000e+00
   3.3200000e+00   4.3453560e-01   0.0000000e+00
   3.3400000e+00   4.3400122e-01   0.0000000e+00
   3.3600000e+00   4.3346684e-01   0.0000000e+00
   3.3800000e+00   4.3244370e-01   0.0000000e+00
   3.4000000e+00   4.3139774e-01   0.0000000e+00
   3.4200000e+00   4.3032899e-01   0.0000000e+00
   3.4400000e+00   4.2977112e-01   0.0000000e+00
   3.4600000e+00   4.2935341e-01   0.0000000e+00
   3.4800000e+00   4.2907585e-01   0.0000000e+00
   3.5000000e+00   4.2802921e-01   0.0000000e+00
   3.5200000e+00   4.2723870e-01   0.0000000e+00
   3.5400000e+00   4.2670433e-01   0.0000000e+00
   3.5600000e+00   4.2616995e-01   0.0000000e+00
   3.5800000e+00   4.2563557e-01   0.0000000e+00
   3.6000000e+00   4.2510120e-01   0.0000000e+00
   3.6200000e+00   4.2456682e-01   0.0000000e+00
   3.6400000e+00   4.2403244e-01   0.0000000e+00
   3.6600000e+00   4.2349806e-01   0.0000000e+00
   3.6800000e+00   4.2296369e-01   0.0000000e+00
   3.7000000e+00   4.2242931e-01   0.0000000e+00
   3.7200000e+00   4.2189493e-01   0.0000000e+00
   3.7400000e+00   4.2096968e-01   0.0000000e+00
   3.7600000e+00   4.2024689e-01   0.0000000e+00
   3.7800000e+00   4.1972656e-01   0.0000000e+00
   3.8000000e+00   4.1941146e-01   0.0000000e+00
   2.0000000e+00   7.5464701e-01   1.0000000e+00
   2.0200000e+00   7.5090637e-01   1.0000000e+00
   2.0400000e+00   7.4716573e-01   1.0000000e+00
   2.0600000e+00   7.4342509e-01   1.0000000e+00
   2.0800000e+00   7.4027849e-01   1.0000000e+00
   2.1000000e+00   7.3772592e-01   1.0000000e+00
   2.1200000e+00   7.3612279e-01   1.0000000e+00
   2.1400000e+00   7.3448781e-01   1.0000000e+00
   2.1600000e+00   7.3282099e-01   1.0000000e+00
   2.1800000e+00   7.3068349e-01   1.0000000e+00
   2.2000000e+00   7.2806458e-01   1.0000000e+00
   2.2200000e+00   7.2496427e-01   1.0000000e+00
   2.2400000e+00   7.2212274e-01   1.0000000e+00
   2.2600000e+00   7.1924200e-01   1.0000000e+00
   2.2800000e+00   7.1632204e-01   1.0000000e+00
   2.3000000e+00   7.1324719e-01   1.0000000e+00
   2.3200000e+00   7.1037382e-01   1.0000000e+00
   2.3400000e+00   7.0770193e-01   1.0000000e+00
   2.3600000e+00   7.0503005e-01   1.0000000e+00
   2.3800000e+00   7.0235816e-01   1.0000000e+00
   2.4000000e+00   6.9968628e-01   1.0000000e+00
   2.4200000e+00   6.9701439e-01   1.0000000e+00
   2.4400000e+00   6.9454163e-01   1.0000000e+00
   2.4600000e+00   6.9226800e-01   1.0000000e+00
   2.4800000e+00   6.9049995e-01   1.0000000e+00
   2.5000000e+00   6.8827998e-01   1.0000000e+00
   2.5200000e+00   6.8560809e-01   1.0000000e+00
   2.5400000e+00   6.8293621e-01   1.0000000e+00
   2.5600000e+00   6.8045607e-01   1.0000000e+00
   2.5800000e+00   6.7816770e-01   1.0000000e+00
   2.6000000e+00   6.7576335e-01   1.0000000e+00
   2.6200000e+00   6.7330032e-01   1.0000000e+00
   2.6400000e+00   6.7077861e-01   1.0000000e+00
   2.6600000e+00   6.6867462e-01   1.0000000e+00
   2.6800000e+00   6.6682106e-01   1.0000000e+00
   2.7000000e+00   6.6521792e-01   1.0000000e+00
   2.7200000e+00   6.6406602e-01   1.0000000e+00
   2.7400000e+00   6.6262113e-01   1.0000000e+00
   2.7600000e+00   6.6088325e-01   1.0000000e+00
   2.7800000e+00   6.5939944e-01   1.0000000e+00
   2.8000000e+00   6.5833972e-01   1.0000000e+00
   2.8200000e+00   6.5770411e-01   1.0000000e+00
   2.8400000e+00   6.5663536e-01   1.0000000e+00
   2.8600000e+00   6.5582608e-01   1.0000000e+00
   2.8800000e+00   6.5527627e-01   1.0000000e+00
   2.9000000e+00   6.5433961e-01   1.0000000e+00
   2.9200000e+00   6.5333691e-01   1.0000000e+00
   2.9400000e+00   6.5226815e-01   1.0000000e+00
   2.9600000e+00   6.5086149e-01   1.0000000e+00
   2.9800000e+00   6.4911555e-01   1.0000000e+00
   3.0000000e+00   6.4703033e-01   1.0000000e+00
   3.0200000e+00   6.4542720e-01   1.0000000e+00
   3.0400000e+00   6.4405907e-01   1.0000000e+00
   3.0600000e+00   6.4292594e-01   1.0000000e+00
   3.0800000e+00   6.4185718e-01   1.0000000e+00
   3.1000000e+00   6.4067010e-01   1.0000000e+00
   3.1200000e+00   6.3936467e-01   1.0000000e+00
   3.1400000e+00   6.3788155e-01   1.0000000e+00
   3.1500000e+00   7.4553842e-01   2.0000000e+00
   3.1700000e+00   7.4446967e-01   2.0000000e+00
   3.1900000e+00   7.4340091e-01   2.0000000e+00
   3.2100000e+00   7.4233216e-01   2.0000000e+00
   3.2300000e+00   7.4126340e-01   2.0000000e+00
