   6.1000000e-01   9.8293702e-01   0.0000000e+00
   6.3000000e-01   9.7017301e-01   0.0000000e+00
   6.5000000e-01   9.5308169e-01   0.0000000e+00
   6.7000000e-01   9.3251255e-01   0.0000000e+00
   6.9000000e-01   9.0846559e-01   0.0000000e+00
   7.1000000e-01   8.9033696e-01   0.0000000e+00
   7.3000000e-01   8.7289192e-01   0.0000000e+00
   7.5000000e-01   8.5613044e-01   0.0000000e+00
   7.7000000e-01   8.4067439e-01   0.0000000e+00
   7.9000000e-01   8.2615736e-01   0.0000000e+00
   8.1000000e-01   8.1257935e-01   0.0000000e+00
   8.3000000e-01   8.0028868e-01   0.0000000e+00
   8.5000000e-01   7.8799801e-01   0.0000000e+00
   8.7000000e-01   7.7570733e-01   0.0000000e+00
   8.9000000e-01   7.6504191e-01   0.0000000e+00
   9.1000000e-01   7.5521191e-01   0.0000000e+00
   9.3000000e-01   7.4621733e-01   0.0000000e+00
   9.5000000e-01   7.3820167e-01   0.0000000e+00
   9.7000000e-01   7.3021418e-01   0.0000000e+00
   9.9000000e-01   7.2225484e-01   0.0000000e+00
   1.0100000e+00   7.1477356e-01   0.0000000e+00
   1.0300000e+00   7.0800332e-01   0.0000000e+00
   1.0500000e+00   7.0194414e-01   0.0000000e+00
   1.0700000e+00   6.9642335e-01   0.0000000e+00
   1.0900000e+00   6.9135213e-01   0.0000000e+00
   1.1100000e+00   6.8673046e-01   0.0000000e+00
   1.1300000e+00   6.8236964e-01   0.0000000e+00
   1.1500000e+00   6.7699771e-01   0.0000000e+00
   1.1700000e+00   6.7061467e-01   0.0000000e+00
   1.1900000e+00   6.6633966e-01   0.0000000e+00
   1.2100000e+00   6.6142701e-01   0.0000000e+00
   1.2300000e+00   6.5587675e-01   0.0000000e+00
   1.2500000e+00   6.4814808e-01   0.0000000e+00
   1.2700000e+00   6.4041269e-01   0.0000000e+00
   1.2900000e+00   6.3267056e-01   0.0000000e+00
   1.3100000e+00   6.2672607e-01   0.0000000e+00
   1.3300000e+00   6.1894443e-01   0.0000000e+00
   1.3500000e+00   6.0932565e-01   0.0000000e+00
   1.3700000e+00   6.0463488e-01   0.0000000e+00
   1.3900000e+00   6.0052813e-01   0.0000000e+00
   1.4100000e+00   5.9700539e-01   0.0000000e+00
   1.4300000e+00   5.9302071e-01   0.0000000e+00
   1.4500000e+00   5.8862367e-01   0.0000000e+00
   1.4700000e+00   5.8381428e-01   0.0000000e+00
   1.4900000e+00   5.7900488e-01   0.0000000e+00
   1.5100000e+00   5.7419549e-01   0.0000000e+00
   1.5300000e+00   5.6938610e-01   0.0000000e+00
   1.5500000e+00   5.6502056e-01   0.0000000e+00
   1.5700000e+00   5.6102747e-01   0.0000000e+00
   1.5900000e+00   5.5740684e-01   0.0000000e+00
   1.6100000e+00   5.5399005e-01   0.0000000e+00
   1.6300000e+00   5.5055213e-01   0.0000000e+00
   1.6500000e+00   5.4709308e-01   0.0000000e+00
   1.6700000e+00   5.4495557e-01   0.0000000e+00
   1.6900000e+00   5.4307385e-01   0.0000000e+00
   1.7100000e+00   5.4144792e-01   0.0000000e+00
   1.7300000e+00   5.3944987e-01   0.0000000e+00
   1.7500000e+00   5.3779947e-01   0.0000000e+00
   1.7700000e+00   5.3649670e-01   0.0000000e+00
   1.7900000e+00   5.3563916e-01   0.0000000e+00
   1.8100000e+00   5.3445374e-01   0.0000000e+00
   1.8300000e+00   5.3294044e-01   0.0000000e+00
   1.8500000e+00   5.3240606e-01   0.0000000e+00
   1.8700000e+00   5.3187168e-01   0.0000000e+00
   1.8900000e+00   5.3133731e-01   0.0000000e+00
   1.9100000e+00   5.3114889e-01   0.0000000e+00
   1.9300000e+00   5.3082539e-01   0.0000000e+00
   1.9500000e+00   5.3036679e-01   0.0000000e+00
   1.9700000e+00   5.2929804e-01   0.0000000e+00
   1.9900000e+00   5.2822928e-01   0.0000000e+00
   2.0100000e+00   5.2716053e-01   0.0000000e+00
   2.0300000e+00   5.2556143e-01   0.0000000e+00
   2.0500000e+00   5.2375347e-01   0.0000000e+00
   2.0700000e+00   5.2173666e-01   0.0000000e+00
   2.0900000e+00   5.2019318e-01   0.0000000e+00
   2.1100000e+00   5.1906742e-01   0.0000000e+00
   2.1300000e+00   5.1835937e-01   0.0000000e+00
   2.1500000e+00   5.1829569e-01   0.0000000e+00
   2.1700000e+00   5.1799665e-01   0.0000000e+00
   2.1900000e+00   5.1746228e-01   0.0000000e+00
   2.2100000e+00   5.1740930e-01   0.0000000e+00
   2.2300000e+00   5.1720044e-01   0.0000000e+00
   2.2500000e+00   5.1683571e-01   0.0000000e+00
   2.2700000e+00   5.1580519e-01   0.0000000e+00
   2.2900000e+00   5.1461977e-01   0.0000000e+00
   2.3100000e+00   5.1327945e-01   0.0000000e+00
   2.3300000e+00   5.1273033e-01   0.0000000e+00
   2.3500000e+00   5.1192140e-01   0.0000000e+00
   2.3700000e+00   5.1085264e-01   0.0000000e+00
   2.3900000e+00   5.0935143e-01   0.0000000e+00
   2.4100000e+00   5.0779926e-01   0.0000000e+00
   2.4300000e+00   5.0619613e-01   0.0000000e+00
   2.4500000e+00   5.0479213e-01   0.0000000e+00
   2.4700000e+00   5.0347329e-01   0.0000000e+00
   2.4900000e+00   5.0223961e-01   0.0000000e+00
   2.5100000e+00   5.0010210e-01   0.0000000e+00
   2.5300000e+00   4.9846477e-01   0.0000000e+00
   2.5500000e+00   4.9732761e-01   0.0000000e+00
   2.5700000e+00   4.9625885e-01   0.0000000e+00
   2.5900000e+00   4.9492325e-01   0.0000000e+00
   2.6100000e+00   4.9332081e-01   0.0000000e+00
   2.6300000e+00   4.9148366e-01   0.0000000e+00
   2.6500000e+00   4.9003071e-01   0.0000000e+00
   2.6700000e+00   4.8896196e-01   0.0000000e+00
   2.6900000e+00   4.8789320e-01   0.0000000e+00
   2.7100000e+00   4.8637322e-01   0.0000000e+00
   2.7300000e+00   4.8440201e-01   0.0000000e+00
   2.7500000e+00   4.8293363e-01   0.0000000e+00
   2.7700000e+00   4.8166506e-01   0.0000000e+00
   2.7900000e+00   4.8059631e-01   0.0000000e+00
   2.8100000e+00   4.7942632e-01   0.0000000e+00
   2.8300000e+00   4.7803976e-01   0.0000000e+00
   2.8500000e+00   4.7643663e-01   0.0000000e+00
   2.8700000e+00   4.7535244e-01   0.0000000e+00
   2.8900000e+00   4.7407483e-01   0.0000000e+00
   2.9100000e+00   4.7260380e-01   0.0000000e+00
   2.9300000e+00   4.7100067e-01   0.0000000e+00
   2.9500000e+00   4.6939754e-01   0.0000000e+00
   2.9700000e+00   4.6779440e-01   0.0000000e+00
   2.9900000e+00   4.6624356e-01   0.0000000e+00
   3.0100000e+00   4.6493376e-01   0.0000000e+00
   3.0300000e+00   4.6386501e-01   0.0000000e+00
   3.0500000e+00   4.6279625e-01   0.0000000e+00
   3.0700000e+00   4.6172750e-01   0.0000000e+00
   3.0900000e+00   4.6065875e-01   0.0000000e+00
   3.1100000e+00   4.6006333e-01   0.0000000e+00
   3.1300000e+00   4.5970562e-01   0.0000000e+00
   3.1500000e+00   4.5958562e-01   0.0000000e+00
   2.0100000e+00   8.4455140e-01   1.0000000e+00
   2.0300000e+00   8.4277014e-01   1.0000000e+00
   2.0500000e+00   8.4098889e-01   1.0000000e+00
   2.0700000e+00   8.3920763e-01   1.0000000e+00
   2.0900000e+00   8.3742637e-01   1.0000000e+00
   2.1100000e+00   8.3564512e-01   1.0000000e+00
   2.1300000e+00   8.3386386e-01   1.0000000e+00
   2.1500000e+00   8.3208260e-01   1.0000000e+00
   2.1700000e+00   8.3030135e-01   1.0000000e+00
   2.1900000e+00   8.2852009e-01   1.0000000e+00
   2.2100000e+00   8.2673883e-01   1.0000000e+00
   2.2300000e+00   8.2495758e-01   1.0000000e+00
   2.2500000e+00   8.2317632e-01   1.0000000e+00
   2.2700000e+00   8.2139506e-01   1.0000000e+00
   2.2900000e+00   8.1961381e-01   1.0000000e+00
   2.3100000e+00   8.1783255e-01   1.0000000e+00
   2.3300000e+00   8.1605129e-01   1.0000000e+00
   2.3500000e+00   8.1427003e-01   1.0000000e+00
   2.3700000e+00   8.1248878e-01   1.0000000e+00
   2.3900000e+00   8.1070752e-01   1.0000000e+00
   2.4100000e+00   8.0892626e-01   1.0000000e+00
   2.4300000e+00   8.0714501e-01   1.0000000e+00
   2.4500000e+00   8.0463362e-01   1.0000000e+00
   2.4700000e+00   8.0146638e-01   1.0000000e+00
   2.4900000e+00   7.9764328e-01   1.0000000e+00
   2.5100000e+00   7.9336827e-01   1.0000000e+00
   2.5300000e+00   7.8959342e-01   1.0000000e+00
   2.5500000e+00   7.8631875e-01   1.0000000e+00
