   6.1000000e-01   9.8376911e-01   0.0000000e+00
   6.3000000e-01   9.6924775e-01   0.0000000e+00
   6.5000000e-01   9.5009402e-01   0.0000000e+00
   6.7000000e-01   9.2795929e-01   0.0000000e+00
   6.9000000e-01   9.0284357e-01   0.0000000e+00
   7.1000000e-01   8.8319094e-01   0.0000000e+00
   7.3000000e-01   8.6452091e-01   0.0000000e+00
   7.5000000e-01   8.4683349e-01   0.0000000e+00
   7.7000000e-01   8.3106499e-01   0.0000000e+00
   7.9000000e-01   8.1628648e-01   0.0000000e+00
   8.1000000e-01   8.0249794e-01   0.0000000e+00
   8.3000000e-01   7.8913851e-01   0.0000000e+00
   8.5000000e-01   7.7656355e-01   0.0000000e+00
   8.7000000e-01   7.6477305e-01   0.0000000e+00
   8.9000000e-01   7.5301675e-01   0.0000000e+00
   9.1000000e-01   7.4241905e-01   0.0000000e+00
   9.3000000e-01   7.3297992e-01   0.0000000e+00
   9.5000000e-01   7.2567163e-01   0.0000000e+00
   9.7000000e-01   7.1854403e-01   0.0000000e+00
   9.9000000e-01   7.1159713e-01   0.0000000e+00
   1.0100000e+00   7.0465022e-01   0.0000000e+00
   1.0300000e+00   6.9817735e-01   0.0000000e+00
   1.0500000e+00   6.9217851e-01   0.0000000e+00
   1.0700000e+00   6.8701509e-01   0.0000000e+00
   1.0900000e+00   6.8190834e-01   0.0000000e+00
   1.1100000e+00   6.7685824e-01   0.0000000e+00
   1.1300000e+00   6.7151447e-01   0.0000000e+00
   1.1500000e+00   6.6616702e-01   0.0000000e+00
   1.1700000e+00   6.6081588e-01   0.0000000e+00
   1.1900000e+00   6.5493773e-01   0.0000000e+00
   1.2100000e+00   6.4990975e-01   0.0000000e+00
   1.2300000e+00   6.4573194e-01   0.0000000e+00
   1.2500000e+00   6.4044920e-01   0.0000000e+00
   1.2700000e+00   6.3469745e-01   0.0000000e+00
   1.2900000e+00   6.2847668e-01   0.0000000e+00
   1.3100000e+00   6.2229817e-01   0.0000000e+00
   1.3300000e+00   6.1520109e-01   0.0000000e+00
   1.3500000e+00   6.0718544e-01   0.0000000e+00
   1.3700000e+00   6.0163379e-01   0.0000000e+00
   1.3900000e+00   5.9712643e-01   0.0000000e+00
   1.4100000e+00   5.9366334e-01   0.0000000e+00
   1.4300000e+00   5.8969409e-01   0.0000000e+00
   1.4500000e+00   5.8518039e-01   0.0000000e+00
   1.4700000e+00   5.8012224e-01   0.0000000e+00
   1.4900000e+00   5.7584722e-01   0.0000000e+00
   1.5100000e+00   5.7157221e-01   0.0000000e+00
   1.5300000e+00   5.6729719e-01   0.0000000e+00
   1.5500000e+00   5.6169061e-01   0.0000000e+00
   1.5700000e+00   5.5611184e-01   0.0000000e+00
   1.5900000e+00   5.5056088e-01   0.0000000e+00
   1.6100000e+00   5.4605922e-01   0.0000000e+00
   1.6300000e+00   5.4211139e-01   0.0000000e+00
   1.6500000e+00   5.3871740e-01   0.0000000e+00
   1.6700000e+00   5.3444239e-01   0.0000000e+00
   1.6900000e+00   5.3093473e-01   0.0000000e+00
   1.7100000e+00   5.2819444e-01   0.0000000e+00
   1.7300000e+00   5.2591747e-01   0.0000000e+00
   1.7500000e+00   5.2371022e-01   0.0000000e+00
   1.7700000e+00   5.2157272e-01   0.0000000e+00
   1.7900000e+00   5.1927363e-01   0.0000000e+00
   1.8100000e+00   5.1681060e-01   0.0000000e+00
   1.8300000e+00   5.1418363e-01   0.0000000e+00
   1.8500000e+00   5.1204612e-01   0.0000000e+00
   1.8700000e+00   5.1013993e-01   0.0000000e+00
   1.8900000e+00   5.0846505e-01   0.0000000e+00
   1.9100000e+00   5.0651595e-01   0.0000000e+00
   1.9300000e+00   5.0447265e-01   0.0000000e+00
   1.9500000e+00   5.0233514e-01   0.0000000e+00
   1.9700000e+00   5.0042290e-01   0.0000000e+00
   1.9900000e+00   4.9893241e-01   0.0000000e+00
   2.0100000e+00   4.9786365e-01   0.0000000e+00
   2.0300000e+00   4.9997698e-01   0.0000000e+00
   2.0500000e+00   5.0127503e-01   0.0000000e+00
   2.0700000e+00   5.0175781e-01   0.0000000e+00
   2.0900000e+00   5.0205483e-01   0.0000000e+00
   2.1100000e+00   5.0256070e-01   0.0000000e+00
   2.1300000e+00   5.0327543e-01   0.0000000e+00
   2.1500000e+00   5.0447157e-01   0.0000000e+00
   2.1700000e+00   5.0613838e-01   0.0000000e+00
   2.1900000e+00   5.0827589e-01   0.0000000e+00
   2.2100000e+00   5.0896920e-01   0.0000000e+00
   2.2300000e+00   5.0958304e-01   0.0000000e+00
   2.2500000e+00   5.1011742e-01   0.0000000e+00
   2.2700000e+00   5.1040372e-01   0.0000000e+00
   2.2900000e+00   5.1048117e-01   0.0000000e+00
   2.3100000e+00   5.1034976e-01   0.0000000e+00
   2.3300000e+00   5.0983013e-01   0.0000000e+00
   2.3500000e+00   5.0957031e-01   0.0000000e+00
   2.3700000e+00   5.0957031e-01   0.0000000e+00
   2.3900000e+00   5.0870540e-01   0.0000000e+00
   2.4100000e+00   5.0789647e-01   0.0000000e+00
   2.4300000e+00   5.0714350e-01   0.0000000e+00
   2.4500000e+00   5.0601175e-01   0.0000000e+00
   2.4700000e+00   5.0441835e-01   0.0000000e+00
   2.4900000e+00   5.0236330e-01   0.0000000e+00
   2.5100000e+00   5.0076017e-01   0.0000000e+00
   2.5300000e+00   4.9915704e-01   0.0000000e+00
   2.5500000e+00   4.9755391e-01   0.0000000e+00
   2.5700000e+00   4.9556727e-01   0.0000000e+00
   2.5900000e+00   4.9363862e-01   0.0000000e+00
   2.6100000e+00   4.9176795e-01   0.0000000e+00
   2.6300000e+00   4.9001464e-01   0.0000000e+00
   2.6500000e+00   4.8806923e-01   0.0000000e+00
   2.6700000e+00   4.8593172e-01   0.0000000e+00
   2.6900000e+00   4.8379422e-01   0.0000000e+00
   2.7100000e+00   4.8210794e-01   0.0000000e+00
   2.7300000e+00   4.8087288e-01   0.0000000e+00
   2.7500000e+00   4.7913500e-01   0.0000000e+00
   2.7700000e+00   4.7730626e-01   0.0000000e+00
   2.7900000e+00   4.7538665e-01   0.0000000e+00
   2.8100000e+00   4.7388475e-01   0.0000000e+00
   2.8300000e+00   4.7259942e-01   0.0000000e+00
   2.8500000e+00   4.7153067e-01   0.0000000e+00
   2.8700000e+00   4.6942402e-01   0.0000000e+00
   2.8900000e+00   4.6810651e-01   0.0000000e+00
   2.9100000e+00   4.6757813e-01   0.0000000e+00
   2.9300000e+00   4.6729251e-01   0.0000000e+00
   2.0100000e+00   8.0938104e-01   1.0000000e+00
   2.0300000e+00   8.0884667e-01   1.0000000e+00
   2.0500000e+00   8.0810545e-01   1.0000000e+00
   2.0700000e+00   8.0715739e-01   1.0000000e+00
   2.0900000e+00   8.0519758e-01   1.0000000e+00
   2.1100000e+00   8.0261121e-01   1.0000000e+00
   2.1300000e+00   7.9939826e-01   1.0000000e+00
   2.1500000e+00   7.9518694e-01   1.0000000e+00
   2.1700000e+00   7.9121095e-01   1.0000000e+00
   2.1900000e+00   7.8747031e-01   1.0000000e+00
   2.2100000e+00   7.8035987e-01   1.0000000e+00
   2.2300000e+00   7.7324637e-01   1.0000000e+00
   2.2500000e+00   7.6612983e-01   1.0000000e+00
   2.2700000e+00   7.6091943e-01   1.0000000e+00
   2.2900000e+00   7.5664540e-01   1.0000000e+00
   2.3100000e+00   7.5330773e-01   1.0000000e+00
   2.3300000e+00   7.4961131e-01   1.0000000e+00
   2.3500000e+00   7.4669435e-01   1.0000000e+00
   2.3700000e+00   7.4455685e-01   1.0000000e+00
   2.3900000e+00   7.4155443e-01   1.0000000e+00
   2.4100000e+00   7.3892377e-01   1.0000000e+00
   2.4300000e+00   7.3666488e-01   1.0000000e+00
