   6.0000000e-01   9.7475610e-01   0.0000000e+00
   6.2000000e-01   9.5855987e-01   0.0000000e+00
   6.4000000e-01   9.4054261e-01   0.0000000e+00
   6.6000000e-01   9.2070431e-01   0.0000000e+00
   6.8000000e-01   8.9291671e-01   0.0000000e+00
   7.0000000e-01   8.6808827e-01   0.0000000e+00
   7.2000000e-01   8.4621901e-01   0.0000000e+00
   7.4000000e-01   8.2673268e-01   0.0000000e+00
   7.6000000e-01   8.0863659e-01   0.0000000e+00
   7.8000000e-01   7.9193075e-01   0.0000000e+00
   8.0000000e-01   7.7803694e-01   0.0000000e+00
   8.2000000e-01   7.6414314e-01   0.0000000e+00
   8.4000000e-01   7.5024934e-01   0.0000000e+00
   8.6000000e-01   7.3844744e-01   0.0000000e+00
   8.8000000e-01   7.2748096e-01   0.0000000e+00
   9.0000000e-01   7.1734991e-01   0.0000000e+00
   9.2000000e-01   7.0917936e-01   0.0000000e+00
   9.4000000e-01   7.0188010e-01   0.0000000e+00
   9.6000000e-01   6.9545215e-01   0.0000000e+00
   9.8000000e-01   6.9022101e-01   0.0000000e+00
   1.0000000e+00   6.8546793e-01   0.0000000e+00
   1.0200000e+00   6.8119292e-01   0.0000000e+00
   1.0400000e+00   6.7691790e-01   0.0000000e+00
   1.0600000e+00   6.7264289e-01   0.0000000e+00
   1.0800000e+00   6.6836787e-01   0.0000000e+00
   1.1000000e+00   6.6433355e-01   0.0000000e+00
   1.1200000e+00   6.6050809e-01   0.0000000e+00
   1.1400000e+00   6.5689149e-01   0.0000000e+00
   1.1600000e+00   6.5367786e-01   0.0000000e+00
   1.1800000e+00   6.5020072e-01   0.0000000e+00
   1.2000000e+00   6.4646008e-01   0.0000000e+00
   1.2200000e+00   6.4314453e-01   0.0000000e+00
   1.2400000e+00   6.3988362e-01   0.0000000e+00
   1.2600000e+00   6.3667735e-01   0.0000000e+00
   1.2800000e+00   6.3347109e-01   0.0000000e+00
   1.3000000e+00   6.3030237e-01   0.0000000e+00
   1.3200000e+00   6.2717120e-01   0.0000000e+00
   1.3400000e+00   6.2449932e-01   0.0000000e+00
   1.3600000e+00   6.2133463e-01   0.0000000e+00
   1.3800000e+00   6.1767714e-01   0.0000000e+00
   1.4000000e+00   6.1468878e-01   0.0000000e+00
   1.4200000e+00   6.1185865e-01   0.0000000e+00
   1.4400000e+00   6.0918677e-01   0.0000000e+00
   1.4600000e+00   6.0665769e-01   0.0000000e+00
   1.4800000e+00   6.0432440e-01   0.0000000e+00
   1.5000000e+00   6.0218689e-01   0.0000000e+00
   1.5200000e+00   6.0004938e-01   0.0000000e+00
   1.5400000e+00   5.9791187e-01   0.0000000e+00
   1.5600000e+00   5.9577436e-01   0.0000000e+00
   1.5800000e+00   5.9298247e-01   0.0000000e+00
   1.6000000e+00   5.8940445e-01   0.0000000e+00
   1.6200000e+00   5.8504029e-01   0.0000000e+00
   1.6400000e+00   5.7889495e-01   0.0000000e+00
   1.6600000e+00   5.7274962e-01   0.0000000e+00
   1.6800000e+00   5.6660428e-01   0.0000000e+00
   1.7000000e+00   5.6480733e-01   0.0000000e+00
   1.7200000e+00   5.6290983e-01   0.0000000e+00
   1.7400000e+00   5.6091179e-01   0.0000000e+00
   1.7600000e+00   5.5905253e-01   0.0000000e+00
   1.7800000e+00   5.5724054e-01   0.0000000e+00
   1.8000000e+00   5.5547583e-01   0.0000000e+00
   1.8200000e+00   5.5338324e-01   0.0000000e+00
   1.8400000e+00   5.5153537e-01   0.0000000e+00
   1.8600000e+00   5.4993224e-01   0.0000000e+00
   1.8800000e+00   5.4879174e-01   0.0000000e+00
   1.9000000e+00   5.4751413e-01   0.0000000e+00
   1.9200000e+00   5.4609941e-01   0.0000000e+00
   1.9400000e+00   5.4495488e-01   0.0000000e+00
   1.9600000e+00   5.4417174e-01   0.0000000e+00
   1.9800000e+00   5.4375000e-01   0.0000000e+00
   2.0000000e+00   5.4375000e-01   0.0000000e+00
   2.0200000e+00   5.4375000e-01   0.0000000e+00
   2.0400000e+00   5.4375000e-01   0.0000000e+00
   2.0600000e+00   5.4292264e-01   0.0000000e+00
   2.0800000e+00   5.4197458e-01   0.0000000e+00
   2.1000000e+00   5.4090582e-01   0.0000000e+00
   2.1200000e+00   5.3965671e-01   0.0000000e+00
   2.1400000e+00   5.3823060e-01   0.0000000e+00
   2.1600000e+00   5.3662747e-01   0.0000000e+00
   2.1800000e+00   5.3502433e-01   0.0000000e+00
   2.2000000e+00   5.3342120e-01   0.0000000e+00
   2.2200000e+00   5.3181807e-01   0.0000000e+00
   2.2400000e+00   5.2985020e-01   0.0000000e+00
   2.2600000e+00   5.2779752e-01   0.0000000e+00
   2.2800000e+00   5.2566001e-01   0.0000000e+00
   2.3000000e+00   5.2365391e-01   0.0000000e+00
   2.3200000e+00   5.2184929e-01   0.0000000e+00
   2.3400000e+00   5.2024616e-01   0.0000000e+00
   2.3600000e+00   5.1864303e-01   0.0000000e+00
   2.3800000e+00   5.1703990e-01   0.0000000e+00
   2.4000000e+00   5.1543677e-01   0.0000000e+00
   2.4200000e+00   5.1414943e-01   0.0000000e+00
   2.4400000e+00   5.1287182e-01   0.0000000e+00
   2.4600000e+00   5.1160394e-01   0.0000000e+00
   2.4800000e+00   5.1000080e-01   0.0000000e+00
   2.5000000e+00   5.0839767e-01   0.0000000e+00
   2.5200000e+00   5.0679454e-01   0.0000000e+00
   2.5400000e+00   5.0569158e-01   0.0000000e+00
   2.5600000e+00   5.0422222e-01   0.0000000e+00
   2.5800000e+00   5.0238645e-01   0.0000000e+00
   2.6000000e+00   5.0078263e-01   0.0000000e+00
   2.6200000e+00   4.9929616e-01   0.0000000e+00
   2.6400000e+00   4.9792705e-01   0.0000000e+00
   2.6600000e+00   4.9582306e-01   0.0000000e+00
   2.6800000e+00   4.9396949e-01   0.0000000e+00
   2.7000000e+00   4.9236636e-01   0.0000000e+00
   2.7200000e+00   4.9121446e-01   0.0000000e+00
   2.1000000e+00   7.9054580e-01   1.0000000e+00
   2.1200000e+00   7.8534898e-01   1.0000000e+00
   2.1400000e+00   7.8314415e-01   1.0000000e+00
   2.1600000e+00   7.8393131e-01   1.0000000e+00
   2.1800000e+00   7.7270940e-01   1.0000000e+00
   2.2000000e+00   7.6758755e-01   1.0000000e+00
   2.2200000e+00   7.6856579e-01   1.0000000e+00
   2.2400000e+00   7.6334929e-01   1.0000000e+00
   2.2600000e+00   7.5952913e-01   1.0000000e+00
   2.2800000e+00   7.5710532e-01   1.0000000e+00
   2.3000000e+00   7.5509922e-01   1.0000000e+00
   2.3200000e+00   7.5329460e-01   1.0000000e+00
   2.3400000e+00   7.5169147e-01   1.0000000e+00
   2.3600000e+00   7.5008834e-01   1.0000000e+00
   2.3800000e+00   7.4848521e-01   1.0000000e+00
   2.4000000e+00   7.4688208e-01   1.0000000e+00
   2.4200000e+00   7.4527895e-01   1.0000000e+00
   2.4400000e+00   7.4357625e-01   1.0000000e+00
   2.4600000e+00   7.4177400e-01   1.0000000e+00
   2.4800000e+00   7.3971895e-01   1.0000000e+00
   2.5000000e+00   7.3788986e-01   1.0000000e+00
   2.5200000e+00   7.3628673e-01   1.0000000e+00
   2.5400000e+00   7.3518377e-01   1.0000000e+00
   2.5600000e+00   7.3371441e-01   1.0000000e+00
   2.5800000e+00   7.3187864e-01   1.0000000e+00
   2.6000000e+00   7.2974113e-01   1.0000000e+00
   2.6200000e+00   7.2752853e-01   1.0000000e+00
   2.6400000e+00   7.2524084e-01   1.0000000e+00
   2.6600000e+00   7.2256896e-01   1.0000000e+00
   2.6800000e+00   7.1989707e-01   1.0000000e+00
   2.7000000e+00   7.1722519e-01   1.0000000e+00
   2.7200000e+00   7.1500453e-01   1.0000000e+00
   2.7400000e+00   7.1282544e-01   1.0000000e+00
   2.7600000e+00   7.1068794e-01   1.0000000e+00
   2.7800000e+00   7.0855043e-01   1.0000000e+00
   2.8000000e+00   7.0636230e-01   1.0000000e+00
   2.8200000e+00   7.0412356e-01   1.0000000e+00
   2.8400000e+00   7.0145168e-01   1.0000000e+00
   2.8600000e+00   6.9877979e-01   1.0000000e+00
   2.8800000e+00   6.9610791e-01   1.0000000e+00
   2.9000000e+00   6.9303374e-01   1.0000000e+00
   2.9200000e+00   6.9003634e-01   1.0000000e+00
   2.9400000e+00   6.8711569e-01   1.0000000e+00
   2.9600000e+00   6.8444380e-01   1.0000000e+00
   2.9800000e+00   6.8177192e-01   1.0000000e+00
   3.0000000e+00   6.7910003e-01   1.0000000e+00
   3.0200000e+00   6.7642815e-01   1.0000000e+00
