   6.0000000e-01   9.7866235e-01   0.0000000e+00
   6.2000000e-01   9.6246612e-01   0.0000000e+00
   6.4000000e-01   9.4446763e-01   0.0000000e+00
   6.6000000e-01   9.2466688e-01   0.0000000e+00
   6.8000000e-01   8.9741365e-01   0.0000000e+00
   7.0000000e-01   8.7289197e-01   0.0000000e+00
   7.2000000e-01   8.5110182e-01   0.0000000e+00
   7.4000000e-01   8.3093831e-01   0.0000000e+00
   7.6000000e-01   8.1219118e-01   0.0000000e+00
   7.8000000e-01   7.9486043e-01   0.0000000e+00
   8.0000000e-01   7.8086137e-01   0.0000000e+00
   8.2000000e-01   7.6664774e-01   0.0000000e+00
   8.4000000e-01   7.5221956e-01   0.0000000e+00
   8.6000000e-01   7.4092924e-01   0.0000000e+00
   8.8000000e-01   7.2987627e-01   0.0000000e+00
   9.0000000e-01   7.1906066e-01   0.0000000e+00
   9.2000000e-01   7.1040065e-01   0.0000000e+00
   9.4000000e-01   7.0277017e-01   0.0000000e+00
   9.6000000e-01   6.9616924e-01   0.0000000e+00
   9.8000000e-01   6.9040372e-01   0.0000000e+00
   1.0000000e+00   6.8511627e-01   0.0000000e+00
   1.0200000e+00   6.8030688e-01   0.0000000e+00
   1.0400000e+00   6.7597151e-01   0.0000000e+00
   1.0600000e+00   6.7184501e-01   0.0000000e+00
   1.0800000e+00   6.6792735e-01   0.0000000e+00
   1.1000000e+00   6.6394601e-01   0.0000000e+00
   1.1200000e+00   6.5987985e-01   0.0000000e+00
   1.1400000e+00   6.5572887e-01   0.0000000e+00
   1.1600000e+00   6.5198823e-01   0.0000000e+00
   1.1800000e+00   6.4824760e-01   0.0000000e+00
   1.2000000e+00   6.4450696e-01   0.0000000e+00
   1.2200000e+00   6.4119140e-01   0.0000000e+00
   1.2400000e+00   6.3793049e-01   0.0000000e+00
   1.2600000e+00   6.3472423e-01   0.0000000e+00
   1.2800000e+00   6.3151797e-01   0.0000000e+00
   1.3000000e+00   6.2827416e-01   0.0000000e+00
   1.3200000e+00   6.2499281e-01   0.0000000e+00
   1.3400000e+00   6.2125217e-01   0.0000000e+00
   1.3600000e+00   6.1775793e-01   0.0000000e+00
   1.3800000e+00   6.1451009e-01   0.0000000e+00
   1.4000000e+00   6.1130383e-01   0.0000000e+00
   1.4200000e+00   6.0835704e-01   0.0000000e+00
   1.4400000e+00   6.0566972e-01   0.0000000e+00
   1.4600000e+00   6.0338941e-01   0.0000000e+00
   1.4800000e+00   6.0090024e-01   0.0000000e+00
   1.5000000e+00   5.9820221e-01   0.0000000e+00
   1.5200000e+00   5.9499595e-01   0.0000000e+00
   1.5400000e+00   5.9178968e-01   0.0000000e+00
   1.5600000e+00   5.8858342e-01   0.0000000e+00
   1.5800000e+00   5.8504997e-01   0.0000000e+00
   1.6000000e+00   5.8162345e-01   0.0000000e+00
   1.6200000e+00   5.7830386e-01   0.0000000e+00
   1.6400000e+00   5.7553811e-01   0.0000000e+00
   1.6600000e+00   5.7255211e-01   0.0000000e+00
   1.6800000e+00   5.6934585e-01   0.0000000e+00
   1.7000000e+00   5.6665116e-01   0.0000000e+00
   1.7200000e+00   5.6396787e-01   0.0000000e+00
   1.7400000e+00   5.6129599e-01   0.0000000e+00
   1.7600000e+00   5.5862410e-01   0.0000000e+00
   1.7800000e+00   5.5603301e-01   0.0000000e+00
   1.8000000e+00   5.5352270e-01   0.0000000e+00
   1.8200000e+00   5.5143011e-01   0.0000000e+00
   1.8400000e+00   5.4958225e-01   0.0000000e+00
   1.8600000e+00   5.4797912e-01   0.0000000e+00
   1.8800000e+00   5.4637599e-01   0.0000000e+00
   1.9000000e+00   5.4494584e-01   0.0000000e+00
   1.9200000e+00   5.4368867e-01   0.0000000e+00
   1.9400000e+00   5.4261992e-01   0.0000000e+00
   1.9600000e+00   5.4160748e-01   0.0000000e+00
   1.9800000e+00   5.4065136e-01   0.0000000e+00
   2.0000000e+00   5.4011698e-01   0.0000000e+00
   2.0200000e+00   5.3958261e-01   0.0000000e+00
   2.0400000e+00   5.3904823e-01   0.0000000e+00
   2.0600000e+00   5.3810017e-01   0.0000000e+00
   2.0800000e+00   5.3709176e-01   0.0000000e+00
   2.1000000e+00   5.3602301e-01   0.0000000e+00
   2.1200000e+00   5.3495425e-01   0.0000000e+00
   2.1400000e+00   5.3385366e-01   0.0000000e+00
   2.1600000e+00   5.3272122e-01   0.0000000e+00
   2.1800000e+00   5.3111808e-01   0.0000000e+00
   2.2000000e+00   5.2975565e-01   0.0000000e+00
   2.2200000e+00   5.2863392e-01   0.0000000e+00
   2.2400000e+00   5.2756517e-01   0.0000000e+00
   2.2600000e+00   5.2624834e-01   0.0000000e+00
   2.2800000e+00   5.2468344e-01   0.0000000e+00
   2.3000000e+00   5.2280875e-01   0.0000000e+00
   2.3200000e+00   5.2133703e-01   0.0000000e+00
   2.3400000e+00   5.2026827e-01   0.0000000e+00
   2.3600000e+00   5.1919952e-01   0.0000000e+00
   2.3800000e+00   5.1813076e-01   0.0000000e+00
   2.4000000e+00   5.1706201e-01   0.0000000e+00
   2.4200000e+00   5.1599326e-01   0.0000000e+00
   2.4400000e+00   5.1482494e-01   0.0000000e+00
   2.4600000e+00   5.1355706e-01   0.0000000e+00
   2.4800000e+00   5.1195393e-01   0.0000000e+00
   2.5000000e+00   5.1035080e-01   0.0000000e+00
   2.5200000e+00   5.0874767e-01   0.0000000e+00
   2.5400000e+00   5.0764471e-01   0.0000000e+00
   2.5600000e+00   5.0636710e-01   0.0000000e+00
   2.5800000e+00   5.0491484e-01   0.0000000e+00
   2.6000000e+00   5.0357855e-01   0.0000000e+00
   2.6200000e+00   5.0230094e-01   0.0000000e+00
   2.6400000e+00   5.0108200e-01   0.0000000e+00
   2.6600000e+00   4.9951239e-01   0.0000000e+00
   2.6800000e+00   4.9819320e-01   0.0000000e+00
   2.7000000e+00   4.9712445e-01   0.0000000e+00
   2.1300000e+00   7.6993641e-01   1.0000000e+00
   2.1500000e+00   7.6745559e-01   1.0000000e+00
   2.1700000e+00   7.6568081e-01   1.0000000e+00
   2.1900000e+00   7.6461205e-01   1.0000000e+00
   2.2100000e+00   7.6306190e-01   1.0000000e+00
   2.2300000e+00   7.6130289e-01   1.0000000e+00
   2.2500000e+00   7.5933502e-01   1.0000000e+00
   2.2700000e+00   7.5694944e-01   1.0000000e+00
   2.2900000e+00   7.5455212e-01   1.0000000e+00
   2.3100000e+00   7.5214304e-01   1.0000000e+00
   2.3300000e+00   7.5052517e-01   1.0000000e+00
   2.3500000e+00   7.4864748e-01   1.0000000e+00
   2.3700000e+00   7.4650997e-01   1.0000000e+00
   2.3900000e+00   7.4437246e-01   1.0000000e+00
   2.4100000e+00   7.4239285e-01   1.0000000e+00
   2.4300000e+00   7.4057113e-01   1.0000000e+00
   2.4500000e+00   7.3896800e-01   1.0000000e+00
   2.4700000e+00   7.3732364e-01   1.0000000e+00
   2.4900000e+00   7.3563805e-01   1.0000000e+00
   2.5100000e+00   7.3350054e-01   1.0000000e+00
   2.5300000e+00   7.3161312e-01   1.0000000e+00
   2.5500000e+00   7.2997578e-01   1.0000000e+00
   2.5700000e+00   7.2798914e-01   1.0000000e+00
   2.5900000e+00   7.2606049e-01   1.0000000e+00
   2.6100000e+00   7.2418983e-01   1.0000000e+00
   2.6300000e+00   7.2243652e-01   1.0000000e+00
   2.6500000e+00   7.2050786e-01   1.0000000e+00
   2.6700000e+00   7.1840387e-01   1.0000000e+00
   2.6900000e+00   7.1680074e-01   1.0000000e+00
   2.7100000e+00   7.1519761e-01   1.0000000e+00
   2.7300000e+00   7.1359448e-01   1.0000000e+00
   2.7500000e+00   7.1199135e-01   1.0000000e+00
   2.7700000e+00   7.1027927e-01   1.0000000e+00
   2.7900000e+00   7.0845824e-01   1.0000000e+00
   2.8100000e+00   7.0642196e-01   1.0000000e+00
   2.8300000e+00   7.0460226e-01   1.0000000e+00
   2.8500000e+00   7.0299913e-01   1.0000000e+00
   2.8700000e+00   7.0035811e-01   1.0000000e+00
   2.8900000e+00   6.9770165e-01   1.0000000e+00
   2.9100000e+00   6.9502977e-01   1.0000000e+00
   2.9300000e+00   6.9264350e-01   1.0000000e+00
   2.9500000e+00   6.9038161e-01   1.0000000e+00
   2.9700000e+00   6.8824410e-01   1.0000000e+00
   2.9900000e+00   6.8605431e-01   1.0000000e+00
   3.0100000e+00   6.8362347e-01   1.0000000e+00
   3.0300000e+00   6.8095158e-01   1.0000000e+00
   3.0500000e+00   6.7874970e-01   1.0000000e+00
   3.0700000e+00   6.7746334e-01   1.0000000e+00
   3.0900000e+00   6.7709250e-01   1.0000000e+00
