   6.1000000e-01   9.7814104e-01   0.0000000e+00
   6.3000000e-01   9.6408232e-01   0.0000000e+00
   6.5000000e-01   9.4638154e-01   0.0000000e+00
   6.7000000e-01   9.2470610e-01   0.0000000e+00
   6.9000000e-01   8.9905600e-01   0.0000000e+00
   7.1000000e-01   8.7386116e-01   0.0000000e+00
   7.3000000e-01   8.5056814e-01   0.0000000e+00
   7.5000000e-01   8.2917694e-01   0.0000000e+00
   7.7000000e-01   8.1215864e-01   0.0000000e+00
   7.9000000e-01   7.9633417e-01   0.0000000e+00
   8.1000000e-01   7.8170353e-01   0.0000000e+00
   8.3000000e-01   7.6406908e-01   0.0000000e+00
   8.5000000e-01   7.4878803e-01   0.0000000e+00
   8.7000000e-01   7.3586037e-01   0.0000000e+00
   8.9000000e-01   7.2303532e-01   0.0000000e+00
   9.1000000e-01   7.1165851e-01   0.0000000e+00
   9.3000000e-01   7.0172992e-01   0.0000000e+00
   9.5000000e-01   6.9459461e-01   0.0000000e+00
   9.7000000e-01   6.8782069e-01   0.0000000e+00
   9.9000000e-01   6.8140816e-01   0.0000000e+00
   1.0100000e+00   6.7499564e-01   0.0000000e+00
   1.0300000e+00   6.6905714e-01   0.0000000e+00
   1.0500000e+00   6.6359268e-01   0.0000000e+00
   1.0700000e+00   6.5860627e-01   0.0000000e+00
   1.0900000e+00   6.5370838e-01   0.0000000e+00
   1.1100000e+00   6.4889898e-01   0.0000000e+00
   1.1300000e+00   6.4408959e-01   0.0000000e+00
   1.1500000e+00   6.3928757e-01   0.0000000e+00
   1.1700000e+00   6.3449292e-01   0.0000000e+00
   1.1900000e+00   6.3075228e-01   0.0000000e+00
   1.2100000e+00   6.2679909e-01   0.0000000e+00
   1.2300000e+00   6.2263337e-01   0.0000000e+00
   1.2500000e+00   6.1835836e-01   0.0000000e+00
   1.2700000e+00   6.1417922e-01   0.0000000e+00
   1.2900000e+00   6.1009596e-01   0.0000000e+00
   1.3100000e+00   6.0643041e-01   0.0000000e+00
   1.3300000e+00   6.0299450e-01   0.0000000e+00
   1.3500000e+00   5.9978824e-01   0.0000000e+00
   1.3700000e+00   5.9658197e-01   0.0000000e+00
   1.3900000e+00   5.9318764e-01   0.0000000e+00
   1.4100000e+00   5.8960524e-01   0.0000000e+00
   1.4300000e+00   5.8612408e-01   0.0000000e+00
   1.4500000e+00   5.8285177e-01   0.0000000e+00
   1.4700000e+00   5.7978831e-01   0.0000000e+00
   1.4900000e+00   5.7709028e-01   0.0000000e+00
   1.5100000e+00   5.7413814e-01   0.0000000e+00
   1.5300000e+00   5.7093188e-01   0.0000000e+00
   1.5500000e+00   5.6772561e-01   0.0000000e+00
   1.5700000e+00   5.6468295e-01   0.0000000e+00
   1.5900000e+00   5.6180388e-01   0.0000000e+00
   1.6100000e+00   5.5913199e-01   0.0000000e+00
   1.6300000e+00   5.5646011e-01   0.0000000e+00
   1.6500000e+00   5.5378822e-01   0.0000000e+00
   1.6700000e+00   5.5111634e-01   0.0000000e+00
   1.6900000e+00   5.4870024e-01   0.0000000e+00
   1.7100000e+00   5.4653993e-01   0.0000000e+00
   1.7300000e+00   5.4440242e-01   0.0000000e+00
   1.7500000e+00   5.4226491e-01   0.0000000e+00
   1.7700000e+00   5.4012740e-01   0.0000000e+00
   1.7900000e+00   5.3815148e-01   0.0000000e+00
   1.8100000e+00   5.3636195e-01   0.0000000e+00
   1.8300000e+00   5.3475881e-01   0.0000000e+00
   1.8500000e+00   5.3315568e-01   0.0000000e+00
   1.8700000e+00   5.3132124e-01   0.0000000e+00
   1.8900000e+00   5.2925548e-01   0.0000000e+00
   1.9100000e+00   5.2780990e-01   0.0000000e+00
   1.9300000e+00   5.2655273e-01   0.0000000e+00
   1.9500000e+00   5.2548398e-01   0.0000000e+00
   1.9700000e+00   5.2418995e-01   0.0000000e+00
   1.9900000e+00   5.2247419e-01   0.0000000e+00
   2.0100000e+00   5.2033668e-01   0.0000000e+00
   2.0300000e+00   5.1925987e-01   0.0000000e+00
   2.0500000e+00   5.1818708e-01   0.0000000e+00
   2.0700000e+00   5.1711833e-01   0.0000000e+00
   2.0900000e+00   5.1604957e-01   0.0000000e+00
   2.1100000e+00   5.1489064e-01   0.0000000e+00
   2.1300000e+00   5.1364154e-01   0.0000000e+00
   2.1500000e+00   5.1216578e-01   0.0000000e+00
   2.1700000e+00   5.1116072e-01   0.0000000e+00
   2.1900000e+00   5.1062634e-01   0.0000000e+00
   2.2100000e+00   5.0912916e-01   0.0000000e+00
   2.2300000e+00   5.0794374e-01   0.0000000e+00
   2.2500000e+00   5.0707008e-01   0.0000000e+00
   2.2700000e+00   5.0653571e-01   0.0000000e+00
   2.2900000e+00   5.0586992e-01   0.0000000e+00
   2.3100000e+00   5.0507273e-01   0.0000000e+00
   2.3300000e+00   5.0348434e-01   0.0000000e+00
   2.3500000e+00   5.0215577e-01   0.0000000e+00
   2.3700000e+00   5.0108702e-01   0.0000000e+00
   2.3900000e+00   5.0001826e-01   0.0000000e+00
   2.4100000e+00   4.9894951e-01   0.0000000e+00
   2.4300000e+00   4.9788076e-01   0.0000000e+00
   2.4500000e+00   4.9641375e-01   0.0000000e+00
   2.4700000e+00   4.9469395e-01   0.0000000e+00
   2.4900000e+00   4.9272137e-01   0.0000000e+00
   2.5100000e+00   4.9165261e-01   0.0000000e+00
   2.5300000e+00   4.9058386e-01   0.0000000e+00
   2.5500000e+00   4.8951511e-01   0.0000000e+00
   2.5700000e+00   4.8844635e-01   0.0000000e+00
   2.5900000e+00   4.8737760e-01   0.0000000e+00
   2.6100000e+00   4.8630884e-01   0.0000000e+00
   2.6300000e+00   4.8508991e-01   0.0000000e+00
   2.6500000e+00   4.8367888e-01   0.0000000e+00
   2.6700000e+00   4.8207575e-01   0.0000000e+00
   2.6900000e+00   4.8047261e-01   0.0000000e+00
   2.7100000e+00   4.7886948e-01   0.0000000e+00
   2.7300000e+00   4.7726635e-01   0.0000000e+00
   2.7500000e+00   4.7566322e-01   0.0000000e+00
   2.7700000e+00   4.7406009e-01   0.0000000e+00
   2.7900000e+00   4.7245696e-01   0.0000000e+00
   2.8100000e+00   4.7075259e-01   0.0000000e+00
   2.8300000e+00   4.6883166e-01   0.0000000e+00
   2.8500000e+00   4.6669415e-01   0.0000000e+00
   2.8700000e+00   4.6455664e-01   0.0000000e+00
   2.8900000e+00   4.6262027e-01   0.0000000e+00
   2.9100000e+00   4.6088505e-01   0.0000000e+00
   2.9300000e+00   4.5928192e-01   0.0000000e+00
   2.9500000e+00   4.5784774e-01   0.0000000e+00
   2.9700000e+00   4.5658251e-01   0.0000000e+00
   2.9900000e+00   4.5594356e-01   0.0000000e+00
   3.0100000e+00   4.5482252e-01   0.0000000e+00
   3.0300000e+00   4.5321939e-01   0.0000000e+00
   3.0500000e+00   4.5208625e-01   0.0000000e+00
   3.0700000e+00   4.5098531e-01   0.0000000e+00
   3.0900000e+00   4.4991656e-01   0.0000000e+00
   3.1100000e+00   4.4908447e-01   0.0000000e+00
   3.1300000e+00   4.4828124e-01   0.0000000e+00
   3.1500000e+00   4.4750685e-01   0.0000000e+00
   3.1700000e+00   4.4590706e-01   0.0000000e+00
   3.1900000e+00   4.4457279e-01   0.0000000e+00
   3.2100000e+00   4.4350403e-01   0.0000000e+00
   3.2300000e+00   4.4201423e-01   0.0000000e+00
   3.2500000e+00   4.4046776e-01   0.0000000e+00
   3.2700000e+00   4.3886463e-01   0.0000000e+00
   3.2900000e+00   4.3726149e-01   0.0000000e+00
   3.3100000e+00   4.3565836e-01   0.0000000e+00
   3.3300000e+00   4.3405523e-01   0.0000000e+00
   3.3500000e+00   4.3245210e-01   0.0000000e+00
   3.3700000e+00   4.3084897e-01   0.0000000e+00
   3.3900000e+00   4.2924584e-01   0.0000000e+00
   3.4100000e+00   4.2801481e-01   0.0000000e+00
   3.4300000e+00   4.2686493e-01   0.0000000e+00
   3.4500000e+00   4.2579617e-01   0.0000000e+00
   3.4700000e+00   4.2486620e-01   0.0000000e+00
   3.4900000e+00   4.2412296e-01   0.0000000e+00
   3.5100000e+00   4.2356647e-01   0.0000000e+00
   3.5300000e+00   4.2249772e-01   0.0000000e+00
   3.5500000e+00   4.2142896e-01   0.0000000e+00
   3.5700000e+00   4.2036021e-01   0.0000000e+00
   3.5900000e+00   4.1929146e-01   0.0000000e+00
   3.6100000e+00   4.1811945e-01   0.0000000e+00
   3.6300000e+00   4.1684420e-01   0.0000000e+00
   3.6500000e+00   4.1533090e-01   0.0000000e+00
   3.6700000e+00   4.1403988e-01   0.0000000e+00
   3.6900000e+00   4.1297112e-01   0.0000000e+00
   2.1300000e+00   7.5094622e-01   1.0000000e+00
   2.1500000e+00   7.4927940e-01   1.0000000e+00
   2.1700000e+00   7.4737724e-01   1.0000000e+00
   2.1900000e+00   7.4523973e-01   1.0000000e+00
   2.2100000e+00   7.4454643e-01   1.0000000e+00
   2.2300000e+00   7.4320311e-01   1.0000000e+00
   2.2500000e+00   7.4120979e-01   1.0000000e+00
   2.2700000e+00   7.3878598e-01   1.0000000e+00
   2.2900000e+00   7.3650532e-01   1.0000000e+00
   2.3100000e+00   7.3436781e-01   1.0000000e+00
   2.3300000e+00   7.3223030e-01   1.0000000e+00
   2.3500000e+00   7.3009279e-01   1.0000000e+00
   2.3700000e+00   7.2795528e-01   1.0000000e+00
   2.3900000e+00   7.2625023e-01   1.0000000e+00
   2.4100000e+00   7.2443824e-01   1.0000000e+00
   2.4300000e+00   7.2251932e-01   1.0000000e+00
   2.4500000e+00   7.2018269e-01   1.0000000e+00
   2.4700000e+00   7.1776089e-01   1.0000000e+00
   2.4900000e+00   7.1525393e-01   1.0000000e+00
   2.5100000e+00   7.1365079e-01   1.0000000e+00
   2.5300000e+00   7.1179758e-01   1.0000000e+00
   2.5500000e+00   7.0969427e-01   1.0000000e+00
   2.5700000e+00   7.0755676e-01   1.0000000e+00
   2.5900000e+00   7.0555268e-01   1.0000000e+00
   2.6100000e+00   7.0368201e-01   1.0000000e+00
   2.6300000e+00   7.0192870e-01   1.0000000e+00
   2.6500000e+00   7.0001681e-01   1.0000000e+00
   2.6700000e+00   6.9794633e-01   1.0000000e+00
   2.6900000e+00   6.9687758e-01   1.0000000e+00
   2.7100000e+00   6.9580882e-01   1.0000000e+00
   2.7300000e+00   6.9474007e-01   1.0000000e+00
   2.7500000e+00   6.9333675e-01   1.0000000e+00
   2.7700000e+00   6.9183353e-01   1.0000000e+00
   2.7900000e+00   6.9023040e-01   1.0000000e+00
   2.8100000e+00   6.8862727e-01   1.0000000e+00
   2.8300000e+00   6.8702413e-01   1.0000000e+00
   2.8500000e+00   6.8542100e-01   1.0000000e+00
   2.8700000e+00   6.8381787e-01   1.0000000e+00
   2.8900000e+00   6.8201360e-01   1.0000000e+00
   2.9100000e+00   6.8000819e-01   1.0000000e+00
   2.9300000e+00   6.7815630e-01   1.0000000e+00
   2.9500000e+00   6.7634431e-01   1.0000000e+00
   2.9700000e+00   6.7457223e-01   1.0000000e+00
   2.9900000e+00   6.7243472e-01   1.0000000e+00
   3.0100000e+00   6.7029721e-01   1.0000000e+00
   3.0300000e+00   6.6815970e-01   1.0000000e+00
   3.0500000e+00   6.6649219e-01   1.0000000e+00
   3.0700000e+00   6.6503354e-01   1.0000000e+00
   3.0900000e+00   6.6378374e-01   1.0000000e+00
   3.1100000e+00   6.6271499e-01   1.0000000e+00
   3.1300000e+00   6.6164624e-01   1.0000000e+00
   3.1500000e+00   6.6057748e-01   1.0000000e+00
   3.1700000e+00   6.5950873e-01   1.0000000e+00
   3.1900000e+00   6.5843997e-01   1.0000000e+00
   3.2100000e+00   6.5737122e-01   1.0000000e+00
   3.2300000e+00   6.5588141e-01   1.0000000e+00
   3.2500000e+00   6.5433494e-01   1.0000000e+00
   3.2700000e+00   6.5273181e-01   1.0000000e+00
   3.2900000e+00   6.5112868e-01   1.0000000e+00
   3.3100000e+00   6.4949002e-01   1.0000000e+00
   3.3300000e+00   6.4781583e-01   1.0000000e+00
   3.3500000e+00   6.4567832e-01   1.0000000e+00
   3.3700000e+00   6.4354081e-01   1.0000000e+00
   3.3900000e+00   6.4140331e-01   1.0000000e+00
   3.4100000e+00   6.3963790e-01   1.0000000e+00
   3.4300000e+00   6.3808136e-01   1.0000000e+00
   3.4500000e+00   6.3673367e-01   1.0000000e+00
   3.4700000e+00   6.3580370e-01   1.0000000e+00
   3.4900000e+00   6.3506046e-01   1.0000000e+00
   3.5100000e+00   6.3450397e-01   1.0000000e+00
   3.5300000e+00   6.3343522e-01   1.0000000e+00
   3.5500000e+00   6.3258638e-01   1.0000000e+00
   3.5700000e+00   6.3195745e-01   1.0000000e+00
   3.5900000e+00   6.3109991e-01   1.0000000e+00
   3.6100000e+00   6.2993027e-01   1.0000000e+00
   3.6300000e+00   6.2844852e-01   1.0000000e+00
