   6.1000000e-01   9.7287806e-01   0.0000000e+00
   6.3000000e-01   9.5919951e-01   0.0000000e+00
   6.5000000e-01   9.4153627e-01   0.0000000e+00
   6.7000000e-01   9.2014679e-01   0.0000000e+00
   6.9000000e-01   8.9503107e-01   0.0000000e+00
   7.1000000e-01   8.6991535e-01   0.0000000e+00
   7.3000000e-01   8.4683118e-01   0.0000000e+00
   7.5000000e-01   8.2577857e-01   0.0000000e+00
   7.7000000e-01   8.0862887e-01   0.0000000e+00
   7.9000000e-01   7.9241485e-01   0.0000000e+00
   8.1000000e-01   7.7713650e-01   0.0000000e+00
   8.3000000e-01   7.6057081e-01   0.0000000e+00
   8.5000000e-01   7.4557405e-01   0.0000000e+00
   8.7000000e-01   7.3214622e-01   0.0000000e+00
   8.9000000e-01   7.2000573e-01   0.0000000e+00
   9.1000000e-01   7.0907110e-01   0.0000000e+00
   9.3000000e-01   6.9934233e-01   0.0000000e+00
   9.5000000e-01   6.9184562e-01   0.0000000e+00
   9.7000000e-01   6.8489100e-01   0.0000000e+00
   9.9000000e-01   6.7847848e-01   0.0000000e+00
   1.0100000e+00   6.7206595e-01   0.0000000e+00
   1.0300000e+00   6.6612746e-01   0.0000000e+00
   1.0500000e+00   6.6066299e-01   0.0000000e+00
   1.0700000e+00   6.5567659e-01   0.0000000e+00
   1.0900000e+00   6.5077869e-01   0.0000000e+00
   1.1100000e+00   6.4596929e-01   0.0000000e+00
   1.1300000e+00   6.4115990e-01   0.0000000e+00
   1.1500000e+00   6.3635419e-01   0.0000000e+00
   1.1700000e+00   6.3155217e-01   0.0000000e+00
   1.1900000e+00   6.2727716e-01   0.0000000e+00
   1.2100000e+00   6.2300214e-01   0.0000000e+00
   1.2300000e+00   6.1872712e-01   0.0000000e+00
   1.2500000e+00   6.1476052e-01   0.0000000e+00
   1.2700000e+00   6.1090691e-01   0.0000000e+00
   1.2900000e+00   6.0716627e-01   0.0000000e+00
   1.3100000e+00   6.0342563e-01   0.0000000e+00
   1.3300000e+00   5.9968499e-01   0.0000000e+00
   1.3500000e+00   5.9594435e-01   0.0000000e+00
   1.3700000e+00   5.9269651e-01   0.0000000e+00
   1.3900000e+00   5.8946946e-01   0.0000000e+00
   1.4100000e+00   5.8626320e-01   0.0000000e+00
   1.4300000e+00   5.8305694e-01   0.0000000e+00
   1.4500000e+00   5.7977927e-01   0.0000000e+00
   1.4700000e+00   5.7643020e-01   0.0000000e+00
   1.4900000e+00   5.7271571e-01   0.0000000e+00
   1.5100000e+00   5.6925533e-01   0.0000000e+00
   1.5300000e+00   5.6604906e-01   0.0000000e+00
   1.5500000e+00   5.6328666e-01   0.0000000e+00
   1.5700000e+00   5.6040592e-01   0.0000000e+00
   1.5900000e+00   5.5740684e-01   0.0000000e+00
   1.6100000e+00   5.5441110e-01   0.0000000e+00
   1.6300000e+00   5.5162423e-01   0.0000000e+00
   1.6500000e+00   5.4904620e-01   0.0000000e+00
   1.6700000e+00   5.4690869e-01   0.0000000e+00
   1.6900000e+00   5.4477119e-01   0.0000000e+00
   1.7100000e+00   5.4263368e-01   0.0000000e+00
   1.7300000e+00   5.4049617e-01   0.0000000e+00
   1.7500000e+00   5.3835866e-01   0.0000000e+00
   1.7700000e+00   5.3622115e-01   0.0000000e+00
   1.7900000e+00   5.3424523e-01   0.0000000e+00
   1.8100000e+00   5.3245570e-01   0.0000000e+00
   1.8300000e+00   5.3085256e-01   0.0000000e+00
   1.8500000e+00   5.2924943e-01   0.0000000e+00
   1.8700000e+00   5.2741499e-01   0.0000000e+00
   1.8900000e+00   5.2534923e-01   0.0000000e+00
   1.9100000e+00   5.2390365e-01   0.0000000e+00
   1.9300000e+00   5.2264648e-01   0.0000000e+00
   1.9500000e+00   5.2157773e-01   0.0000000e+00
   1.9700000e+00   5.2039634e-01   0.0000000e+00
   1.9900000e+00   5.1900408e-01   0.0000000e+00
   2.0100000e+00   5.1740095e-01   0.0000000e+00
   2.0300000e+00   5.1579782e-01   0.0000000e+00
   2.0500000e+00   5.1460837e-01   0.0000000e+00
   2.0700000e+00   5.1383260e-01   0.0000000e+00
   2.0900000e+00   5.1270419e-01   0.0000000e+00
   2.1100000e+00   5.1151877e-01   0.0000000e+00
   2.1300000e+00   5.1027634e-01   0.0000000e+00
   2.1500000e+00   5.0967828e-01   0.0000000e+00
   2.1700000e+00   5.0884487e-01   0.0000000e+00
   2.1900000e+00   5.0777612e-01   0.0000000e+00
   2.2100000e+00   5.0670736e-01   0.0000000e+00
   2.2300000e+00   5.0545624e-01   0.0000000e+00
   2.2500000e+00   5.0402275e-01   0.0000000e+00
   2.2700000e+00   5.0266769e-01   0.0000000e+00
   2.2900000e+00   5.0145578e-01   0.0000000e+00
   2.3100000e+00   5.0038703e-01   0.0000000e+00
   2.3300000e+00   4.9930353e-01   0.0000000e+00
   2.3500000e+00   4.9796022e-01   0.0000000e+00
   2.3700000e+00   4.9635709e-01   0.0000000e+00
   2.3900000e+00   4.9475396e-01   0.0000000e+00
   2.4100000e+00   4.9330872e-01   0.0000000e+00
   2.4300000e+00   4.9202138e-01   0.0000000e+00
   2.4500000e+00   4.9095263e-01   0.0000000e+00
   2.4700000e+00   4.8988387e-01   0.0000000e+00
   2.4900000e+00   4.8881512e-01   0.0000000e+00
   2.5100000e+00   4.8774636e-01   0.0000000e+00
   2.5300000e+00   4.8617744e-01   0.0000000e+00
   2.5500000e+00   4.8410834e-01   0.0000000e+00
   2.5700000e+00   4.8273784e-01   0.0000000e+00
   2.5900000e+00   4.8151822e-01   0.0000000e+00
   2.6100000e+00   4.8044947e-01   0.0000000e+00
   2.6300000e+00   4.7938071e-01   0.0000000e+00
   2.6500000e+00   4.7827844e-01   0.0000000e+00
   2.6700000e+00   4.7714266e-01   0.0000000e+00
   2.6900000e+00   4.7500515e-01   0.0000000e+00
   2.7100000e+00   4.7331887e-01   0.0000000e+00
   2.7300000e+00   4.7208382e-01   0.0000000e+00
   2.7500000e+00   4.7068050e-01   0.0000000e+00
   2.7700000e+00   4.6917728e-01   0.0000000e+00
   2.7900000e+00   4.6757415e-01   0.0000000e+00
   2.8100000e+00   4.6597102e-01   0.0000000e+00
   2.8300000e+00   4.6436788e-01   0.0000000e+00
   2.8500000e+00   4.6276475e-01   0.0000000e+00
   2.8700000e+00   4.6116162e-01   0.0000000e+00
   2.8900000e+00   4.5975963e-01   0.0000000e+00
   2.9100000e+00   4.5855878e-01   0.0000000e+00
   2.9300000e+00   4.5749003e-01   0.0000000e+00
   2.9500000e+00   4.5642127e-01   0.0000000e+00
   2.9700000e+00   4.5535252e-01   0.0000000e+00
   2.9900000e+00   4.5433605e-01   0.0000000e+00
   3.0100000e+00   4.5356063e-01   0.0000000e+00
   3.0300000e+00   4.5302625e-01   0.0000000e+00
   3.0500000e+00   4.5202188e-01   0.0000000e+00
   3.0700000e+00   4.5098531e-01   0.0000000e+00
   3.0900000e+00   4.4991656e-01   0.0000000e+00
   3.1100000e+00   4.4884780e-01   0.0000000e+00
   3.1300000e+00   4.4783905e-01   0.0000000e+00
   3.1500000e+00   4.4689030e-01   0.0000000e+00
   3.1700000e+00   4.4635259e-01   0.0000000e+00
   3.1900000e+00   4.4554935e-01   0.0000000e+00
   3.2100000e+00   4.4448060e-01   0.0000000e+00
   3.2300000e+00   4.4256973e-01   0.0000000e+00
   3.2500000e+00   4.4084994e-01   0.0000000e+00
   3.2700000e+00   4.3932121e-01   0.0000000e+00
   3.2900000e+00   4.3787701e-01   0.0000000e+00
   3.3100000e+00   4.3615721e-01   0.0000000e+00
   3.3300000e+00   4.3416182e-01   0.0000000e+00
   3.3500000e+00   4.3309307e-01   0.0000000e+00
   3.3700000e+00   4.3177993e-01   0.0000000e+00
   3.3900000e+00   4.3022240e-01   0.0000000e+00
   3.4100000e+00   4.2899138e-01   0.0000000e+00
   3.4300000e+00   4.2771377e-01   0.0000000e+00
   3.4500000e+00   4.2638957e-01   0.0000000e+00
   3.4700000e+00   4.2492522e-01   0.0000000e+00
   3.4900000e+00   4.2365866e-01   0.0000000e+00
   3.5100000e+00   4.2258991e-01   0.0000000e+00
   3.5300000e+00   4.2152115e-01   0.0000000e+00
   3.5500000e+00   4.2045240e-01   0.0000000e+00
   3.5700000e+00   4.1938365e-01   0.0000000e+00
   3.5900000e+00   4.1863805e-01   0.0000000e+00
   2.0700000e+00   7.5380249e-01   1.0000000e+00
   2.0900000e+00   7.5219936e-01   1.0000000e+00
   2.1100000e+00   7.5032570e-01   1.0000000e+00
   2.1300000e+00   7.4818151e-01   1.0000000e+00
   2.1500000e+00   7.4529369e-01   1.0000000e+00
   2.1700000e+00   7.4358259e-01   1.0000000e+00
   2.1900000e+00   7.4304821e-01   1.0000000e+00
   2.2100000e+00   7.4203244e-01   1.0000000e+00
   2.2300000e+00   7.4026070e-01   1.0000000e+00
   2.2500000e+00   7.3773300e-01   1.0000000e+00
   2.2700000e+00   7.3502288e-01   1.0000000e+00
   2.2900000e+00   7.3273047e-01   1.0000000e+00
   2.3100000e+00   7.3085578e-01   1.0000000e+00
   2.3300000e+00   7.2975754e-01   1.0000000e+00
   2.3500000e+00   7.2813967e-01   1.0000000e+00
   2.3700000e+00   7.2600216e-01   1.0000000e+00
   2.3900000e+00   7.2386465e-01   1.0000000e+00
   2.4100000e+00   7.2156925e-01   1.0000000e+00
   2.4300000e+00   7.1911595e-01   1.0000000e+00
   2.4500000e+00   7.1684232e-01   1.0000000e+00
   2.4700000e+00   7.1486270e-01   1.0000000e+00
   2.4900000e+00   7.1317711e-01   1.0000000e+00
   2.5100000e+00   7.1103960e-01   1.0000000e+00
   2.5300000e+00   7.0890209e-01   1.0000000e+00
   2.5500000e+00   7.0676459e-01   1.0000000e+00
   2.5700000e+00   7.0462708e-01   1.0000000e+00
   2.5900000e+00   7.0248957e-01   1.0000000e+00
   2.6100000e+00   7.0035206e-01   1.0000000e+00
   2.6300000e+00   6.9851491e-01   1.0000000e+00
   2.6500000e+00   6.9704520e-01   1.0000000e+00
   2.6700000e+00   6.9594293e-01   1.0000000e+00
   2.6900000e+00   6.9433980e-01   1.0000000e+00
   2.7100000e+00   6.9273667e-01   1.0000000e+00
   2.7300000e+00   6.9113354e-01   1.0000000e+00
   2.7500000e+00   6.8953041e-01   1.0000000e+00
   2.7700000e+00   6.8792728e-01   1.0000000e+00
   2.7900000e+00   6.8632415e-01   1.0000000e+00
   2.8100000e+00   6.8472102e-01   1.0000000e+00
   2.8300000e+00   6.8311788e-01   1.0000000e+00
   2.8500000e+00   6.8151475e-01   1.0000000e+00
   2.8700000e+00   6.7939268e-01   1.0000000e+00
   2.8900000e+00   6.7726288e-01   1.0000000e+00
   2.9100000e+00   6.7512538e-01   1.0000000e+00
   2.9300000e+00   6.7298787e-01   1.0000000e+00
   2.9500000e+00   6.7093484e-01   1.0000000e+00
   2.9700000e+00   6.6896628e-01   1.0000000e+00
   2.9900000e+00   6.6736315e-01   1.0000000e+00
   3.0100000e+00   6.6576002e-01   1.0000000e+00
   3.0300000e+00   6.6415689e-01   1.0000000e+00
   3.0500000e+00   6.6255375e-01   1.0000000e+00
   3.0700000e+00   6.6112729e-01   1.0000000e+00
   3.0900000e+00   6.5987749e-01   1.0000000e+00
   3.1100000e+00   6.5880874e-01   1.0000000e+00
   3.1300000e+00   6.5773999e-01   1.0000000e+00
   3.1500000e+00   6.5667123e-01   1.0000000e+00
   3.1700000e+00   6.5559914e-01   1.0000000e+00
   3.1900000e+00   6.5426152e-01   1.0000000e+00
   3.2100000e+00   6.5265839e-01   1.0000000e+00
   3.2300000e+00   6.5063421e-01   1.0000000e+00
   3.2500000e+00   6.4870556e-01   1.0000000e+00
   3.2700000e+00   6.4687244e-01   1.0000000e+00
   3.2900000e+00   6.4526931e-01   1.0000000e+00
   3.3100000e+00   6.4363065e-01   1.0000000e+00
   3.3300000e+00   6.4195645e-01   1.0000000e+00
   3.3500000e+00   6.3981895e-01   1.0000000e+00
   3.3700000e+00   6.3792582e-01   1.0000000e+00
   3.3900000e+00   6.3627709e-01   1.0000000e+00
   3.4100000e+00   6.3467396e-01   1.0000000e+00
   3.4300000e+00   6.3319855e-01   1.0000000e+00
   3.4500000e+00   6.3185086e-01   1.0000000e+00
   3.4700000e+00   6.3092088e-01   1.0000000e+00
   3.4900000e+00   6.3018871e-01   1.0000000e+00
   3.5100000e+00   6.2965433e-01   1.0000000e+00
   3.5300000e+00   6.2911995e-01   1.0000000e+00
   3.5500000e+00   6.2836566e-01   1.0000000e+00
   3.5700000e+00   6.2739146e-01   1.0000000e+00
   3.5900000e+00   6.2664587e-01   1.0000000e+00
   3.6100000e+00   6.2600588e-01   1.0000000e+00
   3.6300000e+00   6.2547150e-01   1.0000000e+00
   3.6500000e+00   6.2475746e-01   1.0000000e+00
   3.6700000e+00   6.2359888e-01   1.0000000e+00
   3.6900000e+00   6.2199575e-01   1.0000000e+00
