   6.1000000e-01   9.7718561e-01   0.0000000e+00
   6.3000000e-01   9.6187179e-01   0.0000000e+00
   6.5000000e-01   9.3507785e-01   0.0000000e+00
   6.7000000e-01   9.0778707e-01   0.0000000e+00
   6.9000000e-01   8.7999947e-01   0.0000000e+00
   7.1000000e-01   8.5494341e-01   0.0000000e+00
   7.3000000e-01   8.3046329e-01   0.0000000e+00
   7.5000000e-01   8.0655914e-01   0.0000000e+00
   7.7000000e-01   7.8748511e-01   0.0000000e+00
   7.9000000e-01   7.7111451e-01   0.0000000e+00
   8.1000000e-01   7.5744736e-01   0.0000000e+00
   8.3000000e-01   7.4034729e-01   0.0000000e+00
   8.5000000e-01   7.2533913e-01   0.0000000e+00
   8.7000000e-01   7.1242287e-01   0.0000000e+00
   8.9000000e-01   7.0081676e-01   0.0000000e+00
   9.1000000e-01   6.9027168e-01   0.0000000e+00
   9.3000000e-01   6.8078764e-01   0.0000000e+00
   9.5000000e-01   6.7329093e-01   0.0000000e+00
   9.7000000e-01   6.6633631e-01   0.0000000e+00
   9.9000000e-01   6.5992379e-01   0.0000000e+00
   1.0100000e+00   6.5351126e-01   0.0000000e+00
   1.0300000e+00   6.4733575e-01   0.0000000e+00
   1.0500000e+00   6.4139726e-01   0.0000000e+00
   1.0700000e+00   6.3623384e-01   0.0000000e+00
   1.0900000e+00   6.3100674e-01   0.0000000e+00
   1.1100000e+00   6.2571594e-01   0.0000000e+00
   1.1300000e+00   6.2008587e-01   0.0000000e+00
   1.1500000e+00   6.1486613e-01   0.0000000e+00
   1.1700000e+00   6.1005674e-01   0.0000000e+00
   1.1900000e+00   6.0524735e-01   0.0000000e+00
   1.2100000e+00   6.0065049e-01   0.0000000e+00
   1.2300000e+00   5.9626618e-01   0.0000000e+00
   1.2500000e+00   5.9168275e-01   0.0000000e+00
   1.2700000e+00   5.8698634e-01   0.0000000e+00
   1.2900000e+00   5.8217694e-01   0.0000000e+00
   1.3100000e+00   5.7744264e-01   0.0000000e+00
   1.3300000e+00   5.7293798e-01   0.0000000e+00
   1.3500000e+00   5.6866296e-01   0.0000000e+00
   1.3700000e+00   5.6438795e-01   0.0000000e+00
   1.3900000e+00   5.6030100e-01   0.0000000e+00
   1.4100000e+00   5.5640212e-01   0.0000000e+00
   1.4300000e+00   5.5266148e-01   0.0000000e+00
   1.4500000e+00   5.4899224e-01   0.0000000e+00
   1.4700000e+00   5.4539441e-01   0.0000000e+00
   1.4900000e+00   5.4216201e-01   0.0000000e+00
   1.5100000e+00   5.3867549e-01   0.0000000e+00
   1.5300000e+00   5.3493485e-01   0.0000000e+00
   1.5500000e+00   5.3208192e-01   0.0000000e+00
   1.5700000e+00   5.2931951e-01   0.0000000e+00
   1.5900000e+00   5.2664763e-01   0.0000000e+00
   1.6100000e+00   5.2418627e-01   0.0000000e+00
   1.6300000e+00   5.2183990e-01   0.0000000e+00
   1.6500000e+00   5.1960853e-01   0.0000000e+00
   1.6700000e+00   5.1693665e-01   0.0000000e+00
   1.6900000e+00   5.1452055e-01   0.0000000e+00
   1.7100000e+00   5.1236024e-01   0.0000000e+00
   1.7300000e+00   5.1101255e-01   0.0000000e+00
   1.7500000e+00   5.0952609e-01   0.0000000e+00
   1.7700000e+00   5.0790084e-01   0.0000000e+00
   1.7900000e+00   5.0592491e-01   0.0000000e+00
   1.8100000e+00   5.0411293e-01   0.0000000e+00
   1.8300000e+00   5.0246488e-01   0.0000000e+00
   1.8500000e+00   5.0032737e-01   0.0000000e+00
   1.8700000e+00   4.9842118e-01   0.0000000e+00
   1.8900000e+00   4.9674630e-01   0.0000000e+00
   1.9100000e+00   4.9514317e-01   0.0000000e+00
   1.9300000e+00   4.9354003e-01   0.0000000e+00
   1.9500000e+00   4.9193690e-01   0.0000000e+00
   1.9700000e+00   4.9033377e-01   0.0000000e+00
   1.9900000e+00   4.8873064e-01   0.0000000e+00
   2.0100000e+00   4.8712751e-01   0.0000000e+00
   2.0300000e+00   4.8552438e-01   0.0000000e+00
   2.0500000e+00   4.8392125e-01   0.0000000e+00
   2.0700000e+00   4.8231812e-01   0.0000000e+00
   2.0900000e+00   4.8041797e-01   0.0000000e+00
   2.1100000e+00   4.7857949e-01   0.0000000e+00
   2.1300000e+00   4.7680269e-01   0.0000000e+00
   2.1500000e+00   4.7573394e-01   0.0000000e+00
   2.1700000e+00   4.7466518e-01   0.0000000e+00
   2.1900000e+00   4.7359643e-01   0.0000000e+00
   2.2100000e+00   4.7204627e-01   0.0000000e+00
   2.2300000e+00   4.7046963e-01   0.0000000e+00
   2.2500000e+00   4.6886650e-01   0.0000000e+00
   2.2700000e+00   4.6751144e-01   0.0000000e+00
   2.2900000e+00   4.6629953e-01   0.0000000e+00
   2.3100000e+00   4.6523078e-01   0.0000000e+00
   2.3300000e+00   4.6414728e-01   0.0000000e+00
   2.3500000e+00   4.6280397e-01   0.0000000e+00
   2.3700000e+00   4.6120084e-01   0.0000000e+00
   2.3900000e+00   4.6003016e-01   0.0000000e+00
   2.4100000e+00   4.5891045e-01   0.0000000e+00
   2.4300000e+00   4.5784169e-01   0.0000000e+00
   2.4500000e+00   4.5677294e-01   0.0000000e+00
   2.4700000e+00   4.5570418e-01   0.0000000e+00
   2.4900000e+00   4.5463543e-01   0.0000000e+00
   2.5100000e+00   4.5356668e-01   0.0000000e+00
   2.5300000e+00   4.5249792e-01   0.0000000e+00
   2.5500000e+00   4.5142917e-01   0.0000000e+00
   2.5700000e+00   4.4997691e-01   0.0000000e+00
   2.5900000e+00   4.4858263e-01   0.0000000e+00
   2.6100000e+00   4.4724634e-01   0.0000000e+00
   2.6300000e+00   4.4617759e-01   0.0000000e+00
   2.6500000e+00   4.4510884e-01   0.0000000e+00
   2.6700000e+00   4.4404008e-01   0.0000000e+00
   2.6900000e+00   4.4297133e-01   0.0000000e+00
   2.7100000e+00   4.4190257e-01   0.0000000e+00
   2.7300000e+00   4.4083382e-01   0.0000000e+00
   2.7500000e+00   4.4009963e-01   0.0000000e+00
   2.7700000e+00   4.3935639e-01   0.0000000e+00
   2.7900000e+00   4.3860412e-01   0.0000000e+00
   2.8100000e+00   4.3763660e-01   0.0000000e+00
   2.8300000e+00   4.3688565e-01   0.0000000e+00
   2.8500000e+00   4.3635127e-01   0.0000000e+00
   2.8700000e+00   4.3633584e-01   0.0000000e+00
   2.8900000e+00   4.3592584e-01   0.0000000e+00
   2.9100000e+00   4.3512128e-01   0.0000000e+00
   2.9300000e+00   4.3462376e-01   0.0000000e+00
   2.0000000e+00   7.4867126e-01   1.0000000e+00
   2.0200000e+00   7.4759848e-01   1.0000000e+00
   2.0400000e+00   7.4705604e-01   1.0000000e+00
   2.0600000e+00   7.4445325e-01   1.0000000e+00
   2.0800000e+00   7.4184575e-01   1.0000000e+00
   2.1000000e+00   7.3923352e-01   1.0000000e+00
   2.1200000e+00   7.3673530e-01   1.0000000e+00
   2.1400000e+00   7.3391491e-01   1.0000000e+00
   2.1600000e+00   7.3077234e-01   1.0000000e+00
   2.1800000e+00   7.2810045e-01   1.0000000e+00
   2.2000000e+00   7.2518787e-01   1.0000000e+00
   2.2200000e+00   7.2203458e-01   1.0000000e+00
   2.2400000e+00   7.1882832e-01   1.0000000e+00
   2.2600000e+00   7.1574609e-01   1.0000000e+00
   2.2800000e+00   7.1278790e-01   1.0000000e+00
   2.3000000e+00   7.0998461e-01   1.0000000e+00
   2.3200000e+00   7.0699457e-01   1.0000000e+00
   2.3400000e+00   7.0381780e-01   1.0000000e+00
   2.3600000e+00   7.0168029e-01   1.0000000e+00
   2.3800000e+00   6.9975901e-01   1.0000000e+00
   2.4000000e+00   6.9805395e-01   1.0000000e+00
   2.4200000e+00   6.9613503e-01   1.0000000e+00
   2.4400000e+00   6.9410682e-01   1.0000000e+00
   2.4600000e+00   6.9196931e-01   1.0000000e+00
   2.4800000e+00   6.8991426e-01   1.0000000e+00
   2.5000000e+00   6.8808517e-01   1.0000000e+00
   2.5200000e+00   6.8648204e-01   1.0000000e+00
   2.5400000e+00   6.8487891e-01   1.0000000e+00
   2.5600000e+00   6.8308403e-01   1.0000000e+00
   2.5800000e+00   6.8109739e-01   1.0000000e+00
   2.6000000e+00   6.7895988e-01   1.0000000e+00
   2.6200000e+00   6.7682237e-01   1.0000000e+00
   2.6400000e+00   6.7468486e-01   1.0000000e+00
   2.6600000e+00   6.7254735e-01   1.0000000e+00
   2.6800000e+00   6.7040985e-01   1.0000000e+00
   2.7000000e+00   6.6827234e-01   1.0000000e+00
   2.7200000e+00   6.6658606e-01   1.0000000e+00
   2.7400000e+00   6.6510863e-01   1.0000000e+00
   2.7600000e+00   6.6384006e-01   1.0000000e+00
   2.7800000e+00   6.6233551e-01   1.0000000e+00
   2.8000000e+00   6.6056510e-01   1.0000000e+00
   2.8200000e+00   6.5852882e-01   1.0000000e+00
   2.8400000e+00   6.5692569e-01   1.0000000e+00
   2.8600000e+00   6.5532256e-01   1.0000000e+00
   2.8800000e+00   6.5371943e-01   1.0000000e+00
   2.9000000e+00   6.5211630e-01   1.0000000e+00
   2.9200000e+00   6.5037036e-01   1.0000000e+00
   2.9400000e+00   6.4848161e-01   1.0000000e+00
   2.9600000e+00   6.4651306e-01   1.0000000e+00
   2.9800000e+00   6.4472721e-01   1.0000000e+00
   3.0000000e+00   6.4312408e-01   1.0000000e+00
   3.0200000e+00   6.4152095e-01   1.0000000e+00
   3.0400000e+00   6.3991782e-01   1.0000000e+00
   3.0600000e+00   6.3831469e-01   1.0000000e+00
   3.0800000e+00   6.3706489e-01   1.0000000e+00
   3.1000000e+00   6.3578728e-01   1.0000000e+00
   3.1200000e+00   6.3448186e-01   1.0000000e+00
   3.1400000e+00   6.3287873e-01   1.0000000e+00
   3.1600000e+00   6.3127727e-01   1.0000000e+00
   3.1800000e+00   6.2967748e-01   1.0000000e+00
   3.2000000e+00   6.2860872e-01   1.0000000e+00
   3.2200000e+00   6.2753997e-01   1.0000000e+00
   3.2400000e+00   6.2647122e-01   1.0000000e+00
   3.2600000e+00   6.2479368e-01   1.0000000e+00
   3.2800000e+00   6.2307389e-01   1.0000000e+00
   3.3000000e+00   6.2131183e-01   1.0000000e+00
   3.3200000e+00   6.2024307e-01   1.0000000e+00
   3.3400000e+00   6.1917432e-01   1.0000000e+00
   3.3600000e+00   6.1810556e-01   1.0000000e+00
   3.3800000e+00   6.1703681e-01   1.0000000e+00
   3.4000000e+00   6.1578200e-01   1.0000000e+00
   3.4200000e+00   6.1434114e-01   1.0000000e+00
   3.4400000e+00   6.1324890e-01   1.0000000e+00
   3.4600000e+00   6.1243558e-01   1.0000000e+00
   3.4800000e+00   6.1190121e-01   1.0000000e+00
   3.5000000e+00   6.1132260e-01   1.0000000e+00
   3.5200000e+00   6.1023174e-01   1.0000000e+00
   3.5400000e+00   6.0862861e-01   1.0000000e+00
   3.5600000e+00   6.0746530e-01   1.0000000e+00
   3.5800000e+00   6.0634927e-01   1.0000000e+00
   3.6000000e+00   6.0528052e-01   1.0000000e+00
   3.6200000e+00   6.0441826e-01   1.0000000e+00
   3.6400000e+00   6.0367503e-01   1.0000000e+00
   3.6600000e+00   6.0305082e-01   1.0000000e+00
   3.6800000e+00   6.0198206e-01   1.0000000e+00
   3.7000000e+00   6.0091331e-01   1.0000000e+00
   3.7200000e+00   5.9984455e-01   1.0000000e+00
   3.7400000e+00   5.9916668e-01   1.0000000e+00
   3.7600000e+00   5.9842345e-01   1.0000000e+00
   3.7800000e+00   5.9761485e-01   1.0000000e+00
   3.8000000e+00   5.9670365e-01   1.0000000e+00
