   6.0000000e-01   9.7508398e-01   0.0000000e+00
   6.2000000e-01   9.5382026e-01   0.0000000e+00
   6.4000000e-01   9.2738673e-01   0.0000000e+00
   6.6000000e-01   8.9578340e-01   0.0000000e+00
   6.8000000e-01   8.6318640e-01   0.0000000e+00
   7.0000000e-01   8.3582486e-01   0.0000000e+00
   7.2000000e-01   8.1369877e-01   0.0000000e+00
   7.4000000e-01   7.9169948e-01   0.0000000e+00
   7.6000000e-01   7.7120808e-01   0.0000000e+00
   7.8000000e-01   7.5222457e-01   0.0000000e+00
   8.0000000e-01   7.3644409e-01   0.0000000e+00
   8.2000000e-01   7.1572880e-01   0.0000000e+00
   8.4000000e-01   6.9007870e-01   0.0000000e+00
   8.6000000e-01   6.7488812e-01   0.0000000e+00
   8.8000000e-01   6.6103048e-01   0.0000000e+00
   9.0000000e-01   6.4850579e-01   0.0000000e+00
   9.2000000e-01   6.3790809e-01   0.0000000e+00
   9.4000000e-01   6.2797282e-01   0.0000000e+00
   9.6000000e-01   6.1870000e-01   0.0000000e+00
   9.8000000e-01   6.1020628e-01   0.0000000e+00
   1.0000000e+00   6.0195160e-01   0.0000000e+00
   1.0200000e+00   5.9393594e-01   0.0000000e+00
   1.0400000e+00   5.8592029e-01   0.0000000e+00
   1.0600000e+00   5.7861936e-01   0.0000000e+00
   1.0800000e+00   5.7203316e-01   0.0000000e+00
   1.1000000e+00   5.6591432e-01   0.0000000e+00
   1.1200000e+00   5.5971065e-01   0.0000000e+00
   1.1400000e+00   5.5342216e-01   0.0000000e+00
   1.1600000e+00   5.4755875e-01   0.0000000e+00
   1.1800000e+00   5.4222236e-01   0.0000000e+00
   1.2000000e+00   5.3741296e-01   0.0000000e+00
   1.2200000e+00   5.3217848e-01   0.0000000e+00
   1.2400000e+00   5.2704357e-01   0.0000000e+00
   1.2600000e+00   5.2200822e-01   0.0000000e+00
   1.2800000e+00   5.1758233e-01   0.0000000e+00
   1.3000000e+00   5.1349907e-01   0.0000000e+00
   1.3200000e+00   5.0975843e-01   0.0000000e+00
   1.3400000e+00   5.0601779e-01   0.0000000e+00
   1.3600000e+00   5.0203075e-01   0.0000000e+00
   1.3800000e+00   4.9779731e-01   0.0000000e+00
   1.4000000e+00   4.9465071e-01   0.0000000e+00
   1.4200000e+00   4.9174146e-01   0.0000000e+00
   1.4400000e+00   4.8906958e-01   0.0000000e+00
   1.4600000e+00   4.8639769e-01   0.0000000e+00
   1.4800000e+00   4.8372581e-01   0.0000000e+00
   1.5000000e+00   4.8105392e-01   0.0000000e+00
   1.5200000e+00   4.7838204e-01   0.0000000e+00
   1.5400000e+00   4.7593208e-01   0.0000000e+00
   1.5600000e+00   4.7370405e-01   0.0000000e+00
   1.5800000e+00   4.7156654e-01   0.0000000e+00
   1.6000000e+00   4.6953430e-01   0.0000000e+00
   1.6200000e+00   4.6760732e-01   0.0000000e+00
   1.6400000e+00   4.6581646e-01   0.0000000e+00
   1.6600000e+00   4.6358509e-01   0.0000000e+00
   1.6800000e+00   4.6091321e-01   0.0000000e+00
   1.7000000e+00   4.5977604e-01   0.0000000e+00
   1.7200000e+00   4.5827818e-01   0.0000000e+00
   1.7400000e+00   4.5641960e-01   0.0000000e+00
   1.7600000e+00   4.5456034e-01   0.0000000e+00
   1.7800000e+00   4.5274835e-01   0.0000000e+00
   1.8000000e+00   4.5098364e-01   0.0000000e+00
   1.8200000e+00   4.4893596e-01   0.0000000e+00
   1.8400000e+00   4.4737775e-01   0.0000000e+00
   1.8600000e+00   4.4630900e-01   0.0000000e+00
   1.8800000e+00   4.4524024e-01   0.0000000e+00
   1.9000000e+00   4.4399851e-01   0.0000000e+00
   1.9200000e+00   4.4258379e-01   0.0000000e+00
   1.9400000e+00   4.4120996e-01   0.0000000e+00
   1.9600000e+00   4.3993235e-01   0.0000000e+00
   1.9800000e+00   4.3875096e-01   0.0000000e+00
   2.0000000e+00   4.3714783e-01   0.0000000e+00
   2.0200000e+00   4.3607504e-01   0.0000000e+00
   2.0400000e+00   4.3553261e-01   0.0000000e+00
   2.0600000e+00   4.3458455e-01   0.0000000e+00
   2.0800000e+00   4.3357614e-01   0.0000000e+00
   2.1000000e+00   4.3250738e-01   0.0000000e+00
   2.1200000e+00   4.3143863e-01   0.0000000e+00
   2.1400000e+00   4.3036988e-01   0.0000000e+00
   2.1600000e+00   4.2930112e-01   0.0000000e+00
   2.1800000e+00   4.2823237e-01   0.0000000e+00
   2.2000000e+00   4.2716361e-01   0.0000000e+00
   2.2200000e+00   4.2609486e-01   0.0000000e+00
   2.2400000e+00   4.2502611e-01   0.0000000e+00
   2.2600000e+00   4.2408139e-01   0.0000000e+00
   2.2800000e+00   4.2326070e-01   0.0000000e+00
   2.3000000e+00   4.2272633e-01   0.0000000e+00
   2.3200000e+00   4.2218458e-01   0.0000000e+00
   2.3400000e+00   4.2163546e-01   0.0000000e+00
   2.3600000e+00   4.2056671e-01   0.0000000e+00
   2.3800000e+00   4.1949795e-01   0.0000000e+00
   2.4000000e+00   4.1842920e-01   0.0000000e+00
   2.4200000e+00   4.1736044e-01   0.0000000e+00
   2.4400000e+00   4.1649082e-01   0.0000000e+00
   2.4600000e+00   4.1582031e-01   0.0000000e+00
   2.4800000e+00   4.1573785e-01   0.0000000e+00
   2.5000000e+00   4.1542943e-01   0.0000000e+00
   2.5200000e+00   4.1489506e-01   0.0000000e+00
   2.5400000e+00   4.1486085e-01   0.0000000e+00
   2.5600000e+00   4.1484375e-01   0.0000000e+00
   2.5800000e+00   4.1484375e-01   0.0000000e+00
   2.6000000e+00   4.1457691e-01   0.0000000e+00
   2.6200000e+00   4.1425139e-01   0.0000000e+00
   2.6400000e+00   4.1386719e-01   0.0000000e+00
   2.6600000e+00   4.1386719e-01   0.0000000e+00
   2.6800000e+00   4.1386719e-01   0.0000000e+00
   2.7000000e+00   4.1386719e-01   0.0000000e+00
   2.7200000e+00   4.1386719e-01   0.0000000e+00
   2.7400000e+00   4.1369991e-01   0.0000000e+00
   2.7600000e+00   4.1336534e-01   0.0000000e+00
   2.7800000e+00   4.1283097e-01   0.0000000e+00
   2.8000000e+00   4.1229659e-01   0.0000000e+00
   2.8200000e+00   4.1176221e-01   0.0000000e+00
   2.8400000e+00   4.1122784e-01   0.0000000e+00
   2.8600000e+00   4.1069346e-01   0.0000000e+00
   2.8800000e+00   4.1015908e-01   0.0000000e+00
   2.9000000e+00   4.0962470e-01   0.0000000e+00
   2.9200000e+00   4.0909033e-01   0.0000000e+00
   2.9400000e+00   4.0855595e-01   0.0000000e+00
   2.9600000e+00   4.0785262e-01   0.0000000e+00
   2.9800000e+00   4.0699272e-01   0.0000000e+00
   3.0000000e+00   4.0597626e-01   0.0000000e+00
   3.0200000e+00   4.0544188e-01   0.0000000e+00
   2.0000000e+00   6.8433451e-01   1.0000000e+00
   2.0200000e+00   6.8059387e-01   1.0000000e+00
   2.0400000e+00   6.7685323e-01   1.0000000e+00
   2.0600000e+00   6.7393996e-01   1.0000000e+00
   2.0800000e+00   6.7114738e-01   1.0000000e+00
   2.1000000e+00   6.6847549e-01   1.0000000e+00
   2.1200000e+00   6.6598396e-01   1.0000000e+00
   2.1400000e+00   6.6363760e-01   1.0000000e+00
   2.1600000e+00   6.6143640e-01   1.0000000e+00
   2.1800000e+00   6.5876451e-01   1.0000000e+00
   2.2000000e+00   6.5633333e-01   1.0000000e+00
   2.2200000e+00   6.5414284e-01   1.0000000e+00
   2.2400000e+00   6.5200534e-01   1.0000000e+00
   2.2600000e+00   6.4986783e-01   1.0000000e+00
   2.2800000e+00   6.4773032e-01   1.0000000e+00
   2.3000000e+00   6.4559281e-01   1.0000000e+00
   2.3200000e+00   6.4345530e-01   1.0000000e+00
   2.3400000e+00   6.4131780e-01   1.0000000e+00
   2.3600000e+00   6.3918029e-01   1.0000000e+00
   2.3800000e+00   6.3704278e-01   1.0000000e+00
   2.4000000e+00   6.3490527e-01   1.0000000e+00
   2.4200000e+00   6.3308355e-01   1.0000000e+00
   2.4400000e+00   6.3127157e-01   1.0000000e+00
   2.4600000e+00   6.2946931e-01   1.0000000e+00
   2.4800000e+00   6.2733180e-01   1.0000000e+00
   2.5000000e+00   6.2519429e-01   1.0000000e+00
   2.5200000e+00   6.2305678e-01   1.0000000e+00
   2.5400000e+00   6.2041910e-01   1.0000000e+00
   2.5600000e+00   6.1795607e-01   1.0000000e+00
   2.5800000e+00   6.1566770e-01   1.0000000e+00
   2.6000000e+00   6.1353019e-01   1.0000000e+00
   2.6200000e+00   6.1139268e-01   1.0000000e+00
   2.6400000e+00   6.0925517e-01   1.0000000e+00
   2.6600000e+00   6.0715118e-01   1.0000000e+00
   2.6800000e+00   6.0529762e-01   1.0000000e+00
   2.7000000e+00   6.0369449e-01   1.0000000e+00
   2.7200000e+00   6.0209136e-01   1.0000000e+00
   2.7400000e+00   6.0032094e-01   1.0000000e+00
   2.7600000e+00   5.9838325e-01   1.0000000e+00
   2.7800000e+00   5.9646364e-01   1.0000000e+00
   2.8000000e+00   5.9475289e-01   1.0000000e+00
   2.8200000e+00   5.9325099e-01   1.0000000e+00
   2.8400000e+00   5.9218223e-01   1.0000000e+00
   2.8600000e+00   5.9111348e-01   1.0000000e+00
   2.8800000e+00   5.9004472e-01   1.0000000e+00
   2.9000000e+00   5.8857369e-01   1.0000000e+00
   2.9200000e+00   5.8717942e-01   1.0000000e+00
   2.9400000e+00   5.8586190e-01   1.0000000e+00
   2.9600000e+00   5.8479315e-01   1.0000000e+00
   2.6100000e+00   7.4216822e-01   2.0000000e+00
   2.6300000e+00   7.4124964e-01   2.0000000e+00
   2.6500000e+00   7.4052317e-01   2.0000000e+00
   2.6700000e+00   7.3998879e-01   2.0000000e+00
   2.6900000e+00   7.3945441e-01   2.0000000e+00
   2.7100000e+00   7.3846881e-01   2.0000000e+00
   2.7300000e+00   7.3703198e-01   2.0000000e+00
   2.7500000e+00   7.3542885e-01   2.0000000e+00
   2.7700000e+00   7.3360782e-01   2.0000000e+00
   2.7900000e+00   7.3156889e-01   2.0000000e+00
   2.8100000e+00   7.2899824e-01   2.0000000e+00
   2.8300000e+00   7.2664416e-01   2.0000000e+00
   2.8500000e+00   7.2450665e-01   2.0000000e+00
   2.8700000e+00   7.2288809e-01   2.0000000e+00
   2.8900000e+00   7.2127724e-01   2.0000000e+00
   2.9100000e+00   7.1967411e-01   2.0000000e+00
   2.9300000e+00   7.1835660e-01   2.0000000e+00
