   6.1000000e-01   9.7485330e-01   0.0000000e+00
   6.3000000e-01   9.6367100e-01   0.0000000e+00
   6.5000000e-01   9.4291413e-01   0.0000000e+00
   6.7000000e-01   9.1917627e-01   0.0000000e+00
   6.9000000e-01   8.9245742e-01   0.0000000e+00
   7.1000000e-01   8.6755960e-01   0.0000000e+00
   7.3000000e-01   8.4383579e-01   0.0000000e+00
   7.5000000e-01   8.2128601e-01   0.0000000e+00
   7.7000000e-01   8.0257406e-01   0.0000000e+00
   7.9000000e-01   7.8547365e-01   0.0000000e+00
   8.1000000e-01   7.6998478e-01   0.0000000e+00
   8.3000000e-01   7.5235033e-01   0.0000000e+00
   8.5000000e-01   7.3550035e-01   0.0000000e+00
   8.7000000e-01   7.1943484e-01   0.0000000e+00
   8.9000000e-01   7.0380984e-01   0.0000000e+00
   9.1000000e-01   6.8940746e-01   0.0000000e+00
   9.3000000e-01   6.7622770e-01   0.0000000e+00
   9.5000000e-01   6.6587069e-01   0.0000000e+00
   9.7000000e-01   6.5644533e-01   0.0000000e+00
   9.9000000e-01   6.4795161e-01   0.0000000e+00
   1.0100000e+00   6.3993596e-01   0.0000000e+00
   1.0300000e+00   6.3239433e-01   0.0000000e+00
   1.0500000e+00   6.2532673e-01   0.0000000e+00
   1.0700000e+00   6.1909456e-01   0.0000000e+00
   1.0900000e+00   6.1291905e-01   0.0000000e+00
   1.1100000e+00   6.0680020e-01   0.0000000e+00
   1.1300000e+00   6.0075979e-01   0.0000000e+00
   1.1500000e+00   5.9532751e-01   0.0000000e+00
   1.1700000e+00   5.9050338e-01   0.0000000e+00
   1.1900000e+00   5.8462523e-01   0.0000000e+00
   1.2100000e+00   5.7917216e-01   0.0000000e+00
   1.2300000e+00   5.7414418e-01   0.0000000e+00
   1.2500000e+00   5.6933479e-01   0.0000000e+00
   1.2700000e+00   5.6442952e-01   0.0000000e+00
   1.2900000e+00   5.5942837e-01   0.0000000e+00
   1.3100000e+00   5.5415969e-01   0.0000000e+00
   1.3300000e+00   5.4912066e-01   0.0000000e+00
   1.3500000e+00   5.4431126e-01   0.0000000e+00
   1.3700000e+00   5.3950187e-01   0.0000000e+00
   1.3900000e+00   5.3488054e-01   0.0000000e+00
   1.4100000e+00   5.3044729e-01   0.0000000e+00
   1.4300000e+00   5.2643174e-01   0.0000000e+00
   1.4500000e+00   5.2255365e-01   0.0000000e+00
   1.4700000e+00   5.1881301e-01   0.0000000e+00
   1.4900000e+00   5.1507237e-01   0.0000000e+00
   1.5100000e+00   5.1133174e-01   0.0000000e+00
   1.5300000e+00   5.0759110e-01   0.0000000e+00
   1.5500000e+00   5.0429431e-01   0.0000000e+00
   1.5700000e+00   5.0104279e-01   0.0000000e+00
   1.5900000e+00   4.9783653e-01   0.0000000e+00
   1.6100000e+00   4.9505132e-01   0.0000000e+00
   1.6300000e+00   4.9258996e-01   0.0000000e+00
   1.6500000e+00   4.9045245e-01   0.0000000e+00
   1.6700000e+00   4.8831494e-01   0.0000000e+00
   1.6900000e+00   4.8617744e-01   0.0000000e+00
   1.7100000e+00   4.8403993e-01   0.0000000e+00
   1.7300000e+00   4.8269224e-01   0.0000000e+00
   1.7500000e+00   4.8148402e-01   0.0000000e+00
   1.7700000e+00   4.8041526e-01   0.0000000e+00
   1.7900000e+00   4.7918493e-01   0.0000000e+00
   1.8100000e+00   4.7779065e-01   0.0000000e+00
   1.8300000e+00   4.7623244e-01   0.0000000e+00
   1.8500000e+00   4.7516368e-01   0.0000000e+00
   1.8700000e+00   4.7409493e-01   0.0000000e+00
   1.8900000e+00   4.7302618e-01   0.0000000e+00
   1.9100000e+00   4.7195742e-01   0.0000000e+00
   1.9300000e+00   4.7088867e-01   0.0000000e+00
   1.9500000e+00   4.6981991e-01   0.0000000e+00
   1.9700000e+00   4.6875116e-01   0.0000000e+00
   1.9900000e+00   4.6768241e-01   0.0000000e+00
   2.0100000e+00   4.6661365e-01   0.0000000e+00
   2.0300000e+00   4.6554490e-01   0.0000000e+00
   2.0500000e+00   4.6426930e-01   0.0000000e+00
   2.0700000e+00   4.6278687e-01   0.0000000e+00
   2.0900000e+00   4.6148075e-01   0.0000000e+00
   2.1100000e+00   4.6011297e-01   0.0000000e+00
   2.1300000e+00   4.5868351e-01   0.0000000e+00
   2.1500000e+00   4.5667338e-01   0.0000000e+00
   2.1700000e+00   4.5513393e-01   0.0000000e+00
   2.1900000e+00   4.5406518e-01   0.0000000e+00
   2.2100000e+00   4.5299642e-01   0.0000000e+00
   2.2300000e+00   4.5192767e-01   0.0000000e+00
   2.2500000e+00   4.5085892e-01   0.0000000e+00
   2.2700000e+00   4.4979016e-01   0.0000000e+00
   2.2900000e+00   4.4878711e-01   0.0000000e+00
   2.3100000e+00   4.4784977e-01   0.0000000e+00
   2.3300000e+00   4.4730064e-01   0.0000000e+00
   2.3500000e+00   4.4649171e-01   0.0000000e+00
   2.3700000e+00   4.4542295e-01   0.0000000e+00
   2.3900000e+00   4.4478665e-01   0.0000000e+00
   2.4100000e+00   4.4420132e-01   0.0000000e+00
   2.4300000e+00   4.4366694e-01   0.0000000e+00
   2.4500000e+00   4.4313256e-01   0.0000000e+00
   2.4700000e+00   4.4259819e-01   0.0000000e+00
   2.4900000e+00   4.4206381e-01   0.0000000e+00
   2.5100000e+00   4.4152943e-01   0.0000000e+00
   2.5300000e+00   4.4124514e-01   0.0000000e+00
   2.5500000e+00   4.4121094e-01   0.0000000e+00
   2.5700000e+00   4.4044392e-01   0.0000000e+00
   2.5900000e+00   4.3979288e-01   0.0000000e+00
   2.6100000e+00   4.3925781e-01   0.0000000e+00
   2.6300000e+00   4.3910763e-01   0.0000000e+00
   2.6500000e+00   4.3878211e-01   0.0000000e+00
   2.6700000e+00   4.3828125e-01   0.0000000e+00
   2.6900000e+00   4.3828125e-01   0.0000000e+00
   2.7100000e+00   4.3805564e-01   0.0000000e+00
   2.7300000e+00   4.3760441e-01   0.0000000e+00
   2.7500000e+00   4.3740459e-01   0.0000000e+00
   2.7700000e+00   4.3708679e-01   0.0000000e+00
   2.7900000e+00   4.3665099e-01   0.0000000e+00
   2.8100000e+00   4.3578471e-01   0.0000000e+00
   2.8300000e+00   4.3535156e-01   0.0000000e+00
   2.8500000e+00   4.3535156e-01   0.0000000e+00
   2.8700000e+00   4.3535156e-01   0.0000000e+00
   2.8900000e+00   4.3515042e-01   0.0000000e+00
   2.9100000e+00   4.3474814e-01   0.0000000e+00
   2.9300000e+00   4.3449938e-01   0.0000000e+00
   2.9500000e+00   4.3429052e-01   0.0000000e+00
   2.9700000e+00   4.3412157e-01   0.0000000e+00
   2.9900000e+00   4.3363948e-01   0.0000000e+00
   3.0100000e+00   4.3339844e-01   0.0000000e+00
   3.0300000e+00   4.3339844e-01   0.0000000e+00
   3.0500000e+00   4.3292844e-01   0.0000000e+00
   3.0700000e+00   4.3242625e-01   0.0000000e+00
   3.0900000e+00   4.3189187e-01   0.0000000e+00
   3.1100000e+00   4.3135750e-01   0.0000000e+00
   3.1300000e+00   4.3082312e-01   0.0000000e+00
   3.1500000e+00   4.3028874e-01   0.0000000e+00
   3.1700000e+00   4.2975436e-01   0.0000000e+00
   3.1900000e+00   4.2921999e-01   0.0000000e+00
   3.2100000e+00   4.2868561e-01   0.0000000e+00
   3.2300000e+00   4.2815123e-01   0.0000000e+00
   3.2500000e+00   4.2761686e-01   0.0000000e+00
   3.2700000e+00   4.2708248e-01   0.0000000e+00
   3.2900000e+00   4.2654810e-01   0.0000000e+00
   3.3100000e+00   4.2597820e-01   0.0000000e+00
   3.3300000e+00   4.2537276e-01   0.0000000e+00
   3.3500000e+00   4.2430400e-01   0.0000000e+00
   3.3700000e+00   4.2372402e-01   0.0000000e+00
   3.3900000e+00   4.2363281e-01   0.0000000e+00
   3.4100000e+00   4.2288860e-01   0.0000000e+00
   3.4300000e+00   4.2223756e-01   0.0000000e+00
   3.4500000e+00   4.2167969e-01   0.0000000e+00
   3.4700000e+00   4.2140213e-01   0.0000000e+00
   3.4900000e+00   4.2074003e-01   0.0000000e+00
   3.5100000e+00   4.1969339e-01   0.0000000e+00
   3.5300000e+00   4.1915902e-01   0.0000000e+00
   3.5500000e+00   4.1862464e-01   0.0000000e+00
   3.5700000e+00   4.1809026e-01   0.0000000e+00
   3.5900000e+00   4.1787905e-01   0.0000000e+00
   3.6100000e+00   4.1767019e-01   0.0000000e+00
   3.6300000e+00   4.1746369e-01   0.0000000e+00
   3.6500000e+00   4.1701915e-01   0.0000000e+00
   3.6700000e+00   4.1679688e-01   0.0000000e+00
   3.6900000e+00   4.1679688e-01   0.0000000e+00
   3.7100000e+00   4.1628933e-01   0.0000000e+00
   3.7300000e+00   4.1576837e-01   0.0000000e+00
   3.7500000e+00   4.1523399e-01   0.0000000e+00
   3.7700000e+00   4.1524805e-01   0.0000000e+00
   2.0100000e+00   7.2834449e-01   1.0000000e+00
   2.0300000e+00   7.2620699e-01   1.0000000e+00
   2.0500000e+00   7.2406948e-01   1.0000000e+00
   2.0700000e+00   7.2193197e-01   1.0000000e+00
   2.0900000e+00   7.1949744e-01   1.0000000e+00
   2.1100000e+00   7.1694424e-01   1.0000000e+00
   2.1300000e+00   7.1427235e-01   1.0000000e+00
   2.1500000e+00   7.1166416e-01   1.0000000e+00
   2.1700000e+00   7.0929130e-01   1.0000000e+00
   2.1900000e+00   7.0715379e-01   1.0000000e+00
   2.2100000e+00   7.0453489e-01   1.0000000e+00
   2.2300000e+00   7.0188949e-01   1.0000000e+00
   2.2500000e+00   6.9921760e-01   1.0000000e+00
   2.2700000e+00   6.9654572e-01   1.0000000e+00
   2.2900000e+00   6.9393954e-01   1.0000000e+00
   2.3100000e+00   6.9139906e-01   1.0000000e+00
   2.3300000e+00   6.8926155e-01   1.0000000e+00
   2.3500000e+00   6.8712404e-01   1.0000000e+00
   2.3700000e+00   6.8498653e-01   1.0000000e+00
   2.3900000e+00   6.8241657e-01   1.0000000e+00
   2.4100000e+00   6.7963775e-01   1.0000000e+00
   2.4300000e+00   6.7665008e-01   1.0000000e+00
   2.4500000e+00   6.7384207e-01   1.0000000e+00
   2.4700000e+00   6.7132808e-01   1.0000000e+00
   2.4900000e+00   6.6910811e-01   1.0000000e+00
   2.5100000e+00   6.6643622e-01   1.0000000e+00
   2.5300000e+00   6.6401442e-01   1.0000000e+00
   2.5500000e+00   6.6184271e-01   1.0000000e+00
   2.5700000e+00   6.5932169e-01   1.0000000e+00
   2.5900000e+00   6.5699209e-01   1.0000000e+00
   2.6100000e+00   6.5485389e-01   1.0000000e+00
   2.6300000e+00   6.5325076e-01   1.0000000e+00
   2.6500000e+00   6.5164763e-01   1.0000000e+00
   2.6700000e+00   6.5004450e-01   1.0000000e+00
   2.6900000e+00   6.4844136e-01   1.0000000e+00
   2.7100000e+00   6.4683823e-01   1.0000000e+00
   2.7300000e+00   6.4523510e-01   1.0000000e+00
   2.7500000e+00   6.4363197e-01   1.0000000e+00
   2.7700000e+00   6.4213779e-01   1.0000000e+00
   2.7900000e+00   6.4075256e-01   1.0000000e+00
   2.8100000e+00   6.3948134e-01   1.0000000e+00
   2.8300000e+00   6.3777697e-01   1.0000000e+00
   2.8500000e+00   6.3563946e-01   1.0000000e+00
   2.8700000e+00   6.3453985e-01   1.0000000e+00
   2.8900000e+00   6.3325452e-01   1.0000000e+00
   2.9100000e+00   6.3178349e-01   1.0000000e+00
   2.9300000e+00   6.3018035e-01   1.0000000e+00
   2.9500000e+00   6.2866170e-01   1.0000000e+00
   2.9700000e+00   6.2722752e-01   1.0000000e+00
   2.9900000e+00   6.2615877e-01   1.0000000e+00
   3.0100000e+00   6.2509001e-01   1.0000000e+00
   3.0300000e+00   6.2402126e-01   1.0000000e+00
   3.0500000e+00   6.2248250e-01   1.0000000e+00
   3.0700000e+00   6.2126490e-01   1.0000000e+00
   3.0900000e+00   6.2036843e-01   1.0000000e+00
   3.1100000e+00   6.1959739e-01   1.0000000e+00
   3.1300000e+00   6.1873749e-01   1.0000000e+00
   3.1500000e+00   6.1778874e-01   1.0000000e+00
   3.1700000e+00   6.1725102e-01   1.0000000e+00
   3.1900000e+00   6.1644779e-01   1.0000000e+00
   3.2100000e+00   6.1537903e-01   1.0000000e+00
   3.2300000e+00   6.1515239e-01   1.0000000e+00
   2.7300000e+00   7.8586010e-01   2.0000000e+00
   2.7500000e+00   7.8392241e-01   2.0000000e+00
   2.7700000e+00   7.8188481e-01   2.0000000e+00
   2.7900000e+00   7.7974730e-01   2.0000000e+00
   2.8100000e+00   7.7750856e-01   2.0000000e+00
   2.8300000e+00   7.7505325e-01   2.0000000e+00
   2.8500000e+00   7.7238136e-01   2.0000000e+00
   2.8700000e+00   7.7022842e-01   2.0000000e+00
   2.8900000e+00   7.6788206e-01   2.0000000e+00
   2.9100000e+00   7.6534227e-01   2.0000000e+00
   2.9300000e+00   7.6238477e-01   2.0000000e+00
   2.9500000e+00   7.5947184e-01   2.0000000e+00
   2.9700000e+00   7.5660348e-01   2.0000000e+00
   2.9900000e+00   7.5436139e-01   2.0000000e+00
   3.0100000e+00   7.5163722e-01   2.0000000e+00
   3.0300000e+00   7.4843096e-01   2.0000000e+00
   3.0500000e+00   7.4616470e-01   2.0000000e+00
   3.0700000e+00   7.4431615e-01   2.0000000e+00
   3.0900000e+00   7.4288531e-01   2.0000000e+00
   3.1100000e+00   7.4134321e-01   2.0000000e+00
   3.1300000e+00   7.3950341e-01   2.0000000e+00
   3.1500000e+00   7.3736590e-01   2.0000000e+00
   3.1700000e+00   7.3522840e-01   2.0000000e+00
   3.1900000e+00   7.3309089e-01   2.0000000e+00
   3.2100000e+00   7.3095338e-01   2.0000000e+00
   3.2300000e+00   7.2839482e-01   2.0000000e+00
   3.2500000e+00   7.2593179e-01   2.0000000e+00
   3.2700000e+00   7.2356429e-01   2.0000000e+00
   3.2900000e+00   7.2142678e-01   2.0000000e+00
   3.3100000e+00   7.1936034e-01   2.0000000e+00
   3.3300000e+00   7.1736495e-01   2.0000000e+00
   3.3500000e+00   7.1629619e-01   2.0000000e+00
   3.3700000e+00   7.1498305e-01   2.0000000e+00
   3.3900000e+00   7.1342553e-01   2.0000000e+00
   3.4100000e+00   7.1256661e-01   2.0000000e+00
   3.4300000e+00   7.1212541e-01   2.0000000e+00
   3.4500000e+00   7.1210191e-01   2.0000000e+00
