   6.0000000e-01   9.7710846e-01   0.0000000e+00
   6.2000000e-01   9.6677966e-01   0.0000000e+00
   6.4000000e-01   9.5331802e-01   0.0000000e+00
   6.6000000e-01   9.3672354e-01   0.0000000e+00
   6.8000000e-01   9.1267657e-01   0.0000000e+00
   7.0000000e-01   8.8862960e-01   0.0000000e+00
   7.2000000e-01   8.6458263e-01   0.0000000e+00
   7.4000000e-01   8.4256722e-01   0.0000000e+00
   7.6000000e-01   8.2247073e-01   0.0000000e+00
   7.8000000e-01   8.0429317e-01   0.0000000e+00
   8.0000000e-01   7.8954920e-01   0.0000000e+00
   8.2000000e-01   7.7416156e-01   0.0000000e+00
   8.4000000e-01   7.5813024e-01   0.0000000e+00
   8.6000000e-01   7.4262191e-01   0.0000000e+00
   8.8000000e-01   7.2752559e-01   0.0000000e+00
   9.0000000e-01   7.1284127e-01   0.0000000e+00
   9.2000000e-01   7.0044062e-01   0.0000000e+00
   9.4000000e-01   6.8924249e-01   0.0000000e+00
   9.6000000e-01   6.7924687e-01   0.0000000e+00
   9.8000000e-01   6.7069684e-01   0.0000000e+00
   1.0000000e+00   6.6214681e-01   0.0000000e+00
   1.0200000e+00   6.5359677e-01   0.0000000e+00
   1.0400000e+00   6.4599480e-01   0.0000000e+00
   1.0600000e+00   6.3916791e-01   0.0000000e+00
   1.0800000e+00   6.3311609e-01   0.0000000e+00
   1.1000000e+00   6.2753162e-01   0.0000000e+00
   1.1200000e+00   6.2192434e-01   0.0000000e+00
   1.1400000e+00   6.1629427e-01   0.0000000e+00
   1.1600000e+00   6.1147750e-01   0.0000000e+00
   1.1800000e+00   6.0639723e-01   0.0000000e+00
   1.2000000e+00   6.0105346e-01   0.0000000e+00
   1.2200000e+00   5.9613478e-01   0.0000000e+00
   1.2400000e+00   5.9127074e-01   0.0000000e+00
   1.2600000e+00   5.8646134e-01   0.0000000e+00
   1.2800000e+00   5.8146020e-01   0.0000000e+00
   1.3000000e+00   5.7632528e-01   0.0000000e+00
   1.3200000e+00   5.7105660e-01   0.0000000e+00
   1.3400000e+00   5.6624721e-01   0.0000000e+00
   1.3600000e+00   5.6168422e-01   0.0000000e+00
   1.3800000e+00   5.5736762e-01   0.0000000e+00
   1.4000000e+00   5.5271647e-01   0.0000000e+00
   1.4200000e+00   5.4824567e-01   0.0000000e+00
   1.4400000e+00   5.4395522e-01   0.0000000e+00
   1.4600000e+00   5.4007178e-01   0.0000000e+00
   1.4800000e+00   5.3600561e-01   0.0000000e+00
   1.5000000e+00   5.3175674e-01   0.0000000e+00
   1.5200000e+00   5.2801610e-01   0.0000000e+00
   1.5400000e+00   5.2427546e-01   0.0000000e+00
   1.5600000e+00   5.2053482e-01   0.0000000e+00
   1.5800000e+00   5.1712138e-01   0.0000000e+00
   1.6000000e+00   5.1391679e-01   0.0000000e+00
   1.6200000e+00   5.1092105e-01   0.0000000e+00
   1.6400000e+00   5.0834303e-01   0.0000000e+00
   1.6600000e+00   5.0598526e-01   0.0000000e+00
   1.6800000e+00   5.0384775e-01   0.0000000e+00
   1.7000000e+00   5.0171024e-01   0.0000000e+00
   1.7200000e+00   4.9957274e-01   0.0000000e+00
   1.7400000e+00   4.9743523e-01   0.0000000e+00
   1.7600000e+00   4.9529772e-01   0.0000000e+00
   1.7800000e+00   4.9324100e-01   0.0000000e+00
   1.8000000e+00   4.9126508e-01   0.0000000e+00
   1.8200000e+00   4.8966194e-01   0.0000000e+00
   1.8400000e+00   4.8805881e-01   0.0000000e+00
   1.8600000e+00   4.8645568e-01   0.0000000e+00
   1.8800000e+00   4.8485255e-01   0.0000000e+00
   1.9000000e+00   4.8324942e-01   0.0000000e+00
   1.9200000e+00   4.8164629e-01   0.0000000e+00
   1.9400000e+00   4.8027246e-01   0.0000000e+00
   1.9600000e+00   4.7905116e-01   0.0000000e+00
   1.9800000e+00   4.7798241e-01   0.0000000e+00
   2.0000000e+00   4.7691366e-01   0.0000000e+00
   2.0200000e+00   4.7584490e-01   0.0000000e+00
   2.0400000e+00   4.7477615e-01   0.0000000e+00
   2.0600000e+00   4.7329371e-01   0.0000000e+00
   2.0800000e+00   4.7189944e-01   0.0000000e+00
   2.1000000e+00   4.7059332e-01   0.0000000e+00
   2.1200000e+00   4.6952457e-01   0.0000000e+00
   2.1400000e+00   4.6845581e-01   0.0000000e+00
   2.1600000e+00   4.6738706e-01   0.0000000e+00
   2.1800000e+00   4.6631831e-01   0.0000000e+00
   2.2000000e+00   4.6549025e-01   0.0000000e+00
   2.2200000e+00   4.6490290e-01   0.0000000e+00
   2.2400000e+00   4.6363905e-01   0.0000000e+00
   2.2600000e+00   4.6232959e-01   0.0000000e+00
   2.2800000e+00   4.6097454e-01   0.0000000e+00
   2.3000000e+00   4.6003719e-01   0.0000000e+00
   2.3200000e+00   4.5929396e-01   0.0000000e+00
   2.3400000e+00   4.5874484e-01   0.0000000e+00
   2.3600000e+00   4.5767608e-01   0.0000000e+00
   2.3800000e+00   4.5660733e-01   0.0000000e+00
   2.4000000e+00   4.5553857e-01   0.0000000e+00
   2.4200000e+00   4.5446982e-01   0.0000000e+00
   2.4400000e+00   4.5350063e-01   0.0000000e+00
   2.4600000e+00   4.5263100e-01   0.0000000e+00
   2.4800000e+00   4.5209662e-01   0.0000000e+00
   2.5000000e+00   4.5156225e-01   0.0000000e+00
   2.5200000e+00   4.5102787e-01   0.0000000e+00
   2.5400000e+00   4.4999332e-01   0.0000000e+00
   2.5600000e+00   4.4913342e-01   0.0000000e+00
   2.5800000e+00   4.4844818e-01   0.0000000e+00
   2.6000000e+00   4.4791380e-01   0.0000000e+00
   2.6200000e+00   4.4745451e-01   0.0000000e+00
   2.6400000e+00   4.4707031e-01   0.0000000e+00
   2.6600000e+00   4.4700328e-01   0.0000000e+00
   2.6800000e+00   4.4643539e-01   0.0000000e+00
   2.7000000e+00   4.4536664e-01   0.0000000e+00
   2.7200000e+00   4.4520034e-01   0.0000000e+00
   2.7400000e+00   4.4511719e-01   0.0000000e+00
   2.7600000e+00   4.4511719e-01   0.0000000e+00
   2.7800000e+00   4.4468139e-01   0.0000000e+00
   2.8000000e+00   4.4403035e-01   0.0000000e+00
   2.8200000e+00   4.4316406e-01   0.0000000e+00
   2.8400000e+00   4.4316406e-01   0.0000000e+00
   2.8600000e+00   4.4290459e-01   0.0000000e+00
   2.8800000e+00   4.4238564e-01   0.0000000e+00
   2.9000000e+00   4.4185127e-01   0.0000000e+00
   2.9200000e+00   4.4145970e-01   0.0000000e+00
   2.9400000e+00   4.4121094e-01   0.0000000e+00
   2.9600000e+00   4.4087303e-01   0.0000000e+00
   2.9800000e+00   4.4022199e-01   0.0000000e+00
   3.0000000e+00   4.3925781e-01   0.0000000e+00
   3.0200000e+00   4.3925781e-01   0.0000000e+00
   3.0400000e+00   4.3878781e-01   0.0000000e+00
   3.0600000e+00   4.3784781e-01   0.0000000e+00
   3.0800000e+00   4.3713239e-01   0.0000000e+00
   3.1000000e+00   4.3650750e-01   0.0000000e+00
   3.1200000e+00   4.3597312e-01   0.0000000e+00
   3.1400000e+00   4.3555875e-01   0.0000000e+00
   3.1600000e+00   4.3534822e-01   0.0000000e+00
   3.1800000e+00   4.3534154e-01   0.0000000e+00
   3.2000000e+00   4.3427278e-01   0.0000000e+00
   3.2200000e+00   4.3362508e-01   0.0000000e+00
   3.2400000e+00   4.3339844e-01   0.0000000e+00
   3.2600000e+00   4.3278966e-01   0.0000000e+00
   3.2800000e+00   4.3213862e-01   0.0000000e+00
   3.3000000e+00   4.3144531e-01   0.0000000e+00
   3.3200000e+00   4.3130319e-01   0.0000000e+00
   3.3400000e+00   4.3069776e-01   0.0000000e+00
   3.3600000e+00   4.2962900e-01   0.0000000e+00
   3.3800000e+00   4.2904902e-01   0.0000000e+00
   3.4000000e+00   4.2849184e-01   0.0000000e+00
   3.4200000e+00   4.2795746e-01   0.0000000e+00
   3.4400000e+00   4.2716764e-01   0.0000000e+00
   3.4600000e+00   4.2637714e-01   0.0000000e+00
   3.4800000e+00   4.2558594e-01   0.0000000e+00
   3.5000000e+00   4.2554171e-01   0.0000000e+00
   3.5200000e+00   4.2498522e-01   0.0000000e+00
   3.5400000e+00   4.2391647e-01   0.0000000e+00
   3.5600000e+00   4.2328754e-01   0.0000000e+00
   3.5800000e+00   4.2270589e-01   0.0000000e+00
   3.6000000e+00   4.2217151e-01   0.0000000e+00
   3.6200000e+00   4.2163713e-01   0.0000000e+00
   3.6400000e+00   4.2110275e-01   0.0000000e+00
   3.6600000e+00   4.2056838e-01   0.0000000e+00
   3.6800000e+00   4.2003400e-01   0.0000000e+00
   3.7000000e+00   4.1924585e-01   0.0000000e+00
   3.7200000e+00   4.1820393e-01   0.0000000e+00
   3.7400000e+00   4.1791694e-01   0.0000000e+00
   3.7600000e+00   4.1763633e-01   0.0000000e+00
   3.7800000e+00   4.1736212e-01   0.0000000e+00
   3.8000000e+00   4.1682774e-01   0.0000000e+00
   2.0400000e+00   7.3569938e-01   1.0000000e+00
   2.0600000e+00   7.3450993e-01   1.0000000e+00
   2.0800000e+00   7.3308381e-01   1.0000000e+00
   2.1000000e+00   7.3142102e-01   1.0000000e+00
   2.1200000e+00   7.2928351e-01   1.0000000e+00
   2.1400000e+00   7.2714600e-01   1.0000000e+00
   2.1600000e+00   7.2500849e-01   1.0000000e+00
   2.1800000e+00   7.2287099e-01   1.0000000e+00
   2.2000000e+00   7.2049278e-01   1.0000000e+00
   2.2200000e+00   7.1787387e-01   1.0000000e+00
   2.2400000e+00   7.1447251e-01   1.0000000e+00
   2.2600000e+00   7.1127362e-01   1.0000000e+00
   2.2800000e+00   7.0827719e-01   1.0000000e+00
   2.3000000e+00   7.0600828e-01   1.0000000e+00
   2.3200000e+00   7.0354525e-01   1.0000000e+00
   2.3400000e+00   7.0088811e-01   1.0000000e+00
   2.3600000e+00   6.9875060e-01   1.0000000e+00
   2.3800000e+00   6.9661309e-01   1.0000000e+00
   2.4000000e+00   6.9447558e-01   1.0000000e+00
   2.4200000e+00   6.9233808e-01   1.0000000e+00
   2.4400000e+00   6.9030013e-01   1.0000000e+00
   2.4600000e+00   6.8836175e-01   1.0000000e+00
   2.4800000e+00   6.8667616e-01   1.0000000e+00
   2.5000000e+00   6.8476461e-01   1.0000000e+00
   2.5200000e+00   6.8262710e-01   1.0000000e+00
   2.5400000e+00   6.8098976e-01   1.0000000e+00
   2.5600000e+00   6.7917778e-01   1.0000000e+00
   2.5800000e+00   6.7719114e-01   1.0000000e+00
   2.6000000e+00   6.7505363e-01   1.0000000e+00
   2.6200000e+00   6.7299121e-01   1.0000000e+00
   2.6400000e+00   6.7100388e-01   1.0000000e+00
   2.6600000e+00   6.6936723e-01   1.0000000e+00
   2.6800000e+00   6.6748016e-01   1.0000000e+00
   2.7000000e+00   6.6534265e-01   1.0000000e+00
   2.7200000e+00   6.6410759e-01   1.0000000e+00
   2.7400000e+00   6.6262113e-01   1.0000000e+00
   2.7600000e+00   6.6088325e-01   1.0000000e+00
   2.7800000e+00   6.5918154e-01   1.0000000e+00
   2.8000000e+00   6.5769507e-01   1.0000000e+00
   2.8200000e+00   6.5642385e-01   1.0000000e+00
   2.8400000e+00   6.5428634e-01   1.0000000e+00
   2.8600000e+00   6.5266778e-01   1.0000000e+00
   2.8800000e+00   6.5156816e-01   1.0000000e+00
   2.9000000e+00   6.4969485e-01   1.0000000e+00
   2.9200000e+00   6.4797505e-01   1.0000000e+00
   2.9400000e+00   6.4640878e-01   1.0000000e+00
   2.9600000e+00   6.4500212e-01   1.0000000e+00
   2.9800000e+00   6.4325618e-01   1.0000000e+00
   3.0000000e+00   6.4117096e-01   1.0000000e+00
   3.0200000e+00   6.3956783e-01   1.0000000e+00
   3.0400000e+00   6.3796470e-01   1.0000000e+00
   3.0600000e+00   6.3636156e-01   1.0000000e+00
   3.0800000e+00   6.3440510e-01   1.0000000e+00
   3.1000000e+00   6.3271312e-01   1.0000000e+00
   3.1200000e+00   6.3128562e-01   1.0000000e+00
   3.1400000e+00   6.3063124e-01   1.0000000e+00
   3.1600000e+00   6.2976800e-01   1.0000000e+00
   3.1800000e+00   6.2869590e-01   1.0000000e+00
   3.2000000e+00   6.2709277e-01   1.0000000e+00
   2.8200000e+00   7.9118948e-01   2.0000000e+00
   2.8400000e+00   7.8905197e-01   2.0000000e+00
   2.8600000e+00   7.8691446e-01   2.0000000e+00
   2.8800000e+00   7.8477695e-01   2.0000000e+00
   2.9000000e+00   7.8263944e-01   2.0000000e+00
   2.9200000e+00   7.8050193e-01   2.0000000e+00
   2.9400000e+00   7.7836443e-01   2.0000000e+00
   2.9600000e+00   7.7622692e-01   2.0000000e+00
   2.9800000e+00   7.7403712e-01   2.0000000e+00
   3.0000000e+00   7.7179504e-01   2.0000000e+00
   3.0200000e+00   7.6858878e-01   2.0000000e+00
   3.0400000e+00   7.6538252e-01   2.0000000e+00
   3.0600000e+00   7.6217625e-01   2.0000000e+00
   3.0800000e+00   7.5932333e-01   2.0000000e+00
   3.1000000e+00   7.5656092e-01   2.0000000e+00
   3.1200000e+00   7.5388904e-01   2.0000000e+00
   3.1400000e+00   7.5133716e-01   2.0000000e+00
   3.1600000e+00   7.4899246e-01   2.0000000e+00
   3.1800000e+00   7.4685495e-01   2.0000000e+00
   3.2000000e+00   7.4471745e-01   2.0000000e+00
   3.2200000e+00   7.4236941e-01   2.0000000e+00
   3.2400000e+00   7.3981085e-01   2.0000000e+00
   3.2600000e+00   7.3896530e-01   2.0000000e+00
