   6.0000000e-01   9.6864728e-01   0.0000000e+00
   6.2000000e-01   9.5710623e-01   0.0000000e+00
   6.4000000e-01   9.4364793e-01   0.0000000e+00
   6.6000000e-01   9.2827238e-01   0.0000000e+00
   6.8000000e-01   9.0743167e-01   0.0000000e+00
   7.0000000e-01   8.8590808e-01   0.0000000e+00
   7.2000000e-01   8.6370160e-01   0.0000000e+00
   7.4000000e-01   8.4227355e-01   0.0000000e+00
   7.6000000e-01   8.2302555e-01   0.0000000e+00
   7.8000000e-01   8.0595763e-01   0.0000000e+00
   8.0000000e-01   7.9335922e-01   0.0000000e+00
   8.2000000e-01   7.7904437e-01   0.0000000e+00
   8.4000000e-01   7.6301306e-01   0.0000000e+00
   8.6000000e-01   7.4907365e-01   0.0000000e+00
   8.8000000e-01   7.3536020e-01   0.0000000e+00
   9.0000000e-01   7.2187271e-01   0.0000000e+00
   9.2000000e-01   7.1054081e-01   0.0000000e+00
   9.4000000e-01   7.0023844e-01   0.0000000e+00
   9.6000000e-01   6.9096562e-01   0.0000000e+00
   9.8000000e-01   6.8247191e-01   0.0000000e+00
   1.0000000e+00   6.7421722e-01   0.0000000e+00
   1.0200000e+00   6.6620157e-01   0.0000000e+00
   1.0400000e+00   6.5960800e-01   0.0000000e+00
   1.0600000e+00   6.5328364e-01   0.0000000e+00
   1.0800000e+00   6.4722848e-01   0.0000000e+00
   1.1000000e+00   6.4135033e-01   0.0000000e+00
   1.1200000e+00   6.3553420e-01   0.0000000e+00
   1.1400000e+00   6.2978009e-01   0.0000000e+00
   1.1600000e+00   6.2443632e-01   0.0000000e+00
   1.1800000e+00   6.1909255e-01   0.0000000e+00
   1.2000000e+00   6.1374878e-01   0.0000000e+00
   1.2200000e+00   6.0883009e-01   0.0000000e+00
   1.2400000e+00   6.0396605e-01   0.0000000e+00
   1.2600000e+00   5.9915666e-01   0.0000000e+00
   1.2800000e+00   5.9415551e-01   0.0000000e+00
   1.3000000e+00   5.8902059e-01   0.0000000e+00
   1.3200000e+00   5.8375191e-01   0.0000000e+00
   1.3400000e+00   5.7894252e-01   0.0000000e+00
   1.3600000e+00   5.7413313e-01   0.0000000e+00
   1.3800000e+00   5.6932373e-01   0.0000000e+00
   1.4000000e+00   5.6489048e-01   0.0000000e+00
   1.4200000e+00   5.6053634e-01   0.0000000e+00
   1.4400000e+00   5.5626133e-01   0.0000000e+00
   1.4600000e+00   5.5198631e-01   0.0000000e+00
   1.4800000e+00   5.4772436e-01   0.0000000e+00
   1.5000000e+00   5.4347549e-01   0.0000000e+00
   1.5200000e+00   5.3973485e-01   0.0000000e+00
   1.5400000e+00   5.3599421e-01   0.0000000e+00
   1.5600000e+00   5.3225357e-01   0.0000000e+00
   1.5800000e+00   5.2916732e-01   0.0000000e+00
   1.6000000e+00   5.2618298e-01   0.0000000e+00
   1.6200000e+00   5.2330057e-01   0.0000000e+00
   1.6400000e+00   5.2018817e-01   0.0000000e+00
   1.6600000e+00   5.1729603e-01   0.0000000e+00
   1.6800000e+00   5.1462414e-01   0.0000000e+00
   1.7000000e+00   5.1246383e-01   0.0000000e+00
   1.7200000e+00   5.1011747e-01   0.0000000e+00
   1.7400000e+00   5.0758505e-01   0.0000000e+00
   1.7600000e+00   5.0546966e-01   0.0000000e+00
   1.7800000e+00   5.0352960e-01   0.0000000e+00
   1.8000000e+00   5.0176489e-01   0.0000000e+00
   1.8200000e+00   4.9967230e-01   0.0000000e+00
   1.8400000e+00   4.9782444e-01   0.0000000e+00
   1.8600000e+00   4.9622131e-01   0.0000000e+00
   1.8800000e+00   4.9461818e-01   0.0000000e+00
   1.9000000e+00   4.9284206e-01   0.0000000e+00
   1.9200000e+00   4.9089297e-01   0.0000000e+00
   1.9400000e+00   4.8921406e-01   0.0000000e+00
   1.9600000e+00   4.8772759e-01   0.0000000e+00
   1.9800000e+00   4.8643357e-01   0.0000000e+00
   2.0000000e+00   4.8429606e-01   0.0000000e+00
   2.0200000e+00   4.8268890e-01   0.0000000e+00
   2.0400000e+00   4.8161208e-01   0.0000000e+00
   2.0600000e+00   4.8054333e-01   0.0000000e+00
   2.0800000e+00   4.7932607e-01   0.0000000e+00
   2.1000000e+00   4.7796029e-01   0.0000000e+00
   2.1200000e+00   4.7653752e-01   0.0000000e+00
   2.1400000e+00   4.7529175e-01   0.0000000e+00
   2.1600000e+00   4.7422300e-01   0.0000000e+00
   2.1800000e+00   4.7315424e-01   0.0000000e+00
   2.2000000e+00   4.7208549e-01   0.0000000e+00
   2.2200000e+00   4.7101673e-01   0.0000000e+00
   2.2400000e+00   4.6994798e-01   0.0000000e+00
   2.2600000e+00   4.6887923e-01   0.0000000e+00
   2.2800000e+00   4.6781047e-01   0.0000000e+00
   2.3000000e+00   4.6700453e-01   0.0000000e+00
   2.3200000e+00   4.6658682e-01   0.0000000e+00
   2.3400000e+00   4.6655734e-01   0.0000000e+00
   2.3600000e+00   4.6548858e-01   0.0000000e+00
   2.3800000e+00   4.6485228e-01   0.0000000e+00
   2.4000000e+00   4.6464844e-01   0.0000000e+00
   2.4200000e+00   4.6433265e-01   0.0000000e+00
   2.4400000e+00   4.6390756e-01   0.0000000e+00
   2.4600000e+00   4.6337319e-01   0.0000000e+00
   2.4800000e+00   4.6292127e-01   0.0000000e+00
   2.5000000e+00   4.6269531e-01   0.0000000e+00
   2.5200000e+00   4.6269531e-01   0.0000000e+00
   2.5400000e+00   4.6169497e-01   0.0000000e+00
   2.5600000e+00   4.6066042e-01   0.0000000e+00
   2.5800000e+00   4.5959166e-01   0.0000000e+00
   2.6000000e+00   4.5825606e-01   0.0000000e+00
   2.6200000e+00   4.5693688e-01   0.0000000e+00
   2.6400000e+00   4.5563411e-01   0.0000000e+00
   2.6600000e+00   4.5506621e-01   0.0000000e+00
   2.6800000e+00   4.5424789e-01   0.0000000e+00
   2.7000000e+00   4.5317914e-01   0.0000000e+00
   2.7200000e+00   4.5256161e-01   0.0000000e+00
   2.7400000e+00   4.5198566e-01   0.0000000e+00
   2.7600000e+00   4.5145128e-01   0.0000000e+00
   2.7800000e+00   4.5091690e-01   0.0000000e+00
   2.8000000e+00   4.5038253e-01   0.0000000e+00
   2.8200000e+00   4.4984815e-01   0.0000000e+00
   2.8400000e+00   4.4931377e-01   0.0000000e+00
   2.8600000e+00   4.4903887e-01   0.0000000e+00
   2.8800000e+00   4.4902344e-01   0.0000000e+00
   2.9000000e+00   4.4862116e-01   0.0000000e+00
   2.9200000e+00   4.4829564e-01   0.0000000e+00
   2.9400000e+00   4.4804688e-01   0.0000000e+00
   2.9600000e+00   4.4787792e-01   0.0000000e+00
   2.9800000e+00   4.4752626e-01   0.0000000e+00
   3.0000000e+00   4.4699188e-01   0.0000000e+00
   3.0200000e+00   4.4645750e-01   0.0000000e+00
   3.0400000e+00   4.4592313e-01   0.0000000e+00
   3.0600000e+00   4.4538875e-01   0.0000000e+00
   3.0800000e+00   4.4485437e-01   0.0000000e+00
   3.1000000e+00   4.4432000e-01   0.0000000e+00
   3.1200000e+00   4.4378562e-01   0.0000000e+00
   3.1400000e+00   4.4313124e-01   0.0000000e+00
   3.1600000e+00   4.4227134e-01   0.0000000e+00
   3.1800000e+00   4.4120593e-01   0.0000000e+00
   3.2000000e+00   4.4067155e-01   0.0000000e+00
   3.2200000e+00   4.4013717e-01   0.0000000e+00
   3.2400000e+00   4.3960279e-01   0.0000000e+00
   3.2600000e+00   4.3876403e-01   0.0000000e+00
   3.2800000e+00   4.3781027e-01   0.0000000e+00
   3.3000000e+00   4.3674151e-01   0.0000000e+00
   3.3200000e+00   4.3567276e-01   0.0000000e+00
   3.3400000e+00   4.3460401e-01   0.0000000e+00
   3.3600000e+00   4.3353525e-01   0.0000000e+00
   3.3800000e+00   4.3295527e-01   0.0000000e+00
   3.4000000e+00   4.3202598e-01   0.0000000e+00
   3.4200000e+00   4.3074739e-01   0.0000000e+00
   3.4400000e+00   4.2991059e-01   0.0000000e+00
   3.4600000e+00   4.2935341e-01   0.0000000e+00
   3.4800000e+00   4.2907585e-01   0.0000000e+00
   3.5000000e+00   4.2805133e-01   0.0000000e+00
   3.5200000e+00   4.2753906e-01   0.0000000e+00
   3.5400000e+00   4.2753906e-01   0.0000000e+00
   3.5600000e+00   4.2665941e-01   0.0000000e+00
   3.5800000e+00   4.2584679e-01   0.0000000e+00
   3.6000000e+00   4.2510120e-01   0.0000000e+00
   3.6200000e+00   4.2456682e-01   0.0000000e+00
   3.6400000e+00   4.2398753e-01   0.0000000e+00
   3.6600000e+00   4.2336332e-01   0.0000000e+00
   3.6800000e+00   4.2229456e-01   0.0000000e+00
   3.7000000e+00   4.2173335e-01   0.0000000e+00
   3.7200000e+00   4.2167969e-01   0.0000000e+00
   3.7400000e+00   4.2128881e-01   0.0000000e+00
   3.7600000e+00   4.2082618e-01   0.0000000e+00
   3.7800000e+00   4.2029180e-01   0.0000000e+00
   3.8000000e+00   4.1991498e-01   0.0000000e+00
   2.1300000e+00   7.3825091e-01   1.0000000e+00
   2.1500000e+00   7.3664778e-01   1.0000000e+00
   2.1700000e+00   7.3504465e-01   1.0000000e+00
   2.1900000e+00   7.3344152e-01   1.0000000e+00
   2.2100000e+00   7.3135699e-01   1.0000000e+00
   2.2300000e+00   7.2906360e-01   1.0000000e+00
   2.2500000e+00   7.2656135e-01   1.0000000e+00
   2.2700000e+00   7.2339332e-01   1.0000000e+00
   2.2900000e+00   7.2007040e-01   1.0000000e+00
   2.3100000e+00   7.1659257e-01   1.0000000e+00
   2.3300000e+00   7.1392069e-01   1.0000000e+00
   2.3500000e+00   7.1124880e-01   1.0000000e+00
   2.3700000e+00   7.0857692e-01   1.0000000e+00
   2.3900000e+00   7.0504012e-01   1.0000000e+00
   2.4100000e+00   7.0187509e-01   1.0000000e+00
   2.4300000e+00   6.9908182e-01   1.0000000e+00
   2.4500000e+00   6.9674519e-01   1.0000000e+00
   2.4700000e+00   6.9428216e-01   1.0000000e+00
   2.4900000e+00   6.9169274e-01   1.0000000e+00
   2.5100000e+00   6.8955523e-01   1.0000000e+00
   2.5300000e+00   6.8716763e-01   1.0000000e+00
   2.5500000e+00   6.8452995e-01   1.0000000e+00
   2.5700000e+00   6.8147456e-01   1.0000000e+00
   2.5900000e+00   6.7847715e-01   1.0000000e+00
   2.6100000e+00   6.7553773e-01   1.0000000e+00
   2.6300000e+00   6.7301603e-01   1.0000000e+00
   2.6500000e+00   6.7068642e-01   1.0000000e+00
   2.6700000e+00   6.6854891e-01   1.0000000e+00
   2.6900000e+00   6.6641140e-01   1.0000000e+00
   2.7100000e+00   6.6472512e-01   1.0000000e+00
   2.7300000e+00   6.6349007e-01   1.0000000e+00
   2.7500000e+00   6.6242131e-01   1.0000000e+00
   2.7700000e+00   6.6146151e-01   1.0000000e+00
   2.7900000e+00   6.6061065e-01   1.0000000e+00
   2.8100000e+00   6.6007628e-01   1.0000000e+00
   2.8300000e+00   6.5954190e-01   1.0000000e+00
   2.8500000e+00   6.5900752e-01   1.0000000e+00
   2.8700000e+00   6.6002998e-01   1.0000000e+00
   2.8900000e+00   6.6107559e-01   1.0000000e+00
   2.9100000e+00   6.6214434e-01   1.0000000e+00
