   6.0000000e-01   9.6864728e-01   0.0000000e+00
   6.2000000e-01   9.5664360e-01   0.0000000e+00
   6.4000000e-01   9.4224628e-01   0.0000000e+00
   6.6000000e-01   9.2545532e-01   0.0000000e+00
   6.8000000e-01   9.0568337e-01   0.0000000e+00
   7.0000000e-01   8.8545617e-01   0.0000000e+00
   7.2000000e-01   8.6477370e-01   0.0000000e+00
   7.4000000e-01   8.4359440e-01   0.0000000e+00
   7.6000000e-01   8.2431457e-01   0.0000000e+00
   7.8000000e-01   8.0693419e-01   0.0000000e+00
   8.0000000e-01   7.9433579e-01   0.0000000e+00
   8.2000000e-01   7.8002093e-01   0.0000000e+00
   8.4000000e-01   7.6398962e-01   0.0000000e+00
   8.6000000e-01   7.5057319e-01   0.0000000e+00
   8.8000000e-01   7.3718526e-01   0.0000000e+00
   9.0000000e-01   7.2382583e-01   0.0000000e+00
   9.2000000e-01   7.1249393e-01   0.0000000e+00
   9.4000000e-01   7.0219157e-01   0.0000000e+00
   9.6000000e-01   6.9291875e-01   0.0000000e+00
   9.8000000e-01   6.8442503e-01   0.0000000e+00
   1.0000000e+00   6.7617035e-01   0.0000000e+00
   1.0200000e+00   6.6815469e-01   0.0000000e+00
   1.0400000e+00   6.6108709e-01   0.0000000e+00
   1.0600000e+00   6.5443721e-01   0.0000000e+00
   1.0800000e+00   6.4820504e-01   0.0000000e+00
   1.1000000e+00   6.4232689e-01   0.0000000e+00
   1.1200000e+00   6.3657278e-01   0.0000000e+00
   1.1400000e+00   6.3094270e-01   0.0000000e+00
   1.1600000e+00   6.2611857e-01   0.0000000e+00
   1.1800000e+00   6.2076743e-01   0.0000000e+00
   1.2000000e+00   6.1488928e-01   0.0000000e+00
   1.2200000e+00   6.0986130e-01   0.0000000e+00
   1.2400000e+00   6.0478840e-01   0.0000000e+00
   1.2600000e+00   5.9967059e-01   0.0000000e+00
   1.2800000e+00   5.9432682e-01   0.0000000e+00
   1.3000000e+00   5.8902059e-01   0.0000000e+00
   1.3200000e+00   5.8375191e-01   0.0000000e+00
   1.3400000e+00   5.7894252e-01   0.0000000e+00
   1.3600000e+00   5.7437953e-01   0.0000000e+00
   1.3800000e+00   5.7006294e-01   0.0000000e+00
   1.4000000e+00   5.6541178e-01   0.0000000e+00
   1.4200000e+00   5.6081125e-01   0.0000000e+00
   1.4400000e+00   5.5626133e-01   0.0000000e+00
   1.4600000e+00   5.5198631e-01   0.0000000e+00
   1.4800000e+00   5.4772436e-01   0.0000000e+00
   1.5000000e+00   5.4347549e-01   0.0000000e+00
   1.5200000e+00   5.3973485e-01   0.0000000e+00
   1.5400000e+00   5.3599421e-01   0.0000000e+00
   1.5600000e+00   5.3225357e-01   0.0000000e+00
   1.5800000e+00   5.2884013e-01   0.0000000e+00
   1.6000000e+00   5.2553027e-01   0.0000000e+00
   1.6200000e+00   5.2232401e-01   0.0000000e+00
   1.6400000e+00   5.1930547e-01   0.0000000e+00
   1.6600000e+00   5.1672745e-01   0.0000000e+00
   1.6800000e+00   5.1458994e-01   0.0000000e+00
   1.7000000e+00   5.1194086e-01   0.0000000e+00
   1.7200000e+00   5.0967528e-01   0.0000000e+00
   1.7400000e+00   5.0779322e-01   0.0000000e+00
   1.7600000e+00   5.0591184e-01   0.0000000e+00
   1.7800000e+00   5.0390240e-01   0.0000000e+00
   1.8000000e+00   5.0176489e-01   0.0000000e+00
   1.8200000e+00   4.9967230e-01   0.0000000e+00
   1.8400000e+00   4.9782444e-01   0.0000000e+00
   1.8600000e+00   4.9622131e-01   0.0000000e+00
   1.8800000e+00   4.9461818e-01   0.0000000e+00
   1.9000000e+00   4.9318803e-01   0.0000000e+00
   1.9200000e+00   4.9193086e-01   0.0000000e+00
   1.9400000e+00   4.9063281e-01   0.0000000e+00
   1.9600000e+00   4.8929485e-01   0.0000000e+00
   1.9800000e+00   4.8791699e-01   0.0000000e+00
   2.0000000e+00   4.8738261e-01   0.0000000e+00
   2.0200000e+00   4.8631788e-01   0.0000000e+00
   2.0400000e+00   4.8472281e-01   0.0000000e+00
   2.0600000e+00   4.8394705e-01   0.0000000e+00
   2.0800000e+00   4.8344048e-01   0.0000000e+00
   2.1000000e+00   4.8320313e-01   0.0000000e+00
   2.1200000e+00   4.8320313e-01   0.0000000e+00
   2.1400000e+00   4.8317128e-01   0.0000000e+00
   2.1600000e+00   4.8310759e-01   0.0000000e+00
   2.1800000e+00   4.8257322e-01   0.0000000e+00
   2.2000000e+00   4.8227954e-01   0.0000000e+00
   2.2200000e+00   4.8222656e-01   0.0000000e+00
   2.2400000e+00   4.8259130e-01   0.0000000e+00
   2.2600000e+00   4.8291682e-01   0.0000000e+00
   2.2800000e+00   4.8320313e-01   0.0000000e+00
   2.3000000e+00   4.8320313e-01   0.0000000e+00
   2.3200000e+00   4.8320313e-01   0.0000000e+00
   2.3400000e+00   4.8320313e-01   0.0000000e+00
   2.3600000e+00   4.8320313e-01   0.0000000e+00
   2.3800000e+00   4.8320313e-01   0.0000000e+00
   2.4000000e+00   4.8320313e-01   0.0000000e+00
   2.4200000e+00   4.8288734e-01   0.0000000e+00
   2.4400000e+00   4.8246225e-01   0.0000000e+00
   2.4600000e+00   4.8192787e-01   0.0000000e+00
   2.4800000e+00   4.8131104e-01   0.0000000e+00
   2.5000000e+00   4.8046824e-01   0.0000000e+00
   2.5200000e+00   4.7939949e-01   0.0000000e+00
   2.5400000e+00   4.7883091e-01   0.0000000e+00
   2.5600000e+00   4.7808767e-01   0.0000000e+00
   2.5800000e+00   4.7716979e-01   0.0000000e+00
   2.6000000e+00   4.7663472e-01   0.0000000e+00
   2.6200000e+00   4.7621701e-01   0.0000000e+00
   2.6400000e+00   4.7591665e-01   0.0000000e+00
   2.6600000e+00   4.7481438e-01   0.0000000e+00
   2.6800000e+00   4.7346168e-01   0.0000000e+00
   2.7000000e+00   4.7185855e-01   0.0000000e+00
   2.7200000e+00   4.7070665e-01   0.0000000e+00
   2.7400000e+00   4.6959632e-01   0.0000000e+00
   2.7600000e+00   4.6852756e-01   0.0000000e+00
   2.7800000e+00   4.6745881e-01   0.0000000e+00
   2.8000000e+00   4.6633944e-01   0.0000000e+00
   2.8200000e+00   4.6516945e-01   0.0000000e+00
   2.8400000e+00   4.6356632e-01   0.0000000e+00
   2.8600000e+00   4.6196319e-01   0.0000000e+00
   2.8800000e+00   4.6036006e-01   0.0000000e+00
   2.9000000e+00   4.5915921e-01   0.0000000e+00
   2.9200000e+00   4.5802440e-01   0.0000000e+00
   2.9400000e+00   4.5695565e-01   0.0000000e+00
   2.9600000e+00   4.5588690e-01   0.0000000e+00
   2.9800000e+00   4.5481814e-01   0.0000000e+00
   3.0000000e+00   4.5374939e-01   0.0000000e+00
   3.0200000e+00   4.5268063e-01   0.0000000e+00
   3.0400000e+00   4.5161188e-01   0.0000000e+00
   3.0600000e+00   4.5054313e-01   0.0000000e+00
   3.0800000e+00   4.4982771e-01   0.0000000e+00
   3.1000000e+00   4.4908447e-01   0.0000000e+00
   3.1200000e+00   4.4831343e-01   0.0000000e+00
   3.1400000e+00   4.4736468e-01   0.0000000e+00
   3.1600000e+00   4.4662312e-01   0.0000000e+00
   3.1800000e+00   4.4608874e-01   0.0000000e+00
   3.2000000e+00   4.4555436e-01   0.0000000e+00
   3.2200000e+00   4.4480946e-01   0.0000000e+00
   3.2400000e+00   4.4385403e-01   0.0000000e+00
   3.2600000e+00   4.4308966e-01   0.0000000e+00
   3.2800000e+00   4.4234643e-01   0.0000000e+00
   3.3000000e+00   4.4162433e-01   0.0000000e+00
   3.3200000e+00   4.4062663e-01   0.0000000e+00
   3.3400000e+00   4.3986060e-01   0.0000000e+00
   3.3600000e+00   4.3932622e-01   0.0000000e+00
   3.3800000e+00   4.3781430e-01   0.0000000e+00
   3.4000000e+00   4.3662888e-01   0.0000000e+00
   3.4200000e+00   4.3576996e-01   0.0000000e+00
   3.4400000e+00   4.3498014e-01   0.0000000e+00
   3.4600000e+00   4.3412025e-01   0.0000000e+00
   3.4800000e+00   4.3319027e-01   0.0000000e+00
   3.5000000e+00   4.3265589e-01   0.0000000e+00
   3.5200000e+00   4.3212152e-01   0.0000000e+00
   3.5400000e+00   4.3158714e-01   0.0000000e+00
   3.5600000e+00   4.3105276e-01   0.0000000e+00
   3.5800000e+00   4.3051839e-01   0.0000000e+00
   3.6000000e+00   4.2998401e-01   0.0000000e+00
   3.6200000e+00   4.2944963e-01   0.0000000e+00
   3.6400000e+00   4.2891525e-01   0.0000000e+00
   3.6600000e+00   4.2838088e-01   0.0000000e+00
   3.6800000e+00   4.2784650e-01   0.0000000e+00
   3.7000000e+00   4.2731212e-01   0.0000000e+00
   3.7200000e+00   4.2677775e-01   0.0000000e+00
   3.7400000e+00   4.2624337e-01   0.0000000e+00
   3.7600000e+00   4.2557188e-01   0.0000000e+00
   3.7800000e+00   4.2476329e-01   0.0000000e+00
   3.8000000e+00   4.2385209e-01   0.0000000e+00
   2.0700000e+00   7.5770874e-01   1.0000000e+00
   2.0900000e+00   7.5640263e-01   1.0000000e+00
   2.1100000e+00   7.5476431e-01   1.0000000e+00
   2.1300000e+00   7.5279379e-01   1.0000000e+00
   2.1500000e+00   7.4918053e-01   1.0000000e+00
   2.1700000e+00   7.4603796e-01   1.0000000e+00
   2.1900000e+00   7.4336607e-01   1.0000000e+00
   2.2100000e+00   7.4021278e-01   1.0000000e+00
   2.2300000e+00   7.3703301e-01   1.0000000e+00
   2.2500000e+00   7.3382675e-01   1.0000000e+00
   2.2700000e+00   7.3037242e-01   1.0000000e+00
   2.2900000e+00   7.2677493e-01   1.0000000e+00
   2.3100000e+00   7.2303429e-01   1.0000000e+00
   2.3300000e+00   7.1930839e-01   1.0000000e+00
   2.3500000e+00   7.1584231e-01   1.0000000e+00
   2.3700000e+00   7.1263605e-01   1.0000000e+00
   2.3900000e+00   7.0899733e-01   1.0000000e+00
   2.4100000e+00   7.0546555e-01   1.0000000e+00
   2.4300000e+00   7.0204070e-01   1.0000000e+00
   2.4500000e+00   6.9923269e-01   1.0000000e+00
   2.4700000e+00   6.9671870e-01   1.0000000e+00
   2.4900000e+00   6.9449873e-01   1.0000000e+00
   2.5100000e+00   6.9182685e-01   1.0000000e+00
   2.5300000e+00   6.8915496e-01   1.0000000e+00
   2.5500000e+00   6.8648307e-01   1.0000000e+00
   2.5700000e+00   6.8342768e-01   1.0000000e+00
   2.5900000e+00   6.8029685e-01   1.0000000e+00
   2.6100000e+00   6.7709059e-01   1.0000000e+00
   2.6300000e+00   6.7403451e-01   1.0000000e+00
   2.6500000e+00   6.7117052e-01   1.0000000e+00
   2.6700000e+00   6.6849864e-01   1.0000000e+00
   2.6900000e+00   6.6582675e-01   1.0000000e+00
   2.7100000e+00   6.6360610e-01   1.0000000e+00
   2.7300000e+00   6.6183667e-01   1.0000000e+00
   2.7500000e+00   6.5922985e-01   1.0000000e+00
