   6.1000000e-01   9.5779280e-01   0.0000000e+00
   6.3000000e-01   9.4519371e-01   0.0000000e+00
   6.5000000e-01   9.3130865e-01   0.0000000e+00
   6.7000000e-01   9.1394577e-01   0.0000000e+00
   6.9000000e-01   8.9310507e-01   0.0000000e+00
   7.1000000e-01   8.7226437e-01   0.0000000e+00
   7.3000000e-01   8.5142366e-01   0.0000000e+00
   7.5000000e-01   8.3058296e-01   0.0000000e+00
   7.7000000e-01   8.1307117e-01   0.0000000e+00
   7.9000000e-01   7.9779749e-01   0.0000000e+00
   8.1000000e-01   7.8476192e-01   0.0000000e+00
   8.3000000e-01   7.7086811e-01   0.0000000e+00
   8.5000000e-01   7.5775877e-01   0.0000000e+00
   8.7000000e-01   7.4543390e-01   0.0000000e+00
   8.9000000e-01   7.3273691e-01   0.0000000e+00
   9.1000000e-01   7.2084484e-01   0.0000000e+00
   9.3000000e-01   7.0975767e-01   0.0000000e+00
   9.5000000e-01   7.0100379e-01   0.0000000e+00
   9.7000000e-01   6.9315340e-01   0.0000000e+00
   9.9000000e-01   6.8620650e-01   0.0000000e+00
   1.0100000e+00   6.7925960e-01   0.0000000e+00
   1.0300000e+00   6.7231270e-01   0.0000000e+00
   1.0500000e+00   6.6536580e-01   0.0000000e+00
   1.0700000e+00   6.5984835e-01   0.0000000e+00
   1.0900000e+00   6.5456459e-01   0.0000000e+00
   1.1100000e+00   6.4951449e-01   0.0000000e+00
   1.1300000e+00   6.4429476e-01   0.0000000e+00
   1.1500000e+00   6.3928020e-01   0.0000000e+00
   1.1700000e+00   6.3447080e-01   0.0000000e+00
   1.1900000e+00   6.2966141e-01   0.0000000e+00
   1.2100000e+00   6.2506456e-01   0.0000000e+00
   1.2300000e+00   6.2068025e-01   0.0000000e+00
   1.2500000e+00   6.1578839e-01   0.0000000e+00
   1.2700000e+00   6.1067058e-01   0.0000000e+00
   1.2900000e+00   6.0532681e-01   0.0000000e+00
   1.3100000e+00   5.9998304e-01   0.0000000e+00
   1.3300000e+00   5.9463927e-01   0.0000000e+00
   1.3500000e+00   5.8929550e-01   0.0000000e+00
   1.3700000e+00   5.8444453e-01   0.0000000e+00
   1.3900000e+00   5.7923821e-01   0.0000000e+00
   1.4100000e+00   5.7367654e-01   0.0000000e+00
   1.4300000e+00   5.6831734e-01   0.0000000e+00
   1.4500000e+00   5.6323305e-01   0.0000000e+00
   1.4700000e+00   5.5842365e-01   0.0000000e+00
   1.4900000e+00   5.5364040e-01   0.0000000e+00
   1.5100000e+00   5.4911127e-01   0.0000000e+00
   1.5300000e+00   5.4483625e-01   0.0000000e+00
   1.5500000e+00   5.4100509e-01   0.0000000e+00
   1.5700000e+00   5.3738279e-01   0.0000000e+00
   1.5900000e+00   5.3396934e-01   0.0000000e+00
   1.6100000e+00   5.3139466e-01   0.0000000e+00
   1.6300000e+00   5.2935268e-01   0.0000000e+00
   1.6500000e+00   5.2784341e-01   0.0000000e+00
   1.6700000e+00   5.2677466e-01   0.0000000e+00
   1.6900000e+00   5.2621748e-01   0.0000000e+00
   1.7100000e+00   5.2617187e-01   0.0000000e+00
   1.7300000e+00   5.2656678e-01   0.0000000e+00
   1.7500000e+00   5.2689231e-01   0.0000000e+00
   1.7700000e+00   5.2714844e-01   0.0000000e+00
   1.7900000e+00   5.2731002e-01   0.0000000e+00
   1.8100000e+00   5.2765800e-01   0.0000000e+00
   1.8300000e+00   5.2819237e-01   0.0000000e+00
   1.8500000e+00   5.2872675e-01   0.0000000e+00
   1.8700000e+00   5.2926113e-01   0.0000000e+00
   1.8900000e+00   5.2979551e-01   0.0000000e+00
   1.9100000e+00   5.3032988e-01   0.0000000e+00
   1.9300000e+00   5.3097891e-01   0.0000000e+00
   1.9500000e+00   5.3174258e-01   0.0000000e+00
   1.9700000e+00   5.3258607e-01   0.0000000e+00
   1.9900000e+00   5.3300781e-01   0.0000000e+00
   2.0100000e+00   5.3300781e-01   0.0000000e+00
   2.0300000e+00   5.3247747e-01   0.0000000e+00
   2.0500000e+00   5.3173826e-01   0.0000000e+00
   2.0700000e+00   5.3079020e-01   0.0000000e+00
   2.0900000e+00   5.2942443e-01   0.0000000e+00
   2.1100000e+00   5.2793998e-01   0.0000000e+00
   2.1300000e+00   5.2633685e-01   0.0000000e+00
   2.1500000e+00   5.2473372e-01   0.0000000e+00
   2.1700000e+00   5.2313059e-01   0.0000000e+00
   2.1900000e+00   5.2152746e-01   0.0000000e+00
   2.2100000e+00   5.1944292e-01   0.0000000e+00
   2.2300000e+00   5.1733190e-01   0.0000000e+00
   2.2500000e+00   5.1519439e-01   0.0000000e+00
   2.2700000e+00   5.1330496e-01   0.0000000e+00
   2.2900000e+00   5.1149297e-01   0.0000000e+00
   2.3100000e+00   5.0975843e-01   0.0000000e+00
   2.3300000e+00   5.0762092e-01   0.0000000e+00
   2.3500000e+00   5.0548342e-01   0.0000000e+00
   2.3700000e+00   5.0334591e-01   0.0000000e+00
   2.3900000e+00   5.0120840e-01   0.0000000e+00
   2.4100000e+00   4.9938668e-01   0.0000000e+00
   2.4300000e+00   4.9788076e-01   0.0000000e+00
   2.4500000e+00   4.9621462e-01   0.0000000e+00
   2.4700000e+00   4.9412808e-01   0.0000000e+00
   2.4900000e+00   4.9162111e-01   0.0000000e+00
   2.5100000e+00   4.9001798e-01   0.0000000e+00
   2.5300000e+00   4.8866494e-01   0.0000000e+00
   2.5500000e+00   4.8756198e-01   0.0000000e+00
   2.5700000e+00   4.8649323e-01   0.0000000e+00
   2.5900000e+00   4.8529105e-01   0.0000000e+00
   2.6100000e+00   4.8395545e-01   0.0000000e+00
   2.6300000e+00   4.8250250e-01   0.0000000e+00
   2.6500000e+00   4.8124165e-01   0.0000000e+00
   2.6700000e+00   4.8017289e-01   0.0000000e+00
   2.6900000e+00   4.7910414e-01   0.0000000e+00
   2.7100000e+00   4.7803539e-01   0.0000000e+00
   2.7300000e+00   4.7696663e-01   0.0000000e+00
   2.7500000e+00   4.7623244e-01   0.0000000e+00
   2.7700000e+00   4.7538026e-01   0.0000000e+00
   2.7900000e+00   4.7441008e-01   0.0000000e+00
   2.8100000e+00   4.7290819e-01   0.0000000e+00
   2.8300000e+00   4.7162286e-01   0.0000000e+00
   2.8500000e+00   4.7055411e-01   0.0000000e+00
   2.8700000e+00   4.6948535e-01   0.0000000e+00
   2.8900000e+00   4.6881888e-01   0.0000000e+00
   2.9100000e+00   4.6855469e-01   0.0000000e+00
   2.9300000e+00   4.6798345e-01   0.0000000e+00
   2.9500000e+00   4.6724794e-01   0.0000000e+00
   2.9700000e+00   4.6634813e-01   0.0000000e+00
   2.9900000e+00   4.6581376e-01   0.0000000e+00
   3.0100000e+00   4.6527938e-01   0.0000000e+00
   3.0300000e+00   4.6474500e-01   0.0000000e+00
   3.0500000e+00   4.6421063e-01   0.0000000e+00
   3.0700000e+00   4.6349958e-01   0.0000000e+00
   3.0900000e+00   4.6261187e-01   0.0000000e+00
   3.1100000e+00   4.6154312e-01   0.0000000e+00
   3.1300000e+00   4.6047436e-01   0.0000000e+00
   3.1500000e+00   4.5940561e-01   0.0000000e+00
   3.1700000e+00   4.5833685e-01   0.0000000e+00
   3.1900000e+00   4.5726810e-01   0.0000000e+00
   3.2100000e+00   4.5619935e-01   0.0000000e+00
   3.2300000e+00   4.5470954e-01   0.0000000e+00
   3.2500000e+00   4.5331526e-01   0.0000000e+00
   3.2700000e+00   4.5201652e-01   0.0000000e+00
   3.2900000e+00   4.5076004e-01   0.0000000e+00
   3.3100000e+00   4.4936577e-01   0.0000000e+00
   3.3300000e+00   4.4783370e-01   0.0000000e+00
   3.3500000e+00   4.4676494e-01   0.0000000e+00
   3.3700000e+00   4.4569619e-01   0.0000000e+00
   3.3900000e+00   4.4462743e-01   0.0000000e+00
   3.4100000e+00   4.4281447e-01   0.0000000e+00
   3.4300000e+00   4.4122239e-01   0.0000000e+00
   3.4500000e+00   4.3985121e-01   0.0000000e+00
   3.4700000e+00   4.3931683e-01   0.0000000e+00
   3.4900000e+00   4.3879351e-01   0.0000000e+00
   3.5100000e+00   4.3828125e-01   0.0000000e+00
   3.5300000e+00   4.3828125e-01   0.0000000e+00
   3.5500000e+00   4.3806134e-01   0.0000000e+00
   3.5700000e+00   4.3762151e-01   0.0000000e+00
   3.5900000e+00   4.3741030e-01   0.0000000e+00
   3.6100000e+00   4.3720144e-01   0.0000000e+00
   3.6300000e+00   4.3699494e-01   0.0000000e+00
   3.6500000e+00   4.3655040e-01   0.0000000e+00
   3.6700000e+00   4.3632813e-01   0.0000000e+00
   3.6900000e+00   4.3632813e-01   0.0000000e+00
   3.7100000e+00   4.3683567e-01   0.0000000e+00
   2.3100000e+00   7.5957031e-01   1.0000000e+00
   2.3300000e+00   7.5953649e-01   1.0000000e+00
   2.3500000e+00   7.5890662e-01   1.0000000e+00
   2.3700000e+00   7.5768070e-01   1.0000000e+00
   2.3900000e+00   7.5645477e-01   1.0000000e+00
   2.4100000e+00   7.5522885e-01   1.0000000e+00
   2.4300000e+00   7.5400292e-01   1.0000000e+00
   2.4500000e+00   7.5277700e-01   1.0000000e+00
   2.4700000e+00   7.5155108e-01   1.0000000e+00
   2.4900000e+00   7.5032515e-01   1.0000000e+00
   2.5100000e+00   7.4909923e-01   1.0000000e+00
   2.5300000e+00   7.4787331e-01   1.0000000e+00
   2.5500000e+00   7.4664738e-01   1.0000000e+00
   2.5700000e+00   7.4542146e-01   1.0000000e+00
   2.5900000e+00   7.4419553e-01   1.0000000e+00
   2.6100000e+00   7.4296961e-01   1.0000000e+00
   2.6300000e+00   7.4174369e-01   1.0000000e+00
   2.6500000e+00   7.4051776e-01   1.0000000e+00
   2.6700000e+00   7.3929184e-01   1.0000000e+00
   2.6900000e+00   7.3806591e-01   1.0000000e+00
   2.7100000e+00   7.3683999e-01   1.0000000e+00
   2.7300000e+00   7.3561407e-01   1.0000000e+00
   2.7500000e+00   7.3438814e-01   1.0000000e+00
   2.7700000e+00   7.3316222e-01   1.0000000e+00
   2.7900000e+00   7.3193630e-01   1.0000000e+00
   2.8100000e+00   7.3071037e-01   1.0000000e+00
   2.8300000e+00   7.2948445e-01   1.0000000e+00
   2.8500000e+00   7.2825852e-01   1.0000000e+00
   2.8700000e+00   7.2703260e-01   1.0000000e+00
   2.8900000e+00   7.2580668e-01   1.0000000e+00
   2.9100000e+00   7.2458075e-01   1.0000000e+00
   2.9300000e+00   7.2335483e-01   1.0000000e+00
   2.9500000e+00   7.2198480e-01   1.0000000e+00
   2.9700000e+00   7.2047066e-01   1.0000000e+00
   2.9900000e+00   7.1833316e-01   1.0000000e+00
   3.0100000e+00   7.1619565e-01   1.0000000e+00
   3.0300000e+00   7.1405814e-01   1.0000000e+00
   3.0500000e+00   7.1192063e-01   1.0000000e+00
   3.0700000e+00   7.0978312e-01   1.0000000e+00
   3.0900000e+00   7.0764562e-01   1.0000000e+00
