   6.1000000e-01   9.8413954e-01   0.0000000e+00
   6.3000000e-01   9.7068694e-01   0.0000000e+00
   6.5000000e-01   9.5256442e-01   0.0000000e+00
   6.7000000e-01   9.3121248e-01   0.0000000e+00
   6.9000000e-01   9.0663114e-01   0.0000000e+00
   7.1000000e-01   8.8432608e-01   0.0000000e+00
   7.3000000e-01   8.6340390e-01   0.0000000e+00
   7.5000000e-01   8.4386459e-01   0.0000000e+00
   7.7000000e-01   8.2702734e-01   0.0000000e+00
   7.9000000e-01   8.1112743e-01   0.0000000e+00
   8.1000000e-01   7.9616488e-01   0.0000000e+00
   8.3000000e-01   7.8120232e-01   0.0000000e+00
   8.5000000e-01   7.6728571e-01   0.0000000e+00
   8.7000000e-01   7.5441506e-01   0.0000000e+00
   8.9000000e-01   7.4199632e-01   0.0000000e+00
   9.1000000e-01   7.3065538e-01   0.0000000e+00
   9.3000000e-01   7.2039223e-01   0.0000000e+00
   9.5000000e-01   7.1201518e-01   0.0000000e+00
   9.7000000e-01   7.0395962e-01   0.0000000e+00
   9.9000000e-01   6.9622555e-01   0.0000000e+00
   1.0100000e+00   6.9088178e-01   0.0000000e+00
   1.0300000e+00   6.8506398e-01   0.0000000e+00
   1.0500000e+00   6.7877215e-01   0.0000000e+00
   1.0700000e+00   6.7343172e-01   0.0000000e+00
   1.0900000e+00   6.6835681e-01   0.0000000e+00
   1.1100000e+00   6.6354742e-01   0.0000000e+00
   1.1300000e+00   6.5873803e-01   0.0000000e+00
   1.1500000e+00   6.5392863e-01   0.0000000e+00
   1.1700000e+00   6.4911924e-01   0.0000000e+00
   1.1900000e+00   6.4430985e-01   0.0000000e+00
   1.2100000e+00   6.3971299e-01   0.0000000e+00
   1.2300000e+00   6.3532868e-01   0.0000000e+00
   1.2500000e+00   6.3043683e-01   0.0000000e+00
   1.2700000e+00   6.2551077e-01   0.0000000e+00
   1.2900000e+00   6.2055051e-01   0.0000000e+00
   1.3100000e+00   6.1597514e-01   0.0000000e+00
   1.3300000e+00   6.1048119e-01   0.0000000e+00
   1.3500000e+00   6.0406866e-01   0.0000000e+00
   1.3700000e+00   5.9765614e-01   0.0000000e+00
   1.3900000e+00   5.9256009e-01   0.0000000e+00
   1.4100000e+00   5.8878053e-01   0.0000000e+00
   1.4300000e+00   5.8533023e-01   0.0000000e+00
   1.4500000e+00   5.8146757e-01   0.0000000e+00
   1.4700000e+00   5.7719255e-01   0.0000000e+00
   1.4900000e+00   5.7289139e-01   0.0000000e+00
   1.5100000e+00   5.6833612e-01   0.0000000e+00
   1.5300000e+00   5.6352672e-01   0.0000000e+00
   1.5500000e+00   5.5827347e-01   0.0000000e+00
   1.5700000e+00   5.5330215e-01   0.0000000e+00
   1.5900000e+00   5.4861277e-01   0.0000000e+00
   1.6100000e+00   5.4412722e-01   0.0000000e+00
   1.6300000e+00   5.3952669e-01   0.0000000e+00
   1.6500000e+00   5.3481115e-01   0.0000000e+00
   1.6700000e+00   5.3053614e-01   0.0000000e+00
   1.6900000e+00   5.2702848e-01   0.0000000e+00
   1.7100000e+00   5.2428819e-01   0.0000000e+00
   1.7300000e+00   5.2201122e-01   0.0000000e+00
   1.7500000e+00   5.1980397e-01   0.0000000e+00
   1.7700000e+00   5.1766647e-01   0.0000000e+00
   1.7900000e+00   5.1585212e-01   0.0000000e+00
   1.8100000e+00   5.1436565e-01   0.0000000e+00
   1.8300000e+00   5.1320707e-01   0.0000000e+00
   1.8500000e+00   5.1106956e-01   0.0000000e+00
   1.8700000e+00   5.0916336e-01   0.0000000e+00
   1.8900000e+00   5.0748848e-01   0.0000000e+00
   1.9100000e+00   5.0623132e-01   0.0000000e+00
   1.9300000e+00   5.0495371e-01   0.0000000e+00
   1.9500000e+00   5.0365565e-01   0.0000000e+00
   1.9700000e+00   5.0227779e-01   0.0000000e+00
   1.9900000e+00   5.0132167e-01   0.0000000e+00
   2.0100000e+00   5.0078729e-01   0.0000000e+00
   2.0300000e+00   5.0025292e-01   0.0000000e+00
   2.0500000e+00   5.0013222e-01   0.0000000e+00
   2.0700000e+00   5.0042521e-01   0.0000000e+00
   2.0900000e+00   5.0125661e-01   0.0000000e+00
   2.1100000e+00   5.0229686e-01   0.0000000e+00
   2.1300000e+00   5.0354596e-01   0.0000000e+00
   2.1500000e+00   5.0514909e-01   0.0000000e+00
   2.1700000e+00   5.0675223e-01   0.0000000e+00
   2.1900000e+00   5.0835536e-01   0.0000000e+00
   2.2100000e+00   5.0947709e-01   0.0000000e+00
   2.2300000e+00   5.1038996e-01   0.0000000e+00
   2.2500000e+00   5.1109398e-01   0.0000000e+00
   2.2700000e+00   5.1162836e-01   0.0000000e+00
   2.2900000e+00   5.1203133e-01   0.0000000e+00
   2.3100000e+00   5.1230289e-01   0.0000000e+00
   2.3300000e+00   5.1175377e-01   0.0000000e+00
   2.3500000e+00   5.1094483e-01   0.0000000e+00
   2.3700000e+00   5.0987608e-01   0.0000000e+00
   2.3900000e+00   5.0880733e-01   0.0000000e+00
   2.4100000e+00   5.0773857e-01   0.0000000e+00
   2.4300000e+00   5.0666982e-01   0.0000000e+00
   2.4500000e+00   5.0560106e-01   0.0000000e+00
   2.4700000e+00   5.0453231e-01   0.0000000e+00
   2.4900000e+00   5.0346355e-01   0.0000000e+00
   2.5100000e+00   5.0239480e-01   0.0000000e+00
   2.5300000e+00   5.0157613e-01   0.0000000e+00
   2.5500000e+00   5.0100755e-01   0.0000000e+00
   2.5700000e+00   4.9970616e-01   0.0000000e+00
   2.5900000e+00   4.9838732e-01   0.0000000e+00
   2.6100000e+00   4.9705103e-01   0.0000000e+00
   2.6300000e+00   4.9598228e-01   0.0000000e+00
   2.6500000e+00   4.9493028e-01   0.0000000e+00
   2.6700000e+00   4.9389504e-01   0.0000000e+00
   2.6900000e+00   4.9336066e-01   0.0000000e+00
   2.0100000e+00   7.8790271e-01   1.0000000e+00
   2.0300000e+00   7.8842500e-01   1.0000000e+00
   2.0500000e+00   7.8812597e-01   1.0000000e+00
   2.0700000e+00   7.8700562e-01   1.0000000e+00
   2.0900000e+00   7.8480845e-01   1.0000000e+00
   2.1100000e+00   7.8210340e-01   1.0000000e+00
   2.1300000e+00   7.7889045e-01   1.0000000e+00
   2.1500000e+00   7.7461543e-01   1.0000000e+00
   2.1700000e+00   7.7034042e-01   1.0000000e+00
   2.1900000e+00   7.6606540e-01   1.0000000e+00
   2.2100000e+00   7.6130898e-01   1.0000000e+00
   2.2300000e+00   7.5652608e-01   1.0000000e+00
   2.2500000e+00   7.5171669e-01   1.0000000e+00
   2.2700000e+00   7.4740344e-01   1.0000000e+00
   2.2900000e+00   7.4344219e-01   1.0000000e+00
   2.3100000e+00   7.3983296e-01   1.0000000e+00
   2.3300000e+00   7.3665618e-01   1.0000000e+00
   2.3500000e+00   7.3399904e-01   1.0000000e+00
   2.3700000e+00   7.3186153e-01   1.0000000e+00
   2.3900000e+00   7.2929157e-01   1.0000000e+00
   2.4100000e+00   7.2682854e-01   1.0000000e+00
   2.4300000e+00   7.2447245e-01   1.0000000e+00
   2.4500000e+00   7.2233494e-01   1.0000000e+00
   2.4700000e+00   7.2019743e-01   1.0000000e+00
   2.4900000e+00   7.1805992e-01   1.0000000e+00
   2.5100000e+00   7.1592241e-01   1.0000000e+00
   2.5300000e+00   7.1353482e-01   1.0000000e+00
   2.5500000e+00   7.1089714e-01   1.0000000e+00
   2.5700000e+00   7.0822525e-01   1.0000000e+00
   2.5900000e+00   7.0555337e-01   1.0000000e+00
   2.6100000e+00   7.0288148e-01   1.0000000e+00
   2.6300000e+00   7.0035978e-01   1.0000000e+00
   2.6500000e+00   6.9808044e-01   1.0000000e+00
   2.6700000e+00   6.9604348e-01   1.0000000e+00
   2.6900000e+00   6.9550910e-01   1.0000000e+00
   2.7100000e+00   6.9474911e-01   1.0000000e+00
   2.7300000e+00   6.9376351e-01   1.0000000e+00
