   6.1000000e-01   9.7145396e-01   0.0000000e+00
   6.3000000e-01   9.5655244e-01   0.0000000e+00
   6.5000000e-01   9.3732362e-01   0.0000000e+00
   6.7000000e-01   9.1461697e-01   0.0000000e+00
   6.9000000e-01   8.8843249e-01   0.0000000e+00
   7.1000000e-01   8.6589007e-01   0.0000000e+00
   7.3000000e-01   8.4467991e-01   0.0000000e+00
   7.5000000e-01   8.2480201e-01   0.0000000e+00
   7.7000000e-01   8.0787424e-01   0.0000000e+00
   7.9000000e-01   7.9198574e-01   0.0000000e+00
   8.1000000e-01   7.7713650e-01   0.0000000e+00
   8.3000000e-01   7.6057081e-01   0.0000000e+00
   8.5000000e-01   7.4662001e-01   0.0000000e+00
   8.7000000e-01   7.3528408e-01   0.0000000e+00
   8.9000000e-01   7.2406216e-01   0.0000000e+00
   9.1000000e-01   7.1399883e-01   0.0000000e+00
   9.3000000e-01   7.0509408e-01   0.0000000e+00
   9.5000000e-01   6.9849314e-01   0.0000000e+00
   9.7000000e-01   6.9228176e-01   0.0000000e+00
   9.9000000e-01   6.8645993e-01   0.0000000e+00
   1.0100000e+00   6.8111616e-01   0.0000000e+00
   1.0300000e+00   6.7624642e-01   0.0000000e+00
   1.0500000e+00   6.7185071e-01   0.0000000e+00
   1.0700000e+00   6.6793305e-01   0.0000000e+00
   1.0900000e+00   6.6410391e-01   0.0000000e+00
   1.1100000e+00   6.6036327e-01   0.0000000e+00
   1.1300000e+00   6.5662263e-01   0.0000000e+00
   1.1500000e+00   6.5288568e-01   0.0000000e+00
   1.1700000e+00   6.4915241e-01   0.0000000e+00
   1.1900000e+00   6.4594615e-01   0.0000000e+00
   1.2100000e+00   6.4273989e-01   0.0000000e+00
   1.2300000e+00   6.3953362e-01   0.0000000e+00
   1.2500000e+00   6.3601894e-01   0.0000000e+00
   1.2700000e+00   6.3239128e-01   0.0000000e+00
   1.2900000e+00   6.2865064e-01   0.0000000e+00
   1.3100000e+00   6.2498509e-01   0.0000000e+00
   1.3300000e+00   6.2154919e-01   0.0000000e+00
   1.3500000e+00   6.1834292e-01   0.0000000e+00
   1.3700000e+00   6.1513666e-01   0.0000000e+00
   1.3900000e+00   6.1193040e-01   0.0000000e+00
   1.4100000e+00   6.0872414e-01   0.0000000e+00
   1.4300000e+00   6.0577735e-01   0.0000000e+00
   1.4500000e+00   6.0289661e-01   0.0000000e+00
   1.4700000e+00   6.0008191e-01   0.0000000e+00
   1.4900000e+00   5.9684951e-01   0.0000000e+00
   1.5100000e+00   5.9336299e-01   0.0000000e+00
   1.5300000e+00   5.8962235e-01   0.0000000e+00
   1.5500000e+00   5.8632556e-01   0.0000000e+00
   1.5700000e+00   5.8307404e-01   0.0000000e+00
   1.5900000e+00   5.7986778e-01   0.0000000e+00
   1.6100000e+00   5.7687204e-01   0.0000000e+00
   1.6300000e+00   5.7399130e-01   0.0000000e+00
   1.6500000e+00   5.7122555e-01   0.0000000e+00
   1.6700000e+00   5.6801929e-01   0.0000000e+00
   1.6900000e+00   5.6532460e-01   0.0000000e+00
   1.7100000e+00   5.6314149e-01   0.0000000e+00
   1.7300000e+00   5.6021416e-01   0.0000000e+00
   1.7500000e+00   5.5728649e-01   0.0000000e+00
   1.7700000e+00   5.5435847e-01   0.0000000e+00
   1.7900000e+00   5.5184817e-01   0.0000000e+00
   1.8100000e+00   5.4954672e-01   0.0000000e+00
   1.8300000e+00   5.4745413e-01   0.0000000e+00
   1.8500000e+00   5.4585100e-01   0.0000000e+00
   1.8700000e+00   5.4401655e-01   0.0000000e+00
   1.8900000e+00   5.4195079e-01   0.0000000e+00
   1.9100000e+00   5.3981328e-01   0.0000000e+00
   1.9300000e+00   5.3767578e-01   0.0000000e+00
   1.9500000e+00   5.3553827e-01   0.0000000e+00
   1.9700000e+00   5.3362603e-01   0.0000000e+00
   1.9900000e+00   5.3213553e-01   0.0000000e+00
   2.0100000e+00   5.3106678e-01   0.0000000e+00
   2.0300000e+00   5.2893733e-01   0.0000000e+00
   2.0500000e+00   5.2701069e-01   0.0000000e+00
   2.0700000e+00   5.2528687e-01   0.0000000e+00
   2.0900000e+00   5.2338672e-01   0.0000000e+00
   2.1100000e+00   5.2154824e-01   0.0000000e+00
   2.1300000e+00   5.1977144e-01   0.0000000e+00
   2.1500000e+00   5.1870269e-01   0.0000000e+00
   2.1700000e+00   5.1763393e-01   0.0000000e+00
   2.1900000e+00   5.1656518e-01   0.0000000e+00
   2.2100000e+00   5.1501502e-01   0.0000000e+00
   2.2300000e+00   5.1362075e-01   0.0000000e+00
   2.2500000e+00   5.1238235e-01   0.0000000e+00
   2.2700000e+00   5.1156167e-01   0.0000000e+00
   2.2900000e+00   5.1088414e-01   0.0000000e+00
   2.3100000e+00   5.1034976e-01   0.0000000e+00
   2.3300000e+00   5.0980064e-01   0.0000000e+00
   2.3500000e+00   5.0899171e-01   0.0000000e+00
   2.3700000e+00   5.0792295e-01   0.0000000e+00
   2.3900000e+00   5.0642175e-01   0.0000000e+00
   2.4100000e+00   5.0502747e-01   0.0000000e+00
   2.4300000e+00   5.0374013e-01   0.0000000e+00
   2.4500000e+00   5.0287050e-01   0.0000000e+00
   2.4700000e+00   5.0208604e-01   0.0000000e+00
   2.4900000e+00   5.0138674e-01   0.0000000e+00
   2.5100000e+00   4.9978361e-01   0.0000000e+00
   2.5300000e+00   4.9843056e-01   0.0000000e+00
   2.5500000e+00   4.9732761e-01   0.0000000e+00
   2.5700000e+00   4.9664236e-01   0.0000000e+00
   2.5900000e+00   4.9629939e-01   0.0000000e+00
   2.6100000e+00   4.9629870e-01   0.0000000e+00
   2.1600000e+00   7.5840268e-01   1.0000000e+00
   2.1800000e+00   7.5733393e-01   1.0000000e+00
   2.2000000e+00   7.5578378e-01   1.0000000e+00
   2.2200000e+00   7.5375222e-01   1.0000000e+00
   2.2400000e+00   7.5124998e-01   1.0000000e+00
   2.2600000e+00   7.4866291e-01   1.0000000e+00
   2.2800000e+00   7.4599103e-01   1.0000000e+00
   2.3000000e+00   7.4331914e-01   1.0000000e+00
   2.3200000e+00   7.4065463e-01   1.0000000e+00
   2.3400000e+00   7.3799748e-01   1.0000000e+00
   2.3600000e+00   7.3585997e-01   1.0000000e+00
   2.3800000e+00   7.3350624e-01   1.0000000e+00
   2.4000000e+00   7.3093628e-01   1.0000000e+00
   2.4200000e+00   7.2889597e-01   1.0000000e+00
   2.4400000e+00   7.2687513e-01   1.0000000e+00
   2.4600000e+00   7.2487375e-01   1.0000000e+00
   2.4800000e+00   7.2228432e-01   1.0000000e+00
   2.5000000e+00   7.1992086e-01   1.0000000e+00
   2.5200000e+00   7.1778335e-01   1.0000000e+00
   2.5400000e+00   7.1564584e-01   1.0000000e+00
   2.5600000e+00   7.1370009e-01   1.0000000e+00
   2.5800000e+00   7.1194609e-01   1.0000000e+00
   2.6000000e+00   7.1007611e-01   1.0000000e+00
   2.6200000e+00   7.0822255e-01   1.0000000e+00
   2.6400000e+00   7.0638540e-01   1.0000000e+00
   2.6600000e+00   7.0528313e-01   1.0000000e+00
   2.6800000e+00   7.0393043e-01   1.0000000e+00
   2.7000000e+00   7.0232730e-01   1.0000000e+00
   2.7200000e+00   7.0162662e-01   1.0000000e+00
   2.7400000e+00   7.0084181e-01   1.0000000e+00
   2.7600000e+00   6.9997288e-01   1.0000000e+00
   2.7800000e+00   6.9890412e-01   1.0000000e+00
   2.8000000e+00   6.9778475e-01   1.0000000e+00
   2.8200000e+00   6.9661476e-01   1.0000000e+00
   2.8400000e+00   6.9501163e-01   1.0000000e+00
   2.8600000e+00   6.9366797e-01   1.0000000e+00
   2.8800000e+00   6.9258379e-01   1.0000000e+00
   2.9000000e+00   6.9071047e-01   1.0000000e+00
   2.9200000e+00   6.8856225e-01   1.0000000e+00
   2.9400000e+00   6.8613913e-01   1.0000000e+00
   2.9600000e+00   6.8363619e-01   1.0000000e+00
   2.9800000e+00   6.8128983e-01   1.0000000e+00
   3.0000000e+00   6.7910003e-01   1.0000000e+00
   3.0200000e+00   6.7642815e-01   1.0000000e+00
   3.0400000e+00   6.7375626e-01   1.0000000e+00
   3.0600000e+00   6.7108438e-01   1.0000000e+00
   3.0800000e+00   6.6911916e-01   1.0000000e+00
   3.1000000e+00   6.6733499e-01   1.0000000e+00
   3.1200000e+00   6.6573186e-01   1.0000000e+00
   3.1400000e+00   6.6400872e-01   1.0000000e+00
   3.1600000e+00   6.6208007e-01   1.0000000e+00
   3.1800000e+00   6.5994590e-01   1.0000000e+00
   3.2000000e+00   6.5834277e-01   1.0000000e+00
   3.2200000e+00   6.5652911e-01   1.0000000e+00
   3.2400000e+00   6.5450493e-01   1.0000000e+00
   3.2600000e+00   6.5236742e-01   1.0000000e+00
   3.2800000e+00   6.5013605e-01   1.0000000e+00
   3.3000000e+00   6.4781082e-01   1.0000000e+00
   3.3200000e+00   6.4528105e-01   1.0000000e+00
   3.3400000e+00   6.4321460e-01   1.0000000e+00
   3.3600000e+00   6.4161147e-01   1.0000000e+00
   3.3800000e+00   6.4000834e-01   1.0000000e+00
   3.4000000e+00   6.3840521e-01   1.0000000e+00
   3.4200000e+00   6.3680208e-01   1.0000000e+00
   3.4400000e+00   6.3570983e-01   1.0000000e+00
   3.4600000e+00   6.3475774e-01   1.0000000e+00
   3.4800000e+00   6.3394581e-01   1.0000000e+00
