   6.1000000e-01   9.8238658e-01   0.0000000e+00
   6.3000000e-01   9.6624067e-01   0.0000000e+00
   6.5000000e-01   9.4036530e-01   0.0000000e+00
   6.7000000e-01   9.1299944e-01   0.0000000e+00
   6.9000000e-01   8.8414308e-01   0.0000000e+00
   7.1000000e-01   8.5938403e-01   0.0000000e+00
   7.3000000e-01   8.3616610e-01   0.0000000e+00
   7.5000000e-01   8.1448928e-01   0.0000000e+00
   7.7000000e-01   7.9640223e-01   0.0000000e+00
   7.9000000e-01   7.7956164e-01   0.0000000e+00
   8.1000000e-01   7.6396751e-01   0.0000000e+00
   8.3000000e-01   7.4579869e-01   0.0000000e+00
   8.5000000e-01   7.3024475e-01   0.0000000e+00
   8.7000000e-01   7.1730568e-01   0.0000000e+00
   8.9000000e-01   7.0569957e-01   0.0000000e+00
   9.1000000e-01   6.9529932e-01   0.0000000e+00
   9.3000000e-01   6.8610492e-01   0.0000000e+00
   9.5000000e-01   6.7896961e-01   0.0000000e+00
   9.7000000e-01   6.7222385e-01   0.0000000e+00
   9.9000000e-01   6.6586764e-01   0.0000000e+00
   1.0100000e+00   6.5998949e-01   0.0000000e+00
   1.0300000e+00   6.5411135e-01   0.0000000e+00
   1.0500000e+00   6.4823320e-01   0.0000000e+00
   1.0700000e+00   6.4306978e-01   0.0000000e+00
   1.0900000e+00   6.3796303e-01   0.0000000e+00
   1.1100000e+00   6.3291293e-01   0.0000000e+00
   1.1300000e+00   6.2756916e-01   0.0000000e+00
   1.1500000e+00   6.2222908e-01   0.0000000e+00
   1.1700000e+00   6.1689268e-01   0.0000000e+00
   1.1900000e+00   6.1208328e-01   0.0000000e+00
   1.2100000e+00   6.0748643e-01   0.0000000e+00
   1.2300000e+00   6.0310212e-01   0.0000000e+00
   1.2500000e+00   5.9882711e-01   0.0000000e+00
   1.2700000e+00   5.9436034e-01   0.0000000e+00
   1.2900000e+00   5.8970181e-01   0.0000000e+00
   1.3100000e+00   5.8450822e-01   0.0000000e+00
   1.3300000e+00   5.7977392e-01   0.0000000e+00
   1.3500000e+00   5.7549890e-01   0.0000000e+00
   1.3700000e+00   5.7171668e-01   0.0000000e+00
   1.3900000e+00   5.6757912e-01   0.0000000e+00
   1.4100000e+00   5.6308621e-01   0.0000000e+00
   1.4300000e+00   5.5879576e-01   0.0000000e+00
   1.4500000e+00   5.5485162e-01   0.0000000e+00
   1.4700000e+00   5.5125379e-01   0.0000000e+00
   1.4900000e+00   5.4804753e-01   0.0000000e+00
   1.5100000e+00   5.4484126e-01   0.0000000e+00
   1.5300000e+00   5.4163500e-01   0.0000000e+00
   1.5500000e+00   5.3842874e-01   0.0000000e+00
   1.5700000e+00   5.3538607e-01   0.0000000e+00
   1.5900000e+00   5.3250700e-01   0.0000000e+00
   1.6100000e+00   5.3004564e-01   0.0000000e+00
   1.6300000e+00   5.2779314e-01   0.0000000e+00
   1.6500000e+00   5.2574950e-01   0.0000000e+00
   1.6700000e+00   5.2414636e-01   0.0000000e+00
   1.6900000e+00   5.2228745e-01   0.0000000e+00
   1.7100000e+00   5.2017274e-01   0.0000000e+00
   1.7300000e+00   5.1843014e-01   0.0000000e+00
   1.7500000e+00   5.1661815e-01   0.0000000e+00
   1.7700000e+00   5.1473678e-01   0.0000000e+00
   1.7900000e+00   5.1292243e-01   0.0000000e+00
   1.8100000e+00   5.1148088e-01   0.0000000e+00
   1.8300000e+00   5.1041213e-01   0.0000000e+00
   1.8500000e+00   5.0934337e-01   0.0000000e+00
   1.8700000e+00   5.0804330e-01   0.0000000e+00
   1.8900000e+00   5.0651192e-01   0.0000000e+00
   1.9100000e+00   5.0490879e-01   0.0000000e+00
   1.9300000e+00   5.0342031e-01   0.0000000e+00
   1.9500000e+00   5.0204648e-01   0.0000000e+00
   1.9700000e+00   5.0097772e-01   0.0000000e+00
   1.9900000e+00   4.9990897e-01   0.0000000e+00
   2.0100000e+00   4.9884021e-01   0.0000000e+00
   2.0300000e+00   4.9671077e-01   0.0000000e+00
   2.0500000e+00   4.9478413e-01   0.0000000e+00
   2.0700000e+00   4.9306031e-01   0.0000000e+00
   2.0900000e+00   4.9116016e-01   0.0000000e+00
   2.1100000e+00   4.8923150e-01   0.0000000e+00
   2.1300000e+00   4.8727435e-01   0.0000000e+00
   2.1500000e+00   4.8567122e-01   0.0000000e+00
   2.1700000e+00   4.8406809e-01   0.0000000e+00
   2.1900000e+00   4.8246495e-01   0.0000000e+00
   2.2100000e+00   4.8086182e-01   0.0000000e+00
   2.2300000e+00   4.7944106e-01   0.0000000e+00
   2.2500000e+00   4.7820267e-01   0.0000000e+00
   2.2700000e+00   4.7688584e-01   0.0000000e+00
   2.2900000e+00   4.7549157e-01   0.0000000e+00
   2.3100000e+00   4.7401984e-01   0.0000000e+00
   2.3300000e+00   4.7295109e-01   0.0000000e+00
   2.3500000e+00   4.7188233e-01   0.0000000e+00
   2.3700000e+00   4.7081358e-01   0.0000000e+00
   2.3900000e+00   4.6974483e-01   0.0000000e+00
   2.4100000e+00   4.6867607e-01   0.0000000e+00
   2.4300000e+00   4.6760732e-01   0.0000000e+00
   2.4500000e+00   4.6653856e-01   0.0000000e+00
   2.4700000e+00   4.6546981e-01   0.0000000e+00
   2.4900000e+00   4.6440106e-01   0.0000000e+00
   2.5100000e+00   4.6333230e-01   0.0000000e+00
   2.5300000e+00   4.6226355e-01   0.0000000e+00
   2.5500000e+00   4.6119479e-01   0.0000000e+00
   2.5700000e+00   4.6050955e-01   0.0000000e+00
   2.5900000e+00   4.5976631e-01   0.0000000e+00
   2.6100000e+00   4.5896509e-01   0.0000000e+00
   2.6300000e+00   4.5789634e-01   0.0000000e+00
   2.6500000e+00   4.5682759e-01   0.0000000e+00
   2.6700000e+00   4.5575883e-01   0.0000000e+00
   2.6900000e+00   4.5469008e-01   0.0000000e+00
   2.7100000e+00   4.5384694e-01   0.0000000e+00
   2.7300000e+00   4.5322941e-01   0.0000000e+00
   2.7500000e+00   4.5236047e-01   0.0000000e+00
   2.7700000e+00   4.5128267e-01   0.0000000e+00
   2.7900000e+00   4.4999602e-01   0.0000000e+00
   2.8100000e+00   4.4849412e-01   0.0000000e+00
   2.8300000e+00   4.4720880e-01   0.0000000e+00
   2.8500000e+00   4.4614004e-01   0.0000000e+00
   2.8700000e+00   4.4507129e-01   0.0000000e+00
   2.8900000e+00   4.4420368e-01   0.0000000e+00
   2.9100000e+00   4.4353720e-01   0.0000000e+00
   2.9300000e+00   4.4271721e-01   0.0000000e+00
   2.9500000e+00   4.4185731e-01   0.0000000e+00
   2.9700000e+00   4.4095751e-01   0.0000000e+00
   2.9900000e+00   4.4037085e-01   0.0000000e+00
   3.0100000e+00   4.3954314e-01   0.0000000e+00
   3.0300000e+00   4.3847438e-01   0.0000000e+00
   3.0500000e+00   4.3787563e-01   0.0000000e+00
   3.0700000e+00   4.3730906e-01   0.0000000e+00
   3.0900000e+00   4.3677468e-01   0.0000000e+00
   3.1100000e+00   4.3600364e-01   0.0000000e+00
   3.1300000e+00   4.3514374e-01   0.0000000e+00
   3.1500000e+00   4.3419499e-01   0.0000000e+00
   3.1700000e+00   4.3366396e-01   0.0000000e+00
   3.1900000e+00   4.3339844e-01   0.0000000e+00
   3.2100000e+00   4.3339844e-01   0.0000000e+00
   3.2300000e+00   4.3255633e-01   0.0000000e+00
   2.0100000e+00   7.5764137e-01   1.0000000e+00
   2.0300000e+00   7.5550386e-01   1.0000000e+00
   2.0500000e+00   7.5295267e-01   1.0000000e+00
   2.0700000e+00   7.4998780e-01   1.0000000e+00
   2.0900000e+00   7.4737557e-01   1.0000000e+00
   2.1100000e+00   7.4491053e-01   1.0000000e+00
   2.1300000e+00   7.4259266e-01   1.0000000e+00
   2.1500000e+00   7.3998447e-01   1.0000000e+00
   2.1700000e+00   7.3761162e-01   1.0000000e+00
   2.1900000e+00   7.3547411e-01   1.0000000e+00
   2.2100000e+00   7.3285520e-01   1.0000000e+00
   2.2300000e+00   7.3039217e-01   1.0000000e+00
   2.2500000e+00   7.2808502e-01   1.0000000e+00
   2.2700000e+00   7.2569944e-01   1.0000000e+00
   2.2900000e+00   7.2323641e-01   1.0000000e+00
   2.3100000e+00   7.2069593e-01   1.0000000e+00
   2.3300000e+00   7.1854368e-01   1.0000000e+00
   2.3500000e+00   7.1613161e-01   1.0000000e+00
   2.3700000e+00   7.1345973e-01   1.0000000e+00
   2.3900000e+00   7.1078784e-01   1.0000000e+00
   2.4100000e+00   7.0811596e-01   1.0000000e+00
   2.4300000e+00   7.0544407e-01   1.0000000e+00
   2.4500000e+00   7.0277219e-01   1.0000000e+00
   2.4700000e+00   7.0010030e-01   1.0000000e+00
   2.4900000e+00   6.9742842e-01   1.0000000e+00
   2.5100000e+00   6.9475653e-01   1.0000000e+00
   2.5300000e+00   6.9233473e-01   1.0000000e+00
   2.5500000e+00   6.9016302e-01   1.0000000e+00
   2.5700000e+00   6.8802552e-01   1.0000000e+00
   2.5900000e+00   6.8575458e-01   1.0000000e+00
   2.6100000e+00   6.8335023e-01   1.0000000e+00
   2.6300000e+00   6.8097871e-01   1.0000000e+00
   2.6500000e+00   6.7897462e-01   1.0000000e+00
   2.6700000e+00   6.7733797e-01   1.0000000e+00
   2.6900000e+00   6.7520047e-01   1.0000000e+00
   2.7100000e+00   6.7328857e-01   1.0000000e+00
   2.7300000e+00   6.7160229e-01   1.0000000e+00
   2.7500000e+00   6.6999916e-01   1.0000000e+00
   2.7700000e+00   6.6850498e-01   1.0000000e+00
   2.7900000e+00   6.6711974e-01   1.0000000e+00
   2.8100000e+00   6.6594976e-01   1.0000000e+00
   2.8300000e+00   6.6456320e-01   1.0000000e+00
   2.8500000e+00   6.6296007e-01   1.0000000e+00
   2.8700000e+00   6.6135693e-01   1.0000000e+00
   2.8900000e+00   6.5975380e-01   1.0000000e+00
   2.9100000e+00   6.5815067e-01   1.0000000e+00
   2.9300000e+00   6.5654754e-01   1.0000000e+00
   2.9500000e+00   6.5485993e-01   1.0000000e+00
   2.9700000e+00   6.5308785e-01   1.0000000e+00
   2.9900000e+00   6.5100263e-01   1.0000000e+00
   3.0100000e+00   6.4915845e-01   1.0000000e+00
   3.0300000e+00   6.4755532e-01   1.0000000e+00
   3.0500000e+00   6.4595219e-01   1.0000000e+00
   3.0700000e+00   6.4434906e-01   1.0000000e+00
   3.0900000e+00   6.4274593e-01   1.0000000e+00
   3.1100000e+00   6.4137947e-01   1.0000000e+00
   3.1300000e+00   6.4010186e-01   1.0000000e+00
   3.1500000e+00   6.3891310e-01   1.0000000e+00
   3.1700000e+00   6.3731331e-01   1.0000000e+00
   3.1900000e+00   6.3597904e-01   1.0000000e+00
   3.2100000e+00   6.3491028e-01   1.0000000e+00
   3.2300000e+00   6.3384153e-01   1.0000000e+00
   3.2500000e+00   6.3262058e-01   1.0000000e+00
   3.2700000e+00   6.3124744e-01   1.0000000e+00
   3.2900000e+00   6.2983203e-01   1.0000000e+00
   3.3100000e+00   6.2855442e-01   1.0000000e+00
   3.3300000e+00   6.2741461e-01   1.0000000e+00
   3.3500000e+00   6.2581148e-01   1.0000000e+00
   3.3700000e+00   6.2420834e-01   1.0000000e+00
   3.3900000e+00   6.2260521e-01   1.0000000e+00
   3.4100000e+00   6.2137419e-01   1.0000000e+00
   3.4300000e+00   6.2009658e-01   1.0000000e+00
   3.4500000e+00   6.1877238e-01   1.0000000e+00
   3.4700000e+00   6.1730803e-01   1.0000000e+00
   3.4900000e+00   6.1604148e-01   1.0000000e+00
   3.5100000e+00   6.1497272e-01   1.0000000e+00
   3.5300000e+00   6.1390397e-01   1.0000000e+00
   3.5500000e+00   6.1283521e-01   1.0000000e+00
   3.5700000e+00   6.1176646e-01   1.0000000e+00
   3.5900000e+00   6.1069771e-01   1.0000000e+00
   3.6100000e+00   6.0973220e-01   1.0000000e+00
   3.6300000e+00   6.0886994e-01   1.0000000e+00
   3.6500000e+00   6.0833557e-01   1.0000000e+00
   3.6700000e+00   6.0780119e-01   1.0000000e+00
   3.6900000e+00   6.0726681e-01   1.0000000e+00
   3.7100000e+00   6.0622489e-01   1.0000000e+00
   3.7300000e+00   6.0516955e-01   1.0000000e+00
   3.7500000e+00   6.0410080e-01   1.0000000e+00
   3.7700000e+00   6.0303204e-01   1.0000000e+00
   3.7900000e+00   6.0196329e-01   1.0000000e+00
