   6.1000000e-01   9.7811962e-01   0.0000000e+00
   6.3000000e-01   9.5945604e-01   0.0000000e+00
   6.5000000e-01   9.3166843e-01   0.0000000e+00
   6.7000000e-01   9.0388082e-01   0.0000000e+00
   6.9000000e-01   8.7609322e-01   0.0000000e+00
   7.1000000e-01   8.5103716e-01   0.0000000e+00
   7.3000000e-01   8.2689564e-01   0.0000000e+00
   7.5000000e-01   8.0366866e-01   0.0000000e+00
   7.7000000e-01   7.8477568e-01   0.0000000e+00
   7.9000000e-01   7.6811912e-01   0.0000000e+00
   8.1000000e-01   7.5369900e-01   0.0000000e+00
   8.3000000e-01   7.3713331e-01   0.0000000e+00
   8.5000000e-01   7.2239804e-01   0.0000000e+00
   8.7000000e-01   7.0949318e-01   0.0000000e+00
   8.9000000e-01   6.9869969e-01   0.0000000e+00
   9.1000000e-01   6.8895048e-01   0.0000000e+00
   9.3000000e-01   6.8024555e-01   0.0000000e+00
   9.5000000e-01   6.7311023e-01   0.0000000e+00
   9.7000000e-01   6.6633631e-01   0.0000000e+00
   9.9000000e-01   6.5992379e-01   0.0000000e+00
   1.0100000e+00   6.5351126e-01   0.0000000e+00
   1.0300000e+00   6.4709874e-01   0.0000000e+00
   1.0500000e+00   6.4068622e-01   0.0000000e+00
   1.0700000e+00   6.3534579e-01   0.0000000e+00
   1.0900000e+00   6.3003018e-01   0.0000000e+00
   1.1100000e+00   6.2473938e-01   0.0000000e+00
   1.1300000e+00   6.1910930e-01   0.0000000e+00
   1.1500000e+00   6.1388957e-01   0.0000000e+00
   1.1700000e+00   6.0908018e-01   0.0000000e+00
   1.1900000e+00   6.0427078e-01   0.0000000e+00
   1.2100000e+00   5.9967393e-01   0.0000000e+00
   1.2300000e+00   5.9528962e-01   0.0000000e+00
   1.2500000e+00   5.9039777e-01   0.0000000e+00
   1.2700000e+00   5.8547171e-01   0.0000000e+00
   1.2900000e+00   5.8051145e-01   0.0000000e+00
   1.3100000e+00   5.7616134e-01   0.0000000e+00
   1.3300000e+00   5.7158159e-01   0.0000000e+00
   1.3500000e+00   5.6677220e-01   0.0000000e+00
   1.3700000e+00   5.6294841e-01   0.0000000e+00
   1.3900000e+00   5.5897813e-01   0.0000000e+00
   1.4100000e+00   5.5486135e-01   0.0000000e+00
   1.4300000e+00   5.5136475e-01   0.0000000e+00
   1.4500000e+00   5.4813770e-01   0.0000000e+00
   1.4700000e+00   5.4518020e-01   0.0000000e+00
   1.4900000e+00   5.4146571e-01   0.0000000e+00
   1.5100000e+00   5.3800533e-01   0.0000000e+00
   1.5300000e+00   5.3479906e-01   0.0000000e+00
   1.5500000e+00   5.3203666e-01   0.0000000e+00
   1.5700000e+00   5.2931951e-01   0.0000000e+00
   1.5900000e+00   5.2664763e-01   0.0000000e+00
   1.6100000e+00   5.2418627e-01   0.0000000e+00
   1.6300000e+00   5.2183990e-01   0.0000000e+00
   1.6500000e+00   5.1960853e-01   0.0000000e+00
   1.6700000e+00   5.1693665e-01   0.0000000e+00
   1.6900000e+00   5.1452055e-01   0.0000000e+00
   1.7100000e+00   5.1236024e-01   0.0000000e+00
   1.7300000e+00   5.1061764e-01   0.0000000e+00
   1.7500000e+00   5.0894478e-01   0.0000000e+00
   1.7700000e+00   5.0734165e-01   0.0000000e+00
   1.7900000e+00   5.0557693e-01   0.0000000e+00
   1.8100000e+00   5.0364828e-01   0.0000000e+00
   1.8300000e+00   5.0155569e-01   0.0000000e+00
   1.8500000e+00   4.9995256e-01   0.0000000e+00
   1.8700000e+00   4.9811811e-01   0.0000000e+00
   1.8900000e+00   4.9605235e-01   0.0000000e+00
   1.9100000e+00   4.9426081e-01   0.0000000e+00
   1.9300000e+00   4.9244882e-01   0.0000000e+00
   1.9500000e+00   4.9061639e-01   0.0000000e+00
   1.9700000e+00   4.8859152e-01   0.0000000e+00
   1.9900000e+00   4.8677752e-01   0.0000000e+00
   2.0100000e+00   4.8517438e-01   0.0000000e+00
   2.0300000e+00   4.8410160e-01   0.0000000e+00
   2.0500000e+00   4.8261715e-01   0.0000000e+00
   2.0700000e+00   4.8072103e-01   0.0000000e+00
   2.0900000e+00   4.7917756e-01   0.0000000e+00
   2.1100000e+00   4.7787144e-01   0.0000000e+00
   2.1300000e+00   4.7680269e-01   0.0000000e+00
   2.1500000e+00   4.7560656e-01   0.0000000e+00
   2.1700000e+00   4.7393974e-01   0.0000000e+00
   2.1900000e+00   4.7180223e-01   0.0000000e+00
   2.2100000e+00   4.7062753e-01   0.0000000e+00
   2.2300000e+00   4.6950579e-01   0.0000000e+00
   2.2500000e+00   4.6843704e-01   0.0000000e+00
   2.2700000e+00   4.6712022e-01   0.0000000e+00
   2.2900000e+00   4.6572594e-01   0.0000000e+00
   2.3100000e+00   4.6425422e-01   0.0000000e+00
   2.3300000e+00   4.6317072e-01   0.0000000e+00
   2.3500000e+00   4.6182741e-01   0.0000000e+00
   2.3700000e+00   4.6022427e-01   0.0000000e+00
   2.3900000e+00   4.5905360e-01   0.0000000e+00
   2.4100000e+00   4.5793388e-01   0.0000000e+00
   2.4300000e+00   4.5686513e-01   0.0000000e+00
   2.4500000e+00   4.5579638e-01   0.0000000e+00
   2.4700000e+00   4.5472762e-01   0.0000000e+00
   2.4900000e+00   4.5365887e-01   0.0000000e+00
   2.5100000e+00   4.5259011e-01   0.0000000e+00
   2.5300000e+00   4.5152136e-01   0.0000000e+00
   2.5500000e+00   4.5045261e-01   0.0000000e+00
   2.5700000e+00   4.4938385e-01   0.0000000e+00
   2.5900000e+00   4.4831510e-01   0.0000000e+00
   2.6100000e+00   4.4724634e-01   0.0000000e+00
   2.6300000e+00   4.4617759e-01   0.0000000e+00
   2.6500000e+00   4.4509208e-01   0.0000000e+00
   2.6700000e+00   4.4398981e-01   0.0000000e+00
   2.6900000e+00   4.4238668e-01   0.0000000e+00
   2.7100000e+00   4.4100916e-01   0.0000000e+00
   2.7300000e+00   4.3985726e-01   0.0000000e+00
   2.7500000e+00   4.3878850e-01   0.0000000e+00
   2.7700000e+00   4.3782870e-01   0.0000000e+00
   2.7900000e+00   4.3697784e-01   0.0000000e+00
   2.8100000e+00   4.3654470e-01   0.0000000e+00
   2.8300000e+00   4.3632813e-01   0.0000000e+00
   2.8500000e+00   4.3632813e-01   0.0000000e+00
   2.8700000e+00   4.3632813e-01   0.0000000e+00
   2.8900000e+00   4.3612698e-01   0.0000000e+00
   2.9100000e+00   4.3572470e-01   0.0000000e+00
   2.9300000e+00   4.3519033e-01   0.0000000e+00
   2.9500000e+00   4.3448700e-01   0.0000000e+00
   2.9700000e+00   4.3361472e-01   0.0000000e+00
   2.0000000e+00   7.4882812e-01   1.0000000e+00
   2.0200000e+00   7.4750226e-01   1.0000000e+00
   2.0400000e+00   7.4485052e-01   1.0000000e+00
   2.0600000e+00   7.4259232e-01   1.0000000e+00
   2.0800000e+00   7.4024596e-01   1.0000000e+00
   2.1000000e+00   7.3781143e-01   1.0000000e+00
   2.1200000e+00   7.3513954e-01   1.0000000e+00
   2.1400000e+00   7.3243582e-01   1.0000000e+00
   2.1600000e+00   7.2970024e-01   1.0000000e+00
   2.1800000e+00   7.2649398e-01   1.0000000e+00
   2.2000000e+00   7.2328772e-01   1.0000000e+00
   2.2200000e+00   7.2008145e-01   1.0000000e+00
   2.2400000e+00   7.1687519e-01   1.0000000e+00
   2.2600000e+00   7.1379297e-01   1.0000000e+00
   2.2800000e+00   7.1083478e-01   1.0000000e+00
   2.3000000e+00   7.0816289e-01   1.0000000e+00
   2.3200000e+00   7.0549838e-01   1.0000000e+00
   2.3400000e+00   7.0284123e-01   1.0000000e+00
   2.3600000e+00   7.0070372e-01   1.0000000e+00
   2.3800000e+00   6.9856622e-01   1.0000000e+00
   2.4000000e+00   6.9642871e-01   1.0000000e+00
   2.4200000e+00   6.9429120e-01   1.0000000e+00
   2.4400000e+00   6.9235282e-01   1.0000000e+00
   2.4600000e+00   6.9061356e-01   1.0000000e+00
   2.4800000e+00   6.8937989e-01   1.0000000e+00
   2.5000000e+00   6.8769429e-01   1.0000000e+00
   2.5200000e+00   6.8555678e-01   1.0000000e+00
   2.5400000e+00   6.8341928e-01   1.0000000e+00
   2.5600000e+00   6.8128177e-01   1.0000000e+00
   2.5800000e+00   6.7914426e-01   1.0000000e+00
   2.6000000e+00   6.7700675e-01   1.0000000e+00
   2.6200000e+00   6.7494433e-01   1.0000000e+00
   2.6400000e+00   6.7295700e-01   1.0000000e+00
   2.6600000e+00   6.7132036e-01   1.0000000e+00
   2.6800000e+00   6.6943328e-01   1.0000000e+00
   2.7000000e+00   6.6729577e-01   1.0000000e+00
   2.7200000e+00   6.6560949e-01   1.0000000e+00
   2.7400000e+00   6.6413207e-01   1.0000000e+00
   2.7600000e+00   6.6286350e-01   1.0000000e+00
   2.7800000e+00   6.6135895e-01   1.0000000e+00
   2.8000000e+00   6.5958854e-01   1.0000000e+00
   2.8200000e+00   6.5755226e-01   1.0000000e+00
   2.8400000e+00   6.5594913e-01   1.0000000e+00
   2.8600000e+00   6.5408653e-01   1.0000000e+00
   2.8800000e+00   6.5196445e-01   1.0000000e+00
   2.9000000e+00   6.5022922e-01   1.0000000e+00
   2.9200000e+00   6.4856004e-01   1.0000000e+00
   2.9400000e+00   6.4695691e-01   1.0000000e+00
   2.9600000e+00   6.4552273e-01   1.0000000e+00
   2.9800000e+00   6.4421898e-01   1.0000000e+00
   3.0000000e+00   6.4304565e-01   1.0000000e+00
   3.0200000e+00   6.4090814e-01   1.0000000e+00
   3.0400000e+00   6.3924064e-01   1.0000000e+00
   3.0600000e+00   6.3804313e-01   1.0000000e+00
   3.0800000e+00   6.3697437e-01   1.0000000e+00
   3.1000000e+00   6.3566895e-01   1.0000000e+00
   3.1200000e+00   6.3412685e-01   1.0000000e+00
   3.1400000e+00   6.3222936e-01   1.0000000e+00
   3.1600000e+00   6.3074623e-01   1.0000000e+00
   3.1800000e+00   6.2967748e-01   1.0000000e+00
   3.2000000e+00   6.2860872e-01   1.0000000e+00
   3.2200000e+00   6.2711892e-01   1.0000000e+00
   3.2400000e+00   6.2520805e-01   1.0000000e+00
   3.2600000e+00   6.2367932e-01   1.0000000e+00
   3.2800000e+00   6.2238058e-01   1.0000000e+00
   3.3000000e+00   6.2131183e-01   1.0000000e+00
   3.3200000e+00   6.2031413e-01   1.0000000e+00
   3.3400000e+00   6.1954810e-01   1.0000000e+00
   3.3600000e+00   6.1901372e-01   1.0000000e+00
   3.3800000e+00   6.1799057e-01   1.0000000e+00
   3.4000000e+00   6.1694462e-01   1.0000000e+00
   3.4200000e+00   6.1587587e-01   1.0000000e+00
   3.4400000e+00   6.1480711e-01   1.0000000e+00
   3.4600000e+00   6.1380775e-01   1.0000000e+00
   3.4800000e+00   6.1287777e-01   1.0000000e+00
   3.5000000e+00   6.1227705e-01   1.0000000e+00
   3.5200000e+00   6.1090794e-01   1.0000000e+00
   3.5400000e+00   6.0877043e-01   1.0000000e+00
   3.5600000e+00   6.0751258e-01   1.0000000e+00
   3.5800000e+00   6.0634927e-01   1.0000000e+00
   3.6000000e+00   6.0528052e-01   1.0000000e+00
   3.6200000e+00   6.0400527e-01   1.0000000e+00
   3.6400000e+00   6.0261099e-01   1.0000000e+00
   3.6600000e+00   6.0109769e-01   1.0000000e+00
   3.6800000e+00   6.0002894e-01   1.0000000e+00
   3.7000000e+00   5.9921396e-01   1.0000000e+00
   3.7200000e+00   5.9865275e-01   1.0000000e+00
   3.7400000e+00   5.9772749e-01   1.0000000e+00
   3.7600000e+00   5.9686759e-01   1.0000000e+00
   3.7800000e+00   5.9607305e-01   1.0000000e+00
   3.8000000e+00   5.9553868e-01   1.0000000e+00
