   6.0000000e-01   9.8134967e-01   0.0000000e+00
   6.2000000e-01   9.6015769e-01   0.0000000e+00
   6.4000000e-01   9.3324444e-01   0.0000000e+00
   6.6000000e-01   9.0060989e-01   0.0000000e+00
   6.8000000e-01   8.6747852e-01   0.0000000e+00
   7.0000000e-01   8.3958260e-01   0.0000000e+00
   7.2000000e-01   8.1692214e-01   0.0000000e+00
   7.4000000e-01   7.9506566e-01   0.0000000e+00
   7.6000000e-01   7.7446899e-01   0.0000000e+00
   7.8000000e-01   7.5513215e-01   0.0000000e+00
   8.0000000e-01   7.3848538e-01   0.0000000e+00
   8.2000000e-01   7.1840570e-01   0.0000000e+00
   8.4000000e-01   6.9489311e-01   0.0000000e+00
   8.6000000e-01   6.7922515e-01   0.0000000e+00
   8.8000000e-01   6.6486164e-01   0.0000000e+00
   9.0000000e-01   6.5180258e-01   0.0000000e+00
   9.2000000e-01   6.4067049e-01   0.0000000e+00
   9.4000000e-01   6.3028734e-01   0.0000000e+00
   9.6000000e-01   6.2065312e-01   0.0000000e+00
   9.8000000e-01   6.1215941e-01   0.0000000e+00
   1.0000000e+00   6.0390472e-01   0.0000000e+00
   1.0200000e+00   5.9588907e-01   0.0000000e+00
   1.0400000e+00   5.8787341e-01   0.0000000e+00
   1.0600000e+00   5.8075117e-01   0.0000000e+00
   1.0800000e+00   5.7452234e-01   0.0000000e+00
   1.1000000e+00   5.6845647e-01   0.0000000e+00
   1.1200000e+00   5.6219815e-01   0.0000000e+00
   1.1400000e+00   5.5574739e-01   0.0000000e+00
   1.1600000e+00   5.5092326e-01   0.0000000e+00
   1.1800000e+00   5.4557211e-01   0.0000000e+00
   1.2000000e+00   5.3969397e-01   0.0000000e+00
   1.2200000e+00   5.3466599e-01   0.0000000e+00
   1.2400000e+00   5.2974730e-01   0.0000000e+00
   1.2600000e+00   5.2493791e-01   0.0000000e+00
   1.2800000e+00   5.2032027e-01   0.0000000e+00
   1.3000000e+00   5.1587394e-01   0.0000000e+00
   1.3200000e+00   5.1159892e-01   0.0000000e+00
   1.3400000e+00   5.0732391e-01   0.0000000e+00
   1.3600000e+00   5.0354169e-01   0.0000000e+00
   1.3800000e+00   5.0025228e-01   0.0000000e+00
   1.4000000e+00   4.9704602e-01   0.0000000e+00
   1.4200000e+00   4.9396949e-01   0.0000000e+00
   1.4400000e+00   4.9102270e-01   0.0000000e+00
   1.4600000e+00   4.8835082e-01   0.0000000e+00
   1.4800000e+00   4.8567893e-01   0.0000000e+00
   1.5000000e+00   4.8300705e-01   0.0000000e+00
   1.5200000e+00   4.8033516e-01   0.0000000e+00
   1.5400000e+00   4.7788521e-01   0.0000000e+00
   1.5600000e+00   4.7565718e-01   0.0000000e+00
   1.5800000e+00   4.7351967e-01   0.0000000e+00
   1.6000000e+00   4.7138216e-01   0.0000000e+00
   1.6200000e+00   4.6924465e-01   0.0000000e+00
   1.6400000e+00   4.6710714e-01   0.0000000e+00
   1.6600000e+00   4.6496964e-01   0.0000000e+00
   1.6800000e+00   4.6283213e-01   0.0000000e+00
   1.7000000e+00   4.6120619e-01   0.0000000e+00
   1.7200000e+00   4.5959166e-01   0.0000000e+00
   1.7400000e+00   4.5798853e-01   0.0000000e+00
   1.7600000e+00   4.5610715e-01   0.0000000e+00
   1.7800000e+00   4.5425929e-01   0.0000000e+00
   1.8000000e+00   4.5244495e-01   0.0000000e+00
   1.8200000e+00   4.5133128e-01   0.0000000e+00
   1.8400000e+00   4.4997287e-01   0.0000000e+00
   1.8600000e+00   4.4836974e-01   0.0000000e+00
   1.8800000e+00   4.4676661e-01   0.0000000e+00
   1.9000000e+00   4.4533646e-01   0.0000000e+00
   1.9200000e+00   4.4407930e-01   0.0000000e+00
   1.9400000e+00   4.4278124e-01   0.0000000e+00
   1.9600000e+00   4.4144329e-01   0.0000000e+00
   1.9800000e+00   4.4006542e-01   0.0000000e+00
   2.0000000e+00   4.3953105e-01   0.0000000e+00
   2.0200000e+00   4.3846632e-01   0.0000000e+00
   2.0400000e+00   4.3687125e-01   0.0000000e+00
   2.0600000e+00   4.3568180e-01   0.0000000e+00
   2.0800000e+00   4.3455270e-01   0.0000000e+00
   2.1000000e+00   4.3348395e-01   0.0000000e+00
   2.1200000e+00   4.3259555e-01   0.0000000e+00
   2.1400000e+00   4.3185231e-01   0.0000000e+00
   2.1600000e+00   4.3125425e-01   0.0000000e+00
   2.1800000e+00   4.3018549e-01   0.0000000e+00
   2.2000000e+00   4.2911674e-01   0.0000000e+00
   2.2200000e+00   4.2804798e-01   0.0000000e+00
   2.2400000e+00   4.2697923e-01   0.0000000e+00
   2.2600000e+00   4.2591048e-01   0.0000000e+00
   2.2800000e+00   4.2484172e-01   0.0000000e+00
   2.3000000e+00   4.2390438e-01   0.0000000e+00
   2.3200000e+00   4.2316114e-01   0.0000000e+00
   2.3400000e+00   4.2261202e-01   0.0000000e+00
   2.3600000e+00   4.2154327e-01   0.0000000e+00
   2.3800000e+00   4.2047451e-01   0.0000000e+00
   2.4000000e+00   4.1940576e-01   0.0000000e+00
   2.4200000e+00   4.1833701e-01   0.0000000e+00
   2.4400000e+00   4.1736782e-01   0.0000000e+00
   2.4600000e+00   4.1649819e-01   0.0000000e+00
   2.4800000e+00   4.1596381e-01   0.0000000e+00
   2.5000000e+00   4.1542943e-01   0.0000000e+00
   2.5200000e+00   4.1489506e-01   0.0000000e+00
   2.5400000e+00   4.1436068e-01   0.0000000e+00
   2.5600000e+00   4.1382630e-01   0.0000000e+00
   2.5800000e+00   4.1329193e-01   0.0000000e+00
   2.6000000e+00   4.1249070e-01   0.0000000e+00
   2.6200000e+00   4.1170590e-01   0.0000000e+00
   2.6400000e+00   4.1093750e-01   0.0000000e+00
   2.6600000e+00   4.1093750e-01   0.0000000e+00
   2.6800000e+00   4.1093750e-01   0.0000000e+00
   2.7000000e+00   4.1093750e-01   0.0000000e+00
   2.7200000e+00   4.1093750e-01   0.0000000e+00
   2.7400000e+00   4.1093750e-01   0.0000000e+00
   2.7600000e+00   4.1093750e-01   0.0000000e+00
   2.7800000e+00   4.1093750e-01   0.0000000e+00
   2.8000000e+00   4.1093750e-01   0.0000000e+00
   2.8200000e+00   4.1093750e-01   0.0000000e+00
   2.8400000e+00   4.1093750e-01   0.0000000e+00
   2.8600000e+00   4.1119697e-01   0.0000000e+00
   2.8800000e+00   4.1171592e-01   0.0000000e+00
   2.9000000e+00   4.1225030e-01   0.0000000e+00
   2.9200000e+00   4.1278467e-01   0.0000000e+00
   2.9400000e+00   4.1331905e-01   0.0000000e+00
   2.9600000e+00   4.1368448e-01   0.0000000e+00
   2.9800000e+00   4.1386719e-01   0.0000000e+00
   3.0000000e+00   4.1386719e-01   0.0000000e+00
   3.0200000e+00   4.1386719e-01   0.0000000e+00
   3.0400000e+00   4.1386719e-01   0.0000000e+00
   3.0600000e+00   4.1386719e-01   0.0000000e+00
   3.0800000e+00   4.1386719e-01   0.0000000e+00
   3.1000000e+00   4.1374885e-01   0.0000000e+00
   3.1200000e+00   4.1351218e-01   0.0000000e+00
   3.1400000e+00   4.1309781e-01   0.0000000e+00
   3.1600000e+00   4.1288895e-01   0.0000000e+00
   3.1800000e+00   4.1288561e-01   0.0000000e+00
   3.2000000e+00   4.1235124e-01   0.0000000e+00
   3.2200000e+00   4.1181686e-01   0.0000000e+00
   3.2400000e+00   4.1128248e-01   0.0000000e+00
   3.2600000e+00   4.1044372e-01   0.0000000e+00
   3.2800000e+00   4.0958382e-01   0.0000000e+00
   3.3000000e+00   4.0870279e-01   0.0000000e+00
   3.3200000e+00   4.0809735e-01   0.0000000e+00
   3.3400000e+00   4.0726026e-01   0.0000000e+00
   3.3600000e+00   4.0619150e-01   0.0000000e+00
   3.3800000e+00   4.0561152e-01   0.0000000e+00
   3.4000000e+00   4.0505434e-01   0.0000000e+00
   3.4200000e+00   4.0451996e-01   0.0000000e+00
   2.0100000e+00   6.8734700e-01   1.0000000e+00
   2.0300000e+00   6.8360636e-01   1.0000000e+00
   2.0500000e+00   6.7986573e-01   1.0000000e+00
   2.0700000e+00   6.7612509e-01   1.0000000e+00
   2.0900000e+00   6.7357252e-01   1.0000000e+00
   2.1100000e+00   6.7131431e-01   1.0000000e+00
   2.1300000e+00   6.6935048e-01   1.0000000e+00
   2.1500000e+00   6.6680597e-01   1.0000000e+00
   2.1700000e+00   6.6473215e-01   1.0000000e+00
   2.1900000e+00   6.6312902e-01   1.0000000e+00
   2.2100000e+00   6.6104449e-01   1.0000000e+00
   2.2300000e+00   6.5911583e-01   1.0000000e+00
   2.2500000e+00   6.5734306e-01   1.0000000e+00
   2.2700000e+00   6.5549186e-01   1.0000000e+00
   2.2900000e+00   6.5349750e-01   1.0000000e+00
   2.3100000e+00   6.5136000e-01   1.0000000e+00
   2.3300000e+00   6.4922249e-01   1.0000000e+00
   2.3500000e+00   6.4708498e-01   1.0000000e+00
   2.3700000e+00   6.4494747e-01   1.0000000e+00
   2.3900000e+00   6.4280996e-01   1.0000000e+00
   2.4100000e+00   6.4067246e-01   1.0000000e+00
   2.4300000e+00   6.3853495e-01   1.0000000e+00
   2.4500000e+00   6.3619831e-01   1.0000000e+00
   2.4700000e+00   6.3373528e-01   1.0000000e+00
   2.4900000e+00   6.3114586e-01   1.0000000e+00
   2.5100000e+00   6.2900835e-01   1.0000000e+00
   2.5300000e+00   6.2687084e-01   1.0000000e+00
   2.5500000e+00   6.2473334e-01   1.0000000e+00
   2.5700000e+00   6.2221232e-01   1.0000000e+00
   2.5900000e+00   6.1974929e-01   1.0000000e+00
   2.6100000e+00   6.1734425e-01   1.0000000e+00
   2.6300000e+00   6.1505656e-01   1.0000000e+00
   2.6500000e+00   6.1259353e-01   1.0000000e+00
   2.6700000e+00   6.0995516e-01   1.0000000e+00
   2.6900000e+00   6.0781765e-01   1.0000000e+00
   2.7100000e+00   6.0545453e-01   1.0000000e+00
   2.7300000e+00   6.0286580e-01   1.0000000e+00
   2.7500000e+00   6.0086304e-01   1.0000000e+00
   2.7700000e+00   5.9895114e-01   1.0000000e+00
   2.7900000e+00   5.9713011e-01   1.0000000e+00
   2.8100000e+00   5.9509384e-01   1.0000000e+00
   2.8300000e+00   5.9327413e-01   1.0000000e+00
   2.8500000e+00   5.9167100e-01   1.0000000e+00
   2.8700000e+00   5.9058682e-01   1.0000000e+00
   2.8900000e+00   5.8991263e-01   1.0000000e+00
   2.9100000e+00   5.8964844e-01   1.0000000e+00
   2.9300000e+00   5.8936282e-01   1.0000000e+00
   2.9500000e+00   5.8895282e-01   1.0000000e+00
   2.9700000e+00   5.8841845e-01   1.0000000e+00
   2.9900000e+00   5.8788407e-01   1.0000000e+00
   3.0100000e+00   5.8734969e-01   1.0000000e+00
   3.0300000e+00   5.8681532e-01   1.0000000e+00
   3.0500000e+00   5.8628094e-01   1.0000000e+00
   3.0700000e+00   5.8556990e-01   1.0000000e+00
   3.0900000e+00   5.8468218e-01   1.0000000e+00
   3.1100000e+00   5.8361343e-01   1.0000000e+00
   3.1300000e+00   5.8254467e-01   1.0000000e+00
   3.1500000e+00   5.8147592e-01   1.0000000e+00
   3.1700000e+00   5.8040383e-01   1.0000000e+00
   3.1900000e+00   5.7906621e-01   1.0000000e+00
   3.2100000e+00   5.7746308e-01   1.0000000e+00
   3.2300000e+00   5.7585995e-01   1.0000000e+00
   3.2500000e+00   5.7456121e-01   1.0000000e+00
   3.2700000e+00   5.7356685e-01   1.0000000e+00
   3.2900000e+00   5.7322020e-01   1.0000000e+00
   2.6400000e+00   7.4567317e-01   2.0000000e+00
   2.6600000e+00   7.4507176e-01   2.0000000e+00
   2.6800000e+00   7.4396949e-01   2.0000000e+00
   2.7000000e+00   7.4236636e-01   2.0000000e+00
   2.7200000e+00   7.4031200e-01   2.0000000e+00
   2.7400000e+00   7.3838335e-01   2.0000000e+00
   2.7600000e+00   7.3658041e-01   2.0000000e+00
   2.7800000e+00   7.3454148e-01   2.0000000e+00
   2.8000000e+00   7.3223669e-01   2.0000000e+00
   2.8200000e+00   7.2966604e-01   2.0000000e+00
   2.8400000e+00   7.2752853e-01   2.0000000e+00
   2.8600000e+00   7.2539102e-01   2.0000000e+00
   2.8800000e+00   7.2325351e-01   2.0000000e+00
   2.9000000e+00   7.2111600e-01   2.0000000e+00
   2.9200000e+00   7.1912131e-01   2.0000000e+00
   2.9400000e+00   7.1726941e-01   2.0000000e+00
   2.9600000e+00   7.1566628e-01   2.0000000e+00
   2.9800000e+00   7.1406315e-01   2.0000000e+00
   3.0000000e+00   7.1246002e-01   2.0000000e+00
   3.0200000e+00   7.1085689e-01   2.0000000e+00
   3.0400000e+00   7.0901876e-01   2.0000000e+00
   3.0600000e+00   7.0694563e-01   2.0000000e+00
   3.0800000e+00   7.0410145e-01   2.0000000e+00
   3.1000000e+00   7.0131290e-01   2.0000000e+00
   3.1200000e+00   6.9857998e-01   2.0000000e+00
   3.1400000e+00   6.9644247e-01   2.0000000e+00
   3.1600000e+00   6.9430830e-01   2.0000000e+00
   3.1800000e+00   6.9217748e-01   2.0000000e+00
   3.2000000e+00   6.9110872e-01   2.0000000e+00
   3.2200000e+00   6.8982944e-01   2.0000000e+00
   3.2400000e+00   6.8833963e-01   2.0000000e+00
   3.2600000e+00   6.8734528e-01   2.0000000e+00
   3.2800000e+00   6.8658092e-01   2.0000000e+00
   3.3000000e+00   6.8604654e-01   2.0000000e+00
   3.3200000e+00   6.8551216e-01   2.0000000e+00
   3.3400000e+00   6.8497778e-01   2.0000000e+00
   3.3600000e+00   6.8444341e-01   2.0000000e+00
   3.3800000e+00   6.8342026e-01   2.0000000e+00
   3.4000000e+00   6.8237431e-01   2.0000000e+00
   3.4200000e+00   6.8130555e-01   2.0000000e+00
   3.4400000e+00   6.8023680e-01   2.0000000e+00
   3.4600000e+00   6.7902927e-01   2.0000000e+00
   3.4800000e+00   6.7768296e-01   2.0000000e+00
   3.5000000e+00   6.7556756e-01   2.0000000e+00
