   6.0000000e-01   9.4831048e-01   0.0000000e+00
   6.2000000e-01   9.2882553e-01   0.0000000e+00
   6.4000000e-01   9.0692816e-01   0.0000000e+00
   6.6000000e-01   8.8261838e-01   0.0000000e+00
   6.8000000e-01   8.5483077e-01   0.0000000e+00
   7.0000000e-01   8.2954708e-01   0.0000000e+00
   7.2000000e-01   8.0676730e-01   0.0000000e+00
   7.4000000e-01   7.8790518e-01   0.0000000e+00
   7.6000000e-01   7.7070083e-01   0.0000000e+00
   7.8000000e-01   7.5515426e-01   0.0000000e+00
   8.0000000e-01   7.4147905e-01   0.0000000e+00
   8.2000000e-01   7.2716016e-01   0.0000000e+00
   8.4000000e-01   7.1219760e-01   0.0000000e+00
   8.6000000e-01   7.0089588e-01   0.0000000e+00
   8.8000000e-01   6.9044668e-01   0.0000000e+00
   9.0000000e-01   6.8085000e-01   0.0000000e+00
   9.2000000e-01   6.7321383e-01   0.0000000e+00
   9.4000000e-01   6.6618948e-01   0.0000000e+00
   9.6000000e-01   6.5977695e-01   0.0000000e+00
   9.8000000e-01   6.5336443e-01   0.0000000e+00
   1.0000000e+00   6.4695190e-01   0.0000000e+00
   1.0200000e+00   6.4053938e-01   0.0000000e+00
   1.0400000e+00   6.3460088e-01   0.0000000e+00
   1.0600000e+00   6.2904993e-01   0.0000000e+00
   1.0800000e+00   6.2388651e-01   0.0000000e+00
   1.1000000e+00   6.1883642e-01   0.0000000e+00
   1.1200000e+00   6.1376352e-01   0.0000000e+00
   1.1400000e+00   6.0866782e-01   0.0000000e+00
   1.1600000e+00   6.0438543e-01   0.0000000e+00
   1.1800000e+00   5.9983954e-01   0.0000000e+00
   1.2000000e+00   5.9503015e-01   0.0000000e+00
   1.2200000e+00   5.9064584e-01   0.0000000e+00
   1.2400000e+00   5.8631618e-01   0.0000000e+00
   1.2600000e+00   5.8204116e-01   0.0000000e+00
   1.2800000e+00   5.7776614e-01   0.0000000e+00
   1.3000000e+00   5.7349113e-01   0.0000000e+00
   1.3200000e+00   5.6921611e-01   0.0000000e+00
   1.3400000e+00   5.6494110e-01   0.0000000e+00
   1.3600000e+00   5.6091248e-01   0.0000000e+00
   1.3800000e+00   5.5713026e-01   0.0000000e+00
   1.4000000e+00   5.5376576e-01   0.0000000e+00
   1.4200000e+00   5.5061012e-01   0.0000000e+00
   1.4400000e+00   5.4766333e-01   0.0000000e+00
   1.4600000e+00   5.4499144e-01   0.0000000e+00
   1.4800000e+00   5.4231956e-01   0.0000000e+00
   1.5000000e+00   5.3964767e-01   0.0000000e+00
   1.5200000e+00   5.3697579e-01   0.0000000e+00
   1.5400000e+00   5.3452583e-01   0.0000000e+00
   1.5600000e+00   5.3229780e-01   0.0000000e+00
   1.5800000e+00   5.3016029e-01   0.0000000e+00
   1.6000000e+00   5.2802279e-01   0.0000000e+00
   1.6200000e+00   5.2588528e-01   0.0000000e+00
   1.6400000e+00   5.2374777e-01   0.0000000e+00
   1.6600000e+00   5.2161026e-01   0.0000000e+00
   1.6800000e+00   5.1947275e-01   0.0000000e+00
   1.7000000e+00   5.1784682e-01   0.0000000e+00
   1.7200000e+00   5.1642974e-01   0.0000000e+00
   1.7400000e+00   5.1522152e-01   0.0000000e+00
   1.7600000e+00   5.1359628e-01   0.0000000e+00
   1.7800000e+00   5.1187648e-01   0.0000000e+00
   1.8000000e+00   5.1006213e-01   0.0000000e+00
   1.8200000e+00   5.0899338e-01   0.0000000e+00
   1.8400000e+00   5.0792463e-01   0.0000000e+00
   1.8600000e+00   5.0685587e-01   0.0000000e+00
   1.8800000e+00   5.0486186e-01   0.0000000e+00
   1.9000000e+00   5.0296908e-01   0.0000000e+00
   1.9200000e+00   5.0117754e-01   0.0000000e+00
   1.9400000e+00   4.9934511e-01   0.0000000e+00
   1.9600000e+00   4.9736014e-01   0.0000000e+00
   1.9800000e+00   4.9522263e-01   0.0000000e+00
   2.0000000e+00   4.9308512e-01   0.0000000e+00
   2.0200000e+00   4.9121279e-01   0.0000000e+00
   2.0400000e+00   4.8960563e-01   0.0000000e+00
   2.0600000e+00   4.8800250e-01   0.0000000e+00
   2.0800000e+00   4.8625086e-01   0.0000000e+00
   2.1000000e+00   4.8435071e-01   0.0000000e+00
   2.1200000e+00   4.8239355e-01   0.0000000e+00
   2.1400000e+00   4.8064525e-01   0.0000000e+00
   2.1600000e+00   4.7910581e-01   0.0000000e+00
   2.1800000e+00   4.7803706e-01   0.0000000e+00
   2.2000000e+00   4.7696830e-01   0.0000000e+00
   2.2200000e+00   4.7589955e-01   0.0000000e+00
   2.2400000e+00   4.7483079e-01   0.0000000e+00
   2.2600000e+00   4.7376204e-01   0.0000000e+00
   2.2800000e+00   4.7269329e-01   0.0000000e+00
   2.3000000e+00   4.7175594e-01   0.0000000e+00
   2.3200000e+00   4.7100533e-01   0.0000000e+00
   2.3400000e+00   4.7044147e-01   0.0000000e+00
   2.3600000e+00   4.6883834e-01   0.0000000e+00
   2.3800000e+00   4.6766766e-01   0.0000000e+00
   2.4000000e+00   4.6692944e-01   0.0000000e+00
   2.4200000e+00   4.6607928e-01   0.0000000e+00
   2.4400000e+00   4.6502025e-01   0.0000000e+00
   2.4600000e+00   4.6375237e-01   0.0000000e+00
   2.4800000e+00   4.6223170e-01   0.0000000e+00
   2.5000000e+00   4.6093699e-01   0.0000000e+00
   2.5200000e+00   4.5986824e-01   0.0000000e+00
   2.5400000e+00   4.5879948e-01   0.0000000e+00
   2.5600000e+00   4.5773073e-01   0.0000000e+00
   2.5800000e+00   4.5666197e-01   0.0000000e+00
   2.6000000e+00   4.5586006e-01   0.0000000e+00
   2.6200000e+00   4.5504174e-01   0.0000000e+00
   2.6400000e+00   4.5420700e-01   0.0000000e+00
   2.6600000e+00   4.5263739e-01   0.0000000e+00
   2.6800000e+00   4.5131820e-01   0.0000000e+00
   2.7000000e+00   4.5024945e-01   0.0000000e+00
   2.7200000e+00   4.4918070e-01   0.0000000e+00
   2.7400000e+00   4.4827922e-01   0.0000000e+00
   2.7600000e+00   4.4754503e-01   0.0000000e+00
   2.7800000e+00   4.4679276e-01   0.0000000e+00
   2.8000000e+00   4.4593286e-01   0.0000000e+00
   2.8200000e+00   4.4496534e-01   0.0000000e+00
   2.8400000e+00   4.4443096e-01   0.0000000e+00
   2.8600000e+00   4.4337764e-01   0.0000000e+00
   2.8800000e+00   4.4180537e-01   0.0000000e+00
   2.9000000e+00   4.4100680e-01   0.0000000e+00
   2.9200000e+00   4.4034033e-01   0.0000000e+00
   2.9400000e+00   4.3980595e-01   0.0000000e+00
   2.9600000e+00   4.3910262e-01   0.0000000e+00
   2.9800000e+00   4.3821658e-01   0.0000000e+00
   3.0000000e+00   4.3714783e-01   0.0000000e+00
   3.0200000e+00   4.3607907e-01   0.0000000e+00
   3.0400000e+00   4.3524532e-01   0.0000000e+00
   3.0600000e+00   4.3464656e-01   0.0000000e+00
   3.0800000e+00   4.3411219e-01   0.0000000e+00
   3.1000000e+00   4.3345947e-01   0.0000000e+00
   3.1200000e+00   4.3268843e-01   0.0000000e+00
   3.1400000e+00   4.3161967e-01   0.0000000e+00
   3.1600000e+00   4.3055259e-01   0.0000000e+00
   3.1800000e+00   4.2948718e-01   0.0000000e+00
   3.2000000e+00   4.2895280e-01   0.0000000e+00
   3.2200000e+00   4.2841842e-01   0.0000000e+00
   3.2400000e+00   4.2788404e-01   0.0000000e+00
   3.2600000e+00   4.2704528e-01   0.0000000e+00
   3.2800000e+00   4.2609152e-01   0.0000000e+00
   3.3000000e+00   4.2502276e-01   0.0000000e+00
   3.3200000e+00   4.2409613e-01   0.0000000e+00
   3.3400000e+00   4.2363281e-01   0.0000000e+00
   3.3600000e+00   4.2363281e-01   0.0000000e+00
   3.3800000e+00   4.2265527e-01   0.0000000e+00
   3.4000000e+00   4.2163212e-01   0.0000000e+00
   3.4200000e+00   4.2056336e-01   0.0000000e+00
   3.4400000e+00   4.1949461e-01   0.0000000e+00
   3.4600000e+00   4.1856464e-01   0.0000000e+00
   3.4800000e+00   4.1777344e-01   0.0000000e+00
   3.5000000e+00   4.1772921e-01   0.0000000e+00
   3.5200000e+00   4.1717272e-01   0.0000000e+00
   3.5400000e+00   4.1610397e-01   0.0000000e+00
   3.5600000e+00   4.1503521e-01   0.0000000e+00
   3.5800000e+00   4.1412804e-01   0.0000000e+00
   3.6000000e+00   4.1338245e-01   0.0000000e+00
   3.6200000e+00   4.1284807e-01   0.0000000e+00
   3.6400000e+00   4.1226878e-01   0.0000000e+00
   3.6600000e+00   4.1164457e-01   0.0000000e+00
   3.6800000e+00   4.1057581e-01   0.0000000e+00
   3.7000000e+00   4.0950706e-01   0.0000000e+00
   3.7200000e+00   4.0843830e-01   0.0000000e+00
   3.7400000e+00   4.0815131e-01   0.0000000e+00
   3.7600000e+00   4.0787070e-01   0.0000000e+00
   3.7800000e+00   4.0759649e-01   0.0000000e+00
   2.0100000e+00   7.7034273e-01   1.0000000e+00
   2.0300000e+00   7.6714049e-01   1.0000000e+00
   2.0500000e+00   7.6414309e-01   1.0000000e+00
   2.0700000e+00   7.6135051e-01   1.0000000e+00
   2.0900000e+00   7.5867862e-01   1.0000000e+00
   2.1100000e+00   7.5609691e-01   1.0000000e+00
   2.1300000e+00   7.5360538e-01   1.0000000e+00
   2.1500000e+00   7.5146787e-01   1.0000000e+00
   2.1700000e+00   7.4933037e-01   1.0000000e+00
   2.1900000e+00   7.4719286e-01   1.0000000e+00
   2.2100000e+00   7.4505535e-01   1.0000000e+00
   2.2300000e+00   7.4273547e-01   1.0000000e+00
   2.2500000e+00   7.4023323e-01   1.0000000e+00
   2.2700000e+00   7.3780941e-01   1.0000000e+00
   2.2900000e+00   7.3552875e-01   1.0000000e+00
   2.3100000e+00   7.3339125e-01   1.0000000e+00
   2.3300000e+00   7.3125374e-01   1.0000000e+00
   2.3500000e+00   7.2911623e-01   1.0000000e+00
   2.3700000e+00   7.2697872e-01   1.0000000e+00
   2.3900000e+00   7.2570612e-01   1.0000000e+00
   2.4100000e+00   7.2437755e-01   1.0000000e+00
   2.4300000e+00   7.2299301e-01   1.0000000e+00
   2.4500000e+00   7.2138988e-01   1.0000000e+00
   2.4700000e+00   7.1986921e-01   1.0000000e+00
   2.4900000e+00   7.1843100e-01   1.0000000e+00
   2.5100000e+00   7.1789662e-01   1.0000000e+00
   2.5300000e+00   7.1686207e-01   1.0000000e+00
   2.5500000e+00   7.1532735e-01   1.0000000e+00
   2.5700000e+00   7.1449123e-01   1.0000000e+00
   2.5900000e+00   7.1353914e-01   1.0000000e+00
   2.6100000e+00   7.1247108e-01   1.0000000e+00
   2.6300000e+00   7.1101812e-01   1.0000000e+00
   2.6500000e+00   7.0975727e-01   1.0000000e+00
   2.6700000e+00   7.0868852e-01   1.0000000e+00
   2.6900000e+00   7.0761976e-01   1.0000000e+00
   2.7100000e+00   7.0632540e-01   1.0000000e+00
   2.7300000e+00   7.0480542e-01   1.0000000e+00
   2.7500000e+00   7.0353685e-01   1.0000000e+00
   2.7700000e+00   7.0225924e-01   1.0000000e+00
   2.7900000e+00   7.0097258e-01   1.0000000e+00
   2.8100000e+00   6.9947069e-01   1.0000000e+00
   2.8300000e+00   6.9818536e-01   1.0000000e+00
   2.8500000e+00   6.9711661e-01   1.0000000e+00
   2.8700000e+00   6.9656680e-01   1.0000000e+00
   2.8900000e+00   6.9622585e-01   1.0000000e+00
   2.9100000e+00   6.9609375e-01   1.0000000e+00
   2.9300000e+00   6.9580813e-01   1.0000000e+00
   2.9500000e+00   6.9531366e-01   1.0000000e+00
   2.9700000e+00   6.9461033e-01   1.0000000e+00
   2.9900000e+00   6.9348929e-01   1.0000000e+00
   3.0100000e+00   6.9212720e-01   1.0000000e+00
   3.0300000e+00   6.9052407e-01   1.0000000e+00
   3.0500000e+00   6.8845094e-01   1.0000000e+00
   3.0700000e+00   6.8634562e-01   1.0000000e+00
   3.0900000e+00   6.8420812e-01   1.0000000e+00
   3.1100000e+00   6.8183394e-01   1.0000000e+00
   3.1300000e+00   6.7937091e-01   1.0000000e+00
   3.1500000e+00   6.7681903e-01   1.0000000e+00
   3.1700000e+00   6.7468486e-01   1.0000000e+00
   3.1900000e+00   6.7281621e-01   1.0000000e+00
   3.2100000e+00   6.7121308e-01   1.0000000e+00
