   6.1000000e-01   9.7455024e-01   0.0000000e+00
   6.3000000e-01   9.6390231e-01   0.0000000e+00
   6.5000000e-01   9.4364228e-01   0.0000000e+00
   6.7000000e-01   9.2015284e-01   0.0000000e+00
   6.9000000e-01   8.9343398e-01   0.0000000e+00
   7.1000000e-01   8.6853616e-01   0.0000000e+00
   7.3000000e-01   8.4481236e-01   0.0000000e+00
   7.5000000e-01   8.2226257e-01   0.0000000e+00
   7.7000000e-01   8.0355062e-01   0.0000000e+00
   7.9000000e-01   7.8650284e-01   0.0000000e+00
   8.1000000e-01   7.7111923e-01   0.0000000e+00
   8.3000000e-01   7.5401917e-01   0.0000000e+00
   8.5000000e-01   7.3770357e-01   0.0000000e+00
   8.7000000e-01   7.2217243e-01   0.0000000e+00
   8.9000000e-01   7.0748812e-01   0.0000000e+00
   9.1000000e-01   6.9380081e-01   0.0000000e+00
   9.3000000e-01   6.8111051e-01   0.0000000e+00
   9.5000000e-01   6.7075350e-01   0.0000000e+00
   9.7000000e-01   6.6135630e-01   0.0000000e+00
   9.9000000e-01   6.5291890e-01   0.0000000e+00
   1.0100000e+00   6.4543762e-01   0.0000000e+00
   1.0300000e+00   6.3795634e-01   0.0000000e+00
   1.0500000e+00   6.3047506e-01   0.0000000e+00
   1.0700000e+00   6.2406588e-01   0.0000000e+00
   1.0900000e+00   6.1792222e-01   0.0000000e+00
   1.1100000e+00   6.1204407e-01   0.0000000e+00
   1.1300000e+00   6.0628996e-01   0.0000000e+00
   1.1500000e+00   6.0074102e-01   0.0000000e+00
   1.1700000e+00   5.9539725e-01   0.0000000e+00
   1.1900000e+00   5.9005347e-01   0.0000000e+00
   1.2100000e+00   5.8470970e-01   0.0000000e+00
   1.2300000e+00   5.7936593e-01   0.0000000e+00
   1.2500000e+00   5.7433058e-01   0.0000000e+00
   1.2700000e+00   5.6931233e-01   0.0000000e+00
   1.2900000e+00   5.6431118e-01   0.0000000e+00
   1.3100000e+00   5.5896742e-01   0.0000000e+00
   1.3300000e+00   5.5362364e-01   0.0000000e+00
   1.3500000e+00   5.4827987e-01   0.0000000e+00
   1.3700000e+00   5.4441451e-01   0.0000000e+00
   1.3900000e+00   5.4042344e-01   0.0000000e+00
   1.4100000e+00   5.3630666e-01   0.0000000e+00
   1.4300000e+00   5.3203165e-01   0.0000000e+00
   1.4500000e+00   5.2775663e-01   0.0000000e+00
   1.4700000e+00   5.2348161e-01   0.0000000e+00
   1.4900000e+00   5.1925888e-01   0.0000000e+00
   1.5100000e+00   5.1554439e-01   0.0000000e+00
   1.5300000e+00   5.1233813e-01   0.0000000e+00
   1.5500000e+00   5.0913186e-01   0.0000000e+00
   1.5700000e+00   5.0592560e-01   0.0000000e+00
   1.5900000e+00   5.0271934e-01   0.0000000e+00
   1.6100000e+00   4.9972360e-01   0.0000000e+00
   1.6300000e+00   4.9698366e-01   0.0000000e+00
   1.6500000e+00   4.9449950e-01   0.0000000e+00
   1.6700000e+00   4.9289636e-01   0.0000000e+00
   1.6900000e+00   4.9103745e-01   0.0000000e+00
   1.7100000e+00   4.8892274e-01   0.0000000e+00
   1.7300000e+00   4.8718014e-01   0.0000000e+00
   1.7500000e+00   4.8564640e-01   0.0000000e+00
   1.7700000e+00   4.8432151e-01   0.0000000e+00
   1.7900000e+00   4.8309118e-01   0.0000000e+00
   1.8100000e+00   4.8169690e-01   0.0000000e+00
   1.8300000e+00   4.8013869e-01   0.0000000e+00
   1.8500000e+00   4.7906993e-01   0.0000000e+00
   1.8700000e+00   4.7800118e-01   0.0000000e+00
   1.8900000e+00   4.7693243e-01   0.0000000e+00
   1.9100000e+00   4.7586367e-01   0.0000000e+00
   1.9300000e+00   4.7479492e-01   0.0000000e+00
   1.9500000e+00   4.7372616e-01   0.0000000e+00
   1.9700000e+00   4.7265741e-01   0.0000000e+00
   1.9900000e+00   4.7158866e-01   0.0000000e+00
   2.0100000e+00   4.7051990e-01   0.0000000e+00
   2.0300000e+00   4.6892080e-01   0.0000000e+00
   2.0500000e+00   4.6752653e-01   0.0000000e+00
   2.0700000e+00   4.6633708e-01   0.0000000e+00
   2.0900000e+00   4.6526832e-01   0.0000000e+00
   2.1100000e+00   4.6401922e-01   0.0000000e+00
   2.1300000e+00   4.6258976e-01   0.0000000e+00
   2.1500000e+00   4.6057963e-01   0.0000000e+00
   2.1700000e+00   4.5904018e-01   0.0000000e+00
   2.1900000e+00   4.5797143e-01   0.0000000e+00
   2.2100000e+00   4.5690267e-01   0.0000000e+00
   2.2300000e+00   4.5583392e-01   0.0000000e+00
   2.2500000e+00   4.5476517e-01   0.0000000e+00
   2.2700000e+00   4.5369641e-01   0.0000000e+00
   2.2900000e+00   4.5262766e-01   0.0000000e+00
   2.3100000e+00   4.5155890e-01   0.0000000e+00
   2.3300000e+00   4.5050489e-01   0.0000000e+00
   2.3500000e+00   4.4971070e-01   0.0000000e+00
   2.3700000e+00   4.4917632e-01   0.0000000e+00
   2.3900000e+00   4.4820949e-01   0.0000000e+00
   2.4100000e+00   4.4734959e-01   0.0000000e+00
   2.4300000e+00   4.4659663e-01   0.0000000e+00
   2.4500000e+00   4.4606225e-01   0.0000000e+00
   2.4700000e+00   4.4556910e-01   0.0000000e+00
   2.4900000e+00   4.4511719e-01   0.0000000e+00
   2.5100000e+00   4.4511719e-01   0.0000000e+00
   2.5300000e+00   4.4486710e-01   0.0000000e+00
   2.5500000e+00   4.4436693e-01   0.0000000e+00
   2.5700000e+00   4.4383255e-01   0.0000000e+00
   2.5900000e+00   4.4329817e-01   0.0000000e+00
   2.6100000e+00   4.4276380e-01   0.0000000e+00
   2.6300000e+00   4.4237960e-01   0.0000000e+00
   2.6500000e+00   4.4217074e-01   0.0000000e+00
   2.6700000e+00   4.4213723e-01   0.0000000e+00
   2.6900000e+00   4.4160285e-01   0.0000000e+00
   2.7100000e+00   4.4129409e-01   0.0000000e+00
   2.7300000e+00   4.4121094e-01   0.0000000e+00
   2.7500000e+00   4.4121094e-01   0.0000000e+00
   2.7700000e+00   4.4099304e-01   0.0000000e+00
   2.7900000e+00   4.4055724e-01   0.0000000e+00
   2.8100000e+00   4.3969096e-01   0.0000000e+00
   2.8300000e+00   4.3925781e-01   0.0000000e+00
   2.8500000e+00   4.3925781e-01   0.0000000e+00
   2.8700000e+00   4.3873887e-01   0.0000000e+00
   2.8900000e+00   4.3821221e-01   0.0000000e+00
   2.9100000e+00   4.3767783e-01   0.0000000e+00
   2.9300000e+00   4.3742907e-01   0.0000000e+00
   2.9500000e+00   4.3713574e-01   0.0000000e+00
   2.9700000e+00   4.3679783e-01   0.0000000e+00
   2.9900000e+00   4.3583365e-01   0.0000000e+00
   3.0100000e+00   4.3535156e-01   0.0000000e+00
   3.0300000e+00   4.3535156e-01   0.0000000e+00
   3.0500000e+00   4.3441156e-01   0.0000000e+00
   3.0700000e+00   4.3376052e-01   0.0000000e+00
   3.0900000e+00   4.3339844e-01   0.0000000e+00
   3.1100000e+00   4.3292510e-01   0.0000000e+00
   3.1300000e+00   4.3227405e-01   0.0000000e+00
   3.1500000e+00   4.3144531e-01   0.0000000e+00
   3.1700000e+00   4.3143863e-01   0.0000000e+00
   3.1900000e+00   4.3090091e-01   0.0000000e+00
   3.2100000e+00   4.2983216e-01   0.0000000e+00
   3.2300000e+00   4.2918446e-01   0.0000000e+00
   3.2500000e+00   4.2859342e-01   0.0000000e+00
   3.2700000e+00   4.2805904e-01   0.0000000e+00
   3.2900000e+00   4.2752466e-01   0.0000000e+00
   3.3100000e+00   4.2699029e-01   0.0000000e+00
   3.3300000e+00   4.2645591e-01   0.0000000e+00
   3.3500000e+00   4.2592153e-01   0.0000000e+00
   3.3700000e+00   4.2514277e-01   0.0000000e+00
   3.3900000e+00   4.2411962e-01   0.0000000e+00
   3.4100000e+00   4.2379508e-01   0.0000000e+00
   3.4300000e+00   4.2350509e-01   0.0000000e+00
   3.4500000e+00   4.2324965e-01   0.0000000e+00
   3.4700000e+00   4.2271527e-01   0.0000000e+00
   3.4900000e+00   4.2218089e-01   0.0000000e+00
   3.5100000e+00   4.2164652e-01   0.0000000e+00
   3.5300000e+00   4.2111214e-01   0.0000000e+00
   3.5500000e+00   4.2057776e-01   0.0000000e+00
   3.5700000e+00   4.2004339e-01   0.0000000e+00
   3.5900000e+00   4.1950901e-01   0.0000000e+00
   3.6100000e+00   4.1907788e-01   0.0000000e+00
   3.6300000e+00   4.1875000e-01   0.0000000e+00
   3.6500000e+00   4.1866017e-01   0.0000000e+00
   3.6700000e+00   4.1834806e-01   0.0000000e+00
   3.6900000e+00   4.1781369e-01   0.0000000e+00
   3.7100000e+00   4.1727931e-01   0.0000000e+00
   3.7300000e+00   4.1674493e-01   0.0000000e+00
   3.7500000e+00   4.1621055e-01   0.0000000e+00
   3.7700000e+00   4.1567618e-01   0.0000000e+00
   3.7900000e+00   4.1522058e-01   0.0000000e+00
   2.0100000e+00   7.3127418e-01   1.0000000e+00
   2.0300000e+00   7.2966702e-01   1.0000000e+00
   2.0500000e+00   7.2764819e-01   1.0000000e+00
   2.0700000e+00   7.2521769e-01   1.0000000e+00
   2.0900000e+00   7.2284283e-01   1.0000000e+00
   2.1100000e+00   7.2049646e-01   1.0000000e+00
   2.1300000e+00   7.1817860e-01   1.0000000e+00
   2.1500000e+00   7.1550672e-01   1.0000000e+00
   2.1700000e+00   7.1283483e-01   1.0000000e+00
   2.1900000e+00   7.1016295e-01   1.0000000e+00
   2.2100000e+00   7.0797246e-01   1.0000000e+00
   2.2300000e+00   7.0562610e-01   1.0000000e+00
   2.2500000e+00   7.0312385e-01   1.0000000e+00
   2.2700000e+00   7.0045197e-01   1.0000000e+00
   2.2900000e+00   6.9784579e-01   1.0000000e+00
   2.3100000e+00   6.9530531e-01   1.0000000e+00
   2.3300000e+00   6.9316780e-01   1.0000000e+00
   2.3500000e+00   6.9103029e-01   1.0000000e+00
   2.3700000e+00   6.8889278e-01   1.0000000e+00
   2.3900000e+00   6.8675528e-01   1.0000000e+00
   2.4100000e+00   6.8445987e-01   1.0000000e+00
   2.4300000e+00   6.8200657e-01   1.0000000e+00
   2.4500000e+00   6.7933469e-01   1.0000000e+00
   2.4700000e+00   6.7674526e-01   1.0000000e+00
   2.4900000e+00   6.7423830e-01   1.0000000e+00
   2.5100000e+00   6.7263517e-01   1.0000000e+00
   2.5300000e+00   6.7078195e-01   1.0000000e+00
   2.5500000e+00   6.6867865e-01   1.0000000e+00
   2.5700000e+00   6.6654114e-01   1.0000000e+00
   2.5900000e+00   6.6453705e-01   1.0000000e+00
   2.6100000e+00   6.6266639e-01   1.0000000e+00
   2.6300000e+00   6.6091308e-01   1.0000000e+00
   2.6500000e+00   6.5896767e-01   1.0000000e+00
   2.6700000e+00   6.5683016e-01   1.0000000e+00
   2.6900000e+00   6.5469265e-01   1.0000000e+00
   2.7100000e+00   6.5278076e-01   1.0000000e+00
   2.7300000e+00   6.5109448e-01   1.0000000e+00
   2.7500000e+00   6.4949135e-01   1.0000000e+00
   2.7700000e+00   6.4777927e-01   1.0000000e+00
   2.7900000e+00   6.4595824e-01   1.0000000e+00
   2.8100000e+00   6.4392196e-01   1.0000000e+00
   2.8300000e+00   6.4210226e-01   1.0000000e+00
   2.8500000e+00   6.4049913e-01   1.0000000e+00
   2.8700000e+00   6.3889600e-01   1.0000000e+00
   2.8900000e+00   6.3729287e-01   1.0000000e+00
   2.9100000e+00   6.3568974e-01   1.0000000e+00
   2.9300000e+00   6.3408660e-01   1.0000000e+00
   2.9500000e+00   6.3256795e-01   1.0000000e+00
   2.9700000e+00   6.3113377e-01   1.0000000e+00
   2.9900000e+00   6.3001273e-01   1.0000000e+00
   3.0100000e+00   6.2865064e-01   1.0000000e+00
   3.0300000e+00   6.2704751e-01   1.0000000e+00
   3.0500000e+00   6.2544438e-01   1.0000000e+00
   3.0700000e+00   6.2419458e-01   1.0000000e+00
   3.0900000e+00   6.2329812e-01   1.0000000e+00
   3.1100000e+00   6.2229040e-01   1.0000000e+00
   3.1300000e+00   6.2104498e-01   1.0000000e+00
   3.1500000e+00   6.1956186e-01   1.0000000e+00
   3.1700000e+00   6.1848976e-01   1.0000000e+00
   3.1900000e+00   6.1715215e-01   1.0000000e+00
   3.2100000e+00   6.1554902e-01   1.0000000e+00
   2.7300000e+00   7.9524861e-01   2.0000000e+00
   2.7500000e+00   7.9257672e-01   2.0000000e+00
   2.7700000e+00   7.8990484e-01   2.0000000e+00
   2.7900000e+00   7.8723295e-01   2.0000000e+00
   2.8100000e+00   7.8456107e-01   2.0000000e+00
   2.8300000e+00   7.8188918e-01   2.0000000e+00
   2.8500000e+00   7.7921730e-01   2.0000000e+00
   2.8700000e+00   7.7706436e-01   2.0000000e+00
   2.8900000e+00   7.7451685e-01   2.0000000e+00
   2.9100000e+00   7.7157478e-01   2.0000000e+00
   2.9300000e+00   7.6808290e-01   2.0000000e+00
   2.9500000e+00   7.6455112e-01   2.0000000e+00
   2.9700000e+00   7.6097943e-01   2.0000000e+00
   2.9900000e+00   7.5777317e-01   2.0000000e+00
   3.0100000e+00   7.5456691e-01   2.0000000e+00
   3.0300000e+00   7.5136065e-01   2.0000000e+00
   3.0500000e+00   7.4862438e-01   2.0000000e+00
   3.0700000e+00   7.4609698e-01   2.0000000e+00
   3.0900000e+00   7.4377843e-01   2.0000000e+00
   3.1100000e+00   7.4187759e-01   2.0000000e+00
   3.1300000e+00   7.4012561e-01   2.0000000e+00
   3.1500000e+00   7.3852247e-01   2.0000000e+00
   3.1700000e+00   7.3691600e-01   2.0000000e+00
   3.1900000e+00   7.3504401e-01   2.0000000e+00
   3.2100000e+00   7.3290650e-01   2.0000000e+00
   3.2300000e+00   7.3034794e-01   2.0000000e+00
