   6.0000000e-01   9.6156897e-01   0.0000000e+00
   6.2000000e-01   9.4904162e-01   0.0000000e+00
   6.4000000e-01   9.3535737e-01   0.0000000e+00
   6.6000000e-01   9.2051619e-01   0.0000000e+00
   6.8000000e-01   9.0020987e-01   0.0000000e+00
   7.0000000e-01   8.7944828e-01   0.0000000e+00
   7.2000000e-01   8.5823144e-01   0.0000000e+00
   7.4000000e-01   8.3753354e-01   0.0000000e+00
   7.6000000e-01   8.1847396e-01   0.0000000e+00
   7.8000000e-01   8.0105270e-01   0.0000000e+00
   8.0000000e-01   7.8758801e-01   0.0000000e+00
   8.2000000e-01   7.7390876e-01   0.0000000e+00
   8.4000000e-01   7.6001496e-01   0.0000000e+00
   8.6000000e-01   7.4769009e-01   0.0000000e+00
   8.8000000e-01   7.3517916e-01   0.0000000e+00
   9.0000000e-01   7.2248217e-01   0.0000000e+00
   9.2000000e-01   7.1139500e-01   0.0000000e+00
   9.4000000e-01   7.0147448e-01   0.0000000e+00
   9.6000000e-01   6.9272060e-01   0.0000000e+00
   9.8000000e-01   6.8571738e-01   0.0000000e+00
   1.0000000e+00   6.7847514e-01   0.0000000e+00
   1.0200000e+00   6.7099386e-01   0.0000000e+00
   1.0400000e+00   6.6446064e-01   0.0000000e+00
   1.0600000e+00   6.5834513e-01   0.0000000e+00
   1.0800000e+00   6.5264734e-01   0.0000000e+00
   1.1000000e+00   6.4730357e-01   0.0000000e+00
   1.1200000e+00   6.4195980e-01   0.0000000e+00
   1.1400000e+00   6.3661603e-01   0.0000000e+00
   1.1600000e+00   6.3127963e-01   0.0000000e+00
   1.1800000e+00   6.2620673e-01   0.0000000e+00
   1.2000000e+00   6.2139734e-01   0.0000000e+00
   1.2200000e+00   6.1658794e-01   0.0000000e+00
   1.2400000e+00   6.1147013e-01   0.0000000e+00
   1.2600000e+00   6.0604390e-01   0.0000000e+00
   1.2800000e+00   6.0054926e-01   0.0000000e+00
   1.3000000e+00   5.9532216e-01   0.0000000e+00
   1.3200000e+00   5.9036258e-01   0.0000000e+00
   1.3400000e+00   5.8448444e-01   0.0000000e+00
   1.3600000e+00   5.7909909e-01   0.0000000e+00
   1.3800000e+00   5.7420655e-01   0.0000000e+00
   1.4000000e+00   5.6939715e-01   0.0000000e+00
   1.4200000e+00   5.6458776e-01   0.0000000e+00
   1.4400000e+00   5.5977837e-01   0.0000000e+00
   1.4600000e+00   5.5482616e-01   0.0000000e+00
   1.4800000e+00   5.4971739e-01   0.0000000e+00
   1.5000000e+00   5.4445205e-01   0.0000000e+00
   1.5200000e+00   5.4071142e-01   0.0000000e+00
   1.5400000e+00   5.3697078e-01   0.0000000e+00
   1.5600000e+00   5.3323014e-01   0.0000000e+00
   1.5800000e+00   5.3014388e-01   0.0000000e+00
   1.6000000e+00   5.2726481e-01   0.0000000e+00
   1.6200000e+00   5.2459292e-01   0.0000000e+00
   1.6400000e+00   5.2192104e-01   0.0000000e+00
   1.6600000e+00   5.1924915e-01   0.0000000e+00
   1.6800000e+00   5.1657727e-01   0.0000000e+00
   1.7000000e+00   5.1544011e-01   0.0000000e+00
   1.7200000e+00   5.1453460e-01   0.0000000e+00
   1.7400000e+00   5.1386076e-01   0.0000000e+00
   1.7600000e+00   5.1332638e-01   0.0000000e+00
   1.7800000e+00   5.1295359e-01   0.0000000e+00
   1.8000000e+00   5.1274237e-01   0.0000000e+00
   1.8200000e+00   5.1368099e-01   0.0000000e+00
   1.8400000e+00   5.1682219e-01   0.0000000e+00
   1.8600000e+00   5.2216596e-01   0.0000000e+00
   1.8800000e+00   5.1274099e-01   0.0000000e+00
   1.9000000e+00   5.0856289e-01   0.0000000e+00
   1.9200000e+00   5.0963164e-01   0.0000000e+00
   1.9400000e+00   5.1070040e-01   0.0000000e+00
   1.9600000e+00   5.1176915e-01   0.0000000e+00
   1.9800000e+00   5.1283790e-01   0.0000000e+00
   2.0000000e+00   5.1390666e-01   0.0000000e+00
   2.0200000e+00   5.1497541e-01   0.0000000e+00
   2.0400000e+00   5.1604417e-01   0.0000000e+00
   2.0600000e+00   5.1711292e-01   0.0000000e+00
   2.0800000e+00   5.1818167e-01   0.0000000e+00
   2.1000000e+00   5.1925043e-01   0.0000000e+00
   2.1200000e+00   5.2031918e-01   0.0000000e+00
   2.1400000e+00   5.2110134e-01   0.0000000e+00
   2.1600000e+00   5.2159690e-01   0.0000000e+00
   2.1800000e+00   5.1785626e-01   0.0000000e+00
   2.2000000e+00   5.1483772e-01   0.0000000e+00
   2.2200000e+00   5.1254128e-01   0.0000000e+00
   2.2400000e+00   5.1040377e-01   0.0000000e+00
   2.2600000e+00   5.0839030e-01   0.0000000e+00
   2.2800000e+00   5.0650087e-01   0.0000000e+00
   2.3000000e+00   5.0476633e-01   0.0000000e+00
   2.3200000e+00   5.0283767e-01   0.0000000e+00
   2.3400000e+00   5.0071491e-01   0.0000000e+00
   2.3600000e+00   4.9911178e-01   0.0000000e+00
   2.3800000e+00   4.9750865e-01   0.0000000e+00
   2.4000000e+00   4.9590552e-01   0.0000000e+00
   2.4200000e+00   4.9398659e-01   0.0000000e+00
   2.4400000e+00   4.9205794e-01   0.0000000e+00
   2.4600000e+00   4.9011956e-01   0.0000000e+00
   2.4800000e+00   4.8851643e-01   0.0000000e+00
   2.5000000e+00   4.8691330e-01   0.0000000e+00
   2.5200000e+00   4.8531017e-01   0.0000000e+00
   2.5400000e+00   4.8420721e-01   0.0000000e+00
   2.5600000e+00   4.8312135e-01   0.0000000e+00
   2.5800000e+00   4.8205260e-01   0.0000000e+00
   2.6000000e+00   4.8125069e-01   0.0000000e+00
   2.6200000e+00   4.8050746e-01   0.0000000e+00
   2.6400000e+00   4.7982290e-01   0.0000000e+00
   2.6600000e+00   4.7875415e-01   0.0000000e+00
   2.6800000e+00   4.7768539e-01   0.0000000e+00
   2.7000000e+00   4.7661664e-01   0.0000000e+00
   2.7200000e+00   4.7554788e-01   0.0000000e+00
   2.7400000e+00   4.7447913e-01   0.0000000e+00
   2.7600000e+00   4.7341037e-01   0.0000000e+00
   2.7800000e+00   4.7234162e-01   0.0000000e+00
   2.8000000e+00   4.7127287e-01   0.0000000e+00
   2.8200000e+00   4.7020411e-01   0.0000000e+00
   2.8400000e+00   4.6913536e-01   0.0000000e+00
   2.8600000e+00   4.6806660e-01   0.0000000e+00
   2.8800000e+00   4.6699785e-01   0.0000000e+00
   2.9000000e+00   4.6673366e-01   0.0000000e+00
   2.9200000e+00   4.6631595e-01   0.0000000e+00
   2.9400000e+00   4.6574471e-01   0.0000000e+00
   2.9600000e+00   4.6501386e-01   0.0000000e+00
   2.9800000e+00   4.6459615e-01   0.0000000e+00
   3.0000000e+00   4.6449158e-01   0.0000000e+00
   3.0200000e+00   4.6342282e-01   0.0000000e+00
   3.0400000e+00   4.6211907e-01   0.0000000e+00
   3.0600000e+00   4.6058031e-01   0.0000000e+00
   3.0800000e+00   4.5968385e-01   0.0000000e+00
   3.1000000e+00   4.5873176e-01   0.0000000e+00
   3.1200000e+00   4.5772405e-01   0.0000000e+00
   3.1400000e+00   4.5624092e-01   0.0000000e+00
   3.1600000e+00   4.5496498e-01   0.0000000e+00
   3.1800000e+00   4.5389623e-01   0.0000000e+00
   3.2000000e+00   4.5282747e-01   0.0000000e+00
   3.2200000e+00   4.5175872e-01   0.0000000e+00
   3.2400000e+00   4.5068996e-01   0.0000000e+00
   3.2600000e+00   4.4962121e-01   0.0000000e+00
   3.2800000e+00   4.4855246e-01   0.0000000e+00
   3.3000000e+00   4.4748370e-01   0.0000000e+00
   3.3200000e+00   4.4641495e-01   0.0000000e+00
   3.3400000e+00   4.4534619e-01   0.0000000e+00
   3.3600000e+00   4.4427744e-01   0.0000000e+00
   3.3800000e+00   4.4271991e-01   0.0000000e+00
   3.4000000e+00   4.4151169e-01   0.0000000e+00
   3.4200000e+00   4.4065278e-01   0.0000000e+00
   3.4400000e+00   4.4011840e-01   0.0000000e+00
   3.4600000e+00   4.3951463e-01   0.0000000e+00
   3.4800000e+00   4.3884148e-01   0.0000000e+00
   3.5000000e+00   4.3781695e-01   0.0000000e+00
   3.5200000e+00   4.3730469e-01   0.0000000e+00
   3.5400000e+00   4.3730469e-01   0.0000000e+00
   3.5600000e+00   4.3686486e-01   0.0000000e+00
   3.5800000e+00   4.3653934e-01   0.0000000e+00
   3.6000000e+00   4.3632813e-01   0.0000000e+00
   3.6200000e+00   4.3653462e-01   0.0000000e+00
   3.6400000e+00   4.3681523e-01   0.0000000e+00
   3.6600000e+00   4.3716994e-01   0.0000000e+00
   3.6800000e+00   4.3663556e-01   0.0000000e+00
   3.7000000e+00   4.3635496e-01   0.0000000e+00
   3.7200000e+00   4.3632813e-01   0.0000000e+00
   3.7400000e+00   4.3789164e-01   0.0000000e+00
   2.0000000e+00   7.5582429e-01   1.0000000e+00
   2.0200000e+00   7.5487429e-01   1.0000000e+00
   2.0400000e+00   7.5392428e-01   1.0000000e+00
   2.0600000e+00   7.5297428e-01   1.0000000e+00
   2.0800000e+00   7.5202428e-01   1.0000000e+00
   2.1000000e+00   7.5107427e-01   1.0000000e+00
   2.1200000e+00   7.5012427e-01   1.0000000e+00
   2.1400000e+00   7.4917426e-01   1.0000000e+00
   2.1600000e+00   7.4822426e-01   1.0000000e+00
   2.1800000e+00   7.4727426e-01   1.0000000e+00
   2.2000000e+00   7.4632425e-01   1.0000000e+00
   2.2200000e+00   7.4537425e-01   1.0000000e+00
   2.2400000e+00   7.4361372e-01   1.0000000e+00
   2.2600000e+00   7.4154067e-01   1.0000000e+00
   2.2800000e+00   7.3915509e-01   1.0000000e+00
   2.3000000e+00   7.3635180e-01   1.0000000e+00
   2.3200000e+00   7.3336176e-01   1.0000000e+00
   2.3400000e+00   7.3018498e-01   1.0000000e+00
   2.3600000e+00   7.2804747e-01   1.0000000e+00
   2.3800000e+00   7.2590997e-01   1.0000000e+00
   2.4000000e+00   7.2377246e-01   1.0000000e+00
