   6.1000000e-01   9.7714502e-01   0.0000000e+00
   6.3000000e-01   9.6598414e-01   0.0000000e+00
   6.5000000e-01   9.5049595e-01   0.0000000e+00
   6.7000000e-01   9.3152994e-01   0.0000000e+00
   6.9000000e-01   9.0908611e-01   0.0000000e+00
   7.1000000e-01   8.8755279e-01   0.0000000e+00
   7.3000000e-01   8.6796085e-01   0.0000000e+00
   7.5000000e-01   8.5031028e-01   0.0000000e+00
   7.7000000e-01   8.3570106e-01   0.0000000e+00
   7.9000000e-01   8.2161147e-01   0.0000000e+00
   8.1000000e-01   8.0804152e-01   0.0000000e+00
   8.3000000e-01   7.9361334e-01   0.0000000e+00
   8.5000000e-01   7.8023111e-01   0.0000000e+00
   8.7000000e-01   7.6789484e-01   0.0000000e+00
   8.9000000e-01   7.5682310e-01   0.0000000e+00
   9.1000000e-01   7.4652275e-01   0.0000000e+00
   9.3000000e-01   7.3699380e-01   0.0000000e+00
   9.5000000e-01   7.2896271e-01   0.0000000e+00
   9.7000000e-01   7.2144556e-01   0.0000000e+00
   9.9000000e-01   7.1444234e-01   0.0000000e+00
   1.0100000e+00   7.0696106e-01   0.0000000e+00
   1.0300000e+00   6.9995381e-01   0.0000000e+00
   1.0500000e+00   6.9342059e-01   0.0000000e+00
   1.0700000e+00   6.8736543e-01   0.0000000e+00
   1.0900000e+00   6.8151913e-01   0.0000000e+00
   1.1100000e+00   6.7588168e-01   0.0000000e+00
   1.1300000e+00   6.7053791e-01   0.0000000e+00
   1.1500000e+00   6.6519783e-01   0.0000000e+00
   1.1700000e+00   6.5986143e-01   0.0000000e+00
   1.1900000e+00   6.5505203e-01   0.0000000e+00
   1.2100000e+00   6.5024264e-01   0.0000000e+00
   1.2300000e+00   6.4543325e-01   0.0000000e+00
   1.2500000e+00   6.4062385e-01   0.0000000e+00
   1.2700000e+00   6.3581446e-01   0.0000000e+00
   1.2900000e+00   6.3100507e-01   0.0000000e+00
   1.3100000e+00   6.2612058e-01   0.0000000e+00
   1.3300000e+00   6.2100646e-01   0.0000000e+00
   1.3500000e+00   6.1566269e-01   0.0000000e+00
   1.3700000e+00   6.1081172e-01   0.0000000e+00
   1.3900000e+00   6.0579347e-01   0.0000000e+00
   1.4100000e+00   6.0060794e-01   0.0000000e+00
   1.4300000e+00   5.9500469e-01   0.0000000e+00
   1.4500000e+00   5.8933540e-01   0.0000000e+00
   1.4700000e+00   5.8360006e-01   0.0000000e+00
   1.4900000e+00   5.7828244e-01   0.0000000e+00
   1.5100000e+00   5.7321893e-01   0.0000000e+00
   1.5300000e+00   5.6840953e-01   0.0000000e+00
   1.5500000e+00   5.6360014e-01   0.0000000e+00
   1.5700000e+00   5.5911794e-01   0.0000000e+00
   1.5900000e+00   5.5496293e-01   0.0000000e+00
   1.6100000e+00   5.5185387e-01   0.0000000e+00
   1.6300000e+00   5.4923059e-01   0.0000000e+00
   1.6500000e+00   5.4709308e-01   0.0000000e+00
   1.6700000e+00   5.4495557e-01   0.0000000e+00
   1.6900000e+00   5.4332964e-01   0.0000000e+00
   1.7100000e+00   5.4221528e-01   0.0000000e+00
   1.7300000e+00   5.4114652e-01   0.0000000e+00
   1.7500000e+00   5.4007777e-01   0.0000000e+00
   1.7700000e+00   5.3900901e-01   0.0000000e+00
   1.7900000e+00   5.3777868e-01   0.0000000e+00
   1.8100000e+00   5.3638440e-01   0.0000000e+00
   1.8300000e+00   5.3482619e-01   0.0000000e+00
   1.8500000e+00   5.3375744e-01   0.0000000e+00
   1.8700000e+00   5.3245737e-01   0.0000000e+00
   1.8900000e+00   5.3092598e-01   0.0000000e+00
   1.9100000e+00   5.2966882e-01   0.0000000e+00
   1.9300000e+00   5.2827656e-01   0.0000000e+00
   1.9500000e+00   5.2674920e-01   0.0000000e+00
   1.9700000e+00   5.2472433e-01   0.0000000e+00
   1.9900000e+00   5.2291033e-01   0.0000000e+00
   2.0100000e+00   5.2130720e-01   0.0000000e+00
   2.0300000e+00   5.1970407e-01   0.0000000e+00
   2.0500000e+00   5.1789409e-01   0.0000000e+00
   2.0700000e+00   5.1587728e-01   0.0000000e+00
   2.0900000e+00   5.1403679e-01   0.0000000e+00
   2.1100000e+00   5.1231498e-01   0.0000000e+00
   2.1300000e+00   5.1071185e-01   0.0000000e+00
   2.1500000e+00   5.0910872e-01   0.0000000e+00
   2.1700000e+00   5.0750559e-01   0.0000000e+00
   2.1900000e+00   5.0590245e-01   0.0000000e+00
   2.2100000e+00   5.0429932e-01   0.0000000e+00
   2.2300000e+00   5.0269619e-01   0.0000000e+00
   2.2500000e+00   5.0109306e-01   0.0000000e+00
   2.2700000e+00   4.9924186e-01   0.0000000e+00
   2.2900000e+00   4.9737891e-01   0.0000000e+00
   2.3100000e+00   4.9550422e-01   0.0000000e+00
   2.3300000e+00   4.9442072e-01   0.0000000e+00
   2.3500000e+00   4.9307741e-01   0.0000000e+00
   2.3700000e+00   4.9147427e-01   0.0000000e+00
   2.3900000e+00   4.9030360e-01   0.0000000e+00
   2.4100000e+00   4.8918388e-01   0.0000000e+00
   2.4300000e+00   4.8811513e-01   0.0000000e+00
   2.4500000e+00   4.8724550e-01   0.0000000e+00
   2.4700000e+00   4.8654350e-01   0.0000000e+00
   2.4900000e+00   4.8600912e-01   0.0000000e+00
   2.5100000e+00   4.8547474e-01   0.0000000e+00
   2.5300000e+00   4.8494037e-01   0.0000000e+00
   2.5500000e+00   4.8440599e-01   0.0000000e+00
   2.5700000e+00   4.8387161e-01   0.0000000e+00
   2.5900000e+00   4.8333724e-01   0.0000000e+00
   2.6100000e+00   4.8280286e-01   0.0000000e+00
   2.6300000e+00   4.8226848e-01   0.0000000e+00
   2.6500000e+00   4.8171735e-01   0.0000000e+00
   2.6700000e+00   4.8114946e-01   0.0000000e+00
   2.6900000e+00   4.8008070e-01   0.0000000e+00
   2.7100000e+00   4.7923756e-01   0.0000000e+00
   2.7300000e+00   4.7862003e-01   0.0000000e+00
   2.7500000e+00   4.7775109e-01   0.0000000e+00
   2.7700000e+00   4.7689120e-01   0.0000000e+00
   2.7900000e+00   4.7604034e-01   0.0000000e+00
   2.8100000e+00   4.7540473e-01   0.0000000e+00
   2.8300000e+00   4.7455255e-01   0.0000000e+00
   2.8500000e+00   4.7348379e-01   0.0000000e+00
   2.8700000e+00   4.7241504e-01   0.0000000e+00
   2.8900000e+00   4.7134629e-01   0.0000000e+00
   2.9100000e+00   4.7027753e-01   0.0000000e+00
   2.9300000e+00   4.6920878e-01   0.0000000e+00
   2.9500000e+00   4.6805555e-01   0.0000000e+00
   2.9700000e+00   4.6681784e-01   0.0000000e+00
   2.9900000e+00   4.6516242e-01   0.0000000e+00
   3.0100000e+00   4.6326596e-01   0.0000000e+00
   3.0300000e+00   4.6112845e-01   0.0000000e+00
   3.0500000e+00   4.5852094e-01   0.0000000e+00
   2.2800000e+00   8.3206828e-01   1.0000000e+00
   2.3000000e+00   8.3086812e-01   1.0000000e+00
   2.3200000e+00   8.2945911e-01   1.0000000e+00
   2.3400000e+00   8.2784123e-01   1.0000000e+00
   2.3600000e+00   8.2570372e-01   1.0000000e+00
   2.3800000e+00   8.2313376e-01   1.0000000e+00
   2.4000000e+00   8.2013134e-01   1.0000000e+00
   2.4200000e+00   8.1692508e-01   1.0000000e+00
   2.4400000e+00   8.1381838e-01   1.0000000e+00
   2.4600000e+00   8.1081125e-01   1.0000000e+00
   2.4800000e+00   8.0813936e-01   1.0000000e+00
   2.5000000e+00   8.0546748e-01   1.0000000e+00
   2.5200000e+00   8.0279559e-01   1.0000000e+00
   2.5400000e+00   8.0012371e-01   1.0000000e+00
   2.5600000e+00   7.9783533e-01   1.0000000e+00
   2.5800000e+00   7.9593046e-01   1.0000000e+00
   2.6000000e+00   7.9379364e-01   1.0000000e+00
   2.6200000e+00   7.9153947e-01   1.0000000e+00
   2.6400000e+00   7.8916794e-01   1.0000000e+00
   2.6600000e+00   7.8756481e-01   1.0000000e+00
   2.6800000e+00   7.8596168e-01   1.0000000e+00
   2.7000000e+00   7.8435855e-01   1.0000000e+00
   2.7200000e+00   7.8320664e-01   1.0000000e+00
   2.7400000e+00   7.8209632e-01   1.0000000e+00
   2.7600000e+00   7.8102756e-01   1.0000000e+00
