   6.1000000e-01   9.8300440e-01   0.0000000e+00
   6.3000000e-01   9.7184352e-01   0.0000000e+00
   6.5000000e-01   9.5654305e-01   0.0000000e+00
   6.7000000e-01   9.3900685e-01   0.0000000e+00
   6.9000000e-01   9.1923490e-01   0.0000000e+00
   7.1000000e-01   9.0037346e-01   0.0000000e+00
   7.3000000e-01   8.8226833e-01   0.0000000e+00
   7.5000000e-01   8.6491950e-01   0.0000000e+00
   7.7000000e-01   8.5035117e-01   0.0000000e+00
   7.9000000e-01   8.3724149e-01   0.0000000e+00
   8.1000000e-01   8.2559045e-01   0.0000000e+00
   8.3000000e-01   8.1436854e-01   0.0000000e+00
   8.5000000e-01   8.0340811e-01   0.0000000e+00
   8.7000000e-01   7.9270916e-01   0.0000000e+00
   8.9000000e-01   7.8202162e-01   0.0000000e+00
   9.1000000e-01   7.7220302e-01   0.0000000e+00
   9.3000000e-01   7.6325336e-01   0.0000000e+00
   9.5000000e-01   7.5559910e-01   0.0000000e+00
   9.7000000e-01   7.4776414e-01   0.0000000e+00
   9.9000000e-01   7.3974849e-01   0.0000000e+00
   1.0100000e+00   7.3173283e-01   0.0000000e+00
   1.0300000e+00   7.2466523e-01   0.0000000e+00
   1.0500000e+00   7.1854570e-01   0.0000000e+00
   1.0700000e+00   7.1159546e-01   0.0000000e+00
   1.0900000e+00   7.0486110e-01   0.0000000e+00
   1.1100000e+00   6.9834262e-01   0.0000000e+00
   1.1300000e+00   6.9250271e-01   0.0000000e+00
   1.1500000e+00   6.8586054e-01   0.0000000e+00
   1.1700000e+00   6.7841611e-01   0.0000000e+00
   1.1900000e+00   6.7360672e-01   0.0000000e+00
   1.2100000e+00   6.6900987e-01   0.0000000e+00
   1.2300000e+00   6.6462556e-01   0.0000000e+00
   1.2500000e+00   6.5850003e-01   0.0000000e+00
   1.2700000e+00   6.5150487e-01   0.0000000e+00
   1.2900000e+00   6.4364008e-01   0.0000000e+00
   1.3100000e+00   6.3501496e-01   0.0000000e+00
   1.3300000e+00   6.2616020e-01   0.0000000e+00
   1.3500000e+00   6.1707579e-01   0.0000000e+00
   1.3700000e+00   6.1094819e-01   0.0000000e+00
   1.3900000e+00   6.0569759e-01   0.0000000e+00
   1.4100000e+00   6.0132399e-01   0.0000000e+00
   1.4300000e+00   5.9680494e-01   0.0000000e+00
   1.4500000e+00   5.9201633e-01   0.0000000e+00
   1.4700000e+00   5.8695818e-01   0.0000000e+00
   1.4900000e+00   5.8268316e-01   0.0000000e+00
   1.5100000e+00   5.7840814e-01   0.0000000e+00
   1.5300000e+00   5.7413313e-01   0.0000000e+00
   1.5500000e+00   5.7030197e-01   0.0000000e+00
   1.5700000e+00   5.6667966e-01   0.0000000e+00
   1.5900000e+00   5.6326621e-01   0.0000000e+00
   1.6100000e+00   5.6048101e-01   0.0000000e+00
   1.6300000e+00   5.5801965e-01   0.0000000e+00
   1.6500000e+00   5.5588214e-01   0.0000000e+00
   1.6700000e+00   5.5374463e-01   0.0000000e+00
   1.6900000e+00   5.5186291e-01   0.0000000e+00
   1.7100000e+00   5.5023698e-01   0.0000000e+00
   1.7300000e+00   5.4823894e-01   0.0000000e+00
   1.7500000e+00   5.4617116e-01   0.0000000e+00
   1.7700000e+00   5.4403365e-01   0.0000000e+00
   1.7900000e+00   5.4205773e-01   0.0000000e+00
   1.8100000e+00   5.4026820e-01   0.0000000e+00
   1.8300000e+00   5.3866506e-01   0.0000000e+00
   1.8500000e+00   5.3706193e-01   0.0000000e+00
   1.8700000e+00   5.3545880e-01   0.0000000e+00
   1.8900000e+00   5.3385567e-01   0.0000000e+00
   1.9100000e+00   5.3190658e-01   0.0000000e+00
   1.9300000e+00   5.2997793e-01   0.0000000e+00
   1.9500000e+00   5.2806972e-01   0.0000000e+00
   1.9700000e+00   5.2635395e-01   0.0000000e+00
   1.9900000e+00   5.2442731e-01   0.0000000e+00
   2.0100000e+00   5.2228981e-01   0.0000000e+00
   2.0300000e+00   5.2068264e-01   0.0000000e+00
   2.0500000e+00   5.1928434e-01   0.0000000e+00
   2.0700000e+00   5.1809489e-01   0.0000000e+00
   2.0900000e+00   5.1702614e-01   0.0000000e+00
   2.1100000e+00   5.1604756e-01   0.0000000e+00
   2.1300000e+00   5.1515916e-01   0.0000000e+00
   2.1500000e+00   5.1462478e-01   0.0000000e+00
   2.1700000e+00   5.1409040e-01   0.0000000e+00
   2.1900000e+00   5.1355603e-01   0.0000000e+00
   2.2100000e+00   5.1254025e-01   0.0000000e+00
   2.2300000e+00   5.1186272e-01   0.0000000e+00
   2.2500000e+00   5.1152344e-01   0.0000000e+00
   2.2700000e+00   5.1127537e-01   0.0000000e+00
   2.2900000e+00   5.1088414e-01   0.0000000e+00
   2.3100000e+00   5.1034976e-01   0.0000000e+00
   2.3300000e+00   5.0981539e-01   0.0000000e+00
   2.3500000e+00   5.0928101e-01   0.0000000e+00
   2.3700000e+00   5.0874663e-01   0.0000000e+00
   2.3900000e+00   5.0777980e-01   0.0000000e+00
   2.4100000e+00   5.0644622e-01   0.0000000e+00
   2.4300000e+00   5.0474588e-01   0.0000000e+00
   2.4500000e+00   5.0300663e-01   0.0000000e+00
   2.4700000e+00   5.0160262e-01   0.0000000e+00
   2.4900000e+00   5.0053387e-01   0.0000000e+00
   2.5100000e+00   4.9946511e-01   0.0000000e+00
   2.5300000e+00   4.9789619e-01   0.0000000e+00
   2.5500000e+00   4.9582709e-01   0.0000000e+00
   2.5700000e+00   4.9445659e-01   0.0000000e+00
   2.5900000e+00   4.9323697e-01   0.0000000e+00
   2.6100000e+00   4.9216822e-01   0.0000000e+00
   2.6300000e+00   4.9079911e-01   0.0000000e+00
   2.6500000e+00   4.8907931e-01   0.0000000e+00
   2.6700000e+00   4.8700883e-01   0.0000000e+00
   2.6900000e+00   4.8594008e-01   0.0000000e+00
   2.7100000e+00   4.8487132e-01   0.0000000e+00
   2.7300000e+00   4.8380257e-01   0.0000000e+00
   2.7500000e+00   4.8239925e-01   0.0000000e+00
   2.7700000e+00   4.8100498e-01   0.0000000e+00
   2.7900000e+00   4.7961974e-01   0.0000000e+00
   2.8100000e+00   4.7844976e-01   0.0000000e+00
   2.8300000e+00   4.7706320e-01   0.0000000e+00
   2.8500000e+00   4.7546007e-01   0.0000000e+00
   2.8700000e+00   4.7437588e-01   0.0000000e+00
   2.8900000e+00   4.7329941e-01   0.0000000e+00
   2.9100000e+00   4.7223066e-01   0.0000000e+00
   2.9300000e+00   4.7116190e-01   0.0000000e+00
   2.9500000e+00   4.6992420e-01   0.0000000e+00
   2.9700000e+00   4.6851754e-01   0.0000000e+00
   2.9900000e+00   4.6648461e-01   0.0000000e+00
   3.0100000e+00   4.6493376e-01   0.0000000e+00
   3.0300000e+00   4.6386501e-01   0.0000000e+00
   3.0500000e+00   4.6232625e-01   0.0000000e+00
   3.0700000e+00   4.6110865e-01   0.0000000e+00
   3.0900000e+00   4.6021218e-01   0.0000000e+00
   3.1100000e+00   4.5944114e-01   0.0000000e+00
   3.1300000e+00   4.5852124e-01   0.0000000e+00
   3.1500000e+00   4.5745248e-01   0.0000000e+00
   2.2800000e+00   8.4513571e-01   1.0000000e+00
   2.3000000e+00   8.4433851e-01   1.0000000e+00
   2.3200000e+00   8.4314572e-01   1.0000000e+00
   2.3400000e+00   8.4155733e-01   1.0000000e+00
   2.3600000e+00   8.4048858e-01   1.0000000e+00
   2.3800000e+00   8.3877114e-01   1.0000000e+00
   2.4000000e+00   8.3640503e-01   1.0000000e+00
   2.4200000e+00   8.3436472e-01   1.0000000e+00
   2.4400000e+00   8.3254300e-01   1.0000000e+00
   2.4600000e+00   8.3093987e-01   1.0000000e+00
   2.4800000e+00   8.2925428e-01   1.0000000e+00
   2.5000000e+00   8.2734273e-01   1.0000000e+00
   2.5200000e+00   8.2520522e-01   1.0000000e+00
   2.5400000e+00   8.2306771e-01   1.0000000e+00
   2.5600000e+00   8.2073845e-01   1.0000000e+00
   2.5800000e+00   8.1821743e-01   1.0000000e+00
   2.6000000e+00   8.1554555e-01   1.0000000e+00
   2.6200000e+00   8.1287366e-01   1.0000000e+00
   2.6400000e+00   8.1020178e-01   1.0000000e+00
   2.6600000e+00   8.0752989e-01   1.0000000e+00
   2.6800000e+00   8.0485801e-01   1.0000000e+00
   2.7000000e+00   8.0218612e-01   1.0000000e+00
   2.7200000e+00   7.9951424e-01   1.0000000e+00
   2.7400000e+00   7.9684235e-01   1.0000000e+00
   2.7600000e+00   7.9417047e-01   1.0000000e+00
   2.7800000e+00   7.9149858e-01   1.0000000e+00
   2.8000000e+00   7.8882670e-01   1.0000000e+00
   2.8200000e+00   7.8615481e-01   1.0000000e+00
   2.8400000e+00   7.8348293e-01   1.0000000e+00
   2.8600000e+00   7.8081104e-01   1.0000000e+00
   2.8800000e+00   7.7813916e-01   1.0000000e+00
   2.9000000e+00   7.7546727e-01   1.0000000e+00
   2.9200000e+00   7.7279539e-01   1.0000000e+00
   2.9400000e+00   7.7012350e-01   1.0000000e+00
   2.9600000e+00   7.6778952e-01   1.0000000e+00
   2.9800000e+00   7.6576868e-01   1.0000000e+00
   3.0000000e+00   7.6406097e-01   1.0000000e+00
   3.0200000e+00   7.6138909e-01   1.0000000e+00
   3.0400000e+00   7.5871720e-01   1.0000000e+00
   3.0600000e+00   7.5604532e-01   1.0000000e+00
