   6.1000000e-01   9.8601556e-01   0.0000000e+00
   6.3000000e-01   9.7240875e-01   0.0000000e+00
   6.5000000e-01   9.5382694e-01   0.0000000e+00
   6.7000000e-01   9.3251255e-01   0.0000000e+00
   6.9000000e-01   9.0846559e-01   0.0000000e+00
   7.1000000e-01   8.8669491e-01   0.0000000e+00
   7.3000000e-01   8.6579921e-01   0.0000000e+00
   7.5000000e-01   8.4577850e-01   0.0000000e+00
   7.7000000e-01   8.2898213e-01   0.0000000e+00
   7.9000000e-01   8.1364108e-01   0.0000000e+00
   8.1000000e-01   7.9975534e-01   0.0000000e+00
   8.3000000e-01   7.8372402e-01   0.0000000e+00
   8.5000000e-01   7.6926164e-01   0.0000000e+00
   8.7000000e-01   7.5636818e-01   0.0000000e+00
   8.9000000e-01   7.4435576e-01   0.0000000e+00
   9.1000000e-01   7.3348516e-01   0.0000000e+00
   9.3000000e-01   7.2375639e-01   0.0000000e+00
   9.5000000e-01   7.1574073e-01   0.0000000e+00
   9.7000000e-01   7.0786587e-01   0.0000000e+00
   9.9000000e-01   7.0013180e-01   0.0000000e+00
   1.0100000e+00   6.9478803e-01   0.0000000e+00
   1.0300000e+00   6.8897023e-01   0.0000000e+00
   1.0500000e+00   6.8267840e-01   0.0000000e+00
   1.0700000e+00   6.7733797e-01   0.0000000e+00
   1.0900000e+00   6.7214271e-01   0.0000000e+00
   1.1100000e+00   6.6709262e-01   0.0000000e+00
   1.1300000e+00   6.6199692e-01   0.0000000e+00
   1.1500000e+00   6.5730051e-01   0.0000000e+00
   1.1700000e+00   6.5300338e-01   0.0000000e+00
   1.1900000e+00   6.4712523e-01   0.0000000e+00
   1.2100000e+00   6.4209725e-01   0.0000000e+00
   1.2300000e+00   6.3791944e-01   0.0000000e+00
   1.2500000e+00   6.3325354e-01   0.0000000e+00
   1.2700000e+00   6.2834458e-01   0.0000000e+00
   1.2900000e+00   6.2319257e-01   0.0000000e+00
   1.3100000e+00   6.1830808e-01   0.0000000e+00
   1.3300000e+00   6.1319396e-01   0.0000000e+00
   1.3500000e+00   6.0785019e-01   0.0000000e+00
   1.3700000e+00   6.0201361e-01   0.0000000e+00
   1.3900000e+00   5.9690853e-01   0.0000000e+00
   1.4100000e+00   5.9253493e-01   0.0000000e+00
   1.4300000e+00   5.8853482e-01   0.0000000e+00
   1.4500000e+00   5.8432585e-01   0.0000000e+00
   1.4700000e+00   5.7990803e-01   0.0000000e+00
   1.4900000e+00   5.7509863e-01   0.0000000e+00
   1.5100000e+00   5.7028924e-01   0.0000000e+00
   1.5300000e+00   5.6547985e-01   0.0000000e+00
   1.5500000e+00   5.5978274e-01   0.0000000e+00
   1.5700000e+00   5.5448590e-01   0.0000000e+00
   1.5900000e+00   5.4958933e-01   0.0000000e+00
   1.6100000e+00   5.4510379e-01   0.0000000e+00
   1.6300000e+00   5.4045632e-01   0.0000000e+00
   1.6500000e+00   5.3564692e-01   0.0000000e+00
   1.6700000e+00   5.3083753e-01   0.0000000e+00
   1.6900000e+00   5.2705129e-01   0.0000000e+00
   1.7100000e+00   5.2428819e-01   0.0000000e+00
   1.7300000e+00   5.2201122e-01   0.0000000e+00
   1.7500000e+00   5.1980397e-01   0.0000000e+00
   1.7700000e+00   5.1766647e-01   0.0000000e+00
   1.7900000e+00   5.1552896e-01   0.0000000e+00
   1.8100000e+00   5.1343637e-01   0.0000000e+00
   1.8300000e+00   5.1138869e-01   0.0000000e+00
   1.8500000e+00   5.1031994e-01   0.0000000e+00
   1.8700000e+00   5.0901987e-01   0.0000000e+00
   1.8900000e+00   5.0748848e-01   0.0000000e+00
   1.9100000e+00   5.0553939e-01   0.0000000e+00
   1.9300000e+00   5.0372539e-01   0.0000000e+00
   1.9500000e+00   5.0204648e-01   0.0000000e+00
   1.9700000e+00   5.0086509e-01   0.0000000e+00
   1.9900000e+00   4.9947283e-01   0.0000000e+00
   2.0100000e+00   4.9786970e-01   0.0000000e+00
   2.0300000e+00   4.9732726e-01   0.0000000e+00
   2.0500000e+00   4.9720254e-01   0.0000000e+00
   2.0700000e+00   4.9749552e-01   0.0000000e+00
   2.0900000e+00   4.9832692e-01   0.0000000e+00
   2.1100000e+00   4.9936717e-01   0.0000000e+00
   2.1300000e+00   5.0061628e-01   0.0000000e+00
   2.1500000e+00   5.0221941e-01   0.0000000e+00
   2.1700000e+00   5.0382254e-01   0.0000000e+00
   2.1900000e+00   5.0542567e-01   0.0000000e+00
   2.2100000e+00   5.0702880e-01   0.0000000e+00
   2.2300000e+00   5.0826720e-01   0.0000000e+00
   2.2500000e+00   5.0914085e-01   0.0000000e+00
   2.2700000e+00   5.0967523e-01   0.0000000e+00
   2.2900000e+00   5.1014390e-01   0.0000000e+00
   2.3100000e+00   5.1054687e-01   0.0000000e+00
   2.3300000e+00   5.1053213e-01   0.0000000e+00
   2.3500000e+00   5.1025757e-01   0.0000000e+00
   2.3700000e+00   5.0972320e-01   0.0000000e+00
   2.3900000e+00   5.0832391e-01   0.0000000e+00
   2.4100000e+00   5.0713849e-01   0.0000000e+00
   2.4300000e+00   5.0616694e-01   0.0000000e+00
   2.4500000e+00   5.0523431e-01   0.0000000e+00
   2.4700000e+00   5.0404889e-01   0.0000000e+00
   2.4900000e+00   5.0261068e-01   0.0000000e+00
   2.5100000e+00   5.0207631e-01   0.0000000e+00
   2.5300000e+00   5.0129184e-01   0.0000000e+00
   2.5500000e+00   5.0025729e-01   0.0000000e+00
   2.5700000e+00   4.9918854e-01   0.0000000e+00
   2.5900000e+00   4.8984762e-01   0.0000000e+00
   2.6100000e+00   4.7223454e-01   0.0000000e+00
   2.6300000e+00   4.7874967e-01   0.0000000e+00
   2.6500000e+00   4.6544527e-01   0.0000000e+00
   2.6700000e+00   4.3232133e-01   0.0000000e+00
   2.6900000e+00   4.3125258e-01   0.0000000e+00
   2.7100000e+00   4.3018382e-01   0.0000000e+00
   2.7300000e+00   4.2911507e-01   0.0000000e+00
   2.7500000e+00   4.2804631e-01   0.0000000e+00
   2.7700000e+00   4.2697756e-01   0.0000000e+00
   2.7900000e+00   4.2590881e-01   0.0000000e+00
   2.8100000e+00   4.2484005e-01   0.0000000e+00
   2.8300000e+00   4.2377130e-01   0.0000000e+00
   2.8500000e+00   4.2270254e-01   0.0000000e+00
   2.8700000e+00   4.2215274e-01   0.0000000e+00
   2.8900000e+00   4.2140950e-01   0.0000000e+00
   2.9100000e+00   4.2047284e-01   0.0000000e+00
   2.9300000e+00   4.1997532e-01   0.0000000e+00
   2.0000000e+00   7.8941366e-01   1.0000000e+00
   2.0200000e+00   7.8861007e-01   1.0000000e+00
   2.0400000e+00   7.8807167e-01   1.0000000e+00
   2.0600000e+00   7.8753729e-01   1.0000000e+00
   2.0800000e+00   7.8655739e-01   1.0000000e+00
   2.1000000e+00   7.8513196e-01   1.0000000e+00
   2.1200000e+00   7.8173198e-01   1.0000000e+00
   2.1400000e+00   7.7715660e-01   1.0000000e+00
   2.1600000e+00   7.7140583e-01   1.0000000e+00
   2.1800000e+00   7.6659644e-01   1.0000000e+00
   2.2000000e+00   7.6106494e-01   1.0000000e+00
   2.2200000e+00   7.5481135e-01   1.0000000e+00
   2.2400000e+00   7.4985777e-01   1.0000000e+00
   2.2600000e+00   7.4561558e-01   1.0000000e+00
   2.2800000e+00   7.4208478e-01   1.0000000e+00
   2.3000000e+00   7.3928148e-01   1.0000000e+00
   2.3200000e+00   7.3629145e-01   1.0000000e+00
   2.3400000e+00   7.3311467e-01   1.0000000e+00
   2.3600000e+00   7.3097716e-01   1.0000000e+00
   2.3800000e+00   7.2840720e-01   1.0000000e+00
   2.4000000e+00   7.2540478e-01   1.0000000e+00
   2.4200000e+00   7.2314589e-01   1.0000000e+00
   2.4400000e+00   7.2101575e-01   1.0000000e+00
   2.4600000e+00   7.1901437e-01   1.0000000e+00
   2.4800000e+00   7.1634249e-01   1.0000000e+00
   2.5000000e+00   7.1367060e-01   1.0000000e+00
   2.5200000e+00   7.1099872e-01   1.0000000e+00
   2.5400000e+00   7.0832683e-01   1.0000000e+00
   2.5600000e+00   7.0565495e-01   1.0000000e+00
   2.5800000e+00   7.0298306e-01   1.0000000e+00
   2.6000000e+00   7.0057802e-01   1.0000000e+00
   2.6200000e+00   6.9830674e-01   1.0000000e+00
   2.6400000e+00   6.9616924e-01   1.0000000e+00
   2.6600000e+00   6.9409876e-01   1.0000000e+00
   2.6800000e+00   6.9252914e-01   1.0000000e+00
   2.7000000e+00   6.9146039e-01   1.0000000e+00
   2.7200000e+00   6.9039163e-01   1.0000000e+00
   2.7400000e+00   6.8882104e-01   1.0000000e+00
   2.7600000e+00   6.8674859e-01   1.0000000e+00
