   6.0000000e-01   9.7963891e-01   0.0000000e+00
   6.2000000e-01   9.6344268e-01   0.0000000e+00
   6.4000000e-01   9.4546296e-01   0.0000000e+00
   6.6000000e-01   9.2569976e-01   0.0000000e+00
   6.8000000e-01   8.9898091e-01   0.0000000e+00
   7.0000000e-01   8.7431072e-01   0.0000000e+00
   7.2000000e-01   8.5168918e-01   0.0000000e+00
   7.4000000e-01   8.3147268e-01   0.0000000e+00
   7.6000000e-01   8.1274432e-01   0.0000000e+00
   7.8000000e-01   7.9550410e-01   0.0000000e+00
   8.0000000e-01   7.8086540e-01   0.0000000e+00
   8.2000000e-01   7.6579758e-01   0.0000000e+00
   8.4000000e-01   7.5030064e-01   0.0000000e+00
   8.6000000e-01   7.3898751e-01   0.0000000e+00
   8.8000000e-01   7.2792315e-01   0.0000000e+00
   9.0000000e-01   7.1710754e-01   0.0000000e+00
   9.2000000e-01   7.0844753e-01   0.0000000e+00
   9.4000000e-01   7.0090354e-01   0.0000000e+00
   9.6000000e-01   6.9447558e-01   0.0000000e+00
   9.8000000e-01   6.8918813e-01   0.0000000e+00
   1.0000000e+00   6.8413971e-01   0.0000000e+00
   1.0200000e+00   6.7933031e-01   0.0000000e+00
   1.0400000e+00   6.7499495e-01   0.0000000e+00
   1.0600000e+00   6.7068976e-01   0.0000000e+00
   1.0800000e+00   6.6641474e-01   0.0000000e+00
   1.1000000e+00   6.6262113e-01   0.0000000e+00
   1.1200000e+00   6.5899715e-01   0.0000000e+00
   1.1400000e+00   6.5554282e-01   0.0000000e+00
   1.1600000e+00   6.5127518e-01   0.0000000e+00
   1.1800000e+00   6.4727103e-01   0.0000000e+00
   1.2000000e+00   6.4353039e-01   0.0000000e+00
   1.2200000e+00   6.4021484e-01   0.0000000e+00
   1.2400000e+00   6.3679972e-01   0.0000000e+00
   1.2600000e+00   6.3328504e-01   0.0000000e+00
   1.2800000e+00   6.2973615e-01   0.0000000e+00
   1.3000000e+00   6.2632104e-01   0.0000000e+00
   1.3200000e+00   6.2303968e-01   0.0000000e+00
   1.3400000e+00   6.1929904e-01   0.0000000e+00
   1.3600000e+00   6.1555840e-01   0.0000000e+00
   1.3800000e+00   6.1181776e-01   0.0000000e+00
   1.4000000e+00   6.0882940e-01   0.0000000e+00
   1.4200000e+00   6.0586954e-01   0.0000000e+00
   1.4400000e+00   6.0293818e-01   0.0000000e+00
   1.4600000e+00   5.9973192e-01   0.0000000e+00
   1.4800000e+00   5.9653873e-01   0.0000000e+00
   1.5000000e+00   5.9335861e-01   0.0000000e+00
   1.5200000e+00   5.9068673e-01   0.0000000e+00
   1.5400000e+00   5.8779291e-01   0.0000000e+00
   1.5600000e+00   5.8467717e-01   0.0000000e+00
   1.5800000e+00   5.8147091e-01   0.0000000e+00
   1.6000000e+00   5.7836991e-01   0.0000000e+00
   1.6200000e+00   5.7537417e-01   0.0000000e+00
   1.6400000e+00   5.7260843e-01   0.0000000e+00
   1.6600000e+00   5.6962242e-01   0.0000000e+00
   1.6800000e+00   5.6641616e-01   0.0000000e+00
   1.7000000e+00   5.6320990e-01   0.0000000e+00
   1.7200000e+00   5.6020109e-01   0.0000000e+00
   1.7400000e+00   5.5738974e-01   0.0000000e+00
   1.7600000e+00   5.5499610e-01   0.0000000e+00
   1.7800000e+00   5.5273052e-01   0.0000000e+00
   1.8000000e+00   5.5059302e-01   0.0000000e+00
   1.8200000e+00   5.4845551e-01   0.0000000e+00
   1.8400000e+00   5.4631800e-01   0.0000000e+00
   1.8600000e+00   5.4418049e-01   0.0000000e+00
   1.8800000e+00   5.4296824e-01   0.0000000e+00
   1.9000000e+00   5.4148177e-01   0.0000000e+00
   1.9200000e+00   5.3972109e-01   0.0000000e+00
   1.9400000e+00   5.3804218e-01   0.0000000e+00
   1.9600000e+00   5.3666835e-01   0.0000000e+00
   1.9800000e+00   5.3559960e-01   0.0000000e+00
   2.0000000e+00   5.3453084e-01   0.0000000e+00
   2.0200000e+00   5.3319691e-01   0.0000000e+00
   2.0400000e+00   5.3159781e-01   0.0000000e+00
   2.0600000e+00   5.2999468e-01   0.0000000e+00
   2.0800000e+00   5.2839155e-01   0.0000000e+00
   2.1000000e+00   5.2678842e-01   0.0000000e+00
   2.1200000e+00   5.2536564e-01   0.0000000e+00
   2.1400000e+00   5.2408803e-01   0.0000000e+00
   2.1600000e+00   5.2295559e-01   0.0000000e+00
   2.1800000e+00   5.2135246e-01   0.0000000e+00
   2.2000000e+00   5.1999003e-01   0.0000000e+00
   2.2200000e+00   5.1886830e-01   0.0000000e+00
   2.2400000e+00   5.1779954e-01   0.0000000e+00
   2.2600000e+00   5.1673079e-01   0.0000000e+00
   2.2800000e+00   5.1566203e-01   0.0000000e+00
   2.3000000e+00   5.1459328e-01   0.0000000e+00
   2.3200000e+00   5.1352453e-01   0.0000000e+00
   2.3400000e+00   5.1245577e-01   0.0000000e+00
   2.3600000e+00   5.1138702e-01   0.0000000e+00
   2.3800000e+00   5.1031826e-01   0.0000000e+00
   2.4000000e+00   5.0924951e-01   0.0000000e+00
   2.4200000e+00   5.0818076e-01   0.0000000e+00
   2.4400000e+00   5.0711200e-01   0.0000000e+00
   2.4600000e+00   5.0604325e-01   0.0000000e+00
   2.4800000e+00   5.0489203e-01   0.0000000e+00
   2.5000000e+00   5.0351486e-01   0.0000000e+00
   2.5200000e+00   5.0191173e-01   0.0000000e+00
   2.5400000e+00   5.0080877e-01   0.0000000e+00
   2.5600000e+00   4.9972292e-01   0.0000000e+00
   2.5800000e+00   4.9865416e-01   0.0000000e+00
   2.6000000e+00   4.9785225e-01   0.0000000e+00
   2.6200000e+00   4.9725920e-01   0.0000000e+00
   2.6400000e+00   4.9687500e-01   0.0000000e+00
   2.0700000e+00   7.7128906e-01   1.0000000e+00
   2.0900000e+00   7.6667476e-01   1.0000000e+00
   2.1100000e+00   7.6427076e-01   1.0000000e+00
   2.1300000e+00   7.6407704e-01   1.0000000e+00
   2.1500000e+00   7.6153253e-01   1.0000000e+00
   2.1700000e+00   7.5945871e-01   1.0000000e+00
   2.1900000e+00   7.5785558e-01   1.0000000e+00
   2.2100000e+00   7.5577105e-01   1.0000000e+00
   2.2300000e+00   7.5329529e-01   1.0000000e+00
   2.2500000e+00   7.5042831e-01   1.0000000e+00
   2.2700000e+00   7.4771819e-01   1.0000000e+00
   2.2900000e+00   7.4522868e-01   1.0000000e+00
   2.3100000e+00   7.4295976e-01   1.0000000e+00
   2.3300000e+00   7.4030262e-01   1.0000000e+00
   2.3500000e+00   7.3790529e-01   1.0000000e+00
   2.3700000e+00   7.3576778e-01   1.0000000e+00
   2.3900000e+00   7.3363028e-01   1.0000000e+00
   2.4100000e+00   7.3165066e-01   1.0000000e+00
   2.4300000e+00   7.2982894e-01   1.0000000e+00
   2.4500000e+00   7.2802669e-01   1.0000000e+00
   2.4700000e+00   7.2609804e-01   1.0000000e+00
   2.4900000e+00   7.2404299e-01   1.0000000e+00
   2.5100000e+00   7.2243986e-01   1.0000000e+00
   2.5300000e+00   7.2058664e-01   1.0000000e+00
   2.5500000e+00   7.1848334e-01   1.0000000e+00
   2.5700000e+00   7.1672934e-01   1.0000000e+00
   2.5900000e+00   7.1505077e-01   1.0000000e+00
   2.6100000e+00   7.1344764e-01   1.0000000e+00
   2.6300000e+00   7.1199469e-01   1.0000000e+00
   2.6500000e+00   7.1071708e-01   1.0000000e+00
   2.6700000e+00   7.0961481e-01   1.0000000e+00
   2.6900000e+00   7.0801168e-01   1.0000000e+00
   2.7100000e+00   7.0685977e-01   1.0000000e+00
   2.7300000e+00   7.0615910e-01   1.0000000e+00
   2.7500000e+00   7.0462103e-01   1.0000000e+00
   2.7700000e+00   7.0300114e-01   1.0000000e+00
   2.7900000e+00   7.0129943e-01   1.0000000e+00
   2.8100000e+00   7.0002821e-01   1.0000000e+00
   2.8300000e+00   6.9832385e-01   1.0000000e+00
   2.8500000e+00   6.9618634e-01   1.0000000e+00
   2.8700000e+00   6.9404883e-01   1.0000000e+00
   2.8900000e+00   6.9171018e-01   1.0000000e+00
   2.9100000e+00   6.8917039e-01   1.0000000e+00
   2.9300000e+00   6.8678412e-01   1.0000000e+00
   2.9500000e+00   6.8443776e-01   1.0000000e+00
   2.9700000e+00   6.8213130e-01   1.0000000e+00
   2.9900000e+00   6.7945941e-01   1.0000000e+00
   3.0100000e+00   6.7678753e-01   1.0000000e+00
   3.0300000e+00   6.7411564e-01   1.0000000e+00
   3.0500000e+00   6.7191376e-01   1.0000000e+00
   3.0700000e+00   6.6992073e-01   1.0000000e+00
   3.0900000e+00   6.6813656e-01   1.0000000e+00
   3.1100000e+00   6.6558674e-01   1.0000000e+00
