   6.1000000e-01   9.6732175e-01   0.0000000e+00
   6.3000000e-01   9.5310882e-01   0.0000000e+00
   6.5000000e-01   9.3494875e-01   0.0000000e+00
   6.7000000e-01   9.1331085e-01   0.0000000e+00
   6.9000000e-01   8.8819513e-01   0.0000000e+00
   7.1000000e-01   8.6444518e-01   0.0000000e+00
   7.3000000e-01   8.4250688e-01   0.0000000e+00
   7.5000000e-01   8.2238021e-01   0.0000000e+00
   7.7000000e-01   8.0554296e-01   0.0000000e+00
   7.9000000e-01   7.8948516e-01   0.0000000e+00
   8.1000000e-01   7.7420682e-01   0.0000000e+00
   8.3000000e-01   7.5764113e-01   0.0000000e+00
   8.5000000e-01   7.4290585e-01   0.0000000e+00
   8.7000000e-01   7.3000100e-01   0.0000000e+00
   8.9000000e-01   7.1798857e-01   0.0000000e+00
   9.1000000e-01   7.0711797e-01   0.0000000e+00
   9.3000000e-01   6.9738920e-01   0.0000000e+00
   9.5000000e-01   6.8989249e-01   0.0000000e+00
   9.7000000e-01   6.8293788e-01   0.0000000e+00
   9.9000000e-01   6.7652535e-01   0.0000000e+00
   1.0100000e+00   6.7011283e-01   0.0000000e+00
   1.0300000e+00   6.6370030e-01   0.0000000e+00
   1.0500000e+00   6.5728778e-01   0.0000000e+00
   1.0700000e+00   6.5194735e-01   0.0000000e+00
   1.0900000e+00   6.4675209e-01   0.0000000e+00
   1.1100000e+00   6.4170199e-01   0.0000000e+00
   1.1300000e+00   6.3648226e-01   0.0000000e+00
   1.1500000e+00   6.3146770e-01   0.0000000e+00
   1.1700000e+00   6.2665830e-01   0.0000000e+00
   1.1900000e+00   6.2184891e-01   0.0000000e+00
   1.2100000e+00   6.1746460e-01   0.0000000e+00
   1.2300000e+00   6.1350537e-01   0.0000000e+00
   1.2500000e+00   6.0945631e-01   0.0000000e+00
   1.2700000e+00   6.0539015e-01   0.0000000e+00
   1.2900000e+00   6.0130689e-01   0.0000000e+00
   1.3100000e+00   5.9749116e-01   0.0000000e+00
   1.3300000e+00   5.9344579e-01   0.0000000e+00
   1.3500000e+00   5.8917077e-01   0.0000000e+00
   1.3700000e+00   5.8538856e-01   0.0000000e+00
   1.3900000e+00   5.8181520e-01   0.0000000e+00
   1.4100000e+00   5.7845070e-01   0.0000000e+00
   1.4300000e+00   5.7524444e-01   0.0000000e+00
   1.4500000e+00   5.7203818e-01   0.0000000e+00
   1.4700000e+00   5.6883191e-01   0.0000000e+00
   1.4900000e+00   5.6562565e-01   0.0000000e+00
   1.5100000e+00   5.6241939e-01   0.0000000e+00
   1.5300000e+00   5.5921313e-01   0.0000000e+00
   1.5500000e+00   5.5600686e-01   0.0000000e+00
   1.5700000e+00   5.5312779e-01   0.0000000e+00
   1.5900000e+00   5.5057591e-01   0.0000000e+00
   1.6100000e+00   5.4822788e-01   0.0000000e+00
   1.6300000e+00   5.4571792e-01   0.0000000e+00
   1.6500000e+00   5.4304603e-01   0.0000000e+00
   1.6700000e+00   5.4037415e-01   0.0000000e+00
   1.6900000e+00   5.3795805e-01   0.0000000e+00
   1.7100000e+00   5.3579774e-01   0.0000000e+00
   1.7300000e+00   5.3366023e-01   0.0000000e+00
   1.7500000e+00   5.3166185e-01   0.0000000e+00
   1.7700000e+00   5.2980258e-01   0.0000000e+00
   1.7900000e+00   5.2803787e-01   0.0000000e+00
   1.8100000e+00   5.2608676e-01   0.0000000e+00
   1.8300000e+00   5.2394925e-01   0.0000000e+00
   1.8500000e+00   5.2181175e-01   0.0000000e+00
   1.8700000e+00   5.2013687e-01   0.0000000e+00
   1.8900000e+00   5.1892461e-01   0.0000000e+00
   1.9100000e+00   5.1750990e-01   0.0000000e+00
   1.9300000e+00   5.1611562e-01   0.0000000e+00
   1.9500000e+00   5.1474179e-01   0.0000000e+00
   1.9700000e+00   5.1367304e-01   0.0000000e+00
   1.9900000e+00   5.1260428e-01   0.0000000e+00
   2.0100000e+00   5.1153553e-01   0.0000000e+00
   2.0300000e+00   5.1046677e-01   0.0000000e+00
   2.0500000e+00   5.0939802e-01   0.0000000e+00
   2.0700000e+00   5.0832927e-01   0.0000000e+00
   2.0900000e+00   5.0726051e-01   0.0000000e+00
   2.1100000e+00   5.0619176e-01   0.0000000e+00
   2.1300000e+00   5.0512300e-01   0.0000000e+00
   2.1500000e+00   5.0405425e-01   0.0000000e+00
   2.1700000e+00   5.0298550e-01   0.0000000e+00
   2.1900000e+00   5.0191674e-01   0.0000000e+00
   2.2100000e+00   5.0036659e-01   0.0000000e+00
   2.2300000e+00   4.9897231e-01   0.0000000e+00
   2.2500000e+00   4.9773392e-01   0.0000000e+00
   2.2700000e+00   4.9641709e-01   0.0000000e+00
   2.2900000e+00   4.9495711e-01   0.0000000e+00
   2.3100000e+00   4.9335398e-01   0.0000000e+00
   2.3300000e+00   4.9176559e-01   0.0000000e+00
   2.3500000e+00   4.9043702e-01   0.0000000e+00
   2.3700000e+00   4.8936827e-01   0.0000000e+00
   2.3900000e+00   4.8829951e-01   0.0000000e+00
   2.4100000e+00   4.8723076e-01   0.0000000e+00
   2.4300000e+00   4.8616201e-01   0.0000000e+00
   2.4500000e+00   4.8509325e-01   0.0000000e+00
   2.4700000e+00   4.8398327e-01   0.0000000e+00
   2.4900000e+00   4.8283205e-01   0.0000000e+00
   2.5100000e+00   4.8122892e-01   0.0000000e+00
   2.5300000e+00   4.7962579e-01   0.0000000e+00
   2.5500000e+00   4.7802266e-01   0.0000000e+00
   2.5700000e+00   4.7680304e-01   0.0000000e+00
   2.5900000e+00   4.7565885e-01   0.0000000e+00
   2.6100000e+00   4.7459009e-01   0.0000000e+00
   2.6300000e+00   4.7337116e-01   0.0000000e+00
   2.6500000e+00   4.7196013e-01   0.0000000e+00
   2.6700000e+00   4.7035700e-01   0.0000000e+00
   2.6900000e+00   4.6875386e-01   0.0000000e+00
   2.7100000e+00   4.6737635e-01   0.0000000e+00
   2.7300000e+00   4.6622444e-01   0.0000000e+00
   2.7500000e+00   4.6448656e-01   0.0000000e+00
   2.7700000e+00   4.6276677e-01   0.0000000e+00
   2.7900000e+00   4.6106506e-01   0.0000000e+00
   2.8100000e+00   4.5999630e-01   0.0000000e+00
   2.8300000e+00   4.5892755e-01   0.0000000e+00
   2.8500000e+00   4.5785879e-01   0.0000000e+00
   2.8700000e+00   4.5679004e-01   0.0000000e+00
   2.8900000e+00   4.5572129e-01   0.0000000e+00
   2.9100000e+00   4.5465253e-01   0.0000000e+00
   2.9300000e+00   4.5358378e-01   0.0000000e+00
   2.9500000e+00   4.5251502e-01   0.0000000e+00
   2.9700000e+00   4.5144627e-01   0.0000000e+00
   2.9900000e+00   4.5037752e-01   0.0000000e+00
   3.0100000e+00   4.4930876e-01   0.0000000e+00
   3.0300000e+00   4.4824001e-01   0.0000000e+00
   3.0500000e+00   4.4670125e-01   0.0000000e+00
   3.0700000e+00   4.4548365e-01   0.0000000e+00
   3.0900000e+00   4.4458718e-01   0.0000000e+00
   3.1100000e+00   4.4334280e-01   0.0000000e+00
   3.1300000e+00   4.4177185e-01   0.0000000e+00
   3.1500000e+00   4.3987436e-01   0.0000000e+00
   3.1700000e+00   4.3880560e-01   0.0000000e+00
   3.1900000e+00   4.3773685e-01   0.0000000e+00
   3.2100000e+00   4.3666810e-01   0.0000000e+00
   3.2300000e+00   4.3517829e-01   0.0000000e+00
   3.2500000e+00   4.3378401e-01   0.0000000e+00
   3.2700000e+00   4.3248527e-01   0.0000000e+00
   3.2900000e+00   4.3122879e-01   0.0000000e+00
   3.3100000e+00   4.2983452e-01   0.0000000e+00
   3.3300000e+00   4.2830245e-01   0.0000000e+00
   3.3500000e+00   4.2723369e-01   0.0000000e+00
   3.3700000e+00   4.2616494e-01   0.0000000e+00
   3.3900000e+00   4.2509618e-01   0.0000000e+00
   3.4100000e+00   4.2402743e-01   0.0000000e+00
   3.4300000e+00   4.2308640e-01   0.0000000e+00
   3.4500000e+00   4.2227309e-01   0.0000000e+00
   3.4700000e+00   4.2159993e-01   0.0000000e+00
   3.4900000e+00   4.2072898e-01   0.0000000e+00
   3.5100000e+00   4.1966022e-01   0.0000000e+00
   3.5300000e+00   4.1859147e-01   0.0000000e+00
   3.5500000e+00   4.1730280e-01   0.0000000e+00
   3.5700000e+00   4.1579422e-01   0.0000000e+00
   3.5900000e+00   4.1483741e-01   0.0000000e+00
   3.6100000e+00   4.1388532e-01   0.0000000e+00
   3.6300000e+00   4.1293795e-01   0.0000000e+00
   2.0000000e+00   7.5828003e-01   1.0000000e+00
   2.0200000e+00   7.5507376e-01   1.0000000e+00
   2.0400000e+00   7.5186750e-01   1.0000000e+00
   2.0600000e+00   7.4907492e-01   1.0000000e+00
   2.0800000e+00   7.4604567e-01   1.0000000e+00
   2.1000000e+00   7.4277975e-01   1.0000000e+00
   2.1200000e+00   7.3994088e-01   1.0000000e+00
   2.1400000e+00   7.3801891e-01   1.0000000e+00
   2.1600000e+00   7.3701384e-01   1.0000000e+00
   2.1800000e+00   7.3647947e-01   1.0000000e+00
   2.2000000e+00   7.3546369e-01   1.0000000e+00
   2.2200000e+00   7.3396651e-01   1.0000000e+00
   2.2400000e+00   7.3199864e-01   1.0000000e+00
   2.2600000e+00   7.3019403e-01   1.0000000e+00
   2.2800000e+00   7.2855266e-01   1.0000000e+00
   2.3000000e+00   7.2735250e-01   1.0000000e+00
   2.3200000e+00   7.2593611e-01   1.0000000e+00
   2.3400000e+00   7.2430350e-01   1.0000000e+00
   2.3600000e+00   7.2163161e-01   1.0000000e+00
   2.3800000e+00   7.1895972e-01   1.0000000e+00
   2.4000000e+00   7.1628784e-01   1.0000000e+00
   2.4200000e+00   7.1393174e-01   1.0000000e+00
   2.4400000e+00   7.1158538e-01   1.0000000e+00
   2.4600000e+00   7.0924875e-01   1.0000000e+00
   2.4800000e+00   7.0674178e-01   1.0000000e+00
   2.5000000e+00   7.0468674e-01   1.0000000e+00
   2.5200000e+00   7.0308360e-01   1.0000000e+00
   2.5400000e+00   7.0098030e-01   1.0000000e+00
   2.5600000e+00   6.9885989e-01   1.0000000e+00
   2.5800000e+00   6.9672239e-01   1.0000000e+00
   2.6000000e+00   6.9485172e-01   1.0000000e+00
   2.6200000e+00   6.9318991e-01   1.0000000e+00
   2.6400000e+00   6.9173696e-01   1.0000000e+00
   2.6600000e+00   6.9060118e-01   1.0000000e+00
   2.6800000e+00   6.8896453e-01   1.0000000e+00
   2.7000000e+00   6.8682702e-01   1.0000000e+00
   2.7200000e+00   6.8559197e-01   1.0000000e+00
   2.7400000e+00   6.8427278e-01   1.0000000e+00
   2.7600000e+00   6.8286947e-01   1.0000000e+00
   2.7800000e+00   6.8104844e-01   1.0000000e+00
   2.8000000e+00   6.7906917e-01   1.0000000e+00
   2.8200000e+00   6.7693166e-01   1.0000000e+00
   2.8400000e+00   6.7479416e-01   1.0000000e+00
   2.8600000e+00   6.7265665e-01   1.0000000e+00
   2.8800000e+00   6.7051914e-01   1.0000000e+00
   2.9000000e+00   6.6878391e-01   1.0000000e+00
   2.9200000e+00   6.6711473e-01   1.0000000e+00
   2.9400000e+00   6.6551160e-01   1.0000000e+00
   2.9600000e+00   6.6390847e-01   1.0000000e+00
   2.9800000e+00   6.6233148e-01   1.0000000e+00
   3.0000000e+00   6.6078064e-01   1.0000000e+00
   3.0200000e+00   6.5971188e-01   1.0000000e+00
   3.0400000e+00   6.5864313e-01   1.0000000e+00
   3.0600000e+00   6.5757438e-01   1.0000000e+00
   3.0800000e+00   6.5615229e-01   1.0000000e+00
   3.1000000e+00   6.5463968e-01   1.0000000e+00
   3.1200000e+00   6.5303655e-01   1.0000000e+00
   3.1400000e+00   6.5143341e-01   1.0000000e+00
   3.1600000e+00   6.4983028e-01   1.0000000e+00
   3.1800000e+00   6.4822715e-01   1.0000000e+00
   3.2000000e+00   6.4662402e-01   1.0000000e+00
   3.2200000e+00   6.4502089e-01   1.0000000e+00
   3.2400000e+00   6.4341776e-01   1.0000000e+00
   3.2600000e+00   6.4151024e-01   1.0000000e+00
   3.2800000e+00   6.3958159e-01   1.0000000e+00
   3.3000000e+00   6.3763180e-01   1.0000000e+00
   3.3200000e+00   6.3609973e-01   1.0000000e+00
   3.3400000e+00   6.3479932e-01   1.0000000e+00
   3.3600000e+00   6.3373056e-01   1.0000000e+00
   3.3800000e+00   6.3266181e-01   1.0000000e+00
   3.4000000e+00   6.3140700e-01   1.0000000e+00
   3.4200000e+00   6.2996614e-01   1.0000000e+00
   3.4400000e+00   6.2887390e-01   1.0000000e+00
   3.4600000e+00   6.2806058e-01   1.0000000e+00
   3.4800000e+00   6.2752621e-01   1.0000000e+00
   3.5000000e+00   6.2696972e-01   1.0000000e+00
   3.5200000e+00   6.2615709e-01   1.0000000e+00
   3.5400000e+00   6.2508834e-01   1.0000000e+00
   3.5600000e+00   6.2401959e-01   1.0000000e+00
   3.5800000e+00   6.2295083e-01   1.0000000e+00
   3.6000000e+00   6.2188208e-01   1.0000000e+00
   3.6200000e+00   6.2060683e-01   1.0000000e+00
   3.6400000e+00   6.1898797e-01   1.0000000e+00
   3.6600000e+00   6.1702551e-01   1.0000000e+00
   3.6800000e+00   6.1328487e-01   1.0000000e+00
   3.7000000e+00   6.1030555e-01   1.0000000e+00
   3.7200000e+00   6.0808755e-01   1.0000000e+00
