   6.1000000e-01   9.7248183e-01   0.0000000e+00
   6.3000000e-01   9.5572979e-01   0.0000000e+00
   6.5000000e-01   9.3038881e-01   0.0000000e+00
   6.7000000e-01   9.0355732e-01   0.0000000e+00
   6.9000000e-01   8.7523533e-01   0.0000000e+00
   7.1000000e-01   8.5192118e-01   0.0000000e+00
   7.3000000e-01   8.2955008e-01   0.0000000e+00
   7.5000000e-01   8.0812202e-01   0.0000000e+00
   7.7000000e-01   7.9016638e-01   0.0000000e+00
   7.9000000e-01   7.7382060e-01   0.0000000e+00
   8.1000000e-01   7.5908469e-01   0.0000000e+00
   8.3000000e-01   7.4091587e-01   0.0000000e+00
   8.5000000e-01   7.2588491e-01   0.0000000e+00
   8.7000000e-01   7.1399180e-01   0.0000000e+00
   8.9000000e-01   7.0345444e-01   0.0000000e+00
   9.1000000e-01   6.9383329e-01   0.0000000e+00
   9.3000000e-01   6.8512836e-01   0.0000000e+00
   9.5000000e-01   6.7799305e-01   0.0000000e+00
   9.7000000e-01   6.7127544e-01   0.0000000e+00
   9.9000000e-01   6.6497555e-01   0.0000000e+00
   1.0100000e+00   6.5963178e-01   0.0000000e+00
   1.0300000e+00   6.5405100e-01   0.0000000e+00
   1.0500000e+00   6.4823320e-01   0.0000000e+00
   1.0700000e+00   6.4306978e-01   0.0000000e+00
   1.0900000e+00   6.3808338e-01   0.0000000e+00
   1.1100000e+00   6.3327398e-01   0.0000000e+00
   1.1300000e+00   6.2858862e-01   0.0000000e+00
   1.1500000e+00   6.2410107e-01   0.0000000e+00
   1.1700000e+00   6.1981131e-01   0.0000000e+00
   1.1900000e+00   6.1446754e-01   0.0000000e+00
   1.2100000e+00   6.0976139e-01   0.0000000e+00
   1.2300000e+00   6.0569287e-01   0.0000000e+00
   1.2500000e+00   6.0164381e-01   0.0000000e+00
   1.2700000e+00   5.9738590e-01   0.0000000e+00
   1.2900000e+00   5.9291913e-01   0.0000000e+00
   1.3100000e+00   5.8810974e-01   0.0000000e+00
   1.3300000e+00   5.8330034e-01   0.0000000e+00
   1.3500000e+00   5.7849095e-01   0.0000000e+00
   1.3700000e+00   5.7515996e-01   0.0000000e+00
   1.3900000e+00   5.7132713e-01   0.0000000e+00
   1.4100000e+00   5.6699246e-01   0.0000000e+00
   1.4300000e+00   5.6296148e-01   0.0000000e+00
   1.4500000e+00   5.5920005e-01   0.0000000e+00
   1.4700000e+00   5.5570818e-01   0.0000000e+00
   1.4900000e+00   5.5148545e-01   0.0000000e+00
   1.5100000e+00   5.4777095e-01   0.0000000e+00
   1.5300000e+00   5.4456469e-01   0.0000000e+00
   1.5500000e+00   5.4180228e-01   0.0000000e+00
   1.5700000e+00   5.3892154e-01   0.0000000e+00
   1.5900000e+00   5.3592246e-01   0.0000000e+00
   1.6100000e+00   5.3313726e-01   0.0000000e+00
   1.6300000e+00   5.3062897e-01   0.0000000e+00
   1.6500000e+00   5.2839760e-01   0.0000000e+00
   1.6700000e+00   5.2572571e-01   0.0000000e+00
   1.6900000e+00   5.2356540e-01   0.0000000e+00
   1.7100000e+00   5.2191667e-01   0.0000000e+00
   1.7300000e+00   5.1991862e-01   0.0000000e+00
   1.7500000e+00   5.1798997e-01   0.0000000e+00
   1.7700000e+00   5.1613071e-01   0.0000000e+00
   1.7900000e+00   5.1468916e-01   0.0000000e+00
   1.8100000e+00   5.1341155e-01   0.0000000e+00
   1.8300000e+00   5.1229788e-01   0.0000000e+00
   1.8500000e+00   5.1069475e-01   0.0000000e+00
   1.8700000e+00   5.0932293e-01   0.0000000e+00
   1.8900000e+00   5.0818243e-01   0.0000000e+00
   1.9100000e+00   5.0711367e-01   0.0000000e+00
   1.9300000e+00   5.0593027e-01   0.0000000e+00
   1.9500000e+00   5.0463222e-01   0.0000000e+00
   1.9700000e+00   5.0314172e-01   0.0000000e+00
   1.9900000e+00   5.0186209e-01   0.0000000e+00
   2.0100000e+00   5.0079334e-01   0.0000000e+00
   2.0300000e+00   4.9866389e-01   0.0000000e+00
   2.0500000e+00   4.9694410e-01   0.0000000e+00
   2.0700000e+00   4.9563395e-01   0.0000000e+00
   2.0900000e+00   4.9397116e-01   0.0000000e+00
   2.1100000e+00   4.9216119e-01   0.0000000e+00
   2.1300000e+00   4.9020404e-01   0.0000000e+00
   2.1500000e+00   4.8860091e-01   0.0000000e+00
   2.1700000e+00   4.8699777e-01   0.0000000e+00
   2.1900000e+00   4.8539464e-01   0.0000000e+00
   2.2100000e+00   4.8427291e-01   0.0000000e+00
   2.2300000e+00   4.8299530e-01   0.0000000e+00
   2.2500000e+00   4.8156181e-01   0.0000000e+00
   2.2700000e+00   4.8020675e-01   0.0000000e+00
   2.2900000e+00   4.7892914e-01   0.0000000e+00
   2.3100000e+00   4.7772898e-01   0.0000000e+00
   2.3300000e+00   4.7614059e-01   0.0000000e+00
   2.3500000e+00   4.7481202e-01   0.0000000e+00
   2.3700000e+00   4.7374327e-01   0.0000000e+00
   2.3900000e+00   4.7267451e-01   0.0000000e+00
   2.4100000e+00   4.7160576e-01   0.0000000e+00
   2.4300000e+00   4.7053701e-01   0.0000000e+00
   2.4500000e+00   4.6946825e-01   0.0000000e+00
   2.4700000e+00   4.6835827e-01   0.0000000e+00
   2.4900000e+00   4.6720705e-01   0.0000000e+00
   2.5100000e+00   4.6560392e-01   0.0000000e+00
   2.5300000e+00   4.6425088e-01   0.0000000e+00
   2.5500000e+00   4.6314792e-01   0.0000000e+00
   2.5700000e+00   4.6207916e-01   0.0000000e+00
   2.5900000e+00   4.6114383e-01   0.0000000e+00
   2.6100000e+00   4.6034192e-01   0.0000000e+00
   2.6300000e+00   4.5980754e-01   0.0000000e+00
   2.6500000e+00   4.5925641e-01   0.0000000e+00
   2.6700000e+00   4.5868852e-01   0.0000000e+00
   2.6900000e+00   4.5761976e-01   0.0000000e+00
   2.7100000e+00   4.5677662e-01   0.0000000e+00
   2.7300000e+00   4.5615910e-01   0.0000000e+00
   2.7500000e+00   4.5529016e-01   0.0000000e+00
   2.7700000e+00   4.5432131e-01   0.0000000e+00
   2.7900000e+00   4.5325256e-01   0.0000000e+00
   2.8100000e+00   4.5218380e-01   0.0000000e+00
   2.8300000e+00   4.5111505e-01   0.0000000e+00
   2.8500000e+00   4.5004629e-01   0.0000000e+00
   2.8700000e+00   4.4897754e-01   0.0000000e+00
   2.8900000e+00   4.4790879e-01   0.0000000e+00
   2.9100000e+00   4.4684003e-01   0.0000000e+00
   2.9300000e+00   4.4577128e-01   0.0000000e+00
   2.9500000e+00   4.4478700e-01   0.0000000e+00
   2.9700000e+00   4.4388720e-01   0.0000000e+00
   2.9900000e+00   4.4330053e-01   0.0000000e+00
   3.0100000e+00   4.4247282e-01   0.0000000e+00
   3.0300000e+00   4.4140407e-01   0.0000000e+00
   3.0500000e+00   4.4080532e-01   0.0000000e+00
   3.0700000e+00   4.3988541e-01   0.0000000e+00
   3.0900000e+00   4.3864437e-01   0.0000000e+00
   3.1100000e+00   4.3727791e-01   0.0000000e+00
   3.1300000e+00   4.3618030e-01   0.0000000e+00
   3.1500000e+00   4.3535156e-01   0.0000000e+00
   3.1700000e+00   4.3534154e-01   0.0000000e+00
   3.1900000e+00   4.3453496e-01   0.0000000e+00
   3.2100000e+00   4.3293183e-01   0.0000000e+00
   3.2300000e+00   4.3217081e-01   0.0000000e+00
   3.2500000e+00   4.3152311e-01   0.0000000e+00
   3.2700000e+00   4.3098873e-01   0.0000000e+00
   3.2900000e+00   4.3026663e-01   0.0000000e+00
   3.3100000e+00   4.2933567e-01   0.0000000e+00
   3.3300000e+00   4.2819586e-01   0.0000000e+00
   3.3500000e+00   4.2659273e-01   0.0000000e+00
   3.3700000e+00   4.2547837e-01   0.0000000e+00
   3.3900000e+00   4.2485278e-01   0.0000000e+00
   2.0000000e+00   7.5871012e-01   1.0000000e+00
   2.0200000e+00   7.5657261e-01   1.0000000e+00
   2.0400000e+00   7.5443511e-01   1.0000000e+00
   2.0600000e+00   7.5229760e-01   1.0000000e+00
   2.0800000e+00   7.5016009e-01   1.0000000e+00
   2.1000000e+00   7.4802258e-01   1.0000000e+00
   2.1200000e+00   7.4570472e-01   1.0000000e+00
   2.1400000e+00   7.4324169e-01   1.0000000e+00
   2.1600000e+00   7.4063349e-01   1.0000000e+00
   2.1800000e+00   7.3849599e-01   1.0000000e+00
   2.2000000e+00   7.3635848e-01   1.0000000e+00
   2.2200000e+00   7.3422097e-01   1.0000000e+00
   2.2400000e+00   7.3171873e-01   1.0000000e+00
   2.2600000e+00   7.2925570e-01   1.0000000e+00
   2.2800000e+00   7.2683188e-01   1.0000000e+00
   2.3000000e+00   7.2469438e-01   1.0000000e+00
   2.3200000e+00   7.2254212e-01   1.0000000e+00
   2.3400000e+00   7.2037513e-01   1.0000000e+00
   2.3600000e+00   7.1716887e-01   1.0000000e+00
   2.3800000e+00   7.1439506e-01   1.0000000e+00
   2.4000000e+00   7.1205371e-01   1.0000000e+00
   2.4200000e+00   7.0928462e-01   1.0000000e+00
   2.4400000e+00   7.0639651e-01   1.0000000e+00
   2.4600000e+00   7.0338937e-01   1.0000000e+00
   2.4800000e+00   7.0071749e-01   1.0000000e+00
   2.5000000e+00   6.9804560e-01   1.0000000e+00
   2.5200000e+00   6.9537372e-01   1.0000000e+00
   2.5400000e+00   6.9320200e-01   1.0000000e+00
   2.5600000e+00   6.9104739e-01   1.0000000e+00
   2.5800000e+00   6.8890989e-01   1.0000000e+00
   2.6000000e+00   6.8677238e-01   1.0000000e+00
   2.6200000e+00   6.8463487e-01   1.0000000e+00
   2.6400000e+00   6.8249736e-01   1.0000000e+00
   2.6600000e+00   6.8035985e-01   1.0000000e+00
   2.6800000e+00   6.7822235e-01   1.0000000e+00
   2.7000000e+00   6.7608484e-01   1.0000000e+00
   2.7200000e+00   6.7439856e-01   1.0000000e+00
   2.7400000e+00   6.7258657e-01   1.0000000e+00
   2.7600000e+00   6.7064887e-01   1.0000000e+00
   2.7800000e+00   6.6894716e-01   1.0000000e+00
   2.8000000e+00   6.6751131e-01   1.0000000e+00
   2.8200000e+00   6.6634132e-01   1.0000000e+00
   2.8400000e+00   6.6473819e-01   1.0000000e+00
   2.8600000e+00   6.6313506e-01   1.0000000e+00
   2.8800000e+00   6.6153193e-01   1.0000000e+00
   2.9000000e+00   6.6033108e-01   1.0000000e+00
   2.9200000e+00   6.5905347e-01   1.0000000e+00
   2.9400000e+00   6.5769910e-01   1.0000000e+00
   2.9600000e+00   6.5592702e-01   1.0000000e+00
   2.9800000e+00   6.5399837e-01   1.0000000e+00
   3.0000000e+00   6.5191314e-01   1.0000000e+00
   3.0200000e+00   6.5031001e-01   1.0000000e+00
   3.0400000e+00   6.4870688e-01   1.0000000e+00
   3.0600000e+00   6.4710375e-01   1.0000000e+00
   3.0800000e+00   6.4550062e-01   1.0000000e+00
   3.1000000e+00   6.4377915e-01   1.0000000e+00
   3.1200000e+00   6.4193935e-01   1.0000000e+00
   3.1400000e+00   6.4004186e-01   1.0000000e+00
   3.1600000e+00   6.3855873e-01   1.0000000e+00
   3.1800000e+00   6.3748998e-01   1.0000000e+00
   3.2000000e+00   6.3642122e-01   1.0000000e+00
   3.2200000e+00   6.3514194e-01   1.0000000e+00
   3.2400000e+00   6.3365213e-01   1.0000000e+00
   3.2600000e+00   6.3265778e-01   1.0000000e+00
   3.2800000e+00   6.3170569e-01   1.0000000e+00
   3.3000000e+00   6.3079587e-01   1.0000000e+00
   3.3200000e+00   6.2919273e-01   1.0000000e+00
   3.3400000e+00   6.2758960e-01   1.0000000e+00
   3.3600000e+00   6.2598647e-01   1.0000000e+00
   3.3800000e+00   6.2487211e-01   1.0000000e+00
   3.4000000e+00   6.2340845e-01   1.0000000e+00
   3.4200000e+00   6.2159548e-01   1.0000000e+00
   3.4400000e+00   6.1996886e-01   1.0000000e+00
   3.4600000e+00   6.1862117e-01   1.0000000e+00
   3.4800000e+00   6.1755242e-01   1.0000000e+00
   3.5000000e+00   6.1646155e-01   1.0000000e+00
   3.5200000e+00   6.1511455e-01   1.0000000e+00
   3.5400000e+00   6.1351142e-01   1.0000000e+00
   3.5600000e+00   6.1234811e-01   1.0000000e+00
   3.5800000e+00   6.1155524e-01   1.0000000e+00
   3.6000000e+00   6.1113281e-01   1.0000000e+00
   3.6200000e+00   6.1071982e-01   1.0000000e+00
   3.6400000e+00   6.0997895e-01   1.0000000e+00
   3.6600000e+00   6.0891019e-01   1.0000000e+00
   3.6800000e+00   6.0784144e-01   1.0000000e+00
   3.7000000e+00   6.0728023e-01   1.0000000e+00
   3.7200000e+00   6.0722656e-01   1.0000000e+00
   3.7400000e+00   6.0605392e-01   1.0000000e+00
   3.7600000e+00   6.0494025e-01   1.0000000e+00
   3.7800000e+00   6.0388555e-01   1.0000000e+00
   3.8000000e+00   6.0319362e-01   1.0000000e+00
