   6.1000000e-01   9.8654557e-01   0.0000000e+00
   6.3000000e-01   9.7546715e-01   0.0000000e+00
   6.5000000e-01   9.6154455e-01   0.0000000e+00
   6.7000000e-01   9.4389571e-01   0.0000000e+00
   6.9000000e-01   9.2252062e-01   0.0000000e+00
   7.1000000e-01   9.0342183e-01   0.0000000e+00
   7.3000000e-01   8.8502872e-01   0.0000000e+00
   7.5000000e-01   8.6734130e-01   0.0000000e+00
   7.7000000e-01   8.5223859e-01   0.0000000e+00
   7.9000000e-01   8.3848927e-01   0.0000000e+00
   8.1000000e-01   8.2609333e-01   0.0000000e+00
   8.3000000e-01   8.1326828e-01   0.0000000e+00
   8.5000000e-01   8.0096621e-01   0.0000000e+00
   8.7000000e-01   7.8918711e-01   0.0000000e+00
   8.9000000e-01   7.7824344e-01   0.0000000e+00
   9.1000000e-01   7.6829677e-01   0.0000000e+00
   9.3000000e-01   7.5934711e-01   0.0000000e+00
   9.5000000e-01   7.5186583e-01   0.0000000e+00
   9.7000000e-01   7.4441271e-01   0.0000000e+00
   9.9000000e-01   7.3698775e-01   0.0000000e+00
   1.0100000e+00   7.3004085e-01   0.0000000e+00
   1.0300000e+00   7.2309395e-01   0.0000000e+00
   1.0500000e+00   7.1614705e-01   0.0000000e+00
   1.0700000e+00   7.0920014e-01   0.0000000e+00
   1.0900000e+00   7.0261429e-01   0.0000000e+00
   1.1100000e+00   6.9638949e-01   0.0000000e+00
   1.1300000e+00   6.9104572e-01   0.0000000e+00
   1.1500000e+00   6.8569090e-01   0.0000000e+00
   1.1700000e+00   6.8032501e-01   0.0000000e+00
   1.1900000e+00   6.7337811e-01   0.0000000e+00
   1.2100000e+00   6.6706883e-01   0.0000000e+00
   1.2300000e+00   6.6139718e-01   0.0000000e+00
   1.2500000e+00   6.5574499e-01   0.0000000e+00
   1.2700000e+00   6.4988395e-01   0.0000000e+00
   1.2900000e+00   6.4381405e-01   0.0000000e+00
   1.3100000e+00   6.3755170e-01   0.0000000e+00
   1.3300000e+00   6.3174864e-01   0.0000000e+00
   1.3500000e+00   6.2640487e-01   0.0000000e+00
   1.3700000e+00   6.2056830e-01   0.0000000e+00
   1.3900000e+00   6.1471094e-01   0.0000000e+00
   1.4100000e+00   6.0883279e-01   0.0000000e+00
   1.4300000e+00   6.0269517e-01   0.0000000e+00
   1.4500000e+00   5.9649151e-01   0.0000000e+00
   1.4700000e+00   5.9022179e-01   0.0000000e+00
   1.4900000e+00   5.8436979e-01   0.0000000e+00
   1.5100000e+00   5.7877190e-01   0.0000000e+00
   1.5300000e+00   5.7342813e-01   0.0000000e+00
   1.5500000e+00   5.6852821e-01   0.0000000e+00
   1.5700000e+00   5.6416435e-01   0.0000000e+00
   1.5900000e+00   5.6033653e-01   0.0000000e+00
   1.6100000e+00   5.5734079e-01   0.0000000e+00
   1.6300000e+00   5.5450698e-01   0.0000000e+00
   1.6500000e+00   5.5183510e-01   0.0000000e+00
   1.6700000e+00   5.4916321e-01   0.0000000e+00
   1.6900000e+00   5.4674711e-01   0.0000000e+00
   1.7100000e+00   5.4458680e-01   0.0000000e+00
   1.7300000e+00   5.4323911e-01   0.0000000e+00
   1.7500000e+00   5.4175265e-01   0.0000000e+00
   1.7700000e+00   5.4012740e-01   0.0000000e+00
   1.7900000e+00   5.3798989e-01   0.0000000e+00
   1.8100000e+00   5.3585239e-01   0.0000000e+00
   1.8300000e+00   5.3371488e-01   0.0000000e+00
   1.8500000e+00   5.3157737e-01   0.0000000e+00
   1.8700000e+00   5.2967118e-01   0.0000000e+00
   1.8900000e+00   5.2799630e-01   0.0000000e+00
   1.9100000e+00   5.2639317e-01   0.0000000e+00
   1.9300000e+00   5.2467538e-01   0.0000000e+00
   1.9500000e+00   5.2284295e-01   0.0000000e+00
   1.9700000e+00   5.2070545e-01   0.0000000e+00
   1.9900000e+00   5.1856794e-01   0.0000000e+00
   2.0100000e+00   5.1643043e-01   0.0000000e+00
   2.0300000e+00   5.1482327e-01   0.0000000e+00
   2.0500000e+00   5.1321812e-01   0.0000000e+00
   2.0700000e+00   5.1161499e-01   0.0000000e+00
   2.0900000e+00   5.1001186e-01   0.0000000e+00
   2.1100000e+00   5.0858908e-01   0.0000000e+00
   2.1300000e+00   5.0734666e-01   0.0000000e+00
   2.1500000e+00   5.0674859e-01   0.0000000e+00
   2.1700000e+00   5.0591518e-01   0.0000000e+00
   2.1900000e+00   5.0484643e-01   0.0000000e+00
   2.2100000e+00   5.0377767e-01   0.0000000e+00
   2.2300000e+00   5.0289129e-01   0.0000000e+00
   2.2500000e+00   5.0218727e-01   0.0000000e+00
   2.2700000e+00   5.0190097e-01   0.0000000e+00
   2.2900000e+00   5.0169211e-01   0.0000000e+00
   2.3100000e+00   5.0156070e-01   0.0000000e+00
   2.3300000e+00   5.0101158e-01   0.0000000e+00
   2.3500000e+00   5.0020265e-01   0.0000000e+00
   2.3700000e+00   4.9913389e-01   0.0000000e+00
   2.3900000e+00   4.9806514e-01   0.0000000e+00
   2.4100000e+00   4.9715428e-01   0.0000000e+00
   2.4300000e+00   4.9640132e-01   0.0000000e+00
   2.4500000e+00   4.9546869e-01   0.0000000e+00
   2.4700000e+00   4.9424204e-01   0.0000000e+00
   2.4900000e+00   4.9272137e-01   0.0000000e+00
   2.5100000e+00   4.9165261e-01   0.0000000e+00
   2.5300000e+00   4.9058386e-01   0.0000000e+00
   2.5500000e+00   4.8951511e-01   0.0000000e+00
   2.5700000e+00   4.8844635e-01   0.0000000e+00
   2.5900000e+00   4.8737760e-01   0.0000000e+00
   2.6100000e+00   4.8630884e-01   0.0000000e+00
   2.6300000e+00   4.8524009e-01   0.0000000e+00
   2.6500000e+00   4.8417134e-01   0.0000000e+00
   2.6700000e+00   4.8310258e-01   0.0000000e+00
   2.6900000e+00   4.8203383e-01   0.0000000e+00
   2.7100000e+00   4.8096507e-01   0.0000000e+00
   2.7300000e+00   4.7989632e-01   0.0000000e+00
   2.7500000e+00   4.7916213e-01   0.0000000e+00
   2.7700000e+00   4.7841889e-01   0.0000000e+00
   2.7900000e+00   4.7766662e-01   0.0000000e+00
   2.8100000e+00   4.7680033e-01   0.0000000e+00
   2.8300000e+00   4.7636719e-01   0.0000000e+00
   2.8500000e+00   4.7636719e-01   0.0000000e+00
   2.8700000e+00   4.7532930e-01   0.0000000e+00
   2.8900000e+00   4.7447711e-01   0.0000000e+00
   2.9100000e+00   4.7381064e-01   0.0000000e+00
   2.9300000e+00   4.7356188e-01   0.0000000e+00
   2.9500000e+00   4.7343750e-01   0.0000000e+00
   2.9700000e+00   4.7343750e-01   0.0000000e+00
   2.9900000e+00   4.7343750e-01   0.0000000e+00
   3.0100000e+00   4.7343750e-01   0.0000000e+00
   3.0300000e+00   4.7343750e-01   0.0000000e+00
   3.0500000e+00   4.7202750e-01   0.0000000e+00
   2.3400000e+00   8.2981647e-01   1.0000000e+00
   2.3600000e+00   8.2821334e-01   1.0000000e+00
   2.3800000e+00   8.2596153e-01   1.0000000e+00
   2.4000000e+00   8.2306103e-01   1.0000000e+00
   2.4200000e+00   8.1890740e-01   1.0000000e+00
   2.4400000e+00   8.1502326e-01   1.0000000e+00
   2.4600000e+00   8.1140862e-01   1.0000000e+00
   2.4800000e+00   8.0988795e-01   1.0000000e+00
   2.5000000e+00   8.0859324e-01   1.0000000e+00
   2.5200000e+00   8.0752449e-01   1.0000000e+00
   2.5400000e+00   8.0595556e-01   1.0000000e+00
   2.5600000e+00   8.0436953e-01   1.0000000e+00
   2.5800000e+00   8.0276640e-01   1.0000000e+00
   2.6000000e+00   8.0143011e-01   1.0000000e+00
   2.6200000e+00   8.0015250e-01   1.0000000e+00
   2.6400000e+00   7.9893357e-01   1.0000000e+00
   2.6600000e+00   7.9743098e-01   1.0000000e+00
   2.6800000e+00   7.9667969e-01   1.0000000e+00
   2.7000000e+00   7.9667969e-01   1.0000000e+00
   2.7200000e+00   7.9622846e-01   1.0000000e+00
   2.7400000e+00   7.9556838e-01   1.0000000e+00
   2.7600000e+00   7.9469944e-01   1.0000000e+00
