   6.1000000e-01   9.8361588e-01   0.0000000e+00
   6.3000000e-01   9.7253746e-01   0.0000000e+00
   6.5000000e-01   9.5872749e-01   0.0000000e+00
   6.7000000e-01   9.4193654e-01   0.0000000e+00
   6.9000000e-01   9.2216458e-01   0.0000000e+00
   7.1000000e-01   9.0330315e-01   0.0000000e+00
   7.3000000e-01   8.8485943e-01   0.0000000e+00
   7.5000000e-01   8.6683341e-01   0.0000000e+00
   7.7000000e-01   8.5141825e-01   0.0000000e+00
   7.9000000e-01   8.3767060e-01   0.0000000e+00
   8.1000000e-01   8.2559045e-01   0.0000000e+00
   8.3000000e-01   8.1436854e-01   0.0000000e+00
   8.5000000e-01   8.0366959e-01   0.0000000e+00
   8.7000000e-01   7.9349363e-01   0.0000000e+00
   8.9000000e-01   7.8293415e-01   0.0000000e+00
   9.1000000e-01   7.7332441e-01   0.0000000e+00
   9.3000000e-01   7.6466439e-01   0.0000000e+00
   9.5000000e-01   7.5737153e-01   0.0000000e+00
   9.7000000e-01   7.4977358e-01   0.0000000e+00
   9.9000000e-01   7.4187056e-01   0.0000000e+00
   1.0100000e+00   7.3492366e-01   0.0000000e+00
   1.0300000e+00   7.2821377e-01   0.0000000e+00
   1.0500000e+00   7.2174090e-01   0.0000000e+00
   1.0700000e+00   7.1497101e-01   0.0000000e+00
   1.0900000e+00   7.0823297e-01   0.0000000e+00
   1.1100000e+00   7.0152677e-01   0.0000000e+00
   1.1300000e+00   6.9536231e-01   0.0000000e+00
   1.1500000e+00   6.8960083e-01   0.0000000e+00
   1.1700000e+00   6.8424232e-01   0.0000000e+00
   1.1900000e+00   6.7782979e-01   0.0000000e+00
   1.2100000e+00   6.7141727e-01   0.0000000e+00
   1.2300000e+00   6.6500475e-01   0.0000000e+00
   1.2500000e+00   6.5859222e-01   0.0000000e+00
   1.2700000e+00   6.5227557e-01   0.0000000e+00
   1.2900000e+00   6.4605480e-01   0.0000000e+00
   1.3100000e+00   6.4017666e-01   0.0000000e+00
   1.3300000e+00   6.3429851e-01   0.0000000e+00
   1.3500000e+00   6.2842036e-01   0.0000000e+00
   1.3700000e+00   6.2303502e-01   0.0000000e+00
   1.3900000e+00   6.1748239e-01   0.0000000e+00
   1.4100000e+00   6.1176248e-01   0.0000000e+00
   1.4300000e+00   6.0536539e-01   0.0000000e+00
   1.4500000e+00   5.9890760e-01   0.0000000e+00
   1.4700000e+00   5.9238913e-01   0.0000000e+00
   1.4900000e+00   5.8707150e-01   0.0000000e+00
   1.5100000e+00   5.8200799e-01   0.0000000e+00
   1.5300000e+00   5.7719860e-01   0.0000000e+00
   1.5500000e+00   5.7283306e-01   0.0000000e+00
   1.5700000e+00   5.6851278e-01   0.0000000e+00
   1.5900000e+00   5.6423777e-01   0.0000000e+00
   1.6100000e+00   5.6059433e-01   0.0000000e+00
   1.6300000e+00   5.5748360e-01   0.0000000e+00
   1.6500000e+00   5.5490558e-01   0.0000000e+00
   1.6700000e+00   5.5276807e-01   0.0000000e+00
   1.6900000e+00   5.5037477e-01   0.0000000e+00
   1.7100000e+00   5.4772569e-01   0.0000000e+00
   1.7300000e+00   5.4544872e-01   0.0000000e+00
   1.7500000e+00   5.4324147e-01   0.0000000e+00
   1.7700000e+00   5.4110397e-01   0.0000000e+00
   1.7900000e+00   5.3896646e-01   0.0000000e+00
   1.8100000e+00   5.3682895e-01   0.0000000e+00
   1.8300000e+00   5.3469144e-01   0.0000000e+00
   1.8500000e+00   5.3255393e-01   0.0000000e+00
   1.8700000e+00   5.3018511e-01   0.0000000e+00
   1.8900000e+00   5.2758497e-01   0.0000000e+00
   1.9100000e+00   5.2491309e-01   0.0000000e+00
   1.9300000e+00   5.2224120e-01   0.0000000e+00
   1.9500000e+00   5.1956932e-01   0.0000000e+00
   1.9700000e+00   5.1701007e-01   0.0000000e+00
   1.9900000e+00   5.1466169e-01   0.0000000e+00
   2.0100000e+00   5.1252418e-01   0.0000000e+00
   2.0300000e+00   5.0985633e-01   0.0000000e+00
   2.0500000e+00   5.0760014e-01   0.0000000e+00
   2.0700000e+00   5.0575562e-01   0.0000000e+00
   2.0900000e+00   5.0415249e-01   0.0000000e+00
   2.1100000e+00   5.0263953e-01   0.0000000e+00
   2.1300000e+00   5.0121675e-01   0.0000000e+00
   2.1500000e+00   5.0021169e-01   0.0000000e+00
   2.1700000e+00   4.9944197e-01   0.0000000e+00
   2.1900000e+00   4.9890759e-01   0.0000000e+00
   2.2100000e+00   4.9789181e-01   0.0000000e+00
   2.2300000e+00   4.9703191e-01   0.0000000e+00
   2.2500000e+00   4.9632790e-01   0.0000000e+00
   2.2700000e+00   4.9604159e-01   0.0000000e+00
   2.2900000e+00   4.9589844e-01   0.0000000e+00
   2.3100000e+00   4.9589844e-01   0.0000000e+00
   2.3300000e+00   4.9588370e-01   0.0000000e+00
   2.3500000e+00   4.9560914e-01   0.0000000e+00
   2.3700000e+00   4.9507476e-01   0.0000000e+00
   2.3900000e+00   4.9497284e-01   0.0000000e+00
   2.4100000e+00   4.9476398e-01   0.0000000e+00
   2.4300000e+00   4.9444819e-01   0.0000000e+00
   2.4500000e+00   4.9371469e-01   0.0000000e+00
   2.4700000e+00   4.9285479e-01   0.0000000e+00
   2.4900000e+00   4.9186850e-01   0.0000000e+00
   2.5100000e+00   4.9133412e-01   0.0000000e+00
   2.5300000e+00   4.9079974e-01   0.0000000e+00
   2.5500000e+00   4.9026536e-01   0.0000000e+00
   2.5700000e+00   4.8896397e-01   0.0000000e+00
   2.5900000e+00   4.8764513e-01   0.0000000e+00
   2.6100000e+00   4.8630884e-01   0.0000000e+00
   2.6300000e+00   4.8524009e-01   0.0000000e+00
   2.6500000e+00   4.8413782e-01   0.0000000e+00
   2.6700000e+00   4.8300204e-01   0.0000000e+00
   2.6900000e+00   4.8086453e-01   0.0000000e+00
   2.7100000e+00   4.7917825e-01   0.0000000e+00
   2.7300000e+00   4.7794319e-01   0.0000000e+00
   2.7500000e+00   4.7687444e-01   0.0000000e+00
   2.7700000e+00   4.7558779e-01   0.0000000e+00
   2.7900000e+00   4.7408324e-01   0.0000000e+00
   2.8100000e+00   4.7214820e-01   0.0000000e+00
   2.8300000e+00   4.7064630e-01   0.0000000e+00
   2.8500000e+00   4.6957754e-01   0.0000000e+00
   2.8700000e+00   4.6798984e-01   0.0000000e+00
   2.8900000e+00   4.6639443e-01   0.0000000e+00
   2.9100000e+00   4.6479130e-01   0.0000000e+00
   2.9300000e+00   4.6347378e-01   0.0000000e+00
   2.9500000e+00   4.6219617e-01   0.0000000e+00
   2.9700000e+00   4.6095847e-01   0.0000000e+00
   2.9900000e+00   4.5940762e-01   0.0000000e+00
   3.0100000e+00   4.5809782e-01   0.0000000e+00
   3.0300000e+00   4.5702907e-01   0.0000000e+00
   3.0500000e+00   4.5596032e-01   0.0000000e+00
   3.0700000e+00   4.5489156e-01   0.0000000e+00
   3.0900000e+00   4.5382281e-01   0.0000000e+00
   3.1100000e+00   4.5299072e-01   0.0000000e+00
   3.1300000e+00   4.5218749e-01   0.0000000e+00
   3.1500000e+00   4.5141310e-01   0.0000000e+00
   3.1700000e+00   4.4981331e-01   0.0000000e+00
   3.1900000e+00   4.4847904e-01   0.0000000e+00
   3.2100000e+00   4.4741028e-01   0.0000000e+00
   3.2300000e+00   4.4423626e-01   0.0000000e+00
   3.2500000e+00   4.4123551e-01   0.0000000e+00
   3.2700000e+00   4.3840804e-01   0.0000000e+00
   2.2800000e+00   8.3741579e-01   1.0000000e+00
   2.3000000e+00   8.3420953e-01   1.0000000e+00
   2.3200000e+00   8.3103275e-01   1.0000000e+00
   2.3400000e+00   8.2788546e-01   1.0000000e+00
   2.3600000e+00   8.2681671e-01   1.0000000e+00
   2.3800000e+00   8.2531550e-01   1.0000000e+00
   2.4000000e+00   8.2338183e-01   1.0000000e+00
   2.4200000e+00   8.2092854e-01   1.0000000e+00
   2.4400000e+00   8.1866463e-01   1.0000000e+00
   2.4600000e+00   8.1659012e-01   1.0000000e+00
   2.4800000e+00   8.1535645e-01   1.0000000e+00
   2.5000000e+00   8.1367086e-01   1.0000000e+00
   2.5200000e+00   8.1153335e-01   1.0000000e+00
   2.5400000e+00   8.0989601e-01   1.0000000e+00
   2.5600000e+00   8.0827578e-01   1.0000000e+00
   2.5800000e+00   8.0667265e-01   1.0000000e+00
   2.6000000e+00   8.0533636e-01   1.0000000e+00
   2.6200000e+00   8.0398366e-01   1.0000000e+00
   2.6400000e+00   8.0261455e-01   1.0000000e+00
   2.6600000e+00   8.0057759e-01   1.0000000e+00
   2.6800000e+00   7.9929191e-01   1.0000000e+00
   2.7000000e+00   7.9875754e-01   1.0000000e+00
   2.7200000e+00   7.9777193e-01   1.0000000e+00
   2.7400000e+00   7.9674475e-01   1.0000000e+00
   2.7600000e+00   7.9567600e-01   1.0000000e+00
   2.7800000e+00   7.9368118e-01   1.0000000e+00
   2.8000000e+00   7.9101384e-01   1.0000000e+00
   2.8200000e+00   7.8767398e-01   1.0000000e+00
   2.8400000e+00   7.8433413e-01   1.0000000e+00
   2.8600000e+00   7.8099427e-01   1.0000000e+00
   2.8800000e+00   7.7765441e-01   1.0000000e+00
   2.9000000e+00   7.7431456e-01   1.0000000e+00
   2.9200000e+00   7.7115321e-01   1.0000000e+00
   2.9400000e+00   7.6817038e-01   1.0000000e+00
   2.9600000e+00   7.6566744e-01   1.0000000e+00
   2.9800000e+00   7.6329494e-01   1.0000000e+00
   3.0000000e+00   7.6105285e-01   1.0000000e+00
   3.0200000e+00   7.5784659e-01   1.0000000e+00
   3.0400000e+00   7.5534533e-01   1.0000000e+00
   3.0600000e+00   7.5354906e-01   1.0000000e+00
   3.0800000e+00   7.5194593e-01   1.0000000e+00
