   6.1000000e-01   9.7948269e-01   0.0000000e+00
   6.3000000e-01   9.6534150e-01   0.0000000e+00
   6.5000000e-01   9.4622531e-01   0.0000000e+00
   6.7000000e-01   9.2437655e-01   0.0000000e+00
   6.9000000e-01   8.9979520e-01   0.0000000e+00
   7.1000000e-01   8.7976643e-01   0.0000000e+00
   7.3000000e-01   8.6097974e-01   0.0000000e+00
   7.5000000e-01   8.4343513e-01   0.0000000e+00
   7.7000000e-01   8.2797908e-01   0.0000000e+00
   7.9000000e-01   8.1335679e-01   0.0000000e+00
   8.1000000e-01   7.9956825e-01   0.0000000e+00
   8.3000000e-01   7.8620882e-01   0.0000000e+00
   8.5000000e-01   7.7389535e-01   0.0000000e+00
   8.7000000e-01   7.6262783e-01   0.0000000e+00
   8.9000000e-01   7.5099960e-01   0.0000000e+00
   9.1000000e-01   7.4046592e-01   0.0000000e+00
   9.3000000e-01   7.3102680e-01   0.0000000e+00
   9.5000000e-01   7.2371850e-01   0.0000000e+00
   9.7000000e-01   7.1656274e-01   0.0000000e+00
   9.9000000e-01   7.0955952e-01   0.0000000e+00
   1.0100000e+00   7.0207825e-01   0.0000000e+00
   1.0300000e+00   6.9530801e-01   0.0000000e+00
   1.0500000e+00   6.8924882e-01   0.0000000e+00
   1.0700000e+00   6.8372804e-01   0.0000000e+00
   1.0900000e+00   6.7829576e-01   0.0000000e+00
   1.1100000e+00   6.7295199e-01   0.0000000e+00
   1.1300000e+00   6.6748419e-01   0.0000000e+00
   1.1500000e+00   6.6180752e-01   0.0000000e+00
   1.1700000e+00   6.5592201e-01   0.0000000e+00
   1.1900000e+00   6.4950948e-01   0.0000000e+00
   1.2100000e+00   6.4373458e-01   0.0000000e+00
   1.2300000e+00   6.3859731e-01   0.0000000e+00
   1.2500000e+00   6.3286266e-01   0.0000000e+00
   1.2700000e+00   6.2688495e-01   0.0000000e+00
   1.2900000e+00   6.2066418e-01   0.0000000e+00
   1.3100000e+00   6.1456076e-01   0.0000000e+00
   1.3300000e+00   6.0776841e-01   0.0000000e+00
   1.3500000e+00   6.0028714e-01   0.0000000e+00
   1.3700000e+00   5.9477707e-01   0.0000000e+00
   1.3900000e+00   5.8991435e-01   0.0000000e+00
   1.4100000e+00   5.8569899e-01   0.0000000e+00
   1.4300000e+00   5.8143941e-01   0.0000000e+00
   1.4500000e+00   5.7697632e-01   0.0000000e+00
   1.4700000e+00   5.7230974e-01   0.0000000e+00
   1.4900000e+00   5.6803472e-01   0.0000000e+00
   1.5100000e+00   5.6375971e-01   0.0000000e+00
   1.5300000e+00   5.5948469e-01   0.0000000e+00
   1.5500000e+00   5.5432196e-01   0.0000000e+00
   1.5700000e+00   5.4972309e-01   0.0000000e+00
   1.5900000e+00   5.4568809e-01   0.0000000e+00
   1.6100000e+00   5.4248183e-01   0.0000000e+00
   1.6300000e+00   5.3922863e-01   0.0000000e+00
   1.6500000e+00   5.3592851e-01   0.0000000e+00
   1.6700000e+00   5.3218787e-01   0.0000000e+00
   1.6900000e+00   5.2895881e-01   0.0000000e+00
   1.7100000e+00   5.2624132e-01   0.0000000e+00
   1.7300000e+00   5.2396434e-01   0.0000000e+00
   1.7500000e+00   5.2189622e-01   0.0000000e+00
   1.7700000e+00   5.2003696e-01   0.0000000e+00
   1.7900000e+00   5.1827225e-01   0.0000000e+00
   1.8100000e+00   5.1634360e-01   0.0000000e+00
   1.8300000e+00   5.1425100e-01   0.0000000e+00
   1.8500000e+00   5.1264787e-01   0.0000000e+00
   1.8700000e+00   5.1104474e-01   0.0000000e+00
   1.8900000e+00   5.0944161e-01   0.0000000e+00
   1.9100000e+00   5.0783848e-01   0.0000000e+00
   1.9300000e+00   5.0623535e-01   0.0000000e+00
   1.9500000e+00   5.0463222e-01   0.0000000e+00
   1.9700000e+00   5.0314172e-01   0.0000000e+00
   1.9900000e+00   5.0186209e-01   0.0000000e+00
   2.0100000e+00   5.0079334e-01   0.0000000e+00
   2.0300000e+00   5.0025493e-01   0.0000000e+00
   2.0500000e+00   5.0013222e-01   0.0000000e+00
   2.0700000e+00   5.0042521e-01   0.0000000e+00
   2.0900000e+00   5.0066257e-01   0.0000000e+00
   2.1100000e+00   5.0087143e-01   0.0000000e+00
   2.1300000e+00   5.0105178e-01   0.0000000e+00
   2.1500000e+00   5.0158616e-01   0.0000000e+00
   2.1700000e+00   5.0212053e-01   0.0000000e+00
   2.1900000e+00   5.0265491e-01   0.0000000e+00
   2.2100000e+00   5.0367069e-01   0.0000000e+00
   2.2300000e+00   5.0453059e-01   0.0000000e+00
   2.2500000e+00   5.0523460e-01   0.0000000e+00
   2.2700000e+00   5.0527284e-01   0.0000000e+00
   2.2900000e+00   5.0502477e-01   0.0000000e+00
   2.3100000e+00   5.0449039e-01   0.0000000e+00
   2.3300000e+00   5.0395601e-01   0.0000000e+00
   2.3500000e+00   5.0342164e-01   0.0000000e+00
   2.3700000e+00   5.0288726e-01   0.0000000e+00
   2.3900000e+00   5.0192043e-01   0.0000000e+00
   2.4100000e+00   5.0121842e-01   0.0000000e+00
   2.4300000e+00   5.0078125e-01   0.0000000e+00
   2.4500000e+00   5.0018387e-01   0.0000000e+00
   2.4700000e+00   4.9916608e-01   0.0000000e+00
   2.4900000e+00   4.9772787e-01   0.0000000e+00
   2.5100000e+00   4.9719349e-01   0.0000000e+00
   2.5300000e+00   4.9615894e-01   0.0000000e+00
   2.5500000e+00   4.9462422e-01   0.0000000e+00
   2.5700000e+00   4.9302109e-01   0.0000000e+00
   2.5900000e+00   4.9128454e-01   0.0000000e+00
   2.6100000e+00   4.8941456e-01   0.0000000e+00
   2.6300000e+00   4.8742723e-01   0.0000000e+00
   2.6500000e+00   4.8563200e-01   0.0000000e+00
   2.6700000e+00   4.8402887e-01   0.0000000e+00
   2.6900000e+00   4.8242574e-01   0.0000000e+00
   2.7100000e+00   4.8082261e-01   0.0000000e+00
   2.7300000e+00   4.7921948e-01   0.0000000e+00
   2.7500000e+00   4.7761635e-01   0.0000000e+00
   2.7700000e+00   4.7590427e-01   0.0000000e+00
   2.7900000e+00   4.7408324e-01   0.0000000e+00
   2.8100000e+00   4.7204696e-01   0.0000000e+00
   2.8300000e+00   4.7022726e-01   0.0000000e+00
   2.8500000e+00   4.6862413e-01   0.0000000e+00
   2.8700000e+00   4.6753994e-01   0.0000000e+00
   2.8900000e+00   4.6646347e-01   0.0000000e+00
   2.9100000e+00   4.6539472e-01   0.0000000e+00
   2.9300000e+00   4.6518281e-01   0.0000000e+00
