   6.1000000e-01   9.6798990e-01   0.0000000e+00
   6.3000000e-01   9.5316012e-01   0.0000000e+00
   6.5000000e-01   9.3297518e-01   0.0000000e+00
   6.7000000e-01   9.1005766e-01   0.0000000e+00
   6.9000000e-01   8.8440756e-01   0.0000000e+00
   7.1000000e-01   8.6148901e-01   0.0000000e+00
   7.3000000e-01   8.3982359e-01   0.0000000e+00
   7.5000000e-01   8.1941131e-01   0.0000000e+00
   7.7000000e-01   8.0239302e-01   0.0000000e+00
   7.9000000e-01   7.8667381e-01   0.0000000e+00
   8.1000000e-01   7.7225369e-01   0.0000000e+00
   8.3000000e-01   7.5568800e-01   0.0000000e+00
   8.5000000e-01   7.4147571e-01   0.0000000e+00
   8.7000000e-01   7.2961680e-01   0.0000000e+00
   8.9000000e-01   7.1826682e-01   0.0000000e+00
   9.1000000e-01   7.0813945e-01   0.0000000e+00
   9.3000000e-01   6.9923471e-01   0.0000000e+00
   9.5000000e-01   6.9263377e-01   0.0000000e+00
   9.7000000e-01   6.8645054e-01   0.0000000e+00
   9.9000000e-01   6.8068503e-01   0.0000000e+00
   1.0100000e+00   6.7587564e-01   0.0000000e+00
   1.0300000e+00   6.7130326e-01   0.0000000e+00
   1.0500000e+00   6.6696789e-01   0.0000000e+00
   1.0700000e+00   6.6269288e-01   0.0000000e+00
   1.0900000e+00   6.5865856e-01   0.0000000e+00
   1.1100000e+00   6.5486495e-01   0.0000000e+00
   1.1300000e+00   6.5153465e-01   0.0000000e+00
   1.1500000e+00   6.4799918e-01   0.0000000e+00
   1.1700000e+00   6.4425854e-01   0.0000000e+00
   1.1900000e+00   6.4051790e-01   0.0000000e+00
   1.2100000e+00   6.3698980e-01   0.0000000e+00
   1.2300000e+00   6.3367425e-01   0.0000000e+00
   1.2500000e+00   6.3046799e-01   0.0000000e+00
   1.2700000e+00   6.2726172e-01   0.0000000e+00
   1.2900000e+00   6.2405546e-01   0.0000000e+00
   1.3100000e+00   6.2084920e-01   0.0000000e+00
   1.3300000e+00   6.1764294e-01   0.0000000e+00
   1.3500000e+00   6.1443667e-01   0.0000000e+00
   1.3700000e+00   6.1123041e-01   0.0000000e+00
   1.3900000e+00   6.0821222e-01   0.0000000e+00
   1.4100000e+00   6.0538209e-01   0.0000000e+00
   1.4300000e+00   6.0245074e-01   0.0000000e+00
   1.4500000e+00   5.9945333e-01   0.0000000e+00
   1.4700000e+00   5.9638988e-01   0.0000000e+00
   1.4900000e+00   5.9369185e-01   0.0000000e+00
   1.5100000e+00   5.9073970e-01   0.0000000e+00
   1.5300000e+00   5.8753344e-01   0.0000000e+00
   1.5500000e+00   5.8432718e-01   0.0000000e+00
   1.5700000e+00   5.8112092e-01   0.0000000e+00
   1.5900000e+00   5.7791465e-01   0.0000000e+00
   1.6100000e+00   5.7449786e-01   0.0000000e+00
   1.6300000e+00   5.7105994e-01   0.0000000e+00
   1.6500000e+00   5.6760089e-01   0.0000000e+00
   1.6700000e+00   5.6546338e-01   0.0000000e+00
   1.6900000e+00   5.6281430e-01   0.0000000e+00
   1.7100000e+00   5.5965364e-01   0.0000000e+00
   1.7300000e+00   5.5684229e-01   0.0000000e+00
   1.7500000e+00   5.5396155e-01   0.0000000e+00
   1.7700000e+00   5.5101142e-01   0.0000000e+00
   1.7900000e+00   5.4812832e-01   0.0000000e+00
   1.8100000e+00   5.4559555e-01   0.0000000e+00
   1.8300000e+00   5.4341313e-01   0.0000000e+00
   1.8500000e+00   5.4074124e-01   0.0000000e+00
   1.8700000e+00   5.3830067e-01   0.0000000e+00
   1.8900000e+00   5.3609142e-01   0.0000000e+00
   1.9100000e+00   5.3395391e-01   0.0000000e+00
   1.9300000e+00   5.3181640e-01   0.0000000e+00
   1.9500000e+00   5.2967889e-01   0.0000000e+00
   1.9700000e+00   5.2754138e-01   0.0000000e+00
   1.9900000e+00   5.2540388e-01   0.0000000e+00
   2.0100000e+00   5.2326637e-01   0.0000000e+00
   2.0300000e+00   5.2165921e-01   0.0000000e+00
   2.0500000e+00   5.2026090e-01   0.0000000e+00
   2.0700000e+00   5.1907145e-01   0.0000000e+00
   2.0900000e+00   5.1770568e-01   0.0000000e+00
   2.1100000e+00   5.1631141e-01   0.0000000e+00
   2.1300000e+00   5.1488863e-01   0.0000000e+00
   2.1500000e+00   5.1381987e-01   0.0000000e+00
   2.1700000e+00   5.1275112e-01   0.0000000e+00
   2.1900000e+00   5.1168237e-01   0.0000000e+00
   2.2100000e+00   5.1061361e-01   0.0000000e+00
   2.2300000e+00   5.0954486e-01   0.0000000e+00
   2.2500000e+00   5.0847610e-01   0.0000000e+00
   2.2700000e+00   5.0740735e-01   0.0000000e+00
   2.2900000e+00   5.0633860e-01   0.0000000e+00
   2.3100000e+00   5.0526984e-01   0.0000000e+00
   2.3300000e+00   5.0420109e-01   0.0000000e+00
   2.3500000e+00   5.0313233e-01   0.0000000e+00
   2.3700000e+00   5.0206358e-01   0.0000000e+00
   2.3900000e+00   5.0099483e-01   0.0000000e+00
   2.4100000e+00   5.0008397e-01   0.0000000e+00
   2.4300000e+00   4.9933100e-01   0.0000000e+00
   2.4500000e+00   4.9839837e-01   0.0000000e+00
   2.4700000e+00   4.9721296e-01   0.0000000e+00
   2.4900000e+00   4.9577475e-01   0.0000000e+00
   2.5100000e+00   4.9524037e-01   0.0000000e+00
   2.5300000e+00   4.9445591e-01   0.0000000e+00
   2.5500000e+00   4.9342136e-01   0.0000000e+00
   2.5700000e+00   4.9235260e-01   0.0000000e+00
   2.0400000e+00   7.6109000e-01   1.0000000e+00
   2.0600000e+00   7.5990055e-01   1.0000000e+00
   2.0800000e+00   7.5832592e-01   1.0000000e+00
   2.1000000e+00   7.5636612e-01   1.0000000e+00
   2.1200000e+00   7.5405494e-01   1.0000000e+00
   2.1400000e+00   7.5206594e-01   1.0000000e+00
   2.1600000e+00   7.5039912e-01   1.0000000e+00
   2.1800000e+00   7.4826161e-01   1.0000000e+00
   2.2000000e+00   7.4612410e-01   1.0000000e+00
   2.2200000e+00   7.4398659e-01   1.0000000e+00
   2.2400000e+00   7.4148435e-01   1.0000000e+00
   2.2600000e+00   7.3902132e-01   1.0000000e+00
   2.2800000e+00   7.3659751e-01   1.0000000e+00
   2.3000000e+00   7.3446000e-01   1.0000000e+00
   2.3200000e+00   7.3232249e-01   1.0000000e+00
   2.3400000e+00   7.3018498e-01   1.0000000e+00
   2.3600000e+00   7.2804747e-01   1.0000000e+00
   2.3800000e+00   7.2590997e-01   1.0000000e+00
   2.4000000e+00   7.2377246e-01   1.0000000e+00
   2.4200000e+00   7.2163495e-01   1.0000000e+00
   2.4400000e+00   7.1959701e-01   1.0000000e+00
   2.4600000e+00   7.1765862e-01   1.0000000e+00
   2.4800000e+00   7.1597303e-01   1.0000000e+00
   2.5000000e+00   7.1406148e-01   1.0000000e+00
   2.5200000e+00   7.1192397e-01   1.0000000e+00
   2.5400000e+00   7.0978646e-01   1.0000000e+00
   2.5600000e+00   7.0745720e-01   1.0000000e+00
   2.5800000e+00   7.0493618e-01   1.0000000e+00
   2.6000000e+00   7.0279799e-01   1.0000000e+00
   2.6200000e+00   7.0100241e-01   1.0000000e+00
   2.6400000e+00   6.9954946e-01   1.0000000e+00
   2.6600000e+00   6.9848071e-01   1.0000000e+00
   2.6800000e+00   6.9741195e-01   1.0000000e+00
   2.7000000e+00   6.9634320e-01   1.0000000e+00
   2.7200000e+00   6.9527445e-01   1.0000000e+00
   2.7400000e+00   6.9437297e-01   1.0000000e+00
   2.7600000e+00   6.9363878e-01   1.0000000e+00
   2.7800000e+00   6.9266861e-01   1.0000000e+00
   2.8000000e+00   6.9148319e-01   1.0000000e+00
   2.8200000e+00   6.9008253e-01   1.0000000e+00
   2.8400000e+00   6.8954815e-01   1.0000000e+00
   2.8600000e+00   6.8849483e-01   1.0000000e+00
   2.8800000e+00   6.8692256e-01   1.0000000e+00
   2.9000000e+00   6.8491715e-01   1.0000000e+00
   2.9200000e+00   6.8270288e-01   1.0000000e+00
   2.9400000e+00   6.8027975e-01   1.0000000e+00
   2.9600000e+00   6.7760787e-01   1.0000000e+00
   2.9800000e+00   6.7496212e-01   1.0000000e+00
   3.0000000e+00   6.7234253e-01   1.0000000e+00
   3.0200000e+00   6.7020502e-01   1.0000000e+00
   3.0400000e+00   6.6806751e-01   1.0000000e+00
   3.0600000e+00   6.6593000e-01   1.0000000e+00
   3.0800000e+00   6.6414583e-01   1.0000000e+00
   3.1000000e+00   6.6245218e-01   1.0000000e+00
   3.1200000e+00   6.6084905e-01   1.0000000e+00
   3.1400000e+00   6.5924591e-01   1.0000000e+00
   3.1600000e+00   6.5764111e-01   1.0000000e+00
   3.1800000e+00   6.5603464e-01   1.0000000e+00
   3.2000000e+00   6.5389713e-01   1.0000000e+00
   3.2200000e+00   6.5175962e-01   1.0000000e+00
   3.2400000e+00   6.4962212e-01   1.0000000e+00
   3.2600000e+00   6.4778900e-01   1.0000000e+00
   3.2800000e+00   6.4607087e-01   1.0000000e+00
   3.3000000e+00   6.4446774e-01   1.0000000e+00
   3.3200000e+00   6.4286461e-01   1.0000000e+00
   3.3400000e+00   6.4126148e-01   1.0000000e+00
   3.3600000e+00   6.3965835e-01   1.0000000e+00
   3.3800000e+00   6.3805522e-01   1.0000000e+00
   3.4000000e+00   6.3663814e-01   1.0000000e+00
   3.4200000e+00   6.3540712e-01   1.0000000e+00
   3.4400000e+00   6.3510469e-01   1.0000000e+00
