   6.0000000e-01   9.8102886e-01   0.0000000e+00
   6.2000000e-01   9.5818344e-01   0.0000000e+00
   6.4000000e-01   9.3282938e-01   0.0000000e+00
   6.6000000e-01   9.0496668e-01   0.0000000e+00
   6.8000000e-01   8.7611032e-01   0.0000000e+00
   7.0000000e-01   8.5044076e-01   0.0000000e+00
   7.2000000e-01   8.2795800e-01   0.0000000e+00
   7.4000000e-01   8.0793729e-01   0.0000000e+00
   7.6000000e-01   7.8908490e-01   0.0000000e+00
   7.8000000e-01   7.7140082e-01   0.0000000e+00
   8.0000000e-01   7.5590388e-01   0.0000000e+00
   8.2000000e-01   7.4040695e-01   0.0000000e+00
   8.4000000e-01   7.2491002e-01   0.0000000e+00
   8.6000000e-01   7.1411987e-01   0.0000000e+00
   8.8000000e-01   7.0419364e-01   0.0000000e+00
   9.0000000e-01   6.9513134e-01   0.0000000e+00
   9.2000000e-01   6.8745025e-01   0.0000000e+00
   9.4000000e-01   6.8030924e-01   0.0000000e+00
   9.6000000e-01   6.7370830e-01   0.0000000e+00
   9.8000000e-01   6.6783015e-01   0.0000000e+00
   1.0000000e+00   6.6195200e-01   0.0000000e+00
   1.0200000e+00   6.5607386e-01   0.0000000e+00
   1.0400000e+00   6.5019571e-01   0.0000000e+00
   1.0600000e+00   6.4467493e-01   0.0000000e+00
   1.0800000e+00   6.3951151e-01   0.0000000e+00
   1.1000000e+00   6.3446142e-01   0.0000000e+00
   1.1200000e+00   6.2926448e-01   0.0000000e+00
   1.1400000e+00   6.2392071e-01   0.0000000e+00
   1.1600000e+00   6.1857694e-01   0.0000000e+00
   1.1800000e+00   6.1323317e-01   0.0000000e+00
   1.2000000e+00   6.0788940e-01   0.0000000e+00
   1.2200000e+00   6.0297072e-01   0.0000000e+00
   1.2400000e+00   5.9826088e-01   0.0000000e+00
   1.2600000e+00   5.9375991e-01   0.0000000e+00
   1.2800000e+00   5.8929314e-01   0.0000000e+00
   1.3000000e+00   5.8465506e-01   0.0000000e+00
   1.3200000e+00   5.7984566e-01   0.0000000e+00
   1.3400000e+00   5.7503627e-01   0.0000000e+00
   1.3600000e+00   5.7047328e-01   0.0000000e+00
   1.3800000e+00   5.6615669e-01   0.0000000e+00
   1.4000000e+00   5.6225781e-01   0.0000000e+00
   1.4200000e+00   5.5843805e-01   0.0000000e+00
   1.4400000e+00   5.5469741e-01   0.0000000e+00
   1.4600000e+00   5.5109958e-01   0.0000000e+00
   1.4800000e+00   5.4769753e-01   0.0000000e+00
   1.5000000e+00   5.4449127e-01   0.0000000e+00
   1.5200000e+00   5.4128501e-01   0.0000000e+00
   1.5400000e+00   5.3830067e-01   0.0000000e+00
   1.5600000e+00   5.3553827e-01   0.0000000e+00
   1.5800000e+00   5.3319357e-01   0.0000000e+00
   1.6000000e+00   5.3084721e-01   0.0000000e+00
   1.6200000e+00   5.2849917e-01   0.0000000e+00
   1.6400000e+00   5.2592115e-01   0.0000000e+00
   1.6600000e+00   5.2356339e-01   0.0000000e+00
   1.6800000e+00   5.2142588e-01   0.0000000e+00
   1.7000000e+00   5.1928837e-01   0.0000000e+00
   1.7200000e+00   5.1754577e-01   0.0000000e+00
   1.7400000e+00   5.1619808e-01   0.0000000e+00
   1.7600000e+00   5.1457284e-01   0.0000000e+00
   1.7800000e+00   5.1277225e-01   0.0000000e+00
   1.8000000e+00   5.1079633e-01   0.0000000e+00
   1.8200000e+00   5.0919319e-01   0.0000000e+00
   1.8400000e+00   5.0759006e-01   0.0000000e+00
   1.8600000e+00   5.0598693e-01   0.0000000e+00
   1.8800000e+00   5.0392117e-01   0.0000000e+00
   1.9000000e+00   5.0199252e-01   0.0000000e+00
   1.9200000e+00   5.0020097e-01   0.0000000e+00
   1.9400000e+00   4.9859784e-01   0.0000000e+00
   1.9600000e+00   4.9699471e-01   0.0000000e+00
   1.9800000e+00   4.9539158e-01   0.0000000e+00
   2.0000000e+00   4.9378845e-01   0.0000000e+00
   2.0200000e+00   4.9192015e-01   0.0000000e+00
   2.0400000e+00   4.8978667e-01   0.0000000e+00
   2.0600000e+00   4.8847652e-01   0.0000000e+00
   2.0800000e+00   4.8699006e-01   0.0000000e+00
   2.1000000e+00   4.8532727e-01   0.0000000e+00
   2.1200000e+00   4.8355047e-01   0.0000000e+00
   2.1400000e+00   4.8212769e-01   0.0000000e+00
   2.1600000e+00   4.8105894e-01   0.0000000e+00
   2.1800000e+00   4.7999018e-01   0.0000000e+00
   2.2000000e+00   4.7868073e-01   0.0000000e+00
   2.2200000e+00   4.7713057e-01   0.0000000e+00
   2.2400000e+00   4.7589218e-01   0.0000000e+00
   2.2600000e+00   4.7461457e-01   0.0000000e+00
   2.2800000e+00   4.7329774e-01   0.0000000e+00
   2.3000000e+00   4.7182602e-01   0.0000000e+00
   2.3200000e+00   4.7055578e-01   0.0000000e+00
   2.3400000e+00   4.6948702e-01   0.0000000e+00
   2.3600000e+00   4.6841827e-01   0.0000000e+00
   2.3800000e+00   4.6734951e-01   0.0000000e+00
   2.4000000e+00   4.6628076e-01   0.0000000e+00
   2.4200000e+00   4.6521201e-01   0.0000000e+00
   2.4400000e+00   4.6414325e-01   0.0000000e+00
   2.4600000e+00   4.6307450e-01   0.0000000e+00
   2.4800000e+00   4.6200574e-01   0.0000000e+00
   2.5000000e+00   4.6093699e-01   0.0000000e+00
   2.5200000e+00   4.5986824e-01   0.0000000e+00
   2.5400000e+00   4.5879948e-01   0.0000000e+00
   2.5600000e+00   4.5773073e-01   0.0000000e+00
   2.5800000e+00   4.5666197e-01   0.0000000e+00
   2.6000000e+00   4.5559322e-01   0.0000000e+00
   2.6200000e+00   4.5459956e-01   0.0000000e+00
   2.6400000e+00   4.5368098e-01   0.0000000e+00
   2.6600000e+00   4.5311309e-01   0.0000000e+00
   2.6800000e+00   4.5229477e-01   0.0000000e+00
   2.7000000e+00   4.5122601e-01   0.0000000e+00
   2.7200000e+00   4.5015726e-01   0.0000000e+00
   2.7400000e+00   4.4908850e-01   0.0000000e+00
   2.7600000e+00   4.4801975e-01   0.0000000e+00
   2.7800000e+00   4.4695100e-01   0.0000000e+00
   2.8000000e+00   4.4593286e-01   0.0000000e+00
   2.8200000e+00   4.4496534e-01   0.0000000e+00
   2.8400000e+00   4.4443096e-01   0.0000000e+00
   2.8600000e+00   4.4363711e-01   0.0000000e+00
   2.8800000e+00   4.4258379e-01   0.0000000e+00
   2.9000000e+00   4.4151503e-01   0.0000000e+00
   2.9200000e+00   4.4058909e-01   0.0000000e+00
   2.9400000e+00   4.3980595e-01   0.0000000e+00
   2.9600000e+00   4.3910262e-01   0.0000000e+00
   2.9800000e+00   4.3826887e-01   0.0000000e+00
   3.0000000e+00   4.3730469e-01   0.0000000e+00
   3.0200000e+00   4.3730469e-01   0.0000000e+00
   3.0400000e+00   4.3706969e-01   0.0000000e+00
   3.0600000e+00   4.3659969e-01   0.0000000e+00
   3.0800000e+00   4.3606531e-01   0.0000000e+00
   3.1000000e+00   4.3553093e-01   0.0000000e+00
   3.1200000e+00   4.3499656e-01   0.0000000e+00
   3.1400000e+00   4.3434217e-01   0.0000000e+00
   3.1600000e+00   4.3348061e-01   0.0000000e+00
   3.1800000e+00   4.3241185e-01   0.0000000e+00
   3.2000000e+00   4.3134310e-01   0.0000000e+00
   3.2200000e+00   4.3048487e-01   0.0000000e+00
   3.2400000e+00   4.2983717e-01   0.0000000e+00
   3.2600000e+00   4.2930279e-01   0.0000000e+00
   3.2800000e+00   4.2867455e-01   0.0000000e+00
   3.3000000e+00   4.2795245e-01   0.0000000e+00
   3.3200000e+00   4.2695476e-01   0.0000000e+00
   3.3400000e+00   4.2618872e-01   0.0000000e+00
   3.3600000e+00   4.2565434e-01   0.0000000e+00
   3.3800000e+00   4.2414242e-01   0.0000000e+00
   3.4000000e+00   4.2295700e-01   0.0000000e+00
   3.4200000e+00   4.2209809e-01   0.0000000e+00
   3.4400000e+00   4.2130827e-01   0.0000000e+00
   3.4600000e+00   4.2037898e-01   0.0000000e+00
   3.4800000e+00   4.1931023e-01   0.0000000e+00
   3.5000000e+00   4.1828570e-01   0.0000000e+00
   3.5200000e+00   4.1777344e-01   0.0000000e+00
   3.5400000e+00   4.1777344e-01   0.0000000e+00
   3.5600000e+00   4.1733361e-01   0.0000000e+00
   3.5800000e+00   4.1716967e-01   0.0000000e+00
   3.6000000e+00   4.1728162e-01   0.0000000e+00
   2.0100000e+00   7.5472377e-01   1.0000000e+00
   2.0300000e+00   7.5257820e-01   1.0000000e+00
   2.0500000e+00   7.5002298e-01   1.0000000e+00
   2.0700000e+00   7.4705811e-01   1.0000000e+00
   2.0900000e+00   7.4414886e-01   1.0000000e+00
   2.1100000e+00   7.4135830e-01   1.0000000e+00
   2.1300000e+00   7.3868641e-01   1.0000000e+00
   2.1500000e+00   7.3601453e-01   1.0000000e+00
   2.1700000e+00   7.3334264e-01   1.0000000e+00
   2.1900000e+00   7.3067076e-01   1.0000000e+00
   2.2100000e+00   7.2799887e-01   1.0000000e+00
   2.2300000e+00   7.2550936e-01   1.0000000e+00
   2.2500000e+00   7.2320221e-01   1.0000000e+00
   2.2700000e+00   7.2081663e-01   1.0000000e+00
   2.2900000e+00   7.1828790e-01   1.0000000e+00
   2.3100000e+00   7.1561601e-01   1.0000000e+00
   2.3300000e+00   7.1295887e-01   1.0000000e+00
   2.3500000e+00   7.1056154e-01   1.0000000e+00
   2.3700000e+00   7.0842403e-01   1.0000000e+00
   2.3900000e+00   7.0585407e-01   1.0000000e+00
   2.4100000e+00   7.0339104e-01   1.0000000e+00
   2.4300000e+00   7.0103495e-01   1.0000000e+00
   2.4500000e+00   6.9869831e-01   1.0000000e+00
   2.4700000e+00   6.9627651e-01   1.0000000e+00
   2.4900000e+00   6.9376955e-01   1.0000000e+00
   2.5100000e+00   6.9216642e-01   1.0000000e+00
   2.5300000e+00   6.9031320e-01   1.0000000e+00
   2.5500000e+00   6.8820990e-01   1.0000000e+00
   2.5700000e+00   6.8607239e-01   1.0000000e+00
   2.5900000e+00   6.8393488e-01   1.0000000e+00
   2.6100000e+00   6.8179737e-01   1.0000000e+00
   2.6300000e+00   6.7965986e-01   1.0000000e+00
   2.6500000e+00   6.7752236e-01   1.0000000e+00
   2.6700000e+00   6.7538485e-01   1.0000000e+00
   2.6900000e+00   6.7324734e-01   1.0000000e+00
   2.7100000e+00   6.7133545e-01   1.0000000e+00
   2.7300000e+00   6.6964917e-01   1.0000000e+00
   2.7500000e+00   6.6804603e-01   1.0000000e+00
   2.7700000e+00   6.6644290e-01   1.0000000e+00
   2.7900000e+00   6.6483977e-01   1.0000000e+00
   2.8100000e+00   6.6313541e-01   1.0000000e+00
   2.8300000e+00   6.6121447e-01   1.0000000e+00
   2.8500000e+00   6.5907696e-01   1.0000000e+00
   2.8700000e+00   6.5745840e-01   1.0000000e+00
   2.8900000e+00   6.5584755e-01   1.0000000e+00
   2.9100000e+00   6.5424442e-01   1.0000000e+00
   2.9300000e+00   6.5292691e-01   1.0000000e+00
   2.9500000e+00   6.5156482e-01   1.0000000e+00
   2.9700000e+00   6.5015816e-01   1.0000000e+00
   2.9900000e+00   6.4807294e-01   1.0000000e+00
   3.0100000e+00   6.4622877e-01   1.0000000e+00
   3.0300000e+00   6.4462564e-01   1.0000000e+00
   3.0500000e+00   6.4302250e-01   1.0000000e+00
   3.0700000e+00   6.4159604e-01   1.0000000e+00
   3.0900000e+00   6.4034624e-01   1.0000000e+00
   3.1100000e+00   6.3880415e-01   1.0000000e+00
   3.1300000e+00   6.3708435e-01   1.0000000e+00
   3.1500000e+00   6.3518686e-01   1.0000000e+00
   3.1700000e+00   6.3411810e-01   1.0000000e+00
   3.1900000e+00   6.3304935e-01   1.0000000e+00
   3.2100000e+00   6.3198060e-01   1.0000000e+00
   3.2300000e+00   6.3091184e-01   1.0000000e+00
   3.2500000e+00   6.2969089e-01   1.0000000e+00
   3.2700000e+00   6.2831775e-01   1.0000000e+00
   3.2900000e+00   6.2690234e-01   1.0000000e+00
   3.3100000e+00   6.2566026e-01   1.0000000e+00
   3.3300000e+00   6.2459151e-01   1.0000000e+00
   3.3500000e+00   6.2352275e-01   1.0000000e+00
   3.3700000e+00   6.2245400e-01   1.0000000e+00
   3.3900000e+00   6.2138525e-01   1.0000000e+00
   3.4100000e+00   6.1994438e-01   1.0000000e+00
   3.4300000e+00   6.1855011e-01   1.0000000e+00
   3.4500000e+00   6.1720242e-01   1.0000000e+00
   3.4700000e+00   6.1599489e-01   1.0000000e+00
   3.4900000e+00   6.1461167e-01   1.0000000e+00
   3.5100000e+00   6.1305277e-01   1.0000000e+00
   3.5300000e+00   6.1251839e-01   1.0000000e+00
   3.5500000e+00   6.1154419e-01   1.0000000e+00
   3.5700000e+00   6.1013016e-01   1.0000000e+00
   3.5900000e+00   6.0917335e-01   1.0000000e+00
   3.6100000e+00   6.0842776e-01   1.0000000e+00
   3.6300000e+00   6.0789338e-01   1.0000000e+00
   3.6500000e+00   6.0726917e-01   1.0000000e+00
   3.6700000e+00   6.0642269e-01   1.0000000e+00
   3.6900000e+00   6.0535394e-01   1.0000000e+00
   3.7100000e+00   6.0479273e-01   1.0000000e+00
   3.7300000e+00   6.0404949e-01   1.0000000e+00
   3.7500000e+00   6.0312424e-01   1.0000000e+00
   3.7700000e+00   6.0232970e-01   1.0000000e+00
   3.7900000e+00   6.0158646e-01   1.0000000e+00
