   6.0000000e-01   9.8118573e-01   0.0000000e+00
   6.2000000e-01   9.5998304e-01   0.0000000e+00
   6.4000000e-01   9.3184112e-01   0.0000000e+00
   6.6000000e-01   8.9675996e-01   0.0000000e+00
   6.8000000e-01   8.6416296e-01   0.0000000e+00
   7.0000000e-01   8.3680142e-01   0.0000000e+00
   7.2000000e-01   8.1467534e-01   0.0000000e+00
   7.4000000e-01   7.9233745e-01   0.0000000e+00
   7.6000000e-01   7.7118764e-01   0.0000000e+00
   7.8000000e-01   7.5122590e-01   0.0000000e+00
   8.0000000e-01   7.3426334e-01   0.0000000e+00
   8.2000000e-01   7.1322420e-01   0.0000000e+00
   8.4000000e-01   6.8810848e-01   0.0000000e+00
   8.6000000e-01   6.7397525e-01   0.0000000e+00
   8.8000000e-01   6.6118066e-01   0.0000000e+00
   9.0000000e-01   6.4972473e-01   0.0000000e+00
   9.2000000e-01   6.3932683e-01   0.0000000e+00
   9.4000000e-01   6.2931078e-01   0.0000000e+00
   9.6000000e-01   6.1967656e-01   0.0000000e+00
   9.8000000e-01   6.1118284e-01   0.0000000e+00
   1.0000000e+00   6.0292816e-01   0.0000000e+00
   1.0200000e+00   5.9491250e-01   0.0000000e+00
   1.0400000e+00   5.8689685e-01   0.0000000e+00
   1.0600000e+00   5.7959592e-01   0.0000000e+00
   1.0800000e+00   5.7300973e-01   0.0000000e+00
   1.1000000e+00   5.6640948e-01   0.0000000e+00
   1.1200000e+00   5.5961679e-01   0.0000000e+00
   1.1400000e+00   5.5263165e-01   0.0000000e+00
   1.1600000e+00   5.4728051e-01   0.0000000e+00
   1.1800000e+00   5.4166586e-01   0.0000000e+00
   1.2000000e+00   5.3578772e-01   0.0000000e+00
   1.2200000e+00   5.3118482e-01   0.0000000e+00
   1.2400000e+00   5.2659165e-01   0.0000000e+00
   1.2600000e+00   5.2200822e-01   0.0000000e+00
   1.2800000e+00   5.1739058e-01   0.0000000e+00
   1.3000000e+00   5.1298180e-01   0.0000000e+00
   1.3200000e+00   5.0878187e-01   0.0000000e+00
   1.3400000e+00   5.0504123e-01   0.0000000e+00
   1.3600000e+00   5.0154699e-01   0.0000000e+00
   1.3800000e+00   4.9829916e-01   0.0000000e+00
   1.4000000e+00   4.9546903e-01   0.0000000e+00
   1.4200000e+00   4.9258829e-01   0.0000000e+00
   1.4400000e+00   4.8965693e-01   0.0000000e+00
   1.4600000e+00   4.8673629e-01   0.0000000e+00
   1.4800000e+00   4.8419414e-01   0.0000000e+00
   1.5000000e+00   4.8203049e-01   0.0000000e+00
   1.5200000e+00   4.7935860e-01   0.0000000e+00
   1.5400000e+00   4.7713057e-01   0.0000000e+00
   1.5600000e+00   4.7534640e-01   0.0000000e+00
   1.5800000e+00   4.7341608e-01   0.0000000e+00
   1.6000000e+00   4.7138216e-01   0.0000000e+00
   1.6200000e+00   4.6924465e-01   0.0000000e+00
   1.6400000e+00   4.6710714e-01   0.0000000e+00
   1.6600000e+00   4.6496964e-01   0.0000000e+00
   1.6800000e+00   4.6283213e-01   0.0000000e+00
   1.7000000e+00   4.6120619e-01   0.0000000e+00
   1.7200000e+00   4.5939421e-01   0.0000000e+00
   1.7400000e+00   4.5739617e-01   0.0000000e+00
   1.7600000e+00   4.5553690e-01   0.0000000e+00
   1.7800000e+00   4.5380571e-01   0.0000000e+00
   1.8000000e+00   4.5220258e-01   0.0000000e+00
   1.8200000e+00   4.5064436e-01   0.0000000e+00
   1.8400000e+00   4.4933088e-01   0.0000000e+00
   1.8600000e+00   4.4826212e-01   0.0000000e+00
   1.8800000e+00   4.4673074e-01   0.0000000e+00
   1.9000000e+00   4.4550945e-01   0.0000000e+00
   1.9200000e+00   4.4459824e-01   0.0000000e+00
   1.9400000e+00   4.4383457e-01   0.0000000e+00
   1.9600000e+00   4.4291835e-01   0.0000000e+00
   1.9800000e+00   4.4184960e-01   0.0000000e+00
   2.0000000e+00   4.4078084e-01   0.0000000e+00
   2.0200000e+00   4.3971209e-01   0.0000000e+00
   2.0400000e+00   4.3864333e-01   0.0000000e+00
   2.0600000e+00   4.3757458e-01   0.0000000e+00
   2.0800000e+00   4.3650583e-01   0.0000000e+00
   2.1000000e+00   4.3543707e-01   0.0000000e+00
   2.1200000e+00   4.3436832e-01   0.0000000e+00
   2.1400000e+00   4.3326772e-01   0.0000000e+00
   2.1600000e+00   4.3213528e-01   0.0000000e+00
   2.1800000e+00   4.3053215e-01   0.0000000e+00
   2.2000000e+00   4.2916971e-01   0.0000000e+00
   2.2200000e+00   4.2804798e-01   0.0000000e+00
   2.2400000e+00   4.2697923e-01   0.0000000e+00
   2.2600000e+00   4.2603451e-01   0.0000000e+00
   2.2800000e+00   4.2521383e-01   0.0000000e+00
   2.3000000e+00   4.2467945e-01   0.0000000e+00
   2.3200000e+00   4.2413770e-01   0.0000000e+00
   2.3400000e+00   4.2358859e-01   0.0000000e+00
   2.3600000e+00   4.2251983e-01   0.0000000e+00
   2.3800000e+00   4.2145108e-01   0.0000000e+00
   2.4000000e+00   4.2038232e-01   0.0000000e+00
   2.4200000e+00   4.1931357e-01   0.0000000e+00
   2.4400000e+00   4.1844394e-01   0.0000000e+00
   2.4600000e+00   4.1777344e-01   0.0000000e+00
   2.4800000e+00   4.1760852e-01   0.0000000e+00
   2.5000000e+00   4.1699168e-01   0.0000000e+00
   2.5200000e+00   4.1592292e-01   0.0000000e+00
   2.5400000e+00   4.1585452e-01   0.0000000e+00
   2.5600000e+00   4.1543680e-01   0.0000000e+00
   2.5800000e+00   4.1466979e-01   0.0000000e+00
   2.6000000e+00   4.1413472e-01   0.0000000e+00
   2.6200000e+00   4.1379210e-01   0.0000000e+00
   2.6400000e+00   4.1364192e-01   0.0000000e+00
   2.6600000e+00   4.1310754e-01   0.0000000e+00
   2.6800000e+00   4.1257316e-01   0.0000000e+00
   2.7000000e+00   4.1203879e-01   0.0000000e+00
   2.7200000e+00   4.1150441e-01   0.0000000e+00
   2.7400000e+00   4.1113731e-01   0.0000000e+00
   2.7600000e+00   4.1093750e-01   0.0000000e+00
   2.7800000e+00   4.1071960e-01   0.0000000e+00
   2.8000000e+00   4.1034346e-01   0.0000000e+00
   2.8200000e+00   4.0980909e-01   0.0000000e+00
   2.8400000e+00   4.0927471e-01   0.0000000e+00
   2.8600000e+00   4.0874033e-01   0.0000000e+00
   2.8800000e+00   4.0820596e-01   0.0000000e+00
   2.9000000e+00   4.0807386e-01   0.0000000e+00
   2.9200000e+00   4.0786500e-01   0.0000000e+00
   2.9400000e+00   4.0757939e-01   0.0000000e+00
   2.9600000e+00   4.0704501e-01   0.0000000e+00
   2.9800000e+00   4.0648449e-01   0.0000000e+00
   3.0000000e+00   4.0589783e-01   0.0000000e+00
   3.0200000e+00   4.0482907e-01   0.0000000e+00
   3.0400000e+00   4.0399532e-01   0.0000000e+00
   3.0600000e+00   4.0339656e-01   0.0000000e+00
   3.0800000e+00   4.0286219e-01   0.0000000e+00
   3.1000000e+00   4.0220947e-01   0.0000000e+00
   3.1200000e+00   4.0143843e-01   0.0000000e+00
   3.1400000e+00   4.0060968e-01   0.0000000e+00
   3.1600000e+00   4.0019364e-01   0.0000000e+00
   3.1800000e+00   4.0019030e-01   0.0000000e+00
   3.2000000e+00   3.9965592e-01   0.0000000e+00
   3.2200000e+00   3.9975313e-01   0.0000000e+00
   3.2400000e+00   4.0048191e-01   0.0000000e+00
   3.2600000e+00   4.0185505e-01   0.0000000e+00
   2.0400000e+00   6.8173604e-01   1.0000000e+00
   2.0600000e+00   6.7923645e-01   1.0000000e+00
   2.0800000e+00   6.7676939e-01   1.0000000e+00
   2.1000000e+00   6.7433487e-01   1.0000000e+00
   2.1200000e+00   6.7166298e-01   1.0000000e+00
   2.1400000e+00   6.6902294e-01   1.0000000e+00
   2.1600000e+00   6.6641474e-01   1.0000000e+00
   2.1800000e+00   6.6427724e-01   1.0000000e+00
   2.2000000e+00   6.6238043e-01   1.0000000e+00
   2.2200000e+00   6.6072432e-01   1.0000000e+00
   2.2400000e+00   6.5875645e-01   1.0000000e+00
   2.2600000e+00   6.5657973e-01   1.0000000e+00
   2.2800000e+00   6.5419415e-01   1.0000000e+00
   2.3000000e+00   6.5178508e-01   1.0000000e+00
   2.3200000e+00   6.4975686e-01   1.0000000e+00
   2.3400000e+00   6.4810951e-01   1.0000000e+00
   2.3600000e+00   6.4490324e-01   1.0000000e+00
   2.3800000e+00   6.4212944e-01   1.0000000e+00
   2.4000000e+00   6.3978808e-01   1.0000000e+00
   2.4200000e+00   6.3765058e-01   1.0000000e+00
   2.4400000e+00   6.3551307e-01   1.0000000e+00
   2.4600000e+00   6.3337556e-01   1.0000000e+00
   2.4800000e+00   6.3132051e-01   1.0000000e+00
   2.5000000e+00   6.2949142e-01   1.0000000e+00
   2.5200000e+00   6.2788829e-01   1.0000000e+00
   2.5400000e+00   6.2628516e-01   1.0000000e+00
   2.5600000e+00   6.2449028e-01   1.0000000e+00
   2.5800000e+00   6.2250364e-01   1.0000000e+00
   2.6000000e+00   6.2036613e-01   1.0000000e+00
   2.6200000e+00   6.1822862e-01   1.0000000e+00
   2.6400000e+00   6.1609111e-01   1.0000000e+00
   2.6600000e+00   6.1395360e-01   1.0000000e+00
   2.6800000e+00   6.1181610e-01   1.0000000e+00
   2.7000000e+00   6.0967859e-01   1.0000000e+00
   2.7200000e+00   6.0799231e-01   1.0000000e+00
   2.7400000e+00   6.0634760e-01   1.0000000e+00
   2.7600000e+00   6.0474447e-01   1.0000000e+00
   2.7800000e+00   6.0314134e-01   1.0000000e+00
   2.8000000e+00   6.0158882e-01   1.0000000e+00
   2.8200000e+00   6.0008692e-01   1.0000000e+00
   2.8400000e+00   5.9901817e-01   1.0000000e+00
   2.8600000e+00   5.9794942e-01   1.0000000e+00
   2.8800000e+00   5.9688066e-01   1.0000000e+00
   2.9000000e+00   5.9581191e-01   1.0000000e+00
   2.9200000e+00   5.9488596e-01   1.0000000e+00
   2.9400000e+00   5.9410283e-01   1.0000000e+00
   2.9600000e+00   5.9356845e-01   1.0000000e+00
   2.9800000e+00   5.9300793e-01   1.0000000e+00
   3.0000000e+00   5.9242126e-01   1.0000000e+00
   3.0200000e+00   5.9135251e-01   1.0000000e+00
   3.0400000e+00   5.9028375e-01   1.0000000e+00
   3.0600000e+00   5.8921500e-01   1.0000000e+00
   3.0800000e+00   5.8814625e-01   1.0000000e+00
   3.1000000e+00   5.8695916e-01   1.0000000e+00
   3.1200000e+00   5.8565373e-01   1.0000000e+00
   3.1400000e+00   5.8429061e-01   1.0000000e+00
   3.1600000e+00   5.8333685e-01   1.0000000e+00
   3.1800000e+00   5.8279245e-01   1.0000000e+00
   3.2000000e+00   5.8065495e-01   1.0000000e+00
   3.2200000e+00   5.7893849e-01   1.0000000e+00
   3.2400000e+00   5.7764309e-01   1.0000000e+00
   3.2600000e+00   5.7596556e-01   1.0000000e+00
   3.2800000e+00   5.7443349e-01   1.0000000e+00
   3.3000000e+00   5.7304687e-01   1.0000000e+00
   2.5800000e+00   7.4865416e-01   2.0000000e+00
   2.6000000e+00   7.4705172e-01   2.0000000e+00
   2.6200000e+00   7.4518174e-01   2.0000000e+00
   2.6400000e+00   7.4304424e-01   2.0000000e+00
   2.6600000e+00   7.4097376e-01   2.0000000e+00
   2.6800000e+00   7.3940414e-01   2.0000000e+00
   2.7000000e+00   7.3833539e-01   2.0000000e+00
   2.7200000e+00   7.3681541e-01   2.0000000e+00
   2.7400000e+00   7.3491929e-01   2.0000000e+00
   2.7600000e+00   7.3264703e-01   2.0000000e+00
   2.7800000e+00   7.3041094e-01   2.0000000e+00
   2.8000000e+00   7.2844071e-01   2.0000000e+00
   2.8200000e+00   7.2673635e-01   2.0000000e+00
   2.8400000e+00   7.2459884e-01   2.0000000e+00
   2.8600000e+00   7.2246133e-01   2.0000000e+00
   2.8800000e+00   7.2032383e-01   2.0000000e+00
   2.9000000e+00   7.1818632e-01   2.0000000e+00
   2.9200000e+00   7.1604881e-01   2.0000000e+00
   2.9400000e+00   7.1391130e-01   2.0000000e+00
   2.9600000e+00   7.1194275e-01   2.0000000e+00
   2.9800000e+00   7.1013076e-01   2.0000000e+00
   3.0000000e+00   7.0847534e-01   2.0000000e+00
   3.0200000e+00   7.0633783e-01   2.0000000e+00
   3.0400000e+00   7.0420032e-01   2.0000000e+00
   3.0600000e+00   7.0206282e-01   2.0000000e+00
   3.0800000e+00   6.9992531e-01   2.0000000e+00
   3.1000000e+00   6.9778780e-01   2.0000000e+00
   3.1200000e+00   6.9565029e-01   2.0000000e+00
   3.1400000e+00   6.9375279e-01   2.0000000e+00
   3.1600000e+00   6.9226800e-01   2.0000000e+00
   3.1800000e+00   6.9119590e-01   2.0000000e+00
   3.2000000e+00   6.8959277e-01   2.0000000e+00
   3.2200000e+00   6.8820017e-01   2.0000000e+00
   3.2400000e+00   6.8701809e-01   2.0000000e+00
   3.2600000e+00   6.8564495e-01   2.0000000e+00
   3.2800000e+00   6.8425067e-01   2.0000000e+00
   3.3000000e+00   6.8283527e-01   2.0000000e+00
   3.3200000e+00   6.8176651e-01   2.0000000e+00
   3.3400000e+00   6.8069776e-01   2.0000000e+00
   3.3600000e+00   6.7962900e-01   2.0000000e+00
   3.3800000e+00   6.7856025e-01   2.0000000e+00
   3.4000000e+00   6.7749149e-01   2.0000000e+00
   3.4200000e+00   6.7642274e-01   2.0000000e+00
   3.4400000e+00   6.7535399e-01   2.0000000e+00
   3.4600000e+00   6.7435462e-01   2.0000000e+00
   3.4800000e+00   6.7342465e-01   2.0000000e+00
   3.5000000e+00   6.7286815e-01   2.0000000e+00
