   6.0000000e-01   9.8232623e-01   0.0000000e+00
   6.2000000e-01   9.6113426e-01   0.0000000e+00
   6.4000000e-01   9.3423977e-01   0.0000000e+00
   6.6000000e-01   9.0164277e-01   0.0000000e+00
   6.8000000e-01   8.6904577e-01   0.0000000e+00
   7.0000000e-01   8.4122897e-01   0.0000000e+00
   7.2000000e-01   8.1819238e-01   0.0000000e+00
   7.4000000e-01   7.9580152e-01   0.0000000e+00
   7.6000000e-01   7.7489241e-01   0.0000000e+00
   7.8000000e-01   7.5546504e-01   0.0000000e+00
   8.0000000e-01   7.3914212e-01   0.0000000e+00
   8.2000000e-01   7.1895718e-01   0.0000000e+00
   8.4000000e-01   6.9491021e-01   0.0000000e+00
   8.6000000e-01   6.8027681e-01   0.0000000e+00
   8.8000000e-01   6.6655864e-01   0.0000000e+00
   9.0000000e-01   6.5375570e-01   0.0000000e+00
   9.2000000e-01   6.4262362e-01   0.0000000e+00
   9.4000000e-01   6.3224046e-01   0.0000000e+00
   9.6000000e-01   6.2260625e-01   0.0000000e+00
   9.8000000e-01   6.1411253e-01   0.0000000e+00
   1.0000000e+00   6.0585785e-01   0.0000000e+00
   1.0200000e+00   5.9784219e-01   0.0000000e+00
   1.0400000e+00   5.9030056e-01   0.0000000e+00
   1.0600000e+00   5.8332516e-01   0.0000000e+00
   1.0800000e+00   5.7691598e-01   0.0000000e+00
   1.1000000e+00   5.7079713e-01   0.0000000e+00
   1.1200000e+00   5.6459346e-01   0.0000000e+00
   1.1400000e+00   5.5830497e-01   0.0000000e+00
   1.1600000e+00   5.5243420e-01   0.0000000e+00
   1.1800000e+00   5.4682692e-01   0.0000000e+00
   1.2000000e+00   5.4148315e-01   0.0000000e+00
   1.2200000e+00   5.3656447e-01   0.0000000e+00
   1.2400000e+00   5.3170043e-01   0.0000000e+00
   1.2600000e+00   5.2689103e-01   0.0000000e+00
   1.2800000e+00   5.2227339e-01   0.0000000e+00
   1.3000000e+00   5.1786461e-01   0.0000000e+00
   1.3200000e+00   5.1366468e-01   0.0000000e+00
   1.3400000e+00   5.0992404e-01   0.0000000e+00
   1.3600000e+00   5.0618340e-01   0.0000000e+00
   1.3800000e+00   5.0244276e-01   0.0000000e+00
   1.4000000e+00   4.9907826e-01   0.0000000e+00
   1.4200000e+00   4.9592262e-01   0.0000000e+00
   1.4400000e+00   4.9297583e-01   0.0000000e+00
   1.4600000e+00   4.9030394e-01   0.0000000e+00
   1.4800000e+00   4.8763206e-01   0.0000000e+00
   1.5000000e+00   4.8496017e-01   0.0000000e+00
   1.5200000e+00   4.8228829e-01   0.0000000e+00
   1.5400000e+00   4.7983833e-01   0.0000000e+00
   1.5600000e+00   4.7761030e-01   0.0000000e+00
   1.5800000e+00   4.7612718e-01   0.0000000e+00
   1.6000000e+00   4.7464071e-01   0.0000000e+00
   1.6200000e+00   4.7315090e-01   0.0000000e+00
   1.6400000e+00   4.7101339e-01   0.0000000e+00
   1.6600000e+00   4.6887589e-01   0.0000000e+00
   1.6800000e+00   4.6673838e-01   0.0000000e+00
   1.7000000e+00   4.6460087e-01   0.0000000e+00
   1.7200000e+00   4.6285827e-01   0.0000000e+00
   1.7400000e+00   4.6151058e-01   0.0000000e+00
   1.7600000e+00   4.6016358e-01   0.0000000e+00
   1.7800000e+00   4.5860773e-01   0.0000000e+00
   1.8000000e+00   4.5684302e-01   0.0000000e+00
   1.8200000e+00   4.5479534e-01   0.0000000e+00
   1.8400000e+00   4.5323713e-01   0.0000000e+00
   1.8600000e+00   4.5216837e-01   0.0000000e+00
   1.8800000e+00   4.5109962e-01   0.0000000e+00
   1.9000000e+00   4.5003086e-01   0.0000000e+00
   1.9200000e+00   4.4896211e-01   0.0000000e+00
   1.9400000e+00   4.4766406e-01   0.0000000e+00
   1.9600000e+00   4.4632610e-01   0.0000000e+00
   1.9800000e+00   4.4494824e-01   0.0000000e+00
   2.0000000e+00   4.4441386e-01   0.0000000e+00
   2.0200000e+00   4.4334913e-01   0.0000000e+00
   2.0400000e+00   4.4175406e-01   0.0000000e+00
   2.0600000e+00   4.4097830e-01   0.0000000e+00
   2.0800000e+00   4.4017472e-01   0.0000000e+00
   2.1000000e+00   4.3934332e-01   0.0000000e+00
   2.1200000e+00   4.3827457e-01   0.0000000e+00
   2.1400000e+00   4.3720581e-01   0.0000000e+00
   2.1600000e+00   4.3613706e-01   0.0000000e+00
   2.1800000e+00   4.3506831e-01   0.0000000e+00
   2.2000000e+00   4.3424025e-01   0.0000000e+00
   2.2200000e+00   4.3365290e-01   0.0000000e+00
   2.2400000e+00   4.3238905e-01   0.0000000e+00
   2.2600000e+00   4.3107959e-01   0.0000000e+00
   2.2800000e+00   4.2972454e-01   0.0000000e+00
   2.3000000e+00   4.2878719e-01   0.0000000e+00
   2.3200000e+00   4.2803658e-01   0.0000000e+00
   2.3400000e+00   4.2747272e-01   0.0000000e+00
   2.3600000e+00   4.2586959e-01   0.0000000e+00
   2.3800000e+00   4.2469891e-01   0.0000000e+00
   2.4000000e+00   4.2396069e-01   0.0000000e+00
   2.4200000e+00   4.2311053e-01   0.0000000e+00
   2.4400000e+00   4.2215106e-01   0.0000000e+00
   2.4600000e+00   4.2108231e-01   0.0000000e+00
   2.4800000e+00   4.2001356e-01   0.0000000e+00
   2.5000000e+00   4.1894480e-01   0.0000000e+00
   2.5200000e+00   4.1787605e-01   0.0000000e+00
   2.5400000e+00   4.1730747e-01   0.0000000e+00
   2.5600000e+00   4.1675599e-01   0.0000000e+00
   2.5800000e+00   4.1622161e-01   0.0000000e+00
   2.6000000e+00   4.1542039e-01   0.0000000e+00
   2.6200000e+00   4.1456049e-01   0.0000000e+00
   2.6400000e+00   4.1364192e-01   0.0000000e+00
   2.6600000e+00   4.1310754e-01   0.0000000e+00
   2.6800000e+00   4.1257316e-01   0.0000000e+00
   2.7000000e+00   4.1203879e-01   0.0000000e+00
   2.7200000e+00   4.1105318e-01   0.0000000e+00
   2.7400000e+00   4.1036057e-01   0.0000000e+00
   2.7600000e+00   4.0996094e-01   0.0000000e+00
   2.7800000e+00   4.0952514e-01   0.0000000e+00
   2.8000000e+00   4.0887410e-01   0.0000000e+00
   2.8200000e+00   4.0800781e-01   0.0000000e+00
   2.8400000e+00   4.0800781e-01   0.0000000e+00
   2.8600000e+00   4.0774834e-01   0.0000000e+00
   2.8800000e+00   4.0722939e-01   0.0000000e+00
   2.9000000e+00   4.0709730e-01   0.0000000e+00
   2.9200000e+00   4.0688844e-01   0.0000000e+00
   2.9400000e+00   4.0660283e-01   0.0000000e+00
   2.9600000e+00   4.0606845e-01   0.0000000e+00
   2.9800000e+00   4.0553407e-01   0.0000000e+00
   3.0000000e+00   4.0499969e-01   0.0000000e+00
   3.0200000e+00   4.0446532e-01   0.0000000e+00
   3.0400000e+00   4.0369594e-01   0.0000000e+00
   3.0600000e+00   4.0269156e-01   0.0000000e+00
   3.0800000e+00   4.0232948e-01   0.0000000e+00
   3.1000000e+00   4.0191177e-01   0.0000000e+00
   3.1200000e+00   4.0143843e-01   0.0000000e+00
   3.1400000e+00   4.0060968e-01   0.0000000e+00
   3.1600000e+00   4.0019364e-01   0.0000000e+00
   3.1800000e+00   4.0019030e-01   0.0000000e+00
   3.2000000e+00   3.9965592e-01   0.0000000e+00
   3.2200000e+00   3.9912155e-01   0.0000000e+00
   3.2400000e+00   3.9858717e-01   0.0000000e+00
   3.2600000e+00   3.9835718e-01   0.0000000e+00
   3.2800000e+00   3.9814833e-01   0.0000000e+00
   3.3000000e+00   3.9796060e-01   0.0000000e+00
   3.3200000e+00   3.9742622e-01   0.0000000e+00
   3.3400000e+00   3.9689185e-01   0.0000000e+00
   3.3600000e+00   3.9635747e-01   0.0000000e+00
   2.0000000e+00   6.9648336e-01   1.0000000e+00
   2.0200000e+00   6.9354630e-01   1.0000000e+00
   2.0400000e+00   6.9034407e-01   1.0000000e+00
   2.0600000e+00   6.8672412e-01   1.0000000e+00
   2.0800000e+00   6.8334085e-01   1.0000000e+00
   2.1000000e+00   6.8019424e-01   1.0000000e+00
   2.1200000e+00   6.7734200e-01   1.0000000e+00
   2.1400000e+00   6.7437644e-01   1.0000000e+00
   2.1600000e+00   6.7129756e-01   1.0000000e+00
   2.1800000e+00   6.6916005e-01   1.0000000e+00
   2.2000000e+00   6.6702254e-01   1.0000000e+00
   2.2200000e+00   6.6488503e-01   1.0000000e+00
   2.2400000e+00   6.6274752e-01   1.0000000e+00
   2.2600000e+00   6.6048598e-01   1.0000000e+00
   2.2800000e+00   6.5810040e-01   1.0000000e+00
   2.3000000e+00   6.5555992e-01   1.0000000e+00
   2.3200000e+00   6.5322093e-01   1.0000000e+00
   2.3400000e+00   6.5108342e-01   1.0000000e+00
   2.3600000e+00   6.4894591e-01   1.0000000e+00
   2.3800000e+00   6.4680841e-01   1.0000000e+00
   2.4000000e+00   6.4467090e-01   1.0000000e+00
   2.4200000e+00   6.4253339e-01   1.0000000e+00
   2.4400000e+00   6.4029632e-01   1.0000000e+00
   2.4600000e+00   6.3795968e-01   1.0000000e+00
   2.4800000e+00   6.3545272e-01   1.0000000e+00
   2.5000000e+00   6.3339767e-01   1.0000000e+00
   2.5200000e+00   6.3179454e-01   1.0000000e+00
   2.5400000e+00   6.3019141e-01   1.0000000e+00
   2.5600000e+00   6.2839653e-01   1.0000000e+00
   2.5800000e+00   6.2640989e-01   1.0000000e+00
   2.6000000e+00   6.2427238e-01   1.0000000e+00
   2.6200000e+00   6.2213487e-01   1.0000000e+00
   2.6400000e+00   6.1999736e-01   1.0000000e+00
   2.6600000e+00   6.1785985e-01   1.0000000e+00
   2.6800000e+00   6.1572235e-01   1.0000000e+00
   2.7000000e+00   6.1358484e-01   1.0000000e+00
   2.7200000e+00   6.1144733e-01   1.0000000e+00
   2.7400000e+00   6.0947710e-01   1.0000000e+00
   2.7600000e+00   6.0767416e-01   1.0000000e+00
   2.7800000e+00   6.0585313e-01   1.0000000e+00
   2.8000000e+00   6.0397509e-01   1.0000000e+00
   2.8200000e+00   6.0204005e-01   1.0000000e+00
   2.8400000e+00   6.0097130e-01   1.0000000e+00
   2.8600000e+00   5.9964307e-01   1.0000000e+00
   2.8800000e+00   5.9805537e-01   1.0000000e+00
   2.9000000e+00   5.9685452e-01   1.0000000e+00
   2.9200000e+00   5.9586253e-01   1.0000000e+00
   2.9400000e+00   5.9507939e-01   1.0000000e+00
   2.9600000e+00   5.9454501e-01   1.0000000e+00
   2.9800000e+00   5.9401063e-01   1.0000000e+00
   3.0000000e+00   5.9347626e-01   1.0000000e+00
   3.0200000e+00   5.9294188e-01   1.0000000e+00
   3.0400000e+00   5.9217250e-01   1.0000000e+00
   3.0600000e+00   5.9116813e-01   1.0000000e+00
   3.0800000e+00   5.9045271e-01   1.0000000e+00
   3.1000000e+00   5.8959114e-01   1.0000000e+00
   3.1200000e+00   5.8858342e-01   1.0000000e+00
   3.1400000e+00   5.8710030e-01   1.0000000e+00
   3.1600000e+00   5.8582102e-01   1.0000000e+00
   3.1800000e+00   5.8474558e-01   1.0000000e+00
   3.2000000e+00   5.8260807e-01   1.0000000e+00
   3.2200000e+00   5.8068109e-01   1.0000000e+00
   3.2400000e+00   5.7896463e-01   1.0000000e+00
   3.2600000e+00   5.7705711e-01   1.0000000e+00
   3.2800000e+00   5.7494074e-01   1.0000000e+00
   3.3000000e+00   5.7261551e-01   1.0000000e+00
   3.3200000e+00   5.7015680e-01   1.0000000e+00
   3.3400000e+00   5.6839307e-01   1.0000000e+00
   3.3600000e+00   5.6732431e-01   1.0000000e+00
   3.3800000e+00   5.6576679e-01   1.0000000e+00
   2.6700000e+00   7.4574762e-01   2.0000000e+00
   2.6900000e+00   7.4414449e-01   2.0000000e+00
   2.7100000e+00   7.4209013e-01   2.0000000e+00
   2.7300000e+00   7.3958455e-01   2.0000000e+00
   2.7500000e+00   7.3791635e-01   2.0000000e+00
   2.7700000e+00   7.3632998e-01   2.0000000e+00
   2.7900000e+00   7.3482543e-01   2.0000000e+00
   2.8100000e+00   7.3268792e-01   2.0000000e+00
   2.8300000e+00   7.3055041e-01   2.0000000e+00
   2.8500000e+00   7.2841290e-01   2.0000000e+00
   2.8700000e+00   7.2627539e-01   2.0000000e+00
   2.8900000e+00   7.2433902e-01   2.0000000e+00
   2.9100000e+00   7.2260380e-01   2.0000000e+00
   2.9300000e+00   7.2071505e-01   2.0000000e+00
   2.9500000e+00   7.1870192e-01   2.0000000e+00
   2.9700000e+00   7.1656441e-01   2.0000000e+00
   2.9900000e+00   7.1442691e-01   2.0000000e+00
   3.0100000e+00   7.1228940e-01   2.0000000e+00
   3.0300000e+00   7.1015189e-01   2.0000000e+00
   3.0500000e+00   7.0848438e-01   2.0000000e+00
   3.0700000e+00   7.0702573e-01   2.0000000e+00
   3.0900000e+00   7.0577593e-01   2.0000000e+00
   3.1100000e+00   7.0423384e-01   2.0000000e+00
   3.1300000e+00   7.0251404e-01   2.0000000e+00
   3.1500000e+00   7.0061654e-01   2.0000000e+00
   3.1700000e+00   6.9954445e-01   2.0000000e+00
   3.1900000e+00   6.9820684e-01   2.0000000e+00
   3.2100000e+00   6.9660371e-01   2.0000000e+00
   3.2300000e+00   6.9584268e-01   2.0000000e+00
   3.2500000e+00   6.9504279e-01   2.0000000e+00
   3.2700000e+00   6.9420402e-01   2.0000000e+00
   3.2900000e+00   6.9313527e-01   2.0000000e+00
   3.3100000e+00   6.9199545e-01   2.0000000e+00
   3.3300000e+00   6.9078458e-01   2.0000000e+00
   3.3500000e+00   6.8864707e-01   2.0000000e+00
   3.3700000e+00   6.8675395e-01   2.0000000e+00
   3.3900000e+00   6.8510521e-01   2.0000000e+00
   3.4100000e+00   6.8312997e-01   2.0000000e+00
   3.4300000e+00   6.8120132e-01   2.0000000e+00
   3.4500000e+00   6.7931926e-01   2.0000000e+00
   3.4700000e+00   6.7757735e-01   2.0000000e+00
   3.4900000e+00   6.7563764e-01   2.0000000e+00
