   6.1000000e-01   9.6526135e-01   0.0000000e+00
   6.3000000e-01   9.5148962e-01   0.0000000e+00
   6.5000000e-01   9.2958891e-01   0.0000000e+00
   6.7000000e-01   9.0421038e-01   0.0000000e+00
   6.9000000e-01   8.7535401e-01   0.0000000e+00
   7.1000000e-01   8.5150548e-01   0.0000000e+00
   7.3000000e-01   8.2860000e-01   0.0000000e+00
   7.5000000e-01   8.0663757e-01   0.0000000e+00
   7.7000000e-01   7.8836948e-01   0.0000000e+00
   7.9000000e-01   7.7192011e-01   0.0000000e+00
   8.1000000e-01   7.5728946e-01   0.0000000e+00
   8.3000000e-01   7.3965502e-01   0.0000000e+00
   8.5000000e-01   7.2280504e-01   0.0000000e+00
   8.7000000e-01   7.0673953e-01   0.0000000e+00
   8.9000000e-01   6.9152084e-01   0.0000000e+00
   9.1000000e-01   6.7758880e-01   0.0000000e+00
   9.3000000e-01   6.6494342e-01   0.0000000e+00
   9.5000000e-01   6.5477482e-01   0.0000000e+00
   9.7000000e-01   6.4523279e-01   0.0000000e+00
   9.9000000e-01   6.3631734e-01   0.0000000e+00
   1.0100000e+00   6.2883606e-01   0.0000000e+00
   1.0300000e+00   6.2135478e-01   0.0000000e+00
   1.0500000e+00   6.1387350e-01   0.0000000e+00
   1.0700000e+00   6.0746432e-01   0.0000000e+00
   1.0900000e+00   6.0144100e-01   0.0000000e+00
   1.1100000e+00   5.9580356e-01   0.0000000e+00
   1.1300000e+00   5.9045979e-01   0.0000000e+00
   1.1500000e+00   5.8511970e-01   0.0000000e+00
   1.1700000e+00   5.7978330e-01   0.0000000e+00
   1.1900000e+00   5.7497391e-01   0.0000000e+00
   1.2100000e+00   5.7037706e-01   0.0000000e+00
   1.2300000e+00   5.6599275e-01   0.0000000e+00
   1.2500000e+00   5.6110089e-01   0.0000000e+00
   1.2700000e+00   5.5607896e-01   0.0000000e+00
   1.2900000e+00   5.5092694e-01   0.0000000e+00
   1.3100000e+00   5.4619264e-01   0.0000000e+00
   1.3300000e+00   5.4168798e-01   0.0000000e+00
   1.3500000e+00   5.3741296e-01   0.0000000e+00
   1.3700000e+00   5.3313795e-01   0.0000000e+00
   1.3900000e+00   5.2905100e-01   0.0000000e+00
   1.4100000e+00   5.2515212e-01   0.0000000e+00
   1.4300000e+00   5.2141148e-01   0.0000000e+00
   1.4500000e+00   5.1774224e-01   0.0000000e+00
   1.4700000e+00   5.1414441e-01   0.0000000e+00
   1.4900000e+00   5.1091201e-01   0.0000000e+00
   1.5100000e+00   5.0742549e-01   0.0000000e+00
   1.5300000e+00   5.0368485e-01   0.0000000e+00
   1.5500000e+00   5.0083192e-01   0.0000000e+00
   1.5700000e+00   4.9806951e-01   0.0000000e+00
   1.5900000e+00   4.9539763e-01   0.0000000e+00
   1.6100000e+00   4.9293627e-01   0.0000000e+00
   1.6300000e+00   4.9058990e-01   0.0000000e+00
   1.6500000e+00   4.8835853e-01   0.0000000e+00
   1.6700000e+00   4.8568665e-01   0.0000000e+00
   1.6900000e+00   4.8352634e-01   0.0000000e+00
   1.7100000e+00   4.8187760e-01   0.0000000e+00
   1.7300000e+00   4.8066938e-01   0.0000000e+00
   1.7500000e+00   4.7939177e-01   0.0000000e+00
   1.7700000e+00   4.7804477e-01   0.0000000e+00
   1.7900000e+00   4.7660322e-01   0.0000000e+00
   1.8100000e+00   4.7534807e-01   0.0000000e+00
   1.8300000e+00   4.7427931e-01   0.0000000e+00
   1.8500000e+00   4.7321056e-01   0.0000000e+00
   1.8700000e+00   4.7214181e-01   0.0000000e+00
   1.8900000e+00   4.7107305e-01   0.0000000e+00
   1.9100000e+00   4.6965833e-01   0.0000000e+00
   1.9300000e+00   4.6826406e-01   0.0000000e+00
   1.9500000e+00   4.6689023e-01   0.0000000e+00
   1.9700000e+00   4.6582147e-01   0.0000000e+00
   1.9900000e+00   4.6475272e-01   0.0000000e+00
   2.0100000e+00   4.6368396e-01   0.0000000e+00
   2.0300000e+00   4.6261521e-01   0.0000000e+00
   2.0500000e+00   4.6113277e-01   0.0000000e+00
   2.0700000e+00   4.5923666e-01   0.0000000e+00
   2.0900000e+00   4.5769318e-01   0.0000000e+00
   2.1100000e+00   4.5638707e-01   0.0000000e+00
   2.1300000e+00   4.5531832e-01   0.0000000e+00
   2.1500000e+00   4.5424956e-01   0.0000000e+00
   2.1700000e+00   4.5318081e-01   0.0000000e+00
   2.1900000e+00   4.5211205e-01   0.0000000e+00
   2.2100000e+00   4.5056190e-01   0.0000000e+00
   2.2300000e+00   4.4916762e-01   0.0000000e+00
   2.2500000e+00   4.4792923e-01   0.0000000e+00
   2.2700000e+00   4.4686048e-01   0.0000000e+00
   2.2900000e+00   4.4585742e-01   0.0000000e+00
   2.3100000e+00   4.4492008e-01   0.0000000e+00
   2.3300000e+00   4.4438570e-01   0.0000000e+00
   2.3500000e+00   4.4385132e-01   0.0000000e+00
   2.3700000e+00   4.4331695e-01   0.0000000e+00
   2.3900000e+00   4.4235011e-01   0.0000000e+00
   2.4100000e+00   4.4133232e-01   0.0000000e+00
   2.4300000e+00   4.4026357e-01   0.0000000e+00
   2.4500000e+00   4.3939394e-01   0.0000000e+00
   2.4700000e+00   4.3865071e-01   0.0000000e+00
   2.4900000e+00   4.3803387e-01   0.0000000e+00
   2.5100000e+00   4.3696511e-01   0.0000000e+00
   2.5300000e+00   4.3614645e-01   0.0000000e+00
   2.5500000e+00   4.3557786e-01   0.0000000e+00
   2.5700000e+00   4.3465998e-01   0.0000000e+00
   2.5900000e+00   4.3393350e-01   0.0000000e+00
   2.6100000e+00   4.3339844e-01   0.0000000e+00
   2.6300000e+00   4.3309808e-01   0.0000000e+00
   2.6500000e+00   4.3243028e-01   0.0000000e+00
   2.6700000e+00   4.3139504e-01   0.0000000e+00
   2.6900000e+00   4.3086066e-01   0.0000000e+00
   2.7100000e+00   4.3032629e-01   0.0000000e+00
   2.7300000e+00   4.2979191e-01   0.0000000e+00
   2.7500000e+00   4.2925753e-01   0.0000000e+00
   2.7700000e+00   4.2872316e-01   0.0000000e+00
   2.7900000e+00   4.2818878e-01   0.0000000e+00
   2.8100000e+00   4.2775563e-01   0.0000000e+00
   2.8300000e+00   4.2753906e-01   0.0000000e+00
   2.8500000e+00   4.2753906e-01   0.0000000e+00
   2.8700000e+00   4.2702012e-01   0.0000000e+00
   2.8900000e+00   4.2669460e-01   0.0000000e+00
   2.9100000e+00   4.2656250e-01   0.0000000e+00
   2.9300000e+00   4.2627688e-01   0.0000000e+00
   2.9500000e+00   4.2595136e-01   0.0000000e+00
   2.9700000e+00   4.2558594e-01   0.0000000e+00
   2.9900000e+00   4.2548136e-01   0.0000000e+00
   3.0100000e+00   4.2489470e-01   0.0000000e+00
   3.0300000e+00   4.2382594e-01   0.0000000e+00
   3.0500000e+00   4.2369719e-01   0.0000000e+00
   3.0700000e+00   4.2363281e-01   0.0000000e+00
   3.0900000e+00   4.2363281e-01   0.0000000e+00
   3.1100000e+00   4.2339614e-01   0.0000000e+00
   3.1300000e+00   4.2301062e-01   0.0000000e+00
   3.1500000e+00   4.2247624e-01   0.0000000e+00
   3.1700000e+00   4.2194521e-01   0.0000000e+00
   3.1900000e+00   4.2167969e-01   0.0000000e+00
   3.2100000e+00   4.2167969e-01   0.0000000e+00
   3.2300000e+00   4.2083758e-01   0.0000000e+00
   3.2500000e+00   4.2018654e-01   0.0000000e+00
   3.2700000e+00   4.1972656e-01   0.0000000e+00
   3.2900000e+00   4.1935111e-01   0.0000000e+00
   3.3100000e+00   4.1866454e-01   0.0000000e+00
   3.3300000e+00   4.1766685e-01   0.0000000e+00
   3.3500000e+00   4.1713247e-01   0.0000000e+00
   3.3700000e+00   4.1659809e-01   0.0000000e+00
   3.3900000e+00   4.1606372e-01   0.0000000e+00
   3.4100000e+00   4.1552934e-01   0.0000000e+00
   3.4300000e+00   4.1499496e-01   0.0000000e+00
   3.4500000e+00   4.1446059e-01   0.0000000e+00
   3.4700000e+00   4.1392621e-01   0.0000000e+00
   3.4900000e+00   4.1339183e-01   0.0000000e+00
   3.5100000e+00   4.1285746e-01   0.0000000e+00
   3.5300000e+00   4.1232308e-01   0.0000000e+00
   3.5500000e+00   4.1156879e-01   0.0000000e+00
   3.5700000e+00   4.1059459e-01   0.0000000e+00
   3.5900000e+00   4.1017215e-01   0.0000000e+00
   3.6100000e+00   4.0975444e-01   0.0000000e+00
   3.6300000e+00   4.0934145e-01   0.0000000e+00
   3.6500000e+00   4.0845236e-01   0.0000000e+00
   3.6700000e+00   4.0800781e-01   0.0000000e+00
   3.6900000e+00   4.0800781e-01   0.0000000e+00
   3.7100000e+00   4.0800781e-01   0.0000000e+00
   3.7300000e+00   4.0820325e-01   0.0000000e+00
   3.7500000e+00   4.0859413e-01   0.0000000e+00
   3.7700000e+00   4.0995115e-01   0.0000000e+00
   2.0400000e+00   7.1909781e-01   1.0000000e+00
   2.0600000e+00   7.1708100e-01   1.0000000e+00
   2.0800000e+00   7.1515235e-01   1.0000000e+00
   2.1000000e+00   7.1331186e-01   1.0000000e+00
   2.1200000e+00   7.1116767e-01   1.0000000e+00
   2.1400000e+00   7.0852429e-01   1.0000000e+00
   2.1600000e+00   7.0538171e-01   1.0000000e+00
   2.1800000e+00   7.0270983e-01   1.0000000e+00
   2.2000000e+00   7.0003794e-01   1.0000000e+00
   2.2200000e+00   6.9736606e-01   1.0000000e+00
   2.2400000e+00   6.9505891e-01   1.0000000e+00
   2.2600000e+00   6.9271254e-01   1.0000000e+00
   2.2800000e+00   6.9032696e-01   1.0000000e+00
   2.3000000e+00   6.8765508e-01   1.0000000e+00
   2.3200000e+00   6.8499056e-01   1.0000000e+00
   2.3400000e+00   6.8233342e-01   1.0000000e+00
   2.3600000e+00   6.8019591e-01   1.0000000e+00
   2.3800000e+00   6.7762595e-01   1.0000000e+00
   2.4000000e+00   6.7462353e-01   1.0000000e+00
   2.4200000e+00   6.7204885e-01   1.0000000e+00
   2.4400000e+00   6.6949363e-01   1.0000000e+00
   2.4600000e+00   6.6695787e-01   1.0000000e+00
   2.4800000e+00   6.6391653e-01   1.0000000e+00
   2.5000000e+00   6.6132711e-01   1.0000000e+00
   2.5200000e+00   6.5918960e-01   1.0000000e+00
   2.5400000e+00   6.5705209e-01   1.0000000e+00
   2.5600000e+00   6.5453107e-01   1.0000000e+00
   2.5800000e+00   6.5162655e-01   1.0000000e+00
   2.6000000e+00   6.4922082e-01   1.0000000e+00
   2.6200000e+00   6.4706621e-01   1.0000000e+00
   2.6400000e+00   6.4516272e-01   1.0000000e+00
   2.6600000e+00   6.4255786e-01   1.0000000e+00
   2.6800000e+00   6.4045387e-01   1.0000000e+00
   2.7000000e+00   6.3885074e-01   1.0000000e+00
   2.7200000e+00   6.3679638e-01   1.0000000e+00
   2.7400000e+00   6.3470044e-01   1.0000000e+00
   2.7600000e+00   6.3256294e-01   1.0000000e+00
   2.7800000e+00   6.3042543e-01   1.0000000e+00
   2.8000000e+00   6.2838915e-01   1.0000000e+00
   2.8200000e+00   6.2645411e-01   1.0000000e+00
   2.8400000e+00   6.2538536e-01   1.0000000e+00
   2.8600000e+00   6.2379766e-01   1.0000000e+00
   2.8800000e+00   6.2169101e-01   1.0000000e+00
   2.9000000e+00   6.2035807e-01   1.0000000e+00
   2.9200000e+00   6.1901441e-01   1.0000000e+00
   2.9400000e+00   6.1766004e-01   1.0000000e+00
   2.9600000e+00   6.1639481e-01   1.0000000e+00
   2.9800000e+00   6.1546886e-01   1.0000000e+00
   3.0000000e+00   6.1488220e-01   1.0000000e+00
   3.0200000e+00   6.1381345e-01   1.0000000e+00
   3.0400000e+00   6.1274469e-01   1.0000000e+00
   3.0600000e+00   6.1167594e-01   1.0000000e+00
   3.0800000e+00   6.1060718e-01   1.0000000e+00
   3.1000000e+00   6.0965677e-01   1.0000000e+00
   3.1200000e+00   6.0882468e-01   1.0000000e+00
   3.1400000e+00   6.0805029e-01   1.0000000e+00
   3.1600000e+00   6.0686320e-01   1.0000000e+00
   3.1800000e+00   6.0526341e-01   1.0000000e+00
   3.2000000e+00   6.0419466e-01   1.0000000e+00
   3.2200000e+00   6.0291538e-01   1.0000000e+00
   3.2400000e+00   6.0142557e-01   1.0000000e+00
   3.2600000e+00   6.0012683e-01   1.0000000e+00
   3.2800000e+00   5.9894308e-01   1.0000000e+00
   3.3000000e+00   5.9787433e-01   1.0000000e+00
   3.3200000e+00   5.9680557e-01   1.0000000e+00
   3.3400000e+00   5.9573682e-01   1.0000000e+00
   3.3600000e+00   5.9466806e-01   1.0000000e+00
   3.3800000e+00   5.9408808e-01   1.0000000e+00
   3.4000000e+00   5.9334485e-01   1.0000000e+00
   3.4200000e+00   5.9243837e-01   1.0000000e+00
   3.4400000e+00   5.9162505e-01   1.0000000e+00
   3.4600000e+00   5.9095121e-01   1.0000000e+00
   3.4800000e+00   5.9041683e-01   1.0000000e+00
   3.5000000e+00   5.9001514e-01   1.0000000e+00
   3.5200000e+00   5.9115023e-01   1.0000000e+00
   3.5400000e+00   5.9382212e-01   1.0000000e+00
   2.7600000e+00   7.7268609e-01   2.0000000e+00
   2.7800000e+00   7.7045000e-01   2.0000000e+00
   2.8000000e+00   7.6832793e-01   2.0000000e+00
   2.8200000e+00   7.6631986e-01   2.0000000e+00
   2.8400000e+00   7.6257922e-01   2.0000000e+00
   2.8600000e+00   7.5909806e-01   2.0000000e+00
   2.8800000e+00   7.5587636e-01   2.0000000e+00
   2.9000000e+00   7.5347466e-01   2.0000000e+00
   2.9200000e+00   7.5091944e-01   2.0000000e+00
   2.9400000e+00   7.4821070e-01   2.0000000e+00
   2.9600000e+00   7.4517339e-01   2.0000000e+00
   2.9800000e+00   7.4237108e-01   2.0000000e+00
   3.0000000e+00   7.3980377e-01   2.0000000e+00
   3.0200000e+00   7.3820064e-01   2.0000000e+00
   3.0400000e+00   7.3612751e-01   2.0000000e+00
   3.0600000e+00   7.3358438e-01   2.0000000e+00
   3.0800000e+00   7.3197250e-01   2.0000000e+00
   3.1000000e+00   7.3051385e-01   2.0000000e+00
   3.1200000e+00   7.2920842e-01   2.0000000e+00
   3.1400000e+00   7.2772530e-01   2.0000000e+00
   3.1600000e+00   7.2644936e-01   2.0000000e+00
   3.1800000e+00   7.2538060e-01   2.0000000e+00
   3.2000000e+00   7.2431185e-01   2.0000000e+00
   3.2200000e+00   7.2324309e-01   2.0000000e+00
   3.2400000e+00   7.2217434e-01   2.0000000e+00
   3.2600000e+00   7.2080120e-01   2.0000000e+00
   3.2800000e+00   7.1931306e-01   2.0000000e+00
   3.3000000e+00   7.1770993e-01   2.0000000e+00
   3.3200000e+00   7.1617786e-01   2.0000000e+00
   3.3400000e+00   7.1487744e-01   2.0000000e+00
   3.3600000e+00   7.1380869e-01   2.0000000e+00
   3.3800000e+00   7.1176239e-01   2.0000000e+00
   3.4000000e+00   7.0967049e-01   2.0000000e+00
   3.4200000e+00   7.0753298e-01   2.0000000e+00
   3.4400000e+00   7.0590636e-01   2.0000000e+00
   3.4600000e+00   7.0455867e-01   2.0000000e+00
   3.4800000e+00   7.0348992e-01   2.0000000e+00
   3.5000000e+00   7.0237693e-01   2.0000000e+00
