   6.1000000e-01   9.6824332e-01   0.0000000e+00
   6.3000000e-01   9.5637243e-01   0.0000000e+00
   6.5000000e-01   9.3458436e-01   0.0000000e+00
   6.7000000e-01   9.1006370e-01   0.0000000e+00
   6.9000000e-01   8.8281048e-01   0.0000000e+00
   7.1000000e-01   8.5874405e-01   0.0000000e+00
   7.3000000e-01   8.3597032e-01   0.0000000e+00
   7.5000000e-01   8.1448928e-01   0.0000000e+00
   7.7000000e-01   7.9618031e-01   0.0000000e+00
   7.9000000e-01   7.7922472e-01   0.0000000e+00
   8.1000000e-01   7.6362252e-01   0.0000000e+00
   8.3000000e-01   7.4759121e-01   0.0000000e+00
   8.5000000e-01   7.3182139e-01   0.0000000e+00
   8.7000000e-01   7.1631305e-01   0.0000000e+00
   8.9000000e-01   7.0081612e-01   0.0000000e+00
   9.1000000e-01   6.8662259e-01   0.0000000e+00
   9.3000000e-01   6.7373248e-01   0.0000000e+00
   9.5000000e-01   6.6356388e-01   0.0000000e+00
   9.7000000e-01   6.5399370e-01   0.0000000e+00
   9.9000000e-01   6.4502192e-01   0.0000000e+00
   1.0100000e+00   6.3700627e-01   0.0000000e+00
   1.0300000e+00   6.2970166e-01   0.0000000e+00
   1.0500000e+00   6.2310809e-01   0.0000000e+00
   1.0700000e+00   6.1741030e-01   0.0000000e+00
   1.0900000e+00   6.1164881e-01   0.0000000e+00
   1.1100000e+00   6.0582364e-01   0.0000000e+00
   1.1300000e+00   5.9978323e-01   0.0000000e+00
   1.1500000e+00   5.9435463e-01   0.0000000e+00
   1.1700000e+00   5.8953787e-01   0.0000000e+00
   1.1900000e+00   5.8419410e-01   0.0000000e+00
   1.2100000e+00   5.7906287e-01   0.0000000e+00
   1.2300000e+00   5.7414418e-01   0.0000000e+00
   1.2500000e+00   5.6902637e-01   0.0000000e+00
   1.2700000e+00   5.6398733e-01   0.0000000e+00
   1.2900000e+00   5.5902707e-01   0.0000000e+00
   1.3100000e+00   5.5467697e-01   0.0000000e+00
   1.3300000e+00   5.5009722e-01   0.0000000e+00
   1.3500000e+00   5.4528782e-01   0.0000000e+00
   1.3700000e+00   5.4097123e-01   0.0000000e+00
   1.3900000e+00   5.3667543e-01   0.0000000e+00
   1.4100000e+00   5.3240041e-01   0.0000000e+00
   1.4300000e+00   5.2838487e-01   0.0000000e+00
   1.4500000e+00   5.2450678e-01   0.0000000e+00
   1.4700000e+00   5.2076614e-01   0.0000000e+00
   1.4900000e+00   5.1702550e-01   0.0000000e+00
   1.5100000e+00   5.1328486e-01   0.0000000e+00
   1.5300000e+00   5.0954422e-01   0.0000000e+00
   1.5500000e+00   5.0669129e-01   0.0000000e+00
   1.5700000e+00   5.0392889e-01   0.0000000e+00
   1.5900000e+00   5.0125700e-01   0.0000000e+00
   1.6100000e+00   4.9858512e-01   0.0000000e+00
   1.6300000e+00   4.9600709e-01   0.0000000e+00
   1.6500000e+00   4.9352293e-01   0.0000000e+00
   1.6700000e+00   4.9191980e-01   0.0000000e+00
   1.6900000e+00   4.9006088e-01   0.0000000e+00
   1.7100000e+00   4.8794618e-01   0.0000000e+00
   1.7300000e+00   4.8659849e-01   0.0000000e+00
   1.7500000e+00   4.8525115e-01   0.0000000e+00
   1.7700000e+00   4.8390415e-01   0.0000000e+00
   1.7900000e+00   4.8246260e-01   0.0000000e+00
   1.8100000e+00   4.8120744e-01   0.0000000e+00
   1.8300000e+00   4.8013869e-01   0.0000000e+00
   1.8500000e+00   4.7906993e-01   0.0000000e+00
   1.8700000e+00   4.7776987e-01   0.0000000e+00
   1.8900000e+00   4.7623848e-01   0.0000000e+00
   1.9100000e+00   4.7498132e-01   0.0000000e+00
   1.9300000e+00   4.7381836e-01   0.0000000e+00
   1.9500000e+00   4.7274960e-01   0.0000000e+00
   1.9700000e+00   4.7168085e-01   0.0000000e+00
   1.9900000e+00   4.7061209e-01   0.0000000e+00
   2.0100000e+00   4.6954334e-01   0.0000000e+00
   2.0300000e+00   4.6794424e-01   0.0000000e+00
   2.0500000e+00   4.6634312e-01   0.0000000e+00
   2.0700000e+00   4.6473999e-01   0.0000000e+00
   2.0900000e+00   4.6343388e-01   0.0000000e+00
   2.1100000e+00   4.6224645e-01   0.0000000e+00
   2.1300000e+00   4.6117769e-01   0.0000000e+00
   2.1500000e+00   4.6004525e-01   0.0000000e+00
   2.1700000e+00   4.5867746e-01   0.0000000e+00
   2.1900000e+00   4.5707433e-01   0.0000000e+00
   2.2100000e+00   4.5595260e-01   0.0000000e+00
   2.2300000e+00   4.5467499e-01   0.0000000e+00
   2.2500000e+00   4.5324150e-01   0.0000000e+00
   2.2700000e+00   4.5188644e-01   0.0000000e+00
   2.2900000e+00   4.5067453e-01   0.0000000e+00
   2.3100000e+00   4.4960578e-01   0.0000000e+00
   2.3300000e+00   4.4855177e-01   0.0000000e+00
   2.3500000e+00   4.4775757e-01   0.0000000e+00
   2.3700000e+00   4.4722320e-01   0.0000000e+00
   2.3900000e+00   4.4625636e-01   0.0000000e+00
   2.4100000e+00   4.4523857e-01   0.0000000e+00
   2.4300000e+00   4.4416982e-01   0.0000000e+00
   2.4500000e+00   4.4330019e-01   0.0000000e+00
   2.4700000e+00   4.4259819e-01   0.0000000e+00
   2.4900000e+00   4.4206381e-01   0.0000000e+00
   2.5100000e+00   4.4152943e-01   0.0000000e+00
   2.5300000e+00   4.4074497e-01   0.0000000e+00
   2.5500000e+00   4.3971042e-01   0.0000000e+00
   2.5700000e+00   4.3940868e-01   0.0000000e+00
   2.5900000e+00   4.3899097e-01   0.0000000e+00
   2.6100000e+00   4.3845728e-01   0.0000000e+00
   2.6300000e+00   4.3768889e-01   0.0000000e+00
   2.6500000e+00   4.3727117e-01   0.0000000e+00
   2.6700000e+00   4.3720414e-01   0.0000000e+00
   2.6900000e+00   4.3613539e-01   0.0000000e+00
   2.7100000e+00   4.3551786e-01   0.0000000e+00
   2.7300000e+00   4.3535156e-01   0.0000000e+00
   2.7500000e+00   4.3501700e-01   0.0000000e+00
   2.7700000e+00   4.3458253e-01   0.0000000e+00
   2.7900000e+00   4.3404815e-01   0.0000000e+00
   2.8100000e+00   4.3361501e-01   0.0000000e+00
   2.8300000e+00   4.3339844e-01   0.0000000e+00
   2.8500000e+00   4.3339844e-01   0.0000000e+00
   2.8700000e+00   4.3287949e-01   0.0000000e+00
   2.8900000e+00   4.3235283e-01   0.0000000e+00
   2.9100000e+00   4.3181845e-01   0.0000000e+00
   2.9300000e+00   4.3128408e-01   0.0000000e+00
   2.9500000e+00   4.3083418e-01   0.0000000e+00
   2.9700000e+00   4.3046875e-01   0.0000000e+00
   2.9900000e+00   4.3041646e-01   0.0000000e+00
   3.0100000e+00   4.3012313e-01   0.0000000e+00
   3.0300000e+00   4.2958875e-01   0.0000000e+00
   3.0500000e+00   4.2952438e-01   0.0000000e+00
   3.0700000e+00   4.2949219e-01   0.0000000e+00
   3.0900000e+00   4.2949219e-01   0.0000000e+00
   3.1100000e+00   4.2901885e-01   0.0000000e+00
   3.1300000e+00   4.2836780e-01   0.0000000e+00
   3.1500000e+00   4.2753906e-01   0.0000000e+00
   3.1700000e+00   4.2753572e-01   0.0000000e+00
   3.1900000e+00   4.2726686e-01   0.0000000e+00
   3.2100000e+00   4.2673248e-01   0.0000000e+00
   3.2300000e+00   4.2619811e-01   0.0000000e+00
   3.2500000e+00   4.2551154e-01   0.0000000e+00
   3.2700000e+00   4.2467277e-01   0.0000000e+00
   3.2900000e+00   4.2397947e-01   0.0000000e+00
   3.3100000e+00   4.2356175e-01   0.0000000e+00
   3.3300000e+00   4.2341963e-01   0.0000000e+00
   3.3500000e+00   4.2235088e-01   0.0000000e+00
   3.3700000e+00   4.2152651e-01   0.0000000e+00
   3.3900000e+00   4.2094653e-01   0.0000000e+00
   3.4100000e+00   4.2041215e-01   0.0000000e+00
   3.4300000e+00   4.1975005e-01   0.0000000e+00
   3.4500000e+00   4.1896023e-01   0.0000000e+00
   3.4700000e+00   4.1803026e-01   0.0000000e+00
   3.4900000e+00   4.1729808e-01   0.0000000e+00
   3.5100000e+00   4.1676371e-01   0.0000000e+00
   3.5300000e+00   4.1622933e-01   0.0000000e+00
   3.5500000e+00   4.1591486e-01   0.0000000e+00
   3.5700000e+00   4.1582031e-01   0.0000000e+00
   3.5900000e+00   4.1517399e-01   0.0000000e+00
   3.6100000e+00   4.1452295e-01   0.0000000e+00
   3.6300000e+00   4.1386719e-01   0.0000000e+00
   3.6500000e+00   4.1386719e-01   0.0000000e+00
   3.6700000e+00   4.1386719e-01   0.0000000e+00
   3.6900000e+00   4.1386719e-01   0.0000000e+00
   3.7100000e+00   4.1285210e-01   0.0000000e+00
   3.7300000e+00   4.1220106e-01   0.0000000e+00
   3.7500000e+00   4.1191406e-01   0.0000000e+00
   3.7700000e+00   4.1191406e-01   0.0000000e+00
   3.7900000e+00   4.1191406e-01   0.0000000e+00
   2.0700000e+00   7.2255249e-01   1.0000000e+00
   2.0900000e+00   7.2005831e-01   1.0000000e+00
   2.1100000e+00   7.1738844e-01   1.0000000e+00
   2.1300000e+00   7.1454288e-01   1.0000000e+00
   2.1500000e+00   7.1234169e-01   1.0000000e+00
   2.1700000e+00   7.0990514e-01   1.0000000e+00
   2.1900000e+00   7.0723326e-01   1.0000000e+00
   2.2100000e+00   7.0504277e-01   1.0000000e+00
   2.2300000e+00   7.0251404e-01   1.0000000e+00
   2.2500000e+00   6.9964706e-01   1.0000000e+00
   2.2700000e+00   6.9693694e-01   1.0000000e+00
   2.2900000e+00   6.9451313e-01   1.0000000e+00
   2.3100000e+00   6.9237562e-01   1.0000000e+00
   2.3300000e+00   6.9022337e-01   1.0000000e+00
   2.3500000e+00   6.8781130e-01   1.0000000e+00
   2.3700000e+00   6.8513942e-01   1.0000000e+00
   2.3900000e+00   6.8289999e-01   1.0000000e+00
   2.4100000e+00   6.8071152e-01   1.0000000e+00
   2.4300000e+00   6.7857401e-01   1.0000000e+00
   2.4500000e+00   6.7603825e-01   1.0000000e+00
   2.4700000e+00   6.7324970e-01   1.0000000e+00
   2.4900000e+00   6.7020836e-01   1.0000000e+00
   2.5100000e+00   6.6807085e-01   1.0000000e+00
   2.5300000e+00   6.6568326e-01   1.0000000e+00
   2.5500000e+00   6.6304557e-01   1.0000000e+00
   2.5700000e+00   6.6037369e-01   1.0000000e+00
   2.5900000e+00   6.5796865e-01   1.0000000e+00
   2.6100000e+00   6.5583045e-01   1.0000000e+00
   2.6300000e+00   6.5392696e-01   1.0000000e+00
   2.6500000e+00   6.5165603e-01   1.0000000e+00
   2.6700000e+00   6.4901766e-01   1.0000000e+00
   2.6900000e+00   6.4688015e-01   1.0000000e+00
   2.7100000e+00   6.4474265e-01   1.0000000e+00
   2.7300000e+00   6.4260514e-01   1.0000000e+00
   2.7500000e+00   6.4080219e-01   1.0000000e+00
   2.7700000e+00   6.3899020e-01   1.0000000e+00
   2.7900000e+00   6.3716918e-01   1.0000000e+00
   2.8100000e+00   6.3513290e-01   1.0000000e+00
   2.8300000e+00   6.3331320e-01   1.0000000e+00
   2.8500000e+00   6.3171007e-01   1.0000000e+00
   2.8700000e+00   6.2958799e-01   1.0000000e+00
   2.8900000e+00   6.2765934e-01   1.0000000e+00
   2.9100000e+00   6.2592411e-01   1.0000000e+00
   2.9300000e+00   6.2489221e-01   1.0000000e+00
   2.9500000e+00   6.2394012e-01   1.0000000e+00
   2.9700000e+00   6.2306784e-01   1.0000000e+00
   2.9900000e+00   6.2151700e-01   1.0000000e+00
   3.0100000e+00   6.2020720e-01   1.0000000e+00
   3.0300000e+00   6.1913845e-01   1.0000000e+00
   3.0500000e+00   6.1806969e-01   1.0000000e+00
   3.0700000e+00   6.1735427e-01   1.0000000e+00
   3.0900000e+00   6.1699219e-01   1.0000000e+00
   3.1100000e+00   6.1651885e-01   1.0000000e+00
   3.1300000e+00   6.1568780e-01   1.0000000e+00
   3.1500000e+00   6.1449904e-01   1.0000000e+00
   3.1700000e+00   6.1289925e-01   1.0000000e+00
   3.1900000e+00   6.1156498e-01   1.0000000e+00
   3.2100000e+00   6.1049622e-01   1.0000000e+00
   3.2300000e+00   6.0942747e-01   1.0000000e+00
   3.2500000e+00   6.0835871e-01   1.0000000e+00
   3.2700000e+00   6.0728996e-01   1.0000000e+00
   3.2900000e+00   6.0622120e-01   1.0000000e+00
   3.3100000e+00   6.0522351e-01   1.0000000e+00
   3.3300000e+00   6.0429688e-01   1.0000000e+00
   3.3500000e+00   6.0429687e-01   1.0000000e+00
   2.7900000e+00   7.7649077e-01   2.0000000e+00
   2.8100000e+00   7.7392011e-01   2.0000000e+00
   2.8300000e+00   7.7156603e-01   2.0000000e+00
   2.8500000e+00   7.6942853e-01   2.0000000e+00
   2.8700000e+00   7.6677207e-01   2.0000000e+00
   2.8900000e+00   7.6390676e-01   2.0000000e+00
   2.9100000e+00   7.6083260e-01   2.0000000e+00
   2.9300000e+00   7.5734072e-01   2.0000000e+00
   2.9500000e+00   7.5389341e-01   2.0000000e+00
   2.9700000e+00   7.5049067e-01   2.0000000e+00
   2.9900000e+00   7.4787108e-01   2.0000000e+00
   3.0100000e+00   7.4549252e-01   2.0000000e+00
   3.0300000e+00   7.4335502e-01   2.0000000e+00
   3.0500000e+00   7.4168751e-01   2.0000000e+00
   3.0700000e+00   7.4005219e-01   2.0000000e+00
   3.0900000e+00   7.3844906e-01   2.0000000e+00
   3.1100000e+00   7.3660925e-01   2.0000000e+00
   3.1300000e+00   7.3474060e-01   2.0000000e+00
   3.1500000e+00   7.3284311e-01   2.0000000e+00
   3.1700000e+00   7.3177769e-01   2.0000000e+00
   3.1900000e+00   7.3097780e-01   2.0000000e+00
   3.2100000e+00   7.3044342e-01   2.0000000e+00
   3.2300000e+00   7.2906694e-01   2.0000000e+00
   3.2500000e+00   7.2772933e-01   2.0000000e+00
   3.2700000e+00   7.2643058e-01   2.0000000e+00
   3.2900000e+00   7.2536183e-01   2.0000000e+00
   3.3100000e+00   7.2425755e-01   2.0000000e+00
   3.3300000e+00   7.2311773e-01   2.0000000e+00
   3.3500000e+00   7.2151460e-01   2.0000000e+00
   3.3700000e+00   7.1991147e-01   2.0000000e+00
   3.3900000e+00   7.1830834e-01   2.0000000e+00
   3.4100000e+00   7.1596099e-01   2.0000000e+00
   3.4300000e+00   7.1357910e-01   2.0000000e+00
   3.4500000e+00   7.1116266e-01   2.0000000e+00
   3.4700000e+00   7.0930270e-01   2.0000000e+00
   3.4900000e+00   7.0782729e-01   2.0000000e+00
