   6.1000000e-01   9.6176107e-01   0.0000000e+00
   6.3000000e-01   9.4961389e-01   0.0000000e+00
   6.5000000e-01   9.3462254e-01   0.0000000e+00
   6.7000000e-01   9.1590494e-01   0.0000000e+00
   6.9000000e-01   8.9346111e-01   0.0000000e+00
   7.1000000e-01   8.7147253e-01   0.0000000e+00
   7.3000000e-01   8.5020070e-01   0.0000000e+00
   7.5000000e-01   8.2964561e-01   0.0000000e+00
   7.7000000e-01   8.1298065e-01   0.0000000e+00
   7.9000000e-01   7.9813441e-01   0.0000000e+00
   8.1000000e-01   7.8510690e-01   0.0000000e+00
   8.3000000e-01   7.6907559e-01   0.0000000e+00
   8.5000000e-01   7.5435172e-01   0.0000000e+00
   8.7000000e-01   7.4093528e-01   0.0000000e+00
   8.9000000e-01   7.2798217e-01   0.0000000e+00
   9.1000000e-01   7.1596203e-01   0.0000000e+00
   9.3000000e-01   7.0487486e-01   0.0000000e+00
   9.5000000e-01   6.9594800e-01   0.0000000e+00
   9.7000000e-01   6.8774393e-01   0.0000000e+00
   9.9000000e-01   6.8026265e-01   0.0000000e+00
   1.0100000e+00   6.7278137e-01   0.0000000e+00
   1.0300000e+00   6.6577412e-01   0.0000000e+00
   1.0500000e+00   6.5924090e-01   0.0000000e+00
   1.0700000e+00   6.5354311e-01   0.0000000e+00
   1.0900000e+00   6.4802233e-01   0.0000000e+00
   1.1100000e+00   6.4267856e-01   0.0000000e+00
   1.1300000e+00   6.3745882e-01   0.0000000e+00
   1.1500000e+00   6.3243689e-01   0.0000000e+00
   1.1700000e+00   6.2761275e-01   0.0000000e+00
   1.1900000e+00   6.2173460e-01   0.0000000e+00
   1.2100000e+00   6.1649408e-01   0.0000000e+00
   1.2300000e+00   6.1189118e-01   0.0000000e+00
   1.2500000e+00   6.0730775e-01   0.0000000e+00
   1.2700000e+00   6.0251546e-01   0.0000000e+00
   1.2900000e+00   5.9751431e-01   0.0000000e+00
   1.3100000e+00   5.9224563e-01   0.0000000e+00
   1.3300000e+00   5.8720659e-01   0.0000000e+00
   1.3500000e+00   5.8239720e-01   0.0000000e+00
   1.3700000e+00   5.7808061e-01   0.0000000e+00
   1.3900000e+00   5.7359674e-01   0.0000000e+00
   1.4100000e+00   5.6894558e-01   0.0000000e+00
   1.4300000e+00   5.6439566e-01   0.0000000e+00
   1.4500000e+00   5.5998319e-01   0.0000000e+00
   1.4700000e+00   5.5570818e-01   0.0000000e+00
   1.4900000e+00   5.5145930e-01   0.0000000e+00
   1.5100000e+00   5.4746455e-01   0.0000000e+00
   1.5300000e+00   5.4372391e-01   0.0000000e+00
   1.5500000e+00   5.3998327e-01   0.0000000e+00
   1.5700000e+00   5.3640623e-01   0.0000000e+00
   1.5900000e+00   5.3299278e-01   0.0000000e+00
   1.6100000e+00   5.2999704e-01   0.0000000e+00
   1.6300000e+00   5.2721016e-01   0.0000000e+00
   1.6500000e+00   5.2463214e-01   0.0000000e+00
   1.6700000e+00   5.2249463e-01   0.0000000e+00
   1.6900000e+00   5.2061291e-01   0.0000000e+00
   1.7100000e+00   5.1898698e-01   0.0000000e+00
   1.7300000e+00   5.1698894e-01   0.0000000e+00
   1.7500000e+00   5.1519941e-01   0.0000000e+00
   1.7700000e+00   5.1361839e-01   0.0000000e+00
   1.7900000e+00   5.1222647e-01   0.0000000e+00
   1.8100000e+00   5.1050668e-01   0.0000000e+00
   1.8300000e+00   5.0845900e-01   0.0000000e+00
   1.8500000e+00   5.0739025e-01   0.0000000e+00
   1.8700000e+00   5.0632149e-01   0.0000000e+00
   1.8900000e+00   5.0525274e-01   0.0000000e+00
   1.9100000e+00   5.0418399e-01   0.0000000e+00
   1.9300000e+00   5.0288593e-01   0.0000000e+00
   1.9500000e+00   5.0135858e-01   0.0000000e+00
   1.9700000e+00   4.9955898e-01   0.0000000e+00
   1.9900000e+00   4.9839198e-01   0.0000000e+00
   2.0100000e+00   4.9785761e-01   0.0000000e+00
   2.0300000e+00   4.9679288e-01   0.0000000e+00
   2.0500000e+00   4.9572615e-01   0.0000000e+00
   2.0700000e+00   4.9465739e-01   0.0000000e+00
   2.0900000e+00   4.9329162e-01   0.0000000e+00
   2.1100000e+00   4.9207770e-01   0.0000000e+00
   2.1300000e+00   4.9101563e-01   0.0000000e+00
   2.1500000e+00   4.9088825e-01   0.0000000e+00
   2.1700000e+00   4.9029018e-01   0.0000000e+00
   2.1900000e+00   4.8922143e-01   0.0000000e+00
   2.2100000e+00   4.8863408e-01   0.0000000e+00
   2.2300000e+00   4.8789084e-01   0.0000000e+00
   2.2500000e+00   4.8699173e-01   0.0000000e+00
   2.2700000e+00   4.8641912e-01   0.0000000e+00
   2.2900000e+00   4.8606711e-01   0.0000000e+00
   2.3100000e+00   4.8593570e-01   0.0000000e+00
   2.3300000e+00   4.8540132e-01   0.0000000e+00
   2.3500000e+00   4.8486695e-01   0.0000000e+00
   2.3700000e+00   4.8433257e-01   0.0000000e+00
   2.3900000e+00   4.8423065e-01   0.0000000e+00
   2.4100000e+00   4.8386390e-01   0.0000000e+00
   2.4300000e+00   4.8323232e-01   0.0000000e+00
   2.4500000e+00   4.8216356e-01   0.0000000e+00
   2.4700000e+00   4.8113604e-01   0.0000000e+00
   2.4900000e+00   4.8014975e-01   0.0000000e+00
   2.5100000e+00   4.7961537e-01   0.0000000e+00
   2.5300000e+00   4.7908099e-01   0.0000000e+00
   2.5500000e+00   4.7854661e-01   0.0000000e+00
   2.5700000e+00   4.7762873e-01   0.0000000e+00
   2.5900000e+00   4.7676883e-01   0.0000000e+00
   2.6100000e+00   4.7596692e-01   0.0000000e+00
   2.6300000e+00   4.7513219e-01   0.0000000e+00
   2.6500000e+00   4.7393001e-01   0.0000000e+00
   2.6700000e+00   4.7236039e-01   0.0000000e+00
   2.6900000e+00   4.7129164e-01   0.0000000e+00
   2.7100000e+00   4.6999727e-01   0.0000000e+00
   2.7300000e+00   4.6847729e-01   0.0000000e+00
   2.7500000e+00   4.6720872e-01   0.0000000e+00
   2.7700000e+00   4.6604006e-01   0.0000000e+00
   2.7900000e+00   4.6497131e-01   0.0000000e+00
   2.8100000e+00   4.6380132e-01   0.0000000e+00
   2.8300000e+00   4.6241476e-01   0.0000000e+00
   2.8500000e+00   4.6081163e-01   0.0000000e+00
   2.8700000e+00   4.5972744e-01   0.0000000e+00
   2.8900000e+00   4.5844983e-01   0.0000000e+00
   2.9100000e+00   4.5697880e-01   0.0000000e+00
   2.9300000e+00   4.5566128e-01   0.0000000e+00
   2.9500000e+00   4.5446815e-01   0.0000000e+00
   2.9700000e+00   4.5339940e-01   0.0000000e+00
   2.9900000e+00   4.5233064e-01   0.0000000e+00
   3.0100000e+00   4.5126189e-01   0.0000000e+00
   3.0300000e+00   4.5019313e-01   0.0000000e+00
   3.0500000e+00   4.4912438e-01   0.0000000e+00
   3.0700000e+00   4.4805562e-01   0.0000000e+00
   3.0900000e+00   4.4698687e-01   0.0000000e+00
   3.1100000e+00   4.4615479e-01   0.0000000e+00
   3.1300000e+00   4.4541155e-01   0.0000000e+00
   3.1500000e+00   4.4475717e-01   0.0000000e+00
   3.1700000e+00   4.4368842e-01   0.0000000e+00
   3.1900000e+00   4.4261966e-01   0.0000000e+00
   3.2100000e+00   4.4155091e-01   0.0000000e+00
   3.2300000e+00   4.4090321e-01   0.0000000e+00
   3.2500000e+00   4.4015997e-01   0.0000000e+00
   3.2700000e+00   4.3932121e-01   0.0000000e+00
   3.2900000e+00   4.3825245e-01   0.0000000e+00
   3.3100000e+00   4.3721923e-01   0.0000000e+00
   3.3300000e+00   4.3622154e-01   0.0000000e+00
   3.3500000e+00   4.3568716e-01   0.0000000e+00
   3.3700000e+00   4.3490840e-01   0.0000000e+00
   3.3900000e+00   4.3388525e-01   0.0000000e+00
   3.4100000e+00   4.3281649e-01   0.0000000e+00
   3.4300000e+00   4.3187546e-01   0.0000000e+00
   3.4500000e+00   4.3106215e-01   0.0000000e+00
   3.4700000e+00   4.3052777e-01   0.0000000e+00
   3.4900000e+00   4.2999339e-01   0.0000000e+00
   3.5100000e+00   4.2945902e-01   0.0000000e+00
   3.5300000e+00   4.2892464e-01   0.0000000e+00
   3.5500000e+00   4.2839026e-01   0.0000000e+00
   3.5700000e+00   4.2785589e-01   0.0000000e+00
   3.5900000e+00   4.2764467e-01   0.0000000e+00
   3.6100000e+00   4.2733257e-01   0.0000000e+00
   3.6300000e+00   4.2691957e-01   0.0000000e+00
   3.6500000e+00   4.2594065e-01   0.0000000e+00
   3.6700000e+00   4.2518400e-01   0.0000000e+00
   3.6900000e+00   4.2464962e-01   0.0000000e+00
   3.7100000e+00   4.2411525e-01   0.0000000e+00
   3.7300000e+00   4.2358087e-01   0.0000000e+00
   3.7500000e+00   4.2304649e-01   0.0000000e+00
   3.7700000e+00   4.2251212e-01   0.0000000e+00
   3.7900000e+00   4.2197774e-01   0.0000000e+00
   2.1300000e+00   7.5441697e-01   1.0000000e+00
   2.1500000e+00   7.5369153e-01   1.0000000e+00
   2.1700000e+00   7.5226005e-01   1.0000000e+00
   2.1900000e+00   7.5012254e-01   1.0000000e+00
   2.2100000e+00   7.4750364e-01   1.0000000e+00
   2.2300000e+00   7.4449350e-01   1.0000000e+00
   2.2500000e+00   7.4109214e-01   1.0000000e+00
   2.2700000e+00   7.3735151e-01   1.0000000e+00
   2.2900000e+00   7.3361087e-01   1.0000000e+00
   2.3100000e+00   7.2987023e-01   1.0000000e+00
   2.3300000e+00   7.2612959e-01   1.0000000e+00
   2.3500000e+00   7.2238895e-01   1.0000000e+00
   2.3700000e+00   7.1864831e-01   1.0000000e+00
   2.3900000e+00   7.1534012e-01   1.0000000e+00
   2.4100000e+00   7.1208290e-01   1.0000000e+00
   2.4300000e+00   7.0887664e-01   1.0000000e+00
   2.4500000e+00   7.0606863e-01   1.0000000e+00
   2.4700000e+00   7.0351341e-01   1.0000000e+00
   2.4900000e+00   7.0121098e-01   1.0000000e+00
   2.5100000e+00   6.9800471e-01   1.0000000e+00
   2.5300000e+00   6.9529863e-01   1.0000000e+00
   2.5500000e+00   6.9309271e-01   1.0000000e+00
   2.5700000e+00   6.9057169e-01   1.0000000e+00
   2.5900000e+00   6.8797524e-01   1.0000000e+00
   2.6100000e+00   6.8530336e-01   1.0000000e+00
   2.6300000e+00   6.8293183e-01   1.0000000e+00
   2.6500000e+00   6.8092775e-01   1.0000000e+00
   2.6700000e+00   6.7929110e-01   1.0000000e+00
   2.6900000e+00   6.7715359e-01   1.0000000e+00
   2.7100000e+00   6.7546731e-01   1.0000000e+00
   2.7300000e+00   6.7423226e-01   1.0000000e+00
   2.7500000e+00   6.7282894e-01   1.0000000e+00
   2.7700000e+00   6.7121677e-01   1.0000000e+00
   2.7900000e+00   6.6939574e-01   1.0000000e+00
   2.8100000e+00   6.6746070e-01   1.0000000e+00
   2.8300000e+00   6.6595880e-01   1.0000000e+00
   2.8500000e+00   6.6489004e-01   1.0000000e+00
   2.8700000e+00   6.6537813e-01   1.0000000e+00
