   6.1000000e-01   9.5897050e-01   0.0000000e+00
   6.3000000e-01   9.4742945e-01   0.0000000e+00
   6.5000000e-01   9.3197881e-01   0.0000000e+00
   6.7000000e-01   9.1329876e-01   0.0000000e+00
   6.9000000e-01   8.9138930e-01   0.0000000e+00
   7.1000000e-01   8.7039036e-01   0.0000000e+00
   7.3000000e-01   8.5014772e-01   0.0000000e+00
   7.5000000e-01   8.3066139e-01   0.0000000e+00
   7.7000000e-01   8.1439940e-01   0.0000000e+00
   7.9000000e-01   7.9975062e-01   0.0000000e+00
   8.1000000e-01   7.8671504e-01   0.0000000e+00
   8.3000000e-01   7.7282124e-01   0.0000000e+00
   8.5000000e-01   7.5971190e-01   0.0000000e+00
   8.7000000e-01   7.4738702e-01   0.0000000e+00
   8.9000000e-01   7.3509635e-01   0.0000000e+00
   9.1000000e-01   7.2352980e-01   0.0000000e+00
   9.3000000e-01   7.1268736e-01   0.0000000e+00
   9.5000000e-01   7.0376050e-01   0.0000000e+00
   9.7000000e-01   6.9561275e-01   0.0000000e+00
   9.9000000e-01   6.8824410e-01   0.0000000e+00
   1.0100000e+00   6.8183158e-01   0.0000000e+00
   1.0300000e+00   6.7541905e-01   0.0000000e+00
   1.0500000e+00   6.6900653e-01   0.0000000e+00
   1.0700000e+00   6.6330873e-01   0.0000000e+00
   1.0900000e+00   6.5790830e-01   0.0000000e+00
   1.1100000e+00   6.5280523e-01   0.0000000e+00
   1.1300000e+00   6.4799584e-01   0.0000000e+00
   1.1500000e+00   6.4318645e-01   0.0000000e+00
   1.1700000e+00   6.3837705e-01   0.0000000e+00
   1.1900000e+00   6.3356766e-01   0.0000000e+00
   1.2100000e+00   6.2897081e-01   0.0000000e+00
   1.2300000e+00   6.2458650e-01   0.0000000e+00
   1.2500000e+00   6.1969464e-01   0.0000000e+00
   1.2700000e+00   6.1467271e-01   0.0000000e+00
   1.2900000e+00   6.0952069e-01   0.0000000e+00
   1.3100000e+00   6.0463621e-01   0.0000000e+00
   1.3300000e+00   5.9952208e-01   0.0000000e+00
   1.3500000e+00   5.9417831e-01   0.0000000e+00
   1.3700000e+00   5.8834174e-01   0.0000000e+00
   1.3900000e+00   5.8248438e-01   0.0000000e+00
   1.4100000e+00   5.7660623e-01   0.0000000e+00
   1.4300000e+00   5.7098756e-01   0.0000000e+00
   1.4500000e+00   5.6557774e-01   0.0000000e+00
   1.4700000e+00   5.6037678e-01   0.0000000e+00
   1.4900000e+00   5.5561967e-01   0.0000000e+00
   1.5100000e+00   5.5137080e-01   0.0000000e+00
   1.5300000e+00   5.4763016e-01   0.0000000e+00
   1.5500000e+00   5.4388952e-01   0.0000000e+00
   1.5700000e+00   5.4063967e-01   0.0000000e+00
   1.5900000e+00   5.3788060e-01   0.0000000e+00
   1.6100000e+00   5.3616415e-01   0.0000000e+00
   1.6300000e+00   5.3481847e-01   0.0000000e+00
   1.6500000e+00   5.3384358e-01   0.0000000e+00
   1.6700000e+00   5.3330920e-01   0.0000000e+00
   1.6900000e+00   5.3354219e-01   0.0000000e+00
   1.7100000e+00   5.3454254e-01   0.0000000e+00
   1.7300000e+00   5.3482147e-01   0.0000000e+00
   1.7500000e+00   5.3496094e-01   0.0000000e+00
   1.7700000e+00   5.3496094e-01   0.0000000e+00
   1.7900000e+00   5.3512252e-01   0.0000000e+00
   1.8100000e+00   5.3544804e-01   0.0000000e+00
   1.8300000e+00   5.3593750e-01   0.0000000e+00
   1.8500000e+00   5.3593750e-01   0.0000000e+00
   1.8700000e+00   5.3593750e-01   0.0000000e+00
   1.8900000e+00   5.3593750e-01   0.0000000e+00
   1.9100000e+00   5.3559154e-01   0.0000000e+00
   1.9300000e+00   5.3503672e-01   0.0000000e+00
   1.9500000e+00   5.3427304e-01   0.0000000e+00
   1.9700000e+00   5.3309165e-01   0.0000000e+00
   1.9900000e+00   5.3169939e-01   0.0000000e+00
   2.0100000e+00   5.3009626e-01   0.0000000e+00
   2.0300000e+00   5.2902348e-01   0.0000000e+00
   2.0500000e+00   5.2774587e-01   0.0000000e+00
   2.0700000e+00   5.2626343e-01   0.0000000e+00
   2.0900000e+00   5.2436328e-01   0.0000000e+00
   2.1100000e+00   5.2243463e-01   0.0000000e+00
   2.1300000e+00   5.2047747e-01   0.0000000e+00
   2.1500000e+00   5.1893803e-01   0.0000000e+00
   2.1700000e+00   5.1763393e-01   0.0000000e+00
   2.1900000e+00   5.1656518e-01   0.0000000e+00
   2.2100000e+00   5.1453362e-01   0.0000000e+00
   2.2300000e+00   5.1263146e-01   0.0000000e+00
   2.2500000e+00   5.1085869e-01   0.0000000e+00
   2.2700000e+00   5.0925556e-01   0.0000000e+00
   2.2900000e+00   5.0771813e-01   0.0000000e+00
   2.3100000e+00   5.0624640e-01   0.0000000e+00
   2.3300000e+00   5.0514817e-01   0.0000000e+00
   2.3500000e+00   5.0353029e-01   0.0000000e+00
   2.3700000e+00   5.0139278e-01   0.0000000e+00
   2.3900000e+00   4.9968773e-01   0.0000000e+00
   2.4100000e+00   4.9803364e-01   0.0000000e+00
   2.4300000e+00   4.9643051e-01   0.0000000e+00
   2.4500000e+00   4.9462825e-01   0.0000000e+00
   2.4700000e+00   4.9269960e-01   0.0000000e+00
   2.4900000e+00   4.9064455e-01   0.0000000e+00
   2.5100000e+00   4.8904142e-01   0.0000000e+00
   2.5300000e+00   4.8743829e-01   0.0000000e+00
   2.5500000e+00   4.8583516e-01   0.0000000e+00
   2.5700000e+00   4.8461554e-01   0.0000000e+00
   2.5900000e+00   4.8347135e-01   0.0000000e+00
   2.6100000e+00   4.8240259e-01   0.0000000e+00
   2.6300000e+00   4.8133384e-01   0.0000000e+00
   2.6500000e+00   4.8026508e-01   0.0000000e+00
   2.6700000e+00   4.7919633e-01   0.0000000e+00
   2.6900000e+00   4.7812758e-01   0.0000000e+00
   2.7100000e+00   4.7705882e-01   0.0000000e+00
   2.7300000e+00   4.7599007e-01   0.0000000e+00
   2.7500000e+00   4.7458675e-01   0.0000000e+00
   2.7700000e+00   4.7330143e-01   0.0000000e+00
   2.7900000e+00   4.7213409e-01   0.0000000e+00
   2.8100000e+00   4.7129601e-01   0.0000000e+00
   2.8300000e+00   4.6980822e-01   0.0000000e+00
   2.8500000e+00   4.6767071e-01   0.0000000e+00
   2.8700000e+00   4.6709004e-01   0.0000000e+00
   2.8900000e+00   4.6633138e-01   0.0000000e+00
   2.9100000e+00   4.6539472e-01   0.0000000e+00
   2.9300000e+00   4.6489720e-01   0.0000000e+00
   2.9500000e+00   4.6447949e-01   0.0000000e+00
   2.9700000e+00   4.6414158e-01   0.0000000e+00
   2.9900000e+00   4.6317740e-01   0.0000000e+00
   3.0100000e+00   4.6269531e-01   0.0000000e+00
   3.0300000e+00   4.6269531e-01   0.0000000e+00
   3.0500000e+00   4.6128531e-01   0.0000000e+00
   3.0700000e+00   4.6013208e-01   0.0000000e+00
   3.0900000e+00   4.5923562e-01   0.0000000e+00
   3.1100000e+00   4.5822790e-01   0.0000000e+00
   3.1300000e+00   4.5698248e-01   0.0000000e+00
   3.1500000e+00   4.5549936e-01   0.0000000e+00
   3.1700000e+00   4.5443060e-01   0.0000000e+00
   3.1900000e+00   4.5336185e-01   0.0000000e+00
   3.2100000e+00   4.5229310e-01   0.0000000e+00
   3.2300000e+00   4.5038223e-01   0.0000000e+00
   3.2500000e+00   4.4866244e-01   0.0000000e+00
   3.2700000e+00   4.4713371e-01   0.0000000e+00
   3.2900000e+00   4.4512633e-01   0.0000000e+00
   3.3100000e+00   4.4242998e-01   0.0000000e+00
   3.3300000e+00   4.3904463e-01   0.0000000e+00
   3.3500000e+00   4.3797588e-01   0.0000000e+00
   3.3700000e+00   4.3690713e-01   0.0000000e+00
   3.3900000e+00   4.3583837e-01   0.0000000e+00
