   6.1000000e-01   9.8549190e-01   0.0000000e+00
   6.3000000e-01   9.7425927e-01   0.0000000e+00
   6.5000000e-01   9.5991493e-01   0.0000000e+00
   6.7000000e-01   9.4258959e-01   0.0000000e+00
   6.9000000e-01   9.2228327e-01   0.0000000e+00
   7.1000000e-01   9.0334271e-01   0.0000000e+00
   7.3000000e-01   8.8485943e-01   0.0000000e+00
   7.5000000e-01   8.6683341e-01   0.0000000e+00
   7.7000000e-01   8.5141825e-01   0.0000000e+00
   7.9000000e-01   8.3761797e-01   0.0000000e+00
   8.1000000e-01   8.2543256e-01   0.0000000e+00
   8.3000000e-01   8.1367626e-01   0.0000000e+00
   8.5000000e-01   8.0191997e-01   0.0000000e+00
   8.7000000e-01   7.9016367e-01   0.0000000e+00
   8.9000000e-01   7.7962631e-01   0.0000000e+00
   9.1000000e-01   7.7000517e-01   0.0000000e+00
   9.3000000e-01   7.6130024e-01   0.0000000e+00
   9.5000000e-01   7.5381896e-01   0.0000000e+00
   9.7000000e-01   7.4630952e-01   0.0000000e+00
   9.9000000e-01   7.3877192e-01   0.0000000e+00
   1.0100000e+00   7.3075627e-01   0.0000000e+00
   1.0300000e+00   7.2345166e-01   0.0000000e+00
   1.0500000e+00   7.1685809e-01   0.0000000e+00
   1.0700000e+00   7.1008820e-01   0.0000000e+00
   1.0900000e+00   7.0359086e-01   0.0000000e+00
   1.1100000e+00   6.9736606e-01   0.0000000e+00
   1.1300000e+00   6.9189825e-01   0.0000000e+00
   1.1500000e+00   6.8622159e-01   0.0000000e+00
   1.1700000e+00   6.8033607e-01   0.0000000e+00
   1.1900000e+00   6.7392354e-01   0.0000000e+00
   1.2100000e+00   6.6772356e-01   0.0000000e+00
   1.2300000e+00   6.6173612e-01   0.0000000e+00
   1.2500000e+00   6.5585797e-01   0.0000000e+00
   1.2700000e+00   6.4997983e-01   0.0000000e+00
   1.2900000e+00   6.4410168e-01   0.0000000e+00
   1.3100000e+00   6.3822353e-01   0.0000000e+00
   1.3300000e+00   6.3234538e-01   0.0000000e+00
   1.3500000e+00   6.2646724e-01   0.0000000e+00
   1.3700000e+00   6.2108189e-01   0.0000000e+00
   1.3900000e+00   6.1534120e-01   0.0000000e+00
   1.4100000e+00   6.0924515e-01   0.0000000e+00
   1.4300000e+00   6.0283263e-01   0.0000000e+00
   1.4500000e+00   5.9656291e-01   0.0000000e+00
   1.4700000e+00   5.9043600e-01   0.0000000e+00
   1.4900000e+00   5.8511838e-01   0.0000000e+00
   1.5100000e+00   5.8005487e-01   0.0000000e+00
   1.5300000e+00   5.7524547e-01   0.0000000e+00
   1.5500000e+00   5.7087993e-01   0.0000000e+00
   1.5700000e+00   5.6688685e-01   0.0000000e+00
   1.5900000e+00   5.6326621e-01   0.0000000e+00
   1.6100000e+00   5.6027048e-01   0.0000000e+00
   1.6300000e+00   5.5743667e-01   0.0000000e+00
   1.6500000e+00   5.5476478e-01   0.0000000e+00
   1.6700000e+00   5.5209290e-01   0.0000000e+00
   1.6900000e+00   5.4967680e-01   0.0000000e+00
   1.7100000e+00   5.4751649e-01   0.0000000e+00
   1.7300000e+00   5.4537898e-01   0.0000000e+00
   1.7500000e+00   5.4324147e-01   0.0000000e+00
   1.7700000e+00   5.4110397e-01   0.0000000e+00
   1.7900000e+00   5.3896646e-01   0.0000000e+00
   1.8100000e+00   5.3682895e-01   0.0000000e+00
   1.8300000e+00   5.3469144e-01   0.0000000e+00
   1.8500000e+00   5.3255393e-01   0.0000000e+00
   1.8700000e+00   5.3018511e-01   0.0000000e+00
   1.8900000e+00   5.2758497e-01   0.0000000e+00
   1.9100000e+00   5.2525905e-01   0.0000000e+00
   1.9300000e+00   5.2291269e-01   0.0000000e+00
   1.9500000e+00   5.2054588e-01   0.0000000e+00
   1.9700000e+00   5.1787400e-01   0.0000000e+00
   1.9900000e+00   5.1520211e-01   0.0000000e+00
   2.0100000e+00   5.1253023e-01   0.0000000e+00
   2.0300000e+00   5.1091903e-01   0.0000000e+00
   2.0500000e+00   5.0910503e-01   0.0000000e+00
   2.0700000e+00   5.0708822e-01   0.0000000e+00
   2.0900000e+00   5.0554475e-01   0.0000000e+00
   2.1100000e+00   5.0405828e-01   0.0000000e+00
   2.1300000e+00   5.0262882e-01   0.0000000e+00
   2.1500000e+00   5.0068238e-01   0.0000000e+00
   2.1700000e+00   4.9944197e-01   0.0000000e+00
   2.1900000e+00   4.9890759e-01   0.0000000e+00
   2.2100000e+00   4.9789181e-01   0.0000000e+00
   2.2300000e+00   4.9684955e-01   0.0000000e+00
   2.2500000e+00   4.9578079e-01   0.0000000e+00
   2.2700000e+00   4.9520818e-01   0.0000000e+00
   2.2900000e+00   4.9485617e-01   0.0000000e+00
   2.3100000e+00   4.9472477e-01   0.0000000e+00
   2.3300000e+00   4.9420513e-01   0.0000000e+00
   2.3500000e+00   4.9394531e-01   0.0000000e+00
   2.3700000e+00   4.9394531e-01   0.0000000e+00
   2.3900000e+00   4.9308040e-01   0.0000000e+00
   2.4100000e+00   4.9227147e-01   0.0000000e+00
   2.4300000e+00   4.9151850e-01   0.0000000e+00
   2.4500000e+00   4.9118325e-01   0.0000000e+00
   2.4700000e+00   4.9089193e-01   0.0000000e+00
   2.4900000e+00   4.9064455e-01   0.0000000e+00
   2.5100000e+00   4.8904142e-01   0.0000000e+00
   2.5300000e+00   4.8793846e-01   0.0000000e+00
   2.5500000e+00   4.8733568e-01   0.0000000e+00
   2.5700000e+00   4.8641779e-01   0.0000000e+00
   2.5900000e+00   4.8542447e-01   0.0000000e+00
   2.6100000e+00   4.8435572e-01   0.0000000e+00
   2.6300000e+00   4.8298661e-01   0.0000000e+00
   2.6500000e+00   4.8126681e-01   0.0000000e+00
   2.6700000e+00   4.7919633e-01   0.0000000e+00
   2.6900000e+00   4.7812758e-01   0.0000000e+00
   2.7100000e+00   4.7683321e-01   0.0000000e+00
   2.7300000e+00   4.7531323e-01   0.0000000e+00
   2.7500000e+00   4.7371010e-01   0.0000000e+00
   2.7700000e+00   4.7199802e-01   0.0000000e+00
   2.7900000e+00   4.7017699e-01   0.0000000e+00
   2.8100000e+00   4.6803948e-01   0.0000000e+00
   2.8300000e+00   4.6590197e-01   0.0000000e+00
   2.8500000e+00   4.6376446e-01   0.0000000e+00
   2.8700000e+00   4.6266485e-01   0.0000000e+00
   2.8900000e+00   4.6158066e-01   0.0000000e+00
   2.9100000e+00   4.6051191e-01   0.0000000e+00
   2.9300000e+00   4.5915754e-01   0.0000000e+00
   2.9500000e+00   4.5776326e-01   0.0000000e+00
   2.9700000e+00   4.5632908e-01   0.0000000e+00
   2.9900000e+00   4.5536490e-01   0.0000000e+00
   3.0100000e+00   4.5488281e-01   0.0000000e+00
   3.0300000e+00   4.5488281e-01   0.0000000e+00
   3.0500000e+00   4.5394281e-01   0.0000000e+00
   3.0700000e+00   4.5276177e-01   0.0000000e+00
   3.0900000e+00   4.5133968e-01   0.0000000e+00
   3.1100000e+00   4.4997322e-01   0.0000000e+00
   3.1300000e+00   4.4875561e-01   0.0000000e+00
   3.1500000e+00   4.4768686e-01   0.0000000e+00
   3.1700000e+00   4.4661810e-01   0.0000000e+00
   3.1900000e+00   4.4554935e-01   0.0000000e+00
   3.2100000e+00   4.4448060e-01   0.0000000e+00
   3.2300000e+00   4.4214868e-01   0.0000000e+00
   3.2500000e+00   4.4010336e-01   0.0000000e+00
   3.2700000e+00   4.3834465e-01   0.0000000e+00
   2.3100000e+00   8.3300062e-01   1.0000000e+00
   2.3300000e+00   8.3089260e-01   1.0000000e+00
   2.3500000e+00   8.2930421e-01   1.0000000e+00
   2.3700000e+00   8.2823545e-01   1.0000000e+00
   2.3900000e+00   8.2630179e-01   1.0000000e+00
   2.4100000e+00   8.2410831e-01   1.0000000e+00
   2.4300000e+00   8.2165501e-01   1.0000000e+00
   2.4500000e+00   8.1918225e-01   1.0000000e+00
   2.4700000e+00   8.1695958e-01   1.0000000e+00
   2.4900000e+00   8.1498699e-01   1.0000000e+00
   2.5100000e+00   8.1391824e-01   1.0000000e+00
   2.5300000e+00   8.1284948e-01   1.0000000e+00
   2.5500000e+00   8.1178073e-01   1.0000000e+00
   2.5700000e+00   8.1109548e-01   1.0000000e+00
   2.5900000e+00   8.1035225e-01   1.0000000e+00
   2.6100000e+00   8.0955103e-01   1.0000000e+00
   2.6300000e+00   8.0833210e-01   1.0000000e+00
   2.6500000e+00   8.0692106e-01   1.0000000e+00
   2.6700000e+00   8.0531793e-01   1.0000000e+00
   2.6900000e+00   8.0371480e-01   1.0000000e+00
   2.7100000e+00   8.0256290e-01   1.0000000e+00
   2.7300000e+00   8.0186222e-01   1.0000000e+00
   2.7500000e+00   8.0065872e-01   1.0000000e+00
   2.7700000e+00   7.9884684e-01   1.0000000e+00
   2.7900000e+00   7.9642660e-01   1.0000000e+00
   2.8100000e+00   7.9281955e-01   1.0000000e+00
   2.8300000e+00   7.8921251e-01   1.0000000e+00
   2.8500000e+00   7.8560546e-01   1.0000000e+00
   2.8700000e+00   7.8199842e-01   1.0000000e+00
   2.8900000e+00   7.7839137e-01   1.0000000e+00
   2.9100000e+00   7.7478433e-01   1.0000000e+00
   2.9300000e+00   7.7253396e-01   1.0000000e+00
   2.9500000e+00   7.7070545e-01   1.0000000e+00
   2.9700000e+00   7.6929879e-01   1.0000000e+00
