   6.1000000e-01   9.6303533e-01   0.0000000e+00
   6.3000000e-01   9.4920257e-01   0.0000000e+00
   6.5000000e-01   9.3115513e-01   0.0000000e+00
   6.7000000e-01   9.1037512e-01   0.0000000e+00
   6.9000000e-01   8.8686253e-01   0.0000000e+00
   7.1000000e-01   8.6517097e-01   0.0000000e+00
   7.3000000e-01   8.4397624e-01   0.0000000e+00
   7.5000000e-01   8.2327834e-01   0.0000000e+00
   7.7000000e-01   8.0541323e-01   0.0000000e+00
   7.9000000e-01   7.8921394e-01   0.0000000e+00
   8.1000000e-01   7.7468050e-01   0.0000000e+00
   8.3000000e-01   7.5971794e-01   0.0000000e+00
   8.5000000e-01   7.4606283e-01   0.0000000e+00
   8.7000000e-01   7.3371515e-01   0.0000000e+00
   8.9000000e-01   7.2223710e-01   0.0000000e+00
   9.1000000e-01   7.1204570e-01   0.0000000e+00
   9.3000000e-01   7.0314096e-01   0.0000000e+00
   9.5000000e-01   6.9654002e-01   0.0000000e+00
   9.7000000e-01   6.9032863e-01   0.0000000e+00
   9.9000000e-01   6.8450680e-01   0.0000000e+00
   1.0100000e+00   6.7916303e-01   0.0000000e+00
   1.0300000e+00   6.7429329e-01   0.0000000e+00
   1.0500000e+00   6.6989758e-01   0.0000000e+00
   1.0700000e+00   6.6526520e-01   0.0000000e+00
   1.0900000e+00   6.6090536e-01   0.0000000e+00
   1.1100000e+00   6.5681807e-01   0.0000000e+00
   1.1300000e+00   6.5323970e-01   0.0000000e+00
   1.1500000e+00   6.4905319e-01   0.0000000e+00
   1.1700000e+00   6.4425854e-01   0.0000000e+00
   1.1900000e+00   6.4051790e-01   0.0000000e+00
   1.2100000e+00   6.3698980e-01   0.0000000e+00
   1.2300000e+00   6.3367425e-01   0.0000000e+00
   1.2500000e+00   6.3046799e-01   0.0000000e+00
   1.2700000e+00   6.2726172e-01   0.0000000e+00
   1.2900000e+00   6.2405546e-01   0.0000000e+00
   1.3100000e+00   6.2077411e-01   0.0000000e+00
   1.3300000e+00   6.1726311e-01   0.0000000e+00
   1.3500000e+00   6.1352247e-01   0.0000000e+00
   1.3700000e+00   6.0978183e-01   0.0000000e+00
   1.3900000e+00   6.0622926e-01   0.0000000e+00
   1.4100000e+00   6.0286476e-01   0.0000000e+00
   1.4300000e+00   5.9913956e-01   0.0000000e+00
   1.4500000e+00   5.9521085e-01   0.0000000e+00
   1.4700000e+00   5.9107864e-01   0.0000000e+00
   1.4900000e+00   5.8733800e-01   0.0000000e+00
   1.5100000e+00   5.8359736e-01   0.0000000e+00
   1.5300000e+00   5.7985672e-01   0.0000000e+00
   1.5500000e+00   5.7655994e-01   0.0000000e+00
   1.5700000e+00   5.7314482e-01   0.0000000e+00
   1.5900000e+00   5.6961137e-01   0.0000000e+00
   1.6100000e+00   5.6587073e-01   0.0000000e+00
   1.6300000e+00   5.6217702e-01   0.0000000e+00
   1.6500000e+00   5.5853024e-01   0.0000000e+00
   1.6700000e+00   5.5532398e-01   0.0000000e+00
   1.6900000e+00   5.5211772e-01   0.0000000e+00
   1.7100000e+00   5.4891145e-01   0.0000000e+00
   1.7300000e+00   5.4610010e-01   0.0000000e+00
   1.7500000e+00   5.4321936e-01   0.0000000e+00
   1.7700000e+00   5.4026923e-01   0.0000000e+00
   1.7900000e+00   5.3722455e-01   0.0000000e+00
   1.8100000e+00   5.3438872e-01   0.0000000e+00
   1.8300000e+00   5.3176175e-01   0.0000000e+00
   1.8500000e+00   5.2962425e-01   0.0000000e+00
   1.8700000e+00   5.2748674e-01   0.0000000e+00
   1.8900000e+00   5.2534923e-01   0.0000000e+00
   1.9100000e+00   5.2321172e-01   0.0000000e+00
   1.9300000e+00   5.2095956e-01   0.0000000e+00
   1.9500000e+00   5.1859276e-01   0.0000000e+00
   1.9700000e+00   5.1603351e-01   0.0000000e+00
   1.9900000e+00   5.1368513e-01   0.0000000e+00
   2.0100000e+00   5.1154762e-01   0.0000000e+00
   2.0300000e+00   5.0994046e-01   0.0000000e+00
   2.0500000e+00   5.0833531e-01   0.0000000e+00
   2.0700000e+00   5.0673218e-01   0.0000000e+00
   2.0900000e+00   5.0453501e-01   0.0000000e+00
   2.1100000e+00   5.0228084e-01   0.0000000e+00
   2.1300000e+00   4.9996966e-01   0.0000000e+00
   2.1500000e+00   4.9823915e-01   0.0000000e+00
   2.1700000e+00   4.9603796e-01   0.0000000e+00
   2.1900000e+00   4.9336607e-01   0.0000000e+00
   2.2100000e+00   4.9117559e-01   0.0000000e+00
   2.2300000e+00   4.8901159e-01   0.0000000e+00
   2.2500000e+00   4.8687408e-01   0.0000000e+00
   2.2700000e+00   4.8498465e-01   0.0000000e+00
   2.2900000e+00   4.8317266e-01   0.0000000e+00
   2.3100000e+00   4.8143812e-01   0.0000000e+00
   2.3300000e+00   4.7931535e-01   0.0000000e+00
   2.3500000e+00   4.7745241e-01   0.0000000e+00
   2.3700000e+00   4.7584927e-01   0.0000000e+00
   2.3900000e+00   4.7424614e-01   0.0000000e+00
   2.4100000e+00   4.7264301e-01   0.0000000e+00
   2.4300000e+00   4.7103988e-01   0.0000000e+00
   2.4500000e+00   4.6943675e-01   0.0000000e+00
   2.4700000e+00   4.6783362e-01   0.0000000e+00
   2.4900000e+00   4.6623049e-01   0.0000000e+00
   2.5100000e+00   4.6462736e-01   0.0000000e+00
   2.5300000e+00   4.6327431e-01   0.0000000e+00
   2.5500000e+00   4.6217136e-01   0.0000000e+00
   2.5700000e+00   4.6110260e-01   0.0000000e+00
   2.5900000e+00   4.5990042e-01   0.0000000e+00
   2.6100000e+00   4.5856483e-01   0.0000000e+00
   2.6300000e+00   4.5726205e-01   0.0000000e+00
   2.6500000e+00   4.5632672e-01   0.0000000e+00
   2.6700000e+00   4.5575883e-01   0.0000000e+00
   2.6900000e+00   4.5469008e-01   0.0000000e+00
   2.7100000e+00   4.5384694e-01   0.0000000e+00
   2.7300000e+00   4.5322941e-01   0.0000000e+00
   2.7500000e+00   4.5236047e-01   0.0000000e+00
   2.7700000e+00   4.5160952e-01   0.0000000e+00
   2.7900000e+00   4.5097656e-01   0.0000000e+00
   2.8100000e+00   4.5077410e-01   0.0000000e+00
   2.8300000e+00   4.5013849e-01   0.0000000e+00
   2.8500000e+00   4.4906973e-01   0.0000000e+00
   2.8700000e+00   4.4851992e-01   0.0000000e+00
   2.8900000e+00   4.4817897e-01   0.0000000e+00
   2.9100000e+00   4.4804688e-01   0.0000000e+00
   2.9300000e+00   4.4776126e-01   0.0000000e+00
   2.9500000e+00   4.4743574e-01   0.0000000e+00
   2.9700000e+00   4.4707031e-01   0.0000000e+00
   2.9900000e+00   4.4701803e-01   0.0000000e+00
   3.0100000e+00   4.4672469e-01   0.0000000e+00
   3.0300000e+00   4.4619032e-01   0.0000000e+00
   3.0500000e+00   4.4612594e-01   0.0000000e+00
   3.0700000e+00   4.4591708e-01   0.0000000e+00
   3.0900000e+00   4.4556375e-01   0.0000000e+00
   3.1100000e+00   4.4526604e-01   0.0000000e+00
   3.1300000e+00   4.4505719e-01   0.0000000e+00
   3.1500000e+00   4.4493718e-01   0.0000000e+00
   3.1700000e+00   4.4440280e-01   0.0000000e+00
   3.1900000e+00   4.4386842e-01   0.0000000e+00
   3.2100000e+00   4.4333405e-01   0.0000000e+00
   3.2300000e+00   4.4322072e-01   0.0000000e+00
   3.2500000e+00   4.4270748e-01   0.0000000e+00
   3.2700000e+00   4.4179431e-01   0.0000000e+00
   3.2900000e+00   4.4056663e-01   0.0000000e+00
   3.3100000e+00   4.3965007e-01   0.0000000e+00
   3.3300000e+00   4.3904463e-01   0.0000000e+00
   3.3500000e+00   4.3797588e-01   0.0000000e+00
   3.3700000e+00   4.3690713e-01   0.0000000e+00
   3.3900000e+00   4.3583837e-01   0.0000000e+00
   3.4100000e+00   4.3439751e-01   0.0000000e+00
   3.4300000e+00   4.3300323e-01   0.0000000e+00
   3.4500000e+00   4.3165555e-01   0.0000000e+00
   3.4700000e+00   4.3072557e-01   0.0000000e+00
   3.4900000e+00   4.2997128e-01   0.0000000e+00
   3.5100000e+00   4.2939268e-01   0.0000000e+00
   3.5300000e+00   4.2778955e-01   0.0000000e+00
   3.5500000e+00   4.2618641e-01   0.0000000e+00
   3.5700000e+00   4.2458328e-01   0.0000000e+00
   3.5900000e+00   4.2394964e-01   0.0000000e+00
   3.6100000e+00   4.2342632e-01   0.0000000e+00
   3.6300000e+00   4.2301332e-01   0.0000000e+00
   3.6500000e+00   4.2194457e-01   0.0000000e+00
   3.6700000e+00   4.2087581e-01   0.0000000e+00
   3.6900000e+00   4.1980706e-01   0.0000000e+00
   3.7100000e+00   4.1924585e-01   0.0000000e+00
   3.7300000e+00   4.1850262e-01   0.0000000e+00
   3.7500000e+00   4.1757736e-01   0.0000000e+00
   2.0100000e+00   7.8400856e-01   1.0000000e+00
   2.0300000e+00   7.8028001e-01   1.0000000e+00
   2.0500000e+00   7.7654541e-01   1.0000000e+00
   2.0700000e+00   7.7280477e-01   1.0000000e+00
   2.0900000e+00   7.6906413e-01   1.0000000e+00
   2.1100000e+00   7.6532349e-01   1.0000000e+00
   2.1300000e+00   7.6158286e-01   1.0000000e+00
   2.1500000e+00   7.5790590e-01   1.0000000e+00
   2.1700000e+00   7.5446430e-01   1.0000000e+00
   2.1900000e+00   7.5125804e-01   1.0000000e+00
   2.2100000e+00   7.4901458e-01   1.0000000e+00
   2.2300000e+00   7.4664172e-01   1.0000000e+00
   2.2500000e+00   7.4413948e-01   1.0000000e+00
   2.2700000e+00   7.4196374e-01   1.0000000e+00
   2.2900000e+00   7.4000860e-01   1.0000000e+00
   2.3100000e+00   7.3827406e-01   1.0000000e+00
   2.3300000e+00   7.3613655e-01   1.0000000e+00
   2.3500000e+00   7.3399904e-01   1.0000000e+00
   2.3700000e+00   7.3186153e-01   1.0000000e+00
   2.3900000e+00   7.3015648e-01   1.0000000e+00
   2.4100000e+00   7.2850239e-01   1.0000000e+00
   2.4300000e+00   7.2689926e-01   1.0000000e+00
   2.4500000e+00   7.2509700e-01   1.0000000e+00
   2.4700000e+00   7.2312712e-01   1.0000000e+00
   2.4900000e+00   7.2098961e-01   1.0000000e+00
   2.5100000e+00   7.1885210e-01   1.0000000e+00
   2.5300000e+00   7.1721477e-01   1.0000000e+00
   2.5500000e+00   7.1607760e-01   1.0000000e+00
   2.5700000e+00   7.1424183e-01   1.0000000e+00
   2.5900000e+00   7.1225519e-01   1.0000000e+00
   2.6100000e+00   7.1011769e-01   1.0000000e+00
   2.6300000e+00   7.0767982e-01   1.0000000e+00
   2.6500000e+00   7.0485775e-01   1.0000000e+00
   2.6700000e+00   7.0165149e-01   1.0000000e+00
   2.6900000e+00   6.9844523e-01   1.0000000e+00
   2.7100000e+00   6.9569019e-01   1.0000000e+00
   2.7300000e+00   6.9338639e-01   1.0000000e+00
