   6.1000000e-01   9.8864754e-01   0.0000000e+00
   6.3000000e-01   9.7672633e-01   0.0000000e+00
   6.5000000e-01   9.6127569e-01   0.0000000e+00
   6.7000000e-01   9.4259564e-01   0.0000000e+00
   6.9000000e-01   9.2068618e-01   0.0000000e+00
   7.1000000e-01   9.0150826e-01   0.0000000e+00
   7.3000000e-01   8.8307560e-01   0.0000000e+00
   7.5000000e-01   8.6538818e-01   0.0000000e+00
   7.7000000e-01   8.5050739e-01   0.0000000e+00
   7.9000000e-01   8.3708359e-01   0.0000000e+00
   8.1000000e-01   8.2511677e-01   0.0000000e+00
   8.3000000e-01   8.1229172e-01   0.0000000e+00
   8.5000000e-01   8.0025113e-01   0.0000000e+00
   8.7000000e-01   7.8899501e-01   0.0000000e+00
   8.9000000e-01   7.7817941e-01   0.0000000e+00
   9.1000000e-01   7.6771748e-01   0.0000000e+00
   9.3000000e-01   7.5760923e-01   0.0000000e+00
   9.5000000e-01   7.4816343e-01   0.0000000e+00
   9.7000000e-01   7.3898279e-01   0.0000000e+00
   9.9000000e-01   7.3006734e-01   0.0000000e+00
   1.0100000e+00   7.2258606e-01   0.0000000e+00
   1.0300000e+00   7.1297165e-01   0.0000000e+00
   1.0500000e+00   7.0122410e-01   0.0000000e+00
   1.0700000e+00   6.9143498e-01   0.0000000e+00
   1.0900000e+00   6.8238576e-01   0.0000000e+00
   1.1100000e+00   6.7407643e-01   0.0000000e+00
   1.1300000e+00   6.6655692e-01   0.0000000e+00
   1.1500000e+00   6.5986914e-01   0.0000000e+00
   1.1700000e+00   6.5401311e-01   0.0000000e+00
   1.1900000e+00   6.4973809e-01   0.0000000e+00
   1.2100000e+00   6.4503799e-01   0.0000000e+00
   1.2300000e+00   6.3991281e-01   0.0000000e+00
   1.2500000e+00   6.3426062e-01   0.0000000e+00
   1.2700000e+00   6.2839957e-01   0.0000000e+00
   1.2900000e+00   6.2232967e-01   0.0000000e+00
   1.3100000e+00   6.1591715e-01   0.0000000e+00
   1.3300000e+00   6.0950462e-01   0.0000000e+00
   1.3500000e+00   6.0309210e-01   0.0000000e+00
   1.3700000e+00   5.9766518e-01   0.0000000e+00
   1.3900000e+00   5.9284404e-01   0.0000000e+00
   1.4100000e+00   5.8862868e-01   0.0000000e+00
   1.4300000e+00   5.8462857e-01   0.0000000e+00
   1.4500000e+00   5.8049101e-01   0.0000000e+00
   1.4700000e+00   5.7621599e-01   0.0000000e+00
   1.4900000e+00   5.7196712e-01   0.0000000e+00
   1.5100000e+00   5.6797236e-01   0.0000000e+00
   1.5300000e+00   5.6423172e-01   0.0000000e+00
   1.5500000e+00   5.6093494e-01   0.0000000e+00
   1.5700000e+00   5.5751982e-01   0.0000000e+00
   1.5900000e+00   5.5398637e-01   0.0000000e+00
   1.6100000e+00   5.5066678e-01   0.0000000e+00
   1.6300000e+00   5.4771798e-01   0.0000000e+00
   1.6500000e+00   5.4513995e-01   0.0000000e+00
   1.6700000e+00   5.4300244e-01   0.0000000e+00
   1.6900000e+00   5.4086494e-01   0.0000000e+00
   1.7100000e+00   5.3872743e-01   0.0000000e+00
   1.7300000e+00   5.3580010e-01   0.0000000e+00
   1.7500000e+00   5.3301155e-01   0.0000000e+00
   1.7700000e+00   5.3036178e-01   0.0000000e+00
   1.7900000e+00   5.2838585e-01   0.0000000e+00
   1.8100000e+00   5.2652895e-01   0.0000000e+00
   1.8300000e+00   5.2479107e-01   0.0000000e+00
   1.8500000e+00   5.2158481e-01   0.0000000e+00
   1.8700000e+00   5.1884117e-01   0.0000000e+00
   1.8900000e+00   5.1656017e-01   0.0000000e+00
   1.9100000e+00   5.1442266e-01   0.0000000e+00
   1.9300000e+00   5.1228515e-01   0.0000000e+00
   1.9500000e+00   5.1014764e-01   0.0000000e+00
   1.9700000e+00   5.0801013e-01   0.0000000e+00
   1.9900000e+00   5.0587263e-01   0.0000000e+00
   2.0100000e+00   5.0373512e-01   0.0000000e+00
   2.0300000e+00   5.0159761e-01   0.0000000e+00
   2.0500000e+00   4.9966694e-01   0.0000000e+00
   2.0700000e+00   4.9794312e-01   0.0000000e+00
   2.0900000e+00   4.9693402e-01   0.0000000e+00
   2.1100000e+00   4.9625246e-01   0.0000000e+00
   2.1300000e+00   4.9589844e-01   0.0000000e+00
   2.1500000e+00   4.9602581e-01   0.0000000e+00
   2.1700000e+00   4.9662388e-01   0.0000000e+00
   2.1900000e+00   4.9769263e-01   0.0000000e+00
   2.2100000e+00   4.9827999e-01   0.0000000e+00
   2.2300000e+00   4.9884085e-01   0.0000000e+00
   2.2500000e+00   4.9937523e-01   0.0000000e+00
   2.2700000e+00   4.9966153e-01   0.0000000e+00
   2.2900000e+00   4.9980469e-01   0.0000000e+00
   2.3100000e+00   4.9980469e-01   0.0000000e+00
   2.3300000e+00   4.9981943e-01   0.0000000e+00
   2.3500000e+00   5.0009399e-01   0.0000000e+00
   2.3700000e+00   5.0062837e-01   0.0000000e+00
   2.3900000e+00   5.0073029e-01   0.0000000e+00
   2.4100000e+00   5.0078125e-01   0.0000000e+00
   2.4300000e+00   5.0078125e-01   0.0000000e+00
   2.4500000e+00   5.0058212e-01   0.0000000e+00
   2.4700000e+00   5.0017414e-01   0.0000000e+00
   2.4900000e+00   4.9955731e-01   0.0000000e+00
   2.5100000e+00   4.9848855e-01   0.0000000e+00
   2.5300000e+00   4.9741980e-01   0.0000000e+00
   2.5500000e+00   4.9635104e-01   0.0000000e+00
   2.5700000e+00   4.9489878e-01   0.0000000e+00
   2.5900000e+00   4.9350451e-01   0.0000000e+00
   2.6100000e+00   4.9216822e-01   0.0000000e+00
   2.6300000e+00   4.9079911e-01   0.0000000e+00
   2.6500000e+00   4.8906255e-01   0.0000000e+00
   2.6700000e+00   4.8695856e-01   0.0000000e+00
   2.6900000e+00   4.8535543e-01   0.0000000e+00
   2.7100000e+00   4.8375230e-01   0.0000000e+00
   2.7300000e+00   4.8214917e-01   0.0000000e+00
   2.7500000e+00   4.8088060e-01   0.0000000e+00
   2.7700000e+00   4.7971194e-01   0.0000000e+00
   2.7900000e+00   4.7864318e-01   0.0000000e+00
   2.8100000e+00   4.7757443e-01   0.0000000e+00
   2.8300000e+00   4.7650567e-01   0.0000000e+00
   2.8500000e+00   4.7543692e-01   0.0000000e+00
   2.8700000e+00   4.7384922e-01   0.0000000e+00
   2.8900000e+00   4.7265608e-01   0.0000000e+00
   2.9100000e+00   4.7185752e-01   0.0000000e+00
   2.9300000e+00   4.7046629e-01   0.0000000e+00
   2.9500000e+00   4.6887087e-01   0.0000000e+00
   2.9700000e+00   4.6707127e-01   0.0000000e+00
   2.9900000e+00   4.6600252e-01   0.0000000e+00
   3.0100000e+00   4.6493376e-01   0.0000000e+00
   3.0300000e+00   4.6386501e-01   0.0000000e+00
   3.0500000e+00   4.6185625e-01   0.0000000e+00
   3.0700000e+00   4.6031313e-01   0.0000000e+00
   3.0900000e+00   4.5923562e-01   0.0000000e+00
   3.1100000e+00   4.5822790e-01   0.0000000e+00
   3.1300000e+00   4.5698248e-01   0.0000000e+00
   3.1500000e+00   4.5549936e-01   0.0000000e+00
   3.1700000e+00   4.5443060e-01   0.0000000e+00
   3.1900000e+00   4.5336185e-01   0.0000000e+00
   3.2100000e+00   4.5229310e-01   0.0000000e+00
   3.2300000e+00   4.5122434e-01   0.0000000e+00
   3.2500000e+00   4.5015559e-01   0.0000000e+00
   3.2700000e+00   4.4908683e-01   0.0000000e+00
   3.2900000e+00   4.4820580e-01   0.0000000e+00
   3.3100000e+00   4.4742704e-01   0.0000000e+00
   3.3300000e+00   4.4675054e-01   0.0000000e+00
   3.3500000e+00   4.4514741e-01   0.0000000e+00
   3.3700000e+00   4.4378867e-01   0.0000000e+00
   3.3900000e+00   4.4267431e-01   0.0000000e+00
   3.4100000e+00   4.4048923e-01   0.0000000e+00
