   6.0000000e-01   9.7320929e-01   0.0000000e+00
   6.2000000e-01   9.5708480e-01   0.0000000e+00
   6.4000000e-01   9.3866290e-01   0.0000000e+00
   6.6000000e-01   9.1794358e-01   0.0000000e+00
   6.8000000e-01   8.9175910e-01   0.0000000e+00
   7.0000000e-01   8.6739566e-01   0.0000000e+00
   7.2000000e-01   8.4485324e-01   0.0000000e+00
   7.4000000e-01   8.2429815e-01   0.0000000e+00
   7.6000000e-01   8.0546620e-01   0.0000000e+00
   7.8000000e-01   7.8835739e-01   0.0000000e+00
   8.0000000e-01   7.7457691e-01   0.0000000e+00
   8.2000000e-01   7.5993820e-01   0.0000000e+00
   8.4000000e-01   7.4444127e-01   0.0000000e+00
   8.6000000e-01   7.3260516e-01   0.0000000e+00
   8.8000000e-01   7.2121528e-01   0.0000000e+00
   9.0000000e-01   7.1027160e-01   0.0000000e+00
   9.2000000e-01   7.0190123e-01   0.0000000e+00
   9.4000000e-01   6.9468277e-01   0.0000000e+00
   9.6000000e-01   6.8861621e-01   0.0000000e+00
   9.8000000e-01   6.8338507e-01   0.0000000e+00
   1.0000000e+00   6.7863200e-01   0.0000000e+00
   1.0200000e+00   6.7435698e-01   0.0000000e+00
   1.0400000e+00   6.6960794e-01   0.0000000e+00
   1.0600000e+00   6.6536476e-01   0.0000000e+00
   1.0800000e+00   6.6162747e-01   0.0000000e+00
   1.1000000e+00   6.5818050e-01   0.0000000e+00
   1.1200000e+00   6.5452468e-01   0.0000000e+00
   1.1400000e+00   6.5066001e-01   0.0000000e+00
   1.1600000e+00   6.4639973e-01   0.0000000e+00
   1.1800000e+00   6.4266647e-01   0.0000000e+00
   1.2000000e+00   6.3946020e-01   0.0000000e+00
   1.2200000e+00   6.3625394e-01   0.0000000e+00
   1.2400000e+00   6.3289347e-01   0.0000000e+00
   1.2600000e+00   6.2937879e-01   0.0000000e+00
   1.2800000e+00   6.2563815e-01   0.0000000e+00
   1.3000000e+00   6.2189751e-01   0.0000000e+00
   1.3200000e+00   6.1815687e-01   0.0000000e+00
   1.3400000e+00   6.1441623e-01   0.0000000e+00
   1.3600000e+00   6.1092199e-01   0.0000000e+00
   1.3800000e+00   6.0767416e-01   0.0000000e+00
   1.4000000e+00   6.0484403e-01   0.0000000e+00
   1.4200000e+00   6.0209303e-01   0.0000000e+00
   1.4400000e+00   5.9942114e-01   0.0000000e+00
   1.4600000e+00   5.9632083e-01   0.0000000e+00
   1.4800000e+00   5.9265931e-01   0.0000000e+00
   1.5000000e+00   5.8843658e-01   0.0000000e+00
   1.5200000e+00   5.8523032e-01   0.0000000e+00
   1.5400000e+00   5.8202406e-01   0.0000000e+00
   1.5600000e+00   5.7881780e-01   0.0000000e+00
   1.5800000e+00   5.7561153e-01   0.0000000e+00
   1.6000000e+00   5.7240527e-01   0.0000000e+00
   1.6200000e+00   5.6919901e-01   0.0000000e+00
   1.6400000e+00   5.6599275e-01   0.0000000e+00
   1.6600000e+00   5.6278648e-01   0.0000000e+00
   1.6800000e+00   5.5958022e-01   0.0000000e+00
   1.7000000e+00   5.5637396e-01   0.0000000e+00
   1.7200000e+00   5.5336515e-01   0.0000000e+00
   1.7400000e+00   5.5055380e-01   0.0000000e+00
   1.7600000e+00   5.4788192e-01   0.0000000e+00
   1.7800000e+00   5.4521003e-01   0.0000000e+00
   1.8000000e+00   5.4253814e-01   0.0000000e+00
   1.8200000e+00   5.3991118e-01   0.0000000e+00
   1.8400000e+00   5.3752894e-01   0.0000000e+00
   1.8600000e+00   5.3539143e-01   0.0000000e+00
   1.8800000e+00   5.3325392e-01   0.0000000e+00
   1.9000000e+00   5.3111641e-01   0.0000000e+00
   1.9200000e+00   5.2897890e-01   0.0000000e+00
   1.9400000e+00   5.2730000e-01   0.0000000e+00
   1.9600000e+00   5.2586985e-01   0.0000000e+00
   1.9800000e+00   5.2468846e-01   0.0000000e+00
   2.0000000e+00   5.2308533e-01   0.0000000e+00
   2.0200000e+00   5.2148219e-01   0.0000000e+00
   2.0400000e+00   5.1987906e-01   0.0000000e+00
   2.0600000e+00   5.1827593e-01   0.0000000e+00
   2.0800000e+00   5.1682131e-01   0.0000000e+00
   2.1000000e+00   5.1551520e-01   0.0000000e+00
   2.1200000e+00   5.1462680e-01   0.0000000e+00
   2.1400000e+00   5.1388356e-01   0.0000000e+00
   2.1600000e+00   5.1328550e-01   0.0000000e+00
   2.1800000e+00   5.1221674e-01   0.0000000e+00
   2.2000000e+00   5.1114799e-01   0.0000000e+00
   2.2200000e+00   5.1007923e-01   0.0000000e+00
   2.2400000e+00   5.0937522e-01   0.0000000e+00
   2.2600000e+00   5.0875602e-01   0.0000000e+00
   2.2800000e+00   5.0822164e-01   0.0000000e+00
   2.3000000e+00   5.0768727e-01   0.0000000e+00
   2.3200000e+00   5.0715289e-01   0.0000000e+00
   2.3400000e+00   5.0661851e-01   0.0000000e+00
   2.3600000e+00   5.0608413e-01   0.0000000e+00
   2.3800000e+00   5.0533353e-01   0.0000000e+00
   2.4000000e+00   5.0436670e-01   0.0000000e+00
   2.4200000e+00   5.0361373e-01   0.0000000e+00
   2.4400000e+00   5.0287050e-01   0.0000000e+00
   2.4600000e+00   5.0213700e-01   0.0000000e+00
   2.4800000e+00   5.0115071e-01   0.0000000e+00
   2.5000000e+00   5.0039037e-01   0.0000000e+00
   2.5200000e+00   4.9985599e-01   0.0000000e+00
   2.5400000e+00   4.9932162e-01   0.0000000e+00
   2.5600000e+00   4.9897899e-01   0.0000000e+00
   2.5800000e+00   4.9882813e-01   0.0000000e+00
   2.6000000e+00   4.9936181e-01   0.0000000e+00
   2.0000000e+00   7.6624939e-01   1.0000000e+00
   2.0200000e+00   7.6385074e-01   1.0000000e+00
   2.0400000e+00   7.6065657e-01   1.0000000e+00
   2.0600000e+00   7.5869135e-01   1.0000000e+00
   2.0800000e+00   7.5661016e-01   1.0000000e+00
   2.1000000e+00   7.5441299e-01   1.0000000e+00
   2.1200000e+00   7.5210181e-01   1.0000000e+00
   2.1400000e+00   7.5014466e-01   1.0000000e+00
   2.1600000e+00   7.4854153e-01   1.0000000e+00
   2.1800000e+00   7.4693840e-01   1.0000000e+00
   2.2000000e+00   7.4485386e-01   1.0000000e+00
   2.2200000e+00   7.4228793e-01   1.0000000e+00
   2.2400000e+00   7.3998078e-01   1.0000000e+00
   2.2600000e+00   7.3775845e-01   1.0000000e+00
   2.2800000e+00   7.3562094e-01   1.0000000e+00
   2.3000000e+00   7.3348344e-01   1.0000000e+00
   2.3200000e+00   7.3135330e-01   1.0000000e+00
   2.3400000e+00   7.2923053e-01   1.0000000e+00
   2.3600000e+00   7.2762740e-01   1.0000000e+00
   2.3800000e+00   7.2580805e-01   1.0000000e+00
   2.4000000e+00   7.2377246e-01   1.0000000e+00
   2.4200000e+00   7.2163495e-01   1.0000000e+00
   2.4400000e+00   7.1959701e-01   1.0000000e+00
   2.4600000e+00   7.1765862e-01   1.0000000e+00
   2.4800000e+00   7.1597303e-01   1.0000000e+00
   2.5000000e+00   7.1406148e-01   1.0000000e+00
   2.5200000e+00   7.1192397e-01   1.0000000e+00
   2.5400000e+00   7.0978646e-01   1.0000000e+00
   2.5600000e+00   7.0745720e-01   1.0000000e+00
   2.5800000e+00   7.0493618e-01   1.0000000e+00
   2.6000000e+00   7.0279799e-01   1.0000000e+00
   2.6200000e+00   7.0100241e-01   1.0000000e+00
   2.6400000e+00   6.9954946e-01   1.0000000e+00
   2.6600000e+00   6.9851422e-01   1.0000000e+00
   2.6800000e+00   6.9772941e-01   1.0000000e+00
   2.7000000e+00   6.9719504e-01   1.0000000e+00
   2.7200000e+00   6.9620943e-01   1.0000000e+00
   2.7400000e+00   6.9534954e-01   1.0000000e+00
   2.7600000e+00   6.9461534e-01   1.0000000e+00
   2.7800000e+00   6.9364517e-01   1.0000000e+00
   2.8000000e+00   6.9235852e-01   1.0000000e+00
   2.8200000e+00   6.9075539e-01   1.0000000e+00
   2.8400000e+00   6.8915226e-01   1.0000000e+00
   2.8600000e+00   6.8703018e-01   1.0000000e+00
   2.8800000e+00   6.8438916e-01   1.0000000e+00
   2.9000000e+00   6.8171727e-01   1.0000000e+00
   2.9200000e+00   6.7890258e-01   1.0000000e+00
   2.9400000e+00   6.7594508e-01   1.0000000e+00
   2.9600000e+00   6.7290777e-01   1.0000000e+00
   2.9800000e+00   6.7002702e-01   1.0000000e+00
   3.0000000e+00   6.6730285e-01   1.0000000e+00
   3.0200000e+00   6.6409659e-01   1.0000000e+00
   3.0400000e+00   6.6136033e-01   1.0000000e+00
   3.0600000e+00   6.5909407e-01   1.0000000e+00
   3.0800000e+00   6.5660322e-01   1.0000000e+00
   3.1000000e+00   6.5414019e-01   1.0000000e+00
   3.1200000e+00   6.5170498e-01   1.0000000e+00
   3.1400000e+00   6.4968748e-01   1.0000000e+00
   3.1600000e+00   6.4787716e-01   1.0000000e+00
   3.1800000e+00   6.4627403e-01   1.0000000e+00
   3.2000000e+00   6.4467090e-01   1.0000000e+00
