   6.0000000e-01   9.7256768e-01   0.0000000e+00
   6.2000000e-01   9.4851000e-01   0.0000000e+00
   6.4000000e-01   9.2300910e-01   0.0000000e+00
   6.6000000e-01   8.9606498e-01   0.0000000e+00
   6.8000000e-01   8.6613987e-01   0.0000000e+00
   7.0000000e-01   8.4145021e-01   0.0000000e+00
   7.2000000e-01   8.2199602e-01   0.0000000e+00
   7.4000000e-01   8.0165283e-01   0.0000000e+00
   7.6000000e-01   7.8230194e-01   0.0000000e+00
   7.8000000e-01   7.6394332e-01   0.0000000e+00
   8.0000000e-01   7.5026811e-01   0.0000000e+00
   8.2000000e-01   7.3594922e-01   0.0000000e+00
   8.4000000e-01   7.2098666e-01   0.0000000e+00
   8.6000000e-01   7.1073089e-01   0.0000000e+00
   8.8000000e-01   7.0174535e-01   0.0000000e+00
   9.0000000e-01   6.9403006e-01   0.0000000e+00
   9.2000000e-01   6.8708316e-01   0.0000000e+00
   9.4000000e-01   6.8030924e-01   0.0000000e+00
   9.6000000e-01   6.7370830e-01   0.0000000e+00
   9.8000000e-01   6.6771752e-01   0.0000000e+00
   1.0000000e+00   6.6124868e-01   0.0000000e+00
   1.0200000e+00   6.5430177e-01   0.0000000e+00
   1.0400000e+00   6.4830293e-01   0.0000000e+00
   1.0600000e+00   6.4290048e-01   0.0000000e+00
   1.0800000e+00   6.3809443e-01   0.0000000e+00
   1.1000000e+00   6.3285661e-01   0.0000000e+00
   1.1200000e+00   6.2715548e-01   0.0000000e+00
   1.1400000e+00   6.2099103e-01   0.0000000e+00
   1.1600000e+00   6.1565463e-01   0.0000000e+00
   1.1800000e+00   6.1058173e-01   0.0000000e+00
   1.2000000e+00   6.0577234e-01   0.0000000e+00
   1.2200000e+00   6.0053786e-01   0.0000000e+00
   1.2400000e+00   5.9540295e-01   0.0000000e+00
   1.2600000e+00   5.9036759e-01   0.0000000e+00
   1.2800000e+00   5.8555820e-01   0.0000000e+00
   1.3000000e+00   5.8078635e-01   0.0000000e+00
   1.3200000e+00   5.7605205e-01   0.0000000e+00
   1.3400000e+00   5.7177703e-01   0.0000000e+00
   1.3600000e+00   5.6750202e-01   0.0000000e+00
   1.3800000e+00   5.6322700e-01   0.0000000e+00
   1.4000000e+00   5.5932812e-01   0.0000000e+00
   1.4200000e+00   5.5576784e-01   0.0000000e+00
   1.4400000e+00   5.5254614e-01   0.0000000e+00
   1.4600000e+00   5.4958864e-01   0.0000000e+00
   1.4800000e+00   5.4625264e-01   0.0000000e+00
   1.5000000e+00   5.4253814e-01   0.0000000e+00
   1.5200000e+00   5.3933188e-01   0.0000000e+00
   1.5400000e+00   5.3656948e-01   0.0000000e+00
   1.5600000e+00   5.3425093e-01   0.0000000e+00
   1.5800000e+00   5.3178623e-01   0.0000000e+00
   1.6000000e+00   5.2932320e-01   0.0000000e+00
   1.6200000e+00   5.2686184e-01   0.0000000e+00
   1.6400000e+00   5.2472433e-01   0.0000000e+00
   1.6600000e+00   5.2258682e-01   0.0000000e+00
   1.6800000e+00   5.2044931e-01   0.0000000e+00
   1.7000000e+00   5.1780023e-01   0.0000000e+00
   1.7200000e+00   5.1553466e-01   0.0000000e+00
   1.7400000e+00   5.1365259e-01   0.0000000e+00
   1.7600000e+00   5.1204946e-01   0.0000000e+00
   1.7800000e+00   5.1036554e-01   0.0000000e+00
   1.8000000e+00   5.0860083e-01   0.0000000e+00
   1.8200000e+00   5.0646332e-01   0.0000000e+00
   1.8400000e+00   5.0432581e-01   0.0000000e+00
   1.8600000e+00   5.0218830e-01   0.0000000e+00
   1.8800000e+00   5.0051342e-01   0.0000000e+00
   1.9000000e+00   4.9887442e-01   0.0000000e+00
   1.9200000e+00   4.9727129e-01   0.0000000e+00
   1.9400000e+00   4.9543886e-01   0.0000000e+00
   1.9600000e+00   4.9351021e-01   0.0000000e+00
   1.9800000e+00   4.9148533e-01   0.0000000e+00
   2.0000000e+00   4.8988220e-01   0.0000000e+00
   2.0200000e+00   4.8854424e-01   0.0000000e+00
   2.0400000e+00   4.8747146e-01   0.0000000e+00
   2.0600000e+00   4.8557534e-01   0.0000000e+00
   2.0800000e+00   4.8385554e-01   0.0000000e+00
   2.1000000e+00   4.8231207e-01   0.0000000e+00
   2.1200000e+00   4.8124332e-01   0.0000000e+00
   2.1400000e+00   4.8017456e-01   0.0000000e+00
   2.1600000e+00   4.7910581e-01   0.0000000e+00
   2.1800000e+00   4.7803706e-01   0.0000000e+00
   2.2000000e+00   4.7696830e-01   0.0000000e+00
   2.2200000e+00   4.7589955e-01   0.0000000e+00
   2.2400000e+00   4.7410132e-01   0.0000000e+00
   2.2600000e+00   4.7238153e-01   0.0000000e+00
   2.2800000e+00   4.7074016e-01   0.0000000e+00
   2.3000000e+00   4.6967141e-01   0.0000000e+00
   2.3200000e+00   4.6860265e-01   0.0000000e+00
   2.3400000e+00   4.6753390e-01   0.0000000e+00
   2.3600000e+00   4.6646514e-01   0.0000000e+00
   2.3800000e+00   4.6539639e-01   0.0000000e+00
   2.4000000e+00   4.6432764e-01   0.0000000e+00
   2.4200000e+00   4.6294309e-01   0.0000000e+00
   2.4400000e+00   4.6154882e-01   0.0000000e+00
   2.4600000e+00   4.6014481e-01   0.0000000e+00
   2.4800000e+00   4.5907606e-01   0.0000000e+00
   2.5000000e+00   4.5800730e-01   0.0000000e+00
   2.5200000e+00   4.5693855e-01   0.0000000e+00
   2.5400000e+00   4.5586980e-01   0.0000000e+00
   2.5600000e+00   4.5480104e-01   0.0000000e+00
   2.5800000e+00   4.5373229e-01   0.0000000e+00
   2.6000000e+00   4.5239669e-01   0.0000000e+00
   2.6200000e+00   4.5100241e-01   0.0000000e+00
   2.6400000e+00   4.4954946e-01   0.0000000e+00
   2.6600000e+00   4.4844719e-01   0.0000000e+00
   2.6800000e+00   4.4709449e-01   0.0000000e+00
   2.7000000e+00   4.4549136e-01   0.0000000e+00
   2.7200000e+00   4.4524191e-01   0.0000000e+00
   2.7400000e+00   4.4461534e-01   0.0000000e+00
   2.7600000e+00   4.4361166e-01   0.0000000e+00
   2.7800000e+00   4.4244432e-01   0.0000000e+00
   2.8000000e+00   4.4159346e-01   0.0000000e+00
   2.8200000e+00   4.4105909e-01   0.0000000e+00
   2.8400000e+00   4.4052471e-01   0.0000000e+00
   2.8600000e+00   4.3973086e-01   0.0000000e+00
   2.8800000e+00   4.3867754e-01   0.0000000e+00
   2.9000000e+00   4.3841335e-01   0.0000000e+00
   2.9200000e+00   4.3813844e-01   0.0000000e+00
   2.9400000e+00   4.3785283e-01   0.0000000e+00
   2.9600000e+00   4.3731845e-01   0.0000000e+00
   2.9800000e+00   4.3678407e-01   0.0000000e+00
   3.0000000e+00   4.3624969e-01   0.0000000e+00
   3.0200000e+00   4.3571532e-01   0.0000000e+00
   2.0100000e+00   7.5081148e-01   1.0000000e+00
   2.0300000e+00   7.4760924e-01   1.0000000e+00
   2.0500000e+00   7.4461184e-01   1.0000000e+00
   2.0700000e+00   7.4181926e-01   1.0000000e+00
   2.0900000e+00   7.3914737e-01   1.0000000e+00
   2.1100000e+00   7.3638531e-01   1.0000000e+00
   2.1300000e+00   7.3353307e-01   1.0000000e+00
   2.1500000e+00   7.3045419e-01   1.0000000e+00
   2.1700000e+00   7.2784599e-01   1.0000000e+00
   2.1900000e+00   7.2570848e-01   1.0000000e+00
   2.2100000e+00   7.2308957e-01   1.0000000e+00
   2.2300000e+00   7.2062654e-01   1.0000000e+00
   2.2500000e+00   7.1831939e-01   1.0000000e+00
   2.2700000e+00   7.1642996e-01   1.0000000e+00
   2.2900000e+00   7.1461797e-01   1.0000000e+00
   2.3100000e+00   7.1288343e-01   1.0000000e+00
   2.3300000e+00   7.1071644e-01   1.0000000e+00
   2.3500000e+00   7.0802981e-01   1.0000000e+00
   2.3700000e+00   7.0482355e-01   1.0000000e+00
   2.3900000e+00   7.0248220e-01   1.0000000e+00
   2.4100000e+00   7.0024277e-01   1.0000000e+00
   2.4300000e+00   6.9810526e-01   1.0000000e+00
   2.4500000e+00   6.9596775e-01   1.0000000e+00
   2.4700000e+00   6.9383024e-01   1.0000000e+00
   2.4900000e+00   6.9169273e-01   1.0000000e+00
   2.5100000e+00   6.8955523e-01   1.0000000e+00
   2.5300000e+00   6.8741772e-01   1.0000000e+00
   2.5500000e+00   6.8528021e-01   1.0000000e+00
   2.5700000e+00   6.8314270e-01   1.0000000e+00
   2.5900000e+00   6.8087177e-01   1.0000000e+00
   2.6100000e+00   6.7846742e-01   1.0000000e+00
   2.6300000e+00   6.7594571e-01   1.0000000e+00
   2.6500000e+00   6.7361611e-01   1.0000000e+00
   2.6700000e+00   6.7147860e-01   1.0000000e+00
   2.6900000e+00   6.6934109e-01   1.0000000e+00
   2.7100000e+00   6.6742920e-01   1.0000000e+00
   2.7300000e+00   6.6574292e-01   1.0000000e+00
   2.7500000e+00   6.6413978e-01   1.0000000e+00
   2.7700000e+00   6.6253665e-01   1.0000000e+00
   2.7900000e+00   6.6093352e-01   1.0000000e+00
   2.8100000e+00   6.5922916e-01   1.0000000e+00
   2.8300000e+00   6.5730822e-01   1.0000000e+00
   2.8500000e+00   6.5517071e-01   1.0000000e+00
   2.8700000e+00   6.5407110e-01   1.0000000e+00
   2.8900000e+00   6.5278577e-01   1.0000000e+00
   2.9100000e+00   6.5131474e-01   1.0000000e+00
   2.9300000e+00   6.4971160e-01   1.0000000e+00
   2.9500000e+00   6.4802400e-01   1.0000000e+00
   2.9700000e+00   6.4625191e-01   1.0000000e+00
   2.9900000e+00   6.4421898e-01   1.0000000e+00
   3.0100000e+00   6.4266814e-01   1.0000000e+00
   3.0300000e+00   6.4159938e-01   1.0000000e+00
   3.0500000e+00   6.3959063e-01   1.0000000e+00
   3.0700000e+00   6.3787083e-01   1.0000000e+00
   3.0900000e+00   6.3643999e-01   1.0000000e+00
   3.1100000e+00   6.3537124e-01   1.0000000e+00
   3.1300000e+00   6.3430249e-01   1.0000000e+00
   3.1500000e+00   6.3323373e-01   1.0000000e+00
   3.1700000e+00   6.3216164e-01   1.0000000e+00
   3.1900000e+00   6.3082402e-01   1.0000000e+00
   3.2100000e+00   6.2922089e-01   1.0000000e+00
   3.2300000e+00   6.2803882e-01   1.0000000e+00
   3.2500000e+00   6.2676121e-01   1.0000000e+00
   3.2700000e+00   6.2538806e-01   1.0000000e+00
   3.2900000e+00   6.2397266e-01   1.0000000e+00
   3.3100000e+00   6.2273057e-01   1.0000000e+00
   3.3300000e+00   6.2166182e-01   1.0000000e+00
   3.3500000e+00   6.2059307e-01   1.0000000e+00
   3.3700000e+00   6.1976870e-01   1.0000000e+00
   3.3900000e+00   6.1918872e-01   1.0000000e+00
   3.4100000e+00   6.1791013e-01   1.0000000e+00
   3.4300000e+00   6.1672471e-01   1.0000000e+00
   3.4500000e+00   6.1563246e-01   1.0000000e+00
   3.4700000e+00   6.1482053e-01   1.0000000e+00
   3.4900000e+00   6.1362405e-01   1.0000000e+00
   3.5100000e+00   6.1204303e-01   1.0000000e+00
   3.5300000e+00   6.1097428e-01   1.0000000e+00
   3.5500000e+00   6.0990553e-01   1.0000000e+00
   3.5700000e+00   6.0883677e-01   1.0000000e+00
   3.5900000e+00   6.0776802e-01   1.0000000e+00
   3.6100000e+00   6.0669926e-01   1.0000000e+00
   3.6300000e+00   6.0563051e-01   1.0000000e+00
   3.6500000e+00   6.0456176e-01   1.0000000e+00
   3.6700000e+00   6.0349300e-01   1.0000000e+00
   3.6900000e+00   6.0242425e-01   1.0000000e+00
   3.7100000e+00   6.0186304e-01   1.0000000e+00
   3.7300000e+00   6.0111980e-01   1.0000000e+00
   3.7500000e+00   6.0019455e-01   1.0000000e+00
   3.7700000e+00   5.9940001e-01   1.0000000e+00
   3.7900000e+00   5.9873555e-01   1.0000000e+00
