   6.1000000e-01   9.7045794e-01   0.0000000e+00
   6.3000000e-01   9.5845426e-01   0.0000000e+00
   6.5000000e-01   9.4128785e-01   0.0000000e+00
   6.7000000e-01   9.2014679e-01   0.0000000e+00
   6.9000000e-01   8.9503107e-01   0.0000000e+00
   7.1000000e-01   8.7173638e-01   0.0000000e+00
   7.3000000e-01   8.4961570e-01   0.0000000e+00
   7.5000000e-01   8.2866905e-01   0.0000000e+00
   7.7000000e-01   8.1133830e-01   0.0000000e+00
   7.9000000e-01   7.9546287e-01   0.0000000e+00
   8.1000000e-01   7.8104275e-01   0.0000000e+00
   8.3000000e-01   7.6447707e-01   0.0000000e+00
   8.5000000e-01   7.4921882e-01   0.0000000e+00
   8.7000000e-01   7.3526801e-01   0.0000000e+00
   8.9000000e-01   7.2137420e-01   0.0000000e+00
   9.1000000e-01   7.0878381e-01   0.0000000e+00
   9.3000000e-01   6.9749683e-01   0.0000000e+00
   9.5000000e-01   6.8875838e-01   0.0000000e+00
   9.7000000e-01   6.8040949e-01   0.0000000e+00
   9.9000000e-01   6.7245015e-01   0.0000000e+00
   1.0100000e+00   6.6496887e-01   0.0000000e+00
   1.0300000e+00   6.5796162e-01   0.0000000e+00
   1.0500000e+00   6.5142840e-01   0.0000000e+00
   1.0700000e+00   6.4573061e-01   0.0000000e+00
   1.0900000e+00   6.4020983e-01   0.0000000e+00
   1.1100000e+00   6.3486606e-01   0.0000000e+00
   1.1300000e+00   6.2964632e-01   0.0000000e+00
   1.1500000e+00   6.2463176e-01   0.0000000e+00
   1.1700000e+00   6.1982236e-01   0.0000000e+00
   1.1900000e+00   6.1501297e-01   0.0000000e+00
   1.2100000e+00   6.1041612e-01   0.0000000e+00
   1.2300000e+00   6.0603181e-01   0.0000000e+00
   1.2500000e+00   6.0175679e-01   0.0000000e+00
   1.2700000e+00   5.9748178e-01   0.0000000e+00
   1.2900000e+00   5.9320676e-01   0.0000000e+00
   1.3100000e+00   5.8878157e-01   0.0000000e+00
   1.3300000e+00   5.8389708e-01   0.0000000e+00
   1.3500000e+00   5.7855331e-01   0.0000000e+00
   1.3700000e+00   5.7518075e-01   0.0000000e+00
   1.3900000e+00   5.7151520e-01   0.0000000e+00
   1.4100000e+00   5.6755666e-01   0.0000000e+00
   1.4300000e+00   5.6328165e-01   0.0000000e+00
   1.4500000e+00   5.5900663e-01   0.0000000e+00
   1.4700000e+00   5.5473161e-01   0.0000000e+00
   1.4900000e+00   5.5050888e-01   0.0000000e+00
   1.5100000e+00   5.4679439e-01   0.0000000e+00
   1.5300000e+00   5.4358813e-01   0.0000000e+00
   1.5500000e+00   5.3993801e-01   0.0000000e+00
   1.5700000e+00   5.3640623e-01   0.0000000e+00
   1.5900000e+00   5.3299278e-01   0.0000000e+00
   1.6100000e+00   5.3020757e-01   0.0000000e+00
   1.6300000e+00   5.2769928e-01   0.0000000e+00
   1.6500000e+00   5.2546791e-01   0.0000000e+00
   1.6700000e+00   5.2279602e-01   0.0000000e+00
   1.6900000e+00   5.2037993e-01   0.0000000e+00
   1.7100000e+00   5.1821962e-01   0.0000000e+00
   1.7300000e+00   5.1647702e-01   0.0000000e+00
   1.7500000e+00   5.1466503e-01   0.0000000e+00
   1.7700000e+00   5.1278365e-01   0.0000000e+00
   1.7900000e+00   5.1096931e-01   0.0000000e+00
   1.8100000e+00   5.0952776e-01   0.0000000e+00
   1.8300000e+00   5.0845900e-01   0.0000000e+00
   1.8500000e+00   5.0739025e-01   0.0000000e+00
   1.8700000e+00   5.0632149e-01   0.0000000e+00
   1.8900000e+00   5.0525274e-01   0.0000000e+00
   1.9100000e+00   5.0418399e-01   0.0000000e+00
   1.9300000e+00   5.0288593e-01   0.0000000e+00
   1.9500000e+00   5.0135858e-01   0.0000000e+00
   1.9700000e+00   4.9944634e-01   0.0000000e+00
   1.9900000e+00   4.9795584e-01   0.0000000e+00
   2.0100000e+00   4.9688709e-01   0.0000000e+00
   2.0300000e+00   4.9581834e-01   0.0000000e+00
   2.0500000e+00   4.9474958e-01   0.0000000e+00
   2.0700000e+00   4.9368083e-01   0.0000000e+00
   2.0900000e+00   4.9261207e-01   0.0000000e+00
   2.1100000e+00   4.9154332e-01   0.0000000e+00
   2.1300000e+00   4.9047457e-01   0.0000000e+00
   2.1500000e+00   4.8940581e-01   0.0000000e+00
   2.1700000e+00   4.8833706e-01   0.0000000e+00
   2.1900000e+00   4.8726830e-01   0.0000000e+00
   2.2100000e+00   4.8571815e-01   0.0000000e+00
   2.2300000e+00   4.8450624e-01   0.0000000e+00
   2.2500000e+00   4.8363258e-01   0.0000000e+00
   2.2700000e+00   4.8285013e-01   0.0000000e+00
   2.2900000e+00   4.8192453e-01   0.0000000e+00
   2.3100000e+00   4.8085578e-01   0.0000000e+00
   2.3300000e+00   4.7980177e-01   0.0000000e+00
   2.3500000e+00   4.7900757e-01   0.0000000e+00
   2.3700000e+00   4.7847320e-01   0.0000000e+00
   2.3900000e+00   4.7707391e-01   0.0000000e+00
   2.4100000e+00   4.7588849e-01   0.0000000e+00
   2.4300000e+00   4.7491694e-01   0.0000000e+00
   2.4500000e+00   4.7398431e-01   0.0000000e+00
   2.4700000e+00   4.7275766e-01   0.0000000e+00
   2.4900000e+00   4.7123699e-01   0.0000000e+00
   2.5100000e+00   4.7016824e-01   0.0000000e+00
   2.5300000e+00   4.6909948e-01   0.0000000e+00
   2.5500000e+00   4.6803073e-01   0.0000000e+00
   2.5700000e+00   4.6619496e-01   0.0000000e+00
   2.5900000e+00   4.6447516e-01   0.0000000e+00
   2.6100000e+00   4.6287134e-01   0.0000000e+00
   2.6300000e+00   4.6180259e-01   0.0000000e+00
   2.6500000e+00   4.6071708e-01   0.0000000e+00
   2.6700000e+00   4.5961481e-01   0.0000000e+00
   2.6900000e+00   4.5801168e-01   0.0000000e+00
   2.7100000e+00   4.5663416e-01   0.0000000e+00
   2.7300000e+00   4.5548226e-01   0.0000000e+00
   2.7500000e+00   4.5474806e-01   0.0000000e+00
   2.7700000e+00   4.5400483e-01   0.0000000e+00
   2.7900000e+00   4.5325256e-01   0.0000000e+00
   2.8100000e+00   4.5228504e-01   0.0000000e+00
   2.8300000e+00   4.5153409e-01   0.0000000e+00
   2.8500000e+00   4.5099971e-01   0.0000000e+00
   2.8700000e+00   4.4994639e-01   0.0000000e+00
   2.8900000e+00   4.4908649e-01   0.0000000e+00
   2.9100000e+00   4.4842002e-01   0.0000000e+00
   2.9300000e+00   4.4788564e-01   0.0000000e+00
   2.9500000e+00   4.4726679e-01   0.0000000e+00
   2.9700000e+00   4.4656346e-01   0.0000000e+00
   2.9900000e+00   4.4554699e-01   0.0000000e+00
   3.0100000e+00   4.4477157e-01   0.0000000e+00
   3.0300000e+00   4.4423719e-01   0.0000000e+00
   3.0500000e+00   4.4370281e-01   0.0000000e+00
   3.0700000e+00   4.4299177e-01   0.0000000e+00
   3.0900000e+00   4.4210406e-01   0.0000000e+00
   3.1100000e+00   4.4127197e-01   0.0000000e+00
   3.1300000e+00   4.4058874e-01   0.0000000e+00
   3.1500000e+00   4.4005437e-01   0.0000000e+00
   3.1700000e+00   4.3951999e-01   0.0000000e+00
   3.1900000e+00   4.3898561e-01   0.0000000e+00
   3.2100000e+00   4.3845123e-01   0.0000000e+00
   3.2300000e+00   4.3749581e-01   0.0000000e+00
   3.2500000e+00   4.3663591e-01   0.0000000e+00
   3.2700000e+00   4.3587154e-01   0.0000000e+00
   3.2900000e+00   4.3514944e-01   0.0000000e+00
   3.3100000e+00   4.3425401e-01   0.0000000e+00
   3.3300000e+00   4.3318526e-01   0.0000000e+00
   3.3500000e+00   4.3211650e-01   0.0000000e+00
   3.3700000e+00   4.3104775e-01   0.0000000e+00
   3.3900000e+00   4.2997900e-01   0.0000000e+00
   3.4100000e+00   4.2928235e-01   0.0000000e+00
   3.4300000e+00   4.2866684e-01   0.0000000e+00
   3.4500000e+00   4.2813246e-01   0.0000000e+00
   3.4700000e+00   4.2773686e-01   0.0000000e+00
   3.4900000e+00   4.2751695e-01   0.0000000e+00
   3.5100000e+00   4.2747272e-01   0.0000000e+00
   3.5300000e+00   4.2640397e-01   0.0000000e+00
   3.5500000e+00   4.2555513e-01   0.0000000e+00
   3.5700000e+00   4.2492620e-01   0.0000000e+00
   3.5900000e+00   4.2439182e-01   0.0000000e+00
   3.6100000e+00   4.2375420e-01   0.0000000e+00
   3.6300000e+00   4.2301332e-01   0.0000000e+00
   3.6500000e+00   4.2212423e-01   0.0000000e+00
   3.6700000e+00   4.2167969e-01   0.0000000e+00
   3.6900000e+00   4.2167969e-01   0.0000000e+00
   3.7100000e+00   4.2066460e-01   0.0000000e+00
   3.7300000e+00   4.1981812e-01   0.0000000e+00
   3.7500000e+00   4.1914024e-01   0.0000000e+00
   3.7700000e+00   4.1860587e-01   0.0000000e+00
   3.7900000e+00   4.1815026e-01   0.0000000e+00
   2.0000000e+00   7.6472636e-01   1.0000000e+00
   2.0200000e+00   7.6313129e-01   1.0000000e+00
   2.0400000e+00   7.6047552e-01   1.0000000e+00
   2.0600000e+00   7.5821732e-01   1.0000000e+00
   2.0800000e+00   7.5572245e-01   1.0000000e+00
   2.1000000e+00   7.5299090e-01   1.0000000e+00
   2.1200000e+00   7.4996499e-01   1.0000000e+00
   2.1400000e+00   7.4711610e-01   1.0000000e+00
   2.1600000e+00   7.4444421e-01   1.0000000e+00
   2.1800000e+00   7.4177233e-01   1.0000000e+00
   2.2000000e+00   7.3885974e-01   1.0000000e+00
   2.2200000e+00   7.3570645e-01   1.0000000e+00
   2.2400000e+00   7.3250019e-01   1.0000000e+00
   2.2600000e+00   7.2941797e-01   1.0000000e+00
   2.2800000e+00   7.2645978e-01   1.0000000e+00
   2.3000000e+00   7.2391930e-01   1.0000000e+00
   2.3200000e+00   7.2157293e-01   1.0000000e+00
   2.3400000e+00   7.1942068e-01   1.0000000e+00
   2.3600000e+00   7.1674880e-01   1.0000000e+00
   2.3800000e+00   7.1429314e-01   1.0000000e+00
   2.4000000e+00   7.1205371e-01   1.0000000e+00
   2.4200000e+00   7.0991620e-01   1.0000000e+00
   2.4400000e+00   7.0777869e-01   1.0000000e+00
   2.4600000e+00   7.0564118e-01   1.0000000e+00
   2.4800000e+00   7.0350368e-01   1.0000000e+00
   2.5000000e+00   7.0136617e-01   1.0000000e+00
   2.5200000e+00   6.9922866e-01   1.0000000e+00
   2.5400000e+00   6.9709115e-01   1.0000000e+00
   2.5600000e+00   6.9495364e-01   1.0000000e+00
   2.5800000e+00   6.9281614e-01   1.0000000e+00
   2.6000000e+00   6.9067863e-01   1.0000000e+00
   2.6200000e+00   6.8854112e-01   1.0000000e+00
   2.6400000e+00   6.8640361e-01   1.0000000e+00
   2.6600000e+00   6.8426610e-01   1.0000000e+00
   2.6800000e+00   6.8212860e-01   1.0000000e+00
   2.7000000e+00   6.7999109e-01   1.0000000e+00
   2.7200000e+00   6.7785358e-01   1.0000000e+00
   2.7400000e+00   6.7588335e-01   1.0000000e+00
   2.7600000e+00   6.7408041e-01   1.0000000e+00
   2.7800000e+00   6.7269517e-01   1.0000000e+00
   2.8000000e+00   6.7146818e-01   1.0000000e+00
   2.8200000e+00   6.7039942e-01   1.0000000e+00
   2.8400000e+00   6.6933067e-01   1.0000000e+00
   2.8600000e+00   6.6826192e-01   1.0000000e+00
   2.8800000e+00   6.6719316e-01   1.0000000e+00
   2.9000000e+00   6.6572213e-01   1.0000000e+00
   2.9200000e+00   6.6432785e-01   1.0000000e+00
   2.9400000e+00   6.6301034e-01   1.0000000e+00
   2.9600000e+00   6.6194158e-01   1.0000000e+00
   2.9800000e+00   6.6084669e-01   1.0000000e+00
   3.0000000e+00   6.5972564e-01   1.0000000e+00
   3.0200000e+00   6.5812251e-01   1.0000000e+00
   3.0400000e+00   6.5675438e-01   1.0000000e+00
   3.0600000e+00   6.5562125e-01   1.0000000e+00
   3.0900000e+00   7.7368875e-01   2.0000000e+00
   3.1100000e+00   7.7268103e-01   2.0000000e+00
   3.1300000e+00   7.7137561e-01   2.0000000e+00
   3.1500000e+00   7.6977247e-01   2.0000000e+00
