   6.1000000e-01   9.7150625e-01   0.0000000e+00
   6.3000000e-01   9.5850557e-01   0.0000000e+00
   6.5000000e-01   9.3946447e-01   0.0000000e+00
   6.7000000e-01   9.1818762e-01   0.0000000e+00
   6.9000000e-01   8.9467503e-01   0.0000000e+00
   7.1000000e-01   8.7343873e-01   0.0000000e+00
   7.3000000e-01   8.5324670e-01   0.0000000e+00
   7.5000000e-01   8.3409896e-01   0.0000000e+00
   7.7000000e-01   8.1703978e-01   0.0000000e+00
   7.9000000e-01   8.0081436e-01   0.0000000e+00
   8.1000000e-01   7.8542269e-01   0.0000000e+00
   8.3000000e-01   7.7046013e-01   0.0000000e+00
   8.5000000e-01   7.5654353e-01   0.0000000e+00
   8.7000000e-01   7.4367287e-01   0.0000000e+00
   8.9000000e-01   7.3125413e-01   0.0000000e+00
   9.1000000e-01   7.1976837e-01   0.0000000e+00
   9.3000000e-01   7.0921558e-01   0.0000000e+00
   9.5000000e-01   7.0082309e-01   0.0000000e+00
   9.7000000e-01   6.9318156e-01   0.0000000e+00
   9.9000000e-01   6.8629098e-01   0.0000000e+00
   1.0100000e+00   6.7987845e-01   0.0000000e+00
   1.0300000e+00   6.7346593e-01   0.0000000e+00
   1.0500000e+00   6.6705340e-01   0.0000000e+00
   1.0700000e+00   6.6171297e-01   0.0000000e+00
   1.0900000e+00   6.5687876e-01   0.0000000e+00
   1.1100000e+00   6.5255077e-01   0.0000000e+00
   1.1300000e+00   6.4856206e-01   0.0000000e+00
   1.1500000e+00   6.4417038e-01   0.0000000e+00
   1.1700000e+00   6.3937573e-01   0.0000000e+00
   1.1900000e+00   6.3563509e-01   0.0000000e+00
   1.2100000e+00   6.3210699e-01   0.0000000e+00
   1.2300000e+00   6.2879144e-01   0.0000000e+00
   1.2500000e+00   6.2465992e-01   0.0000000e+00
   1.2700000e+00   6.2038121e-01   0.0000000e+00
   1.2900000e+00   6.1595533e-01   0.0000000e+00
   1.3100000e+00   6.1228978e-01   0.0000000e+00
   1.3300000e+00   6.0885387e-01   0.0000000e+00
   1.3500000e+00   6.0564761e-01   0.0000000e+00
   1.3700000e+00   6.0145575e-01   0.0000000e+00
   1.3900000e+00   5.9741037e-01   0.0000000e+00
   1.4100000e+00   5.9351149e-01   0.0000000e+00
   1.4300000e+00   5.9003033e-01   0.0000000e+00
   1.4500000e+00   5.8654380e-01   0.0000000e+00
   1.4700000e+00   5.8305193e-01   0.0000000e+00
   1.4900000e+00   5.7882920e-01   0.0000000e+00
   1.5100000e+00   5.7511470e-01   0.0000000e+00
   1.5300000e+00   5.7190844e-01   0.0000000e+00
   1.5500000e+00   5.6870218e-01   0.0000000e+00
   1.5700000e+00   5.6549592e-01   0.0000000e+00
   1.5900000e+00   5.6228965e-01   0.0000000e+00
   1.6100000e+00   5.5929392e-01   0.0000000e+00
   1.6300000e+00   5.5641318e-01   0.0000000e+00
   1.6500000e+00   5.5364743e-01   0.0000000e+00
   1.6700000e+00   5.5044117e-01   0.0000000e+00
   1.6900000e+00   5.4749069e-01   0.0000000e+00
   1.7100000e+00   5.4479600e-01   0.0000000e+00
   1.7300000e+00   5.4291394e-01   0.0000000e+00
   1.7500000e+00   5.4103222e-01   0.0000000e+00
   1.7700000e+00   5.3915084e-01   0.0000000e+00
   1.7900000e+00   5.3717491e-01   0.0000000e+00
   1.8100000e+00   5.3538538e-01   0.0000000e+00
   1.8300000e+00   5.3378225e-01   0.0000000e+00
   1.8500000e+00   5.3217912e-01   0.0000000e+00
   1.8700000e+00   5.3080730e-01   0.0000000e+00
   1.8900000e+00   5.2966680e-01   0.0000000e+00
   1.9100000e+00   5.2859805e-01   0.0000000e+00
   1.9300000e+00   5.2752929e-01   0.0000000e+00
   1.9500000e+00   5.2646054e-01   0.0000000e+00
   1.9700000e+00   5.2539179e-01   0.0000000e+00
   1.9900000e+00   5.2432303e-01   0.0000000e+00
   2.0100000e+00   5.2325428e-01   0.0000000e+00
   2.0300000e+00   5.2218552e-01   0.0000000e+00
   2.0500000e+00   5.2090993e-01   0.0000000e+00
   2.0700000e+00   5.1942749e-01   0.0000000e+00
   2.0900000e+00   5.1782436e-01   0.0000000e+00
   2.1100000e+00   5.1631141e-01   0.0000000e+00
   2.1300000e+00   5.1488863e-01   0.0000000e+00
   2.1500000e+00   5.1381987e-01   0.0000000e+00
   2.1700000e+00   5.1275112e-01   0.0000000e+00
   2.1900000e+00   5.1168237e-01   0.0000000e+00
   2.2100000e+00   5.1109501e-01   0.0000000e+00
   2.2300000e+00   5.1016941e-01   0.0000000e+00
   2.2500000e+00   5.0890556e-01   0.0000000e+00
   2.2700000e+00   5.0755050e-01   0.0000000e+00
   2.2900000e+00   5.0633860e-01   0.0000000e+00
   2.3100000e+00   5.0526984e-01   0.0000000e+00
   2.3300000e+00   5.0418635e-01   0.0000000e+00
   2.3500000e+00   5.0284303e-01   0.0000000e+00
   2.3700000e+00   5.0123990e-01   0.0000000e+00
   2.3900000e+00   5.0006922e-01   0.0000000e+00
   2.4100000e+00   4.9879161e-01   0.0000000e+00
   2.4300000e+00   4.9740707e-01   0.0000000e+00
   2.4500000e+00   4.9560481e-01   0.0000000e+00
   2.4700000e+00   4.9367616e-01   0.0000000e+00
   2.4900000e+00   4.9162111e-01   0.0000000e+00
   2.5100000e+00   4.9001798e-01   0.0000000e+00
   2.5300000e+00   4.8841485e-01   0.0000000e+00
   2.5500000e+00   4.8681172e-01   0.0000000e+00
   2.5700000e+00   4.8520859e-01   0.0000000e+00
   2.5900000e+00   4.8373888e-01   0.0000000e+00
   2.6100000e+00   4.8240259e-01   0.0000000e+00
   2.6300000e+00   4.8133384e-01   0.0000000e+00
   2.6500000e+00   4.8026509e-01   0.0000000e+00
   2.6700000e+00   4.7919633e-01   0.0000000e+00
   2.6900000e+00   4.7812758e-01   0.0000000e+00
   2.7100000e+00   4.7705882e-01   0.0000000e+00
   2.7300000e+00   4.7599007e-01   0.0000000e+00
   2.7500000e+00   4.7458675e-01   0.0000000e+00
   2.7700000e+00   4.7308353e-01   0.0000000e+00
   2.7900000e+00   4.7148040e-01   0.0000000e+00
   2.8100000e+00   4.6997850e-01   0.0000000e+00
   2.8300000e+00   4.6869317e-01   0.0000000e+00
   2.8500000e+00   4.6762442e-01   0.0000000e+00
   2.8700000e+00   4.6655567e-01   0.0000000e+00
   2.8900000e+00   4.6548691e-01   0.0000000e+00
   2.9100000e+00   4.6441816e-01   0.0000000e+00
   2.9300000e+00   4.6334940e-01   0.0000000e+00
   2.9500000e+00   4.6228065e-01   0.0000000e+00
   2.9700000e+00   4.6121190e-01   0.0000000e+00
   2.9900000e+00   4.6014314e-01   0.0000000e+00
   3.0100000e+00   4.5907439e-01   0.0000000e+00
   3.0300000e+00   4.5800563e-01   0.0000000e+00
   3.0500000e+00   4.5693688e-01   0.0000000e+00
   3.0700000e+00   4.5551479e-01   0.0000000e+00
   3.0900000e+00   4.5373937e-01   0.0000000e+00
   3.1100000e+00   4.5231187e-01   0.0000000e+00
   3.1300000e+00   4.5127093e-01   0.0000000e+00
   3.1500000e+00   4.5061654e-01   0.0000000e+00
   3.1700000e+00   4.4954779e-01   0.0000000e+00
   3.1900000e+00   4.4847904e-01   0.0000000e+00
   3.2100000e+00   4.4741028e-01   0.0000000e+00
   3.2300000e+00   4.4634153e-01   0.0000000e+00
   3.2500000e+00   4.4542497e-01   0.0000000e+00
   3.2700000e+00   4.4466060e-01   0.0000000e+00
   3.2900000e+00   4.4375078e-01   0.0000000e+00
   3.3100000e+00   4.4256536e-01   0.0000000e+00
   3.3300000e+00   4.4110435e-01   0.0000000e+00
   3.3500000e+00   4.4056997e-01   0.0000000e+00
   3.3700000e+00   4.3979121e-01   0.0000000e+00
   3.3900000e+00   4.3876806e-01   0.0000000e+00
   3.4100000e+00   4.3807141e-01   0.0000000e+00
   2.0700000e+00   7.9481812e-01   1.0000000e+00
   2.0900000e+00   7.9291797e-01   1.0000000e+00
   2.1100000e+00   7.9071879e-01   1.0000000e+00
   2.1300000e+00   7.8822057e-01   1.0000000e+00
   2.1500000e+00   7.8514169e-01   1.0000000e+00
   2.1700000e+00   7.8253349e-01   1.0000000e+00
   2.1900000e+00   7.8039598e-01   1.0000000e+00
   2.2100000e+00   7.7777707e-01   1.0000000e+00
   2.2300000e+00   7.7531404e-01   1.0000000e+00
   2.2500000e+00   7.7300689e-01   1.0000000e+00
   2.2700000e+00   7.7012517e-01   1.0000000e+00
   2.2900000e+00   7.6687969e-01   1.0000000e+00
   2.3100000e+00   7.6327046e-01   1.0000000e+00
   2.3300000e+00   7.6007894e-01   1.0000000e+00
   2.3500000e+00   7.5714724e-01   1.0000000e+00
   2.3700000e+00   7.5447536e-01   1.0000000e+00
   2.3900000e+00   7.5180347e-01   1.0000000e+00
   2.4100000e+00   7.4897369e-01   1.0000000e+00
   2.4300000e+00   7.4598601e-01   1.0000000e+00
   2.4500000e+00   7.4337713e-01   1.0000000e+00
   2.4700000e+00   7.4127112e-01   1.0000000e+00
   2.4900000e+00   7.3966799e-01   1.0000000e+00
   2.5100000e+00   7.3806486e-01   1.0000000e+00
   2.5300000e+00   7.3646173e-01   1.0000000e+00
   2.5500000e+00   7.3485860e-01   1.0000000e+00
   2.5700000e+00   7.3402248e-01   1.0000000e+00
   2.5900000e+00   7.3333724e-01   1.0000000e+00
   2.6100000e+00   7.3280286e-01   1.0000000e+00
   2.6300000e+00   7.3196812e-01   1.0000000e+00
   2.6500000e+00   7.3076595e-01   1.0000000e+00
   2.6700000e+00   7.2919633e-01   1.0000000e+00
   2.6900000e+00   7.2812758e-01   1.0000000e+00
   2.7100000e+00   7.2705882e-01   1.0000000e+00
   2.7300000e+00   7.2599007e-01   1.0000000e+00
   2.7500000e+00   7.2458675e-01   1.0000000e+00
   2.7700000e+00   7.2286563e-01   1.0000000e+00
   2.7900000e+00   7.2082670e-01   1.0000000e+00
   2.8100000e+00   7.1805358e-01   1.0000000e+00
   2.8300000e+00   7.1506389e-01   1.0000000e+00
   2.8500000e+00   7.1185763e-01   1.0000000e+00
   2.8700000e+00   7.0813242e-01   1.0000000e+00
   2.8900000e+00   7.0520406e-01   1.0000000e+00
   2.9100000e+00   7.0307255e-01   1.0000000e+00
