   6.0000000e-01   9.7263904e-01   0.0000000e+00
   6.2000000e-01   9.5535262e-01   0.0000000e+00
   6.4000000e-01   9.3354647e-01   0.0000000e+00
   6.6000000e-01   9.0722056e-01   0.0000000e+00
   6.8000000e-01   8.7195168e-01   0.0000000e+00
   7.0000000e-01   8.4328402e-01   0.0000000e+00
   7.2000000e-01   8.2121760e-01   0.0000000e+00
   7.4000000e-01   8.0246142e-01   0.0000000e+00
   7.6000000e-01   7.8521953e-01   0.0000000e+00
   7.8000000e-01   7.6949192e-01   0.0000000e+00
   8.0000000e-01   7.5709599e-01   0.0000000e+00
   8.2000000e-01   7.4448549e-01   0.0000000e+00
   8.4000000e-01   7.3166044e-01   0.0000000e+00
   8.6000000e-01   7.2092730e-01   0.0000000e+00
   8.8000000e-01   7.1062327e-01   0.0000000e+00
   9.0000000e-01   7.0074835e-01   0.0000000e+00
   9.2000000e-01   6.9199850e-01   0.0000000e+00
   9.4000000e-01   6.8370224e-01   0.0000000e+00
   9.6000000e-01   6.7585957e-01   0.0000000e+00
   9.8000000e-01   6.6843461e-01   0.0000000e+00
   1.0000000e+00   6.6124868e-01   0.0000000e+00
   1.0200000e+00   6.5430177e-01   0.0000000e+00
   1.0400000e+00   6.4735487e-01   0.0000000e+00
   1.0600000e+00   6.4076534e-01   0.0000000e+00
   1.0800000e+00   6.3453316e-01   0.0000000e+00
   1.1000000e+00   6.2913642e-01   0.0000000e+00
   1.1200000e+00   6.2403335e-01   0.0000000e+00
   1.1400000e+00   6.1922395e-01   0.0000000e+00
   1.1600000e+00   6.1442193e-01   0.0000000e+00
   1.1800000e+00   6.0988341e-01   0.0000000e+00
   1.2000000e+00   6.0560840e-01   0.0000000e+00
   1.2200000e+00   6.0133338e-01   0.0000000e+00
   1.2400000e+00   5.9721257e-01   0.0000000e+00
   1.2600000e+00   5.9324598e-01   0.0000000e+00
   1.2800000e+00   5.8950534e-01   0.0000000e+00
   1.3000000e+00   5.8583979e-01   0.0000000e+00
   1.3200000e+00   5.8224933e-01   0.0000000e+00
   1.3400000e+00   5.7957744e-01   0.0000000e+00
   1.3600000e+00   5.7665916e-01   0.0000000e+00
   1.3800000e+00   5.7349447e-01   0.0000000e+00
   1.4000000e+00   5.7066434e-01   0.0000000e+00
   1.4200000e+00   5.6817281e-01   0.0000000e+00
   1.4400000e+00   5.6601987e-01   0.0000000e+00
   1.4600000e+00   5.6427393e-01   0.0000000e+00
   1.4800000e+00   5.6234528e-01   0.0000000e+00
   1.5000000e+00   5.6023392e-01   0.0000000e+00
   1.5200000e+00   5.5863079e-01   0.0000000e+00
   1.5400000e+00   5.5680573e-01   0.0000000e+00
   1.5600000e+00   5.5475874e-01   0.0000000e+00
   1.5800000e+00   5.5294842e-01   0.0000000e+00
   1.6000000e+00   5.5124170e-01   0.0000000e+00
   1.6200000e+00   5.4963857e-01   0.0000000e+00
   1.6400000e+00   5.4803544e-01   0.0000000e+00
   1.6600000e+00   5.4643230e-01   0.0000000e+00
   1.6800000e+00   5.4482917e-01   0.0000000e+00
   1.7000000e+00   5.4271447e-01   0.0000000e+00
   1.7200000e+00   5.4058836e-01   0.0000000e+00
   1.7400000e+00   5.3845085e-01   0.0000000e+00
   1.7600000e+00   5.3631334e-01   0.0000000e+00
   1.7800000e+00   5.3425663e-01   0.0000000e+00
   1.8000000e+00   5.3228070e-01   0.0000000e+00
   1.8200000e+00   5.3067757e-01   0.0000000e+00
   1.8400000e+00   5.2907444e-01   0.0000000e+00
   1.8600000e+00   5.2747131e-01   0.0000000e+00
   1.8800000e+00   5.2540555e-01   0.0000000e+00
   1.9000000e+00   5.2313093e-01   0.0000000e+00
   1.9200000e+00   5.2064746e-01   0.0000000e+00
   1.9400000e+00   5.1843417e-01   0.0000000e+00
   1.9600000e+00   5.1652596e-01   0.0000000e+00
   1.9800000e+00   5.1492283e-01   0.0000000e+00
   2.0000000e+00   5.1331970e-01   0.0000000e+00
   2.0200000e+00   5.1198174e-01   0.0000000e+00
   2.0400000e+00   5.1090896e-01   0.0000000e+00
   2.0600000e+00   5.0901284e-01   0.0000000e+00
   2.0800000e+00   5.0729304e-01   0.0000000e+00
   2.1000000e+00   5.0574957e-01   0.0000000e+00
   2.1200000e+00   5.0468082e-01   0.0000000e+00
   2.1400000e+00   5.0361206e-01   0.0000000e+00
   2.1600000e+00   5.0254331e-01   0.0000000e+00
   2.1800000e+00   5.0147456e-01   0.0000000e+00
   2.2000000e+00   5.0016510e-01   0.0000000e+00
   2.2200000e+00   4.9861495e-01   0.0000000e+00
   2.2400000e+00   4.9701182e-01   0.0000000e+00
   2.2600000e+00   4.9553272e-01   0.0000000e+00
   2.2800000e+00   4.9417766e-01   0.0000000e+00
   2.3000000e+00   4.9310891e-01   0.0000000e+00
   2.3200000e+00   4.9202541e-01   0.0000000e+00
   2.3400000e+00   4.9092717e-01   0.0000000e+00
   2.3600000e+00   4.8878966e-01   0.0000000e+00
   2.3800000e+00   4.8708461e-01   0.0000000e+00
   2.4000000e+00   4.8581201e-01   0.0000000e+00
   2.4200000e+00   4.8474326e-01   0.0000000e+00
   2.4400000e+00   4.8367450e-01   0.0000000e+00
   2.4600000e+00   4.8260575e-01   0.0000000e+00
   2.4800000e+00   4.8153699e-01   0.0000000e+00
   2.5000000e+00   4.8046824e-01   0.0000000e+00
   2.5200000e+00   4.7939949e-01   0.0000000e+00
   2.5400000e+00   4.7783056e-01   0.0000000e+00
   2.5600000e+00   4.7624453e-01   0.0000000e+00
   2.5800000e+00   4.7464140e-01   0.0000000e+00
   2.6000000e+00   4.7330511e-01   0.0000000e+00
   2.6200000e+00   4.7195241e-01   0.0000000e+00
   2.6400000e+00   4.7058330e-01   0.0000000e+00
   2.6600000e+00   4.6851282e-01   0.0000000e+00
   2.6800000e+00   4.6694320e-01   0.0000000e+00
   2.7000000e+00   4.6587445e-01   0.0000000e+00
   2.7200000e+00   4.6480570e-01   0.0000000e+00
   2.7400000e+00   4.6340238e-01   0.0000000e+00
   2.7600000e+00   4.6166450e-01   0.0000000e+00
   2.7800000e+00   4.5974489e-01   0.0000000e+00
   2.8000000e+00   4.5803414e-01   0.0000000e+00
   2.8200000e+00   4.5653224e-01   0.0000000e+00
   2.8400000e+00   4.5546348e-01   0.0000000e+00
   2.8600000e+00   4.5439473e-01   0.0000000e+00
   2.8800000e+00   4.5332598e-01   0.0000000e+00
   2.9000000e+00   4.5265950e-01   0.0000000e+00
   2.9200000e+00   4.5177346e-01   0.0000000e+00
   2.9400000e+00   4.5066785e-01   0.0000000e+00
   2.9600000e+00   4.4923367e-01   0.0000000e+00
   2.9800000e+00   4.4798221e-01   0.0000000e+00
   3.0000000e+00   4.4691345e-01   0.0000000e+00
   3.0200000e+00   4.4584470e-01   0.0000000e+00
   3.0400000e+00   4.4501094e-01   0.0000000e+00
   3.0600000e+00   4.4441219e-01   0.0000000e+00
   3.0800000e+00   4.4317114e-01   0.0000000e+00
   3.1000000e+00   4.4198572e-01   0.0000000e+00
   3.1200000e+00   4.4085593e-01   0.0000000e+00
   3.1400000e+00   4.3996154e-01   0.0000000e+00
   3.1600000e+00   4.3845227e-01   0.0000000e+00
   3.1800000e+00   4.3632813e-01   0.0000000e+00
   3.2000000e+00   4.3632813e-01   0.0000000e+00
   3.2200000e+00   4.3590707e-01   0.0000000e+00
   3.2400000e+00   4.3506496e-01   0.0000000e+00
   3.2600000e+00   4.3460499e-01   0.0000000e+00
