   6.1000000e-01   9.6962487e-01   0.0000000e+00
   6.3000000e-01   9.5562718e-01   0.0000000e+00
   6.5000000e-01   9.3448612e-01   0.0000000e+00
   6.7000000e-01   9.1135773e-01   0.0000000e+00
   6.9000000e-01   8.8624201e-01   0.0000000e+00
   7.1000000e-01   8.6567886e-01   0.0000000e+00
   7.3000000e-01   8.4568061e-01   0.0000000e+00
   7.5000000e-01   8.2624725e-01   0.0000000e+00
   7.7000000e-01   8.0878510e-01   0.0000000e+00
   7.9000000e-01   7.9262538e-01   0.0000000e+00
   8.1000000e-01   7.7776808e-01   0.0000000e+00
   8.3000000e-01   7.6333990e-01   0.0000000e+00
   8.5000000e-01   7.4995767e-01   0.0000000e+00
   8.7000000e-01   7.3762140e-01   0.0000000e+00
   8.9000000e-01   7.2533073e-01   0.0000000e+00
   9.1000000e-01   7.1419864e-01   0.0000000e+00
   9.3000000e-01   7.0422514e-01   0.0000000e+00
   9.5000000e-01   6.9638247e-01   0.0000000e+00
   9.7000000e-01   6.8872049e-01   0.0000000e+00
   9.9000000e-01   6.8123921e-01   0.0000000e+00
   1.0100000e+00   6.7375793e-01   0.0000000e+00
   1.0300000e+00   6.6698770e-01   0.0000000e+00
   1.0500000e+00   6.6092851e-01   0.0000000e+00
   1.0700000e+00   6.5505036e-01   0.0000000e+00
   1.0900000e+00   6.4953327e-01   0.0000000e+00
   1.1100000e+00   6.4437722e-01   0.0000000e+00
   1.1300000e+00   6.3997817e-01   0.0000000e+00
   1.1500000e+00   6.3537395e-01   0.0000000e+00
   1.1700000e+00   6.3056455e-01   0.0000000e+00
   1.1900000e+00   6.2575516e-01   0.0000000e+00
   1.2100000e+00   6.2137085e-01   0.0000000e+00
   1.2300000e+00   6.1741162e-01   0.0000000e+00
   1.2500000e+00   6.1367098e-01   0.0000000e+00
   1.2700000e+00   6.0973859e-01   0.0000000e+00
   1.2900000e+00   6.0561444e-01   0.0000000e+00
   1.3100000e+00   6.0095523e-01   0.0000000e+00
   1.3300000e+00   5.9675530e-01   0.0000000e+00
   1.3500000e+00   5.9301466e-01   0.0000000e+00
   1.3700000e+00   5.8927402e-01   0.0000000e+00
   1.3900000e+00   5.8534531e-01   0.0000000e+00
   1.4100000e+00   5.8122854e-01   0.0000000e+00
   1.4300000e+00   5.7773194e-01   0.0000000e+00
   1.4500000e+00   5.7450489e-01   0.0000000e+00
   1.4700000e+00   5.7154739e-01   0.0000000e+00
   1.4900000e+00   5.6783289e-01   0.0000000e+00
   1.5100000e+00   5.6437251e-01   0.0000000e+00
   1.5300000e+00   5.6116625e-01   0.0000000e+00
   1.5500000e+00   5.5884770e-01   0.0000000e+00
   1.5700000e+00   5.5645608e-01   0.0000000e+00
   1.5900000e+00   5.5399138e-01   0.0000000e+00
   1.6100000e+00   5.5131949e-01   0.0000000e+00
   1.6300000e+00   5.4869454e-01   0.0000000e+00
   1.6500000e+00   5.4611652e-01   0.0000000e+00
   1.6700000e+00   5.4397901e-01   0.0000000e+00
   1.6900000e+00   5.4235307e-01   0.0000000e+00
   1.7100000e+00   5.4123871e-01   0.0000000e+00
   1.7300000e+00   5.3977505e-01   0.0000000e+00
   1.7500000e+00   5.3824165e-01   0.0000000e+00
   1.7700000e+00   5.3663852e-01   0.0000000e+00
   1.7900000e+00   5.3519697e-01   0.0000000e+00
   1.8100000e+00   5.3394182e-01   0.0000000e+00
   1.8300000e+00   5.3287306e-01   0.0000000e+00
   1.8500000e+00   5.3180431e-01   0.0000000e+00
   1.8700000e+00   5.3073556e-01   0.0000000e+00
   1.8900000e+00   5.2966680e-01   0.0000000e+00
   1.9100000e+00   5.2859805e-01   0.0000000e+00
   1.9300000e+00   5.2752929e-01   0.0000000e+00
   1.9500000e+00   5.2646054e-01   0.0000000e+00
   1.9700000e+00   5.2539179e-01   0.0000000e+00
   1.9900000e+00   5.2432303e-01   0.0000000e+00
   2.0100000e+00   5.2325428e-01   0.0000000e+00
   2.0300000e+00   5.2218552e-01   0.0000000e+00
   2.0500000e+00   5.2090993e-01   0.0000000e+00
   2.0700000e+00   5.1942749e-01   0.0000000e+00
   2.0900000e+00   5.1812138e-01   0.0000000e+00
   2.1100000e+00   5.1693394e-01   0.0000000e+00
   2.1300000e+00   5.1586519e-01   0.0000000e+00
   2.1500000e+00   5.1479644e-01   0.0000000e+00
   2.1700000e+00   5.1372768e-01   0.0000000e+00
   2.1900000e+00   5.1265893e-01   0.0000000e+00
   2.2100000e+00   5.1159017e-01   0.0000000e+00
   2.2300000e+00   5.1033905e-01   0.0000000e+00
   2.2500000e+00   5.0890556e-01   0.0000000e+00
   2.2700000e+00   5.0730243e-01   0.0000000e+00
   2.2900000e+00   5.0576500e-01   0.0000000e+00
   2.3100000e+00   5.0429328e-01   0.0000000e+00
   2.3300000e+00   5.0319504e-01   0.0000000e+00
   2.3500000e+00   5.0157717e-01   0.0000000e+00
   2.3700000e+00   4.9943966e-01   0.0000000e+00
   2.3900000e+00   4.9773461e-01   0.0000000e+00
   2.4100000e+00   4.9608051e-01   0.0000000e+00
   2.4300000e+00   4.9447738e-01   0.0000000e+00
   2.4500000e+00   4.9287425e-01   0.0000000e+00
   2.4700000e+00   4.9127112e-01   0.0000000e+00
   2.4900000e+00   4.8966799e-01   0.0000000e+00
   2.5100000e+00   4.8806486e-01   0.0000000e+00
   2.5300000e+00   4.8621164e-01   0.0000000e+00
   2.5500000e+00   4.8410834e-01   0.0000000e+00
   2.5700000e+00   4.8273784e-01   0.0000000e+00
   2.5900000e+00   4.8151822e-01   0.0000000e+00
   2.6100000e+00   4.8044947e-01   0.0000000e+00
   2.6300000e+00   4.7953089e-01   0.0000000e+00
   2.6500000e+00   4.7878766e-01   0.0000000e+00
   2.6700000e+00   4.7821977e-01   0.0000000e+00
   2.6900000e+00   4.7715101e-01   0.0000000e+00
   2.7100000e+00   4.7608226e-01   0.0000000e+00
   2.7300000e+00   4.7501351e-01   0.0000000e+00
   2.7500000e+00   4.7394475e-01   0.0000000e+00
   2.7700000e+00   4.7287600e-01   0.0000000e+00
   2.7900000e+00   4.7180724e-01   0.0000000e+00
   2.8100000e+00   4.7063726e-01   0.0000000e+00
   2.8300000e+00   4.6925070e-01   0.0000000e+00
   2.8500000e+00   4.6764757e-01   0.0000000e+00
   2.8700000e+00   4.6656338e-01   0.0000000e+00
   2.8900000e+00   4.6568805e-01   0.0000000e+00
   2.9100000e+00   4.6502158e-01   0.0000000e+00
   2.9300000e+00   4.6448720e-01   0.0000000e+00
   2.9500000e+00   4.6378387e-01   0.0000000e+00
   2.9700000e+00   4.6291159e-01   0.0000000e+00
   2.9900000e+00   4.6141304e-01   0.0000000e+00
   3.0100000e+00   4.6039657e-01   0.0000000e+00
   3.0300000e+00   4.5986219e-01   0.0000000e+00
   3.0500000e+00   4.5838781e-01   0.0000000e+00
   3.0700000e+00   4.5720240e-01   0.0000000e+00
   3.0900000e+00   4.5630593e-01   0.0000000e+00
   3.1100000e+00   4.5529822e-01   0.0000000e+00
   3.1300000e+00   4.5405280e-01   0.0000000e+00
   3.1500000e+00   4.5256967e-01   0.0000000e+00
   3.1700000e+00   4.5150092e-01   0.0000000e+00
   3.1900000e+00   4.5043216e-01   0.0000000e+00
   3.2100000e+00   4.4936341e-01   0.0000000e+00
   3.2300000e+00   4.4871571e-01   0.0000000e+00
   3.2500000e+00   4.4812467e-01   0.0000000e+00
   3.2700000e+00   4.4759029e-01   0.0000000e+00
   3.2900000e+00   4.4705591e-01   0.0000000e+00
   3.3100000e+00   4.4645048e-01   0.0000000e+00
   3.3300000e+00   4.4577398e-01   0.0000000e+00
   3.3500000e+00   4.4417085e-01   0.0000000e+00
   3.3700000e+00   4.4281211e-01   0.0000000e+00
   3.3900000e+00   4.4169775e-01   0.0000000e+00
   3.4100000e+00   4.4025688e-01   0.0000000e+00
   3.4300000e+00   4.3899033e-01   0.0000000e+00
   3.4500000e+00   4.3789809e-01   0.0000000e+00
   2.0700000e+00   8.0201009e-01   1.0000000e+00
   2.0900000e+00   7.9927855e-01   1.0000000e+00
   2.1100000e+00   7.9630965e-01   1.0000000e+00
   2.1300000e+00   7.9310338e-01   1.0000000e+00
   2.1500000e+00   7.9008819e-01   1.0000000e+00
   2.1700000e+00   7.8777902e-01   1.0000000e+00
   2.1900000e+00   7.8617589e-01   1.0000000e+00
   2.2100000e+00   7.8360996e-01   1.0000000e+00
   2.2300000e+00   7.8117342e-01   1.0000000e+00
   2.2500000e+00   7.7886627e-01   1.0000000e+00
   2.2700000e+00   7.7722491e-01   1.0000000e+00
   2.2900000e+00   7.7554133e-01   1.0000000e+00
   2.3100000e+00   7.7381554e-01   1.0000000e+00
   2.3300000e+00   7.6687866e-01   1.0000000e+00
   2.3500000e+00   7.6260866e-01   1.0000000e+00
   2.3700000e+00   7.6100553e-01   1.0000000e+00
   2.3900000e+00   7.5810503e-01   1.0000000e+00
   2.4100000e+00   7.5520955e-01   1.0000000e+00
   2.4300000e+00   7.5231907e-01   1.0000000e+00
   2.4500000e+00   7.4984631e-01   1.0000000e+00
   2.4700000e+00   7.4754118e-01   1.0000000e+00
   2.4900000e+00   7.4540367e-01   1.0000000e+00
   2.5100000e+00   7.4326616e-01   1.0000000e+00
   2.5300000e+00   7.4162883e-01   1.0000000e+00
   2.5500000e+00   7.4049167e-01   1.0000000e+00
   2.5700000e+00   7.3942291e-01   1.0000000e+00
   2.5900000e+00   7.3822074e-01   1.0000000e+00
   2.6100000e+00   7.3688514e-01   1.0000000e+00
   2.6300000e+00   7.3528201e-01   1.0000000e+00
   2.6500000e+00   7.3367888e-01   1.0000000e+00
   2.6700000e+00   7.3207575e-01   1.0000000e+00
   2.6900000e+00   7.3047261e-01   1.0000000e+00
   2.7100000e+00   7.2886948e-01   1.0000000e+00
   2.7300000e+00   7.2726635e-01   1.0000000e+00
   2.7500000e+00   7.2599778e-01   1.0000000e+00
   2.7700000e+00   7.2439333e-01   1.0000000e+00
   2.7900000e+00   7.2245298e-01   1.0000000e+00
   2.8100000e+00   7.1955042e-01   1.0000000e+00
   2.8300000e+00   7.1729757e-01   1.0000000e+00
   2.8500000e+00   7.1569444e-01   1.0000000e+00
