   6.0000000e-01   9.6417785e-01   0.0000000e+00
   6.2000000e-01   9.4552498e-01   0.0000000e+00
   6.4000000e-01   9.2373455e-01   0.0000000e+00
   6.6000000e-01   8.9880655e-01   0.0000000e+00
   6.8000000e-01   8.7636271e-01   0.0000000e+00
   7.0000000e-01   8.5528465e-01   0.0000000e+00
   7.2000000e-01   8.3557236e-01   0.0000000e+00
   7.4000000e-01   8.1531901e-01   0.0000000e+00
   7.6000000e-01   7.9621451e-01   0.0000000e+00
   7.8000000e-01   7.7825887e-01   0.0000000e+00
   8.0000000e-01   7.6415454e-01   0.0000000e+00
   8.2000000e-01   7.4962110e-01   0.0000000e+00
   8.4000000e-01   7.3465854e-01   0.0000000e+00
   8.6000000e-01   7.2544872e-01   0.0000000e+00
   8.8000000e-01   7.1670791e-01   0.0000000e+00
   9.0000000e-01   7.0843612e-01   0.0000000e+00
   9.2000000e-01   7.0128941e-01   0.0000000e+00
   9.4000000e-01   6.9468277e-01   0.0000000e+00
   9.6000000e-01   6.8861621e-01   0.0000000e+00
   9.8000000e-01   6.8321612e-01   0.0000000e+00
   1.0000000e+00   6.7757700e-01   0.0000000e+00
   1.0200000e+00   6.7169886e-01   0.0000000e+00
   1.0400000e+00   6.6724280e-01   0.0000000e+00
   1.0600000e+00   6.6287726e-01   0.0000000e+00
   1.0800000e+00   6.5860224e-01   0.0000000e+00
   1.1000000e+00   6.5384583e-01   0.0000000e+00
   1.1200000e+00   6.4891977e-01   0.0000000e+00
   1.1400000e+00   6.4382407e-01   0.0000000e+00
   1.1600000e+00   6.3954905e-01   0.0000000e+00
   1.1800000e+00   6.3527404e-01   0.0000000e+00
   1.2000000e+00   6.3099902e-01   0.0000000e+00
   1.2200000e+00   6.2629892e-01   0.0000000e+00
   1.2400000e+00   6.2169838e-01   0.0000000e+00
   1.2600000e+00   6.1719741e-01   0.0000000e+00
   1.2800000e+00   6.1273064e-01   0.0000000e+00
   1.3000000e+00   6.0813010e-01   0.0000000e+00
   1.3200000e+00   6.0339580e-01   0.0000000e+00
   1.3400000e+00   5.9912078e-01   0.0000000e+00
   1.3600000e+00   5.9533857e-01   0.0000000e+00
   1.3800000e+00   5.9204916e-01   0.0000000e+00
   1.4000000e+00   5.8809062e-01   0.0000000e+00
   1.4200000e+00   5.8423331e-01   0.0000000e+00
   1.4400000e+00   5.8047724e-01   0.0000000e+00
   1.4600000e+00   5.7712817e-01   0.0000000e+00
   1.4800000e+00   5.7359639e-01   0.0000000e+00
   1.5000000e+00   5.6988189e-01   0.0000000e+00
   1.5200000e+00   5.6667563e-01   0.0000000e+00
   1.5400000e+00   5.6369130e-01   0.0000000e+00
   1.5600000e+00   5.6092889e-01   0.0000000e+00
   1.5800000e+00   5.5825701e-01   0.0000000e+00
   1.6000000e+00   5.5558512e-01   0.0000000e+00
   1.6200000e+00   5.5291324e-01   0.0000000e+00
   1.6400000e+00   5.5033521e-01   0.0000000e+00
   1.6600000e+00   5.4797745e-01   0.0000000e+00
   1.6800000e+00   5.4583994e-01   0.0000000e+00
   1.7000000e+00   5.4319086e-01   0.0000000e+00
   1.7200000e+00   5.4092528e-01   0.0000000e+00
   1.7400000e+00   5.3904322e-01   0.0000000e+00
   1.7600000e+00   5.3744009e-01   0.0000000e+00
   1.7800000e+00   5.3575617e-01   0.0000000e+00
   1.8000000e+00   5.3399145e-01   0.0000000e+00
   1.8200000e+00   5.3189886e-01   0.0000000e+00
   1.8400000e+00   5.3005100e-01   0.0000000e+00
   1.8600000e+00   5.2844787e-01   0.0000000e+00
   1.8800000e+00   5.2638211e-01   0.0000000e+00
   1.9000000e+00   5.2462644e-01   0.0000000e+00
   1.9200000e+00   5.2318086e-01   0.0000000e+00
   1.9400000e+00   5.2165351e-01   0.0000000e+00
   1.9600000e+00   5.1993371e-01   0.0000000e+00
   1.9800000e+00   5.1802147e-01   0.0000000e+00
   2.0000000e+00   5.1695272e-01   0.0000000e+00
   2.0200000e+00   5.1588396e-01   0.0000000e+00
   2.0400000e+00   5.1481521e-01   0.0000000e+00
   2.0600000e+00   5.1374645e-01   0.0000000e+00
   2.0800000e+00   5.1252919e-01   0.0000000e+00
   2.1000000e+00   5.1116342e-01   0.0000000e+00
   2.1200000e+00   5.0956029e-01   0.0000000e+00
   2.1400000e+00   5.0798900e-01   0.0000000e+00
   2.1600000e+00   5.0644956e-01   0.0000000e+00
   2.1800000e+00   5.0538081e-01   0.0000000e+00
   2.2000000e+00   5.0407135e-01   0.0000000e+00
   2.2200000e+00   5.0252120e-01   0.0000000e+00
   2.2400000e+00   5.0091807e-01   0.0000000e+00
   2.2600000e+00   4.9931493e-01   0.0000000e+00
   2.2800000e+00   4.9771180e-01   0.0000000e+00
   2.3000000e+00   4.9610867e-01   0.0000000e+00
   2.3200000e+00   4.9451291e-01   0.0000000e+00
   2.3400000e+00   4.9292452e-01   0.0000000e+00
   2.3600000e+00   4.9185577e-01   0.0000000e+00
   2.3800000e+00   4.9035456e-01   0.0000000e+00
   2.4000000e+00   4.8842090e-01   0.0000000e+00
   2.4200000e+00   4.8691497e-01   0.0000000e+00
   2.4400000e+00   4.8562763e-01   0.0000000e+00
   2.4600000e+00   4.8455887e-01   0.0000000e+00
   2.4800000e+00   4.8340766e-01   0.0000000e+00
   2.5000000e+00   4.8203049e-01   0.0000000e+00
   2.5200000e+00   4.8042735e-01   0.0000000e+00
   2.5400000e+00   4.7932440e-01   0.0000000e+00
   2.5600000e+00   4.7823854e-01   0.0000000e+00
   2.5800000e+00   4.7716979e-01   0.0000000e+00
   2.6000000e+00   4.7610103e-01   0.0000000e+00
   2.6200000e+00   4.7503228e-01   0.0000000e+00
   2.6400000e+00   4.7396352e-01   0.0000000e+00
   2.6600000e+00   4.7286126e-01   0.0000000e+00
   2.6800000e+00   4.7150856e-01   0.0000000e+00
   2.7000000e+00   4.6990542e-01   0.0000000e+00
   2.7200000e+00   4.6875352e-01   0.0000000e+00
   2.7400000e+00   4.6764319e-01   0.0000000e+00
   2.7600000e+00   4.6657444e-01   0.0000000e+00
   2.7800000e+00   4.6528779e-01   0.0000000e+00
   2.8000000e+00   4.6384289e-01   0.0000000e+00
   2.8200000e+00   4.6223976e-01   0.0000000e+00
   2.8400000e+00   4.6063663e-01   0.0000000e+00
   2.8600000e+00   4.5929297e-01   0.0000000e+00
   2.8800000e+00   4.5820879e-01   0.0000000e+00
   2.9000000e+00   4.5714003e-01   0.0000000e+00
   2.9200000e+00   4.5592847e-01   0.0000000e+00
   2.9400000e+00   4.5457410e-01   0.0000000e+00
   2.9600000e+00   4.5313992e-01   0.0000000e+00
   2.9800000e+00   4.5188846e-01   0.0000000e+00
   3.0000000e+00   4.5081970e-01   0.0000000e+00
   3.0200000e+00   4.4975095e-01   0.0000000e+00
   3.0400000e+00   4.4844719e-01   0.0000000e+00
   3.0600000e+00   4.4690844e-01   0.0000000e+00
   3.0800000e+00   4.4565864e-01   0.0000000e+00
   3.1000000e+00   4.4438103e-01   0.0000000e+00
   3.1200000e+00   4.4307561e-01   0.0000000e+00
   3.1400000e+00   4.4147248e-01   0.0000000e+00
   3.1600000e+00   4.3986935e-01   0.0000000e+00
   3.1800000e+00   4.3826622e-01   0.0000000e+00
   3.2000000e+00   4.3666308e-01   0.0000000e+00
   3.2200000e+00   4.3505995e-01   0.0000000e+00
   3.2400000e+00   4.3345682e-01   0.0000000e+00
   3.2600000e+00   4.3185369e-01   0.0000000e+00
   3.2800000e+00   4.3034442e-01   0.0000000e+00
   3.3000000e+00   4.2892901e-01   0.0000000e+00
   3.3200000e+00   4.2778920e-01   0.0000000e+00
   3.3400000e+00   4.2641773e-01   0.0000000e+00
   3.3600000e+00   4.2481460e-01   0.0000000e+00
   3.3800000e+00   4.2370024e-01   0.0000000e+00
   3.4000000e+00   4.2260868e-01   0.0000000e+00
   3.4200000e+00   4.2153993e-01   0.0000000e+00
   3.4400000e+00   4.2047117e-01   0.0000000e+00
   3.4600000e+00   4.1940242e-01   0.0000000e+00
   3.4800000e+00   4.1833367e-01   0.0000000e+00
   3.5000000e+00   4.1726491e-01   0.0000000e+00
   3.5200000e+00   4.1619616e-01   0.0000000e+00
   3.5400000e+00   4.1512740e-01   0.0000000e+00
   3.5600000e+00   4.1449848e-01   0.0000000e+00
   3.5800000e+00   4.1375524e-01   0.0000000e+00
   3.6000000e+00   4.1289770e-01   0.0000000e+00
   3.6200000e+00   4.1182895e-01   0.0000000e+00
   3.6400000e+00   4.1076020e-01   0.0000000e+00
   3.6600000e+00   4.0969144e-01   0.0000000e+00
   3.6800000e+00   4.0862269e-01   0.0000000e+00
   3.7000000e+00   4.0806148e-01   0.0000000e+00
   3.7200000e+00   4.0800781e-01   0.0000000e+00
   3.7400000e+00   4.0722605e-01   0.0000000e+00
   3.7600000e+00   4.0643790e-01   0.0000000e+00
   3.7800000e+00   4.0564337e-01   0.0000000e+00
   2.0100000e+00   7.5470563e-01   1.0000000e+00
   2.0300000e+00   7.5204181e-01   1.0000000e+00
   2.0500000e+00   7.4999448e-01   1.0000000e+00
   2.0700000e+00   7.4856364e-01   1.0000000e+00
   2.0900000e+00   7.4660383e-01   1.0000000e+00
   2.1100000e+00   7.4446834e-01   1.0000000e+00
   2.1300000e+00   7.4215716e-01   1.0000000e+00
   2.1500000e+00   7.4055403e-01   1.0000000e+00
   2.1700000e+00   7.3895090e-01   1.0000000e+00
   2.1900000e+00   7.3734777e-01   1.0000000e+00
   2.2100000e+00   7.3526324e-01   1.0000000e+00
   2.2300000e+00   7.3315222e-01   1.0000000e+00
   2.2500000e+00   7.3101471e-01   1.0000000e+00
   2.2700000e+00   7.2912527e-01   1.0000000e+00
   2.2900000e+00   7.2737899e-01   1.0000000e+00
   2.3100000e+00   7.2577586e-01   1.0000000e+00
   2.3300000e+00   7.2415798e-01   1.0000000e+00
   2.3500000e+00   7.2228029e-01   1.0000000e+00
   2.3700000e+00   7.2014278e-01   1.0000000e+00
   2.3900000e+00   7.1757282e-01   1.0000000e+00
   2.4100000e+00   7.1495190e-01   1.0000000e+00
   2.4300000e+00   7.1228001e-01   1.0000000e+00
   2.4500000e+00   7.0960813e-01   1.0000000e+00
   2.4700000e+00   7.0701870e-01   1.0000000e+00
   2.4900000e+00   7.0451174e-01   1.0000000e+00
   2.5100000e+00   7.0290861e-01   1.0000000e+00
   2.5300000e+00   7.0105539e-01   1.0000000e+00
   2.5500000e+00   6.9895209e-01   1.0000000e+00
   2.5700000e+00   6.9719809e-01   1.0000000e+00
   2.5900000e+00   6.9551952e-01   1.0000000e+00
   2.6100000e+00   6.9391639e-01   1.0000000e+00
   2.6300000e+00   6.9231326e-01   1.0000000e+00
   2.6500000e+00   6.9071013e-01   1.0000000e+00
   2.6700000e+00   6.8910700e-01   1.0000000e+00
   2.6900000e+00   6.8750386e-01   1.0000000e+00
   2.7100000e+00   6.8590073e-01   1.0000000e+00
   2.7300000e+00   6.8429760e-01   1.0000000e+00
   2.7500000e+00   6.8235991e-01   1.0000000e+00
   2.7700000e+00   6.8043126e-01   1.0000000e+00
   2.7900000e+00   6.7851165e-01   1.0000000e+00
   2.8100000e+00   6.7700975e-01   1.0000000e+00
   2.8300000e+00   6.7572442e-01   1.0000000e+00
   2.8500000e+00   6.7465567e-01   1.0000000e+00
   2.8700000e+00   6.7254902e-01   1.0000000e+00
   2.8900000e+00   6.7082923e-01   1.0000000e+00
   2.9100000e+00   6.6949628e-01   1.0000000e+00
   2.9300000e+00   6.6842753e-01   1.0000000e+00
   2.9500000e+00   6.6718982e-01   1.0000000e+00
   2.9700000e+00   6.6578316e-01   1.0000000e+00
   2.9900000e+00   6.6369794e-01   1.0000000e+00
   3.0100000e+00   6.6185377e-01   1.0000000e+00
   3.0300000e+00   6.6025064e-01   1.0000000e+00
   3.0500000e+00   6.5911750e-01   1.0000000e+00
   3.0700000e+00   6.5766323e-01   1.0000000e+00
   3.0900000e+00   6.5588780e-01   1.0000000e+00
   3.1100000e+00   6.5375029e-01   1.0000000e+00
   3.1300000e+00   6.5173279e-01   1.0000000e+00
   3.1500000e+00   6.4983529e-01   1.0000000e+00
   3.1700000e+00   6.4876320e-01   1.0000000e+00
   3.1900000e+00   6.4742559e-01   1.0000000e+00
   3.2100000e+00   6.4582246e-01   1.0000000e+00
   3.2300000e+00   6.4464038e-01   1.0000000e+00
   3.2500000e+00   6.4351496e-01   1.0000000e+00
   3.2700000e+00   6.4244621e-01   1.0000000e+00
   3.2900000e+00   6.4137745e-01   1.0000000e+00
   3.3100000e+00   6.4034423e-01   1.0000000e+00
   3.3300000e+00   6.3934654e-01   1.0000000e+00
   3.3500000e+00   6.3881216e-01   1.0000000e+00
   3.3700000e+00   6.3778901e-01   1.0000000e+00
   3.3900000e+00   6.3627709e-01   1.0000000e+00
   3.4100000e+00   6.3467396e-01   1.0000000e+00
   3.4300000e+00   6.3332627e-01   1.0000000e+00
   3.4500000e+00   6.3223402e-01   1.0000000e+00
   3.4700000e+00   6.3156087e-01   1.0000000e+00
   3.4900000e+00   6.3068991e-01   1.0000000e+00
   3.5100000e+00   6.2962116e-01   1.0000000e+00
   3.5300000e+00   6.2855240e-01   1.0000000e+00
   3.5500000e+00   6.2770356e-01   1.0000000e+00
   3.5700000e+00   6.2707464e-01   1.0000000e+00
   3.5900000e+00   6.2654026e-01   1.0000000e+00
   3.6100000e+00   6.2600588e-01   1.0000000e+00
   3.6300000e+00   6.2547150e-01   1.0000000e+00
