   6.0000000e-01   9.6564624e-01   0.0000000e+00
   6.2000000e-01   9.4363289e-01   0.0000000e+00
   6.4000000e-01   9.1829190e-01   0.0000000e+00
   6.6000000e-01   8.8962327e-01   0.0000000e+00
   6.8000000e-01   8.6343879e-01   0.0000000e+00
   7.0000000e-01   8.4089637e-01   0.0000000e+00
   7.2000000e-01   8.2199602e-01   0.0000000e+00
   7.4000000e-01   8.0300720e-01   0.0000000e+00
   7.6000000e-01   7.8462550e-01   0.0000000e+00
   7.8000000e-01   7.6685090e-01   0.0000000e+00
   8.0000000e-01   7.5209887e-01   0.0000000e+00
   8.2000000e-01   7.3777595e-01   0.0000000e+00
   8.4000000e-01   7.2388215e-01   0.0000000e+00
   8.6000000e-01   7.1417215e-01   0.0000000e+00
   8.8000000e-01   7.0532038e-01   0.0000000e+00
   9.0000000e-01   6.9732684e-01   0.0000000e+00
   9.2000000e-01   6.9071450e-01   0.0000000e+00
   9.4000000e-01   6.8438277e-01   0.0000000e+00
   9.6000000e-01   6.7833164e-01   0.0000000e+00
   9.8000000e-01   6.7203175e-01   0.0000000e+00
   1.0000000e+00   6.6620992e-01   0.0000000e+00
   1.0200000e+00   6.6086615e-01   0.0000000e+00
   1.0400000e+00   6.5504835e-01   0.0000000e+00
   1.0600000e+00   6.4955774e-01   0.0000000e+00
   1.0800000e+00   6.4439432e-01   0.0000000e+00
   1.1000000e+00   6.3958493e-01   0.0000000e+00
   1.1200000e+00   6.3471352e-01   0.0000000e+00
   1.1400000e+00   6.2978009e-01   0.0000000e+00
   1.1600000e+00   6.2443632e-01   0.0000000e+00
   1.1800000e+00   6.1909255e-01   0.0000000e+00
   1.2000000e+00   6.1374878e-01   0.0000000e+00
   1.2200000e+00   6.0883009e-01   0.0000000e+00
   1.2400000e+00   6.0381184e-01   0.0000000e+00
   1.2600000e+00   5.9869403e-01   0.0000000e+00
   1.2800000e+00   5.9354201e-01   0.0000000e+00
   1.3000000e+00   5.8856131e-01   0.0000000e+00
   1.3200000e+00   5.8375191e-01   0.0000000e+00
   1.3400000e+00   5.7894252e-01   0.0000000e+00
   1.3600000e+00   5.7487233e-01   0.0000000e+00
   1.3800000e+00   5.7154134e-01   0.0000000e+00
   1.4000000e+00   5.6758281e-01   0.0000000e+00
   1.4200000e+00   5.6359577e-01   0.0000000e+00
   1.4400000e+00   5.5958022e-01   0.0000000e+00
   1.4600000e+00   5.5598239e-01   0.0000000e+00
   1.4800000e+00   5.5259342e-01   0.0000000e+00
   1.5000000e+00   5.4941330e-01   0.0000000e+00
   1.5200000e+00   5.4674141e-01   0.0000000e+00
   1.5400000e+00   5.4406953e-01   0.0000000e+00
   1.5600000e+00   5.4139764e-01   0.0000000e+00
   1.5800000e+00   5.3905295e-01   0.0000000e+00
   1.6000000e+00   5.3670658e-01   0.0000000e+00
   1.6200000e+00   5.3435855e-01   0.0000000e+00
   1.6400000e+00   5.3178053e-01   0.0000000e+00
   1.6600000e+00   5.2942276e-01   0.0000000e+00
   1.6800000e+00   5.2728525e-01   0.0000000e+00
   1.7000000e+00   5.2565932e-01   0.0000000e+00
   1.7200000e+00   5.2404479e-01   0.0000000e+00
   1.7400000e+00   5.2244165e-01   0.0000000e+00
   1.7600000e+00   5.2056028e-01   0.0000000e+00
   1.7800000e+00   5.1863163e-01   0.0000000e+00
   1.8000000e+00   5.1665570e-01   0.0000000e+00
   1.8200000e+00   5.1509748e-01   0.0000000e+00
   1.8400000e+00   5.1378400e-01   0.0000000e+00
   1.8600000e+00   5.1271525e-01   0.0000000e+00
   1.8800000e+00   5.1164649e-01   0.0000000e+00
   1.9000000e+00   5.1023177e-01   0.0000000e+00
   1.9200000e+00   5.0847109e-01   0.0000000e+00
   1.9400000e+00   5.0679218e-01   0.0000000e+00
   1.9600000e+00   5.0530572e-01   0.0000000e+00
   1.9800000e+00   5.0401169e-01   0.0000000e+00
   2.0000000e+00   5.0187418e-01   0.0000000e+00
   2.0200000e+00   5.0000185e-01   0.0000000e+00
   2.0400000e+00   4.9839469e-01   0.0000000e+00
   2.0600000e+00   4.9679156e-01   0.0000000e+00
   2.0800000e+00   4.9503992e-01   0.0000000e+00
   2.1000000e+00   4.9313977e-01   0.0000000e+00
   2.1200000e+00   4.9118261e-01   0.0000000e+00
   2.1400000e+00   4.8940247e-01   0.0000000e+00
   2.1600000e+00   4.8779934e-01   0.0000000e+00
   2.1800000e+00   4.8619621e-01   0.0000000e+00
   2.2000000e+00   4.8483378e-01   0.0000000e+00
   2.2200000e+00   4.8371205e-01   0.0000000e+00
   2.2400000e+00   4.8227856e-01   0.0000000e+00
   2.2600000e+00   4.8088428e-01   0.0000000e+00
   2.2800000e+00   4.7952922e-01   0.0000000e+00
   2.3000000e+00   4.7846047e-01   0.0000000e+00
   2.3200000e+00   4.7739171e-01   0.0000000e+00
   2.3400000e+00   4.7632296e-01   0.0000000e+00
   2.3600000e+00   4.7525421e-01   0.0000000e+00
   2.3800000e+00   4.7418545e-01   0.0000000e+00
   2.4000000e+00   4.7311670e-01   0.0000000e+00
   2.4200000e+00   4.7204794e-01   0.0000000e+00
   2.4400000e+00   4.7087963e-01   0.0000000e+00
   2.4600000e+00   4.6961175e-01   0.0000000e+00
   2.4800000e+00   4.6809108e-01   0.0000000e+00
   2.5000000e+00   4.6679636e-01   0.0000000e+00
   2.5200000e+00   4.6572761e-01   0.0000000e+00
   2.5400000e+00   4.6465886e-01   0.0000000e+00
   2.5600000e+00   4.6359010e-01   0.0000000e+00
   2.5800000e+00   4.6252135e-01   0.0000000e+00
   2.6000000e+00   4.6145260e-01   0.0000000e+00
   2.6200000e+00   4.6038384e-01   0.0000000e+00
   2.6400000e+00   4.5931509e-01   0.0000000e+00
   2.6600000e+00   4.5824633e-01   0.0000000e+00
   2.6800000e+00   4.5717758e-01   0.0000000e+00
   2.7000000e+00   4.5610883e-01   0.0000000e+00
   2.7200000e+00   4.5549130e-01   0.0000000e+00
   2.7400000e+00   4.5458078e-01   0.0000000e+00
   2.7600000e+00   4.5337728e-01   0.0000000e+00
   2.7800000e+00   4.5199205e-01   0.0000000e+00
   2.8000000e+00   4.5076505e-01   0.0000000e+00
   2.8200000e+00   4.4969630e-01   0.0000000e+00
   2.8400000e+00   4.4862755e-01   0.0000000e+00
   2.8600000e+00   4.4755879e-01   0.0000000e+00
   2.8800000e+00   4.4649004e-01   0.0000000e+00
   2.9000000e+00   4.4542128e-01   0.0000000e+00
   2.9200000e+00   4.4449534e-01   0.0000000e+00
   2.9400000e+00   4.4371220e-01   0.0000000e+00
   2.9600000e+00   4.4300887e-01   0.0000000e+00
   2.9800000e+00   4.4212283e-01   0.0000000e+00
   3.0000000e+00   4.4105408e-01   0.0000000e+00
   3.0200000e+00   4.3998532e-01   0.0000000e+00
   3.0400000e+00   4.3915157e-01   0.0000000e+00
   3.0600000e+00   4.3855281e-01   0.0000000e+00
   3.0800000e+00   4.3801844e-01   0.0000000e+00
   3.1000000e+00   4.3736572e-01   0.0000000e+00
   3.1200000e+00   4.3659468e-01   0.0000000e+00
   3.1400000e+00   4.3552592e-01   0.0000000e+00
   3.1600000e+00   4.3445884e-01   0.0000000e+00
   3.1800000e+00   4.3339343e-01   0.0000000e+00
   3.2000000e+00   4.3285905e-01   0.0000000e+00
   3.2200000e+00   4.3211414e-01   0.0000000e+00
   3.2400000e+00   4.3115871e-01   0.0000000e+00
   3.2600000e+00   4.3039435e-01   0.0000000e+00
   3.2800000e+00   4.2965112e-01   0.0000000e+00
   3.3000000e+00   4.2892901e-01   0.0000000e+00
   3.3200000e+00   4.2786026e-01   0.0000000e+00
   3.3400000e+00   4.2679151e-01   0.0000000e+00
   3.3600000e+00   4.2572275e-01   0.0000000e+00
   3.3800000e+00   4.2465400e-01   0.0000000e+00
   3.4000000e+00   4.2339919e-01   0.0000000e+00
   3.4200000e+00   4.2195833e-01   0.0000000e+00
   3.4400000e+00   4.2086608e-01   0.0000000e+00
   3.4600000e+00   4.2005277e-01   0.0000000e+00
   3.4800000e+00   4.1951839e-01   0.0000000e+00
   3.5000000e+00   4.1896190e-01   0.0000000e+00
   3.5200000e+00   4.1814928e-01   0.0000000e+00
   3.5400000e+00   4.1708053e-01   0.0000000e+00
   3.5600000e+00   4.1645160e-01   0.0000000e+00
   3.5800000e+00   4.1586995e-01   0.0000000e+00
   3.6000000e+00   4.1533557e-01   0.0000000e+00
   2.0000000e+00   7.6066325e-01   1.0000000e+00
   2.0200000e+00   7.5826057e-01   1.0000000e+00
   2.0400000e+00   7.5559271e-01   1.0000000e+00
   2.0600000e+00   7.5333451e-01   1.0000000e+00
   2.0800000e+00   7.5083963e-01   1.0000000e+00
   2.1000000e+00   7.4810809e-01   1.0000000e+00
   2.1200000e+00   7.4508218e-01   1.0000000e+00
   2.1400000e+00   7.4223328e-01   1.0000000e+00
   2.1600000e+00   7.3956140e-01   1.0000000e+00
   2.1800000e+00   7.3688951e-01   1.0000000e+00
   2.2000000e+00   7.3445833e-01   1.0000000e+00
   2.2200000e+00   7.3226784e-01   1.0000000e+00
   2.2400000e+00   7.2940086e-01   1.0000000e+00
   2.2600000e+00   7.2661231e-01   1.0000000e+00
   2.2800000e+00   7.2390219e-01   1.0000000e+00
   2.3000000e+00   7.2176469e-01   1.0000000e+00
   2.3200000e+00   7.1961244e-01   1.0000000e+00
   2.3400000e+00   7.1744544e-01   1.0000000e+00
   2.3600000e+00   7.1423918e-01   1.0000000e+00
   2.3800000e+00   7.1124915e-01   1.0000000e+00
   2.4000000e+00   7.0847534e-01   1.0000000e+00
   2.4200000e+00   7.0611924e-01   1.0000000e+00
   2.4400000e+00   7.0377288e-01   1.0000000e+00
   2.4600000e+00   7.0143625e-01   1.0000000e+00
   2.4800000e+00   6.9884682e-01   1.0000000e+00
   2.5000000e+00   6.9648336e-01   1.0000000e+00
   2.5200000e+00   6.9434585e-01   1.0000000e+00
   2.5400000e+00   6.9270851e-01   1.0000000e+00
   2.5600000e+00   6.9089653e-01   1.0000000e+00
   2.5800000e+00   6.8890989e-01   1.0000000e+00
   2.6000000e+00   6.8703922e-01   1.0000000e+00
   2.6200000e+00   6.8522723e-01   1.0000000e+00
   2.6400000e+00   6.8347392e-01   1.0000000e+00
   2.6600000e+00   6.8133642e-01   1.0000000e+00
   2.6800000e+00   6.7919891e-01   1.0000000e+00
   2.7000000e+00   6.7706140e-01   1.0000000e+00
   2.7200000e+00   6.7582634e-01   1.0000000e+00
   2.7400000e+00   6.7433988e-01   1.0000000e+00
   2.7600000e+00   6.7260200e-01   1.0000000e+00
   2.7800000e+00   6.7068239e-01   1.0000000e+00
   2.8000000e+00   6.6892102e-01   1.0000000e+00
   2.8200000e+00   6.6731789e-01   1.0000000e+00
   2.8400000e+00   6.6571476e-01   1.0000000e+00
   2.8600000e+00   6.6437110e-01   1.0000000e+00
   2.8800000e+00   6.6328691e-01   1.0000000e+00
   2.9000000e+00   6.6141360e-01   1.0000000e+00
   2.9200000e+00   6.5955099e-01   1.0000000e+00
   2.9400000e+00   6.5769910e-01   1.0000000e+00
   2.9600000e+00   6.5609597e-01   1.0000000e+00
   2.9800000e+00   6.5449284e-01   1.0000000e+00
   3.0000000e+00   6.5288971e-01   1.0000000e+00
   3.0200000e+00   6.5128658e-01   1.0000000e+00
   3.0400000e+00   6.4968345e-01   1.0000000e+00
   3.0600000e+00   6.4808031e-01   1.0000000e+00
   3.0800000e+00   6.4612385e-01   1.0000000e+00
   3.1000000e+00   6.4431353e-01   1.0000000e+00
   3.1200000e+00   6.4264936e-01   1.0000000e+00
   3.1400000e+00   6.4146060e-01   1.0000000e+00
   3.1600000e+00   6.4006466e-01   1.0000000e+00
   3.1800000e+00   6.3846153e-01   1.0000000e+00
   3.2000000e+00   6.3685840e-01   1.0000000e+00
   3.2200000e+00   6.3546579e-01   1.0000000e+00
   3.2400000e+00   6.3428372e-01   1.0000000e+00
   3.2600000e+00   6.3321496e-01   1.0000000e+00
   3.2800000e+00   6.3205234e-01   1.0000000e+00
   3.3000000e+00   6.3079587e-01   1.0000000e+00
   3.3200000e+00   6.2933485e-01   1.0000000e+00
   3.3400000e+00   6.2833716e-01   1.0000000e+00
   3.3600000e+00   6.2780278e-01   1.0000000e+00
   3.3800000e+00   6.2580209e-01   1.0000000e+00
   3.4000000e+00   6.2410510e-01   1.0000000e+00
   3.4200000e+00   6.2271180e-01   1.0000000e+00
   3.4400000e+00   6.2164305e-01   1.0000000e+00
   3.4600000e+00   6.2057429e-01   1.0000000e+00
   3.4800000e+00   6.1950554e-01   1.0000000e+00
   3.5000000e+00   6.1843679e-01   1.0000000e+00
   3.5200000e+00   6.1736803e-01   1.0000000e+00
   3.5400000e+00   6.1629928e-01   1.0000000e+00
   3.5600000e+00   6.1479070e-01   1.0000000e+00
   3.5800000e+00   6.1339642e-01   1.0000000e+00
   3.6000000e+00   6.1211645e-01   1.0000000e+00
   3.6200000e+00   6.1146069e-01   1.0000000e+00
   3.6400000e+00   6.1104298e-01   1.0000000e+00
   3.6600000e+00   6.1086332e-01   1.0000000e+00
   3.6800000e+00   6.0979456e-01   1.0000000e+00
   3.7000000e+00   6.0897958e-01   1.0000000e+00
   3.7200000e+00   6.0841837e-01   1.0000000e+00
   3.7400000e+00   6.0788399e-01   1.0000000e+00
   3.7600000e+00   6.0707540e-01   1.0000000e+00
   3.7800000e+00   6.0599259e-01   1.0000000e+00
   3.8000000e+00   6.0470456e-01   1.0000000e+00
