   6.0000000e-01   9.7092828e-01   0.0000000e+00
   6.2000000e-01   9.5478237e-01   0.0000000e+00
   6.4000000e-01   9.3362156e-01   0.0000000e+00
   6.6000000e-01   9.0744583e-01   0.0000000e+00
   6.8000000e-01   8.7431445e-01   0.0000000e+00
   7.0000000e-01   8.4596328e-01   0.0000000e+00
   7.2000000e-01   8.2239230e-01   0.0000000e+00
   7.4000000e-01   8.0082144e-01   0.0000000e+00
   7.6000000e-01   7.8101292e-01   0.0000000e+00
   7.8000000e-01   7.6296676e-01   0.0000000e+00
   8.0000000e-01   7.4823891e-01   0.0000000e+00
   8.2000000e-01   7.3072182e-01   0.0000000e+00
   8.4000000e-01   7.1041550e-01   0.0000000e+00
   8.6000000e-01   6.9586190e-01   0.0000000e+00
   8.8000000e-01   6.8137102e-01   0.0000000e+00
   9.0000000e-01   6.6694284e-01   0.0000000e+00
   9.2000000e-01   6.5454218e-01   0.0000000e+00
   9.4000000e-01   6.4351703e-01   0.0000000e+00
   9.6000000e-01   6.3386738e-01   0.0000000e+00
   9.8000000e-01   6.2632978e-01   0.0000000e+00
   1.0000000e+00   6.1855316e-01   0.0000000e+00
   1.0200000e+00   6.1053750e-01   0.0000000e+00
   1.0400000e+00   6.0299588e-01   0.0000000e+00
   1.0600000e+00   5.9602047e-01   0.0000000e+00
   1.0800000e+00   5.8961129e-01   0.0000000e+00
   1.1000000e+00   5.8373314e-01   0.0000000e+00
   1.1200000e+00   5.7791701e-01   0.0000000e+00
   1.1400000e+00   5.7216290e-01   0.0000000e+00
   1.1600000e+00   5.6681913e-01   0.0000000e+00
   1.1800000e+00   5.6147536e-01   0.0000000e+00
   1.2000000e+00   5.5613159e-01   0.0000000e+00
   1.2200000e+00   5.5078782e-01   0.0000000e+00
   1.2400000e+00   5.4559826e-01   0.0000000e+00
   1.2600000e+00   5.4056291e-01   0.0000000e+00
   1.2800000e+00   5.3575351e-01   0.0000000e+00
   1.3000000e+00   5.3094412e-01   0.0000000e+00
   1.3200000e+00   5.2613473e-01   0.0000000e+00
   1.3400000e+00   5.2132533e-01   0.0000000e+00
   1.3600000e+00   5.1700874e-01   0.0000000e+00
   1.3800000e+00   5.1318495e-01   0.0000000e+00
   1.4000000e+00   5.0982045e-01   0.0000000e+00
   1.4200000e+00   5.0653507e-01   0.0000000e+00
   1.4400000e+00   5.0332881e-01   0.0000000e+00
   1.4600000e+00   5.0012254e-01   0.0000000e+00
   1.4800000e+00   4.9692935e-01   0.0000000e+00
   1.5000000e+00   4.9374924e-01   0.0000000e+00
   1.5200000e+00   4.9107735e-01   0.0000000e+00
   1.5400000e+00   4.8862739e-01   0.0000000e+00
   1.5600000e+00   4.8639936e-01   0.0000000e+00
   1.5800000e+00   4.8426186e-01   0.0000000e+00
   1.6000000e+00   4.8222961e-01   0.0000000e+00
   1.6200000e+00   4.8030263e-01   0.0000000e+00
   1.6400000e+00   4.7869950e-01   0.0000000e+00
   1.6600000e+00   4.7709637e-01   0.0000000e+00
   1.6800000e+00   4.7549324e-01   0.0000000e+00
   1.7000000e+00   4.7337853e-01   0.0000000e+00
   1.7200000e+00   4.7164733e-01   0.0000000e+00
   1.7400000e+00   4.7029964e-01   0.0000000e+00
   1.7600000e+00   4.6867440e-01   0.0000000e+00
   1.7800000e+00   4.6695460e-01   0.0000000e+00
   1.8000000e+00   4.6514026e-01   0.0000000e+00
   1.8200000e+00   4.6402659e-01   0.0000000e+00
   1.8400000e+00   4.6266819e-01   0.0000000e+00
   1.8600000e+00   4.6106506e-01   0.0000000e+00
   1.8800000e+00   4.5946193e-01   0.0000000e+00
   1.9000000e+00   4.5785879e-01   0.0000000e+00
   1.9200000e+00   4.5625566e-01   0.0000000e+00
   1.9400000e+00   4.5465253e-01   0.0000000e+00
   1.9600000e+00   4.5310572e-01   0.0000000e+00
   1.9800000e+00   4.5161522e-01   0.0000000e+00
   2.0000000e+00   4.5054647e-01   0.0000000e+00
   2.0200000e+00   4.4947771e-01   0.0000000e+00
   2.0400000e+00   4.4840896e-01   0.0000000e+00
   2.0600000e+00   4.4692652e-01   0.0000000e+00
   2.0800000e+00   4.4553225e-01   0.0000000e+00
   2.1000000e+00   4.4422613e-01   0.0000000e+00
   2.1200000e+00   4.4333773e-01   0.0000000e+00
   2.1400000e+00   4.4262634e-01   0.0000000e+00
   2.1600000e+00   4.4209197e-01   0.0000000e+00
   2.1800000e+00   4.4155759e-01   0.0000000e+00
   2.2000000e+00   4.4078251e-01   0.0000000e+00
   2.2200000e+00   4.3976673e-01   0.0000000e+00
   2.2400000e+00   4.3869798e-01   0.0000000e+00
   2.2600000e+00   4.3775326e-01   0.0000000e+00
   2.2800000e+00   4.3693258e-01   0.0000000e+00
   2.3000000e+00   4.3639820e-01   0.0000000e+00
   2.3200000e+00   4.3585646e-01   0.0000000e+00
   2.3400000e+00   4.3530734e-01   0.0000000e+00
   2.3600000e+00   4.3423858e-01   0.0000000e+00
   2.3800000e+00   4.3316983e-01   0.0000000e+00
   2.4000000e+00   4.3210107e-01   0.0000000e+00
   2.4200000e+00   4.3103232e-01   0.0000000e+00
   2.4400000e+00   4.3006313e-01   0.0000000e+00
   2.4600000e+00   4.2919350e-01   0.0000000e+00
   2.4800000e+00   4.2865912e-01   0.0000000e+00
   2.5000000e+00   4.2812475e-01   0.0000000e+00
   2.5200000e+00   4.2759037e-01   0.0000000e+00
   2.5400000e+00   4.2605564e-01   0.0000000e+00
   2.5600000e+00   4.2487023e-01   0.0000000e+00
   2.5800000e+00   4.2403411e-01   0.0000000e+00
   2.6000000e+00   4.2323289e-01   0.0000000e+00
   2.6200000e+00   4.2229790e-01   0.0000000e+00
   2.6400000e+00   4.2122915e-01   0.0000000e+00
   2.6600000e+00   4.2016040e-01   0.0000000e+00
   2.6800000e+00   4.1909164e-01   0.0000000e+00
   2.7000000e+00   4.1802289e-01   0.0000000e+00
   2.7200000e+00   4.1740536e-01   0.0000000e+00
   2.7400000e+00   4.1682941e-01   0.0000000e+00
   2.7600000e+00   4.1629503e-01   0.0000000e+00
   2.7800000e+00   4.1554276e-01   0.0000000e+00
   2.8000000e+00   4.1473348e-01   0.0000000e+00
   2.8200000e+00   4.1386719e-01   0.0000000e+00
   2.8400000e+00   4.1386719e-01   0.0000000e+00
   2.8600000e+00   4.1334824e-01   0.0000000e+00
   2.8800000e+00   4.1231035e-01   0.0000000e+00
   2.9000000e+00   4.1164388e-01   0.0000000e+00
   2.9200000e+00   4.1104345e-01   0.0000000e+00
   2.9400000e+00   4.1050908e-01   0.0000000e+00
   2.9600000e+00   4.1014365e-01   0.0000000e+00
   2.9800000e+00   4.0993479e-01   0.0000000e+00
   3.0000000e+00   4.0988251e-01   0.0000000e+00
   3.0200000e+00   4.0934813e-01   0.0000000e+00
   3.0400000e+00   4.0881375e-01   0.0000000e+00
   3.0600000e+00   4.0827938e-01   0.0000000e+00
   3.0800000e+00   4.0809833e-01   0.0000000e+00
   3.1000000e+00   4.0800781e-01   0.0000000e+00
   3.1200000e+00   4.0800781e-01   0.0000000e+00
   3.1400000e+00   4.0788781e-01   0.0000000e+00
   3.1600000e+00   4.0756229e-01   0.0000000e+00
   3.1800000e+00   4.0703125e-01   0.0000000e+00
   3.2000000e+00   4.0703125e-01   0.0000000e+00
   3.2200000e+00   4.0703125e-01   0.0000000e+00
   3.2400000e+00   4.0703125e-01   0.0000000e+00
   3.2600000e+00   4.0703125e-01   0.0000000e+00
   3.2800000e+00   4.0703125e-01   0.0000000e+00
   3.3000000e+00   4.0703125e-01   0.0000000e+00
   3.3200000e+00   4.0703125e-01   0.0000000e+00
   3.3400000e+00   4.0703125e-01   0.0000000e+00
   3.3600000e+00   4.0703125e-01   0.0000000e+00
   3.3800000e+00   4.0654248e-01   0.0000000e+00
   3.4000000e+00   4.0677512e-01   0.0000000e+00
   3.4200000e+00   4.0772917e-01   0.0000000e+00
   2.0400000e+00   7.0249625e-01   1.0000000e+00
   2.0600000e+00   7.0006576e-01   1.0000000e+00
   2.0800000e+00   6.9736606e-01   1.0000000e+00
   2.1000000e+00   6.9439715e-01   1.0000000e+00
   2.1200000e+00   6.9137124e-01   1.0000000e+00
   2.1400000e+00   6.8849050e-01   1.0000000e+00
   2.1600000e+00   6.8575493e-01   1.0000000e+00
   2.1800000e+00   6.8254867e-01   1.0000000e+00
   2.2000000e+00   6.7934240e-01   1.0000000e+00
   2.2200000e+00   6.7613614e-01   1.0000000e+00
   2.2400000e+00   6.7292988e-01   1.0000000e+00
   2.2600000e+00   6.6997169e-01   1.0000000e+00
   2.2800000e+00   6.6726157e-01   1.0000000e+00
   2.3000000e+00   6.6512406e-01   1.0000000e+00
   2.3200000e+00   6.6298655e-01   1.0000000e+00
   2.3400000e+00   6.6084905e-01   1.0000000e+00
   2.3600000e+00   6.5871154e-01   1.0000000e+00
   2.3800000e+00   6.5679026e-01   1.0000000e+00
   2.4000000e+00   6.5508520e-01   1.0000000e+00
   2.4200000e+00   6.5316628e-01   1.0000000e+00
   2.4400000e+00   6.5113807e-01   1.0000000e+00
   2.4600000e+00   6.4900056e-01   1.0000000e+00
   2.4800000e+00   6.4686305e-01   1.0000000e+00
   2.5000000e+00   6.4472554e-01   1.0000000e+00
   2.5200000e+00   6.4258803e-01   1.0000000e+00
   2.5400000e+00   6.4045053e-01   1.0000000e+00
   2.5600000e+00   6.3850477e-01   1.0000000e+00
   2.5800000e+00   6.3675077e-01   1.0000000e+00
   2.6000000e+00   6.3488080e-01   1.0000000e+00
   2.6200000e+00   6.3295215e-01   1.0000000e+00
   2.6400000e+00   6.3096482e-01   1.0000000e+00
   2.6600000e+00   6.2932817e-01   1.0000000e+00
   2.6800000e+00   6.2744110e-01   1.0000000e+00
   2.7000000e+00   6.2530359e-01   1.0000000e+00
   2.7200000e+00   6.2361731e-01   1.0000000e+00
   2.7400000e+00   6.2180532e-01   1.0000000e+00
   2.7600000e+00   6.1986762e-01   1.0000000e+00
   2.7800000e+00   6.1816591e-01   1.0000000e+00
   2.8000000e+00   6.1667945e-01   1.0000000e+00
   2.8200000e+00   6.1540823e-01   1.0000000e+00
   2.8400000e+00   6.1327072e-01   1.0000000e+00
   2.8600000e+00   6.1165215e-01   1.0000000e+00
   2.8800000e+00   6.1055254e-01   1.0000000e+00
   2.9000000e+00   6.0908150e-01   1.0000000e+00
   2.9200000e+00   6.0768723e-01   1.0000000e+00
   2.9400000e+00   6.0636971e-01   1.0000000e+00
   2.9600000e+00   6.0530096e-01   1.0000000e+00
   2.9800000e+00   6.0423220e-01   1.0000000e+00
   3.0000000e+00   6.0316345e-01   1.0000000e+00
   3.0200000e+00   6.0209470e-01   1.0000000e+00
   3.0400000e+00   6.0102594e-01   1.0000000e+00
   3.0600000e+00   5.9995719e-01   1.0000000e+00
   3.0800000e+00   5.9888843e-01   1.0000000e+00
   3.1000000e+00   5.9793802e-01   1.0000000e+00
   3.1200000e+00   5.9710593e-01   1.0000000e+00
   3.1400000e+00   5.9645155e-01   1.0000000e+00
   3.1600000e+00   5.9558998e-01   1.0000000e+00
   3.1800000e+00   5.9452123e-01   1.0000000e+00
   3.2000000e+00   5.9345247e-01   1.0000000e+00
   3.2200000e+00   5.9196267e-01   1.0000000e+00
   3.2400000e+00   5.9005180e-01   1.0000000e+00
   3.2600000e+00   5.8821868e-01   1.0000000e+00
   3.2800000e+00   5.8659442e-01   1.0000000e+00
   3.3000000e+00   5.8517902e-01   1.0000000e+00
   3.3200000e+00   5.8403920e-01   1.0000000e+00
   3.3400000e+00   5.8266773e-01   1.0000000e+00
   3.3600000e+00   5.8106460e-01   1.0000000e+00
   3.3800000e+00   5.8043901e-01   1.0000000e+00
   3.4000000e+00   5.7967297e-01   1.0000000e+00
   3.4200000e+00   5.7876649e-01   1.0000000e+00
   3.4400000e+00   5.7820862e-01   1.0000000e+00
   3.4600000e+00   5.7786030e-01   1.0000000e+00
   3.4800000e+00   5.7772152e-01   1.0000000e+00
   3.5000000e+00   5.7716503e-01   1.0000000e+00
   3.5200000e+00   5.7635241e-01   1.0000000e+00
   3.5400000e+00   5.7528365e-01   1.0000000e+00
   3.5600000e+00   5.7465473e-01   1.0000000e+00
   3.5800000e+00   5.7423465e-01   1.0000000e+00
   3.6000000e+00   5.7402344e-01   1.0000000e+00
   3.6200000e+00   5.7381694e-01   1.0000000e+00
   2.7600000e+00   7.4779731e-01   2.0000000e+00
   2.7800000e+00   7.4544191e-01   2.0000000e+00
   2.8000000e+00   7.4302949e-01   2.0000000e+00
   2.8200000e+00   7.4056007e-01   2.0000000e+00
   2.8400000e+00   7.3895694e-01   2.0000000e+00
   2.8600000e+00   7.3735381e-01   2.0000000e+00
   2.8800000e+00   7.3575068e-01   2.0000000e+00
   2.9000000e+00   7.3334299e-01   2.0000000e+00
   2.9200000e+00   7.3094601e-01   2.0000000e+00
   2.9400000e+00   7.2855974e-01   2.0000000e+00
   2.9600000e+00   7.2659118e-01   2.0000000e+00
   2.9800000e+00   7.2477919e-01   2.0000000e+00
   3.0000000e+00   7.2312378e-01   2.0000000e+00
   3.0200000e+00   7.2098627e-01   2.0000000e+00
   3.0400000e+00   7.1908376e-01   2.0000000e+00
   3.0600000e+00   7.1741625e-01   2.0000000e+00
   3.0800000e+00   7.1616646e-01   2.0000000e+00
   3.1000000e+00   7.1477051e-01   2.0000000e+00
   3.1200000e+00   7.1322842e-01   2.0000000e+00
   3.1400000e+00   7.1157093e-01   2.0000000e+00
   3.1600000e+00   7.1073718e-01   2.0000000e+00
   3.1800000e+00   7.1072715e-01   2.0000000e+00
   3.2000000e+00   7.0912402e-01   2.0000000e+00
   3.2200000e+00   7.0794194e-01   2.0000000e+00
   3.2400000e+00   7.0718092e-01   2.0000000e+00
   3.2600000e+00   7.0603777e-01   2.0000000e+00
   3.2800000e+00   7.0475848e-01   2.0000000e+00
   3.3000000e+00   7.0334308e-01   2.0000000e+00
   3.3200000e+00   7.0220326e-01   2.0000000e+00
   3.3400000e+00   7.0083179e-01   2.0000000e+00
   3.3600000e+00   6.9922866e-01   2.0000000e+00
   3.3800000e+00   6.9713676e-01   2.0000000e+00
   3.4000000e+00   6.9520810e-01   2.0000000e+00
   3.4200000e+00   6.9344270e-01   2.0000000e+00
   3.4400000e+00   6.9209502e-01   2.0000000e+00
   3.4600000e+00   6.9081741e-01   2.0000000e+00
   3.4800000e+00   6.8960987e-01   2.0000000e+00
   3.5000000e+00   6.8802886e-01   2.0000000e+00
