   6.1000000e-01   9.5946399e-01   0.0000000e+00
   6.3000000e-01   9.4614418e-01   0.0000000e+00
   6.5000000e-01   9.2313717e-01   0.0000000e+00
   6.7000000e-01   8.9640392e-01   0.0000000e+00
   6.9000000e-01   8.6594443e-01   0.0000000e+00
   7.1000000e-01   8.4367957e-01   0.0000000e+00
   7.3000000e-01   8.2128030e-01   0.0000000e+00
   7.5000000e-01   7.9874664e-01   0.0000000e+00
   7.7000000e-01   7.7922875e-01   0.0000000e+00
   7.9000000e-01   7.6215448e-01   0.0000000e+00
   8.1000000e-01   7.4752384e-01   0.0000000e+00
   8.3000000e-01   7.2988940e-01   0.0000000e+00
   8.5000000e-01   7.1408537e-01   0.0000000e+00
   8.7000000e-01   7.0011176e-01   0.0000000e+00
   8.9000000e-01   6.8459271e-01   0.0000000e+00
   9.1000000e-01   6.7026576e-01   0.0000000e+00
   9.3000000e-01   6.5713092e-01   0.0000000e+00
   9.5000000e-01   6.4713530e-01   0.0000000e+00
   9.7000000e-01   6.3794696e-01   0.0000000e+00
   9.9000000e-01   6.2956588e-01   0.0000000e+00
   1.0100000e+00   6.2261897e-01   0.0000000e+00
   1.0300000e+00   6.1543506e-01   0.0000000e+00
   1.0500000e+00   6.0801413e-01   0.0000000e+00
   1.0700000e+00   6.0160494e-01   0.0000000e+00
   1.0900000e+00   5.9546128e-01   0.0000000e+00
   1.1100000e+00   5.8958313e-01   0.0000000e+00
   1.1300000e+00   5.8382902e-01   0.0000000e+00
   1.1500000e+00   5.7828376e-01   0.0000000e+00
   1.1700000e+00   5.7294736e-01   0.0000000e+00
   1.1900000e+00   5.6813797e-01   0.0000000e+00
   1.2100000e+00   5.6311604e-01   0.0000000e+00
   1.2300000e+00   5.5788156e-01   0.0000000e+00
   1.2500000e+00   5.5284621e-01   0.0000000e+00
   1.2700000e+00   5.4801971e-01   0.0000000e+00
   1.2900000e+00   5.4340207e-01   0.0000000e+00
   1.3100000e+00   5.3905197e-01   0.0000000e+00
   1.3300000e+00   5.3447222e-01   0.0000000e+00
   1.3500000e+00   5.2966282e-01   0.0000000e+00
   1.3700000e+00   5.2633184e-01   0.0000000e+00
   1.3900000e+00   5.2268708e-01   0.0000000e+00
   1.4100000e+00   5.1872854e-01   0.0000000e+00
   1.4300000e+00   5.1497247e-01   0.0000000e+00
   1.4500000e+00   5.1141990e-01   0.0000000e+00
   1.4700000e+00   5.0807083e-01   0.0000000e+00
   1.4900000e+00   5.0438247e-01   0.0000000e+00
   1.5100000e+00   5.0120236e-01   0.0000000e+00
   1.5300000e+00   4.9853047e-01   0.0000000e+00
   1.5500000e+00   4.9585858e-01   0.0000000e+00
   1.5700000e+00   4.9335030e-01   0.0000000e+00
   1.5900000e+00   4.9100560e-01   0.0000000e+00
   1.6100000e+00   4.8865757e-01   0.0000000e+00
   1.6300000e+00   4.8619454e-01   0.0000000e+00
   1.6500000e+00   4.8361651e-01   0.0000000e+00
   1.6700000e+00   4.8147901e-01   0.0000000e+00
   1.6900000e+00   4.7959729e-01   0.0000000e+00
   1.7100000e+00   4.7797135e-01   0.0000000e+00
   1.7300000e+00   4.7676313e-01   0.0000000e+00
   1.7500000e+00   4.7534640e-01   0.0000000e+00
   1.7700000e+00   4.7372115e-01   0.0000000e+00
   1.7900000e+00   4.7190681e-01   0.0000000e+00
   1.8100000e+00   4.7044280e-01   0.0000000e+00
   1.8300000e+00   4.6932913e-01   0.0000000e+00
   1.8500000e+00   4.6772600e-01   0.0000000e+00
   1.8700000e+00   4.6612287e-01   0.0000000e+00
   1.8900000e+00   4.6451974e-01   0.0000000e+00
   1.9100000e+00   4.6326257e-01   0.0000000e+00
   1.9300000e+00   4.6209961e-01   0.0000000e+00
   1.9500000e+00   4.6103085e-01   0.0000000e+00
   1.9700000e+00   4.5973683e-01   0.0000000e+00
   1.9900000e+00   4.5802106e-01   0.0000000e+00
   2.0100000e+00   4.5588356e-01   0.0000000e+00
   2.0300000e+00   4.5480674e-01   0.0000000e+00
   2.0500000e+00   4.5373396e-01   0.0000000e+00
   2.0700000e+00   4.5266520e-01   0.0000000e+00
   2.0900000e+00   4.5159645e-01   0.0000000e+00
   2.1100000e+00   4.5052770e-01   0.0000000e+00
   2.1300000e+00   4.4945894e-01   0.0000000e+00
   2.1500000e+00   4.4839019e-01   0.0000000e+00
   2.1700000e+00   4.4732143e-01   0.0000000e+00
   2.1900000e+00   4.4625268e-01   0.0000000e+00
   2.2100000e+00   4.4518392e-01   0.0000000e+00
   2.2300000e+00   4.4393280e-01   0.0000000e+00
   2.2500000e+00   4.4249931e-01   0.0000000e+00
   2.2700000e+00   4.4139232e-01   0.0000000e+00
   2.2900000e+00   4.4050594e-01   0.0000000e+00
   2.3100000e+00   4.3984015e-01   0.0000000e+00
   2.3300000e+00   4.3877140e-01   0.0000000e+00
   2.3500000e+00   4.3770265e-01   0.0000000e+00
   2.3700000e+00   4.3663389e-01   0.0000000e+00
   2.3900000e+00   4.3599759e-01   0.0000000e+00
   2.4100000e+00   4.3525436e-01   0.0000000e+00
   2.4300000e+00   4.3440419e-01   0.0000000e+00
   2.4500000e+00   4.3333544e-01   0.0000000e+00
   2.4700000e+00   4.3230791e-01   0.0000000e+00
   2.4900000e+00   4.3132162e-01   0.0000000e+00
   2.5100000e+00   4.3078724e-01   0.0000000e+00
   2.5300000e+00   4.3025287e-01   0.0000000e+00
   2.5500000e+00   4.2971849e-01   0.0000000e+00
   2.5700000e+00   4.2880060e-01   0.0000000e+00
   2.5900000e+00   4.2807413e-01   0.0000000e+00
   2.6100000e+00   4.2753906e-01   0.0000000e+00
   2.6300000e+00   4.2723870e-01   0.0000000e+00
   2.6500000e+00   4.2657090e-01   0.0000000e+00
   2.6700000e+00   4.2553567e-01   0.0000000e+00
   2.6900000e+00   4.2500129e-01   0.0000000e+00
   2.7100000e+00   4.2446691e-01   0.0000000e+00
   2.7300000e+00   4.2393253e-01   0.0000000e+00
   2.7500000e+00   4.2373272e-01   0.0000000e+00
   2.7700000e+00   4.2352386e-01   0.0000000e+00
   2.7900000e+00   4.2330597e-01   0.0000000e+00
   2.8100000e+00   4.2277159e-01   0.0000000e+00
   2.8300000e+00   4.2223721e-01   0.0000000e+00
   2.8500000e+00   4.2170283e-01   0.0000000e+00
   2.8700000e+00   4.2168740e-01   0.0000000e+00
   2.8900000e+00   4.2167969e-01   0.0000000e+00
   2.9100000e+00   4.2167969e-01   0.0000000e+00
   2.9300000e+00   4.2167969e-01   0.0000000e+00
   2.9500000e+00   4.2167969e-01   0.0000000e+00
   2.9700000e+00   4.2167969e-01   0.0000000e+00
   2.9900000e+00   4.2167969e-01   0.0000000e+00
   3.0100000e+00   4.2167969e-01   0.0000000e+00
   3.0300000e+00   4.2167969e-01   0.0000000e+00
   3.0500000e+00   4.2120969e-01   0.0000000e+00
   3.0700000e+00   4.2088417e-01   0.0000000e+00
   3.0900000e+00   4.2070313e-01   0.0000000e+00
   3.1100000e+00   4.2046645e-01   0.0000000e+00
   3.1300000e+00   4.2014093e-01   0.0000000e+00
   3.1500000e+00   4.1972656e-01   0.0000000e+00
   3.1700000e+00   4.1972656e-01   0.0000000e+00
   3.1900000e+00   4.1972656e-01   0.0000000e+00
   3.2100000e+00   4.1972656e-01   0.0000000e+00
   3.2300000e+00   4.1972656e-01   0.0000000e+00
   3.2500000e+00   4.1942217e-01   0.0000000e+00
   3.2700000e+00   4.1881340e-01   0.0000000e+00
   3.2900000e+00   4.1812009e-01   0.0000000e+00
   3.3100000e+00   4.1773791e-01   0.0000000e+00
   3.3300000e+00   4.1766685e-01   0.0000000e+00
   3.3500000e+00   4.1713247e-01   0.0000000e+00
   3.3700000e+00   4.1684248e-01   0.0000000e+00
   3.3900000e+00   4.1679688e-01   0.0000000e+00
   3.4100000e+00   4.1642477e-01   0.0000000e+00
   3.4300000e+00   4.1584380e-01   0.0000000e+00
   3.4500000e+00   4.1505398e-01   0.0000000e+00
   3.4700000e+00   4.1426279e-01   0.0000000e+00
   3.4900000e+00   4.1386719e-01   0.0000000e+00
   3.5100000e+00   4.1386719e-01   0.0000000e+00
   3.5300000e+00   4.1386719e-01   0.0000000e+00
   3.5500000e+00   4.1342736e-01   0.0000000e+00
   3.5700000e+00   4.1254771e-01   0.0000000e+00
   3.5900000e+00   4.1212528e-01   0.0000000e+00
   3.6100000e+00   4.1181081e-01   0.0000000e+00
   3.6300000e+00   4.1160432e-01   0.0000000e+00
   3.6500000e+00   4.1115977e-01   0.0000000e+00
   3.6700000e+00   4.1093750e-01   0.0000000e+00
   3.6900000e+00   4.1093750e-01   0.0000000e+00
   3.7100000e+00   4.1093750e-01   0.0000000e+00
   3.7300000e+00   4.1093750e-01   0.0000000e+00
   3.7500000e+00   4.1093750e-01   0.0000000e+00
   3.7700000e+00   4.1038907e-01   0.0000000e+00
   3.7900000e+00   4.0981680e-01   0.0000000e+00
   2.0000000e+00   7.1449158e-01   1.0000000e+00
   2.0200000e+00   7.1341879e-01   1.0000000e+00
   2.0400000e+00   7.1287636e-01   1.0000000e+00
   2.0600000e+00   7.1068725e-01   1.0000000e+00
   2.0800000e+00   7.0825675e-01   1.0000000e+00
   2.1000000e+00   7.0558487e-01   1.0000000e+00
   2.1200000e+00   7.0273263e-01   1.0000000e+00
   2.1400000e+00   6.9973522e-01   1.0000000e+00
   2.1600000e+00   6.9659265e-01   1.0000000e+00
   2.1800000e+00   6.9392076e-01   1.0000000e+00
   2.2000000e+00   6.9124888e-01   1.0000000e+00
   2.2200000e+00   6.8857699e-01   1.0000000e+00
   2.2400000e+00   6.8554037e-01   1.0000000e+00
   2.2600000e+00   6.8254297e-01   1.0000000e+00
   2.2800000e+00   6.7958478e-01   1.0000000e+00
   2.3000000e+00   6.7704430e-01   1.0000000e+00
   2.3200000e+00   6.7469056e-01   1.0000000e+00
   2.3400000e+00   6.7252357e-01   1.0000000e+00
   2.3600000e+00   6.6931731e-01   1.0000000e+00
   2.3800000e+00   6.6654350e-01   1.0000000e+00
   2.4000000e+00   6.6420215e-01   1.0000000e+00
   2.4200000e+00   6.6206464e-01   1.0000000e+00
   2.4400000e+00   6.5992713e-01   1.0000000e+00
   2.4600000e+00   6.5778962e-01   1.0000000e+00
   2.4800000e+00   6.5548719e-01   1.0000000e+00
   2.5000000e+00   6.5273285e-01   1.0000000e+00
   2.5200000e+00   6.4952658e-01   1.0000000e+00
   2.5400000e+00   6.4732067e-01   1.0000000e+00
   2.5600000e+00   6.4514896e-01   1.0000000e+00
   2.5800000e+00   6.4301145e-01   1.0000000e+00
   2.6000000e+00   6.4087394e-01   1.0000000e+00
   2.6200000e+00   6.3873643e-01   1.0000000e+00
   2.6400000e+00   6.3659892e-01   1.0000000e+00
   2.6600000e+00   6.3449493e-01   1.0000000e+00
   2.6800000e+00   6.3264137e-01   1.0000000e+00
   2.7000000e+00   6.3103824e-01   1.0000000e+00
   2.7200000e+00   6.2898388e-01   1.0000000e+00
   2.7400000e+00   6.2705523e-01   1.0000000e+00
   2.7600000e+00   6.2525228e-01   1.0000000e+00
   2.7800000e+00   6.2343125e-01   1.0000000e+00
   2.8000000e+00   6.2155322e-01   1.0000000e+00
   2.8200000e+00   6.1961817e-01   1.0000000e+00
   2.8400000e+00   6.1854942e-01   1.0000000e+00
   2.8600000e+00   6.1748067e-01   1.0000000e+00
   2.8800000e+00   6.1641191e-01   1.0000000e+00
   2.9000000e+00   6.1534316e-01   1.0000000e+00
   2.9200000e+00   6.1427440e-01   1.0000000e+00
   2.9400000e+00   6.1320565e-01   1.0000000e+00
   2.9600000e+00   6.1230585e-01   1.0000000e+00
   2.9800000e+00   6.1153647e-01   1.0000000e+00
   3.0000000e+00   6.1089752e-01   1.0000000e+00
   3.0200000e+00   6.0929439e-01   1.0000000e+00
   3.0400000e+00   6.0792626e-01   1.0000000e+00
   3.0600000e+00   6.0679313e-01   1.0000000e+00
   3.0800000e+00   6.0572437e-01   1.0000000e+00
   3.1000000e+00   6.0465562e-01   1.0000000e+00
   3.1200000e+00   6.0358686e-01   1.0000000e+00
   3.1400000e+00   6.0251811e-01   1.0000000e+00
   3.1600000e+00   6.0144769e-01   1.0000000e+00
   3.1800000e+00   6.0037559e-01   1.0000000e+00
   3.2000000e+00   5.9877246e-01   1.0000000e+00
   3.2200000e+00   5.9737985e-01   1.0000000e+00
   3.2400000e+00   5.9619778e-01   1.0000000e+00
   3.2600000e+00   5.9482463e-01   1.0000000e+00
   3.2800000e+00   5.9361808e-01   1.0000000e+00
   3.3000000e+00   5.9257812e-01   1.0000000e+00
   3.3200000e+00   5.9243601e-01   1.0000000e+00
   3.3400000e+00   5.9183057e-01   1.0000000e+00
   3.3600000e+00   5.9076181e-01   1.0000000e+00
   3.3800000e+00   5.9067060e-01   1.0000000e+00
   3.4000000e+00   5.9043895e-01   1.0000000e+00
   3.4200000e+00   5.9006684e-01   1.0000000e+00
   3.4400000e+00   5.9157600e-01   1.0000000e+00
   2.7600000e+00   7.6094022e-01   2.0000000e+00
   2.7800000e+00   7.5741748e-01   2.0000000e+00
   2.8000000e+00   7.5410359e-01   2.0000000e+00
   2.8200000e+00   7.5099856e-01   2.0000000e+00
   2.8400000e+00   7.4832668e-01   2.0000000e+00
   2.8600000e+00   7.4591427e-01   2.0000000e+00
   2.8800000e+00   7.4376133e-01   2.0000000e+00
   2.9000000e+00   7.4242838e-01   2.0000000e+00
   2.9200000e+00   7.4108472e-01   2.0000000e+00
   2.9400000e+00   7.3973035e-01   2.0000000e+00
   2.9600000e+00   7.3795827e-01   2.0000000e+00
   2.9800000e+00   7.3605576e-01   2.0000000e+00
   3.0000000e+00   7.3402283e-01   2.0000000e+00
   3.0200000e+00   7.3295407e-01   2.0000000e+00
   3.0400000e+00   7.3165032e-01   2.0000000e+00
   3.0600000e+00   7.3011156e-01   2.0000000e+00
   3.0800000e+00   7.2850843e-01   2.0000000e+00
   3.1000000e+00   7.2702364e-01   2.0000000e+00
   3.1200000e+00   7.2565718e-01   2.0000000e+00
   3.1400000e+00   7.2434841e-01   2.0000000e+00
   3.1600000e+00   7.2262694e-01   2.0000000e+00
   3.1800000e+00   7.2049278e-01   2.0000000e+00
   3.2000000e+00   7.1888965e-01   2.0000000e+00
   3.2200000e+00   7.1707599e-01   2.0000000e+00
   3.2400000e+00   7.1505180e-01   2.0000000e+00
   3.2600000e+00   7.1321868e-01   2.0000000e+00
   3.2800000e+00   7.1150056e-01   2.0000000e+00
   3.3000000e+00   7.0989743e-01   2.0000000e+00
