   6.1000000e-01   9.6108757e-01   0.0000000e+00
   6.3000000e-01   9.4840602e-01   0.0000000e+00
   6.5000000e-01   9.3284274e-01   0.0000000e+00
   6.7000000e-01   9.1330481e-01   0.0000000e+00
   6.9000000e-01   8.8979222e-01   0.0000000e+00
   7.1000000e-01   8.6810066e-01   0.0000000e+00
   7.3000000e-01   8.4724452e-01   0.0000000e+00
   7.5000000e-01   8.2722381e-01   0.0000000e+00
   7.7000000e-01   8.1064937e-01   0.0000000e+00
   7.9000000e-01   7.9573910e-01   0.0000000e+00
   8.1000000e-01   7.8249300e-01   0.0000000e+00
   8.3000000e-01   7.6753044e-01   0.0000000e+00
   8.5000000e-01   7.5309086e-01   0.0000000e+00
   8.7000000e-01   7.3917426e-01   0.0000000e+00
   8.9000000e-01   7.2649939e-01   0.0000000e+00
   9.1000000e-01   7.1488556e-01   0.0000000e+00
   9.3000000e-01   7.0433276e-01   0.0000000e+00
   9.5000000e-01   6.9576730e-01   0.0000000e+00
   9.7000000e-01   6.8777209e-01   0.0000000e+00
   9.9000000e-01   6.8034713e-01   0.0000000e+00
   1.0100000e+00   6.7340022e-01   0.0000000e+00
   1.0300000e+00   6.6669034e-01   0.0000000e+00
   1.0500000e+00   6.6021747e-01   0.0000000e+00
   1.0700000e+00   6.5416231e-01   0.0000000e+00
   1.0900000e+00   6.4843635e-01   0.0000000e+00
   1.1100000e+00   6.4303961e-01   0.0000000e+00
   1.1300000e+00   6.3823021e-01   0.0000000e+00
   1.1500000e+00   6.3342082e-01   0.0000000e+00
   1.1700000e+00   6.2861143e-01   0.0000000e+00
   1.1900000e+00   6.2380203e-01   0.0000000e+00
   1.2100000e+00   6.1920518e-01   0.0000000e+00
   1.2300000e+00   6.1482087e-01   0.0000000e+00
   1.2500000e+00   6.0992902e-01   0.0000000e+00
   1.2700000e+00   6.0500296e-01   0.0000000e+00
   1.2900000e+00   6.0004270e-01   0.0000000e+00
   1.3100000e+00   5.9569259e-01   0.0000000e+00
   1.3300000e+00   5.9111284e-01   0.0000000e+00
   1.3500000e+00   5.8630345e-01   0.0000000e+00
   1.3700000e+00   5.8149406e-01   0.0000000e+00
   1.3900000e+00   5.7687273e-01   0.0000000e+00
   1.4100000e+00   5.7243948e-01   0.0000000e+00
   1.4300000e+00   5.6790499e-01   0.0000000e+00
   1.4500000e+00   5.6323305e-01   0.0000000e+00
   1.4700000e+00   5.5842365e-01   0.0000000e+00
   1.4900000e+00   5.5369269e-01   0.0000000e+00
   1.5100000e+00   5.4972408e-01   0.0000000e+00
   1.5300000e+00   5.4651781e-01   0.0000000e+00
   1.5500000e+00   5.4331155e-01   0.0000000e+00
   1.5700000e+00   5.4026889e-01   0.0000000e+00
   1.5900000e+00   5.3738982e-01   0.0000000e+00
   1.6100000e+00   5.3471793e-01   0.0000000e+00
   1.6300000e+00   5.3218684e-01   0.0000000e+00
   1.6500000e+00   5.2979654e-01   0.0000000e+00
   1.6700000e+00   5.2872779e-01   0.0000000e+00
   1.6900000e+00   5.2740324e-01   0.0000000e+00
   1.7100000e+00   5.2582292e-01   0.0000000e+00
   1.7300000e+00   5.2421978e-01   0.0000000e+00
   1.7500000e+00   5.2275578e-01   0.0000000e+00
   1.7700000e+00   5.2143089e-01   0.0000000e+00
   1.7900000e+00   5.2003897e-01   0.0000000e+00
   1.8100000e+00   5.1831918e-01   0.0000000e+00
   1.8300000e+00   5.1627150e-01   0.0000000e+00
   1.8500000e+00   5.1520275e-01   0.0000000e+00
   1.8700000e+00   5.1413399e-01   0.0000000e+00
   1.8900000e+00   5.1306524e-01   0.0000000e+00
   1.9100000e+00   5.1199649e-01   0.0000000e+00
   1.9300000e+00   5.1092773e-01   0.0000000e+00
   1.9500000e+00   5.0985898e-01   0.0000000e+00
   1.9700000e+00   5.0890286e-01   0.0000000e+00
   1.9900000e+00   5.0815761e-01   0.0000000e+00
   2.0100000e+00   5.0762323e-01   0.0000000e+00
   2.0300000e+00   5.0655851e-01   0.0000000e+00
   2.0500000e+00   5.0549177e-01   0.0000000e+00
   2.0700000e+00   5.0442302e-01   0.0000000e+00
   2.0900000e+00   5.0335426e-01   0.0000000e+00
   2.1100000e+00   5.0228551e-01   0.0000000e+00
   2.1300000e+00   5.0121675e-01   0.0000000e+00
   2.1500000e+00   5.0014800e-01   0.0000000e+00
   2.1700000e+00   4.9907925e-01   0.0000000e+00
   2.1900000e+00   4.9801049e-01   0.0000000e+00
   2.2100000e+00   4.9694174e-01   0.0000000e+00
   2.2300000e+00   4.9587298e-01   0.0000000e+00
   2.2500000e+00   4.9480423e-01   0.0000000e+00
   2.2700000e+00   4.9348740e-01   0.0000000e+00
   2.2900000e+00   4.9209313e-01   0.0000000e+00
   2.3100000e+00   4.9062140e-01   0.0000000e+00
   2.3300000e+00   4.8955265e-01   0.0000000e+00
   2.3500000e+00   4.8848390e-01   0.0000000e+00
   2.3700000e+00   4.8741514e-01   0.0000000e+00
   2.3900000e+00   4.8634639e-01   0.0000000e+00
   2.4100000e+00   4.8527763e-01   0.0000000e+00
   2.4300000e+00   4.8420888e-01   0.0000000e+00
   2.4500000e+00   4.8314013e-01   0.0000000e+00
   2.4700000e+00   4.8207137e-01   0.0000000e+00
   2.4900000e+00   4.8100262e-01   0.0000000e+00
   2.5100000e+00   4.7993386e-01   0.0000000e+00
   2.5300000e+00   4.7886511e-01   0.0000000e+00
   2.5500000e+00   4.7779636e-01   0.0000000e+00
   2.5700000e+00   4.7672760e-01   0.0000000e+00
   2.5900000e+00   4.7552542e-01   0.0000000e+00
   2.6100000e+00   4.7418983e-01   0.0000000e+00
   2.6300000e+00   4.7288705e-01   0.0000000e+00
   2.6500000e+00   4.7191821e-01   0.0000000e+00
   2.6700000e+00   4.7128329e-01   0.0000000e+00
   2.6900000e+00   4.6914578e-01   0.0000000e+00
   2.7100000e+00   4.6768511e-01   0.0000000e+00
   2.7300000e+00   4.6690128e-01   0.0000000e+00
   2.7500000e+00   4.6603234e-01   0.0000000e+00
   2.7700000e+00   4.6506350e-01   0.0000000e+00
   2.7900000e+00   4.6399474e-01   0.0000000e+00
   2.8100000e+00   4.6282476e-01   0.0000000e+00
   2.8300000e+00   4.6143820e-01   0.0000000e+00
   2.8500000e+00   4.5983507e-01   0.0000000e+00
   2.8700000e+00   4.5875088e-01   0.0000000e+00
   2.8900000e+00   4.5767441e-01   0.0000000e+00
   2.9100000e+00   4.5660566e-01   0.0000000e+00
   2.9300000e+00   4.5553690e-01   0.0000000e+00
   2.9500000e+00   4.5446815e-01   0.0000000e+00
   2.9700000e+00   4.5339940e-01   0.0000000e+00
   2.9900000e+00   4.5227835e-01   0.0000000e+00
   3.0100000e+00   4.5091627e-01   0.0000000e+00
   3.0300000e+00   4.4931314e-01   0.0000000e+00
   3.0500000e+00   4.4865000e-01   0.0000000e+00
   3.0700000e+00   4.4787458e-01   0.0000000e+00
   3.0900000e+00   4.4698687e-01   0.0000000e+00
   3.1100000e+00   4.4591812e-01   0.0000000e+00
   3.1300000e+00   4.4490936e-01   0.0000000e+00
   3.1500000e+00   4.4396062e-01   0.0000000e+00
   3.1700000e+00   4.4342290e-01   0.0000000e+00
   3.1900000e+00   4.4261966e-01   0.0000000e+00
   3.2100000e+00   4.4155091e-01   0.0000000e+00
   3.2300000e+00   4.4090321e-01   0.0000000e+00
   3.2500000e+00   4.4015997e-01   0.0000000e+00
   3.2700000e+00   4.3932121e-01   0.0000000e+00
   3.2900000e+00   4.3825245e-01   0.0000000e+00
   3.3100000e+00   4.3721923e-01   0.0000000e+00
   3.3300000e+00   4.3622154e-01   0.0000000e+00
   3.3500000e+00   4.3568716e-01   0.0000000e+00
   3.3700000e+00   4.3490840e-01   0.0000000e+00
   3.3900000e+00   4.3388525e-01   0.0000000e+00
   3.4100000e+00   4.3318860e-01   0.0000000e+00
   3.4300000e+00   4.3257309e-01   0.0000000e+00
   3.4500000e+00   4.3203871e-01   0.0000000e+00
   3.4700000e+00   4.3136556e-01   0.0000000e+00
   3.4900000e+00   4.3050566e-01   0.0000000e+00
   3.5100000e+00   4.2945902e-01   0.0000000e+00
   3.5300000e+00   4.2892464e-01   0.0000000e+00
   3.5500000e+00   4.2861018e-01   0.0000000e+00
   3.5700000e+00   4.2851563e-01   0.0000000e+00
   3.5900000e+00   4.2819246e-01   0.0000000e+00
   3.6100000e+00   4.2766045e-01   0.0000000e+00
   3.6300000e+00   4.2691957e-01   0.0000000e+00
   3.6500000e+00   4.2594065e-01   0.0000000e+00
   3.6700000e+00   4.2518400e-01   0.0000000e+00
   3.6900000e+00   4.2464962e-01   0.0000000e+00
   3.7100000e+00   4.2411525e-01   0.0000000e+00
   3.7300000e+00   4.2338543e-01   0.0000000e+00
   3.7500000e+00   4.2246017e-01   0.0000000e+00
   3.7700000e+00   4.2193985e-01   0.0000000e+00
   3.7900000e+00   4.2152214e-01   0.0000000e+00
   2.1300000e+00   7.5289935e-01   1.0000000e+00
   2.1500000e+00   7.5135991e-01   1.0000000e+00
   2.1700000e+00   7.5005581e-01   1.0000000e+00
   2.1900000e+00   7.4898705e-01   1.0000000e+00
   2.2100000e+00   7.4599270e-01   1.0000000e+00
   2.2300000e+00   7.4271002e-01   1.0000000e+00
   2.2500000e+00   7.3913902e-01   1.0000000e+00
   2.2700000e+00   7.3564645e-01   1.0000000e+00
   2.2900000e+00   7.3229704e-01   1.0000000e+00
   2.3100000e+00   7.2909077e-01   1.0000000e+00
   2.3300000e+00   7.2589925e-01   1.0000000e+00
   2.3500000e+00   7.2296755e-01   1.0000000e+00
   2.3700000e+00   7.2029567e-01   1.0000000e+00
   2.3900000e+00   7.1719133e-01   1.0000000e+00
   2.4100000e+00   7.1450971e-01   1.0000000e+00
   2.4300000e+00   7.1225082e-01   1.0000000e+00
   2.4500000e+00   7.1044856e-01   1.0000000e+00
   2.4700000e+00   7.0847868e-01   1.0000000e+00
   2.4900000e+00   7.0634117e-01   1.0000000e+00
   2.5100000e+00   7.0420366e-01   1.0000000e+00
   2.5300000e+00   7.0231624e-01   1.0000000e+00
   2.5500000e+00   7.0067891e-01   1.0000000e+00
   2.5700000e+00   6.9907578e-01   1.0000000e+00
   2.5900000e+00   6.9760607e-01   1.0000000e+00
   2.6100000e+00   6.9626978e-01   1.0000000e+00
   2.6300000e+00   6.9490067e-01   1.0000000e+00
   2.6500000e+00   6.9316411e-01   1.0000000e+00
   2.6700000e+00   6.9106012e-01   1.0000000e+00
   2.6900000e+00   6.8945699e-01   1.0000000e+00
   2.7100000e+00   6.8785386e-01   1.0000000e+00
   2.7300000e+00   6.8625073e-01   1.0000000e+00
   2.7500000e+00   6.8464760e-01   1.0000000e+00
   2.7700000e+00   6.8293552e-01   1.0000000e+00
   2.7900000e+00   6.8111449e-01   1.0000000e+00
   2.8100000e+00   6.7897698e-01   1.0000000e+00
   2.8300000e+00   6.7683947e-01   1.0000000e+00
   2.8500000e+00   6.7470196e-01   1.0000000e+00
   2.8700000e+00   6.7360235e-01   1.0000000e+00
   2.8900000e+00   6.7271930e-01   1.0000000e+00
   2.9100000e+00   6.7205283e-01   1.0000000e+00
   2.9300000e+00   6.7123283e-01   1.0000000e+00
   2.9500000e+00   6.7028846e-01   1.0000000e+00
   2.9700000e+00   6.6921971e-01   1.0000000e+00
