   6.1000000e-01   9.7909815e-01   0.0000000e+00
   6.3000000e-01   9.6793726e-01   0.0000000e+00
   6.5000000e-01   9.5248662e-01   0.0000000e+00
   6.7000000e-01   9.3380658e-01   0.0000000e+00
   6.9000000e-01   9.1189712e-01   0.0000000e+00
   7.1000000e-01   8.9180869e-01   0.0000000e+00
   7.3000000e-01   8.7306357e-01   0.0000000e+00
   7.5000000e-01   8.5566177e-01   0.0000000e+00
   7.7000000e-01   8.4096203e-01   0.0000000e+00
   7.9000000e-01   8.2698910e-01   0.0000000e+00
   8.1000000e-01   8.1374300e-01   0.0000000e+00
   8.3000000e-01   7.9878044e-01   0.0000000e+00
   8.5000000e-01   7.8486384e-01   0.0000000e+00
   8.7000000e-01   7.7199318e-01   0.0000000e+00
   8.9000000e-01   7.6079338e-01   0.0000000e+00
   9.1000000e-01   7.5042900e-01   0.0000000e+00
   9.3000000e-01   7.4090005e-01   0.0000000e+00
   9.5000000e-01   7.3252300e-01   0.0000000e+00
   9.7000000e-01   7.2435480e-01   0.0000000e+00
   9.9000000e-01   7.1639546e-01   0.0000000e+00
   1.0100000e+00   7.0891418e-01   0.0000000e+00
   1.0300000e+00   7.0190694e-01   0.0000000e+00
   1.0500000e+00   6.9537372e-01   0.0000000e+00
   1.0700000e+00   6.8896119e-01   0.0000000e+00
   1.0900000e+00   6.8278937e-01   0.0000000e+00
   1.1100000e+00   6.7685824e-01   0.0000000e+00
   1.1300000e+00   6.7151447e-01   0.0000000e+00
   1.1500000e+00   6.6617439e-01   0.0000000e+00
   1.1700000e+00   6.6083799e-01   0.0000000e+00
   1.1900000e+00   6.5602860e-01   0.0000000e+00
   1.2100000e+00   6.5121920e-01   0.0000000e+00
   1.2300000e+00   6.4640981e-01   0.0000000e+00
   1.2500000e+00   6.4160042e-01   0.0000000e+00
   1.2700000e+00   6.3669515e-01   0.0000000e+00
   1.2900000e+00   6.3169400e-01   0.0000000e+00
   1.3100000e+00   6.2635023e-01   0.0000000e+00
   1.3300000e+00   6.2100646e-01   0.0000000e+00
   1.3500000e+00   6.1566269e-01   0.0000000e+00
   1.3700000e+00   6.1031892e-01   0.0000000e+00
   1.3900000e+00   6.0497515e-01   0.0000000e+00
   1.4100000e+00   5.9963138e-01   0.0000000e+00
   1.4300000e+00   5.9402813e-01   0.0000000e+00
   1.4500000e+00   5.8835884e-01   0.0000000e+00
   1.4700000e+00   5.8262350e-01   0.0000000e+00
   1.4900000e+00   5.7733202e-01   0.0000000e+00
   1.5100000e+00   5.7254877e-01   0.0000000e+00
   1.5300000e+00   5.6827375e-01   0.0000000e+00
   1.5500000e+00   5.6444259e-01   0.0000000e+00
   1.5700000e+00   5.6114748e-01   0.0000000e+00
   1.5900000e+00   5.5838841e-01   0.0000000e+00
   1.6100000e+00   5.5646143e-01   0.0000000e+00
   1.6300000e+00   5.5469638e-01   0.0000000e+00
   1.6500000e+00   5.5309325e-01   0.0000000e+00
   1.6700000e+00   5.5149011e-01   0.0000000e+00
   1.6900000e+00   5.5014277e-01   0.0000000e+00
   1.7100000e+00   5.4905121e-01   0.0000000e+00
   1.7300000e+00   5.4798246e-01   0.0000000e+00
   1.7500000e+00   5.4691371e-01   0.0000000e+00
   1.7700000e+00   5.4584495e-01   0.0000000e+00
   1.7900000e+00   5.4461462e-01   0.0000000e+00
   1.8100000e+00   5.4322034e-01   0.0000000e+00
   1.8300000e+00   5.4166213e-01   0.0000000e+00
   1.8500000e+00   5.4059337e-01   0.0000000e+00
   1.8700000e+00   5.3929330e-01   0.0000000e+00
   1.8900000e+00   5.3776192e-01   0.0000000e+00
   1.9100000e+00   5.3650475e-01   0.0000000e+00
   1.9300000e+00   5.3534179e-01   0.0000000e+00
   1.9500000e+00   5.3427304e-01   0.0000000e+00
   1.9700000e+00   5.3309165e-01   0.0000000e+00
   1.9900000e+00   5.3169939e-01   0.0000000e+00
   2.0100000e+00   5.3009626e-01   0.0000000e+00
   2.0300000e+00   5.2849313e-01   0.0000000e+00
   2.0500000e+00   5.2689000e-01   0.0000000e+00
   2.0700000e+00   5.2528687e-01   0.0000000e+00
   2.0900000e+00   5.2368374e-01   0.0000000e+00
   2.1100000e+00   5.2199043e-01   0.0000000e+00
   2.1300000e+00   5.2020694e-01   0.0000000e+00
   2.1500000e+00   5.1813312e-01   0.0000000e+00
   2.1700000e+00   5.1629465e-01   0.0000000e+00
   2.1900000e+00   5.1469152e-01   0.0000000e+00
   2.2100000e+00   5.1260699e-01   0.0000000e+00
   2.2300000e+00   5.1086070e-01   0.0000000e+00
   2.2500000e+00   5.0945267e-01   0.0000000e+00
   2.2700000e+00   5.0838391e-01   0.0000000e+00
   2.2900000e+00   5.0724945e-01   0.0000000e+00
   2.3100000e+00   5.0604929e-01   0.0000000e+00
   2.3300000e+00   5.0446090e-01   0.0000000e+00
   2.3500000e+00   5.0313233e-01   0.0000000e+00
   2.3700000e+00   5.0206358e-01   0.0000000e+00
   2.3900000e+00   5.0056237e-01   0.0000000e+00
   2.4100000e+00   4.9916810e-01   0.0000000e+00
   2.4300000e+00   4.9788076e-01   0.0000000e+00
   2.4500000e+00   4.9661288e-01   0.0000000e+00
   2.4700000e+00   4.9517737e-01   0.0000000e+00
   2.4900000e+00   4.9357424e-01   0.0000000e+00
   2.5100000e+00   4.9197111e-01   0.0000000e+00
   2.5300000e+00   4.9036798e-01   0.0000000e+00
   2.5500000e+00   4.8876485e-01   0.0000000e+00
   2.5700000e+00   4.8716171e-01   0.0000000e+00
   2.5900000e+00   4.8555858e-01   0.0000000e+00
   2.6100000e+00   4.8395545e-01   0.0000000e+00
   2.6300000e+00   4.8220214e-01   0.0000000e+00
   2.6500000e+00   4.8023997e-01   0.0000000e+00
   2.6700000e+00   4.7806895e-01   0.0000000e+00
   2.6900000e+00   4.7539707e-01   0.0000000e+00
   2.7100000e+00   4.7295080e-01   0.0000000e+00
   2.7300000e+00   4.7073014e-01   0.0000000e+00
   2.7500000e+00   4.6859263e-01   0.0000000e+00
   2.7700000e+00   4.6656407e-01   0.0000000e+00
   2.7900000e+00   4.6464446e-01   0.0000000e+00
   2.8100000e+00   4.6304133e-01   0.0000000e+00
   2.8300000e+00   4.6143820e-01   0.0000000e+00
   2.8500000e+00   4.5983507e-01   0.0000000e+00
   2.8700000e+00   4.5823193e-01   0.0000000e+00
   2.8900000e+00   4.5682994e-01   0.0000000e+00
   2.9100000e+00   4.5562909e-01   0.0000000e+00
   2.9300000e+00   4.5484596e-01   0.0000000e+00
   2.9500000e+00   4.5418720e-01   0.0000000e+00
   2.9700000e+00   4.5365282e-01   0.0000000e+00
   2.9900000e+00   4.5296158e-01   0.0000000e+00
   3.0100000e+00   4.5154721e-01   0.0000000e+00
   3.0300000e+00   4.4940970e-01   0.0000000e+00
   3.0500000e+00   4.4727219e-01   0.0000000e+00
   2.3400000e+00   8.3176960e-01   1.0000000e+00
   2.3600000e+00   8.3016647e-01   1.0000000e+00
   2.3800000e+00   8.2834711e-01   1.0000000e+00
   2.4000000e+00   8.2631152e-01   1.0000000e+00
   2.4200000e+00   8.2385822e-01   1.0000000e+00
   2.4400000e+00   8.2109651e-01   1.0000000e+00
   2.4600000e+00   8.1802637e-01   1.0000000e+00
   2.4800000e+00   8.1436819e-01   1.0000000e+00
   2.5000000e+00   8.1093597e-01   1.0000000e+00
   2.5200000e+00   8.0772971e-01   1.0000000e+00
   2.5400000e+00   8.0752449e-01   1.0000000e+00
   2.5600000e+00   8.0703837e-01   1.0000000e+00
   2.5800000e+00   8.0627135e-01   1.0000000e+00
   2.6000000e+00   8.0493575e-01   1.0000000e+00
