   6.1000000e-01   9.8631425e-01   0.0000000e+00
   6.3000000e-01   9.7477320e-01   0.0000000e+00
   6.5000000e-01   9.5928502e-01   0.0000000e+00
   6.7000000e-01   9.4031901e-01   0.0000000e+00
   6.9000000e-01   9.1787517e-01   0.0000000e+00
   7.1000000e-01   8.9861814e-01   0.0000000e+00
   7.3000000e-01   8.8014591e-01   0.0000000e+00
   7.5000000e-01   8.6245849e-01   0.0000000e+00
   7.7000000e-01   8.4757771e-01   0.0000000e+00
   7.9000000e-01   8.3420653e-01   0.0000000e+00
   8.1000000e-01   8.2234498e-01   0.0000000e+00
   8.3000000e-01   8.1005430e-01   0.0000000e+00
   8.5000000e-01   7.9802512e-01   0.0000000e+00
   8.7000000e-01   7.8625742e-01   0.0000000e+00
   8.9000000e-01   7.7490744e-01   0.0000000e+00
   9.1000000e-01   7.6420078e-01   0.0000000e+00
   9.3000000e-01   7.5413745e-01   0.0000000e+00
   9.5000000e-01   7.4557199e-01   0.0000000e+00
   9.7000000e-01   7.3752046e-01   0.0000000e+00
   9.9000000e-01   7.2998286e-01   0.0000000e+00
   1.0100000e+00   7.2196721e-01   0.0000000e+00
   1.0300000e+00   7.1347752e-01   0.0000000e+00
   1.0500000e+00   7.0451381e-01   0.0000000e+00
   1.0700000e+00   6.9721622e-01   0.0000000e+00
   1.0900000e+00   6.9012047e-01   0.0000000e+00
   1.1100000e+00   6.8322654e-01   0.0000000e+00
   1.1300000e+00   6.7574526e-01   0.0000000e+00
   1.1500000e+00   6.6827873e-01   0.0000000e+00
   1.1700000e+00   6.6082693e-01   0.0000000e+00
   1.1900000e+00   6.5548316e-01   0.0000000e+00
   1.2100000e+00   6.4971431e-01   0.0000000e+00
   1.2300000e+00   6.4352037e-01   0.0000000e+00
   1.2500000e+00   6.3679943e-01   0.0000000e+00
   1.2700000e+00   6.2996550e-01   0.0000000e+00
   1.2900000e+00   6.2301860e-01   0.0000000e+00
   1.3100000e+00   6.1614679e-01   0.0000000e+00
   1.3300000e+00   6.0950462e-01   0.0000000e+00
   1.3500000e+00   6.0309210e-01   0.0000000e+00
   1.3700000e+00   5.9717238e-01   0.0000000e+00
   1.3900000e+00   5.9183765e-01   0.0000000e+00
   1.4100000e+00   5.8708791e-01   0.0000000e+00
   1.4300000e+00   5.8281290e-01   0.0000000e+00
   1.4500000e+00   5.7868069e-01   0.0000000e+00
   1.4700000e+00   5.7469129e-01   0.0000000e+00
   1.4900000e+00   5.7140660e-01   0.0000000e+00
   1.5100000e+00   5.6735955e-01   0.0000000e+00
   1.5300000e+00   5.6255016e-01   0.0000000e+00
   1.5500000e+00   5.5951619e-01   0.0000000e+00
   1.5700000e+00   5.5649967e-01   0.0000000e+00
   1.5900000e+00   5.5350059e-01   0.0000000e+00
   1.6100000e+00   5.5050485e-01   0.0000000e+00
   1.6300000e+00   5.4762411e-01   0.0000000e+00
   1.6500000e+00   5.4485837e-01   0.0000000e+00
   1.6700000e+00   5.4165210e-01   0.0000000e+00
   1.6900000e+00   5.3895742e-01   0.0000000e+00
   1.7100000e+00   5.3677430e-01   0.0000000e+00
   1.7300000e+00   5.3463679e-01   0.0000000e+00
   1.7500000e+00   5.3249929e-01   0.0000000e+00
   1.7700000e+00   5.3036178e-01   0.0000000e+00
   1.7900000e+00   5.2806269e-01   0.0000000e+00
   1.8100000e+00   5.2555474e-01   0.0000000e+00
   1.8300000e+00   5.2283794e-01   0.0000000e+00
   1.8500000e+00   5.1963168e-01   0.0000000e+00
   1.8700000e+00   5.1688805e-01   0.0000000e+00
   1.8900000e+00   5.1460704e-01   0.0000000e+00
   1.9100000e+00   5.1212357e-01   0.0000000e+00
   1.9300000e+00   5.0966054e-01   0.0000000e+00
   1.9500000e+00   5.0721795e-01   0.0000000e+00
   1.9700000e+00   5.0508045e-01   0.0000000e+00
   1.9900000e+00   5.0294294e-01   0.0000000e+00
   2.0100000e+00   5.0080543e-01   0.0000000e+00
   2.0300000e+00   4.9866792e-01   0.0000000e+00
   2.0500000e+00   4.9673726e-01   0.0000000e+00
   2.0700000e+00   4.9501343e-01   0.0000000e+00
   2.0900000e+00   4.9341030e-01   0.0000000e+00
   2.1100000e+00   4.9189734e-01   0.0000000e+00
   2.1300000e+00   4.9047457e-01   0.0000000e+00
   2.1500000e+00   4.8940581e-01   0.0000000e+00
   2.1700000e+00   4.8833706e-01   0.0000000e+00
   2.1900000e+00   4.8726830e-01   0.0000000e+00
   2.2100000e+00   4.8619955e-01   0.0000000e+00
   2.2300000e+00   4.8531316e-01   0.0000000e+00
   2.2500000e+00   4.8460915e-01   0.0000000e+00
   2.2700000e+00   4.8457091e-01   0.0000000e+00
   2.2900000e+00   4.8481898e-01   0.0000000e+00
   2.3100000e+00   4.8535336e-01   0.0000000e+00
   2.3300000e+00   4.8596145e-01   0.0000000e+00
   2.3500000e+00   4.8786863e-01   0.0000000e+00
   2.3700000e+00   4.9107489e-01   0.0000000e+00
   2.3900000e+00   4.9168642e-01   0.0000000e+00
   2.4100000e+00   4.9199219e-01   0.0000000e+00
   2.4300000e+00   4.9199219e-01   0.0000000e+00
   2.4500000e+00   4.9166031e-01   0.0000000e+00
   2.4700000e+00   4.9104906e-01   0.0000000e+00
   2.4900000e+00   4.9015843e-01   0.0000000e+00
   2.5100000e+00   4.8926780e-01   0.0000000e+00
   2.5300000e+00   4.8837717e-01   0.0000000e+00
   2.5500000e+00   4.8748655e-01   0.0000000e+00
   2.5700000e+00   4.8646808e-01   0.0000000e+00
   2.5900000e+00   4.8555789e-01   0.0000000e+00
   2.6100000e+00   4.8475598e-01   0.0000000e+00
   2.6300000e+00   4.8407143e-01   0.0000000e+00
   2.6500000e+00   4.8317801e-01   0.0000000e+00
   2.6700000e+00   4.8207575e-01   0.0000000e+00
   2.6900000e+00   4.8047261e-01   0.0000000e+00
   2.7100000e+00   4.7886948e-01   0.0000000e+00
   2.7300000e+00   4.7726635e-01   0.0000000e+00
   2.7500000e+00   4.7599778e-01   0.0000000e+00
   2.7700000e+00   4.7472017e-01   0.0000000e+00
   2.7900000e+00   4.7343352e-01   0.0000000e+00
   2.8100000e+00   4.7172916e-01   0.0000000e+00
   2.8300000e+00   4.6980822e-01   0.0000000e+00
   2.8500000e+00   4.6767071e-01   0.0000000e+00
   2.8700000e+00   4.6657110e-01   0.0000000e+00
   2.8900000e+00   4.6548691e-01   0.0000000e+00
   2.9100000e+00   4.6441816e-01   0.0000000e+00
   2.9300000e+00   4.6306379e-01   0.0000000e+00
   2.9500000e+00   4.6166951e-01   0.0000000e+00
   2.9700000e+00   4.6023533e-01   0.0000000e+00
   2.9900000e+00   4.5921887e-01   0.0000000e+00
   3.0100000e+00   4.5844344e-01   0.0000000e+00
   3.0300000e+00   4.5790907e-01   0.0000000e+00
   3.0500000e+00   4.5643469e-01   0.0000000e+00
   3.0700000e+00   4.5418927e-01   0.0000000e+00
   3.0900000e+00   4.5117280e-01   0.0000000e+00
   3.1100000e+00   4.4885218e-01   0.0000000e+00
   3.1300000e+00   4.4730468e-01   0.0000000e+00
   3.1500000e+00   4.4653029e-01   0.0000000e+00
   3.1700000e+00   4.4492716e-01   0.0000000e+00
   3.1900000e+00   4.4332402e-01   0.0000000e+00
   3.2100000e+00   4.4172089e-01   0.0000000e+00
   3.2300000e+00   4.4095987e-01   0.0000000e+00
   3.2500000e+00   4.4000778e-01   0.0000000e+00
   3.2700000e+00   4.3886463e-01   0.0000000e+00
   3.2900000e+00   4.3744922e-01   0.0000000e+00
   3.3100000e+00   4.3627820e-01   0.0000000e+00
   3.3300000e+00   4.3535156e-01   0.0000000e+00
   3.3500000e+00   4.3535156e-01   0.0000000e+00
