   6.0000000e-01   9.5848242e-01   0.0000000e+00
   6.2000000e-01   9.3891500e-01   0.0000000e+00
   6.4000000e-01   9.1643765e-01   0.0000000e+00
   6.6000000e-01   8.9105037e-01   0.0000000e+00
   6.8000000e-01   8.6914091e-01   0.0000000e+00
   7.0000000e-01   8.4859722e-01   0.0000000e+00
   7.2000000e-01   8.2941931e-01   0.0000000e+00
   7.4000000e-01   8.0970033e-01   0.0000000e+00
   7.6000000e-01   7.9113021e-01   0.0000000e+00
   7.8000000e-01   7.7370895e-01   0.0000000e+00
   8.0000000e-01   7.6024426e-01   0.0000000e+00
   8.2000000e-01   7.4656501e-01   0.0000000e+00
   8.4000000e-01   7.3267121e-01   0.0000000e+00
   8.6000000e-01   7.2348419e-01   0.0000000e+00
   8.8000000e-01   7.1475479e-01   0.0000000e+00
   9.0000000e-01   7.0648300e-01   0.0000000e+00
   9.2000000e-01   6.9962593e-01   0.0000000e+00
   9.4000000e-01   6.9334481e-01   0.0000000e+00
   9.6000000e-01   6.8763965e-01   0.0000000e+00
   9.8000000e-01   6.8229588e-01   0.0000000e+00
   1.0000000e+00   6.7695211e-01   0.0000000e+00
   1.0200000e+00   6.7160834e-01   0.0000000e+00
   1.0400000e+00   6.6721262e-01   0.0000000e+00
   1.0600000e+00   6.6287726e-01   0.0000000e+00
   1.0800000e+00   6.5860224e-01   0.0000000e+00
   1.1000000e+00   6.5384583e-01   0.0000000e+00
   1.1200000e+00   6.4891977e-01   0.0000000e+00
   1.1400000e+00   6.4382407e-01   0.0000000e+00
   1.1600000e+00   6.3954905e-01   0.0000000e+00
   1.1800000e+00   6.3527404e-01   0.0000000e+00
   1.2000000e+00   6.3099902e-01   0.0000000e+00
   1.2200000e+00   6.2629892e-01   0.0000000e+00
   1.2400000e+00   6.2169838e-01   0.0000000e+00
   1.2600000e+00   6.1719741e-01   0.0000000e+00
   1.2800000e+00   6.1273064e-01   0.0000000e+00
   1.3000000e+00   6.0816765e-01   0.0000000e+00
   1.3200000e+00   6.0350843e-01   0.0000000e+00
   1.3400000e+00   5.9976779e-01   0.0000000e+00
   1.3600000e+00   5.9578075e-01   0.0000000e+00
   1.3800000e+00   5.9154731e-01   0.0000000e+00
   1.4000000e+00   5.8764843e-01   0.0000000e+00
   1.4200000e+00   5.8382867e-01   0.0000000e+00
   1.4400000e+00   5.8008803e-01   0.0000000e+00
   1.4600000e+00   5.7649020e-01   0.0000000e+00
   1.4800000e+00   5.7308816e-01   0.0000000e+00
   1.5000000e+00   5.6988189e-01   0.0000000e+00
   1.5200000e+00   5.6667563e-01   0.0000000e+00
   1.5400000e+00   5.6346937e-01   0.0000000e+00
   1.5600000e+00   5.6026311e-01   0.0000000e+00
   1.5800000e+00   5.5738404e-01   0.0000000e+00
   1.6000000e+00   5.5460856e-01   0.0000000e+00
   1.6200000e+00   5.5193667e-01   0.0000000e+00
   1.6400000e+00   5.4935865e-01   0.0000000e+00
   1.6600000e+00   5.4700089e-01   0.0000000e+00
   1.6800000e+00   5.4486338e-01   0.0000000e+00
   1.7000000e+00   5.4272587e-01   0.0000000e+00
   1.7200000e+00   5.4078582e-01   0.0000000e+00
   1.7400000e+00   5.3904322e-01   0.0000000e+00
   1.7600000e+00   5.3716184e-01   0.0000000e+00
   1.7800000e+00   5.3523319e-01   0.0000000e+00
   1.8000000e+00   5.3325726e-01   0.0000000e+00
   1.8200000e+00   5.3160921e-01   0.0000000e+00
   1.8400000e+00   5.2971644e-01   0.0000000e+00
   1.8600000e+00   5.2757893e-01   0.0000000e+00
   1.8800000e+00   5.2590405e-01   0.0000000e+00
   1.9000000e+00   5.2426504e-01   0.0000000e+00
   1.9200000e+00   5.2266191e-01   0.0000000e+00
   1.9400000e+00   5.2105878e-01   0.0000000e+00
   1.9600000e+00   5.1951197e-01   0.0000000e+00
   1.9800000e+00   5.1802147e-01   0.0000000e+00
   2.0000000e+00   5.1695272e-01   0.0000000e+00
   2.0200000e+00   5.1561879e-01   0.0000000e+00
   2.0400000e+00   5.1401969e-01   0.0000000e+00
   2.0600000e+00   5.1283024e-01   0.0000000e+00
   2.0800000e+00   5.1155263e-01   0.0000000e+00
   2.1000000e+00   5.1018686e-01   0.0000000e+00
   2.1200000e+00   5.0876408e-01   0.0000000e+00
   2.1400000e+00   5.0748647e-01   0.0000000e+00
   2.1600000e+00   5.0635403e-01   0.0000000e+00
   2.1800000e+00   5.0475090e-01   0.0000000e+00
   2.2000000e+00   5.0290706e-01   0.0000000e+00
   2.2200000e+00   5.0082253e-01   0.0000000e+00
   2.2400000e+00   4.9941450e-01   0.0000000e+00
   2.2600000e+00   4.9792803e-01   0.0000000e+00
   2.2800000e+00   4.9636313e-01   0.0000000e+00
   2.3000000e+00   4.9422563e-01   0.0000000e+00
   2.3200000e+00   4.9209549e-01   0.0000000e+00
   2.3400000e+00   4.8997272e-01   0.0000000e+00
   2.3600000e+00   4.8836959e-01   0.0000000e+00
   2.3800000e+00   4.8676646e-01   0.0000000e+00
   2.4000000e+00   4.8516333e-01   0.0000000e+00
   2.4200000e+00   4.8356020e-01   0.0000000e+00
   2.4400000e+00   4.8205663e-01   0.0000000e+00
   2.4600000e+00   4.8065262e-01   0.0000000e+00
   2.4800000e+00   4.7950141e-01   0.0000000e+00
   2.5000000e+00   4.7812424e-01   0.0000000e+00
   2.5200000e+00   4.7652110e-01   0.0000000e+00
   2.5400000e+00   4.7541815e-01   0.0000000e+00
   2.5600000e+00   4.7433229e-01   0.0000000e+00
   2.5800000e+00   4.7326354e-01   0.0000000e+00
   2.6000000e+00   4.7219478e-01   0.0000000e+00
   2.6200000e+00   4.7105094e-01   0.0000000e+00
   2.6400000e+00   4.6983200e-01   0.0000000e+00
   2.6600000e+00   4.6826239e-01   0.0000000e+00
   2.6800000e+00   4.6694320e-01   0.0000000e+00
   2.7000000e+00   4.6587445e-01   0.0000000e+00
   2.7200000e+00   4.6480570e-01   0.0000000e+00
   2.7400000e+00   4.6373694e-01   0.0000000e+00
   2.7600000e+00   4.6266819e-01   0.0000000e+00
   2.7800000e+00   4.6159943e-01   0.0000000e+00
   2.8000000e+00   4.6048006e-01   0.0000000e+00
   2.8200000e+00   4.5931007e-01   0.0000000e+00
   2.8400000e+00   4.5770694e-01   0.0000000e+00
   2.8600000e+00   4.5610381e-01   0.0000000e+00
   2.8800000e+00   4.5450068e-01   0.0000000e+00
   2.9000000e+00   4.5329983e-01   0.0000000e+00
   2.9200000e+00   4.5216503e-01   0.0000000e+00
   2.9400000e+00   4.5109628e-01   0.0000000e+00
   2.9600000e+00   4.5002752e-01   0.0000000e+00
   2.9800000e+00   4.4890648e-01   0.0000000e+00
   3.0000000e+00   4.4773315e-01   0.0000000e+00
   3.0200000e+00   4.4559564e-01   0.0000000e+00
   3.0400000e+00   4.4392814e-01   0.0000000e+00
   3.0600000e+00   4.4273063e-01   0.0000000e+00
   3.0800000e+00   4.4166187e-01   0.0000000e+00
   3.1000000e+00   4.4047478e-01   0.0000000e+00
   3.1200000e+00   4.3916936e-01   0.0000000e+00
   3.1400000e+00   4.3756623e-01   0.0000000e+00
   3.1600000e+00   4.3596477e-01   0.0000000e+00
   3.1800000e+00   4.3436498e-01   0.0000000e+00
   3.2000000e+00   4.3329622e-01   0.0000000e+00
   3.2200000e+00   4.3222747e-01   0.0000000e+00
   3.2400000e+00   4.3115871e-01   0.0000000e+00
   3.2600000e+00   4.2978557e-01   0.0000000e+00
   3.2800000e+00   4.2839130e-01   0.0000000e+00
   3.3000000e+00   4.2697589e-01   0.0000000e+00
   3.3200000e+00   4.2590714e-01   0.0000000e+00
   3.3400000e+00   4.2483838e-01   0.0000000e+00
   3.3600000e+00   4.2376963e-01   0.0000000e+00
   3.3800000e+00   4.2270087e-01   0.0000000e+00
   3.4000000e+00   4.2163212e-01   0.0000000e+00
   3.4200000e+00   4.2056336e-01   0.0000000e+00
   3.4400000e+00   4.1949461e-01   0.0000000e+00
   3.4600000e+00   4.1842586e-01   0.0000000e+00
   3.4800000e+00   4.1735710e-01   0.0000000e+00
   3.5000000e+00   4.1628835e-01   0.0000000e+00
   3.5200000e+00   4.1521959e-01   0.0000000e+00
   3.5400000e+00   4.1415084e-01   0.0000000e+00
   3.5600000e+00   4.1308209e-01   0.0000000e+00
   3.5800000e+00   4.1201333e-01   0.0000000e+00
   3.6000000e+00   4.1094458e-01   0.0000000e+00
   3.6200000e+00   4.1008232e-01   0.0000000e+00
   3.6400000e+00   4.0933909e-01   0.0000000e+00
   3.6600000e+00   4.0871488e-01   0.0000000e+00
   3.6800000e+00   4.0764612e-01   0.0000000e+00
   3.7000000e+00   4.0657737e-01   0.0000000e+00
   3.7200000e+00   4.0550862e-01   0.0000000e+00
   3.7400000e+00   4.0522162e-01   0.0000000e+00
   3.7600000e+00   4.0494102e-01   0.0000000e+00
   3.7800000e+00   4.0466680e-01   0.0000000e+00
   2.0100000e+00   7.5176990e-01   1.0000000e+00
   2.0300000e+00   7.5017080e-01   1.0000000e+00
   2.0500000e+00   7.4877653e-01   1.0000000e+00
   2.0700000e+00   7.4758708e-01   1.0000000e+00
   2.0900000e+00   7.4562727e-01   1.0000000e+00
   2.1100000e+00   7.4349178e-01   1.0000000e+00
   2.1300000e+00   7.4118060e-01   1.0000000e+00
   2.1500000e+00   7.3951378e-01   1.0000000e+00
   2.1700000e+00   7.3761162e-01   1.0000000e+00
   2.1900000e+00   7.3547411e-01   1.0000000e+00
   2.2100000e+00   7.3381800e-01   1.0000000e+00
   2.2300000e+00   7.3218838e-01   1.0000000e+00
   2.2500000e+00   7.3058525e-01   1.0000000e+00
   2.2700000e+00   7.2873405e-01   1.0000000e+00
   2.2900000e+00   7.2673969e-01   1.0000000e+00
   2.3100000e+00   7.2460218e-01   1.0000000e+00
   2.3300000e+00   7.2244993e-01   1.0000000e+00
   2.3500000e+00   7.2003786e-01   1.0000000e+00
   2.3700000e+00   7.1736598e-01   1.0000000e+00
   2.3900000e+00   7.1512655e-01   1.0000000e+00
   2.4100000e+00   7.1278018e-01   1.0000000e+00
   2.4300000e+00   7.1032689e-01   1.0000000e+00
   2.4500000e+00   7.0785413e-01   1.0000000e+00
   2.4700000e+00   7.0550776e-01   1.0000000e+00
   2.4900000e+00   7.0328779e-01   1.0000000e+00
   2.5100000e+00   7.0061591e-01   1.0000000e+00
   2.5300000e+00   6.9844420e-01   1.0000000e+00
   2.5500000e+00   6.9677266e-01   1.0000000e+00
   2.5700000e+00   6.9516953e-01   1.0000000e+00
   2.5900000e+00   6.9343297e-01   1.0000000e+00
   2.6100000e+00   6.9156300e-01   1.0000000e+00
   2.6300000e+00   6.8957567e-01   1.0000000e+00
   2.6500000e+00   6.8778044e-01   1.0000000e+00
   2.6700000e+00   6.8617731e-01   1.0000000e+00
   2.6900000e+00   6.8457418e-01   1.0000000e+00
   2.7100000e+00   6.8297105e-01   1.0000000e+00
   2.7300000e+00   6.8136792e-01   1.0000000e+00
   2.7500000e+00   6.8009935e-01   1.0000000e+00
   2.7700000e+00   6.7871279e-01   1.0000000e+00
   2.7900000e+00   6.7720824e-01   1.0000000e+00
   2.8100000e+00   6.7527320e-01   1.0000000e+00
   2.8300000e+00   6.7377130e-01   1.0000000e+00
   2.8500000e+00   6.7270254e-01   1.0000000e+00
   2.8700000e+00   6.7163379e-01   1.0000000e+00
   2.8900000e+00   6.7016275e-01   1.0000000e+00
   2.9100000e+00   6.6828944e-01   1.0000000e+00
   2.9300000e+00   6.6672316e-01   1.0000000e+00
   2.9500000e+00   6.6540565e-01   1.0000000e+00
   2.9700000e+00   6.6433690e-01   1.0000000e+00
   2.9900000e+00   6.6316357e-01   1.0000000e+00
   3.0100000e+00   6.6150815e-01   1.0000000e+00
   3.0300000e+00   6.5937064e-01   1.0000000e+00
   3.0500000e+00   6.5770313e-01   1.0000000e+00
   3.0700000e+00   6.5606781e-01   1.0000000e+00
   3.0900000e+00   6.5446468e-01   1.0000000e+00
   3.1100000e+00   6.5309822e-01   1.0000000e+00
   3.1300000e+00   6.5188061e-01   1.0000000e+00
   3.1500000e+00   6.5081186e-01   1.0000000e+00
   3.1700000e+00   6.4974310e-01   1.0000000e+00
   3.1900000e+00   6.4867435e-01   1.0000000e+00
   3.2100000e+00   6.4760560e-01   1.0000000e+00
   3.2300000e+00   6.4569473e-01   1.0000000e+00
   3.2500000e+00   6.4397494e-01   1.0000000e+00
   3.2700000e+00   6.4244621e-01   1.0000000e+00
   3.2900000e+00   6.4137745e-01   1.0000000e+00
   3.3100000e+00   6.4023764e-01   1.0000000e+00
   3.3300000e+00   6.3902677e-01   1.0000000e+00
   3.3500000e+00   6.3688926e-01   1.0000000e+00
   3.3700000e+00   6.3524052e-01   1.0000000e+00
   3.3900000e+00   6.3408056e-01   1.0000000e+00
   3.4100000e+00   6.3301181e-01   1.0000000e+00
   3.4300000e+00   6.3194305e-01   1.0000000e+00
   3.4500000e+00   6.3087430e-01   1.0000000e+00
   3.4700000e+00   6.2994432e-01   1.0000000e+00
   3.4900000e+00   6.2920109e-01   1.0000000e+00
   3.5100000e+00   6.2864460e-01   1.0000000e+00
   3.5300000e+00   6.2757584e-01   1.0000000e+00
   3.5500000e+00   6.2672700e-01   1.0000000e+00
   3.5700000e+00   6.2609807e-01   1.0000000e+00
   3.5900000e+00   6.2588686e-01   1.0000000e+00
   3.6100000e+00   6.2578125e-01   1.0000000e+00
   3.6300000e+00   6.2578125e-01   1.0000000e+00
