   6.1000000e-01   9.7000066e-01   0.0000000e+00
   6.3000000e-01   9.5822294e-01   0.0000000e+00
   6.5000000e-01   9.4059725e-01   0.0000000e+00
   6.7000000e-01   9.1949373e-01   0.0000000e+00
   6.9000000e-01   8.9491239e-01   0.0000000e+00
   7.1000000e-01   8.7169682e-01   0.0000000e+00
   7.3000000e-01   8.4944641e-01   0.0000000e+00
   7.5000000e-01   8.2816116e-01   0.0000000e+00
   7.7000000e-01   8.1051797e-01   0.0000000e+00
   7.9000000e-01   7.9453894e-01   0.0000000e+00
   8.1000000e-01   7.8022409e-01   0.0000000e+00
   8.3000000e-01   7.6419277e-01   0.0000000e+00
   8.5000000e-01   7.4868444e-01   0.0000000e+00
   8.7000000e-01   7.3369908e-01   0.0000000e+00
   8.9000000e-01   7.1995546e-01   0.0000000e+00
   9.1000000e-01   7.0756252e-01   0.0000000e+00
   9.3000000e-01   6.9652026e-01   0.0000000e+00
   9.5000000e-01   6.8760884e-01   0.0000000e+00
   9.7000000e-01   6.7899074e-01   0.0000000e+00
   9.9000000e-01   6.7066598e-01   0.0000000e+00
   1.0100000e+00   6.6425345e-01   0.0000000e+00
   1.0300000e+00   6.5760391e-01   0.0000000e+00
   1.0500000e+00   6.5071736e-01   0.0000000e+00
   1.0700000e+00   6.4484255e-01   0.0000000e+00
   1.0900000e+00   6.3935361e-01   0.0000000e+00
   1.1100000e+00   6.3425054e-01   0.0000000e+00
   1.1300000e+00   6.2944115e-01   0.0000000e+00
   1.1500000e+00   6.2463176e-01   0.0000000e+00
   1.1700000e+00   6.1982236e-01   0.0000000e+00
   1.1900000e+00   6.1501297e-01   0.0000000e+00
   1.2100000e+00   6.1062866e-01   0.0000000e+00
   1.2300000e+00   6.0666944e-01   0.0000000e+00
   1.2500000e+00   6.0231196e-01   0.0000000e+00
   1.2700000e+00   5.9792028e-01   0.0000000e+00
   1.2900000e+00   5.9349439e-01   0.0000000e+00
   1.3100000e+00   5.8967866e-01   0.0000000e+00
   1.3300000e+00   5.8563329e-01   0.0000000e+00
   1.3500000e+00   5.8135827e-01   0.0000000e+00
   1.3700000e+00   5.7708326e-01   0.0000000e+00
   1.3900000e+00   5.7299631e-01   0.0000000e+00
   1.4100000e+00   5.6909743e-01   0.0000000e+00
   1.4300000e+00   5.6535679e-01   0.0000000e+00
   1.4500000e+00   5.6154475e-01   0.0000000e+00
   1.4700000e+00   5.5766130e-01   0.0000000e+00
   1.4900000e+00   5.5343857e-01   0.0000000e+00
   1.5100000e+00   5.4972408e-01   0.0000000e+00
   1.5300000e+00   5.4651781e-01   0.0000000e+00
   1.5500000e+00   5.4331155e-01   0.0000000e+00
   1.5700000e+00   5.4043248e-01   0.0000000e+00
   1.5900000e+00   5.3788060e-01   0.0000000e+00
   1.6100000e+00   5.3553257e-01   0.0000000e+00
   1.6300000e+00   5.3311647e-01   0.0000000e+00
   1.6500000e+00   5.3063231e-01   0.0000000e+00
   1.6700000e+00   5.2902918e-01   0.0000000e+00
   1.6900000e+00   5.2742605e-01   0.0000000e+00
   1.7100000e+00   5.2582292e-01   0.0000000e+00
   1.7300000e+00   5.2421978e-01   0.0000000e+00
   1.7500000e+00   5.2247753e-01   0.0000000e+00
   1.7700000e+00   5.2059615e-01   0.0000000e+00
   1.7900000e+00   5.1862023e-01   0.0000000e+00
   1.8100000e+00   5.1683070e-01   0.0000000e+00
   1.8300000e+00   5.1522756e-01   0.0000000e+00
   1.8500000e+00   5.1362443e-01   0.0000000e+00
   1.8700000e+00   5.1225262e-01   0.0000000e+00
   1.8900000e+00   5.1111211e-01   0.0000000e+00
   1.9100000e+00   5.0969740e-01   0.0000000e+00
   1.9300000e+00   5.0841777e-01   0.0000000e+00
   1.9500000e+00   5.0727324e-01   0.0000000e+00
   1.9700000e+00   5.0651359e-01   0.0000000e+00
   1.9900000e+00   5.0533220e-01   0.0000000e+00
   2.0100000e+00   5.0372907e-01   0.0000000e+00
   2.0300000e+00   5.0265629e-01   0.0000000e+00
   2.0500000e+00   5.0137868e-01   0.0000000e+00
   2.0700000e+00   4.9989624e-01   0.0000000e+00
   2.0900000e+00   4.9859013e-01   0.0000000e+00
   2.1100000e+00   4.9740270e-01   0.0000000e+00
   2.1300000e+00   4.9633394e-01   0.0000000e+00
   2.1500000e+00   4.9513781e-01   0.0000000e+00
   2.1700000e+00   4.9347099e-01   0.0000000e+00
   2.1900000e+00   4.9133348e-01   0.0000000e+00
   2.2100000e+00   4.9015878e-01   0.0000000e+00
   2.2300000e+00   4.8903705e-01   0.0000000e+00
   2.2500000e+00   4.8796829e-01   0.0000000e+00
   2.2700000e+00   4.8665147e-01   0.0000000e+00
   2.2900000e+00   4.8525719e-01   0.0000000e+00
   2.3100000e+00   4.8378547e-01   0.0000000e+00
   2.3300000e+00   4.8271671e-01   0.0000000e+00
   2.3500000e+00   4.8164796e-01   0.0000000e+00
   2.3700000e+00   4.8057920e-01   0.0000000e+00
   2.3900000e+00   4.7951045e-01   0.0000000e+00
   2.4100000e+00   4.7844170e-01   0.0000000e+00
   2.4300000e+00   4.7737294e-01   0.0000000e+00
   2.4500000e+00   4.7650331e-01   0.0000000e+00
   2.4700000e+00   4.7567762e-01   0.0000000e+00
   2.4900000e+00   4.7489586e-01   0.0000000e+00
   2.5100000e+00   4.7275835e-01   0.0000000e+00
   2.5300000e+00   4.7112102e-01   0.0000000e+00
   2.5500000e+00   4.6998386e-01   0.0000000e+00
   2.5700000e+00   4.6891510e-01   0.0000000e+00
   2.5900000e+00   4.6784635e-01   0.0000000e+00
   2.6100000e+00   4.6677759e-01   0.0000000e+00
   2.6300000e+00   4.6540848e-01   0.0000000e+00
   2.6500000e+00   4.6368868e-01   0.0000000e+00
   2.6700000e+00   4.6161821e-01   0.0000000e+00
   2.6900000e+00   4.6054945e-01   0.0000000e+00
   2.7100000e+00   4.5925508e-01   0.0000000e+00
   2.7300000e+00   4.5773510e-01   0.0000000e+00
   2.7500000e+00   4.5646653e-01   0.0000000e+00
   2.7700000e+00   4.5529787e-01   0.0000000e+00
   2.7900000e+00   4.5422912e-01   0.0000000e+00
   2.8100000e+00   4.5316037e-01   0.0000000e+00
   2.8300000e+00   4.5209161e-01   0.0000000e+00
   2.8500000e+00   4.5102286e-01   0.0000000e+00
   2.8700000e+00   4.4995410e-01   0.0000000e+00
   2.8900000e+00   4.4928763e-01   0.0000000e+00
   2.9100000e+00   4.4902344e-01   0.0000000e+00
   2.9300000e+00   4.4845220e-01   0.0000000e+00
   2.9500000e+00   4.4763221e-01   0.0000000e+00
   2.9700000e+00   4.4656346e-01   0.0000000e+00
   2.9900000e+00   4.4559928e-01   0.0000000e+00
   3.0100000e+00   4.4511719e-01   0.0000000e+00
   3.0300000e+00   4.4511719e-01   0.0000000e+00
   3.0500000e+00   4.4417719e-01   0.0000000e+00
   3.0700000e+00   4.4317281e-01   0.0000000e+00
   3.0900000e+00   4.4210406e-01   0.0000000e+00
   3.1100000e+00   4.4150864e-01   0.0000000e+00
   3.1300000e+00   4.4109093e-01   0.0000000e+00
   3.1500000e+00   4.4085092e-01   0.0000000e+00
   3.1700000e+00   4.3978217e-01   0.0000000e+00
   3.1900000e+00   4.3871341e-01   0.0000000e+00
   3.2100000e+00   4.3764466e-01   0.0000000e+00
   3.2300000e+00   4.3699696e-01   0.0000000e+00
   3.2500000e+00   4.3625372e-01   0.0000000e+00
   3.2700000e+00   4.3541496e-01   0.0000000e+00
   3.2900000e+00   4.3434620e-01   0.0000000e+00
   3.3100000e+00   4.3331298e-01   0.0000000e+00
   3.3300000e+00   4.3231529e-01   0.0000000e+00
   3.3500000e+00   4.3178091e-01   0.0000000e+00
   3.3700000e+00   4.3100215e-01   0.0000000e+00
   3.3900000e+00   4.2997900e-01   0.0000000e+00
   3.4100000e+00   4.2891024e-01   0.0000000e+00
   3.4300000e+00   4.2796921e-01   0.0000000e+00
   3.4500000e+00   4.2715590e-01   0.0000000e+00
   3.4700000e+00   4.2662152e-01   0.0000000e+00
   3.4900000e+00   4.2607609e-01   0.0000000e+00
   3.5100000e+00   4.2551960e-01   0.0000000e+00
   3.5300000e+00   4.2445084e-01   0.0000000e+00
   3.5500000e+00   4.2382191e-01   0.0000000e+00
   3.5700000e+00   4.2363281e-01   0.0000000e+00
   3.5900000e+00   4.2298649e-01   0.0000000e+00
   3.6100000e+00   4.2223220e-01   0.0000000e+00
   3.6300000e+00   4.2136994e-01   0.0000000e+00
   3.6500000e+00   4.2083557e-01   0.0000000e+00
   3.6700000e+00   4.2030119e-01   0.0000000e+00
   3.6900000e+00   4.1976681e-01   0.0000000e+00
   3.7100000e+00   4.1923243e-01   0.0000000e+00
   3.7300000e+00   4.1869806e-01   0.0000000e+00
   3.7500000e+00   4.1816368e-01   0.0000000e+00
   3.7700000e+00   4.1790352e-01   0.0000000e+00
   3.7900000e+00   4.1761589e-01   0.0000000e+00
   2.0000000e+00   7.6863261e-01   1.0000000e+00
   2.0200000e+00   7.6756788e-01   1.0000000e+00
   2.0400000e+00   7.6597281e-01   1.0000000e+00
   2.0600000e+00   7.6354232e-01   1.0000000e+00
   2.0800000e+00   7.6084262e-01   1.0000000e+00
   2.1000000e+00   7.5787372e-01   1.0000000e+00
   2.1200000e+00   7.5466745e-01   1.0000000e+00
   2.1400000e+00   7.5142935e-01   1.0000000e+00
   2.1600000e+00   7.4815940e-01   1.0000000e+00
   2.1800000e+00   7.4441876e-01   1.0000000e+00
   2.2000000e+00   7.4091882e-01   1.0000000e+00
   2.2200000e+00   7.3765958e-01   1.0000000e+00
   2.2400000e+00   7.3408858e-01   1.0000000e+00
   2.2600000e+00   7.3068083e-01   1.0000000e+00
   2.2800000e+00   7.2743634e-01   1.0000000e+00
   2.3000000e+00   7.2476445e-01   1.0000000e+00
   2.3200000e+00   7.2209994e-01   1.0000000e+00
   2.3400000e+00   7.1944280e-01   1.0000000e+00
   2.3600000e+00   7.1730529e-01   1.0000000e+00
   2.3800000e+00   7.1516778e-01   1.0000000e+00
   2.4000000e+00   7.1303027e-01   1.0000000e+00
   2.4200000e+00   7.1120855e-01   1.0000000e+00
   2.4400000e+00   7.0939657e-01   1.0000000e+00
   2.4600000e+00   7.0759431e-01   1.0000000e+00
   2.4800000e+00   7.0553926e-01   1.0000000e+00
   2.5000000e+00   7.0371017e-01   1.0000000e+00
   2.5200000e+00   7.0210704e-01   1.0000000e+00
   2.5400000e+00   7.0000374e-01   1.0000000e+00
   2.5600000e+00   6.9826684e-01   1.0000000e+00
   2.5800000e+00   6.9689635e-01   1.0000000e+00
   2.6000000e+00   6.9529391e-01   1.0000000e+00
   2.6200000e+00   6.9357411e-01   1.0000000e+00
   2.6400000e+00   6.9173696e-01   1.0000000e+00
   2.6600000e+00   6.9056766e-01   1.0000000e+00
   2.6800000e+00   6.8864707e-01   1.0000000e+00
   2.7000000e+00   6.8597519e-01   1.0000000e+00
   2.7200000e+00   6.8375453e-01   1.0000000e+00
   2.7400000e+00   6.8157545e-01   1.0000000e+00
   2.7600000e+00   6.7943794e-01   1.0000000e+00
   2.7800000e+00   6.7751833e-01   1.0000000e+00
   2.8000000e+00   6.7575696e-01   1.0000000e+00
   2.8200000e+00   6.7415382e-01   1.0000000e+00
   2.8400000e+00   6.7255069e-01   1.0000000e+00
   2.8600000e+00   6.7094756e-01   1.0000000e+00
   2.8800000e+00   6.6934443e-01   1.0000000e+00
   2.9000000e+00   6.6733902e-01   1.0000000e+00
   2.9200000e+00   6.6541037e-01   1.0000000e+00
   2.9400000e+00   6.6355848e-01   1.0000000e+00
   2.9600000e+00   6.6111059e-01   1.0000000e+00
