   6.1000000e-01   9.5567038e-01   0.0000000e+00
   6.3000000e-01   9.4306057e-01   0.0000000e+00
   6.5000000e-01   9.2665381e-01   0.0000000e+00
   6.7000000e-01   9.0776289e-01   0.0000000e+00
   6.9000000e-01   8.8638781e-01   0.0000000e+00
   7.1000000e-01   8.6546799e-01   0.0000000e+00
   7.3000000e-01   8.4475702e-01   0.0000000e+00
   7.5000000e-01   8.2425491e-01   0.0000000e+00
   7.7000000e-01   8.0727750e-01   0.0000000e+00
   7.9000000e-01   7.9238030e-01   0.0000000e+00
   8.1000000e-01   7.7956331e-01   0.0000000e+00
   8.3000000e-01   7.6460076e-01   0.0000000e+00
   8.5000000e-01   7.5042266e-01   0.0000000e+00
   8.7000000e-01   7.3702903e-01   0.0000000e+00
   8.9000000e-01   7.2407592e-01   0.0000000e+00
   9.1000000e-01   7.1220060e-01   0.0000000e+00
   9.3000000e-01   7.0140308e-01   0.0000000e+00
   9.5000000e-01   6.9283761e-01   0.0000000e+00
   9.7000000e-01   6.8481424e-01   0.0000000e+00
   9.9000000e-01   6.7733296e-01   0.0000000e+00
   1.0100000e+00   6.6985168e-01   0.0000000e+00
   1.0300000e+00   6.6284444e-01   0.0000000e+00
   1.0500000e+00   6.5631122e-01   0.0000000e+00
   1.0700000e+00   6.5097079e-01   0.0000000e+00
   1.0900000e+00   6.4577553e-01   0.0000000e+00
   1.1100000e+00   6.4072543e-01   0.0000000e+00
   1.1300000e+00   6.3550570e-01   0.0000000e+00
   1.1500000e+00   6.3048745e-01   0.0000000e+00
   1.1700000e+00   6.2567068e-01   0.0000000e+00
   1.1900000e+00   6.2032691e-01   0.0000000e+00
   1.2100000e+00   6.1540823e-01   0.0000000e+00
   1.2300000e+00   6.1091462e-01   0.0000000e+00
   1.2500000e+00   6.0633119e-01   0.0000000e+00
   1.2700000e+00   6.0163477e-01   0.0000000e+00
   1.2900000e+00   5.9682538e-01   0.0000000e+00
   1.3100000e+00   5.9201599e-01   0.0000000e+00
   1.3300000e+00   5.8720659e-01   0.0000000e+00
   1.3500000e+00   5.8239720e-01   0.0000000e+00
   1.3700000e+00   5.7808061e-01   0.0000000e+00
   1.3900000e+00   5.7378480e-01   0.0000000e+00
   1.4100000e+00   5.6950979e-01   0.0000000e+00
   1.4300000e+00   5.6497530e-01   0.0000000e+00
   1.4500000e+00   5.6030336e-01   0.0000000e+00
   1.4700000e+00   5.5549396e-01   0.0000000e+00
   1.4900000e+00   5.5076300e-01   0.0000000e+00
   1.5100000e+00   5.4679439e-01   0.0000000e+00
   1.5300000e+00   5.4358813e-01   0.0000000e+00
   1.5500000e+00   5.4082572e-01   0.0000000e+00
   1.5700000e+00   5.3843577e-01   0.0000000e+00
   1.5900000e+00   5.3641826e-01   0.0000000e+00
   1.6100000e+00   5.3481513e-01   0.0000000e+00
   1.6300000e+00   5.3325893e-01   0.0000000e+00
   1.6500000e+00   5.3174966e-01   0.0000000e+00
   1.6700000e+00   5.3068091e-01   0.0000000e+00
   1.6900000e+00   5.2986794e-01   0.0000000e+00
   1.7100000e+00   5.2931076e-01   0.0000000e+00
   1.7300000e+00   5.2917130e-01   0.0000000e+00
   1.7500000e+00   5.2882332e-01   0.0000000e+00
   1.7700000e+00   5.2826683e-01   0.0000000e+00
   1.7900000e+00   5.2735965e-01   0.0000000e+00
   1.8100000e+00   5.2661642e-01   0.0000000e+00
   1.8300000e+00   5.2603713e-01   0.0000000e+00
   1.8500000e+00   5.2496837e-01   0.0000000e+00
   1.8700000e+00   5.2389962e-01   0.0000000e+00
   1.8900000e+00   5.2283086e-01   0.0000000e+00
   1.9100000e+00   5.2176211e-01   0.0000000e+00
   1.9300000e+00   5.2069336e-01   0.0000000e+00
   1.9500000e+00   5.1962460e-01   0.0000000e+00
   1.9700000e+00   5.1855585e-01   0.0000000e+00
   1.9900000e+00   5.1748709e-01   0.0000000e+00
   2.0100000e+00   5.1641834e-01   0.0000000e+00
   2.0300000e+00   5.1481924e-01   0.0000000e+00
   2.0500000e+00   5.1342496e-01   0.0000000e+00
   2.0700000e+00   5.1223552e-01   0.0000000e+00
   2.0900000e+00   5.1086974e-01   0.0000000e+00
   2.1100000e+00   5.0947547e-01   0.0000000e+00
   2.1300000e+00   5.0805269e-01   0.0000000e+00
   2.1500000e+00   5.0692025e-01   0.0000000e+00
   2.1700000e+00   5.0555246e-01   0.0000000e+00
   2.1900000e+00   5.0394933e-01   0.0000000e+00
   2.2100000e+00   5.0234620e-01   0.0000000e+00
   2.2300000e+00   5.0092544e-01   0.0000000e+00
   2.2500000e+00   4.9968704e-01   0.0000000e+00
   2.2700000e+00   4.9837022e-01   0.0000000e+00
   2.2900000e+00   4.9691024e-01   0.0000000e+00
   2.3100000e+00   4.9530711e-01   0.0000000e+00
   2.3300000e+00   4.9371872e-01   0.0000000e+00
   2.3500000e+00   4.9239015e-01   0.0000000e+00
   2.3700000e+00   4.9132139e-01   0.0000000e+00
   2.3900000e+00   4.8938773e-01   0.0000000e+00
   2.4100000e+00   4.8766793e-01   0.0000000e+00
   2.4300000e+00   4.8616201e-01   0.0000000e+00
   2.4500000e+00   4.8509325e-01   0.0000000e+00
   2.4700000e+00   4.8394204e-01   0.0000000e+00
   2.4900000e+00   4.8270836e-01   0.0000000e+00
   2.5100000e+00   4.8057085e-01   0.0000000e+00
   2.5300000e+00   4.7918360e-01   0.0000000e+00
   2.5500000e+00   4.7854661e-01   0.0000000e+00
   2.5700000e+00   4.7762873e-01   0.0000000e+00
   2.5900000e+00   4.7663541e-01   0.0000000e+00
   2.6100000e+00   4.7556666e-01   0.0000000e+00
   2.6300000e+00   4.7434772e-01   0.0000000e+00
   2.6500000e+00   4.7295345e-01   0.0000000e+00
   2.6700000e+00   4.7138383e-01   0.0000000e+00
   2.6900000e+00   4.7031508e-01   0.0000000e+00
   2.7100000e+00   4.6924632e-01   0.0000000e+00
   2.7300000e+00   4.6817757e-01   0.0000000e+00
   2.7500000e+00   4.6710881e-01   0.0000000e+00
   2.7700000e+00   4.6604006e-01   0.0000000e+00
   2.7900000e+00   4.6497131e-01   0.0000000e+00
   2.8100000e+00   4.6390255e-01   0.0000000e+00
   2.8300000e+00   4.6283380e-01   0.0000000e+00
   2.8500000e+00   4.6176504e-01   0.0000000e+00
   2.8700000e+00   4.6069629e-01   0.0000000e+00
   2.8900000e+00   4.5962754e-01   0.0000000e+00
   2.9100000e+00   4.5855878e-01   0.0000000e+00
   2.9300000e+00   4.5749003e-01   0.0000000e+00
   2.9500000e+00   4.5642127e-01   0.0000000e+00
   2.9700000e+00   4.5535252e-01   0.0000000e+00
   2.9900000e+00   4.5428377e-01   0.0000000e+00
   3.0100000e+00   4.5321501e-01   0.0000000e+00
   3.0300000e+00   4.5214626e-01   0.0000000e+00
   3.0500000e+00   4.5154750e-01   0.0000000e+00
   3.0700000e+00   4.5080427e-01   0.0000000e+00
   3.0900000e+00   4.4991656e-01   0.0000000e+00
   3.1100000e+00   4.4908447e-01   0.0000000e+00
   3.1300000e+00   4.4840124e-01   0.0000000e+00
   3.1500000e+00   4.4786687e-01   0.0000000e+00
   3.1700000e+00   4.4732915e-01   0.0000000e+00
   3.1900000e+00   4.4652591e-01   0.0000000e+00
   3.2100000e+00   4.4545716e-01   0.0000000e+00
   3.2300000e+00   4.4438840e-01   0.0000000e+00
   3.2500000e+00   4.4331965e-01   0.0000000e+00
   3.2700000e+00   4.4225090e-01   0.0000000e+00
   3.2900000e+00   4.4136987e-01   0.0000000e+00
   3.3100000e+00   4.4066216e-01   0.0000000e+00
   3.3300000e+00   4.4012779e-01   0.0000000e+00
   3.3500000e+00   4.3959341e-01   0.0000000e+00
   3.3700000e+00   4.3881465e-01   0.0000000e+00
   3.3900000e+00   4.3779150e-01   0.0000000e+00
   3.4100000e+00   4.3709485e-01   0.0000000e+00
   3.4300000e+00   4.3647934e-01   0.0000000e+00
   3.4500000e+00   4.3594496e-01   0.0000000e+00
   3.4700000e+00   4.3527181e-01   0.0000000e+00
   3.4900000e+00   4.3442296e-01   0.0000000e+00
   3.5100000e+00   4.3339844e-01   0.0000000e+00
   3.5300000e+00   4.3339844e-01   0.0000000e+00
   3.5500000e+00   4.3317852e-01   0.0000000e+00
   3.5700000e+00   4.3273870e-01   0.0000000e+00
   3.5900000e+00   4.3220432e-01   0.0000000e+00
   3.6100000e+00   4.3156670e-01   0.0000000e+00
   3.6300000e+00   4.3082582e-01   0.0000000e+00
   3.6500000e+00   4.2984690e-01   0.0000000e+00
   3.6700000e+00   4.2909025e-01   0.0000000e+00
   3.6900000e+00   4.2855587e-01   0.0000000e+00
   3.7100000e+00   4.2802150e-01   0.0000000e+00
   3.7300000e+00   4.2729168e-01   0.0000000e+00
   3.7500000e+00   4.2636642e-01   0.0000000e+00
   3.7700000e+00   4.2529767e-01   0.0000000e+00
   3.7900000e+00   4.2422892e-01   0.0000000e+00
   2.1300000e+00   7.5067569e-01   1.0000000e+00
   2.1500000e+00   7.4866556e-01   1.0000000e+00
   2.1700000e+00   7.4712612e-01   1.0000000e+00
   2.1900000e+00   7.4605737e-01   1.0000000e+00
   2.2100000e+00   7.4354441e-01   1.0000000e+00
   2.2300000e+00   7.4076962e-01   1.0000000e+00
   2.2500000e+00   7.3773300e-01   1.0000000e+00
   2.2700000e+00   7.3452674e-01   1.0000000e+00
   2.2900000e+00   7.3138618e-01   1.0000000e+00
   2.3100000e+00   7.2831132e-01   1.0000000e+00
   2.3300000e+00   7.2563944e-01   1.0000000e+00
   2.3500000e+00   7.2296755e-01   1.0000000e+00
   2.3700000e+00   7.2029567e-01   1.0000000e+00
   2.3900000e+00   7.1762378e-01   1.0000000e+00
   2.4100000e+00   7.1510979e-01   1.0000000e+00
   2.4300000e+00   7.1275370e-01   1.0000000e+00
   2.4500000e+00   7.1081531e-01   1.0000000e+00
   2.4700000e+00   7.0904456e-01   1.0000000e+00
   2.4900000e+00   7.0744143e-01   1.0000000e+00
   2.5100000e+00   7.0583829e-01   1.0000000e+00
   2.5300000e+00   7.0448525e-01   1.0000000e+00
   2.5500000e+00   7.0338229e-01   1.0000000e+00
   2.5700000e+00   7.0269705e-01   1.0000000e+00
   2.5900000e+00   7.0182039e-01   1.0000000e+00
   2.6100000e+00   7.0075233e-01   1.0000000e+00
   2.6300000e+00   6.9929937e-01   1.0000000e+00
   2.6500000e+00   6.9803852e-01   1.0000000e+00
   2.6700000e+00   6.9696977e-01   1.0000000e+00
   2.6900000e+00   6.9590101e-01   1.0000000e+00
   2.7100000e+00   6.9438103e-01   1.0000000e+00
   2.7300000e+00   6.9240982e-01   1.0000000e+00
   2.7500000e+00   6.9094144e-01   1.0000000e+00
