   6.1000000e-01   9.8594917e-01   0.0000000e+00
   6.3000000e-01   9.7449058e-01   0.0000000e+00
   6.5000000e-01   9.6056798e-01   0.0000000e+00
   6.7000000e-01   9.4291914e-01   0.0000000e+00
   6.9000000e-01   9.2154406e-01   0.0000000e+00
   7.1000000e-01   9.0199001e-01   0.0000000e+00
   7.3000000e-01   8.8327138e-01   0.0000000e+00
   7.5000000e-01   8.6538818e-01   0.0000000e+00
   7.7000000e-01   8.5028547e-01   0.0000000e+00
   7.9000000e-01   8.3643088e-01   0.0000000e+00
   8.1000000e-01   8.2382442e-01   0.0000000e+00
   8.3000000e-01   8.0993061e-01   0.0000000e+00
   8.5000000e-01   7.9603681e-01   0.0000000e+00
   8.7000000e-01   7.8214301e-01   0.0000000e+00
   8.9000000e-01   7.7068707e-01   0.0000000e+00
   9.1000000e-01   7.6033945e-01   0.0000000e+00
   9.3000000e-01   7.5110014e-01   0.0000000e+00
   9.5000000e-01   7.4308449e-01   0.0000000e+00
   9.7000000e-01   7.3509699e-01   0.0000000e+00
   9.9000000e-01   7.2713765e-01   0.0000000e+00
   1.0100000e+00   7.1965637e-01   0.0000000e+00
   1.0300000e+00   7.1193808e-01   0.0000000e+00
   1.0500000e+00   7.0398277e-01   0.0000000e+00
   1.0700000e+00   6.9775394e-01   0.0000000e+00
   1.0900000e+00   6.9184729e-01   0.0000000e+00
   1.1100000e+00   6.8626282e-01   0.0000000e+00
   1.1300000e+00   6.8038467e-01   0.0000000e+00
   1.1500000e+00   6.7450652e-01   0.0000000e+00
   1.1700000e+00   6.6862838e-01   0.0000000e+00
   1.1900000e+00   6.6275023e-01   0.0000000e+00
   1.2100000e+00   6.5708462e-01   0.0000000e+00
   1.2300000e+00   6.5163156e-01   0.0000000e+00
   1.2500000e+00   6.4628779e-01   0.0000000e+00
   1.2700000e+00   6.4084814e-01   0.0000000e+00
   1.2900000e+00   6.3531262e-01   0.0000000e+00
   1.3100000e+00   6.2943447e-01   0.0000000e+00
   1.3300000e+00   6.2355632e-01   0.0000000e+00
   1.3500000e+00   6.1767817e-01   0.0000000e+00
   1.3700000e+00   6.1180003e-01   0.0000000e+00
   1.3900000e+00   6.0610995e-01   0.0000000e+00
   1.4100000e+00   6.0060794e-01   0.0000000e+00
   1.4300000e+00   5.9526417e-01   0.0000000e+00
   1.4500000e+00   5.8984899e-01   0.0000000e+00
   1.4700000e+00   5.8436241e-01   0.0000000e+00
   1.4900000e+00   5.7858884e-01   0.0000000e+00
   1.5100000e+00   5.7383174e-01   0.0000000e+00
   1.5300000e+00   5.7009110e-01   0.0000000e+00
   1.5500000e+00   5.6590660e-01   0.0000000e+00
   1.5700000e+00   5.6200404e-01   0.0000000e+00
   1.5900000e+00   5.5838340e-01   0.0000000e+00
   1.6100000e+00   5.5538767e-01   0.0000000e+00
   1.6300000e+00   5.5260079e-01   0.0000000e+00
   1.6500000e+00   5.5002277e-01   0.0000000e+00
   1.6700000e+00   5.4788526e-01   0.0000000e+00
   1.6900000e+00   5.4574775e-01   0.0000000e+00
   1.7100000e+00   5.4361024e-01   0.0000000e+00
   1.7300000e+00   5.4147273e-01   0.0000000e+00
   1.7500000e+00   5.3933522e-01   0.0000000e+00
   1.7700000e+00   5.3719772e-01   0.0000000e+00
   1.7900000e+00   5.3506021e-01   0.0000000e+00
   1.8100000e+00   5.3292270e-01   0.0000000e+00
   1.8300000e+00   5.3078519e-01   0.0000000e+00
   1.8500000e+00   5.2864768e-01   0.0000000e+00
   1.8700000e+00   5.2674149e-01   0.0000000e+00
   1.8900000e+00   5.2506661e-01   0.0000000e+00
   1.9100000e+00   5.2277155e-01   0.0000000e+00
   1.9300000e+00   5.2017343e-01   0.0000000e+00
   1.9500000e+00   5.1727224e-01   0.0000000e+00
   1.9700000e+00   5.1429125e-01   0.0000000e+00
   1.9900000e+00   5.1173200e-01   0.0000000e+00
   2.0100000e+00   5.0959449e-01   0.0000000e+00
   2.0300000e+00   5.0639629e-01   0.0000000e+00
   2.0500000e+00   5.0360774e-01   0.0000000e+00
   2.0700000e+00   5.0122884e-01   0.0000000e+00
   2.0900000e+00   4.9909134e-01   0.0000000e+00
   2.1100000e+00   4.9704400e-01   0.0000000e+00
   2.1300000e+00   4.9508685e-01   0.0000000e+00
   2.1500000e+00   4.9348372e-01   0.0000000e+00
   2.1700000e+00   4.9188059e-01   0.0000000e+00
   2.1900000e+00   4.9027745e-01   0.0000000e+00
   2.2100000e+00   4.8867432e-01   0.0000000e+00
   2.2300000e+00   4.8743593e-01   0.0000000e+00
   2.2500000e+00   4.8656227e-01   0.0000000e+00
   2.2700000e+00   4.8627597e-01   0.0000000e+00
   2.2900000e+00   4.8613281e-01   0.0000000e+00
   2.3100000e+00   4.8613281e-01   0.0000000e+00
   2.3300000e+00   4.8613281e-01   0.0000000e+00
   2.3500000e+00   4.8613281e-01   0.0000000e+00
   2.3700000e+00   4.8613281e-01   0.0000000e+00
   2.3900000e+00   4.8743018e-01   0.0000000e+00
   2.4100000e+00   4.8804358e-01   0.0000000e+00
   2.4300000e+00   4.8797302e-01   0.0000000e+00
   2.4500000e+00   4.8674396e-01   0.0000000e+00
   2.4700000e+00   4.8551489e-01   0.0000000e+00
   2.4900000e+00   4.8428582e-01   0.0000000e+00
   2.5100000e+00   4.8305676e-01   0.0000000e+00
   2.5300000e+00   4.8182769e-01   0.0000000e+00
   2.5500000e+00   4.8059862e-01   0.0000000e+00
   2.5700000e+00   4.7936955e-01   0.0000000e+00
   2.5900000e+00   4.7814049e-01   0.0000000e+00
   2.6100000e+00   4.7691142e-01   0.0000000e+00
   2.6300000e+00   4.7568235e-01   0.0000000e+00
   2.6500000e+00   4.7445329e-01   0.0000000e+00
   2.6700000e+00   4.7322422e-01   0.0000000e+00
   2.6900000e+00   4.7199515e-01   0.0000000e+00
   2.7100000e+00   4.7076608e-01   0.0000000e+00
   2.7300000e+00   4.6953702e-01   0.0000000e+00
   2.7500000e+00   4.6830795e-01   0.0000000e+00
   2.7700000e+00   4.6678472e-01   0.0000000e+00
   2.7900000e+00   4.6496733e-01   0.0000000e+00
   2.8100000e+00   4.6259914e-01   0.0000000e+00
   2.8300000e+00   4.6088067e-01   0.0000000e+00
   2.8500000e+00   4.5981192e-01   0.0000000e+00
   2.8700000e+00   4.5926211e-01   0.0000000e+00
   2.8900000e+00   4.5851888e-01   0.0000000e+00
   2.9100000e+00   4.5758222e-01   0.0000000e+00
   2.9300000e+00   4.5651346e-01   0.0000000e+00
   2.9500000e+00   4.5552919e-01   0.0000000e+00
   2.9700000e+00   4.5462938e-01   0.0000000e+00
   2.7600000e+00   8.0934788e-01   1.0000000e+00
   2.7800000e+00   8.0827912e-01   1.0000000e+00
   2.8000000e+00   8.0715975e-01   1.0000000e+00
   2.8200000e+00   8.0598976e-01   1.0000000e+00
   2.8400000e+00   8.0438663e-01   1.0000000e+00
   2.8600000e+00   8.0330245e-01   1.0000000e+00
   2.8800000e+00   8.0273721e-01   1.0000000e+00
   2.9000000e+00   7.9858230e-01   1.0000000e+00
   2.9200000e+00   7.9483262e-01   1.0000000e+00
   2.9400000e+00   7.9148816e-01   1.0000000e+00
   2.9600000e+00   7.8988503e-01   1.0000000e+00
   2.9800000e+00   7.8822961e-01   1.0000000e+00
   3.0000000e+00   7.8652191e-01   1.0000000e+00
   3.0200000e+00   7.8385002e-01   1.0000000e+00
   3.0400000e+00   7.8141314e-01   1.0000000e+00
   3.0600000e+00   7.7921125e-01   1.0000000e+00
   3.0800000e+00   7.7672041e-01   1.0000000e+00
   3.1000000e+00   7.7461239e-01   1.0000000e+00
   3.1200000e+00   7.7288718e-01   1.0000000e+00
