   6.0000000e-01   9.5319329e-01   0.0000000e+00
   6.2000000e-01   9.3262887e-01   0.0000000e+00
   6.4000000e-01   9.0869690e-01   0.0000000e+00
   6.6000000e-01   8.8139738e-01   0.0000000e+00
   6.8000000e-01   8.6055667e-01   0.0000000e+00
   7.0000000e-01   8.4108174e-01   0.0000000e+00
   7.2000000e-01   8.2297258e-01   0.0000000e+00
   7.4000000e-01   8.0364517e-01   0.0000000e+00
   7.6000000e-01   7.8538180e-01   0.0000000e+00
   7.8000000e-01   7.6818247e-01   0.0000000e+00
   8.0000000e-01   7.5525215e-01   0.0000000e+00
   8.2000000e-01   7.4210729e-01   0.0000000e+00
   8.4000000e-01   7.2874786e-01   0.0000000e+00
   8.6000000e-01   7.2061819e-01   0.0000000e+00
   8.8000000e-01   7.1274868e-01   0.0000000e+00
   9.0000000e-01   7.0513934e-01   0.0000000e+00
   9.2000000e-01   6.9881665e-01   0.0000000e+00
   9.4000000e-01   6.9289693e-01   0.0000000e+00
   9.6000000e-01   6.8738017e-01   0.0000000e+00
   9.8000000e-01   6.8150203e-01   0.0000000e+00
   1.0000000e+00   6.7562388e-01   0.0000000e+00
   1.0200000e+00   6.6974573e-01   0.0000000e+00
   1.0400000e+00   6.6528967e-01   0.0000000e+00
   1.0600000e+00   6.6092414e-01   0.0000000e+00
   1.0800000e+00   6.5664912e-01   0.0000000e+00
   1.1000000e+00   6.5213340e-01   0.0000000e+00
   1.1200000e+00   6.4740883e-01   0.0000000e+00
   1.1400000e+00   6.4247540e-01   0.0000000e+00
   1.1600000e+00   6.3713900e-01   0.0000000e+00
   1.1800000e+00   6.3206611e-01   0.0000000e+00
   1.2000000e+00   6.2725671e-01   0.0000000e+00
   1.2200000e+00   6.2287240e-01   0.0000000e+00
   1.2400000e+00   6.1854274e-01   0.0000000e+00
   1.2600000e+00   6.1426772e-01   0.0000000e+00
   1.2800000e+00   6.0980095e-01   0.0000000e+00
   1.3000000e+00   6.0520042e-01   0.0000000e+00
   1.3200000e+00   6.0046611e-01   0.0000000e+00
   1.3400000e+00   5.9619110e-01   0.0000000e+00
   1.3600000e+00   5.9240888e-01   0.0000000e+00
   1.3800000e+00   5.8911947e-01   0.0000000e+00
   1.4000000e+00   5.8478479e-01   0.0000000e+00
   1.4200000e+00   5.8073171e-01   0.0000000e+00
   1.4400000e+00   5.7696020e-01   0.0000000e+00
   1.4600000e+00   5.7400270e-01   0.0000000e+00
   1.4800000e+00   5.7066670e-01   0.0000000e+00
   1.5000000e+00   5.6695221e-01   0.0000000e+00
   1.5200000e+00   5.6374595e-01   0.0000000e+00
   1.5400000e+00   5.6076161e-01   0.0000000e+00
   1.5600000e+00   5.5799920e-01   0.0000000e+00
   1.5800000e+00   5.5532732e-01   0.0000000e+00
   1.6000000e+00   5.5276070e-01   0.0000000e+00
   1.6200000e+00   5.5029934e-01   0.0000000e+00
   1.6400000e+00   5.4816183e-01   0.0000000e+00
   1.6600000e+00   5.4602432e-01   0.0000000e+00
   1.6800000e+00   5.4388681e-01   0.0000000e+00
   1.7000000e+00   5.4123773e-01   0.0000000e+00
   1.7200000e+00   5.3916961e-01   0.0000000e+00
   1.7400000e+00   5.3768246e-01   0.0000000e+00
   1.7600000e+00   5.3605721e-01   0.0000000e+00
   1.7800000e+00   5.3417584e-01   0.0000000e+00
   1.8000000e+00   5.3203833e-01   0.0000000e+00
   1.8200000e+00   5.2994574e-01   0.0000000e+00
   1.8400000e+00   5.2809787e-01   0.0000000e+00
   1.8600000e+00   5.2649474e-01   0.0000000e+00
   1.8800000e+00   5.2489161e-01   0.0000000e+00
   1.9000000e+00   5.2328848e-01   0.0000000e+00
   1.9200000e+00   5.2168535e-01   0.0000000e+00
   1.9400000e+00   5.2008222e-01   0.0000000e+00
   1.9600000e+00   5.1847909e-01   0.0000000e+00
   1.9800000e+00   5.1687596e-01   0.0000000e+00
   2.0000000e+00   5.1527283e-01   0.0000000e+00
   2.0200000e+00   5.1366969e-01   0.0000000e+00
   2.0400000e+00   5.1206656e-01   0.0000000e+00
   2.0600000e+00   5.1046343e-01   0.0000000e+00
   2.0800000e+00   5.0900881e-01   0.0000000e+00
   2.1000000e+00   5.0770270e-01   0.0000000e+00
   2.1200000e+00   5.0645359e-01   0.0000000e+00
   2.1400000e+00   5.0502747e-01   0.0000000e+00
   2.1600000e+00   5.0342434e-01   0.0000000e+00
   2.1800000e+00   5.0182121e-01   0.0000000e+00
   2.2000000e+00   5.0021808e-01   0.0000000e+00
   2.2200000e+00   4.9861495e-01   0.0000000e+00
   2.2400000e+00   4.9664708e-01   0.0000000e+00
   2.2600000e+00   4.9459439e-01   0.0000000e+00
   2.2800000e+00   4.9245688e-01   0.0000000e+00
   2.3000000e+00   4.9045078e-01   0.0000000e+00
   2.3200000e+00   4.8863879e-01   0.0000000e+00
   2.3400000e+00   4.8702092e-01   0.0000000e+00
   2.3600000e+00   4.8488341e-01   0.0000000e+00
   2.3800000e+00   4.8317836e-01   0.0000000e+00
   2.4000000e+00   4.8190576e-01   0.0000000e+00
   2.4200000e+00   4.8020543e-01   0.0000000e+00
   2.4400000e+00   4.7848563e-01   0.0000000e+00
   2.4600000e+00   4.7674637e-01   0.0000000e+00
   2.4800000e+00   4.7567762e-01   0.0000000e+00
   2.5000000e+00   4.7460886e-01   0.0000000e+00
   2.5200000e+00   4.7354011e-01   0.0000000e+00
   2.5400000e+00   4.7247136e-01   0.0000000e+00
   2.5600000e+00   4.7140260e-01   0.0000000e+00
   2.5800000e+00   4.7033385e-01   0.0000000e+00
   2.6000000e+00   4.6926510e-01   0.0000000e+00
   2.6200000e+00   4.6819634e-01   0.0000000e+00
   2.6400000e+00   4.6712759e-01   0.0000000e+00
   2.6600000e+00   4.6605883e-01   0.0000000e+00
   2.6800000e+00   4.6499008e-01   0.0000000e+00
   2.7000000e+00   4.6392133e-01   0.0000000e+00
   2.7200000e+00   4.6285257e-01   0.0000000e+00
   2.7400000e+00   4.6178382e-01   0.0000000e+00
   2.7600000e+00   4.6071506e-01   0.0000000e+00
   2.7800000e+00   4.5921051e-01   0.0000000e+00
   2.8000000e+00   4.5749072e-01   0.0000000e+00
   2.8200000e+00   4.5555567e-01   0.0000000e+00
   2.8400000e+00   4.5448692e-01   0.0000000e+00
   2.8600000e+00   4.5341817e-01   0.0000000e+00
   2.8800000e+00   4.5234941e-01   0.0000000e+00
   2.9000000e+00   4.5128066e-01   0.0000000e+00
   2.9200000e+00   4.5021190e-01   0.0000000e+00
   2.9400000e+00   4.4914315e-01   0.0000000e+00
   2.9600000e+00   4.4790544e-01   0.0000000e+00
   2.9800000e+00   4.4651117e-01   0.0000000e+00
   3.0000000e+00   4.4496033e-01   0.0000000e+00
   3.0200000e+00   4.4389157e-01   0.0000000e+00
   3.0400000e+00   4.4258782e-01   0.0000000e+00
   3.0600000e+00   4.4104906e-01   0.0000000e+00
   3.0800000e+00   4.3979927e-01   0.0000000e+00
   3.1000000e+00   4.3863999e-01   0.0000000e+00
   3.1200000e+00   4.3757124e-01   0.0000000e+00
   3.1400000e+00   4.3650248e-01   0.0000000e+00
   3.1600000e+00   4.3543373e-01   0.0000000e+00
   3.1800000e+00   4.3436498e-01   0.0000000e+00
   3.2000000e+00   4.3329622e-01   0.0000000e+00
   3.2200000e+00   4.3201694e-01   0.0000000e+00
   3.2400000e+00   4.3052713e-01   0.0000000e+00
   3.2600000e+00   4.2922839e-01   0.0000000e+00
   3.2800000e+00   4.2804464e-01   0.0000000e+00
   3.3000000e+00   4.2697589e-01   0.0000000e+00
   3.3200000e+00   4.2590714e-01   0.0000000e+00
   3.3400000e+00   4.2483838e-01   0.0000000e+00
   3.3600000e+00   4.2376963e-01   0.0000000e+00
   3.3800000e+00   4.2270087e-01   0.0000000e+00
   3.4000000e+00   4.2181817e-01   0.0000000e+00
   3.4200000e+00   4.2112153e-01   0.0000000e+00
   3.4400000e+00   4.2033171e-01   0.0000000e+00
   3.4600000e+00   4.1940242e-01   0.0000000e+00
   3.4800000e+00   4.1833367e-01   0.0000000e+00
   3.5000000e+00   4.1726491e-01   0.0000000e+00
   3.5200000e+00   4.1619616e-01   0.0000000e+00
   3.5400000e+00   4.1512740e-01   0.0000000e+00
   3.5600000e+00   4.1405865e-01   0.0000000e+00
   3.5800000e+00   4.1315148e-01   0.0000000e+00
   3.6000000e+00   4.1240588e-01   0.0000000e+00
   3.6200000e+00   4.1145851e-01   0.0000000e+00
   3.6400000e+00   4.1027309e-01   0.0000000e+00
   3.6600000e+00   4.0884963e-01   0.0000000e+00
   3.6800000e+00   4.0831525e-01   0.0000000e+00
   3.7000000e+00   4.0778087e-01   0.0000000e+00
   3.7200000e+00   4.0724650e-01   0.0000000e+00
   3.7400000e+00   4.0671212e-01   0.0000000e+00
   3.7600000e+00   4.0631485e-01   0.0000000e+00
   3.7800000e+00   4.0605469e-01   0.0000000e+00
   2.0100000e+00   7.5274042e-01   1.0000000e+00
   2.0300000e+00   7.5114535e-01   1.0000000e+00
   2.0500000e+00   7.4954625e-01   1.0000000e+00
   2.0700000e+00   7.4794312e-01   1.0000000e+00
   2.0900000e+00   7.4604297e-01   1.0000000e+00
   2.1100000e+00   7.4402414e-01   1.0000000e+00
   2.1300000e+00   7.4188663e-01   1.0000000e+00
   2.1500000e+00   7.3968544e-01   1.0000000e+00
   2.1700000e+00   7.3724889e-01   1.0000000e+00
   2.1900000e+00   7.3457701e-01   1.0000000e+00
   2.2100000e+00   7.3238652e-01   1.0000000e+00
   2.2300000e+00   7.3022253e-01   1.0000000e+00
   2.2500000e+00   7.2808502e-01   1.0000000e+00
   2.2700000e+00   7.2594751e-01   1.0000000e+00
   2.2900000e+00   7.2381000e-01   1.0000000e+00
   2.3100000e+00   7.2167250e-01   1.0000000e+00
   2.3300000e+00   7.1953499e-01   1.0000000e+00
   2.3500000e+00   7.1739748e-01   1.0000000e+00
   2.3700000e+00   7.1525997e-01   1.0000000e+00
   2.3900000e+00   7.1269001e-01   1.0000000e+00
   2.4100000e+00   7.1022698e-01   1.0000000e+00
   2.4300000e+00   7.0787088e-01   1.0000000e+00
   2.4500000e+00   7.0553425e-01   1.0000000e+00
   2.4700000e+00   7.0307122e-01   1.0000000e+00
   2.4900000e+00   7.0048180e-01   1.0000000e+00
   2.5100000e+00   6.9834429e-01   1.0000000e+00
   2.5300000e+00   6.9620678e-01   1.0000000e+00
   2.5500000e+00   6.9406927e-01   1.0000000e+00
   2.5700000e+00   6.9231527e-01   1.0000000e+00
   2.5900000e+00   6.9050329e-01   1.0000000e+00
   2.6100000e+00   6.8863331e-01   1.0000000e+00
   2.6300000e+00   6.8679616e-01   1.0000000e+00
   2.6500000e+00   6.8534321e-01   1.0000000e+00
   2.6700000e+00   6.8427446e-01   1.0000000e+00
   2.6900000e+00   6.8320570e-01   1.0000000e+00
   2.7100000e+00   6.8168572e-01   1.0000000e+00
   2.7300000e+00   6.7971451e-01   1.0000000e+00
   2.7500000e+00   6.7824613e-01   1.0000000e+00
   2.7700000e+00   6.7697756e-01   1.0000000e+00
   2.7900000e+00   6.7590881e-01   1.0000000e+00
   2.8100000e+00   6.7463759e-01   1.0000000e+00
   2.8300000e+00   6.7293322e-01   1.0000000e+00
   2.8500000e+00   6.7079571e-01   1.0000000e+00
   2.8700000e+00   6.6917715e-01   1.0000000e+00
   2.8900000e+00   6.6776744e-01   1.0000000e+00
   2.9100000e+00   6.6656659e-01   1.0000000e+00
   2.9300000e+00   6.6521222e-01   1.0000000e+00
   2.9500000e+00   6.6364900e-01   1.0000000e+00
   2.9700000e+00   6.6187691e-01   1.0000000e+00
   2.9900000e+00   6.5984398e-01   1.0000000e+00
   3.0100000e+00   6.5829314e-01   1.0000000e+00
   3.0300000e+00   6.5722438e-01   1.0000000e+00
   3.0500000e+00   6.5568563e-01   1.0000000e+00
   3.0700000e+00   6.5411469e-01   1.0000000e+00
   3.0900000e+00   6.5251156e-01   1.0000000e+00
   3.1100000e+00   6.5090842e-01   1.0000000e+00
   3.1300000e+00   6.4924529e-01   1.0000000e+00
   3.1500000e+00   6.4752215e-01   1.0000000e+00
   3.1700000e+00   6.4539133e-01   1.0000000e+00
   3.1900000e+00   6.4379154e-01   1.0000000e+00
   3.2100000e+00   6.4272278e-01   1.0000000e+00
   3.2300000e+00   6.4123298e-01   1.0000000e+00
   3.2500000e+00   6.3953431e-01   1.0000000e+00
   3.2700000e+00   6.3762679e-01   1.0000000e+00
   3.2900000e+00   6.3605246e-01   1.0000000e+00
   3.3100000e+00   6.3496257e-01   1.0000000e+00
   3.3300000e+00   6.3435713e-01   1.0000000e+00
   3.3500000e+00   6.3328838e-01   1.0000000e+00
   3.3700000e+00   6.3221963e-01   1.0000000e+00
   3.3900000e+00   6.3115087e-01   1.0000000e+00
   3.4100000e+00   6.3082633e-01   1.0000000e+00
   3.4300000e+00   6.3040862e-01   1.0000000e+00
   3.4500000e+00   6.2989773e-01   1.0000000e+00
   3.4700000e+00   6.2896776e-01   1.0000000e+00
   3.4900000e+00   6.2823558e-01   1.0000000e+00
   3.5100000e+00   6.2770120e-01   1.0000000e+00
   3.5300000e+00   6.2716683e-01   1.0000000e+00
   3.5500000e+00   6.2619262e-01   1.0000000e+00
   3.5700000e+00   6.2477860e-01   1.0000000e+00
   3.5900000e+00   6.2349863e-01   1.0000000e+00
   3.6100000e+00   6.2222102e-01   1.0000000e+00
   3.6300000e+00   6.2094577e-01   1.0000000e+00
   3.6500000e+00   6.1925280e-01   1.0000000e+00
   3.6700000e+00   6.1733757e-01   1.0000000e+00
   3.6900000e+00   6.1520006e-01   1.0000000e+00
   3.7100000e+00   6.1357009e-01   1.0000000e+00
   3.7300000e+00   6.1214899e-01   1.0000000e+00
   3.7500000e+00   6.1093674e-01   1.0000000e+00
   3.7700000e+00   6.0986798e-01   1.0000000e+00
