   6.0000000e-01   9.5807611e-01   0.0000000e+00
   6.2000000e-01   9.3720327e-01   0.0000000e+00
   6.4000000e-01   9.1254516e-01   0.0000000e+00
   6.6000000e-01   8.8410180e-01   0.0000000e+00
   6.8000000e-01   8.6112358e-01   0.0000000e+00
   7.0000000e-01   8.4064928e-01   0.0000000e+00
   7.2000000e-01   8.2267890e-01   0.0000000e+00
   7.4000000e-01   8.0388587e-01   0.0000000e+00
   7.6000000e-01   7.8582399e-01   0.0000000e+00
   7.8000000e-01   7.6849325e-01   0.0000000e+00
   8.0000000e-01   7.5449418e-01   0.0000000e+00
   8.2000000e-01   7.4028056e-01   0.0000000e+00
   8.4000000e-01   7.2585238e-01   0.0000000e+00
   8.6000000e-01   7.1769991e-01   0.0000000e+00
   8.8000000e-01   7.1002215e-01   0.0000000e+00
   9.0000000e-01   7.0281912e-01   0.0000000e+00
   9.2000000e-01   6.9645151e-01   0.0000000e+00
   9.4000000e-01   6.9041512e-01   0.0000000e+00
   9.6000000e-01   6.8470996e-01   0.0000000e+00
   9.8000000e-01   6.7925355e-01   0.0000000e+00
   1.0000000e+00   6.7331909e-01   0.0000000e+00
   1.0200000e+00   6.6690657e-01   0.0000000e+00
   1.0400000e+00   6.6191613e-01   0.0000000e+00
   1.0600000e+00   6.5683753e-01   0.0000000e+00
   1.0800000e+00   6.5167077e-01   0.0000000e+00
   1.1000000e+00   6.4680840e-01   0.0000000e+00
   1.1200000e+00   6.4211568e-01   0.0000000e+00
   1.1400000e+00   6.3759259e-01   0.0000000e+00
   1.1600000e+00   6.3224145e-01   0.0000000e+00
   1.1800000e+00   6.2662680e-01   0.0000000e+00
   1.2000000e+00   6.2074865e-01   0.0000000e+00
   1.2200000e+00   6.1614576e-01   0.0000000e+00
   1.2400000e+00   6.1186101e-01   0.0000000e+00
   1.2600000e+00   6.0789441e-01   0.0000000e+00
   1.2800000e+00   6.0357851e-01   0.0000000e+00
   1.3000000e+00   5.9882376e-01   0.0000000e+00
   1.3200000e+00   5.9363017e-01   0.0000000e+00
   1.3400000e+00   5.8935516e-01   0.0000000e+00
   1.3600000e+00   5.8508014e-01   0.0000000e+00
   1.3800000e+00   5.8080512e-01   0.0000000e+00
   1.4000000e+00   5.7690625e-01   0.0000000e+00
   1.4200000e+00   5.7308649e-01   0.0000000e+00
   1.4400000e+00   5.6934585e-01   0.0000000e+00
   1.4600000e+00   5.6589082e-01   0.0000000e+00
   1.4800000e+00   5.6282737e-01   0.0000000e+00
   1.5000000e+00   5.6015549e-01   0.0000000e+00
   1.5200000e+00   5.5748360e-01   0.0000000e+00
   1.5400000e+00   5.5481172e-01   0.0000000e+00
   1.5600000e+00   5.5213983e-01   0.0000000e+00
   1.5800000e+00   5.4946794e-01   0.0000000e+00
   1.6000000e+00   5.4700659e-01   0.0000000e+00
   1.6200000e+00   5.4475576e-01   0.0000000e+00
   1.6400000e+00   5.4305876e-01   0.0000000e+00
   1.6600000e+00   5.4114151e-01   0.0000000e+00
   1.6800000e+00   5.3900400e-01   0.0000000e+00
   1.7000000e+00   5.3686649e-01   0.0000000e+00
   1.7200000e+00   5.3472899e-01   0.0000000e+00
   1.7400000e+00   5.3259148e-01   0.0000000e+00
   1.7600000e+00   5.3073222e-01   0.0000000e+00
   1.7800000e+00   5.2900102e-01   0.0000000e+00
   1.8000000e+00   5.2739789e-01   0.0000000e+00
   1.8200000e+00   5.2579476e-01   0.0000000e+00
   1.8400000e+00   5.2419162e-01   0.0000000e+00
   1.8600000e+00   5.2258849e-01   0.0000000e+00
   1.8800000e+00   5.2098536e-01   0.0000000e+00
   1.9000000e+00   5.1938223e-01   0.0000000e+00
   1.9200000e+00   5.1777910e-01   0.0000000e+00
   1.9400000e+00   5.1617597e-01   0.0000000e+00
   1.9600000e+00   5.1457284e-01   0.0000000e+00
   1.9800000e+00   5.1296971e-01   0.0000000e+00
   2.0000000e+00   5.1136658e-01   0.0000000e+00
   2.0200000e+00   5.1002862e-01   0.0000000e+00
   2.0400000e+00   5.0895583e-01   0.0000000e+00
   2.0600000e+00   5.0747340e-01   0.0000000e+00
   2.0800000e+00   5.0578211e-01   0.0000000e+00
   2.1000000e+00   5.0388196e-01   0.0000000e+00
   2.1200000e+00   5.0192480e-01   0.0000000e+00
   2.1400000e+00   5.0014466e-01   0.0000000e+00
   2.1600000e+00   4.9854153e-01   0.0000000e+00
   2.1800000e+00   4.9693840e-01   0.0000000e+00
   2.2000000e+00   4.9509456e-01   0.0000000e+00
   2.2200000e+00   4.9301003e-01   0.0000000e+00
   2.2400000e+00   4.9123726e-01   0.0000000e+00
   2.2600000e+00   4.8942527e-01   0.0000000e+00
   2.2800000e+00   4.8757407e-01   0.0000000e+00
   2.3000000e+00   4.8569938e-01   0.0000000e+00
   2.3200000e+00   4.8422765e-01   0.0000000e+00
   2.3400000e+00   4.8315890e-01   0.0000000e+00
   2.3600000e+00   4.8209014e-01   0.0000000e+00
   2.3800000e+00   4.8058894e-01   0.0000000e+00
   2.4000000e+00   4.7865527e-01   0.0000000e+00
   2.4200000e+00   4.7714934e-01   0.0000000e+00
   2.4400000e+00   4.7586200e-01   0.0000000e+00
   2.4600000e+00   4.7479325e-01   0.0000000e+00
   2.4800000e+00   4.7372449e-01   0.0000000e+00
   2.5000000e+00   4.7265574e-01   0.0000000e+00
   2.5200000e+00   4.7158699e-01   0.0000000e+00
   2.5400000e+00   4.7051823e-01   0.0000000e+00
   2.5600000e+00   4.6944948e-01   0.0000000e+00
   2.5800000e+00   4.6838072e-01   0.0000000e+00
   2.6000000e+00   4.6731197e-01   0.0000000e+00
   2.6200000e+00   4.6624322e-01   0.0000000e+00
   2.6400000e+00   4.6517446e-01   0.0000000e+00
   2.6600000e+00   4.6410571e-01   0.0000000e+00
   2.6800000e+00   4.6303695e-01   0.0000000e+00
   2.7000000e+00   4.6196820e-01   0.0000000e+00
   2.7200000e+00   4.6089945e-01   0.0000000e+00
   2.7400000e+00   4.5983069e-01   0.0000000e+00
   2.7600000e+00   4.5876194e-01   0.0000000e+00
   2.7800000e+00   4.5769318e-01   0.0000000e+00
   2.8000000e+00   4.5657381e-01   0.0000000e+00
   2.8200000e+00   4.5540382e-01   0.0000000e+00
   2.8400000e+00   4.5380069e-01   0.0000000e+00
   2.8600000e+00   4.5245704e-01   0.0000000e+00
   2.8800000e+00   4.5137285e-01   0.0000000e+00
   2.9000000e+00   4.4990182e-01   0.0000000e+00
   2.9200000e+00   4.4850754e-01   0.0000000e+00
   2.9400000e+00   4.4719003e-01   0.0000000e+00
   2.9600000e+00   4.4612127e-01   0.0000000e+00
   2.9800000e+00   4.4502637e-01   0.0000000e+00
   3.0000000e+00   4.4390533e-01   0.0000000e+00
   3.0200000e+00   4.4230220e-01   0.0000000e+00
   3.0400000e+00   4.4116907e-01   0.0000000e+00
   3.0600000e+00   4.4050594e-01   0.0000000e+00
   3.0800000e+00   4.3891156e-01   0.0000000e+00
   3.1000000e+00   4.3728228e-01   0.0000000e+00
   3.1200000e+00   4.3561811e-01   0.0000000e+00
   3.1400000e+00   4.3454936e-01   0.0000000e+00
   3.1600000e+00   4.3348061e-01   0.0000000e+00
   3.1800000e+00   4.3241185e-01   0.0000000e+00
   3.2000000e+00   4.3134310e-01   0.0000000e+00
   3.2200000e+00   4.3027434e-01   0.0000000e+00
   3.2400000e+00   4.2920559e-01   0.0000000e+00
   3.2600000e+00   4.2783245e-01   0.0000000e+00
   3.2800000e+00   4.2653203e-01   0.0000000e+00
   3.3000000e+00   4.2530435e-01   0.0000000e+00
   3.3200000e+00   4.2469891e-01   0.0000000e+00
   3.3400000e+00   4.2386182e-01   0.0000000e+00
   3.3600000e+00   4.2279307e-01   0.0000000e+00
   3.3800000e+00   4.2172431e-01   0.0000000e+00
   3.4000000e+00   4.2065556e-01   0.0000000e+00
   3.4200000e+00   4.1958680e-01   0.0000000e+00
   3.4400000e+00   4.1851805e-01   0.0000000e+00
   3.4600000e+00   4.1744929e-01   0.0000000e+00
   3.4800000e+00   4.1638054e-01   0.0000000e+00
   3.5000000e+00   4.1531179e-01   0.0000000e+00
   3.5200000e+00   4.1424303e-01   0.0000000e+00
   3.5400000e+00   4.1317428e-01   0.0000000e+00
   3.5600000e+00   4.1254535e-01   0.0000000e+00
   3.5800000e+00   4.1180212e-01   0.0000000e+00
   3.6000000e+00   4.1094458e-01   0.0000000e+00
   3.6200000e+00   4.0987582e-01   0.0000000e+00
   3.6400000e+00   4.0880707e-01   0.0000000e+00
   3.6600000e+00   4.0773832e-01   0.0000000e+00
   3.6800000e+00   4.0666956e-01   0.0000000e+00
   3.7000000e+00   4.0560081e-01   0.0000000e+00
   3.7200000e+00   4.0453205e-01   0.0000000e+00
   3.7400000e+00   4.0385418e-01   0.0000000e+00
   3.7600000e+00   4.0324805e-01   0.0000000e+00
   3.7800000e+00   4.0271368e-01   0.0000000e+00
   2.0100000e+00   7.5274042e-01   1.0000000e+00
   2.0300000e+00   7.5220604e-01   1.0000000e+00
   2.0500000e+00   7.5125798e-01   1.0000000e+00
   2.0700000e+00   7.4989624e-01   1.0000000e+00
   2.0900000e+00   7.4740206e-01   1.0000000e+00
   2.1100000e+00   7.4464201e-01   1.0000000e+00
   2.1300000e+00   7.4161610e-01   1.0000000e+00
   2.1500000e+00   7.3900791e-01   1.0000000e+00
   2.1700000e+00   7.3663505e-01   1.0000000e+00
   2.1900000e+00   7.3449754e-01   1.0000000e+00
   2.2100000e+00   7.3236004e-01   1.0000000e+00
   2.2300000e+00   7.3004016e-01   1.0000000e+00
   2.2500000e+00   7.2753792e-01   1.0000000e+00
   2.2700000e+00   7.2536217e-01   1.0000000e+00
   2.2900000e+00   7.2334133e-01   1.0000000e+00
   2.3100000e+00   7.2147538e-01   1.0000000e+00
   2.3300000e+00   7.1880350e-01   1.0000000e+00
   2.3500000e+00   7.1613161e-01   1.0000000e+00
   2.3700000e+00   7.1345973e-01   1.0000000e+00
   2.3900000e+00   7.1078784e-01   1.0000000e+00
   2.4100000e+00   7.0827385e-01   1.0000000e+00
   2.4300000e+00   7.0591776e-01   1.0000000e+00
   2.4500000e+00   7.0358113e-01   1.0000000e+00
   2.4700000e+00   7.0111810e-01   1.0000000e+00
   2.4900000e+00   6.9852867e-01   1.0000000e+00
   2.5100000e+00   6.9639116e-01   1.0000000e+00
   2.5300000e+00   6.9425366e-01   1.0000000e+00
   2.5500000e+00   6.9211615e-01   1.0000000e+00
   2.5700000e+00   6.9074566e-01   1.0000000e+00
   2.5900000e+00   6.8939261e-01   1.0000000e+00
   2.6100000e+00   6.8805701e-01   1.0000000e+00
   2.6300000e+00   6.8630370e-01   1.0000000e+00
   2.6500000e+00   6.8437505e-01   1.0000000e+00
   2.6700000e+00   6.8227106e-01   1.0000000e+00
   2.6900000e+00   6.8066793e-01   1.0000000e+00
   2.7100000e+00   6.7929041e-01   1.0000000e+00
   2.7300000e+00   6.7813851e-01   1.0000000e+00
   2.7500000e+00   6.7640063e-01   1.0000000e+00
   2.7700000e+00   6.7457188e-01   1.0000000e+00
   2.7900000e+00   6.7265227e-01   1.0000000e+00
   2.8100000e+00   6.7094791e-01   1.0000000e+00
   2.8300000e+00   6.6902697e-01   1.0000000e+00
   2.8500000e+00   6.6688946e-01   1.0000000e+00
   2.8700000e+00   6.6578985e-01   1.0000000e+00
   2.8900000e+00   6.6470566e-01   1.0000000e+00
   2.9100000e+00   6.6363691e-01   1.0000000e+00
   2.9300000e+00   6.6199692e-01   1.0000000e+00
   2.9500000e+00   6.6027712e-01   1.0000000e+00
   2.9700000e+00   6.5847752e-01   1.0000000e+00
   2.9900000e+00   6.5735648e-01   1.0000000e+00
   3.0100000e+00   6.5599439e-01   1.0000000e+00
   3.0300000e+00   6.5439126e-01   1.0000000e+00
   3.0500000e+00   6.5278813e-01   1.0000000e+00
   3.0700000e+00   6.5118500e-01   1.0000000e+00
   3.0900000e+00   6.4958187e-01   1.0000000e+00
   3.1100000e+00   6.4797874e-01   1.0000000e+00
   3.1300000e+00   6.4637561e-01   1.0000000e+00
   3.1500000e+00   6.4477247e-01   1.0000000e+00
   3.1700000e+00   6.4316934e-01   1.0000000e+00
   3.1900000e+00   6.4156621e-01   1.0000000e+00
   3.2100000e+00   6.3996308e-01   1.0000000e+00
   3.2300000e+00   6.3835995e-01   1.0000000e+00
   3.2500000e+00   6.3690901e-01   1.0000000e+00
   3.2700000e+00   6.3561027e-01   1.0000000e+00
   3.2900000e+00   6.3454152e-01   1.0000000e+00
   3.3100000e+00   6.3347276e-01   1.0000000e+00
   3.3300000e+00   6.3240401e-01   1.0000000e+00
   3.3500000e+00   6.3133525e-01   1.0000000e+00
   3.3700000e+00   6.3002211e-01   1.0000000e+00
   3.3900000e+00   6.2846459e-01   1.0000000e+00
   3.4100000e+00   6.2723356e-01   1.0000000e+00
   3.4300000e+00   6.2608368e-01   1.0000000e+00
   3.4500000e+00   6.2501492e-01   1.0000000e+00
   3.4700000e+00   6.2380739e-01   1.0000000e+00
   3.4900000e+00   6.2240206e-01   1.0000000e+00
   3.5100000e+00   6.2079893e-01   1.0000000e+00
   3.5300000e+00   6.1919580e-01   1.0000000e+00
   3.5500000e+00   6.1781258e-01   1.0000000e+00
   3.5700000e+00   6.1664927e-01   1.0000000e+00
   3.5900000e+00   6.1558052e-01   1.0000000e+00
   3.6100000e+00   6.1461501e-01   1.0000000e+00
   3.6300000e+00   6.1375275e-01   1.0000000e+00
   3.6500000e+00   6.1312855e-01   1.0000000e+00
   3.6700000e+00   6.1228206e-01   1.0000000e+00
   3.6900000e+00   6.1121331e-01   1.0000000e+00
   3.7100000e+00   6.1065210e-01   1.0000000e+00
   3.7300000e+00   6.1010431e-01   1.0000000e+00
   3.7500000e+00   6.0956993e-01   1.0000000e+00
   3.7700000e+00   6.0930977e-01   1.0000000e+00
   3.7900000e+00   6.0902214e-01   1.0000000e+00
