   6.1000000e-01   9.6570889e-01   0.0000000e+00
   6.3000000e-01   9.5316012e-01   0.0000000e+00
   6.5000000e-01   9.3286255e-01   0.0000000e+00
   6.7000000e-01   9.0908714e-01   0.0000000e+00
   6.9000000e-01   8.8183391e-01   0.0000000e+00
   7.1000000e-01   8.5958851e-01   0.0000000e+00
   7.3000000e-01   8.3811687e-01   0.0000000e+00
   7.5000000e-01   8.1741897e-01   0.0000000e+00
   7.7000000e-01   7.9933192e-01   0.0000000e+00
   7.9000000e-01   7.8270186e-01   0.0000000e+00
   8.1000000e-01   7.6752877e-01   0.0000000e+00
   8.3000000e-01   7.5149746e-01   0.0000000e+00
   8.5000000e-01   7.3677359e-01   0.0000000e+00
   8.7000000e-01   7.2335716e-01   0.0000000e+00
   8.9000000e-01   7.0959142e-01   0.0000000e+00
   9.1000000e-01   6.9692024e-01   0.0000000e+00
   9.3000000e-01   6.8534361e-01   0.0000000e+00
   9.5000000e-01   6.7641675e-01   0.0000000e+00
   9.7000000e-01   6.6824084e-01   0.0000000e+00
   9.9000000e-01   6.6081588e-01   0.0000000e+00
   1.0100000e+00   6.5386897e-01   0.0000000e+00
   1.0300000e+00   6.4715909e-01   0.0000000e+00
   1.0500000e+00   6.4068622e-01   0.0000000e+00
   1.0700000e+00   6.3534579e-01   0.0000000e+00
   1.0900000e+00   6.3015053e-01   0.0000000e+00
   1.1100000e+00   6.2510043e-01   0.0000000e+00
   1.1300000e+00   6.2000473e-01   0.0000000e+00
   1.1500000e+00   6.1531937e-01   0.0000000e+00
   1.1700000e+00   6.1104436e-01   0.0000000e+00
   1.1900000e+00   6.0676934e-01   0.0000000e+00
   1.2100000e+00   6.0249433e-01   0.0000000e+00
   1.2300000e+00   5.9821931e-01   0.0000000e+00
   1.2500000e+00   5.9394429e-01   0.0000000e+00
   1.2700000e+00   5.8966928e-01   0.0000000e+00
   1.2900000e+00   5.8539426e-01   0.0000000e+00
   1.3100000e+00   5.8111924e-01   0.0000000e+00
   1.3300000e+00   5.7684423e-01   0.0000000e+00
   1.3500000e+00   5.7256921e-01   0.0000000e+00
   1.3700000e+00   5.6780139e-01   0.0000000e+00
   1.3900000e+00   5.6338892e-01   0.0000000e+00
   1.4100000e+00   5.5933181e-01   0.0000000e+00
   1.4300000e+00   5.5585064e-01   0.0000000e+00
   1.4500000e+00   5.5243552e-01   0.0000000e+00
   1.4700000e+00   5.4908645e-01   0.0000000e+00
   1.4900000e+00   5.4537196e-01   0.0000000e+00
   1.5100000e+00   5.4191158e-01   0.0000000e+00
   1.5300000e+00   5.3870531e-01   0.0000000e+00
   1.5500000e+00   5.3594291e-01   0.0000000e+00
   1.5700000e+00   5.3322576e-01   0.0000000e+00
   1.5900000e+00   5.3055388e-01   0.0000000e+00
   1.6100000e+00   5.2830305e-01   0.0000000e+00
   1.6300000e+00   5.2632913e-01   0.0000000e+00
   1.6500000e+00   5.2463214e-01   0.0000000e+00
   1.6700000e+00   5.2249463e-01   0.0000000e+00
   1.6900000e+00   5.2061291e-01   0.0000000e+00
   1.7100000e+00   5.1898698e-01   0.0000000e+00
   1.7300000e+00   5.1698894e-01   0.0000000e+00
   1.7500000e+00   5.1519941e-01   0.0000000e+00
   1.7700000e+00   5.1361839e-01   0.0000000e+00
   1.7900000e+00   5.1238805e-01   0.0000000e+00
   1.8100000e+00   5.1097132e-01   0.0000000e+00
   1.8300000e+00   5.0936819e-01   0.0000000e+00
   1.8500000e+00   5.0776506e-01   0.0000000e+00
   1.8700000e+00   5.0639324e-01   0.0000000e+00
   1.8900000e+00   5.0525274e-01   0.0000000e+00
   1.9100000e+00   5.0418399e-01   0.0000000e+00
   1.9300000e+00   5.0288593e-01   0.0000000e+00
   1.9500000e+00   5.0135858e-01   0.0000000e+00
   1.9700000e+00   4.9933371e-01   0.0000000e+00
   1.9900000e+00   4.9751970e-01   0.0000000e+00
   2.0100000e+00   4.9591657e-01   0.0000000e+00
   2.0300000e+00   4.9378310e-01   0.0000000e+00
   2.0500000e+00   4.9185444e-01   0.0000000e+00
   2.0700000e+00   4.9013062e-01   0.0000000e+00
   2.0900000e+00   4.8823047e-01   0.0000000e+00
   2.1100000e+00   4.8639199e-01   0.0000000e+00
   2.1300000e+00   4.8461519e-01   0.0000000e+00
   2.1500000e+00   4.8354644e-01   0.0000000e+00
   2.1700000e+00   4.8247768e-01   0.0000000e+00
   2.1900000e+00   4.8140893e-01   0.0000000e+00
   2.2100000e+00   4.7985877e-01   0.0000000e+00
   2.2300000e+00   4.7846450e-01   0.0000000e+00
   2.2500000e+00   4.7722610e-01   0.0000000e+00
   2.2700000e+00   4.7615735e-01   0.0000000e+00
   2.2900000e+00   4.7508860e-01   0.0000000e+00
   2.3100000e+00   4.7401984e-01   0.0000000e+00
   2.3300000e+00   4.7295109e-01   0.0000000e+00
   2.3500000e+00   4.7188233e-01   0.0000000e+00
   2.3700000e+00   4.7081358e-01   0.0000000e+00
   2.3900000e+00   4.6974483e-01   0.0000000e+00
   2.4100000e+00   4.6867607e-01   0.0000000e+00
   2.4300000e+00   4.6760732e-01   0.0000000e+00
   2.4500000e+00   4.6633944e-01   0.0000000e+00
   2.4700000e+00   4.6494516e-01   0.0000000e+00
   2.4900000e+00   4.6342449e-01   0.0000000e+00
   2.5100000e+00   4.6235574e-01   0.0000000e+00
   2.5300000e+00   4.6128698e-01   0.0000000e+00
   2.5500000e+00   4.6021823e-01   0.0000000e+00
   2.5700000e+00   4.5838246e-01   0.0000000e+00
   2.5900000e+00   4.5679609e-01   0.0000000e+00
   2.6100000e+00   4.5545911e-01   0.0000000e+00
   2.6300000e+00   4.5462437e-01   0.0000000e+00
   2.6500000e+00   4.5342220e-01   0.0000000e+00
   2.6700000e+00   4.5185258e-01   0.0000000e+00
   2.6900000e+00   4.5078383e-01   0.0000000e+00
   2.7100000e+00   4.4994069e-01   0.0000000e+00
   2.7300000e+00   4.4932316e-01   0.0000000e+00
   2.7500000e+00   4.4845422e-01   0.0000000e+00
   2.7700000e+00   4.4748537e-01   0.0000000e+00
   2.7900000e+00   4.4641662e-01   0.0000000e+00
   2.8100000e+00   4.4555033e-01   0.0000000e+00
   2.8300000e+00   4.4511719e-01   0.0000000e+00
   2.8500000e+00   4.4511719e-01   0.0000000e+00
   2.8700000e+00   4.4407930e-01   0.0000000e+00
   2.8900000e+00   4.4322711e-01   0.0000000e+00
   2.9100000e+00   4.4256064e-01   0.0000000e+00
   2.9300000e+00   4.4202626e-01   0.0000000e+00
   2.9500000e+00   4.4149189e-01   0.0000000e+00
   2.9700000e+00   4.4095751e-01   0.0000000e+00
   2.9900000e+00   4.4042313e-01   0.0000000e+00
   3.0100000e+00   4.3988876e-01   0.0000000e+00
   3.0300000e+00   4.3935438e-01   0.0000000e+00
   3.0500000e+00   4.3882000e-01   0.0000000e+00
   3.0700000e+00   4.3828562e-01   0.0000000e+00
   3.0900000e+00   4.3775125e-01   0.0000000e+00
   3.1100000e+00   4.3698020e-01   0.0000000e+00
   3.1300000e+00   4.3606030e-01   0.0000000e+00
   3.1500000e+00   4.3499154e-01   0.0000000e+00
   3.1700000e+00   4.3392947e-01   0.0000000e+00
   3.1900000e+00   4.3339844e-01   0.0000000e+00
   3.2100000e+00   4.3339844e-01   0.0000000e+00
   3.2300000e+00   4.3255633e-01   0.0000000e+00
   3.2500000e+00   4.3160090e-01   0.0000000e+00
   3.2700000e+00   4.3053215e-01   0.0000000e+00
   3.2900000e+00   4.2965112e-01   0.0000000e+00
   3.3100000e+00   4.2894341e-01   0.0000000e+00
   3.3300000e+00   4.2840904e-01   0.0000000e+00
   3.3500000e+00   4.2787466e-01   0.0000000e+00
   3.3700000e+00   4.2709590e-01   0.0000000e+00
   3.3900000e+00   4.2607275e-01   0.0000000e+00
   3.4100000e+00   4.2537610e-01   0.0000000e+00
   3.4300000e+00   4.2476059e-01   0.0000000e+00
   3.4500000e+00   4.2422621e-01   0.0000000e+00
   3.4700000e+00   4.2369183e-01   0.0000000e+00
   3.4900000e+00   4.2315746e-01   0.0000000e+00
   3.5100000e+00   4.2262308e-01   0.0000000e+00
   3.5300000e+00   4.2208870e-01   0.0000000e+00
   3.5500000e+00   4.2133441e-01   0.0000000e+00
   3.5700000e+00   4.2036021e-01   0.0000000e+00
   3.5900000e+00   4.1961462e-01   0.0000000e+00
   3.6100000e+00   4.1897463e-01   0.0000000e+00
   3.6300000e+00   4.1844025e-01   0.0000000e+00
   3.6500000e+00   4.1790588e-01   0.0000000e+00
   3.6700000e+00   4.1737150e-01   0.0000000e+00
   3.6900000e+00   4.1683712e-01   0.0000000e+00
   3.7100000e+00   4.1630275e-01   0.0000000e+00
   3.7300000e+00   4.1576837e-01   0.0000000e+00
   3.7500000e+00   4.1523399e-01   0.0000000e+00
   3.7700000e+00   4.1469962e-01   0.0000000e+00
   3.7900000e+00   4.1424401e-01   0.0000000e+00
   2.0000000e+00   7.5566406e-01   1.0000000e+00
   2.0200000e+00   7.5433819e-01   1.0000000e+00
   2.0400000e+00   7.5168646e-01   1.0000000e+00
   2.0600000e+00   7.4901458e-01   1.0000000e+00
   2.0800000e+00   7.4634269e-01   1.0000000e+00
   2.1000000e+00   7.4367080e-01   1.0000000e+00
   2.1200000e+00   7.4063821e-01   1.0000000e+00
   2.1400000e+00   7.3731529e-01   1.0000000e+00
   2.1600000e+00   7.3370202e-01   1.0000000e+00
   2.1800000e+00   7.3103014e-01   1.0000000e+00
   2.2000000e+00   7.2835825e-01   1.0000000e+00
   2.2200000e+00   7.2568637e-01   1.0000000e+00
   2.2400000e+00   7.2264975e-01   1.0000000e+00
   2.2600000e+00   7.1965234e-01   1.0000000e+00
   2.2800000e+00   7.1669415e-01   1.0000000e+00
   2.3000000e+00   7.1415367e-01   1.0000000e+00
   2.3200000e+00   7.1181468e-01   1.0000000e+00
   2.3400000e+00   7.0967717e-01   1.0000000e+00
   2.3600000e+00   7.0753966e-01   1.0000000e+00
   2.3800000e+00   7.0540216e-01   1.0000000e+00
   2.4000000e+00   7.0326465e-01   1.0000000e+00
   2.4200000e+00   7.0112714e-01   1.0000000e+00
   2.4400000e+00   6.9908919e-01   1.0000000e+00
   2.4600000e+00   6.9715081e-01   1.0000000e+00
   2.4800000e+00   6.9546522e-01   1.0000000e+00
   2.5000000e+00   6.9355367e-01   1.0000000e+00
   2.5200000e+00   6.9141616e-01   1.0000000e+00
   2.5400000e+00   6.8927865e-01   1.0000000e+00
   2.5600000e+00   6.8714114e-01   1.0000000e+00
   2.5800000e+00   6.8500364e-01   1.0000000e+00
   2.6000000e+00   6.8286613e-01   1.0000000e+00
   2.6200000e+00   6.8065353e-01   1.0000000e+00
   2.6400000e+00   6.7836584e-01   1.0000000e+00
   2.6600000e+00   6.7576099e-01   1.0000000e+00
   2.6800000e+00   6.7365699e-01   1.0000000e+00
   2.7000000e+00   6.7205386e-01   1.0000000e+00
   2.7200000e+00   6.6999950e-01   1.0000000e+00
   2.7400000e+00   6.6807085e-01   1.0000000e+00
   2.7600000e+00   6.6626791e-01   1.0000000e+00
   2.7800000e+00   6.6488267e-01   1.0000000e+00
   2.8000000e+00   6.6360506e-01   1.0000000e+00
   2.8200000e+00   6.6243507e-01   1.0000000e+00
   2.8400000e+00   6.6083194e-01   1.0000000e+00
   2.8600000e+00   6.5948829e-01   1.0000000e+00
   2.8800000e+00   6.5840410e-01   1.0000000e+00
   2.9000000e+00   6.5733535e-01   1.0000000e+00
   2.9200000e+00   6.5626659e-01   1.0000000e+00
   2.9400000e+00   6.5519784e-01   1.0000000e+00
   2.9600000e+00   6.5446699e-01   1.0000000e+00
   2.9800000e+00   6.5729108e-01   1.0000000e+00
   3.0000000e+00   6.6367012e-01   1.0000000e+00
   3.0200000e+00   7.2886412e-01   1.0000000e+00
   3.0400000e+00   7.6444814e-01   1.0000000e+00
   3.0600000e+00   7.7042219e-01   1.0000000e+00
   3.0800000e+00   7.6828468e-01   1.0000000e+00
   3.1000000e+00   7.6650218e-01   1.0000000e+00
   3.1200000e+00   7.6507468e-01   1.0000000e+00
