   6.1000000e-01   9.6797043e-01   0.0000000e+00
   6.3000000e-01   9.5603851e-01   0.0000000e+00
   6.5000000e-01   9.3791598e-01   0.0000000e+00
   6.7000000e-01   9.1656405e-01   0.0000000e+00
   6.9000000e-01   8.9198270e-01   0.0000000e+00
   7.1000000e-01   8.6922239e-01   0.0000000e+00
   7.3000000e-01   8.4746679e-01   0.0000000e+00
   7.5000000e-01   8.2671592e-01   0.0000000e+00
   7.7000000e-01   8.0938518e-01   0.0000000e+00
   7.9000000e-01   7.9361501e-01   0.0000000e+00
   8.1000000e-01   7.7940542e-01   0.0000000e+00
   8.3000000e-01   7.6390848e-01   0.0000000e+00
   8.5000000e-01   7.4867304e-01   0.0000000e+00
   8.7000000e-01   7.3369908e-01   0.0000000e+00
   8.9000000e-01   7.2036177e-01   0.0000000e+00
   9.1000000e-01   7.0829435e-01   0.0000000e+00
   9.3000000e-01   6.9749683e-01   0.0000000e+00
   9.5000000e-01   6.8893136e-01   0.0000000e+00
   9.7000000e-01   6.8093615e-01   0.0000000e+00
   9.9000000e-01   6.7351119e-01   0.0000000e+00
   1.0100000e+00   6.6656429e-01   0.0000000e+00
   1.0300000e+00   6.5985440e-01   0.0000000e+00
   1.0500000e+00   6.5338153e-01   0.0000000e+00
   1.0700000e+00   6.4732637e-01   0.0000000e+00
   1.0900000e+00   6.4160042e-01   0.0000000e+00
   1.1100000e+00   6.3620367e-01   0.0000000e+00
   1.1300000e+00   6.3139428e-01   0.0000000e+00
   1.1500000e+00   6.2658857e-01   0.0000000e+00
   1.1700000e+00   6.2178655e-01   0.0000000e+00
   1.1900000e+00   6.1751153e-01   0.0000000e+00
   1.2100000e+00   6.1323651e-01   0.0000000e+00
   1.2300000e+00   6.0896150e-01   0.0000000e+00
   1.2500000e+00   6.0468648e-01   0.0000000e+00
   1.2700000e+00   6.0041146e-01   0.0000000e+00
   1.2900000e+00   5.9613645e-01   0.0000000e+00
   1.3100000e+00   5.9201161e-01   0.0000000e+00
   1.3300000e+00   5.8834606e-01   0.0000000e+00
   1.3500000e+00   5.8513980e-01   0.0000000e+00
   1.3700000e+00   5.8094793e-01   0.0000000e+00
   1.3900000e+00   5.7690256e-01   0.0000000e+00
   1.4100000e+00   5.7300368e-01   0.0000000e+00
   1.4300000e+00   5.6952252e-01   0.0000000e+00
   1.4500000e+00   5.6610740e-01   0.0000000e+00
   1.4700000e+00   5.6275833e-01   0.0000000e+00
   1.4900000e+00   5.5904383e-01   0.0000000e+00
   1.5100000e+00   5.5558345e-01   0.0000000e+00
   1.5300000e+00   5.5237719e-01   0.0000000e+00
   1.5500000e+00   5.4961478e-01   0.0000000e+00
   1.5700000e+00   5.4689764e-01   0.0000000e+00
   1.5900000e+00   5.4422575e-01   0.0000000e+00
   1.6100000e+00   5.4197492e-01   0.0000000e+00
   1.6300000e+00   5.4000101e-01   0.0000000e+00
   1.6500000e+00   5.3830402e-01   0.0000000e+00
   1.6700000e+00   5.3616651e-01   0.0000000e+00
   1.6900000e+00   5.3402900e-01   0.0000000e+00
   1.7100000e+00   5.3189149e-01   0.0000000e+00
   1.7300000e+00   5.3014889e-01   0.0000000e+00
   1.7500000e+00   5.2819778e-01   0.0000000e+00
   1.7700000e+00   5.2603816e-01   0.0000000e+00
   1.7900000e+00   5.2385102e-01   0.0000000e+00
   1.8100000e+00   5.2217815e-01   0.0000000e+00
   1.8300000e+00   5.2101957e-01   0.0000000e+00
   1.8500000e+00   5.1888206e-01   0.0000000e+00
   1.8700000e+00   5.1697586e-01   0.0000000e+00
   1.8900000e+00   5.1530098e-01   0.0000000e+00
   1.9100000e+00   5.1335189e-01   0.0000000e+00
   1.9300000e+00   5.1153789e-01   0.0000000e+00
   1.9500000e+00   5.0985898e-01   0.0000000e+00
   1.9700000e+00   5.0879022e-01   0.0000000e+00
   1.9900000e+00   5.0772147e-01   0.0000000e+00
   2.0100000e+00   5.0665271e-01   0.0000000e+00
   2.0300000e+00   5.0505361e-01   0.0000000e+00
   2.0500000e+00   5.0345250e-01   0.0000000e+00
   2.0700000e+00   5.0184937e-01   0.0000000e+00
   2.0900000e+00   5.0054325e-01   0.0000000e+00
   2.1100000e+00   4.9926564e-01   0.0000000e+00
   2.1300000e+00   4.9801654e-01   0.0000000e+00
   2.1500000e+00   4.9641341e-01   0.0000000e+00
   2.1700000e+00   4.9481027e-01   0.0000000e+00
   2.1900000e+00   4.9320714e-01   0.0000000e+00
   2.2100000e+00   4.9208541e-01   0.0000000e+00
   2.2300000e+00   4.9062543e-01   0.0000000e+00
   2.2500000e+00   4.8882721e-01   0.0000000e+00
   2.2700000e+00   4.8718584e-01   0.0000000e+00
   2.2900000e+00   4.8576508e-01   0.0000000e+00
   2.3100000e+00   4.8456492e-01   0.0000000e+00
   2.3300000e+00   4.8297653e-01   0.0000000e+00
   2.3500000e+00   4.8164796e-01   0.0000000e+00
   2.3700000e+00   4.8057920e-01   0.0000000e+00
   2.3900000e+00   4.7951045e-01   0.0000000e+00
   2.4100000e+00   4.7844170e-01   0.0000000e+00
   2.4300000e+00   4.7737294e-01   0.0000000e+00
   2.4500000e+00   4.7630419e-01   0.0000000e+00
   2.4700000e+00   4.7519420e-01   0.0000000e+00
   2.4900000e+00   4.7404299e-01   0.0000000e+00
   2.5100000e+00   4.7243986e-01   0.0000000e+00
   2.5300000e+00   4.7108681e-01   0.0000000e+00
   2.5500000e+00   4.6998386e-01   0.0000000e+00
   2.5700000e+00   4.6891510e-01   0.0000000e+00
   2.5900000e+00   4.6784635e-01   0.0000000e+00
   2.6100000e+00   4.6677759e-01   0.0000000e+00
   2.6300000e+00   4.6540848e-01   0.0000000e+00
   2.6500000e+00   4.6368868e-01   0.0000000e+00
   2.6700000e+00   4.6161821e-01   0.0000000e+00
   2.6900000e+00   4.6054945e-01   0.0000000e+00
   2.7100000e+00   4.5925508e-01   0.0000000e+00
   2.7300000e+00   4.5773510e-01   0.0000000e+00
   2.7500000e+00   4.5680110e-01   0.0000000e+00
   2.7700000e+00   4.5584901e-01   0.0000000e+00
   2.7900000e+00   4.5487883e-01   0.0000000e+00
   2.8100000e+00   4.5347817e-01   0.0000000e+00
   2.8300000e+00   4.5251065e-01   0.0000000e+00
   2.8500000e+00   4.5197627e-01   0.0000000e+00
   2.8700000e+00   4.5092295e-01   0.0000000e+00
   2.8900000e+00   4.5006305e-01   0.0000000e+00
   2.9100000e+00   4.4939658e-01   0.0000000e+00
   2.9300000e+00   4.4857658e-01   0.0000000e+00
   2.9500000e+00   4.4763221e-01   0.0000000e+00
   2.9700000e+00   4.4656346e-01   0.0000000e+00
   2.9900000e+00   4.4554699e-01   0.0000000e+00
   3.0100000e+00   4.4477157e-01   0.0000000e+00
   3.0300000e+00   4.4423719e-01   0.0000000e+00
   3.0500000e+00   4.4370281e-01   0.0000000e+00
   3.0700000e+00   4.4299177e-01   0.0000000e+00
   3.0900000e+00   4.4210406e-01   0.0000000e+00
   3.1100000e+00   4.4127197e-01   0.0000000e+00
   3.1300000e+00   4.4058874e-01   0.0000000e+00
   3.1500000e+00   4.4005437e-01   0.0000000e+00
   3.1700000e+00   4.3951665e-01   0.0000000e+00
   3.1900000e+00   4.3871341e-01   0.0000000e+00
   3.2100000e+00   4.3764466e-01   0.0000000e+00
   3.2300000e+00   4.3699696e-01   0.0000000e+00
   3.2500000e+00   4.3640592e-01   0.0000000e+00
   3.2700000e+00   4.3587154e-01   0.0000000e+00
   3.2900000e+00   4.3514944e-01   0.0000000e+00
   3.3100000e+00   4.3425401e-01   0.0000000e+00
   3.3300000e+00   4.3318526e-01   0.0000000e+00
   3.3500000e+00   4.3211650e-01   0.0000000e+00
   3.3700000e+00   4.3104775e-01   0.0000000e+00
   3.3900000e+00   4.2997900e-01   0.0000000e+00
   3.4100000e+00   4.2928235e-01   0.0000000e+00
   3.4300000e+00   4.2866684e-01   0.0000000e+00
   3.4500000e+00   4.2813246e-01   0.0000000e+00
   3.4700000e+00   4.2745931e-01   0.0000000e+00
   3.4900000e+00   4.2661046e-01   0.0000000e+00
   3.5100000e+00   4.2558594e-01   0.0000000e+00
   3.5300000e+00   4.2558594e-01   0.0000000e+00
   3.5500000e+00   4.2514611e-01   0.0000000e+00
   3.5700000e+00   4.2426646e-01   0.0000000e+00
   3.5900000e+00   4.2384403e-01   0.0000000e+00
   3.6100000e+00   4.2342632e-01   0.0000000e+00
   3.6300000e+00   4.2301332e-01   0.0000000e+00
   3.6500000e+00   4.2212423e-01   0.0000000e+00
   3.6700000e+00   4.2167969e-01   0.0000000e+00
   3.6900000e+00   4.2167969e-01   0.0000000e+00
   3.7100000e+00   4.2066460e-01   0.0000000e+00
   3.7300000e+00   4.2001356e-01   0.0000000e+00
   3.7500000e+00   4.1972656e-01   0.0000000e+00
   3.7700000e+00   4.1917813e-01   0.0000000e+00
   3.7900000e+00   4.1852709e-01   0.0000000e+00
   2.0700000e+00   7.6490072e-01   1.0000000e+00
   2.0900000e+00   7.6276321e-01   1.0000000e+00
   2.1100000e+00   7.6044535e-01   1.0000000e+00
   2.1300000e+00   7.5794713e-01   1.0000000e+00
   2.1500000e+00   7.5474087e-01   1.0000000e+00
   2.1700000e+00   7.5153461e-01   1.0000000e+00
   2.1900000e+00   7.4832835e-01   1.0000000e+00
   2.2100000e+00   7.4512209e-01   1.0000000e+00
   2.2300000e+00   7.4173346e-01   1.0000000e+00
   2.2500000e+00   7.3816246e-01   1.0000000e+00
   2.2700000e+00   7.3466989e-01   1.0000000e+00
   2.2900000e+00   7.3145188e-01   1.0000000e+00
   2.3100000e+00   7.2850843e-01   1.0000000e+00
   2.3300000e+00   7.2637093e-01   1.0000000e+00
   2.3500000e+00   7.2423342e-01   1.0000000e+00
   2.3700000e+00   7.2209591e-01   1.0000000e+00
   2.3900000e+00   7.1952595e-01   1.0000000e+00
   2.4100000e+00   7.1722081e-01   1.0000000e+00
   2.4300000e+00   7.1518051e-01   1.0000000e+00
   2.4500000e+00   7.1357738e-01   1.0000000e+00
   2.4700000e+00   7.1193301e-01   1.0000000e+00
   2.4900000e+00   7.1024742e-01   1.0000000e+00
   2.5100000e+00   7.0810991e-01   1.0000000e+00
   2.5300000e+00   7.0597241e-01   1.0000000e+00
   2.5500000e+00   7.0383490e-01   1.0000000e+00
   2.5700000e+00   7.0208090e-01   1.0000000e+00
   2.5900000e+00   7.0053576e-01   1.0000000e+00
   2.6100000e+00   6.9919947e-01   1.0000000e+00
   2.6300000e+00   6.9783036e-01   1.0000000e+00
   2.6500000e+00   6.9607704e-01   1.0000000e+00
   2.6700000e+00   6.9393954e-01   1.0000000e+00
   2.6900000e+00   6.9180203e-01   1.0000000e+00
   2.7100000e+00   6.8943891e-01   1.0000000e+00
   2.7300000e+00   6.8685017e-01   1.0000000e+00
   2.7500000e+00   6.8451285e-01   1.0000000e+00
   2.7700000e+00   6.8227543e-01   1.0000000e+00
   2.7900000e+00   6.8013793e-01   1.0000000e+00
   2.8100000e+00   6.7810165e-01   1.0000000e+00
   2.8300000e+00   6.7628195e-01   1.0000000e+00
   2.8500000e+00   6.7467882e-01   1.0000000e+00
   2.8700000e+00   6.7307568e-01   1.0000000e+00
   2.8900000e+00   6.7147255e-01   1.0000000e+00
   2.9100000e+00   6.6986942e-01   1.0000000e+00
   2.9300000e+00   6.6855191e-01   1.0000000e+00
   2.9500000e+00   6.6727430e-01   1.0000000e+00
   2.9700000e+00   6.6603659e-01   1.0000000e+00
   2.9900000e+00   6.6453804e-01   1.0000000e+00
   3.0100000e+00   6.6352157e-01   1.0000000e+00
   3.0300000e+00   6.6298719e-01   1.0000000e+00
   3.0500000e+00   6.6151282e-01   1.0000000e+00
   3.0700000e+00   6.5997406e-01   1.0000000e+00
   3.0900000e+00   6.5837093e-01   1.0000000e+00
