   6.1000000e-01   9.6693185e-01   0.0000000e+00
   6.3000000e-01   9.5454801e-01   0.0000000e+00
   6.5000000e-01   9.3741915e-01   0.0000000e+00
   6.7000000e-01   9.1656405e-01   0.0000000e+00
   6.9000000e-01   8.9198270e-01   0.0000000e+00
   7.1000000e-01   8.6922239e-01   0.0000000e+00
   7.3000000e-01   8.4763609e-01   0.0000000e+00
   7.5000000e-01   8.2722381e-01   0.0000000e+00
   7.7000000e-01   8.0998359e-01   0.0000000e+00
   7.9000000e-01   7.9414939e-01   0.0000000e+00
   8.1000000e-01   7.7972121e-01   0.0000000e+00
   8.3000000e-01   7.6529303e-01   0.0000000e+00
   8.5000000e-01   7.5060336e-01   0.0000000e+00
   8.7000000e-01   7.3565221e-01   0.0000000e+00
   8.9000000e-01   7.2231489e-01   0.0000000e+00
   9.1000000e-01   7.1039230e-01   0.0000000e+00
   9.3000000e-01   6.9988442e-01   0.0000000e+00
   9.5000000e-01   6.9150737e-01   0.0000000e+00
   9.7000000e-01   6.8336733e-01   0.0000000e+00
   9.9000000e-01   6.7546431e-01   0.0000000e+00
   1.0100000e+00   6.6851741e-01   0.0000000e+00
   1.0300000e+00   6.6204454e-01   0.0000000e+00
   1.0500000e+00   6.5604570e-01   0.0000000e+00
   1.0700000e+00   6.5052492e-01   0.0000000e+00
   1.0900000e+00   6.4521299e-01   0.0000000e+00
   1.1100000e+00   6.4010992e-01   0.0000000e+00
   1.1300000e+00   6.3530053e-01   0.0000000e+00
   1.1500000e+00   6.3049113e-01   0.0000000e+00
   1.1700000e+00   6.2568174e-01   0.0000000e+00
   1.1900000e+00   6.2087235e-01   0.0000000e+00
   1.2100000e+00   6.1627549e-01   0.0000000e+00
   1.2300000e+00   6.1189118e-01   0.0000000e+00
   1.2500000e+00   6.0761617e-01   0.0000000e+00
   1.2700000e+00   6.0334115e-01   0.0000000e+00
   1.2900000e+00   5.9906614e-01   0.0000000e+00
   1.3100000e+00   5.9479112e-01   0.0000000e+00
   1.3300000e+00   5.9051610e-01   0.0000000e+00
   1.3500000e+00   5.8624109e-01   0.0000000e+00
   1.3700000e+00   5.8245887e-01   0.0000000e+00
   1.3900000e+00   5.7850938e-01   0.0000000e+00
   1.4100000e+00   5.7439260e-01   0.0000000e+00
   1.4300000e+00   5.7037706e-01   0.0000000e+00
   1.4500000e+00   5.6657037e-01   0.0000000e+00
   1.4700000e+00   5.6297254e-01   0.0000000e+00
   1.4900000e+00   5.5976628e-01   0.0000000e+00
   1.5100000e+00   5.5656001e-01   0.0000000e+00
   1.5300000e+00   5.5335375e-01   0.0000000e+00
   1.5500000e+00   5.5014749e-01   0.0000000e+00
   1.5700000e+00   5.4726842e-01   0.0000000e+00
   1.5900000e+00   5.4471654e-01   0.0000000e+00
   1.6100000e+00   5.4257903e-01   0.0000000e+00
   1.6300000e+00   5.4044152e-01   0.0000000e+00
   1.6500000e+00   5.3830402e-01   0.0000000e+00
   1.6700000e+00   5.3616651e-01   0.0000000e+00
   1.6900000e+00   5.3454057e-01   0.0000000e+00
   1.7100000e+00   5.3342621e-01   0.0000000e+00
   1.7300000e+00   5.3156764e-01   0.0000000e+00
   1.7500000e+00   5.2956960e-01   0.0000000e+00
   1.7700000e+00   5.2743209e-01   0.0000000e+00
   1.7900000e+00   5.2545616e-01   0.0000000e+00
   1.8100000e+00   5.2364418e-01   0.0000000e+00
   1.8300000e+00   5.2199613e-01   0.0000000e+00
   1.8500000e+00   5.1985862e-01   0.0000000e+00
   1.8700000e+00   5.1795243e-01   0.0000000e+00
   1.8900000e+00   5.1627755e-01   0.0000000e+00
   1.9100000e+00   5.1467442e-01   0.0000000e+00
   1.9300000e+00   5.1318593e-01   0.0000000e+00
   1.9500000e+00   5.1181210e-01   0.0000000e+00
   1.9700000e+00   5.1063071e-01   0.0000000e+00
   1.9900000e+00   5.0923845e-01   0.0000000e+00
   2.0100000e+00   5.0763532e-01   0.0000000e+00
   2.0300000e+00   5.0656254e-01   0.0000000e+00
   2.0500000e+00   5.0528493e-01   0.0000000e+00
   2.0700000e+00   5.0380249e-01   0.0000000e+00
   2.0900000e+00   5.0249638e-01   0.0000000e+00
   2.1100000e+00   5.0121877e-01   0.0000000e+00
   2.1300000e+00   4.9996966e-01   0.0000000e+00
   2.1500000e+00   4.9836653e-01   0.0000000e+00
   2.1700000e+00   4.9676340e-01   0.0000000e+00
   2.1900000e+00   4.9516027e-01   0.0000000e+00
   2.2100000e+00   4.9355714e-01   0.0000000e+00
   2.2300000e+00   4.9195401e-01   0.0000000e+00
   2.2500000e+00   4.9035087e-01   0.0000000e+00
   2.2700000e+00   4.8899582e-01   0.0000000e+00
   2.2900000e+00   4.8771820e-01   0.0000000e+00
   2.3100000e+00   4.8651804e-01   0.0000000e+00
   2.3300000e+00   4.8492965e-01   0.0000000e+00
   2.3500000e+00   4.8360108e-01   0.0000000e+00
   2.3700000e+00   4.8253233e-01   0.0000000e+00
   2.3900000e+00   4.8146358e-01   0.0000000e+00
   2.4100000e+00   4.8039482e-01   0.0000000e+00
   2.4300000e+00   4.7932607e-01   0.0000000e+00
   2.4500000e+00   4.7825731e-01   0.0000000e+00
   2.4700000e+00   4.7718856e-01   0.0000000e+00
   2.4900000e+00   4.7611981e-01   0.0000000e+00
   2.5100000e+00   4.7505105e-01   0.0000000e+00
   2.5300000e+00   4.7373221e-01   0.0000000e+00
   2.5500000e+00   4.7216328e-01   0.0000000e+00
   2.5700000e+00   4.7094366e-01   0.0000000e+00
   2.5900000e+00   4.6979947e-01   0.0000000e+00
   2.6100000e+00   4.6873072e-01   0.0000000e+00
   2.6300000e+00   4.6736161e-01   0.0000000e+00
   2.6500000e+00   4.6564181e-01   0.0000000e+00
   2.6700000e+00   4.6357133e-01   0.0000000e+00
   2.6900000e+00   4.6250258e-01   0.0000000e+00
   2.7100000e+00   4.6143382e-01   0.0000000e+00
   2.7300000e+00   4.6036507e-01   0.0000000e+00
   2.7500000e+00   4.5896175e-01   0.0000000e+00
   2.7700000e+00   4.5756748e-01   0.0000000e+00
   2.7900000e+00   4.5618224e-01   0.0000000e+00
   2.8100000e+00   4.5511349e-01   0.0000000e+00
   2.8300000e+00   4.5404474e-01   0.0000000e+00
   2.8500000e+00   4.5297598e-01   0.0000000e+00
   2.8700000e+00   4.5242617e-01   0.0000000e+00
   2.8900000e+00   4.5188408e-01   0.0000000e+00
   2.9100000e+00   4.5134970e-01   0.0000000e+00
   2.9300000e+00   4.5052971e-01   0.0000000e+00
   2.9500000e+00   4.4958534e-01   0.0000000e+00
   2.9700000e+00   4.4851658e-01   0.0000000e+00
   2.9900000e+00   4.4744783e-01   0.0000000e+00
   3.0100000e+00   4.4637907e-01   0.0000000e+00
   3.0300000e+00   4.4531032e-01   0.0000000e+00
   3.0500000e+00   4.4471157e-01   0.0000000e+00
   3.0700000e+00   4.4414500e-01   0.0000000e+00
   3.0900000e+00   4.4361062e-01   0.0000000e+00
   3.1100000e+00   4.4283958e-01   0.0000000e+00
   3.1300000e+00   4.4197968e-01   0.0000000e+00
   3.1500000e+00   4.4103093e-01   0.0000000e+00
   3.1700000e+00   4.4049655e-01   0.0000000e+00
   3.1900000e+00   4.3996217e-01   0.0000000e+00
   3.2100000e+00   4.3942780e-01   0.0000000e+00
   3.2300000e+00   4.3847237e-01   0.0000000e+00
   3.2500000e+00   4.3746028e-01   0.0000000e+00
   3.2700000e+00   4.3639152e-01   0.0000000e+00
   3.2900000e+00   4.3532277e-01   0.0000000e+00
   3.3100000e+00   4.3428954e-01   0.0000000e+00
   3.3300000e+00   4.3329185e-01   0.0000000e+00
   3.3500000e+00   4.3275747e-01   0.0000000e+00
   3.3700000e+00   4.3222309e-01   0.0000000e+00
   3.3900000e+00   4.3168872e-01   0.0000000e+00
   3.4100000e+00   4.3078223e-01   0.0000000e+00
   3.4300000e+00   4.2992233e-01   0.0000000e+00
   3.4500000e+00   4.2910902e-01   0.0000000e+00
   3.4700000e+00   4.2857465e-01   0.0000000e+00
   3.4900000e+00   4.2804027e-01   0.0000000e+00
   3.5100000e+00   4.2750589e-01   0.0000000e+00
   3.5300000e+00   4.2697152e-01   0.0000000e+00
   3.5500000e+00   4.2643714e-01   0.0000000e+00
   3.5700000e+00   4.2590276e-01   0.0000000e+00
   3.5900000e+00   4.2536838e-01   0.0000000e+00
   3.6100000e+00   4.2483401e-01   0.0000000e+00
   3.6300000e+00   4.2429963e-01   0.0000000e+00
   3.6500000e+00   4.2376525e-01   0.0000000e+00
   3.6700000e+00   4.2323088e-01   0.0000000e+00
   3.6900000e+00   4.2269650e-01   0.0000000e+00
   3.7100000e+00   4.2216212e-01   0.0000000e+00
   3.7300000e+00   4.2143230e-01   0.0000000e+00
   3.7500000e+00   4.2050705e-01   0.0000000e+00
   3.7700000e+00   4.1998672e-01   0.0000000e+00
   3.7900000e+00   4.1956901e-01   0.0000000e+00
   2.1000000e+00   7.6417862e-01   1.0000000e+00
   2.1200000e+00   7.6132638e-01   1.0000000e+00
   2.1400000e+00   7.5829713e-01   1.0000000e+00
   2.1600000e+00   7.5509087e-01   1.0000000e+00
   2.1800000e+00   7.5188460e-01   1.0000000e+00
   2.2000000e+00   7.4867834e-01   1.0000000e+00
   2.2200000e+00   7.4547208e-01   1.0000000e+00
   2.2400000e+00   7.4190108e-01   1.0000000e+00
   2.2600000e+00   7.3824526e-01   1.0000000e+00
   2.2800000e+00   7.3450462e-01   1.0000000e+00
   2.3000000e+00   7.3115821e-01   1.0000000e+00
   2.3200000e+00   7.2841624e-01   1.0000000e+00
   2.3400000e+00   7.2627873e-01   1.0000000e+00
   2.3600000e+00   7.2414122e-01   1.0000000e+00
   2.3800000e+00   7.2200372e-01   1.0000000e+00
   2.4000000e+00   7.1986621e-01   1.0000000e+00
   2.4200000e+00   7.1804449e-01   1.0000000e+00
   2.4400000e+00   7.1633207e-01   1.0000000e+00
   2.4600000e+00   7.1472894e-01   1.0000000e+00
   2.4800000e+00   7.1304334e-01   1.0000000e+00
   2.5000000e+00   7.1113179e-01   1.0000000e+00
   2.5200000e+00   7.0899428e-01   1.0000000e+00
   2.5400000e+00   7.0735695e-01   1.0000000e+00
   2.5600000e+00   7.0554496e-01   1.0000000e+00
   2.5800000e+00   7.0355832e-01   1.0000000e+00
   2.6000000e+00   7.0195450e-01   1.0000000e+00
   2.6200000e+00   7.0054313e-01   1.0000000e+00
   2.6400000e+00   6.9932419e-01   1.0000000e+00
   2.6600000e+00   6.9765403e-01   1.0000000e+00
   2.6800000e+00   6.9548301e-01   1.0000000e+00
   2.7000000e+00   6.9281112e-01   1.0000000e+00
   2.7200000e+00   6.9104169e-01   1.0000000e+00
   2.7400000e+00   6.8902085e-01   1.0000000e+00
   2.7600000e+00   6.8674859e-01   1.0000000e+00
   2.7800000e+00   6.8429461e-01   1.0000000e+00
   2.8000000e+00   6.8199886e-01   1.0000000e+00
   2.8200000e+00   6.7986135e-01   1.0000000e+00
   2.8400000e+00   6.7772384e-01   1.0000000e+00
   2.8600000e+00   6.7610528e-01   1.0000000e+00
   2.8800000e+00   6.7500566e-01   1.0000000e+00
   2.9000000e+00   6.7313235e-01   1.0000000e+00
   2.9200000e+00   6.7141255e-01   1.0000000e+00
   2.9400000e+00   6.6984628e-01   1.0000000e+00
   2.9600000e+00   6.6860857e-01   1.0000000e+00
   2.9800000e+00   6.6718815e-01   1.0000000e+00
   3.0000000e+00   6.6558502e-01   1.0000000e+00
   3.0200000e+00   6.6398189e-01   1.0000000e+00
   3.0400000e+00   6.6284876e-01   1.0000000e+00
   3.0600000e+00   6.6218563e-01   1.0000000e+00
   3.0800000e+00   6.6094458e-01   1.0000000e+00
   3.1000000e+00   6.5952249e-01   1.0000000e+00
   3.1200000e+00   6.5791936e-01   1.0000000e+00
