   6.1000000e-01   9.5672404e-01   0.0000000e+00
   6.3000000e-01   9.4426845e-01   0.0000000e+00
   6.5000000e-01   9.2824589e-01   0.0000000e+00
   6.7000000e-01   9.0874550e-01   0.0000000e+00
   6.9000000e-01   8.8576729e-01   0.0000000e+00
   7.1000000e-01   8.6461010e-01   0.0000000e+00
   7.3000000e-01   8.4411905e-01   0.0000000e+00
   7.5000000e-01   8.2429412e-01   0.0000000e+00
   7.7000000e-01   8.0794161e-01   0.0000000e+00
   7.9000000e-01   7.9335686e-01   0.0000000e+00
   8.1000000e-01   7.8053988e-01   0.0000000e+00
   8.3000000e-01   7.6557732e-01   0.0000000e+00
   8.5000000e-01   7.5113774e-01   0.0000000e+00
   8.7000000e-01   7.3722113e-01   0.0000000e+00
   8.9000000e-01   7.2495257e-01   0.0000000e+00
   9.1000000e-01   7.1366426e-01   0.0000000e+00
   9.3000000e-01   7.0335620e-01   0.0000000e+00
   9.5000000e-01   6.9479074e-01   0.0000000e+00
   9.7000000e-01   6.8679552e-01   0.0000000e+00
   9.9000000e-01   6.7937056e-01   0.0000000e+00
   1.0100000e+00   6.7242366e-01   0.0000000e+00
   1.0300000e+00   6.6595079e-01   0.0000000e+00
   1.0500000e+00   6.5995195e-01   0.0000000e+00
   1.0700000e+00   6.5407380e-01   0.0000000e+00
   1.0900000e+00   6.4855670e-01   0.0000000e+00
   1.1100000e+00   6.4340066e-01   0.0000000e+00
   1.1300000e+00   6.3887757e-01   0.0000000e+00
   1.1500000e+00   6.3394783e-01   0.0000000e+00
   1.1700000e+00   6.2861143e-01   0.0000000e+00
   1.1900000e+00   6.2380203e-01   0.0000000e+00
   1.2100000e+00   6.1920518e-01   0.0000000e+00
   1.2300000e+00   6.1482087e-01   0.0000000e+00
   1.2500000e+00   6.1054586e-01   0.0000000e+00
   1.2700000e+00   6.0607909e-01   0.0000000e+00
   1.2900000e+00   6.0142056e-01   0.0000000e+00
   1.3100000e+00   5.9615188e-01   0.0000000e+00
   1.3300000e+00   5.9111284e-01   0.0000000e+00
   1.3500000e+00   5.8630345e-01   0.0000000e+00
   1.3700000e+00   5.8198686e-01   0.0000000e+00
   1.3900000e+00   5.7731492e-01   0.0000000e+00
   1.4100000e+00   5.7228763e-01   0.0000000e+00
   1.4300000e+00   5.6720333e-01   0.0000000e+00
   1.4500000e+00   5.6232789e-01   0.0000000e+00
   1.4700000e+00   5.5766130e-01   0.0000000e+00
   1.4900000e+00   5.5341243e-01   0.0000000e+00
   1.5100000e+00   5.4941767e-01   0.0000000e+00
   1.5300000e+00   5.4567703e-01   0.0000000e+00
   1.5500000e+00   5.4326796e-01   0.0000000e+00
   1.5700000e+00   5.4115827e-01   0.0000000e+00
   1.5900000e+00   5.3934795e-01   0.0000000e+00
   1.6100000e+00   5.3774482e-01   0.0000000e+00
   1.6300000e+00   5.3623555e-01   0.0000000e+00
   1.6500000e+00   5.3482014e-01   0.0000000e+00
   1.6700000e+00   5.3428577e-01   0.0000000e+00
   1.6900000e+00   5.3375139e-01   0.0000000e+00
   1.7100000e+00   5.3321701e-01   0.0000000e+00
   1.7300000e+00   5.3228773e-01   0.0000000e+00
   1.7500000e+00   5.3128871e-01   0.0000000e+00
   1.7700000e+00   5.3021995e-01   0.0000000e+00
   1.7900000e+00   5.2931278e-01   0.0000000e+00
   1.8100000e+00   5.2856955e-01   0.0000000e+00
   1.8300000e+00   5.2799025e-01   0.0000000e+00
   1.8500000e+00   5.2692150e-01   0.0000000e+00
   1.8700000e+00   5.2585274e-01   0.0000000e+00
   1.8900000e+00   5.2478399e-01   0.0000000e+00
   1.9100000e+00   5.2371524e-01   0.0000000e+00
   1.9300000e+00   5.2241718e-01   0.0000000e+00
   1.9500000e+00   5.2088983e-01   0.0000000e+00
   1.9700000e+00   5.1897759e-01   0.0000000e+00
   1.9900000e+00   5.1748709e-01   0.0000000e+00
   2.0100000e+00   5.1641834e-01   0.0000000e+00
   2.0300000e+00   5.1534959e-01   0.0000000e+00
   2.0500000e+00   5.1407399e-01   0.0000000e+00
   2.0700000e+00   5.1259155e-01   0.0000000e+00
   2.0900000e+00   5.1098842e-01   0.0000000e+00
   2.1100000e+00   5.0947547e-01   0.0000000e+00
   2.1300000e+00   5.0805269e-01   0.0000000e+00
   2.1500000e+00   5.0698394e-01   0.0000000e+00
   2.1700000e+00   5.0591518e-01   0.0000000e+00
   2.1900000e+00   5.0484643e-01   0.0000000e+00
   2.2100000e+00   5.0281487e-01   0.0000000e+00
   2.2300000e+00   5.0109508e-01   0.0000000e+00
   2.2500000e+00   4.9968704e-01   0.0000000e+00
   2.2700000e+00   4.9837022e-01   0.0000000e+00
   2.2900000e+00   4.9697594e-01   0.0000000e+00
   2.3100000e+00   4.9550422e-01   0.0000000e+00
   2.3300000e+00   4.9442072e-01   0.0000000e+00
   2.3500000e+00   4.9307741e-01   0.0000000e+00
   2.3700000e+00   4.9147427e-01   0.0000000e+00
   2.3900000e+00   4.9030360e-01   0.0000000e+00
   2.4100000e+00   4.8902599e-01   0.0000000e+00
   2.4300000e+00   4.8764144e-01   0.0000000e+00
   2.4500000e+00   4.8603831e-01   0.0000000e+00
   2.4700000e+00   4.8447641e-01   0.0000000e+00
   2.4900000e+00   4.8295574e-01   0.0000000e+00
   2.5100000e+00   4.8188699e-01   0.0000000e+00
   2.5300000e+00   4.8081823e-01   0.0000000e+00
   2.5500000e+00   4.7974948e-01   0.0000000e+00
   2.5700000e+00   4.7829722e-01   0.0000000e+00
   2.5900000e+00   4.7690294e-01   0.0000000e+00
   2.6100000e+00   4.7556666e-01   0.0000000e+00
   2.6300000e+00   4.7449790e-01   0.0000000e+00
   2.6500000e+00   4.7342915e-01   0.0000000e+00
   2.6700000e+00   4.7236039e-01   0.0000000e+00
   2.6900000e+00   4.7129164e-01   0.0000000e+00
   2.7100000e+00   4.7022289e-01   0.0000000e+00
   2.7300000e+00   4.6915413e-01   0.0000000e+00
   2.7500000e+00   4.6808538e-01   0.0000000e+00
   2.7700000e+00   4.6701662e-01   0.0000000e+00
   2.7900000e+00   4.6594787e-01   0.0000000e+00
   2.8100000e+00   4.6487912e-01   0.0000000e+00
   2.8300000e+00   4.6381036e-01   0.0000000e+00
   2.8500000e+00   4.6274161e-01   0.0000000e+00
   2.8700000e+00   4.6115391e-01   0.0000000e+00
   2.8900000e+00   4.5975963e-01   0.0000000e+00
   2.9100000e+00   4.5855878e-01   0.0000000e+00
   2.9300000e+00   4.5749003e-01   0.0000000e+00
   2.9500000e+00   4.5642127e-01   0.0000000e+00
   2.9700000e+00   4.5535252e-01   0.0000000e+00
   2.9900000e+00   4.5428377e-01   0.0000000e+00
   3.0100000e+00   4.5321501e-01   0.0000000e+00
   3.0300000e+00   4.5214626e-01   0.0000000e+00
   3.0500000e+00   4.5154750e-01   0.0000000e+00
   3.0700000e+00   4.5080427e-01   0.0000000e+00
   3.0900000e+00   4.4991656e-01   0.0000000e+00
   3.1100000e+00   4.4884780e-01   0.0000000e+00
   3.1300000e+00   4.4783905e-01   0.0000000e+00
   3.1500000e+00   4.4689030e-01   0.0000000e+00
   3.1700000e+00   4.4635259e-01   0.0000000e+00
   3.1900000e+00   4.4554935e-01   0.0000000e+00
   3.2100000e+00   4.4448060e-01   0.0000000e+00
   3.2300000e+00   4.4383290e-01   0.0000000e+00
   3.2500000e+00   4.4308966e-01   0.0000000e+00
   3.2700000e+00   4.4225090e-01   0.0000000e+00
   3.2900000e+00   4.4136987e-01   0.0000000e+00
   3.3100000e+00   4.4062663e-01   0.0000000e+00
   3.3300000e+00   4.4002120e-01   0.0000000e+00
   3.3500000e+00   4.3895244e-01   0.0000000e+00
   3.3700000e+00   4.3788369e-01   0.0000000e+00
   3.3900000e+00   4.3681493e-01   0.0000000e+00
   3.4100000e+00   4.3611829e-01   0.0000000e+00
   3.4300000e+00   4.3537505e-01   0.0000000e+00
   3.4500000e+00   4.3458523e-01   0.0000000e+00
   3.4700000e+00   4.3379404e-01   0.0000000e+00
   3.4900000e+00   4.3337632e-01   0.0000000e+00
   3.5100000e+00   4.3333210e-01   0.0000000e+00
   3.5300000e+00   4.3226334e-01   0.0000000e+00
   3.5500000e+00   4.3163441e-01   0.0000000e+00
   3.5700000e+00   4.3144531e-01   0.0000000e+00
   3.5900000e+00   4.3079899e-01   0.0000000e+00
   3.6100000e+00   4.3004470e-01   0.0000000e+00
   3.6300000e+00   4.2918244e-01   0.0000000e+00
   3.6500000e+00   4.2864807e-01   0.0000000e+00
   3.6700000e+00   4.2811369e-01   0.0000000e+00
   3.6900000e+00   4.2757931e-01   0.0000000e+00
   3.7100000e+00   4.2653739e-01   0.0000000e+00
   3.7300000e+00   4.2567749e-01   0.0000000e+00
   3.7500000e+00   4.2499962e-01   0.0000000e+00
   3.7700000e+00   4.2419103e-01   0.0000000e+00
   3.7900000e+00   4.2325235e-01   0.0000000e+00
   2.1600000e+00   7.4951809e-01   1.0000000e+00
   2.1800000e+00   7.4791496e-01   1.0000000e+00
   2.2000000e+00   7.4607113e-01   1.0000000e+00
   2.2200000e+00   7.4398659e-01   1.0000000e+00
   2.2400000e+00   7.4111961e-01   1.0000000e+00
   2.2600000e+00   7.3820703e-01   1.0000000e+00
   2.2800000e+00   7.3524884e-01   1.0000000e+00
   2.3000000e+00   7.3257695e-01   1.0000000e+00
   2.3200000e+00   7.2990507e-01   1.0000000e+00
   2.3400000e+00   7.2723318e-01   1.0000000e+00
   2.3600000e+00   7.2456130e-01   1.0000000e+00
   2.3800000e+00   7.2188941e-01   1.0000000e+00
   2.4000000e+00   7.1921753e-01   1.0000000e+00
   2.4200000e+00   7.1686143e-01   1.0000000e+00
   2.4400000e+00   7.1481376e-01   1.0000000e+00
   2.4600000e+00   7.1307450e-01   1.0000000e+00
   2.4800000e+00   7.1192328e-01   1.0000000e+00
   2.5000000e+00   7.1054611e-01   1.0000000e+00
   2.5200000e+00   7.0894298e-01   1.0000000e+00
   2.5400000e+00   7.0733985e-01   1.0000000e+00
   2.5600000e+00   7.0612023e-01   1.0000000e+00
   2.5800000e+00   7.0528411e-01   1.0000000e+00
   2.6000000e+00   7.0421605e-01   1.0000000e+00
   2.6200000e+00   7.0303063e-01   1.0000000e+00
   2.6400000e+00   7.0172786e-01   1.0000000e+00
   2.6600000e+00   7.0105942e-01   1.0000000e+00
   2.6800000e+00   6.9938926e-01   1.0000000e+00
   2.7000000e+00   6.9671737e-01   1.0000000e+00
   2.7200000e+00   6.9585040e-01   1.0000000e+00
   2.7400000e+00   6.9514972e-01   1.0000000e+00
   2.7600000e+00   6.9461534e-01   1.0000000e+00
   2.7800000e+00   6.9386307e-01   1.0000000e+00
   2.8000000e+00   6.9300317e-01   1.0000000e+00
   2.8200000e+00   6.9203565e-01   1.0000000e+00
   2.8400000e+00   6.9150127e-01   1.0000000e+00
   2.8600000e+00   6.9096690e-01   1.0000000e+00
   2.8800000e+00   6.9043252e-01   1.0000000e+00
