   6.1000000e-01   9.6948137e-01   0.0000000e+00
   6.3000000e-01   9.5747770e-01   0.0000000e+00
   6.5000000e-01   9.4053656e-01   0.0000000e+00
   6.7000000e-01   9.2111126e-01   0.0000000e+00
   6.9000000e-01   8.9920180e-01   0.0000000e+00
   7.1000000e-01   8.7774760e-01   0.0000000e+00
   7.3000000e-01   8.5751804e-01   0.0000000e+00
   7.5000000e-01   8.3851310e-01   0.0000000e+00
   7.7000000e-01   8.2243216e-01   0.0000000e+00
   7.9000000e-01   8.0739215e-01   0.0000000e+00
   8.1000000e-01   7.9339308e-01   0.0000000e+00
   8.3000000e-01   7.7896490e-01   0.0000000e+00
   8.5000000e-01   7.6532119e-01   0.0000000e+00
   8.7000000e-01   7.5246193e-01   0.0000000e+00
   8.9000000e-01   7.4085582e-01   0.0000000e+00
   9.1000000e-01   7.3002110e-01   0.0000000e+00
   9.3000000e-01   7.1995776e-01   0.0000000e+00
   9.5000000e-01   7.1121932e-01   0.0000000e+00
   9.7000000e-01   7.0287043e-01   0.0000000e+00
   9.9000000e-01   6.9491109e-01   0.0000000e+00
   1.0100000e+00   6.8742981e-01   0.0000000e+00
   1.0300000e+00   6.8018555e-01   0.0000000e+00
   1.0500000e+00   6.7317830e-01   0.0000000e+00
   1.0700000e+00   6.6694612e-01   0.0000000e+00
   1.0900000e+00   6.6089097e-01   0.0000000e+00
   1.1100000e+00   6.5501282e-01   0.0000000e+00
   1.1300000e+00   6.4925871e-01   0.0000000e+00
   1.1500000e+00   6.4371345e-01   0.0000000e+00
   1.1700000e+00   6.3837705e-01   0.0000000e+00
   1.1900000e+00   6.3356766e-01   0.0000000e+00
   1.2100000e+00   6.2897081e-01   0.0000000e+00
   1.2300000e+00   6.2458650e-01   0.0000000e+00
   1.2500000e+00   6.1969464e-01   0.0000000e+00
   1.2700000e+00   6.1476858e-01   0.0000000e+00
   1.2900000e+00   6.0980832e-01   0.0000000e+00
   1.3100000e+00   6.0530804e-01   0.0000000e+00
   1.3300000e+00   6.0011882e-01   0.0000000e+00
   1.3500000e+00   5.9424067e-01   0.0000000e+00
   1.3700000e+00   5.8885533e-01   0.0000000e+00
   1.3900000e+00   5.8349077e-01   0.0000000e+00
   1.4100000e+00   5.7814700e-01   0.0000000e+00
   1.4300000e+00   5.7280323e-01   0.0000000e+00
   1.4500000e+00   5.6760227e-01   0.0000000e+00
   1.4700000e+00   5.6254411e-01   0.0000000e+00
   1.4900000e+00   5.5829524e-01   0.0000000e+00
   1.5100000e+00   5.5430049e-01   0.0000000e+00
   1.5300000e+00   5.5055985e-01   0.0000000e+00
   1.5500000e+00   5.4726306e-01   0.0000000e+00
   1.5700000e+00   5.4433873e-01   0.0000000e+00
   1.5900000e+00   5.4178685e-01   0.0000000e+00
   1.6100000e+00   5.3985987e-01   0.0000000e+00
   1.6300000e+00   5.3818868e-01   0.0000000e+00
   1.6500000e+00   5.3677327e-01   0.0000000e+00
   1.6700000e+00   5.3623889e-01   0.0000000e+00
   1.6900000e+00   5.3570452e-01   0.0000000e+00
   1.7100000e+00   5.3517014e-01   0.0000000e+00
   1.7300000e+00   5.3503067e-01   0.0000000e+00
   1.7500000e+00   5.3510006e-01   0.0000000e+00
   1.7700000e+00   5.3537830e-01   0.0000000e+00
   1.7900000e+00   5.3575110e-01   0.0000000e+00
   1.8100000e+00   5.3593750e-01   0.0000000e+00
   1.8300000e+00   5.3593750e-01   0.0000000e+00
   1.8500000e+00   5.3593750e-01   0.0000000e+00
   1.8700000e+00   5.3593750e-01   0.0000000e+00
   1.8900000e+00   5.3593750e-01   0.0000000e+00
   1.9100000e+00   5.3559154e-01   0.0000000e+00
   1.9300000e+00   5.3503672e-01   0.0000000e+00
   1.9500000e+00   5.3427304e-01   0.0000000e+00
   1.9700000e+00   5.3309165e-01   0.0000000e+00
   1.9900000e+00   5.3169939e-01   0.0000000e+00
   2.0100000e+00   5.3009626e-01   0.0000000e+00
   2.0300000e+00   5.2849313e-01   0.0000000e+00
   2.0500000e+00   5.2647632e-01   0.0000000e+00
   2.0700000e+00   5.2404582e-01   0.0000000e+00
   2.0900000e+00   5.2226499e-01   0.0000000e+00
   2.1100000e+00   5.2065984e-01   0.0000000e+00
   2.1300000e+00   5.1923038e-01   0.0000000e+00
   2.1500000e+00   5.1722025e-01   0.0000000e+00
   2.1700000e+00   5.1568081e-01   0.0000000e+00
   2.1900000e+00   5.1461205e-01   0.0000000e+00
   2.2100000e+00   5.1306190e-01   0.0000000e+00
   2.2300000e+00   5.1166762e-01   0.0000000e+00
   2.2500000e+00   5.1042923e-01   0.0000000e+00
   2.2700000e+00   5.0911240e-01   0.0000000e+00
   2.2900000e+00   5.0778383e-01   0.0000000e+00
   2.3100000e+00   5.0644351e-01   0.0000000e+00
   2.3300000e+00   5.0587965e-01   0.0000000e+00
   2.3500000e+00   5.0479616e-01   0.0000000e+00
   2.3700000e+00   5.0319302e-01   0.0000000e+00
   2.3900000e+00   5.0115744e-01   0.0000000e+00
   2.4100000e+00   4.9938668e-01   0.0000000e+00
   2.4300000e+00   4.9788076e-01   0.0000000e+00
   2.4500000e+00   4.9681200e-01   0.0000000e+00
   2.4700000e+00   4.9574325e-01   0.0000000e+00
   2.4900000e+00   4.9467449e-01   0.0000000e+00
   2.5100000e+00   4.9360574e-01   0.0000000e+00
   2.5300000e+00   4.9253698e-01   0.0000000e+00
   2.5500000e+00   4.9146823e-01   0.0000000e+00
   2.5700000e+00   4.9001597e-01   0.0000000e+00
   2.5900000e+00   4.8875511e-01   0.0000000e+00
   2.6100000e+00   4.8768567e-01   0.0000000e+00
   2.6300000e+00   4.8685094e-01   0.0000000e+00
   2.6500000e+00   4.8564876e-01   0.0000000e+00
   2.6700000e+00   4.8407914e-01   0.0000000e+00
   2.6900000e+00   4.8301039e-01   0.0000000e+00
   2.7100000e+00   4.8194164e-01   0.0000000e+00
   2.7300000e+00   4.8087288e-01   0.0000000e+00
   2.7500000e+00   4.8013869e-01   0.0000000e+00
   2.7700000e+00   4.7917756e-01   0.0000000e+00
   2.7900000e+00   4.7798949e-01   0.0000000e+00
   2.8100000e+00   4.7605445e-01   0.0000000e+00
   2.8300000e+00   4.7455255e-01   0.0000000e+00
   2.8500000e+00   4.7348379e-01   0.0000000e+00
   2.8700000e+00   4.7189609e-01   0.0000000e+00
   2.8900000e+00   4.7030068e-01   0.0000000e+00
   2.9100000e+00   4.6869755e-01   0.0000000e+00
   2.9300000e+00   4.6738003e-01   0.0000000e+00
   2.9500000e+00   4.6610242e-01   0.0000000e+00
   2.9700000e+00   4.6486472e-01   0.0000000e+00
   2.9900000e+00   4.6331387e-01   0.0000000e+00
   3.0100000e+00   4.6200407e-01   0.0000000e+00
   3.0300000e+00   4.6093532e-01   0.0000000e+00
   3.0500000e+00   4.5986657e-01   0.0000000e+00
   3.0700000e+00   4.5879781e-01   0.0000000e+00
   3.0900000e+00   4.5772906e-01   0.0000000e+00
   3.1100000e+00   4.5666030e-01   0.0000000e+00
   3.1300000e+00   4.5565155e-01   0.0000000e+00
   3.1500000e+00   4.5470280e-01   0.0000000e+00
   3.1700000e+00   4.5416509e-01   0.0000000e+00
   3.1900000e+00   4.5336185e-01   0.0000000e+00
   3.2100000e+00   4.5229310e-01   0.0000000e+00
   3.2300000e+00   4.5164540e-01   0.0000000e+00
   2.0100000e+00   7.7325428e-01   1.0000000e+00
   2.0300000e+00   7.7165518e-01   1.0000000e+00
   2.0500000e+00   7.7005406e-01   1.0000000e+00
   2.0700000e+00   7.6845093e-01   1.0000000e+00
   2.0900000e+00   7.6684780e-01   1.0000000e+00
   2.1100000e+00   7.6524467e-01   1.0000000e+00
   2.1300000e+00   7.6364154e-01   1.0000000e+00
   2.1500000e+00   7.6216578e-01   1.0000000e+00
   2.1700000e+00   7.6116072e-01   1.0000000e+00
   2.1900000e+00   7.6062634e-01   1.0000000e+00
   2.2100000e+00   7.5864776e-01   1.0000000e+00
   2.2300000e+00   7.5658972e-01   1.0000000e+00
   2.2500000e+00   7.5445221e-01   1.0000000e+00
   2.2700000e+00   7.5231470e-01   1.0000000e+00
   2.2900000e+00   7.4998008e-01   1.0000000e+00
   2.3100000e+00   7.4744835e-01   1.0000000e+00
   2.3300000e+00   7.4366349e-01   1.0000000e+00
   2.3500000e+00   7.3909917e-01   1.0000000e+00
   2.3700000e+00   7.3375540e-01   1.0000000e+00
