   6.1000000e-01   9.9104821e-01   0.0000000e+00
   6.3000000e-01   9.8034996e-01   0.0000000e+00
   6.5000000e-01   9.6642736e-01   0.0000000e+00
   6.7000000e-01   9.4877852e-01   0.0000000e+00
   6.9000000e-01   9.2740344e-01   0.0000000e+00
   7.1000000e-01   9.0739413e-01   0.0000000e+00
   7.3000000e-01   8.8851927e-01   0.0000000e+00
   7.5000000e-01   8.7077888e-01   0.0000000e+00
   7.7000000e-01   8.5576669e-01   0.0000000e+00
   7.9000000e-01   8.4174280e-01   0.0000000e+00
   8.1000000e-01   8.2870723e-01   0.0000000e+00
   8.3000000e-01   8.1481343e-01   0.0000000e+00
   8.5000000e-01   8.0144260e-01   0.0000000e+00
   8.7000000e-01   7.8859475e-01   0.0000000e+00
   8.9000000e-01   7.7698863e-01   0.0000000e+00
   9.1000000e-01   7.6615391e-01   0.0000000e+00
   9.3000000e-01   7.5609058e-01   0.0000000e+00
   9.5000000e-01   7.4752511e-01   0.0000000e+00
   9.7000000e-01   7.3947358e-01   0.0000000e+00
   9.9000000e-01   7.3193599e-01   0.0000000e+00
   1.0100000e+00   7.2392033e-01   0.0000000e+00
   1.0300000e+00   7.1590468e-01   0.0000000e+00
   1.0500000e+00   7.0788902e-01   0.0000000e+00
   1.0700000e+00   7.0094546e-01   0.0000000e+00
   1.0900000e+00   6.9426742e-01   0.0000000e+00
   1.1100000e+00   6.8785489e-01   0.0000000e+00
   1.1300000e+00   6.8156640e-01   0.0000000e+00
   1.1500000e+00   6.7548309e-01   0.0000000e+00
   1.1700000e+00   6.6960494e-01   0.0000000e+00
   1.1900000e+00   6.6372679e-01   0.0000000e+00
   1.2100000e+00   6.5784864e-01   0.0000000e+00
   1.2300000e+00   6.5197050e-01   0.0000000e+00
   1.2500000e+00   6.4578393e-01   0.0000000e+00
   1.2700000e+00   6.3958026e-01   0.0000000e+00
   1.2900000e+00   6.3335949e-01   0.0000000e+00
   1.3100000e+00   6.2748134e-01   0.0000000e+00
   1.3300000e+00   6.2160320e-01   0.0000000e+00
   1.3500000e+00   6.1572505e-01   0.0000000e+00
   1.3700000e+00   6.1033970e-01   0.0000000e+00
   1.3900000e+00   6.0497515e-01   0.0000000e+00
   1.4100000e+00   5.9963138e-01   0.0000000e+00
   1.4300000e+00   5.9428760e-01   0.0000000e+00
   1.4500000e+00   5.8901524e-01   0.0000000e+00
   1.4700000e+00   5.8381428e-01   0.0000000e+00
   1.4900000e+00   5.7903103e-01   0.0000000e+00
   1.5100000e+00   5.7450189e-01   0.0000000e+00
   1.5300000e+00   5.7022688e-01   0.0000000e+00
   1.5500000e+00   5.6595186e-01   0.0000000e+00
   1.5700000e+00   5.6216763e-01   0.0000000e+00
   1.5900000e+00   5.5887419e-01   0.0000000e+00
   1.6100000e+00   5.5599178e-01   0.0000000e+00
   1.6300000e+00   5.5299437e-01   0.0000000e+00
   1.6500000e+00   5.4988197e-01   0.0000000e+00
   1.6700000e+00   5.4721009e-01   0.0000000e+00
   1.6900000e+00   5.4479399e-01   0.0000000e+00
   1.7100000e+00   5.4263368e-01   0.0000000e+00
   1.7300000e+00   5.4049617e-01   0.0000000e+00
   1.7500000e+00   5.3821954e-01   0.0000000e+00
   1.7700000e+00   5.3580378e-01   0.0000000e+00
   1.7900000e+00   5.3313190e-01   0.0000000e+00
   1.8100000e+00   5.3048247e-01   0.0000000e+00
   1.8300000e+00   5.2785550e-01   0.0000000e+00
   1.8500000e+00   5.2571800e-01   0.0000000e+00
   1.8700000e+00   5.2334917e-01   0.0000000e+00
   1.8900000e+00   5.2074904e-01   0.0000000e+00
   1.9100000e+00   5.1807715e-01   0.0000000e+00
   1.9300000e+00   5.1551992e-01   0.0000000e+00
   1.9500000e+00   5.1307733e-01   0.0000000e+00
   1.9700000e+00   5.1082719e-01   0.0000000e+00
   1.9900000e+00   5.0836617e-01   0.0000000e+00
   2.0100000e+00   5.0569429e-01   0.0000000e+00
   2.0300000e+00   5.0249206e-01   0.0000000e+00
   2.0500000e+00   4.9990833e-01   0.0000000e+00
   2.0700000e+00   4.9794312e-01   0.0000000e+00
   2.0900000e+00   4.9604297e-01   0.0000000e+00
   2.1100000e+00   4.9411432e-01   0.0000000e+00
   2.1300000e+00   4.9215716e-01   0.0000000e+00
   2.1500000e+00   4.9055403e-01   0.0000000e+00
   2.1700000e+00   4.8895090e-01   0.0000000e+00
   2.1900000e+00   4.8734777e-01   0.0000000e+00
   2.2100000e+00   4.8574464e-01   0.0000000e+00
   2.2300000e+00   4.8432387e-01   0.0000000e+00
   2.2500000e+00   4.8308548e-01   0.0000000e+00
   2.2700000e+00   4.8474551e-01   0.0000000e+00
   2.2900000e+00   4.8745460e-01   0.0000000e+00
   2.3100000e+00   4.9121274e-01   0.0000000e+00
   2.3300000e+00   4.9173237e-01   0.0000000e+00
   2.3500000e+00   4.9199219e-01   0.0000000e+00
   2.3700000e+00   4.9199219e-01   0.0000000e+00
   2.3900000e+00   4.9086115e-01   0.0000000e+00
   2.4100000e+00   4.8959683e-01   0.0000000e+00
   2.4300000e+00   4.8819923e-01   0.0000000e+00
   2.4500000e+00   4.8680163e-01   0.0000000e+00
   2.4700000e+00   4.8540403e-01   0.0000000e+00
   2.4900000e+00   4.8400643e-01   0.0000000e+00
   2.5100000e+00   4.8260883e-01   0.0000000e+00
   2.5300000e+00   4.8121122e-01   0.0000000e+00
   2.5500000e+00   4.7981362e-01   0.0000000e+00
   2.5700000e+00   4.7841602e-01   0.0000000e+00
   2.5900000e+00   4.7701842e-01   0.0000000e+00
   2.6100000e+00   4.7562082e-01   0.0000000e+00
   2.6300000e+00   4.7422322e-01   0.0000000e+00
   2.6500000e+00   4.7282562e-01   0.0000000e+00
   2.6700000e+00   4.7142801e-01   0.0000000e+00
   2.6900000e+00   4.7003041e-01   0.0000000e+00
   2.7100000e+00   4.6863281e-01   0.0000000e+00
   2.7300000e+00   4.6723521e-01   0.0000000e+00
   2.7500000e+00   4.6583761e-01   0.0000000e+00
   2.7700000e+00   4.6444001e-01   0.0000000e+00
   2.7900000e+00   4.6304240e-01   0.0000000e+00
   2.8100000e+00   4.6164480e-01   0.0000000e+00
   2.8300000e+00   4.6024720e-01   0.0000000e+00
   2.8500000e+00   4.5884960e-01   0.0000000e+00
   2.8700000e+00   4.6037552e-01   0.0000000e+00
   2.8900000e+00   4.6060410e-01   0.0000000e+00
   2.9100000e+00   4.5953534e-01   0.0000000e+00
   2.9300000e+00   4.5818097e-01   0.0000000e+00
   2.9500000e+00   4.5687117e-01   0.0000000e+00
   2.9700000e+00   4.5560595e-01   0.0000000e+00
   2.2500000e+00   8.1720012e-01   1.0000000e+00
   2.2700000e+00   8.1625860e-01   1.0000000e+00
   2.2900000e+00   8.1531707e-01   1.0000000e+00
   2.3100000e+00   8.1437555e-01   1.0000000e+00
   2.3300000e+00   8.1343403e-01   1.0000000e+00
   2.3500000e+00   8.1249251e-01   1.0000000e+00
   2.3700000e+00   8.1155099e-01   1.0000000e+00
   2.3900000e+00   8.1060947e-01   1.0000000e+00
   2.4100000e+00   8.0966795e-01   1.0000000e+00
   2.4300000e+00   8.0872642e-01   1.0000000e+00
   2.4500000e+00   8.0778490e-01   1.0000000e+00
   2.4700000e+00   8.0684338e-01   1.0000000e+00
   2.4900000e+00   8.0590186e-01   1.0000000e+00
   2.5100000e+00   8.0496034e-01   1.0000000e+00
   2.5300000e+00   8.0401882e-01   1.0000000e+00
   2.5500000e+00   8.0307730e-01   1.0000000e+00
   2.5700000e+00   8.0213577e-01   1.0000000e+00
   2.5900000e+00   8.0119425e-01   1.0000000e+00
   2.6100000e+00   8.0025273e-01   1.0000000e+00
   2.6300000e+00   7.9931121e-01   1.0000000e+00
   2.6500000e+00   7.9836969e-01   1.0000000e+00
   2.6700000e+00   7.9742817e-01   1.0000000e+00
   2.6900000e+00   7.9648664e-01   1.0000000e+00
   2.7100000e+00   7.9554512e-01   1.0000000e+00
   2.7300000e+00   7.9460360e-01   1.0000000e+00
   2.7500000e+00   7.9366208e-01   1.0000000e+00
   2.7700000e+00   7.9272056e-01   1.0000000e+00
   2.7900000e+00   7.9177904e-01   1.0000000e+00
   2.8100000e+00   7.9083752e-01   1.0000000e+00
   2.8300000e+00   7.8989599e-01   1.0000000e+00
   2.8500000e+00   7.8895447e-01   1.0000000e+00
   2.8700000e+00   7.8801295e-01   1.0000000e+00
   2.8900000e+00   7.8707143e-01   1.0000000e+00
   2.9100000e+00   7.8612991e-01   1.0000000e+00
   2.9300000e+00   7.8518839e-01   1.0000000e+00
   2.9500000e+00   7.8424687e-01   1.0000000e+00
   2.9700000e+00   7.8330535e-01   1.0000000e+00
