   6.0000000e-01   9.7606054e-01   0.0000000e+00
   6.2000000e-01   9.5710996e-01   0.0000000e+00
   6.4000000e-01   9.3584084e-01   0.0000000e+00
   6.6000000e-01   9.1225316e-01   0.0000000e+00
   6.8000000e-01   8.8767181e-01   0.0000000e+00
   7.0000000e-01   8.6422861e-01   0.0000000e+00
   7.2000000e-01   8.4192355e-01   0.0000000e+00
   7.4000000e-01   8.2136847e-01   0.0000000e+00
   7.6000000e-01   8.0231459e-01   0.0000000e+00
   7.8000000e-01   7.8476192e-01   0.0000000e+00
   8.0000000e-01   7.7043900e-01   0.0000000e+00
   8.2000000e-01   7.5633064e-01   0.0000000e+00
   8.4000000e-01   7.4243684e-01   0.0000000e+00
   8.6000000e-01   7.3063494e-01   0.0000000e+00
   8.8000000e-01   7.2027793e-01   0.0000000e+00
   9.0000000e-01   7.1136581e-01   0.0000000e+00
   9.2000000e-01   7.0392945e-01   0.0000000e+00
   9.4000000e-01   6.9717027e-01   0.0000000e+00
   9.6000000e-01   6.9108828e-01   0.0000000e+00
   9.8000000e-01   6.8675695e-01   0.0000000e+00
   1.0000000e+00   6.8218658e-01   0.0000000e+00
   1.0200000e+00   6.7737719e-01   0.0000000e+00
   1.0400000e+00   6.7304183e-01   0.0000000e+00
   1.0600000e+00   6.6909400e-01   0.0000000e+00
   1.0800000e+00   6.6553372e-01   0.0000000e+00
   1.1000000e+00   6.6184605e-01   0.0000000e+00
   1.1200000e+00   6.5792673e-01   0.0000000e+00
   1.1400000e+00   6.5377575e-01   0.0000000e+00
   1.1600000e+00   6.5002774e-01   0.0000000e+00
   1.1800000e+00   6.4601622e-01   0.0000000e+00
   1.2000000e+00   6.4174121e-01   0.0000000e+00
   1.2200000e+00   6.3831636e-01   0.0000000e+00
   1.2400000e+00   6.3469238e-01   0.0000000e+00
   1.2600000e+00   6.3086928e-01   0.0000000e+00
   1.2800000e+00   6.2697778e-01   0.0000000e+00
   1.3000000e+00   6.2335380e-01   0.0000000e+00
   1.3200000e+00   6.1999736e-01   0.0000000e+00
   1.3400000e+00   6.1572235e-01   0.0000000e+00
   1.3600000e+00   6.1194013e-01   0.0000000e+00
   1.3800000e+00   6.0865072e-01   0.0000000e+00
   1.4000000e+00   6.0544446e-01   0.0000000e+00
   1.4200000e+00   6.0210846e-01   0.0000000e+00
   1.4400000e+00   5.9864272e-01   0.0000000e+00
   1.4600000e+00   5.9490208e-01   0.0000000e+00
   1.4800000e+00   5.9116144e-01   0.0000000e+00
   1.5000000e+00   5.8742080e-01   0.0000000e+00
   1.5200000e+00   5.8368017e-01   0.0000000e+00
   1.5400000e+00   5.7971760e-01   0.0000000e+00
   1.5600000e+00   5.7553310e-01   0.0000000e+00
   1.5800000e+00   5.7158528e-01   0.0000000e+00
   1.6000000e+00   5.6774105e-01   0.0000000e+00
   1.6200000e+00   5.6400041e-01   0.0000000e+00
   1.6400000e+00   5.6025977e-01   0.0000000e+00
   1.6600000e+00   5.5651913e-01   0.0000000e+00
   1.6800000e+00   5.5277849e-01   0.0000000e+00
   1.7000000e+00   5.5006100e-01   0.0000000e+00
   1.7200000e+00   5.4736631e-01   0.0000000e+00
   1.7400000e+00   5.4469443e-01   0.0000000e+00
   1.7600000e+00   5.4202254e-01   0.0000000e+00
   1.7800000e+00   5.3943145e-01   0.0000000e+00
   1.8000000e+00   5.3692114e-01   0.0000000e+00
   1.8200000e+00   5.3478363e-01   0.0000000e+00
   1.8400000e+00   5.3264613e-01   0.0000000e+00
   1.8600000e+00   5.3050862e-01   0.0000000e+00
   1.8800000e+00   5.2790848e-01   0.0000000e+00
   1.9000000e+00   5.2561843e-01   0.0000000e+00
   1.9200000e+00   5.2363847e-01   0.0000000e+00
   1.9400000e+00   5.2180604e-01   0.0000000e+00
   1.9600000e+00   5.1993371e-01   0.0000000e+00
   1.9800000e+00   5.1802147e-01   0.0000000e+00
   2.0000000e+00   5.1695272e-01   0.0000000e+00
   2.0200000e+00   5.1561879e-01   0.0000000e+00
   2.0400000e+00   5.1401969e-01   0.0000000e+00
   2.0600000e+00   5.1241656e-01   0.0000000e+00
   2.0800000e+00   5.1096194e-01   0.0000000e+00
   2.1000000e+00   5.0965582e-01   0.0000000e+00
   2.1200000e+00   5.0858707e-01   0.0000000e+00
   2.1400000e+00   5.0748647e-01   0.0000000e+00
   2.1600000e+00   5.0635403e-01   0.0000000e+00
   2.1800000e+00   5.0475090e-01   0.0000000e+00
   2.2000000e+00   5.0290706e-01   0.0000000e+00
   2.2200000e+00   5.0082253e-01   0.0000000e+00
   2.2400000e+00   4.9941450e-01   0.0000000e+00
   2.2600000e+00   4.9792803e-01   0.0000000e+00
   2.2800000e+00   4.9636313e-01   0.0000000e+00
   2.3000000e+00   4.9435703e-01   0.0000000e+00
   2.3200000e+00   4.9253030e-01   0.0000000e+00
   2.3400000e+00   4.9088294e-01   0.0000000e+00
   2.3600000e+00   4.8767668e-01   0.0000000e+00
   2.3800000e+00   4.8490287e-01   0.0000000e+00
   2.4000000e+00   4.8256152e-01   0.0000000e+00
   2.4200000e+00   4.8010822e-01   0.0000000e+00
   2.4400000e+00   4.7754563e-01   0.0000000e+00
   2.4600000e+00   4.7487375e-01   0.0000000e+00
   2.4800000e+00   4.7211940e-01   0.0000000e+00
   2.5000000e+00   4.6913910e-01   0.0000000e+00
   2.5200000e+00   4.6593283e-01   0.0000000e+00
   2.5400000e+00   4.6372692e-01   0.0000000e+00
   2.5600000e+00   4.6193871e-01   0.0000000e+00
   2.5800000e+00   4.6056822e-01   0.0000000e+00
   2.6000000e+00   4.5896578e-01   0.0000000e+00
   2.6200000e+00   4.5717090e-01   0.0000000e+00
   2.6400000e+00   4.5518357e-01   0.0000000e+00
   2.6600000e+00   4.5358044e-01   0.0000000e+00
   2.6800000e+00   4.5197731e-01   0.0000000e+00
   2.7000000e+00   4.5037417e-01   0.0000000e+00
   2.7200000e+00   4.4922227e-01   0.0000000e+00
   2.7400000e+00   4.4794466e-01   0.0000000e+00
   2.7600000e+00   4.4654134e-01   0.0000000e+00
   2.7800000e+00   4.4493821e-01   0.0000000e+00
   2.8000000e+00   4.4328446e-01   0.0000000e+00
   2.8200000e+00   4.4158010e-01   0.0000000e+00
   2.8400000e+00   4.3944259e-01   0.0000000e+00
   2.8600000e+00   4.3704561e-01   0.0000000e+00
   2.8800000e+00   4.3438916e-01   0.0000000e+00
   2.9000000e+00   4.3171727e-01   0.0000000e+00
   2.9200000e+00   4.2933100e-01   0.0000000e+00
   2.9400000e+00   4.2723035e-01   0.0000000e+00
   2.9600000e+00   4.2579617e-01   0.0000000e+00
   2.9800000e+00   4.2451856e-01   0.0000000e+00
   3.0000000e+00   4.2339752e-01   0.0000000e+00
   3.0200000e+00   4.2179439e-01   0.0000000e+00
   3.0400000e+00   4.2019126e-01   0.0000000e+00
   3.0600000e+00   4.1858813e-01   0.0000000e+00
   3.0800000e+00   4.1733833e-01   0.0000000e+00
   3.1000000e+00   4.1606072e-01   0.0000000e+00
   3.1200000e+00   4.1475530e-01   0.0000000e+00
   3.1400000e+00   4.1315216e-01   0.0000000e+00
   3.1600000e+00   4.1155237e-01   0.0000000e+00
   3.1800000e+00   4.0995593e-01   0.0000000e+00
   3.2000000e+00   4.0942155e-01   0.0000000e+00
   3.2200000e+00   4.0825559e-01   0.0000000e+00
   3.2400000e+00   4.0645805e-01   0.0000000e+00
   3.2600000e+00   4.0492932e-01   0.0000000e+00
   3.2800000e+00   4.0363058e-01   0.0000000e+00
   3.3000000e+00   4.0256183e-01   0.0000000e+00
   3.3200000e+00   4.0149307e-01   0.0000000e+00
   3.3400000e+00   4.0042432e-01   0.0000000e+00
   3.3600000e+00   3.9935557e-01   0.0000000e+00
   3.3800000e+00   3.9828681e-01   0.0000000e+00
   3.4000000e+00   3.9721806e-01   0.0000000e+00
   3.4200000e+00   3.9614930e-01   0.0000000e+00
   3.4400000e+00   3.9533599e-01   0.0000000e+00
   3.4600000e+00   3.9459276e-01   0.0000000e+00
   3.4800000e+00   3.9391960e-01   0.0000000e+00
   3.5000000e+00   3.9285085e-01   0.0000000e+00
   3.5200000e+00   3.9178209e-01   0.0000000e+00
   3.5400000e+00   3.9071334e-01   0.0000000e+00
   3.5600000e+00   3.8964459e-01   0.0000000e+00
   3.5800000e+00   3.8873741e-01   0.0000000e+00
   3.6000000e+00   3.8799182e-01   0.0000000e+00
   3.6200000e+00   3.8745744e-01   0.0000000e+00
   3.6400000e+00   3.8683323e-01   0.0000000e+00
   3.6600000e+00   3.8611919e-01   0.0000000e+00
   3.6800000e+00   3.8451606e-01   0.0000000e+00
   3.7000000e+00   3.8367425e-01   0.0000000e+00
   3.7200000e+00   3.8359375e-01   0.0000000e+00
   3.7400000e+00   3.8320287e-01   0.0000000e+00
   3.7600000e+00   3.8274024e-01   0.0000000e+00
   3.7800000e+00   3.8220587e-01   0.0000000e+00
   2.0000000e+00   7.6023315e-01   1.0000000e+00
   2.0200000e+00   7.5676172e-01   1.0000000e+00
   2.0400000e+00   7.5302511e-01   1.0000000e+00
   2.0600000e+00   7.4928447e-01   1.0000000e+00
   2.0800000e+00   7.4569234e-01   1.0000000e+00
   2.1000000e+00   7.4224872e-01   1.0000000e+00
   2.1200000e+00   7.3904245e-01   1.0000000e+00
   2.1400000e+00   7.3586804e-01   1.0000000e+00
   2.1600000e+00   7.3272546e-01   1.0000000e+00
   2.1800000e+00   7.3005358e-01   1.0000000e+00
   2.2000000e+00   7.2762239e-01   1.0000000e+00
   2.2200000e+00   7.2543191e-01   1.0000000e+00
   2.2400000e+00   7.2329440e-01   1.0000000e+00
   2.2600000e+00   7.2115689e-01   1.0000000e+00
   2.2800000e+00   7.1901938e-01   1.0000000e+00
   2.3000000e+00   7.1688188e-01   1.0000000e+00
   2.3200000e+00   7.1474437e-01   1.0000000e+00
   2.3400000e+00   7.1260686e-01   1.0000000e+00
   2.3600000e+00   7.1046935e-01   1.0000000e+00
   2.3800000e+00   7.0833184e-01   1.0000000e+00
   2.4000000e+00   7.0619433e-01   1.0000000e+00
   2.4200000e+00   7.0405683e-01   1.0000000e+00
   2.4400000e+00   7.0191932e-01   1.0000000e+00
   2.4600000e+00   6.9978181e-01   1.0000000e+00
   2.4800000e+00   6.9772676e-01   1.0000000e+00
   2.5000000e+00   6.9589767e-01   1.0000000e+00
   2.5200000e+00   6.9429454e-01   1.0000000e+00
   2.5400000e+00   6.9269141e-01   1.0000000e+00
   2.5600000e+00   6.9089653e-01   1.0000000e+00
   2.5800000e+00   6.8890989e-01   1.0000000e+00
   2.6000000e+00   6.8677238e-01   1.0000000e+00
   2.6200000e+00   6.8463487e-01   1.0000000e+00
   2.6400000e+00   6.8249736e-01   1.0000000e+00
   2.6600000e+00   6.8035985e-01   1.0000000e+00
   2.6800000e+00   6.7822235e-01   1.0000000e+00
   2.7000000e+00   6.7608484e-01   1.0000000e+00
   2.7200000e+00   6.7484978e-01   1.0000000e+00
   2.7400000e+00   6.7353060e-01   1.0000000e+00
   2.7600000e+00   6.7212728e-01   1.0000000e+00
   2.7800000e+00   6.7030625e-01   1.0000000e+00
   2.8000000e+00   6.6842822e-01   1.0000000e+00
   2.8200000e+00   6.6649317e-01   1.0000000e+00
   2.8400000e+00   6.6542442e-01   1.0000000e+00
   2.8600000e+00   6.6435567e-01   1.0000000e+00
   2.8800000e+00   6.6328691e-01   1.0000000e+00
   2.9000000e+00   6.6221816e-01   1.0000000e+00
   2.9200000e+00   6.6100660e-01   1.0000000e+00
   2.9400000e+00   6.5965223e-01   1.0000000e+00
   2.9600000e+00   6.5788014e-01   1.0000000e+00
   2.9800000e+00   6.5592535e-01   1.0000000e+00
   3.0000000e+00   6.5378784e-01   1.0000000e+00
   3.0200000e+00   6.5165033e-01   1.0000000e+00
   3.0400000e+00   6.4927782e-01   1.0000000e+00
   3.0600000e+00   6.4667032e-01   1.0000000e+00
   3.0800000e+00   6.4435177e-01   1.0000000e+00
   3.1000000e+00   6.4212374e-01   1.0000000e+00
   3.1200000e+00   6.3998623e-01   1.0000000e+00
   3.1400000e+00   6.3796873e-01   1.0000000e+00
   3.1600000e+00   6.3615841e-01   1.0000000e+00
   3.1800000e+00   6.3455528e-01   1.0000000e+00
   3.2000000e+00   6.3295215e-01   1.0000000e+00
   3.2200000e+00   6.3113849e-01   1.0000000e+00
   3.2400000e+00   6.2911430e-01   1.0000000e+00
   3.2600000e+00   6.2758557e-01   1.0000000e+00
   3.2800000e+00   6.2628683e-01   1.0000000e+00
   3.3000000e+00   6.2521808e-01   1.0000000e+00
   3.3200000e+00   6.2414932e-01   1.0000000e+00
   3.3400000e+00   6.2308057e-01   1.0000000e+00
   3.3600000e+00   6.2201181e-01   1.0000000e+00
   3.3800000e+00   6.2045429e-01   1.0000000e+00
   3.4000000e+00   6.1906001e-01   1.0000000e+00
   3.4200000e+00   6.1782899e-01   1.0000000e+00
   3.4400000e+00   6.1599391e-01   1.0000000e+00
   3.4600000e+00   6.1387920e-01   1.0000000e+00
   3.4800000e+00   6.1148487e-01   1.0000000e+00
