   6.0000000e-01   9.4749786e-01   0.0000000e+00
   6.2000000e-01   9.2663573e-01   0.0000000e+00
   6.4000000e-01   9.0337524e-01   0.0000000e+00
   6.6000000e-01   8.7771640e-01   0.0000000e+00
   6.8000000e-01   8.5901320e-01   0.0000000e+00
   7.0000000e-01   8.3985475e-01   0.0000000e+00
   7.2000000e-01   8.2024104e-01   0.0000000e+00
   7.4000000e-01   8.0148486e-01   0.0000000e+00
   7.6000000e-01   7.8424297e-01   0.0000000e+00
   7.8000000e-01   7.6851536e-01   0.0000000e+00
   8.0000000e-01   7.5622469e-01   0.0000000e+00
   8.2000000e-01   7.4393402e-01   0.0000000e+00
   8.4000000e-01   7.3164334e-01   0.0000000e+00
   8.6000000e-01   7.2353648e-01   0.0000000e+00
   8.8000000e-01   7.1588153e-01   0.0000000e+00
   9.0000000e-01   7.0867850e-01   0.0000000e+00
   9.2000000e-01   7.0231089e-01   0.0000000e+00
   9.4000000e-01   6.9636099e-01   0.0000000e+00
   9.6000000e-01   6.9082881e-01   0.0000000e+00
   9.8000000e-01   6.8601941e-01   0.0000000e+00
   1.0000000e+00   6.8121002e-01   0.0000000e+00
   1.0200000e+00   6.7640063e-01   0.0000000e+00
   1.0400000e+00   6.7253929e-01   0.0000000e+00
   1.0600000e+00   6.6838094e-01   0.0000000e+00
   1.0800000e+00   6.6392557e-01   0.0000000e+00
   1.1000000e+00   6.5959758e-01   0.0000000e+00
   1.1200000e+00   6.5550125e-01   0.0000000e+00
   1.1400000e+00   6.5163657e-01   0.0000000e+00
   1.1600000e+00   6.4736155e-01   0.0000000e+00
   1.1800000e+00   6.4308654e-01   0.0000000e+00
   1.2000000e+00   6.3881152e-01   0.0000000e+00
   1.2200000e+00   6.3538667e-01   0.0000000e+00
   1.2400000e+00   6.3176270e-01   0.0000000e+00
   1.2600000e+00   6.2793960e-01   0.0000000e+00
   1.2800000e+00   6.2366458e-01   0.0000000e+00
   1.3000000e+00   6.1935202e-01   0.0000000e+00
   1.3200000e+00   6.1500191e-01   0.0000000e+00
   1.3400000e+00   6.1019252e-01   0.0000000e+00
   1.3600000e+00   6.0612233e-01   0.0000000e+00
   1.3800000e+00   6.0279134e-01   0.0000000e+00
   1.4000000e+00   5.9883281e-01   0.0000000e+00
   1.4200000e+00   5.9497550e-01   0.0000000e+00
   1.4400000e+00   5.9121943e-01   0.0000000e+00
   1.4600000e+00   5.8787036e-01   0.0000000e+00
   1.4800000e+00   5.8433858e-01   0.0000000e+00
   1.5000000e+00   5.8062408e-01   0.0000000e+00
   1.5200000e+00   5.7741782e-01   0.0000000e+00
   1.5400000e+00   5.7398963e-01   0.0000000e+00
   1.5600000e+00   5.7033951e-01   0.0000000e+00
   1.5800000e+00   5.6692606e-01   0.0000000e+00
   1.6000000e+00   5.6361621e-01   0.0000000e+00
   1.6200000e+00   5.6040995e-01   0.0000000e+00
   1.6400000e+00   5.5729755e-01   0.0000000e+00
   1.6600000e+00   5.5440540e-01   0.0000000e+00
   1.6800000e+00   5.5173352e-01   0.0000000e+00
   1.7000000e+00   5.4957321e-01   0.0000000e+00
   1.7200000e+00   5.4762175e-01   0.0000000e+00
   1.7400000e+00   5.4587915e-01   0.0000000e+00
   1.7600000e+00   5.4399778e-01   0.0000000e+00
   1.7800000e+00   5.4198834e-01   0.0000000e+00
   1.8000000e+00   5.3985083e-01   0.0000000e+00
   1.8200000e+00   5.3771332e-01   0.0000000e+00
   1.8400000e+00   5.3557581e-01   0.0000000e+00
   1.8600000e+00   5.3343830e-01   0.0000000e+00
   1.8800000e+00   5.3176342e-01   0.0000000e+00
   1.9000000e+00   5.3012442e-01   0.0000000e+00
   1.9200000e+00   5.2852129e-01   0.0000000e+00
   1.9400000e+00   5.2668886e-01   0.0000000e+00
   1.9600000e+00   5.2470389e-01   0.0000000e+00
   1.9800000e+00   5.2256638e-01   0.0000000e+00
   2.0000000e+00   5.2042887e-01   0.0000000e+00
   2.0200000e+00   5.1829136e-01   0.0000000e+00
   2.0400000e+00   5.1615386e-01   0.0000000e+00
   2.0600000e+00   5.1484371e-01   0.0000000e+00
   2.0800000e+00   5.1335725e-01   0.0000000e+00
   2.1000000e+00   5.1169446e-01   0.0000000e+00
   2.1200000e+00   5.0955695e-01   0.0000000e+00
   2.1400000e+00   5.0745128e-01   0.0000000e+00
   2.1600000e+00   5.0537747e-01   0.0000000e+00
   2.1800000e+00   5.0377433e-01   0.0000000e+00
   2.2000000e+00   5.0193050e-01   0.0000000e+00
   2.2200000e+00   4.9984597e-01   0.0000000e+00
   2.2400000e+00   4.9734373e-01   0.0000000e+00
   2.2600000e+00   4.9488070e-01   0.0000000e+00
   2.2800000e+00   4.9245688e-01   0.0000000e+00
   2.3000000e+00   4.9045078e-01   0.0000000e+00
   2.3200000e+00   4.8864617e-01   0.0000000e+00
   2.3400000e+00   4.8704303e-01   0.0000000e+00
   2.3600000e+00   4.8543990e-01   0.0000000e+00
   2.3800000e+00   4.8383677e-01   0.0000000e+00
   2.4000000e+00   4.8223364e-01   0.0000000e+00
   2.4200000e+00   4.8063051e-01   0.0000000e+00
   2.4400000e+00   4.7902738e-01   0.0000000e+00
   2.4600000e+00   4.7742425e-01   0.0000000e+00
   2.4800000e+00   4.7590358e-01   0.0000000e+00
   2.5000000e+00   4.7460886e-01   0.0000000e+00
   2.5200000e+00   4.7354011e-01   0.0000000e+00
   2.5400000e+00   4.7247136e-01   0.0000000e+00
   2.5600000e+00   4.7101909e-01   0.0000000e+00
   2.5800000e+00   4.6918332e-01   0.0000000e+00
   2.6000000e+00   4.6757950e-01   0.0000000e+00
   2.6200000e+00   4.6616813e-01   0.0000000e+00
   2.6400000e+00   4.6494919e-01   0.0000000e+00
   2.6600000e+00   4.6334606e-01   0.0000000e+00
   2.6800000e+00   4.6174293e-01   0.0000000e+00
   2.7000000e+00   4.6013980e-01   0.0000000e+00
   2.7200000e+00   4.5853667e-01   0.0000000e+00
   2.7400000e+00   4.5693354e-01   0.0000000e+00
   2.7600000e+00   4.5533041e-01   0.0000000e+00
   2.7800000e+00   4.5394517e-01   0.0000000e+00
   2.8000000e+00   4.5261695e-01   0.0000000e+00
   2.8200000e+00   4.5134573e-01   0.0000000e+00
   2.8400000e+00   4.4920822e-01   0.0000000e+00
   2.8600000e+00   4.4758965e-01   0.0000000e+00
   2.8800000e+00   4.4649004e-01   0.0000000e+00
   2.9000000e+00   4.4542128e-01   0.0000000e+00
   2.9200000e+00   4.4435253e-01   0.0000000e+00
   2.9400000e+00   4.4328378e-01   0.0000000e+00
   2.9600000e+00   4.4204607e-01   0.0000000e+00
   2.9800000e+00   4.4062565e-01   0.0000000e+00
   3.0000000e+00   4.3902252e-01   0.0000000e+00
   3.0200000e+00   4.3741939e-01   0.0000000e+00
   3.0400000e+00   4.3605126e-01   0.0000000e+00
   3.0600000e+00   4.3491813e-01   0.0000000e+00
   3.0800000e+00   4.3349604e-01   0.0000000e+00
   3.1000000e+00   4.3210176e-01   0.0000000e+00
   3.1200000e+00   4.3073530e-01   0.0000000e+00
   3.1400000e+00   4.2966655e-01   0.0000000e+00
   3.1600000e+00   4.2859779e-01   0.0000000e+00
   3.1800000e+00   4.2752904e-01   0.0000000e+00
   3.2000000e+00   4.2646028e-01   0.0000000e+00
   3.2200000e+00   4.2539153e-01   0.0000000e+00
   3.2400000e+00   4.2432278e-01   0.0000000e+00
   3.2600000e+00   4.2325402e-01   0.0000000e+00
   3.2800000e+00   4.2237299e-01   0.0000000e+00
   3.3000000e+00   4.2167969e-01   0.0000000e+00
   3.3200000e+00   4.2153757e-01   0.0000000e+00
   3.3400000e+00   4.2093213e-01   0.0000000e+00
   3.3600000e+00   4.1986338e-01   0.0000000e+00
   3.3800000e+00   4.1928340e-01   0.0000000e+00
   3.4000000e+00   4.1854016e-01   0.0000000e+00
   3.4200000e+00   4.1763368e-01   0.0000000e+00
   3.4400000e+00   4.1682037e-01   0.0000000e+00
   3.4600000e+00   4.1607713e-01   0.0000000e+00
   3.4800000e+00   4.1540398e-01   0.0000000e+00
   3.5000000e+00   4.1435734e-01   0.0000000e+00
   3.5200000e+00   4.1356683e-01   0.0000000e+00
   3.5400000e+00   4.1303245e-01   0.0000000e+00
   3.5600000e+00   4.1249807e-01   0.0000000e+00
   3.5800000e+00   4.1196370e-01   0.0000000e+00
   3.6000000e+00   4.1142932e-01   0.0000000e+00
   3.6200000e+00   4.1130794e-01   0.0000000e+00
   3.6400000e+00   4.1160427e-01   0.0000000e+00
   3.6600000e+00   4.1231831e-01   0.0000000e+00
   3.6800000e+00   4.1392144e-01   0.0000000e+00
   2.0000000e+00   7.5578043e-01   1.0000000e+00
   2.0200000e+00   7.5390810e-01   1.0000000e+00
   2.0400000e+00   7.5230094e-01   1.0000000e+00
   2.0600000e+00   7.5069781e-01   1.0000000e+00
   2.0800000e+00   7.4894617e-01   1.0000000e+00
   2.1000000e+00   7.4704602e-01   1.0000000e+00
   2.1200000e+00   7.4472816e-01   1.0000000e+00
   2.1400000e+00   7.4226513e-01   1.0000000e+00
   2.1600000e+00   7.3965693e-01   1.0000000e+00
   2.1800000e+00   7.3751942e-01   1.0000000e+00
   2.2000000e+00   7.3538192e-01   1.0000000e+00
   2.2200000e+00   7.3324441e-01   1.0000000e+00
   2.2400000e+00   7.3110690e-01   1.0000000e+00
   2.2600000e+00   7.2896939e-01   1.0000000e+00
   2.2800000e+00   7.2683188e-01   1.0000000e+00
   2.3000000e+00   7.2456297e-01   1.0000000e+00
   2.3200000e+00   7.2209257e-01   1.0000000e+00
   2.3400000e+00   7.1942068e-01   1.0000000e+00
   2.3600000e+00   7.1674880e-01   1.0000000e+00
   2.3800000e+00   7.1429314e-01   1.0000000e+00
   2.4000000e+00   7.1205371e-01   1.0000000e+00
   2.4200000e+00   7.0991620e-01   1.0000000e+00
   2.4400000e+00   7.0767913e-01   1.0000000e+00
   2.4600000e+00   7.0534250e-01   1.0000000e+00
   2.4800000e+00   7.0283553e-01   1.0000000e+00
   2.5000000e+00   7.0078049e-01   1.0000000e+00
   2.5200000e+00   6.9917735e-01   1.0000000e+00
   2.5400000e+00   6.9707405e-01   1.0000000e+00
   2.5600000e+00   6.9495364e-01   1.0000000e+00
   2.5800000e+00   6.9281614e-01   1.0000000e+00
   2.6000000e+00   6.9067863e-01   1.0000000e+00
   2.6200000e+00   6.8861621e-01   1.0000000e+00
   2.6400000e+00   6.8662888e-01   1.0000000e+00
   2.6600000e+00   6.8502575e-01   1.0000000e+00
   2.6800000e+00   6.8342262e-01   1.0000000e+00
   2.7000000e+00   6.8181949e-01   1.0000000e+00
   2.7200000e+00   6.8021636e-01   1.0000000e+00
   2.7400000e+00   6.7878051e-01   1.0000000e+00
   2.7600000e+00   6.7751194e-01   1.0000000e+00
   2.7800000e+00   6.7622529e-01   1.0000000e+00
   2.8000000e+00   6.7478039e-01   1.0000000e+00
   2.8200000e+00   6.7317726e-01   1.0000000e+00
   2.8400000e+00   6.7157413e-01   1.0000000e+00
   2.8600000e+00   6.6997100e-01   1.0000000e+00
   2.8800000e+00   6.6836787e-01   1.0000000e+00
   2.9000000e+00   6.6676474e-01   1.0000000e+00
   2.9200000e+00   6.6516161e-01   1.0000000e+00
   2.9400000e+00   6.6355848e-01   1.0000000e+00
   2.9600000e+00   6.6178639e-01   1.0000000e+00
   2.9800000e+00   6.5983160e-01   1.0000000e+00
   3.0000000e+00   6.5769409e-01   1.0000000e+00
   3.0200000e+00   6.5555658e-01   1.0000000e+00
   3.0400000e+00   6.5365407e-01   1.0000000e+00
   3.0600000e+00   6.5198656e-01   1.0000000e+00
   3.0800000e+00   6.5038343e-01   1.0000000e+00
   3.1000000e+00   6.4866197e-01   1.0000000e+00
   3.1200000e+00   6.4682217e-01   1.0000000e+00
   3.1400000e+00   6.4492467e-01   1.0000000e+00
   3.1600000e+00   6.4343820e-01   1.0000000e+00
   3.1800000e+00   6.4236277e-01   1.0000000e+00
   3.2000000e+00   6.4022526e-01   1.0000000e+00
   3.2200000e+00   6.3850880e-01   1.0000000e+00
   3.2400000e+00   6.3721340e-01   1.0000000e+00
   3.2600000e+00   6.3584026e-01   1.0000000e+00
   3.2800000e+00   6.3444598e-01   1.0000000e+00
   3.3000000e+00   6.3303058e-01   1.0000000e+00
   3.3200000e+00   6.3196182e-01   1.0000000e+00
   3.3400000e+00   6.3089307e-01   1.0000000e+00
   3.3600000e+00   6.2982431e-01   1.0000000e+00
   3.3800000e+00   6.2924433e-01   1.0000000e+00
   3.4000000e+00   6.2850110e-01   1.0000000e+00
   3.4200000e+00   6.2759462e-01   1.0000000e+00
   3.4400000e+00   6.2678130e-01   1.0000000e+00
   3.4600000e+00   6.2617685e-01   1.0000000e+00
   3.4800000e+00   6.2578125e-01   1.0000000e+00
