   6.0000000e-01   9.3488098e-01   0.0000000e+00
   6.2000000e-01   9.1699915e-01   0.0000000e+00
   6.4000000e-01   8.9689264e-01   0.0000000e+00
   6.6000000e-01   8.7456144e-01   0.0000000e+00
   6.8000000e-01   8.5372073e-01   0.0000000e+00
   7.0000000e-01   8.3242477e-01   0.0000000e+00
   7.2000000e-01   8.1067355e-01   0.0000000e+00
   7.4000000e-01   7.9316580e-01   0.0000000e+00
   7.6000000e-01   7.7826221e-01   0.0000000e+00
   7.8000000e-01   7.6596279e-01   0.0000000e+00
   8.0000000e-01   7.5741276e-01   0.0000000e+00
   8.2000000e-01   7.4886273e-01   0.0000000e+00
   8.4000000e-01   7.4031269e-01   0.0000000e+00
   8.6000000e-01   7.3333159e-01   0.0000000e+00
   8.8000000e-01   7.2697705e-01   0.0000000e+00
   9.0000000e-01   7.2124908e-01   0.0000000e+00
   9.2000000e-01   7.1619496e-01   0.0000000e+00
   9.4000000e-01   7.1126320e-01   0.0000000e+00
   9.6000000e-01   7.0645381e-01   0.0000000e+00
   9.8000000e-01   7.0181337e-01   0.0000000e+00
   1.0000000e+00   6.9789001e-01   0.0000000e+00
   1.0200000e+00   6.9468375e-01   0.0000000e+00
   1.0400000e+00   6.9052943e-01   0.0000000e+00
   1.0600000e+00   6.8649344e-01   0.0000000e+00
   1.0800000e+00   6.8257579e-01   0.0000000e+00
   1.1000000e+00   6.7859445e-01   0.0000000e+00
   1.1200000e+00   6.7446627e-01   0.0000000e+00
   1.1400000e+00   6.7019126e-01   0.0000000e+00
   1.1600000e+00   6.6592361e-01   0.0000000e+00
   1.1800000e+00   6.6191947e-01   0.0000000e+00
   1.2000000e+00   6.5817883e-01   0.0000000e+00
   1.2200000e+00   6.5443819e-01   0.0000000e+00
   1.2400000e+00   6.5054334e-01   0.0000000e+00
   1.2600000e+00   6.4649428e-01   0.0000000e+00
   1.2800000e+00   6.4202751e-01   0.0000000e+00
   1.3000000e+00   6.3738943e-01   0.0000000e+00
   1.3200000e+00   6.3258004e-01   0.0000000e+00
   1.3400000e+00   6.2777065e-01   0.0000000e+00
   1.3600000e+00   6.2296125e-01   0.0000000e+00
   1.3800000e+00   6.1815186e-01   0.0000000e+00
   1.4000000e+00   6.1334247e-01   0.0000000e+00
   1.4200000e+00   6.0853307e-01   0.0000000e+00
   1.4400000e+00   6.0372368e-01   0.0000000e+00
   1.4600000e+00   5.9891429e-01   0.0000000e+00
   1.4800000e+00   5.9409182e-01   0.0000000e+00
   1.5000000e+00   5.8925628e-01   0.0000000e+00
   1.5200000e+00   5.8391251e-01   0.0000000e+00
   1.5400000e+00   5.7879067e-01   0.0000000e+00
   1.5600000e+00   5.7389076e-01   0.0000000e+00
   1.5800000e+00   5.6940855e-01   0.0000000e+00
   1.6000000e+00   5.6513521e-01   0.0000000e+00
   1.6200000e+00   5.6107072e-01   0.0000000e+00
   1.6400000e+00   5.5733008e-01   0.0000000e+00
   1.6600000e+00   5.5358944e-01   0.0000000e+00
   1.6800000e+00   5.4984880e-01   0.0000000e+00
   1.7000000e+00   5.4610816e-01   0.0000000e+00
   1.7200000e+00   5.4295989e-01   0.0000000e+00
   1.7400000e+00   5.4040398e-01   0.0000000e+00
   1.7600000e+00   5.3798822e-01   0.0000000e+00
   1.7800000e+00   5.3552520e-01   0.0000000e+00
   1.8000000e+00   5.3301489e-01   0.0000000e+00
   1.8200000e+00   5.3078755e-01   0.0000000e+00
   1.8400000e+00   5.2807075e-01   0.0000000e+00
   1.8600000e+00   5.2486449e-01   0.0000000e+00
   1.8800000e+00   5.2258348e-01   0.0000000e+00
   1.9000000e+00   5.2020124e-01   0.0000000e+00
   1.9200000e+00   5.1771777e-01   0.0000000e+00
   1.9400000e+00   5.1527519e-01   0.0000000e+00
   1.9600000e+00   5.1292882e-01   0.0000000e+00
   1.9800000e+00   5.1067868e-01   0.0000000e+00
   2.0000000e+00   5.0800679e-01   0.0000000e+00
   2.0200000e+00   5.0560008e-01   0.0000000e+00
   2.0400000e+00   5.0345854e-01   0.0000000e+00
   2.0600000e+00   5.0090735e-01   0.0000000e+00
   2.0800000e+00   4.9829582e-01   0.0000000e+00
   2.1000000e+00   4.9562393e-01   0.0000000e+00
   2.1200000e+00   4.9313240e-01   0.0000000e+00
   2.1400000e+00   4.9081788e-01   0.0000000e+00
   2.1600000e+00   4.8868037e-01   0.0000000e+00
   2.1800000e+00   4.8654286e-01   0.0000000e+00
   2.2000000e+00   4.8440535e-01   0.0000000e+00
   2.2200000e+00   4.8226785e-01   0.0000000e+00
   2.2400000e+00   4.8013034e-01   0.0000000e+00
   2.2600000e+00   4.7799283e-01   0.0000000e+00
   2.2800000e+00   4.7585532e-01   0.0000000e+00
   2.3000000e+00   4.7384922e-01   0.0000000e+00
   2.3200000e+00   4.7203723e-01   0.0000000e+00
   2.3400000e+00   4.7041936e-01   0.0000000e+00
   2.3600000e+00   4.6828185e-01   0.0000000e+00
   2.3800000e+00   4.6636057e-01   0.0000000e+00
   2.4000000e+00   4.6465552e-01   0.0000000e+00
   2.4200000e+00   4.6305238e-01   0.0000000e+00
   2.4400000e+00   4.6134969e-01   0.0000000e+00
   2.4600000e+00   4.5954744e-01   0.0000000e+00
   2.4800000e+00   4.5749239e-01   0.0000000e+00
   2.5000000e+00   4.5566330e-01   0.0000000e+00
   2.5200000e+00   4.5406017e-01   0.0000000e+00
   2.5400000e+00   4.5245704e-01   0.0000000e+00
   2.5600000e+00   4.5085390e-01   0.0000000e+00
   2.5800000e+00   4.4925077e-01   0.0000000e+00
   2.6000000e+00   4.4764764e-01   0.0000000e+00
   2.6200000e+00   4.4596942e-01   0.0000000e+00
   2.6400000e+00   4.4421611e-01   0.0000000e+00
   2.6600000e+00   4.4214563e-01   0.0000000e+00
   2.6800000e+00   4.4057602e-01   0.0000000e+00
   2.7000000e+00   4.3950726e-01   0.0000000e+00
   2.7200000e+00   4.3798728e-01   0.0000000e+00
   2.7400000e+00   4.3659301e-01   0.0000000e+00
   2.7600000e+00   4.3532444e-01   0.0000000e+00
   2.7800000e+00   4.3425568e-01   0.0000000e+00
   2.8000000e+00   4.3308570e-01   0.0000000e+00
   2.8200000e+00   4.3181448e-01   0.0000000e+00
   2.8400000e+00   4.2967697e-01   0.0000000e+00
   2.8600000e+00   4.2805840e-01   0.0000000e+00
   2.8800000e+00   4.2695879e-01   0.0000000e+00
   2.9000000e+00   4.2589003e-01   0.0000000e+00
   2.9200000e+00   4.2453566e-01   0.0000000e+00
   2.9400000e+00   4.2289568e-01   0.0000000e+00
   2.9600000e+00   4.2109607e-01   0.0000000e+00
   2.9800000e+00   4.1966189e-01   0.0000000e+00
   3.0000000e+00   4.1859314e-01   0.0000000e+00
   3.0200000e+00   4.1752438e-01   0.0000000e+00
   3.0400000e+00   4.1598563e-01   0.0000000e+00
   3.0600000e+00   4.1397688e-01   0.0000000e+00
   3.0800000e+00   4.1289937e-01   0.0000000e+00
   3.1000000e+00   4.1197510e-01   0.0000000e+00
   3.1200000e+00   4.1120405e-01   0.0000000e+00
   3.1400000e+00   4.1025530e-01   0.0000000e+00
   3.1600000e+00   4.0951374e-01   0.0000000e+00
   3.1800000e+00   4.0897936e-01   0.0000000e+00
   3.2000000e+00   4.0844499e-01   0.0000000e+00
   3.2200000e+00   4.0812114e-01   0.0000000e+00
   3.2400000e+00   4.0800781e-01   0.0000000e+00
   3.2600000e+00   4.0770342e-01   0.0000000e+00
   3.2800000e+00   4.0737790e-01   0.0000000e+00
   3.3000000e+00   4.0703125e-01   0.0000000e+00
   3.3200000e+00   4.0703125e-01   0.0000000e+00
   3.3400000e+00   4.0703125e-01   0.0000000e+00
   3.3600000e+00   4.0703125e-01   0.0000000e+00
   3.3800000e+00   4.0996388e-01   0.0000000e+00
   2.0100000e+00   7.5570033e-01   1.0000000e+00
   2.0300000e+00   7.5302442e-01   1.0000000e+00
   2.0500000e+00   7.5014368e-01   1.0000000e+00
   2.0700000e+00   7.4705811e-01   1.0000000e+00
   2.0900000e+00   7.4355483e-01   1.0000000e+00
   2.1100000e+00   7.4011322e-01   1.0000000e+00
   2.1300000e+00   7.3673329e-01   1.0000000e+00
   2.1500000e+00   7.3406140e-01   1.0000000e+00
   2.1700000e+00   7.3138952e-01   1.0000000e+00
   2.1900000e+00   7.2871763e-01   1.0000000e+00
   2.2100000e+00   7.2556435e-01   1.0000000e+00
   2.2300000e+00   7.2238457e-01   1.0000000e+00
   2.2500000e+00   7.1917831e-01   1.0000000e+00
   2.2700000e+00   7.1597205e-01   1.0000000e+00
   2.2900000e+00   7.1289719e-01   1.0000000e+00
   2.3100000e+00   7.0995375e-01   1.0000000e+00
   2.3300000e+00   7.0780150e-01   1.0000000e+00
   2.3500000e+00   7.0538943e-01   1.0000000e+00
   2.3700000e+00   7.0271754e-01   1.0000000e+00
   2.3900000e+00   7.0047811e-01   1.0000000e+00
   2.4100000e+00   6.9860543e-01   1.0000000e+00
   2.4300000e+00   6.9709951e-01   1.0000000e+00
   2.4500000e+00   6.9583163e-01   1.0000000e+00
   2.4700000e+00   6.9443735e-01   1.0000000e+00
   2.4900000e+00   6.9291668e-01   1.0000000e+00
   2.5100000e+00   6.9184793e-01   1.0000000e+00
   2.5300000e+00   6.9027900e-01   1.0000000e+00
   2.5500000e+00   6.8820990e-01   1.0000000e+00
   2.5700000e+00   6.8645590e-01   1.0000000e+00
   2.5900000e+00   6.8437707e-01   1.0000000e+00
   2.6100000e+00   6.8197340e-01   1.0000000e+00
   2.6300000e+00   6.7906750e-01   1.0000000e+00
   2.6500000e+00   6.7656255e-01   1.0000000e+00
   2.6700000e+00   6.7445856e-01   1.0000000e+00
   2.6900000e+00   6.7285543e-01   1.0000000e+00
   2.7100000e+00   6.7125230e-01   1.0000000e+00
   2.7300000e+00   6.6964917e-01   1.0000000e+00
   2.7500000e+00   6.6804603e-01   1.0000000e+00
   2.7700000e+00   6.6644290e-01   1.0000000e+00
   2.7900000e+00   6.6483977e-01   1.0000000e+00
   2.8100000e+00   6.6333787e-01   1.0000000e+00
   2.8300000e+00   6.6205255e-01   1.0000000e+00
   2.8500000e+00   6.6098379e-01   1.0000000e+00
   2.8700000e+00   6.5939609e-01   1.0000000e+00
   2.8900000e+00   6.5780068e-01   1.0000000e+00
   2.9100000e+00   6.5619755e-01   1.0000000e+00
   2.9300000e+00   6.5430880e-01   1.0000000e+00
   2.9500000e+00   6.5238015e-01   1.0000000e+00
   2.9700000e+00   6.5041159e-01   1.0000000e+00
   2.9900000e+00   6.4880846e-01   1.0000000e+00
   3.0100000e+00   6.4720533e-01   1.0000000e+00
   3.0300000e+00   6.4560220e-01   1.0000000e+00
   3.0500000e+00   6.4305907e-01   1.0000000e+00
   3.0700000e+00   6.4080490e-01   1.0000000e+00
   3.0900000e+00   6.3883968e-01   1.0000000e+00
   3.1100000e+00   6.3676321e-01   1.0000000e+00
   3.1300000e+00   6.3450904e-01   1.0000000e+00
   3.1500000e+00   6.3207716e-01   1.0000000e+00
   3.1700000e+00   6.3047069e-01   1.0000000e+00
   3.1900000e+00   6.2859870e-01   1.0000000e+00
   3.2100000e+00   6.2646119e-01   1.0000000e+00
   3.2300000e+00   6.2432368e-01   1.0000000e+00
   3.2500000e+00   6.2233837e-01   1.0000000e+00
   3.2700000e+00   6.2050525e-01   1.0000000e+00
   3.2900000e+00   6.1871439e-01   1.0000000e+00
   3.3100000e+00   6.1678574e-01   1.0000000e+00
   3.3300000e+00   6.1471929e-01   1.0000000e+00
   3.3500000e+00   6.1311616e-01   1.0000000e+00
   3.3700000e+00   6.1151303e-01   1.0000000e+00
   3.3900000e+00   6.0990990e-01   1.0000000e+00
   3.4100000e+00   6.0867888e-01   1.0000000e+00
   3.4300000e+00   6.0752899e-01   1.0000000e+00
   3.4500000e+00   6.0646023e-01   1.0000000e+00
   3.4700000e+00   6.0553026e-01   1.0000000e+00
