   6.1000000e-01   9.7271948e-01   0.0000000e+00
   6.3000000e-01   9.6133264e-01   0.0000000e+00
   6.5000000e-01   9.4637883e-01   0.0000000e+00
   6.7000000e-01   9.2794720e-01   0.0000000e+00
   6.9000000e-01   9.0603774e-01   0.0000000e+00
   7.1000000e-01   8.8458354e-01   0.0000000e+00
   7.3000000e-01   8.6418468e-01   0.0000000e+00
   7.5000000e-01   8.4484115e-01   0.0000000e+00
   7.7000000e-01   8.2911354e-01   0.0000000e+00
   7.9000000e-01   8.1484124e-01   0.0000000e+00
   8.1000000e-01   8.0202425e-01   0.0000000e+00
   8.3000000e-01   7.8706169e-01   0.0000000e+00
   8.5000000e-01   7.7288360e-01   0.0000000e+00
   8.7000000e-01   7.5948997e-01   0.0000000e+00
   8.9000000e-01   7.4734948e-01   0.0000000e+00
   9.1000000e-01   7.3641485e-01   0.0000000e+00
   9.3000000e-01   7.2668608e-01   0.0000000e+00
   9.5000000e-01   7.1849744e-01   0.0000000e+00
   9.7000000e-01   7.1012811e-01   0.0000000e+00
   9.9000000e-01   7.0157807e-01   0.0000000e+00
   1.0100000e+00   6.9302804e-01   0.0000000e+00
   1.0300000e+00   6.8495204e-01   0.0000000e+00
   1.0500000e+00   6.7735006e-01   0.0000000e+00
   1.0700000e+00   6.7058352e-01   0.0000000e+00
   1.0900000e+00   6.6423468e-01   0.0000000e+00
   1.1100000e+00   6.5830356e-01   0.0000000e+00
   1.1300000e+00   6.5295979e-01   0.0000000e+00
   1.1500000e+00   6.4761602e-01   0.0000000e+00
   1.1700000e+00   6.4227225e-01   0.0000000e+00
   1.1900000e+00   6.3692847e-01   0.0000000e+00
   1.2100000e+00   6.3200979e-01   0.0000000e+00
   1.2300000e+00   6.2751618e-01   0.0000000e+00
   1.2500000e+00   6.2293275e-01   0.0000000e+00
   1.2700000e+00   6.1804458e-01   0.0000000e+00
   1.2900000e+00   6.1285168e-01   0.0000000e+00
   1.3100000e+00   6.0712371e-01   0.0000000e+00
   1.3300000e+00   6.0185503e-01   0.0000000e+00
   1.3500000e+00   5.9704564e-01   0.0000000e+00
   1.3700000e+00   5.9125064e-01   0.0000000e+00
   1.3900000e+00   5.8579020e-01   0.0000000e+00
   1.4100000e+00   5.8066433e-01   0.0000000e+00
   1.4300000e+00   5.7585494e-01   0.0000000e+00
   1.4500000e+00   5.7111695e-01   0.0000000e+00
   1.4700000e+00   5.6645036e-01   0.0000000e+00
   1.4900000e+00   5.6222763e-01   0.0000000e+00
   1.5100000e+00   5.5851314e-01   0.0000000e+00
   1.5300000e+00   5.5530688e-01   0.0000000e+00
   1.5500000e+00   5.5210061e-01   0.0000000e+00
   1.5700000e+00   5.4922154e-01   0.0000000e+00
   1.5900000e+00   5.4666966e-01   0.0000000e+00
   1.6100000e+00   5.4453216e-01   0.0000000e+00
   1.6300000e+00   5.4244158e-01   0.0000000e+00
   1.6500000e+00   5.4039793e-01   0.0000000e+00
   1.6700000e+00   5.3879480e-01   0.0000000e+00
   1.6900000e+00   5.3821482e-01   0.0000000e+00
   1.7100000e+00   5.3865799e-01   0.0000000e+00
   1.7300000e+00   5.3840254e-01   0.0000000e+00
   1.7500000e+00   5.3828588e-01   0.0000000e+00
   1.7700000e+00   5.3830799e-01   0.0000000e+00
   1.7900000e+00   5.3868079e-01   0.0000000e+00
   1.8100000e+00   5.3886719e-01   0.0000000e+00
   1.8300000e+00   5.3886719e-01   0.0000000e+00
   1.8500000e+00   5.3886719e-01   0.0000000e+00
   1.8700000e+00   5.3886719e-01   0.0000000e+00
   1.8900000e+00   5.3886719e-01   0.0000000e+00
   1.9100000e+00   5.3852122e-01   0.0000000e+00
   1.9300000e+00   5.3808105e-01   0.0000000e+00
   1.9500000e+00   5.3754668e-01   0.0000000e+00
   1.9700000e+00   5.3701230e-01   0.0000000e+00
   1.9900000e+00   5.3647792e-01   0.0000000e+00
   2.0100000e+00   5.3594354e-01   0.0000000e+00
   2.0300000e+00   5.3434847e-01   0.0000000e+00
   2.0500000e+00   5.3254253e-01   0.0000000e+00
   2.0700000e+00   5.3052572e-01   0.0000000e+00
   2.0900000e+00   5.2898225e-01   0.0000000e+00
   2.1100000e+00   5.2749578e-01   0.0000000e+00
   2.1300000e+00   5.2606632e-01   0.0000000e+00
   2.1500000e+00   5.2399250e-01   0.0000000e+00
   2.1700000e+00   5.2215402e-01   0.0000000e+00
   2.1900000e+00   5.2055089e-01   0.0000000e+00
   2.2100000e+00   5.1894776e-01   0.0000000e+00
   2.2300000e+00   5.1734463e-01   0.0000000e+00
   2.2500000e+00   5.1574150e-01   0.0000000e+00
   2.2700000e+00   5.1413837e-01   0.0000000e+00
   2.2900000e+00   5.1260094e-01   0.0000000e+00
   2.3100000e+00   5.1112922e-01   0.0000000e+00
   2.3300000e+00   5.1004572e-01   0.0000000e+00
   2.3500000e+00   5.0870241e-01   0.0000000e+00
   2.3700000e+00   5.0709927e-01   0.0000000e+00
   2.3900000e+00   5.0549614e-01   0.0000000e+00
   2.4100000e+00   5.0405091e-01   0.0000000e+00
   2.4300000e+00   5.0276357e-01   0.0000000e+00
   2.4500000e+00   5.0149569e-01   0.0000000e+00
   2.4700000e+00   5.0010141e-01   0.0000000e+00
   2.4900000e+00   4.9858074e-01   0.0000000e+00
   2.5100000e+00   4.9751199e-01   0.0000000e+00
   2.5300000e+00   4.9644323e-01   0.0000000e+00
   2.5500000e+00   4.9537448e-01   0.0000000e+00
   2.5700000e+00   4.9430573e-01   0.0000000e+00
   2.5900000e+00   4.9323697e-01   0.0000000e+00
   2.6100000e+00   4.9216822e-01   0.0000000e+00
   2.6300000e+00   4.9124964e-01   0.0000000e+00
   2.6500000e+00   4.9050641e-01   0.0000000e+00
   2.6700000e+00   4.8993852e-01   0.0000000e+00
   2.6900000e+00   4.8886976e-01   0.0000000e+00
   2.7100000e+00   4.8780101e-01   0.0000000e+00
   2.7300000e+00   4.8673226e-01   0.0000000e+00
   2.7500000e+00   4.8532894e-01   0.0000000e+00
   2.7700000e+00   4.8393466e-01   0.0000000e+00
   2.7900000e+00   4.8254943e-01   0.0000000e+00
   2.8100000e+00   4.8137944e-01   0.0000000e+00
   2.8300000e+00   4.7999288e-01   0.0000000e+00
   2.8500000e+00   4.7838975e-01   0.0000000e+00
   2.8700000e+00   4.7678662e-01   0.0000000e+00
   2.8900000e+00   4.7538463e-01   0.0000000e+00
   2.9100000e+00   4.7418378e-01   0.0000000e+00
   2.9300000e+00   4.7254379e-01   0.0000000e+00
   2.9500000e+00   4.7082400e-01   0.0000000e+00
   2.9700000e+00   4.6902440e-01   0.0000000e+00
   2.9900000e+00   4.6790335e-01   0.0000000e+00
   3.0100000e+00   4.6654127e-01   0.0000000e+00
   3.0300000e+00   4.6493814e-01   0.0000000e+00
   3.0500000e+00   4.6380500e-01   0.0000000e+00
   3.0700000e+00   4.6270406e-01   0.0000000e+00
   3.0900000e+00   4.6163531e-01   0.0000000e+00
   3.1100000e+00   4.6080322e-01   0.0000000e+00
   3.1300000e+00   4.6011999e-01   0.0000000e+00
   3.1500000e+00   4.5958562e-01   0.0000000e+00
   3.1700000e+00   4.5905792e-01   0.0000000e+00
   3.1900000e+00   4.5906126e-01   0.0000000e+00
   3.2100000e+00   4.5959564e-01   0.0000000e+00
