   6.0000000e-01   9.5921661e-01   0.0000000e+00
   6.2000000e-01   9.3897132e-01   0.0000000e+00
   6.4000000e-01   9.1659992e-01   0.0000000e+00
   6.6000000e-01   8.9210242e-01   0.0000000e+00
   6.8000000e-01   8.6164292e-01   0.0000000e+00
   7.0000000e-01   8.3459786e-01   0.0000000e+00
   7.2000000e-01   8.1096723e-01   0.0000000e+00
   7.4000000e-01   7.8953917e-01   0.0000000e+00
   7.6000000e-01   7.7029118e-01   0.0000000e+00
   7.8000000e-01   7.5322325e-01   0.0000000e+00
   8.0000000e-01   7.4083538e-01   0.0000000e+00
   8.2000000e-01   7.2716016e-01   0.0000000e+00
   8.4000000e-01   7.1219760e-01   0.0000000e+00
   8.6000000e-01   7.0141885e-01   0.0000000e+00
   8.8000000e-01   6.9109202e-01   0.0000000e+00
   9.0000000e-01   6.8121710e-01   0.0000000e+00
   9.2000000e-01   6.7304655e-01   0.0000000e+00
   9.4000000e-01   6.6540133e-01   0.0000000e+00
   9.6000000e-01   6.5828144e-01   0.0000000e+00
   9.8000000e-01   6.5080016e-01   0.0000000e+00
   1.0000000e+00   6.4331889e-01   0.0000000e+00
   1.0200000e+00   6.3583761e-01   0.0000000e+00
   1.0400000e+00   6.2930439e-01   0.0000000e+00
   1.0600000e+00   6.2301020e-01   0.0000000e+00
   1.0800000e+00   6.1695504e-01   0.0000000e+00
   1.1000000e+00   6.1179899e-01   0.0000000e+00
   1.1200000e+00   6.0689741e-01   0.0000000e+00
   1.1400000e+00   6.0225028e-01   0.0000000e+00
   1.1600000e+00   5.9639425e-01   0.0000000e+00
   1.1800000e+00   5.9132872e-01   0.0000000e+00
   1.2000000e+00   5.8705371e-01   0.0000000e+00
   1.2200000e+00   5.8320378e-01   0.0000000e+00
   1.2400000e+00   5.7971691e-01   0.0000000e+00
   1.2600000e+00   5.7659311e-01   0.0000000e+00
   1.2800000e+00   5.7392122e-01   0.0000000e+00
   1.3000000e+00   5.7128688e-01   0.0000000e+00
   1.3200000e+00   5.6869009e-01   0.0000000e+00
   1.3400000e+00   5.6655258e-01   0.0000000e+00
   1.3600000e+00   5.6416867e-01   0.0000000e+00
   1.3800000e+00   5.6153836e-01   0.0000000e+00
   1.4000000e+00   5.5961875e-01   0.0000000e+00
   1.4200000e+00   5.5785738e-01   0.0000000e+00
   1.4400000e+00   5.5625425e-01   0.0000000e+00
   1.4600000e+00   5.5465112e-01   0.0000000e+00
   1.4800000e+00   5.5306106e-01   0.0000000e+00
   1.5000000e+00   5.5148407e-01   0.0000000e+00
   1.5200000e+00   5.5041532e-01   0.0000000e+00
   1.5400000e+00   5.4934656e-01   0.0000000e+00
   1.5600000e+00   5.4827781e-01   0.0000000e+00
   1.5800000e+00   5.4720905e-01   0.0000000e+00
   1.6000000e+00   5.4603504e-01   0.0000000e+00
   1.6200000e+00   5.4475576e-01   0.0000000e+00
   1.6400000e+00   5.4315262e-01   0.0000000e+00
   1.6600000e+00   5.4154949e-01   0.0000000e+00
   1.6800000e+00   5.3994636e-01   0.0000000e+00
   1.7000000e+00   5.3834323e-01   0.0000000e+00
   1.7200000e+00   5.3654264e-01   0.0000000e+00
   1.7400000e+00   5.3454460e-01   0.0000000e+00
   1.7600000e+00   5.3240710e-01   0.0000000e+00
   1.7800000e+00   5.3026959e-01   0.0000000e+00
   1.8000000e+00   5.2813208e-01   0.0000000e+00
   1.8200000e+00   5.2599457e-01   0.0000000e+00
   1.8400000e+00   5.2385706e-01   0.0000000e+00
   1.8600000e+00   5.2171955e-01   0.0000000e+00
   1.8800000e+00   5.1958205e-01   0.0000000e+00
   1.9000000e+00   5.1744454e-01   0.0000000e+00
   1.9200000e+00   5.1530703e-01   0.0000000e+00
   1.9400000e+00   5.1339882e-01   0.0000000e+00
   1.9600000e+00   5.1164315e-01   0.0000000e+00
   1.9800000e+00   5.1004002e-01   0.0000000e+00
   2.0000000e+00   5.0843689e-01   0.0000000e+00
   2.0200000e+00   5.0683376e-01   0.0000000e+00
   2.0400000e+00   5.0523063e-01   0.0000000e+00
   2.0600000e+00   5.0362750e-01   0.0000000e+00
   2.0800000e+00   5.0187586e-01   0.0000000e+00
   2.1000000e+00   4.9997571e-01   0.0000000e+00
   2.1200000e+00   4.9801855e-01   0.0000000e+00
   2.1400000e+00   4.9623841e-01   0.0000000e+00
   2.1600000e+00   4.9463528e-01   0.0000000e+00
   2.1800000e+00   4.9303215e-01   0.0000000e+00
   2.2000000e+00   4.9142901e-01   0.0000000e+00
   2.2200000e+00   4.8982588e-01   0.0000000e+00
   2.2400000e+00   4.8785802e-01   0.0000000e+00
   2.2600000e+00   4.8605340e-01   0.0000000e+00
   2.2800000e+00   4.8441204e-01   0.0000000e+00
   2.3000000e+00   4.8334328e-01   0.0000000e+00
   2.3200000e+00   4.8227453e-01   0.0000000e+00
   2.3400000e+00   4.8120577e-01   0.0000000e+00
   2.3600000e+00   4.8013702e-01   0.0000000e+00
   2.3800000e+00   4.7906826e-01   0.0000000e+00
   2.4000000e+00   4.7799951e-01   0.0000000e+00
   2.4200000e+00   4.7693076e-01   0.0000000e+00
   2.4400000e+00   4.7586200e-01   0.0000000e+00
   2.4600000e+00   4.7479325e-01   0.0000000e+00
   2.4800000e+00   4.7364203e-01   0.0000000e+00
   2.5000000e+00   4.7226486e-01   0.0000000e+00
   2.5200000e+00   4.7066173e-01   0.0000000e+00
   2.5400000e+00   4.6905860e-01   0.0000000e+00
   2.5600000e+00   4.6764722e-01   0.0000000e+00
   2.5800000e+00   4.6642760e-01   0.0000000e+00
   2.6000000e+00   4.6535885e-01   0.0000000e+00
   2.6200000e+00   4.6413991e-01   0.0000000e+00
   2.6400000e+00   4.6277080e-01   0.0000000e+00
   2.6600000e+00   4.6070032e-01   0.0000000e+00
   2.6800000e+00   4.5913070e-01   0.0000000e+00
   2.7000000e+00   4.5806195e-01   0.0000000e+00
   2.7200000e+00   4.5699320e-01   0.0000000e+00
   2.7400000e+00   4.5592444e-01   0.0000000e+00
   2.7600000e+00   4.5485569e-01   0.0000000e+00
   2.7800000e+00   4.5378693e-01   0.0000000e+00
   2.8000000e+00   4.5266756e-01   0.0000000e+00
   2.8200000e+00   4.5149757e-01   0.0000000e+00
   2.8400000e+00   4.4989444e-01   0.0000000e+00
   2.8600000e+00   4.4881026e-01   0.0000000e+00
   2.8800000e+00   4.4824502e-01   0.0000000e+00
   2.9000000e+00   4.4730836e-01   0.0000000e+00
   2.9200000e+00   4.4630565e-01   0.0000000e+00
   2.9400000e+00   4.4523690e-01   0.0000000e+00
   2.9600000e+00   4.4416815e-01   0.0000000e+00
   2.9800000e+00   4.4309939e-01   0.0000000e+00
   3.0000000e+00   4.4203064e-01   0.0000000e+00
   3.0200000e+00   4.4096188e-01   0.0000000e+00
   3.0400000e+00   4.3989313e-01   0.0000000e+00
   3.0600000e+00   4.3882438e-01   0.0000000e+00
   3.0800000e+00   4.3775562e-01   0.0000000e+00
   3.1000000e+00   4.3668687e-01   0.0000000e+00
   3.1200000e+00   4.3561811e-01   0.0000000e+00
   3.1400000e+00   4.3454936e-01   0.0000000e+00
   3.1600000e+00   4.3348228e-01   0.0000000e+00
   3.1800000e+00   4.3241686e-01   0.0000000e+00
   3.2000000e+00   4.3188249e-01   0.0000000e+00
   3.2200000e+00   4.3155864e-01   0.0000000e+00
   3.2400000e+00   4.3144531e-01   0.0000000e+00
   3.2600000e+00   4.3205409e-01   0.0000000e+00
   2.2200000e+00   7.5349776e-01   1.0000000e+00
   2.2400000e+00   7.5116516e-01   1.0000000e+00
   2.2600000e+00   7.4878695e-01   1.0000000e+00
   2.2800000e+00   7.4636313e-01   1.0000000e+00
   2.3000000e+00   7.4422563e-01   1.0000000e+00
   2.3200000e+00   7.4210286e-01   1.0000000e+00
   2.3400000e+00   7.3999483e-01   1.0000000e+00
   2.3600000e+00   7.3892608e-01   1.0000000e+00
   2.3800000e+00   7.3764110e-01   1.0000000e+00
   2.4000000e+00   7.3613989e-01   1.0000000e+00
   2.4200000e+00   7.3516834e-01   1.0000000e+00
   2.4400000e+00   7.3421625e-01   1.0000000e+00
   2.4600000e+00   7.3328362e-01   1.0000000e+00
   2.4800000e+00   7.3184541e-01   1.0000000e+00
   2.5000000e+00   7.3085912e-01   1.0000000e+00
   2.5200000e+00   7.3032474e-01   1.0000000e+00
   2.5400000e+00   7.2929019e-01   1.0000000e+00
   2.5600000e+00   7.2823854e-01   1.0000000e+00
   2.5800000e+00   7.2716979e-01   1.0000000e+00
   2.6000000e+00   7.2583419e-01   1.0000000e+00
   2.6200000e+00   7.2443991e-01   1.0000000e+00
   2.6400000e+00   7.2298696e-01   1.0000000e+00
   2.6600000e+00   7.2185118e-01   1.0000000e+00
   2.6800000e+00   7.2021453e-01   1.0000000e+00
   2.7000000e+00   7.1807702e-01   1.0000000e+00
   2.7200000e+00   7.1684197e-01   1.0000000e+00
   2.7400000e+00   7.1569007e-01   1.0000000e+00
   2.7600000e+00   7.1462131e-01   1.0000000e+00
