   6.0000000e-01   9.4497448e-01   0.0000000e+00
   6.2000000e-01   9.2541778e-01   0.0000000e+00
   6.4000000e-01   9.0418786e-01   0.0000000e+00
   6.6000000e-01   8.8128474e-01   0.0000000e+00
   6.8000000e-01   8.5937528e-01   0.0000000e+00
   7.0000000e-01   8.3814871e-01   0.0000000e+00
   7.2000000e-01   8.1760502e-01   0.0000000e+00
   7.4000000e-01   7.9966884e-01   0.0000000e+00
   7.6000000e-01   7.8363852e-01   0.0000000e+00
   7.8000000e-01   7.6951404e-01   0.0000000e+00
   8.0000000e-01   7.5882649e-01   0.0000000e+00
   8.2000000e-01   7.4813895e-01   0.0000000e+00
   8.4000000e-01   7.3745141e-01   0.0000000e+00
   8.6000000e-01   7.2990173e-01   0.0000000e+00
   8.8000000e-01   7.2319887e-01   0.0000000e+00
   9.0000000e-01   7.1734283e-01   0.0000000e+00
   9.2000000e-01   7.1228871e-01   0.0000000e+00
   9.4000000e-01   7.0752993e-01   0.0000000e+00
   9.6000000e-01   7.0306650e-01   0.0000000e+00
   9.8000000e-01   6.9932586e-01   0.0000000e+00
   1.0000000e+00   6.9558522e-01   0.0000000e+00
   1.0200000e+00   6.9184459e-01   0.0000000e+00
   1.0400000e+00   6.8857797e-01   0.0000000e+00
   1.0600000e+00   6.8498417e-01   0.0000000e+00
   1.0800000e+00   6.8106318e-01   0.0000000e+00
   1.1000000e+00   6.7726957e-01   0.0000000e+00
   1.1200000e+00   6.7370761e-01   0.0000000e+00
   1.1400000e+00   6.7037731e-01   0.0000000e+00
   1.1600000e+00   6.6664404e-01   0.0000000e+00
   1.1800000e+00   6.6317428e-01   0.0000000e+00
   1.2000000e+00   6.5996802e-01   0.0000000e+00
   1.2200000e+00   6.5633667e-01   0.0000000e+00
   1.2400000e+00   6.5249647e-01   0.0000000e+00
   1.2600000e+00   6.4844741e-01   0.0000000e+00
   1.2800000e+00   6.4455590e-01   0.0000000e+00
   1.3000000e+00   6.4093193e-01   0.0000000e+00
   1.3200000e+00   6.3757549e-01   0.0000000e+00
   1.3400000e+00   6.3330047e-01   0.0000000e+00
   1.3600000e+00   6.2902545e-01   0.0000000e+00
   1.3800000e+00   6.2475044e-01   0.0000000e+00
   1.4000000e+00   6.2085156e-01   0.0000000e+00
   1.4200000e+00   6.1664259e-01   0.0000000e+00
   1.4400000e+00   6.1212353e-01   0.0000000e+00
   1.4600000e+00   6.0692257e-01   0.0000000e+00
   1.4800000e+00   6.0189125e-01   0.0000000e+00
   1.5000000e+00   5.9702957e-01   0.0000000e+00
   1.5200000e+00   5.9115142e-01   0.0000000e+00
   1.5400000e+00   5.8571713e-01   0.0000000e+00
   1.5600000e+00   5.8072669e-01   0.0000000e+00
   1.5800000e+00   5.7559011e-01   0.0000000e+00
   1.6000000e+00   5.7045520e-01   0.0000000e+00
   1.6200000e+00   5.6532195e-01   0.0000000e+00
   1.6400000e+00   5.6051256e-01   0.0000000e+00
   1.6600000e+00   5.5570316e-01   0.0000000e+00
   1.6800000e+00   5.5089377e-01   0.0000000e+00
   1.7000000e+00   5.4761910e-01   0.0000000e+00
   1.7200000e+00   5.4457609e-01   0.0000000e+00
   1.7400000e+00   5.4176474e-01   0.0000000e+00
   1.7600000e+00   5.3881461e-01   0.0000000e+00
   1.7800000e+00   5.3589799e-01   0.0000000e+00
   1.8000000e+00   5.3301489e-01   0.0000000e+00
   1.8200000e+00   5.3087738e-01   0.0000000e+00
   1.8400000e+00   5.2873988e-01   0.0000000e+00
   1.8600000e+00   5.2660237e-01   0.0000000e+00
   1.8800000e+00   5.2446486e-01   0.0000000e+00
   1.9000000e+00   5.2198139e-01   0.0000000e+00
   1.9200000e+00   5.1915195e-01   0.0000000e+00
   1.9400000e+00   5.1640429e-01   0.0000000e+00
   1.9600000e+00   5.1396170e-01   0.0000000e+00
   1.9800000e+00   5.1182419e-01   0.0000000e+00
   2.0000000e+00   5.0968668e-01   0.0000000e+00
   2.0200000e+00   5.0754918e-01   0.0000000e+00
   2.0400000e+00   5.0541167e-01   0.0000000e+00
   2.0600000e+00   5.0327416e-01   0.0000000e+00
   2.0800000e+00   5.0083963e-01   0.0000000e+00
   2.1000000e+00   4.9810809e-01   0.0000000e+00
   2.1200000e+00   4.9544289e-01   0.0000000e+00
   2.1400000e+00   4.9324503e-01   0.0000000e+00
   2.1600000e+00   4.9151452e-01   0.0000000e+00
   2.1800000e+00   4.8884264e-01   0.0000000e+00
   2.2000000e+00   4.8641145e-01   0.0000000e+00
   2.2200000e+00   4.8422097e-01   0.0000000e+00
   2.2400000e+00   4.8244820e-01   0.0000000e+00
   2.2600000e+00   4.8063621e-01   0.0000000e+00
   2.2800000e+00   4.7878501e-01   0.0000000e+00
   2.3000000e+00   4.7677891e-01   0.0000000e+00
   2.3200000e+00   4.7497429e-01   0.0000000e+00
   2.3400000e+00   4.7337116e-01   0.0000000e+00
   2.3600000e+00   4.7176803e-01   0.0000000e+00
   2.3800000e+00   4.6994867e-01   0.0000000e+00
   2.4000000e+00   4.6791308e-01   0.0000000e+00
   2.4200000e+00   4.6609137e-01   0.0000000e+00
   2.4400000e+00   4.6427938e-01   0.0000000e+00
   2.4600000e+00   4.6247712e-01   0.0000000e+00
   2.4800000e+00   4.6042207e-01   0.0000000e+00
   2.5000000e+00   4.5859299e-01   0.0000000e+00
   2.5200000e+00   4.5698985e-01   0.0000000e+00
   2.5400000e+00   4.5488655e-01   0.0000000e+00
   2.5600000e+00   4.5314965e-01   0.0000000e+00
   2.5800000e+00   4.5177916e-01   0.0000000e+00
   2.6000000e+00   4.5044356e-01   0.0000000e+00
   2.6200000e+00   4.4889911e-01   0.0000000e+00
   2.6400000e+00   4.4714580e-01   0.0000000e+00
   2.6600000e+00   4.4507532e-01   0.0000000e+00
   2.6800000e+00   4.4350570e-01   0.0000000e+00
   2.7000000e+00   4.4243695e-01   0.0000000e+00
   2.7200000e+00   4.4136820e-01   0.0000000e+00
   2.7400000e+00   4.4029944e-01   0.0000000e+00
   2.7600000e+00   4.3923069e-01   0.0000000e+00
   2.7800000e+00   4.3816193e-01   0.0000000e+00
   2.8000000e+00   4.3699195e-01   0.0000000e+00
   2.8200000e+00   4.3572073e-01   0.0000000e+00
   2.8400000e+00   4.3358322e-01   0.0000000e+00
   2.8600000e+00   4.3196465e-01   0.0000000e+00
   2.8800000e+00   4.3086504e-01   0.0000000e+00
   2.9000000e+00   4.2979628e-01   0.0000000e+00
   2.9200000e+00   4.2858472e-01   0.0000000e+00
   2.9400000e+00   4.2723035e-01   0.0000000e+00
   2.9600000e+00   4.2579617e-01   0.0000000e+00
   2.9800000e+00   4.2454471e-01   0.0000000e+00
   3.0000000e+00   4.2347595e-01   0.0000000e+00
   3.0200000e+00   4.2240720e-01   0.0000000e+00
   3.0400000e+00   4.2133844e-01   0.0000000e+00
   3.0600000e+00   4.2026969e-01   0.0000000e+00
   3.0800000e+00   4.1920093e-01   0.0000000e+00
   3.1000000e+00   4.1813218e-01   0.0000000e+00
   3.1200000e+00   4.1706343e-01   0.0000000e+00
   3.1400000e+00   4.1599467e-01   0.0000000e+00
   3.1600000e+00   4.1492926e-01   0.0000000e+00
   3.1800000e+00   4.1386719e-01   0.0000000e+00
   3.2000000e+00   4.1386719e-01   0.0000000e+00
   3.2200000e+00   4.1365666e-01   0.0000000e+00
   3.2400000e+00   4.1323561e-01   0.0000000e+00
   3.2600000e+00   4.1300562e-01   0.0000000e+00
   3.2800000e+00   4.1307835e-01   0.0000000e+00
   3.3000000e+00   4.1345380e-01   0.0000000e+00
   3.3200000e+00   4.1452255e-01   0.0000000e+00
   3.3400000e+00   4.1559131e-01   0.0000000e+00
   3.3600000e+00   4.1666006e-01   0.0000000e+00
   2.0100000e+00   7.6155971e-01   1.0000000e+00
   2.0300000e+00   7.5782310e-01   1.0000000e+00
   2.0500000e+00   7.5449816e-01   1.0000000e+00
   2.0700000e+00   7.5158488e-01   1.0000000e+00
   2.0900000e+00   7.4891300e-01   1.0000000e+00
   2.1100000e+00   7.4624111e-01   1.0000000e+00
   2.1300000e+00   7.4356923e-01   1.0000000e+00
   2.1500000e+00   7.4096103e-01   1.0000000e+00
   2.1700000e+00   7.3858818e-01   1.0000000e+00
   2.1900000e+00   7.3645067e-01   1.0000000e+00
   2.2100000e+00   7.3431316e-01   1.0000000e+00
   2.2300000e+00   7.3217565e-01   1.0000000e+00
   2.2500000e+00   7.3003814e-01   1.0000000e+00
   2.2700000e+00   7.2814871e-01   1.0000000e+00
   2.2900000e+00   7.2627102e-01   1.0000000e+00
   2.3100000e+00   7.2440507e-01   1.0000000e+00
   2.3300000e+00   7.2173319e-01   1.0000000e+00
   2.3500000e+00   7.1906130e-01   1.0000000e+00
   2.3700000e+00   7.1638942e-01   1.0000000e+00
   2.3900000e+00   7.1371753e-01   1.0000000e+00
   2.4100000e+00   7.1104565e-01   1.0000000e+00
   2.4300000e+00   7.0837376e-01   1.0000000e+00
   2.4500000e+00   7.0570188e-01   1.0000000e+00
   2.4700000e+00   7.0307122e-01   1.0000000e+00
   2.4900000e+00   7.0048180e-01   1.0000000e+00
   2.5100000e+00   6.9834429e-01   1.0000000e+00
   2.5300000e+00   6.9620678e-01   1.0000000e+00
   2.5500000e+00   6.9406927e-01   1.0000000e+00
   2.5700000e+00   6.9269878e-01   1.0000000e+00
   2.5900000e+00   6.9134574e-01   1.0000000e+00
   2.6100000e+00   6.9001014e-01   1.0000000e+00
   2.6300000e+00   6.8840701e-01   1.0000000e+00
   2.6500000e+00   6.8683739e-01   1.0000000e+00
   2.6700000e+00   6.8530129e-01   1.0000000e+00
   2.6900000e+00   6.8476691e-01   1.0000000e+00
   2.7100000e+00   6.8400692e-01   1.0000000e+00
   2.7300000e+00   6.8302132e-01   1.0000000e+00
   2.7500000e+00   6.8195256e-01   1.0000000e+00
   2.7700000e+00   6.8088381e-01   1.0000000e+00
   2.7900000e+00   6.7981506e-01   1.0000000e+00
   2.8100000e+00   6.7874630e-01   1.0000000e+00
   2.8300000e+00   6.7767755e-01   1.0000000e+00
   2.8500000e+00   6.7660879e-01   1.0000000e+00
   2.8700000e+00   6.7502109e-01   1.0000000e+00
   2.8900000e+00   6.7362682e-01   1.0000000e+00
   2.9100000e+00   6.7242597e-01   1.0000000e+00
   2.9300000e+00   6.7107160e-01   1.0000000e+00
   2.9500000e+00   6.6950837e-01   1.0000000e+00
   2.9700000e+00   6.6773629e-01   1.0000000e+00
   2.9900000e+00   6.6575564e-01   1.0000000e+00
   3.0100000e+00   6.6449813e-01   1.0000000e+00
   3.0300000e+00   6.6396375e-01   1.0000000e+00
   3.0500000e+00   6.6248938e-01   1.0000000e+00
   3.0700000e+00   6.6059729e-01   1.0000000e+00
   3.0900000e+00   6.5828749e-01   1.0000000e+00
