   6.0000000e-01   9.6352917e-01   0.0000000e+00
   6.2000000e-01   9.4350984e-01   0.0000000e+00
   6.4000000e-01   9.2134091e-01   0.0000000e+00
   6.6000000e-01   8.9702238e-01   0.0000000e+00
   6.8000000e-01   8.7618167e-01   0.0000000e+00
   7.0000000e-01   8.5465808e-01   0.0000000e+00
   7.2000000e-01   8.3245160e-01   0.0000000e+00
   7.4000000e-01   8.1203933e-01   0.0000000e+00
   7.6000000e-01   7.9343500e-01   0.0000000e+00
   7.8000000e-01   7.7663864e-01   0.0000000e+00
   8.0000000e-01   7.6338447e-01   0.0000000e+00
   8.2000000e-01   7.5034487e-01   0.0000000e+00
   8.4000000e-01   7.3751982e-01   0.0000000e+00
   8.6000000e-01   7.2835560e-01   0.0000000e+00
   8.8000000e-01   7.1984075e-01   0.0000000e+00
   9.0000000e-01   7.1197528e-01   0.0000000e+00
   9.2000000e-01   7.0507329e-01   0.0000000e+00
   9.4000000e-01   6.9876200e-01   0.0000000e+00
   9.6000000e-01   6.9304140e-01   0.0000000e+00
   9.8000000e-01   6.8876639e-01   0.0000000e+00
   1.0000000e+00   6.8449137e-01   0.0000000e+00
   1.0200000e+00   6.8021636e-01   0.0000000e+00
   1.0400000e+00   6.7641537e-01   0.0000000e+00
   1.0600000e+00   6.7264456e-01   0.0000000e+00
   1.0800000e+00   6.6890392e-01   0.0000000e+00
   1.1000000e+00   6.6492258e-01   0.0000000e+00
   1.1200000e+00   6.6085642e-01   0.0000000e+00
   1.1400000e+00   6.5670544e-01   0.0000000e+00
   1.1600000e+00   6.5295743e-01   0.0000000e+00
   1.1800000e+00   6.4894591e-01   0.0000000e+00
   1.2000000e+00   6.4467090e-01   0.0000000e+00
   1.2200000e+00   6.4082096e-01   0.0000000e+00
   1.2400000e+00   6.3702568e-01   0.0000000e+00
   1.2600000e+00   6.3328504e-01   0.0000000e+00
   1.2800000e+00   6.2935264e-01   0.0000000e+00
   1.3000000e+00   6.2524894e-01   0.0000000e+00
   1.3200000e+00   6.2097392e-01   0.0000000e+00
   1.3400000e+00   6.1669891e-01   0.0000000e+00
   1.3600000e+00   6.1291669e-01   0.0000000e+00
   1.3800000e+00   6.0962728e-01   0.0000000e+00
   1.4000000e+00   6.0604488e-01   0.0000000e+00
   1.4200000e+00   6.0225363e-01   0.0000000e+00
   1.4400000e+00   5.9825351e-01   0.0000000e+00
   1.4600000e+00   5.9426411e-01   0.0000000e+00
   1.4800000e+00   5.9064014e-01   0.0000000e+00
   1.5000000e+00   5.8738159e-01   0.0000000e+00
   1.5200000e+00   5.8310657e-01   0.0000000e+00
   1.5400000e+00   5.7905348e-01   0.0000000e+00
   1.5600000e+00   5.7522232e-01   0.0000000e+00
   1.5800000e+00   5.7148169e-01   0.0000000e+00
   1.6000000e+00   5.6774105e-01   0.0000000e+00
   1.6200000e+00   5.6400041e-01   0.0000000e+00
   1.6400000e+00   5.6025977e-01   0.0000000e+00
   1.6600000e+00   5.5651913e-01   0.0000000e+00
   1.6800000e+00   5.5277849e-01   0.0000000e+00
   1.7000000e+00   5.5006100e-01   0.0000000e+00
   1.7200000e+00   5.4756377e-01   0.0000000e+00
   1.7400000e+00   5.4528679e-01   0.0000000e+00
   1.7600000e+00   5.4314928e-01   0.0000000e+00
   1.7800000e+00   5.4093098e-01   0.0000000e+00
   1.8000000e+00   5.3863189e-01   0.0000000e+00
   1.8200000e+00   5.3596001e-01   0.0000000e+00
   1.8400000e+00   5.3328812e-01   0.0000000e+00
   1.8600000e+00   5.3061624e-01   0.0000000e+00
   1.8800000e+00   5.2840698e-01   0.0000000e+00
   1.9000000e+00   5.2640658e-01   0.0000000e+00
   1.9200000e+00   5.2461504e-01   0.0000000e+00
   1.9400000e+00   5.2278261e-01   0.0000000e+00
   1.9600000e+00   5.2085396e-01   0.0000000e+00
   1.9800000e+00   5.1882908e-01   0.0000000e+00
   2.0000000e+00   5.1722595e-01   0.0000000e+00
   2.0200000e+00   5.1535765e-01   0.0000000e+00
   2.0400000e+00   5.1322417e-01   0.0000000e+00
   2.0600000e+00   5.1191402e-01   0.0000000e+00
   2.0800000e+00   5.1042756e-01   0.0000000e+00
   2.1000000e+00   5.0876477e-01   0.0000000e+00
   2.1200000e+00   5.0698797e-01   0.0000000e+00
   2.1400000e+00   5.0553334e-01   0.0000000e+00
   2.1600000e+00   5.0440090e-01   0.0000000e+00
   2.1800000e+00   5.0279777e-01   0.0000000e+00
   2.2000000e+00   5.0095394e-01   0.0000000e+00
   2.2200000e+00   4.9886941e-01   0.0000000e+00
   2.2400000e+00   4.9709664e-01   0.0000000e+00
   2.2600000e+00   4.9528465e-01   0.0000000e+00
   2.2800000e+00   4.9343345e-01   0.0000000e+00
   2.3000000e+00   4.9129594e-01   0.0000000e+00
   2.3200000e+00   4.8915843e-01   0.0000000e+00
   2.3400000e+00   4.8702092e-01   0.0000000e+00
   2.3600000e+00   4.8488341e-01   0.0000000e+00
   2.3800000e+00   4.8274590e-01   0.0000000e+00
   2.4000000e+00   4.8060840e-01   0.0000000e+00
   2.4200000e+00   4.7815510e-01   0.0000000e+00
   2.4400000e+00   4.7569207e-01   0.0000000e+00
   2.4600000e+00   4.7321931e-01   0.0000000e+00
   2.4800000e+00   4.7099934e-01   0.0000000e+00
   2.5000000e+00   4.6855341e-01   0.0000000e+00
   2.5200000e+00   4.6588153e-01   0.0000000e+00
   2.5400000e+00   4.6420999e-01   0.0000000e+00
   2.5600000e+00   4.6257265e-01   0.0000000e+00
   2.5800000e+00   4.6096952e-01   0.0000000e+00
   2.6000000e+00   4.5909955e-01   0.0000000e+00
   2.6200000e+00   4.5724599e-01   0.0000000e+00
   2.6400000e+00   4.5540884e-01   0.0000000e+00
   2.6600000e+00   4.5434008e-01   0.0000000e+00
   2.6800000e+00   4.5327133e-01   0.0000000e+00
   2.7000000e+00   4.5220258e-01   0.0000000e+00
   2.7200000e+00   4.5113382e-01   0.0000000e+00
   2.7400000e+00   4.4989778e-01   0.0000000e+00
   2.7600000e+00   4.4849447e-01   0.0000000e+00
   2.7800000e+00   4.4710924e-01   0.0000000e+00
   2.8000000e+00   4.4578101e-01   0.0000000e+00
   2.8200000e+00   4.4450979e-01   0.0000000e+00
   2.8400000e+00   4.4237228e-01   0.0000000e+00
   2.8600000e+00   4.4049424e-01   0.0000000e+00
   2.8800000e+00   4.3887568e-01   0.0000000e+00
   2.9000000e+00   4.3687027e-01   0.0000000e+00
   2.9200000e+00   4.3479881e-01   0.0000000e+00
   2.9400000e+00   4.3266130e-01   0.0000000e+00
   2.9600000e+00   4.3069274e-01   0.0000000e+00
   2.9800000e+00   4.2888076e-01   0.0000000e+00
   3.0000000e+00   4.2722534e-01   0.0000000e+00
   3.0200000e+00   4.2508783e-01   0.0000000e+00
   3.0400000e+00   4.2342032e-01   0.0000000e+00
   3.0600000e+00   4.2222281e-01   0.0000000e+00
   3.0800000e+00   4.2080072e-01   0.0000000e+00
   3.1000000e+00   4.1916978e-01   0.0000000e+00
   3.1200000e+00   4.1732998e-01   0.0000000e+00
   3.1400000e+00   4.1555249e-01   0.0000000e+00
   3.1600000e+00   4.1439154e-01   0.0000000e+00
   3.1800000e+00   4.1384714e-01   0.0000000e+00
   3.2000000e+00   4.1170963e-01   0.0000000e+00
   3.2200000e+00   4.0999318e-01   0.0000000e+00
   3.2400000e+00   4.0869778e-01   0.0000000e+00
   3.2600000e+00   4.0732463e-01   0.0000000e+00
   3.2800000e+00   4.0593036e-01   0.0000000e+00
   3.3000000e+00   4.0451495e-01   0.0000000e+00
   3.3200000e+00   4.0344620e-01   0.0000000e+00
   3.3400000e+00   4.0237744e-01   0.0000000e+00
   3.3600000e+00   4.0130869e-01   0.0000000e+00
   3.3800000e+00   3.9975116e-01   0.0000000e+00
   3.4000000e+00   3.9835689e-01   0.0000000e+00
   3.4200000e+00   3.9712586e-01   0.0000000e+00
   3.4400000e+00   3.9631255e-01   0.0000000e+00
   3.4600000e+00   3.9549993e-01   0.0000000e+00
   3.4800000e+00   3.9468800e-01   0.0000000e+00
   3.5000000e+00   3.9312909e-01   0.0000000e+00
   3.5200000e+00   3.9208245e-01   0.0000000e+00
   3.5400000e+00   3.9154808e-01   0.0000000e+00
   3.5600000e+00   3.9101370e-01   0.0000000e+00
   3.5800000e+00   3.9031774e-01   0.0000000e+00
   3.6000000e+00   3.8946020e-01   0.0000000e+00
   3.6200000e+00   3.8859795e-01   0.0000000e+00
   3.6400000e+00   3.8789963e-01   0.0000000e+00
   3.6600000e+00   3.8736525e-01   0.0000000e+00
   3.6800000e+00   3.8683087e-01   0.0000000e+00
   3.7000000e+00   3.8578895e-01   0.0000000e+00
   3.7200000e+00   3.8423949e-01   0.0000000e+00
   3.7400000e+00   3.8380900e-01   0.0000000e+00
   3.7600000e+00   3.8331953e-01   0.0000000e+00
   3.7800000e+00   3.8277110e-01   0.0000000e+00
   2.0000000e+00   7.6023315e-01   1.0000000e+00
   2.0200000e+00   7.5702689e-01   1.0000000e+00
   2.0400000e+00   7.5382063e-01   1.0000000e+00
   2.0600000e+00   7.5020068e-01   1.0000000e+00
   2.0800000e+00   7.4652039e-01   1.0000000e+00
   2.1000000e+00   7.4277975e-01   1.0000000e+00
   2.1200000e+00   7.3939982e-01   1.0000000e+00
   2.1400000e+00   7.3637391e-01   1.0000000e+00
   2.1600000e+00   7.3370202e-01   1.0000000e+00
   2.1800000e+00   7.3103014e-01   1.0000000e+00
   2.2000000e+00   7.2883965e-01   1.0000000e+00
   2.2200000e+00   7.2713057e-01   1.0000000e+00
   2.2400000e+00   7.2516270e-01   1.0000000e+00
   2.2600000e+00   7.2298598e-01   1.0000000e+00
   2.2800000e+00   7.2060040e-01   1.0000000e+00
   2.3000000e+00   7.1805992e-01   1.0000000e+00
   2.3200000e+00   7.1571356e-01   1.0000000e+00
   2.3400000e+00   7.1356131e-01   1.0000000e+00
   2.3600000e+00   7.1088942e-01   1.0000000e+00
   2.3800000e+00   7.0843376e-01   1.0000000e+00
   2.4000000e+00   7.0619433e-01   1.0000000e+00
   2.4200000e+00   7.0405683e-01   1.0000000e+00
   2.4400000e+00   7.0191932e-01   1.0000000e+00
   2.4600000e+00   6.9978181e-01   1.0000000e+00
   2.4800000e+00   6.9764430e-01   1.0000000e+00
   2.5000000e+00   6.9550679e-01   1.0000000e+00
   2.5200000e+00   6.9336928e-01   1.0000000e+00
   2.5400000e+00   6.9223212e-01   1.0000000e+00
   2.5600000e+00   6.9074566e-01   1.0000000e+00
   2.5800000e+00   6.8890989e-01   1.0000000e+00
   2.6000000e+00   6.8677238e-01   1.0000000e+00
   2.6200000e+00   6.8463487e-01   1.0000000e+00
   2.6400000e+00   6.8249736e-01   1.0000000e+00
   2.6600000e+00   6.8035985e-01   1.0000000e+00
   2.6800000e+00   6.7822235e-01   1.0000000e+00
   2.7000000e+00   6.7608484e-01   1.0000000e+00
   2.7200000e+00   6.7439856e-01   1.0000000e+00
   2.7400000e+00   6.7275385e-01   1.0000000e+00
   2.7600000e+00   6.7115072e-01   1.0000000e+00
   2.7800000e+00   6.6954759e-01   1.0000000e+00
   2.8000000e+00   6.6794446e-01   1.0000000e+00
   2.8200000e+00   6.6634132e-01   1.0000000e+00
   2.8400000e+00   6.6473819e-01   1.0000000e+00
   2.8600000e+00   6.6365401e-01   1.0000000e+00
   2.8800000e+00   6.6308877e-01   1.0000000e+00
   2.9000000e+00   6.6134755e-01   1.0000000e+00
   2.9200000e+00   6.5955099e-01   1.0000000e+00
   2.9400000e+00   6.5769910e-01   1.0000000e+00
   2.9600000e+00   6.5592702e-01   1.0000000e+00
   2.9800000e+00   6.5397222e-01   1.0000000e+00
   3.0000000e+00   6.5183471e-01   1.0000000e+00
   3.0200000e+00   6.4969721e-01   1.0000000e+00
   3.0400000e+00   6.4755970e-01   1.0000000e+00
   3.0600000e+00   6.4542219e-01   1.0000000e+00
   3.0800000e+00   6.4328468e-01   1.0000000e+00
   3.1000000e+00   6.4126551e-01   1.0000000e+00
   3.1200000e+00   6.3936467e-01   1.0000000e+00
   3.1400000e+00   6.3788155e-01   1.0000000e+00
   3.1600000e+00   6.3660227e-01   1.0000000e+00
   3.1800000e+00   6.3552683e-01   1.0000000e+00
   3.2000000e+00   6.3338932e-01   1.0000000e+00
   3.2200000e+00   6.3146234e-01   1.0000000e+00
   3.2400000e+00   6.2974588e-01   1.0000000e+00
   3.2600000e+00   6.2783836e-01   1.0000000e+00
   3.2800000e+00   6.2590971e-01   1.0000000e+00
   3.3000000e+00   6.2395993e-01   1.0000000e+00
   3.3200000e+00   6.2242786e-01   1.0000000e+00
   3.3400000e+00   6.2112744e-01   1.0000000e+00
   3.3600000e+00   6.2005869e-01   1.0000000e+00
   3.3800000e+00   6.1898994e-01   1.0000000e+00
   3.4000000e+00   6.1736302e-01   1.0000000e+00
   3.4200000e+00   6.1517795e-01   1.0000000e+00
