   6.1000000e-01   9.6293341e-01   0.0000000e+00
   6.3000000e-01   9.5069307e-01   0.0000000e+00
   6.5000000e-01   9.3138915e-01   0.0000000e+00
   6.7000000e-01   9.0811058e-01   0.0000000e+00
   6.9000000e-01   8.8085735e-01   0.0000000e+00
   7.1000000e-01   8.5861195e-01   0.0000000e+00
   7.3000000e-01   8.3714030e-01   0.0000000e+00
   7.5000000e-01   8.1644241e-01   0.0000000e+00
   7.7000000e-01   7.9813343e-01   0.0000000e+00
   7.9000000e-01   7.8117785e-01   0.0000000e+00
   8.1000000e-01   7.6557565e-01   0.0000000e+00
   8.3000000e-01   7.4954434e-01   0.0000000e+00
   8.5000000e-01   7.3482047e-01   0.0000000e+00
   8.7000000e-01   7.2140403e-01   0.0000000e+00
   8.9000000e-01   7.0763830e-01   0.0000000e+00
   9.1000000e-01   6.9482229e-01   0.0000000e+00
   9.3000000e-01   6.8295601e-01   0.0000000e+00
   9.5000000e-01   6.7349477e-01   0.0000000e+00
   9.7000000e-01   6.6481265e-01   0.0000000e+00
   9.9000000e-01   6.5690963e-01   0.0000000e+00
   1.0100000e+00   6.4996272e-01   0.0000000e+00
   1.0300000e+00   6.4348985e-01   0.0000000e+00
   1.0500000e+00   6.3749101e-01   0.0000000e+00
   1.0700000e+00   6.3197023e-01   0.0000000e+00
   1.0900000e+00   6.2653795e-01   0.0000000e+00
   1.1100000e+00   6.2119418e-01   0.0000000e+00
   1.1300000e+00   6.1609848e-01   0.0000000e+00
   1.1500000e+00   6.1141312e-01   0.0000000e+00
   1.1700000e+00   6.0713811e-01   0.0000000e+00
   1.1900000e+00   6.0286309e-01   0.0000000e+00
   1.2100000e+00   5.9858808e-01   0.0000000e+00
   1.2300000e+00   5.9431306e-01   0.0000000e+00
   1.2500000e+00   5.8942121e-01   0.0000000e+00
   1.2700000e+00   5.8459102e-01   0.0000000e+00
   1.2900000e+00   5.7982252e-01   0.0000000e+00
   1.3100000e+00   5.7600679e-01   0.0000000e+00
   1.3300000e+00   5.7196142e-01   0.0000000e+00
   1.3500000e+00   5.6768640e-01   0.0000000e+00
   1.3700000e+00   5.6390418e-01   0.0000000e+00
   1.3900000e+00   5.6033083e-01   0.0000000e+00
   1.4100000e+00   5.5696632e-01   0.0000000e+00
   1.4300000e+00   5.5350059e-01   0.0000000e+00
   1.4500000e+00   5.4996881e-01   0.0000000e+00
   1.4700000e+00   5.4637098e-01   0.0000000e+00
   1.4900000e+00   5.4319086e-01   0.0000000e+00
   1.5100000e+00   5.4026486e-01   0.0000000e+00
   1.5300000e+00   5.3759297e-01   0.0000000e+00
   1.5500000e+00   5.3492108e-01   0.0000000e+00
   1.5700000e+00   5.3224920e-01   0.0000000e+00
   1.5900000e+00   5.2957732e-01   0.0000000e+00
   1.6100000e+00   5.2711596e-01   0.0000000e+00
   1.6300000e+00   5.2481652e-01   0.0000000e+00
   1.6500000e+00   5.2267902e-01   0.0000000e+00
   1.6700000e+00   5.2054151e-01   0.0000000e+00
   1.6900000e+00   5.1840400e-01   0.0000000e+00
   1.7100000e+00   5.1626649e-01   0.0000000e+00
   1.7300000e+00   5.1452389e-01   0.0000000e+00
   1.7500000e+00   5.1299015e-01   0.0000000e+00
   1.7700000e+00   5.1166526e-01   0.0000000e+00
   1.7900000e+00   5.1043493e-01   0.0000000e+00
   1.8100000e+00   5.0901820e-01   0.0000000e+00
   1.8300000e+00   5.0741506e-01   0.0000000e+00
   1.8500000e+00   5.0581193e-01   0.0000000e+00
   1.8700000e+00   5.0444012e-01   0.0000000e+00
   1.8900000e+00   5.0329961e-01   0.0000000e+00
   1.9100000e+00   5.0153893e-01   0.0000000e+00
   1.9300000e+00   4.9970449e-01   0.0000000e+00
   1.9500000e+00   4.9779628e-01   0.0000000e+00
   1.9700000e+00   4.9608051e-01   0.0000000e+00
   1.9900000e+00   4.9415388e-01   0.0000000e+00
   2.0100000e+00   4.9201637e-01   0.0000000e+00
   2.0300000e+00   4.9040921e-01   0.0000000e+00
   2.0500000e+00   4.8880406e-01   0.0000000e+00
   2.0700000e+00   4.8720093e-01   0.0000000e+00
   2.0900000e+00   4.8559780e-01   0.0000000e+00
   2.1100000e+00   4.8390449e-01   0.0000000e+00
   2.1300000e+00   4.8212101e-01   0.0000000e+00
   2.1500000e+00   4.8017456e-01   0.0000000e+00
   2.1700000e+00   4.7893415e-01   0.0000000e+00
   2.1900000e+00   4.7839978e-01   0.0000000e+00
   2.2100000e+00   4.7690260e-01   0.0000000e+00
   2.2300000e+00   4.7571718e-01   0.0000000e+00
   2.2500000e+00   4.7484352e-01   0.0000000e+00
   2.2700000e+00   4.7406107e-01   0.0000000e+00
   2.2900000e+00   4.7313547e-01   0.0000000e+00
   2.3100000e+00   4.7206672e-01   0.0000000e+00
   2.3300000e+00   4.7098322e-01   0.0000000e+00
   2.3500000e+00   4.6963991e-01   0.0000000e+00
   2.3700000e+00   4.6803678e-01   0.0000000e+00
   2.3900000e+00   4.6686610e-01   0.0000000e+00
   2.4100000e+00   4.6574638e-01   0.0000000e+00
   2.4300000e+00   4.6467763e-01   0.0000000e+00
   2.4500000e+00   4.6340975e-01   0.0000000e+00
   2.4700000e+00   4.6201548e-01   0.0000000e+00
   2.4900000e+00   4.6049481e-01   0.0000000e+00
   2.5100000e+00   4.5942605e-01   0.0000000e+00
   2.5300000e+00   4.5810721e-01   0.0000000e+00
   2.5500000e+00   4.5653828e-01   0.0000000e+00
   2.5700000e+00   4.5531866e-01   0.0000000e+00
   2.5900000e+00   4.5417447e-01   0.0000000e+00
   2.6100000e+00   4.5310572e-01   0.0000000e+00
   2.6300000e+00   4.5188678e-01   0.0000000e+00
   2.6500000e+00   4.5050927e-01   0.0000000e+00
   2.6700000e+00   4.4897317e-01   0.0000000e+00
   2.6900000e+00   4.4843879e-01   0.0000000e+00
   2.7100000e+00   4.4790441e-01   0.0000000e+00
   2.7300000e+00   4.4737003e-01   0.0000000e+00
   2.7500000e+00   4.4650109e-01   0.0000000e+00
   2.7700000e+00   4.4553225e-01   0.0000000e+00
   2.7900000e+00   4.4446349e-01   0.0000000e+00
   2.8100000e+00   4.4359721e-01   0.0000000e+00
   2.8300000e+00   4.4316406e-01   0.0000000e+00
   2.8500000e+00   4.4316406e-01   0.0000000e+00
   2.8700000e+00   4.4212617e-01   0.0000000e+00
   2.8900000e+00   4.4147513e-01   0.0000000e+00
   2.9100000e+00   4.4121094e-01   0.0000000e+00
   2.9300000e+00   4.4063970e-01   0.0000000e+00
   2.9500000e+00   4.3998866e-01   0.0000000e+00
   2.9700000e+00   4.3925781e-01   0.0000000e+00
   2.9900000e+00   4.3915324e-01   0.0000000e+00
   3.0100000e+00   4.3856657e-01   0.0000000e+00
   3.0300000e+00   4.3749782e-01   0.0000000e+00
   3.0500000e+00   4.3642907e-01   0.0000000e+00
   3.0700000e+00   4.3571365e-01   0.0000000e+00
   3.0900000e+00   4.3535156e-01   0.0000000e+00
   3.1100000e+00   4.3487822e-01   0.0000000e+00
   3.1300000e+00   4.3422718e-01   0.0000000e+00
   3.1500000e+00   4.3339844e-01   0.0000000e+00
   3.1700000e+00   4.3339176e-01   0.0000000e+00
   3.1900000e+00   4.3285404e-01   0.0000000e+00
   3.2100000e+00   4.3178528e-01   0.0000000e+00
   3.2300000e+00   4.3155864e-01   0.0000000e+00
   3.2500000e+00   4.3114092e-01   0.0000000e+00
   3.2700000e+00   4.3053215e-01   0.0000000e+00
   3.2900000e+00   4.2965112e-01   0.0000000e+00
   3.3100000e+00   4.2894341e-01   0.0000000e+00
   3.3300000e+00   4.2840904e-01   0.0000000e+00
   3.3500000e+00   4.2787466e-01   0.0000000e+00
   3.3700000e+00   4.2709590e-01   0.0000000e+00
   3.3900000e+00   4.2607275e-01   0.0000000e+00
   3.4100000e+00   4.2574821e-01   0.0000000e+00
   3.4300000e+00   4.2533049e-01   0.0000000e+00
   3.4500000e+00   4.2481961e-01   0.0000000e+00
   3.4700000e+00   4.2402841e-01   0.0000000e+00
   3.4900000e+00   4.2362176e-01   0.0000000e+00
   3.5100000e+00   4.2359964e-01   0.0000000e+00
   3.5300000e+00   4.2306527e-01   0.0000000e+00
   3.5500000e+00   4.2253089e-01   0.0000000e+00
   3.5700000e+00   4.2199651e-01   0.0000000e+00
   3.5900000e+00   4.2146213e-01   0.0000000e+00
   3.6100000e+00   4.2092776e-01   0.0000000e+00
   3.6300000e+00   4.2039338e-01   0.0000000e+00
   3.6500000e+00   4.1976917e-01   0.0000000e+00
   3.6700000e+00   4.1892269e-01   0.0000000e+00
   3.6900000e+00   4.1785394e-01   0.0000000e+00
   3.7100000e+00   4.1780027e-01   0.0000000e+00
   3.7300000e+00   4.1777344e-01   0.0000000e+00
   3.7500000e+00   4.1777344e-01   0.0000000e+00
   3.7700000e+00   4.1722501e-01   0.0000000e+00
   3.7900000e+00   4.1657397e-01   0.0000000e+00
   2.0700000e+00   7.4341634e-01   1.0000000e+00
   2.0900000e+00   7.4068480e-01   1.0000000e+00
   2.1100000e+00   7.3771590e-01   1.0000000e+00
   2.1300000e+00   7.3450963e-01   1.0000000e+00
   2.1500000e+00   7.3130337e-01   1.0000000e+00
   2.1700000e+00   7.2809711e-01   1.0000000e+00
   2.1900000e+00   7.2489085e-01   1.0000000e+00
   2.2100000e+00   7.2168459e-01   1.0000000e+00
   2.2300000e+00   7.1829596e-01   1.0000000e+00
   2.2500000e+00   7.1472496e-01   1.0000000e+00
   2.2700000e+00   7.1148046e-01   1.0000000e+00
   2.2900000e+00   7.0865368e-01   1.0000000e+00
   2.3100000e+00   7.0624461e-01   1.0000000e+00
   2.3300000e+00   7.0462673e-01   1.0000000e+00
   2.3500000e+00   7.0274904e-01   1.0000000e+00
   2.3700000e+00   7.0061153e-01   1.0000000e+00
   2.3900000e+00   6.9890648e-01   1.0000000e+00
   2.4100000e+00   6.9725239e-01   1.0000000e+00
   2.4300000e+00   6.9564926e-01   1.0000000e+00
   2.4500000e+00   6.9404613e-01   1.0000000e+00
   2.4700000e+00   6.9244299e-01   1.0000000e+00
   2.4900000e+00   6.9083986e-01   1.0000000e+00
   2.5100000e+00   6.8923673e-01   1.0000000e+00
   2.5300000e+00   6.8763360e-01   1.0000000e+00
   2.5500000e+00   6.8603047e-01   1.0000000e+00
   2.5700000e+00   6.8366032e-01   1.0000000e+00
   2.5900000e+00   6.8127273e-01   1.0000000e+00
   2.6100000e+00   6.7886769e-01   1.0000000e+00
   2.6300000e+00   6.7673018e-01   1.0000000e+00
   2.6500000e+00   6.7457591e-01   1.0000000e+00
   2.6700000e+00   6.7240489e-01   1.0000000e+00
   2.6900000e+00   6.6973300e-01   1.0000000e+00
   2.7100000e+00   6.6751235e-01   1.0000000e+00
   2.7300000e+00   6.6574292e-01   1.0000000e+00
   2.7500000e+00   6.6380522e-01   1.0000000e+00
   2.7700000e+00   6.6176762e-01   1.0000000e+00
   2.7900000e+00   6.5963011e-01   1.0000000e+00
   2.8100000e+00   6.5749260e-01   1.0000000e+00
   2.8300000e+00   6.5535510e-01   1.0000000e+00
   2.8500000e+00   6.5321759e-01   1.0000000e+00
   2.8700000e+00   6.5211797e-01   1.0000000e+00
   2.8900000e+00   6.5083265e-01   1.0000000e+00
   2.9100000e+00   6.4936161e-01   1.0000000e+00
   2.9300000e+00   6.4775848e-01   1.0000000e+00
   2.9500000e+00   6.4615535e-01   1.0000000e+00
   2.9700000e+00   6.4455222e-01   1.0000000e+00
   2.9900000e+00   6.4305366e-01   1.0000000e+00
   3.0100000e+00   6.4203719e-01   1.0000000e+00
   3.0300000e+00   6.4150282e-01   1.0000000e+00
   3.0500000e+00   6.4049844e-01   1.0000000e+00
   2.9700000e+00   7.7078221e-01   2.0000000e+00
   2.9900000e+00   7.6971345e-01   2.0000000e+00
   3.0100000e+00   7.6864470e-01   2.0000000e+00
   3.0300000e+00   7.6757595e-01   2.0000000e+00
   3.0500000e+00   7.6744719e-01   2.0000000e+00
   3.0700000e+00   7.6755948e-01   2.0000000e+00
   3.0900000e+00   7.6791281e-01   2.0000000e+00
