   6.1000000e-01   9.6256833e-01   0.0000000e+00
   6.3000000e-01   9.5041045e-01   0.0000000e+00
   6.5000000e-01   9.3267212e-01   0.0000000e+00
   6.7000000e-01   9.1071072e-01   0.0000000e+00
   6.9000000e-01   8.8452624e-01   0.0000000e+00
   7.1000000e-01   8.6198382e-01   0.0000000e+00
   7.3000000e-01   8.4060437e-01   0.0000000e+00
   7.5000000e-01   8.2038787e-01   0.0000000e+00
   7.7000000e-01   8.0314765e-01   0.0000000e+00
   7.9000000e-01   7.8710292e-01   0.0000000e+00
   8.1000000e-01   7.7225369e-01   0.0000000e+00
   8.3000000e-01   7.5568800e-01   0.0000000e+00
   8.5000000e-01   7.4042975e-01   0.0000000e+00
   8.7000000e-01   7.2647894e-01   0.0000000e+00
   8.9000000e-01   7.1339776e-01   0.0000000e+00
   9.1000000e-01   7.0160323e-01   0.0000000e+00
   9.3000000e-01   6.9109536e-01   0.0000000e+00
   9.5000000e-01   6.8271831e-01   0.0000000e+00
   9.7000000e-01   6.7457827e-01   0.0000000e+00
   9.9000000e-01   6.6667525e-01   0.0000000e+00
   1.0100000e+00   6.5972835e-01   0.0000000e+00
   1.0300000e+00   6.5325548e-01   0.0000000e+00
   1.0500000e+00   6.4725664e-01   0.0000000e+00
   1.0700000e+00   6.4173585e-01   0.0000000e+00
   1.0900000e+00   6.3642393e-01   0.0000000e+00
   1.1100000e+00   6.3132086e-01   0.0000000e+00
   1.1300000e+00   6.2651146e-01   0.0000000e+00
   1.1500000e+00   6.2170576e-01   0.0000000e+00
   1.1700000e+00   6.1690373e-01   0.0000000e+00
   1.1900000e+00   6.1262872e-01   0.0000000e+00
   1.2100000e+00   6.0856624e-01   0.0000000e+00
   1.2300000e+00   6.0471631e-01   0.0000000e+00
   1.2500000e+00   6.0066725e-01   0.0000000e+00
   1.2700000e+00   5.9650521e-01   0.0000000e+00
   1.2900000e+00   5.9223020e-01   0.0000000e+00
   1.3100000e+00   5.8795518e-01   0.0000000e+00
   1.3300000e+00   5.8368017e-01   0.0000000e+00
   1.3500000e+00   5.7940515e-01   0.0000000e+00
   1.3700000e+00   5.7611574e-01   0.0000000e+00
   1.3900000e+00   5.7267983e-01   0.0000000e+00
   1.4100000e+00   5.6909743e-01   0.0000000e+00
   1.4300000e+00   5.6561627e-01   0.0000000e+00
   1.4500000e+00   5.6220115e-01   0.0000000e+00
   1.4700000e+00   5.5885208e-01   0.0000000e+00
   1.4900000e+00   5.5513758e-01   0.0000000e+00
   1.5100000e+00   5.5167720e-01   0.0000000e+00
   1.5300000e+00   5.4847094e-01   0.0000000e+00
   1.5500000e+00   5.4570853e-01   0.0000000e+00
   1.5700000e+00   5.4299139e-01   0.0000000e+00
   1.5900000e+00   5.4031950e-01   0.0000000e+00
   1.6100000e+00   5.3764762e-01   0.0000000e+00
   1.6300000e+00   5.3506959e-01   0.0000000e+00
   1.6500000e+00   5.3258543e-01   0.0000000e+00
   1.6700000e+00   5.3098230e-01   0.0000000e+00
   1.6900000e+00   5.2937917e-01   0.0000000e+00
   1.7100000e+00   5.2777604e-01   0.0000000e+00
   1.7300000e+00   5.2577800e-01   0.0000000e+00
   1.7500000e+00   5.2371022e-01   0.0000000e+00
   1.7700000e+00   5.2157272e-01   0.0000000e+00
   1.7900000e+00   5.1959679e-01   0.0000000e+00
   1.8100000e+00   5.1780726e-01   0.0000000e+00
   1.8300000e+00   5.1620413e-01   0.0000000e+00
   1.8500000e+00   5.1460100e-01   0.0000000e+00
   1.8700000e+00   5.1299787e-01   0.0000000e+00
   1.8900000e+00   5.1139473e-01   0.0000000e+00
   1.9100000e+00   5.0944564e-01   0.0000000e+00
   1.9300000e+00   5.0763164e-01   0.0000000e+00
   1.9500000e+00   5.0595273e-01   0.0000000e+00
   1.9700000e+00   5.0488397e-01   0.0000000e+00
   1.9900000e+00   5.0381522e-01   0.0000000e+00
   2.0100000e+00   5.0274646e-01   0.0000000e+00
   2.0300000e+00   5.0061702e-01   0.0000000e+00
   2.0500000e+00   4.9869038e-01   0.0000000e+00
   2.0700000e+00   4.9696656e-01   0.0000000e+00
   2.0900000e+00   4.9536342e-01   0.0000000e+00
   2.1100000e+00   4.9376029e-01   0.0000000e+00
   2.1300000e+00   4.9215716e-01   0.0000000e+00
   2.1500000e+00   4.9055403e-01   0.0000000e+00
   2.1700000e+00   4.8895090e-01   0.0000000e+00
   2.1900000e+00   4.8734777e-01   0.0000000e+00
   2.2100000e+00   4.8622604e-01   0.0000000e+00
   2.2300000e+00   4.8494843e-01   0.0000000e+00
   2.2500000e+00   4.8351494e-01   0.0000000e+00
   2.2700000e+00   4.8191181e-01   0.0000000e+00
   2.2900000e+00   4.8037438e-01   0.0000000e+00
   2.3100000e+00   4.7890265e-01   0.0000000e+00
   2.3300000e+00   4.7783390e-01   0.0000000e+00
   2.3500000e+00   4.7676515e-01   0.0000000e+00
   2.3700000e+00   4.7569639e-01   0.0000000e+00
   2.3900000e+00   4.7462764e-01   0.0000000e+00
   2.4100000e+00   4.7355888e-01   0.0000000e+00
   2.4300000e+00   4.7249013e-01   0.0000000e+00
   2.4500000e+00   4.7122225e-01   0.0000000e+00
   2.4700000e+00   4.6982797e-01   0.0000000e+00
   2.4900000e+00   4.6830731e-01   0.0000000e+00
   2.5100000e+00   4.6723855e-01   0.0000000e+00
   2.5300000e+00   4.6591971e-01   0.0000000e+00
   2.5500000e+00   4.6435078e-01   0.0000000e+00
   2.5700000e+00   4.6313116e-01   0.0000000e+00
   2.5900000e+00   4.6198697e-01   0.0000000e+00
   2.6100000e+00   4.6091822e-01   0.0000000e+00
   2.6300000e+00   4.5954911e-01   0.0000000e+00
   2.6500000e+00   4.5784607e-01   0.0000000e+00
   2.6700000e+00   4.5580910e-01   0.0000000e+00
   2.6900000e+00   4.5527473e-01   0.0000000e+00
   2.7100000e+00   4.5451474e-01   0.0000000e+00
   2.7300000e+00   4.5352913e-01   0.0000000e+00
   2.7500000e+00   4.5246038e-01   0.0000000e+00
   2.7700000e+00   4.5139162e-01   0.0000000e+00
   2.7900000e+00   4.5032287e-01   0.0000000e+00
   2.8100000e+00   4.4925412e-01   0.0000000e+00
   2.8300000e+00   4.4818536e-01   0.0000000e+00
   2.8500000e+00   4.4711661e-01   0.0000000e+00
   2.8700000e+00   4.4708574e-01   0.0000000e+00
   2.8900000e+00   4.4666803e-01   0.0000000e+00
   2.9100000e+00   4.4586347e-01   0.0000000e+00
   2.9300000e+00   4.4508033e-01   0.0000000e+00
   2.9500000e+00   4.4442157e-01   0.0000000e+00
   2.9700000e+00   4.4388720e-01   0.0000000e+00
   2.9900000e+00   4.4330053e-01   0.0000000e+00
   3.0100000e+00   4.4247282e-01   0.0000000e+00
   3.0300000e+00   4.4140407e-01   0.0000000e+00
   3.0500000e+00   4.4080532e-01   0.0000000e+00
   3.0700000e+00   4.4023875e-01   0.0000000e+00
   3.0900000e+00   4.3970437e-01   0.0000000e+00
   3.1100000e+00   4.3893332e-01   0.0000000e+00
   3.1300000e+00   4.3807343e-01   0.0000000e+00
   3.1500000e+00   4.3712468e-01   0.0000000e+00
   3.1700000e+00   4.3659030e-01   0.0000000e+00
   3.1900000e+00   4.3605592e-01   0.0000000e+00
   3.2100000e+00   4.3552155e-01   0.0000000e+00
   3.2300000e+00   4.3456612e-01   0.0000000e+00
   3.2500000e+00   4.3370622e-01   0.0000000e+00
   3.2700000e+00   4.3294185e-01   0.0000000e+00
   3.2900000e+00   4.3240748e-01   0.0000000e+00
   3.3100000e+00   4.3183757e-01   0.0000000e+00
   3.3300000e+00   4.3123213e-01   0.0000000e+00
   3.3500000e+00   4.3016338e-01   0.0000000e+00
   3.3700000e+00   4.2933901e-01   0.0000000e+00
   3.3900000e+00   4.2875903e-01   0.0000000e+00
   3.4100000e+00   4.2822465e-01   0.0000000e+00
   3.4300000e+00   4.2756255e-01   0.0000000e+00
   3.4500000e+00   4.2677273e-01   0.0000000e+00
   3.4700000e+00   4.2598154e-01   0.0000000e+00
   3.4900000e+00   4.2556382e-01   0.0000000e+00
   3.5100000e+00   4.2551960e-01   0.0000000e+00
   3.5300000e+00   4.2445084e-01   0.0000000e+00
   3.5500000e+00   4.2338209e-01   0.0000000e+00
   3.5700000e+00   4.2231334e-01   0.0000000e+00
   3.5900000e+00   4.2189090e-01   0.0000000e+00
   3.6100000e+00   4.2147319e-01   0.0000000e+00
   3.6300000e+00   4.2106020e-01   0.0000000e+00
   3.6500000e+00   4.2008128e-01   0.0000000e+00
   3.6700000e+00   4.1932463e-01   0.0000000e+00
   3.6900000e+00   4.1879025e-01   0.0000000e+00
   3.7100000e+00   4.1825587e-01   0.0000000e+00
   3.7300000e+00   4.1791693e-01   0.0000000e+00
   3.7500000e+00   4.1777344e-01   0.0000000e+00
   3.7700000e+00   4.1722501e-01   0.0000000e+00
   3.7900000e+00   4.1657397e-01   0.0000000e+00
   2.2200000e+00   7.3910378e-01   1.0000000e+00
   2.2400000e+00   7.3587207e-01   1.0000000e+00
   2.2600000e+00   7.3263396e-01   1.0000000e+00
   2.2800000e+00   7.2938946e-01   1.0000000e+00
   2.3000000e+00   7.2698039e-01   1.0000000e+00
   2.3200000e+00   7.2495955e-01   1.0000000e+00
   2.3400000e+00   7.2332693e-01   1.0000000e+00
   2.3600000e+00   7.2065505e-01   1.0000000e+00
   2.3800000e+00   7.1819939e-01   1.0000000e+00
   2.4000000e+00   7.1595996e-01   1.0000000e+00
   2.4200000e+00   7.1382245e-01   1.0000000e+00
   2.4400000e+00   7.1168494e-01   1.0000000e+00
   2.4600000e+00   7.0954743e-01   1.0000000e+00
   2.4800000e+00   7.0740993e-01   1.0000000e+00
   2.5000000e+00   7.0527242e-01   1.0000000e+00
   2.5200000e+00   7.0313491e-01   1.0000000e+00
   2.5400000e+00   7.0099740e-01   1.0000000e+00
   2.5600000e+00   6.9905165e-01   1.0000000e+00
   2.5800000e+00   6.9729765e-01   1.0000000e+00
   2.6000000e+00   6.9569452e-01   1.0000000e+00
   2.6200000e+00   6.9401630e-01   1.0000000e+00
   2.6400000e+00   6.9226299e-01   1.0000000e+00
   2.6600000e+00   6.9012548e-01   1.0000000e+00
   2.6800000e+00   6.8798797e-01   1.0000000e+00
   2.7000000e+00   6.8585046e-01   1.0000000e+00
   2.7200000e+00   6.8371295e-01   1.0000000e+00
   2.7400000e+00   6.8157544e-01   1.0000000e+00
   2.7600000e+00   6.7943794e-01   1.0000000e+00
   2.7800000e+00   6.7751833e-01   1.0000000e+00
   2.8000000e+00   6.7580757e-01   1.0000000e+00
   2.8200000e+00   6.7430567e-01   1.0000000e+00
   2.8400000e+00   6.7323692e-01   1.0000000e+00
   2.8600000e+00   6.7216817e-01   1.0000000e+00
   2.8800000e+00   6.7109941e-01   1.0000000e+00
   2.9000000e+00   6.6922610e-01   1.0000000e+00
   2.9200000e+00   6.6750630e-01   1.0000000e+00
   2.9400000e+00   6.6594003e-01   1.0000000e+00
   2.9600000e+00   6.6487127e-01   1.0000000e+00
   2.9800000e+00   6.6380252e-01   1.0000000e+00
   3.0000000e+00   6.6273376e-01   1.0000000e+00
   3.0200000e+00   6.6166501e-01   1.0000000e+00
   3.0400000e+00   6.6036126e-01   1.0000000e+00
   3.0600000e+00   6.5882250e-01   1.0000000e+00
   3.0800000e+00   6.5721937e-01   1.0000000e+00
   3.1000000e+00   6.5561624e-01   1.0000000e+00
   3.1200000e+00   6.5401311e-01   1.0000000e+00
   3.1400000e+00   6.5264999e-01   1.0000000e+00
