   6.0000000e-01   9.7743634e-01   0.0000000e+00
   6.2000000e-01   9.6635792e-01   0.0000000e+00
   6.4000000e-01   9.5389495e-01   0.0000000e+00
   6.6000000e-01   9.4004744e-01   0.0000000e+00
   6.8000000e-01   9.1974112e-01   0.0000000e+00
   7.0000000e-01   8.9897953e-01   0.0000000e+00
   7.2000000e-01   8.7776269e-01   0.0000000e+00
   7.4000000e-01   8.5740339e-01   0.0000000e+00
   7.6000000e-01   8.3900222e-01   0.0000000e+00
   7.8000000e-01   8.2255919e-01   0.0000000e+00
   8.0000000e-01   8.1006605e-01   0.0000000e+00
   8.2000000e-01   7.9607101e-01   0.0000000e+00
   8.4000000e-01   7.8057408e-01   0.0000000e+00
   8.6000000e-01   7.6664607e-01   0.0000000e+00
   8.8000000e-01   7.5354779e-01   0.0000000e+00
   9.0000000e-01   7.4127923e-01   0.0000000e+00
   9.2000000e-01   7.3097117e-01   0.0000000e+00
   9.4000000e-01   7.2136143e-01   0.0000000e+00
   9.6000000e-01   7.1245000e-01   0.0000000e+00
   9.8000000e-01   7.0389996e-01   0.0000000e+00
   1.0000000e+00   6.9534993e-01   0.0000000e+00
   1.0200000e+00   6.8679990e-01   0.0000000e+00
   1.0400000e+00   6.7824987e-01   0.0000000e+00
   1.0600000e+00   6.7059325e-01   0.0000000e+00
   1.0800000e+00   6.6383004e-01   0.0000000e+00
   1.1000000e+00   6.5795189e-01   0.0000000e+00
   1.1200000e+00   6.5207374e-01   0.0000000e+00
   1.1400000e+00   6.4619560e-01   0.0000000e+00
   1.1600000e+00   6.4033219e-01   0.0000000e+00
   1.1800000e+00   6.3499579e-01   0.0000000e+00
   1.2000000e+00   6.3018640e-01   0.0000000e+00
   1.2200000e+00   6.2580209e-01   0.0000000e+00
   1.2400000e+00   6.2116401e-01   0.0000000e+00
   1.2600000e+00   6.1627215e-01   0.0000000e+00
   1.2800000e+00   6.1112014e-01   0.0000000e+00
   1.3000000e+00   6.0610189e-01   0.0000000e+00
   1.3200000e+00   6.0121741e-01   0.0000000e+00
   1.3400000e+00   5.9587363e-01   0.0000000e+00
   1.3600000e+00   5.9052986e-01   0.0000000e+00
   1.3800000e+00   5.8518609e-01   0.0000000e+00
   1.4000000e+00   5.8021846e-01   0.0000000e+00
   1.4200000e+00   5.7520021e-01   0.0000000e+00
   1.4400000e+00   5.7013134e-01   0.0000000e+00
   1.4600000e+00   5.6521600e-01   0.0000000e+00
   1.4800000e+00   5.6088801e-01   0.0000000e+00
   1.5000000e+00   5.5714737e-01   0.0000000e+00
   1.5200000e+00   5.5340673e-01   0.0000000e+00
   1.5400000e+00   5.5010994e-01   0.0000000e+00
   1.5600000e+00   5.4725702e-01   0.0000000e+00
   1.5800000e+00   5.4458513e-01   0.0000000e+00
   1.6000000e+00   5.4201851e-01   0.0000000e+00
   1.6200000e+00   5.3955715e-01   0.0000000e+00
   1.6400000e+00   5.3760737e-01   0.0000000e+00
   1.6600000e+00   5.3609810e-01   0.0000000e+00
   1.6800000e+00   5.3502934e-01   0.0000000e+00
   1.7000000e+00   5.3498374e-01   0.0000000e+00
   1.7200000e+00   5.3515839e-01   0.0000000e+00
   1.7400000e+00   5.3555330e-01   0.0000000e+00
   1.7600000e+00   5.3580943e-01   0.0000000e+00
   1.7800000e+00   5.3609908e-01   0.0000000e+00
   1.8000000e+00   5.3642224e-01   0.0000000e+00
   1.8200000e+00   5.3744608e-01   0.0000000e+00
   1.8400000e+00   5.3822519e-01   0.0000000e+00
   1.8600000e+00   5.3875956e-01   0.0000000e+00
   1.8800000e+00   5.3883131e-01   0.0000000e+00
   1.9000000e+00   5.3869421e-01   0.0000000e+00
   1.9200000e+00   5.3834824e-01   0.0000000e+00
   1.9400000e+00   5.3804316e-01   0.0000000e+00
   1.9600000e+00   5.3783431e-01   0.0000000e+00
   1.9800000e+00   5.3772167e-01   0.0000000e+00
   2.0000000e+00   5.3718730e-01   0.0000000e+00
   2.0200000e+00   5.3612257e-01   0.0000000e+00
   2.0400000e+00   5.3452750e-01   0.0000000e+00
   2.0600000e+00   5.3292437e-01   0.0000000e+00
   2.0800000e+00   5.3132124e-01   0.0000000e+00
   2.1000000e+00   5.2971811e-01   0.0000000e+00
   2.1200000e+00   5.2793462e-01   0.0000000e+00
   2.1400000e+00   5.2597413e-01   0.0000000e+00
   2.1600000e+00   5.2383662e-01   0.0000000e+00
   2.1800000e+00   5.2169911e-01   0.0000000e+00
   2.2000000e+00   5.2004300e-01   0.0000000e+00
   2.2200000e+00   5.1886830e-01   0.0000000e+00
   2.2400000e+00   5.1707007e-01   0.0000000e+00
   2.2600000e+00   5.1535028e-01   0.0000000e+00
   2.2800000e+00   5.1370891e-01   0.0000000e+00
   2.3000000e+00   5.1250875e-01   0.0000000e+00
   2.3200000e+00   5.1110710e-01   0.0000000e+00
   2.3400000e+00   5.0950397e-01   0.0000000e+00
   2.3600000e+00   5.0790084e-01   0.0000000e+00
   2.3800000e+00   5.0651394e-01   0.0000000e+00
   2.4000000e+00   5.0534326e-01   0.0000000e+00
   2.4200000e+00   5.0427451e-01   0.0000000e+00
   2.4400000e+00   5.0310619e-01   0.0000000e+00
   2.4600000e+00   5.0183831e-01   0.0000000e+00
   2.4800000e+00   5.0031764e-01   0.0000000e+00
   2.5000000e+00   4.9902293e-01   0.0000000e+00
   2.5200000e+00   4.9795417e-01   0.0000000e+00
   2.5400000e+00   4.9688542e-01   0.0000000e+00
   2.5600000e+00   4.9581667e-01   0.0000000e+00
   2.5800000e+00   4.9474791e-01   0.0000000e+00
   2.6000000e+00   4.9367916e-01   0.0000000e+00
   2.6200000e+00   4.9261040e-01   0.0000000e+00
   2.6400000e+00   4.9154165e-01   0.0000000e+00
   2.6600000e+00   4.9047290e-01   0.0000000e+00
   2.6800000e+00   4.8940414e-01   0.0000000e+00
   2.7000000e+00   4.8833539e-01   0.0000000e+00
   2.7200000e+00   4.8726663e-01   0.0000000e+00
   2.7400000e+00   4.8619788e-01   0.0000000e+00
   2.7600000e+00   4.8512912e-01   0.0000000e+00
   2.7800000e+00   4.8406037e-01   0.0000000e+00
   2.8000000e+00   4.8294100e-01   0.0000000e+00
   2.8200000e+00   4.8177101e-01   0.0000000e+00
   2.8400000e+00   4.8016788e-01   0.0000000e+00
   2.8600000e+00   4.7882422e-01   0.0000000e+00
   2.8800000e+00   4.7774004e-01   0.0000000e+00
   2.9000000e+00   4.7667128e-01   0.0000000e+00
   2.9200000e+00   4.7531691e-01   0.0000000e+00
   2.9400000e+00   4.7367693e-01   0.0000000e+00
   2.9600000e+00   4.7187732e-01   0.0000000e+00
   2.9800000e+00   4.7044314e-01   0.0000000e+00
   3.0000000e+00   4.6937439e-01   0.0000000e+00
   3.0200000e+00   4.6830563e-01   0.0000000e+00
   3.0400000e+00   4.6700188e-01   0.0000000e+00
   3.0600000e+00   4.6546313e-01   0.0000000e+00
   3.0800000e+00   4.6421333e-01   0.0000000e+00
   3.1000000e+00   4.6317239e-01   0.0000000e+00
   3.1200000e+00   4.6234031e-01   0.0000000e+00
   3.1400000e+00   4.6180593e-01   0.0000000e+00
   3.1600000e+00   4.6127322e-01   0.0000000e+00
   3.1800000e+00   4.6074219e-01   0.0000000e+00
   3.2000000e+00   4.6074219e-01   0.0000000e+00
   3.2200000e+00   4.6095271e-01   0.0000000e+00
   3.2400000e+00   4.6137377e-01   0.0000000e+00
   2.2500000e+00   7.5476402e-01   1.0000000e+00
   2.2700000e+00   7.5102338e-01   1.0000000e+00
   2.2900000e+00   7.4728274e-01   1.0000000e+00
   2.3100000e+00   7.4354210e-01   1.0000000e+00
   2.3300000e+00   7.3983095e-01   1.0000000e+00
   2.3500000e+00   7.3663943e-01   1.0000000e+00
   2.3700000e+00   7.3396754e-01   1.0000000e+00
   2.3900000e+00   7.3216057e-01   1.0000000e+00
