   6.1000000e-01   9.8361588e-01   0.0000000e+00
   6.3000000e-01   9.7253746e-01   0.0000000e+00
   6.5000000e-01   9.5857731e-01   0.0000000e+00
   6.7000000e-01   9.4064251e-01   0.0000000e+00
   6.9000000e-01   9.1873305e-01   0.0000000e+00
   7.1000000e-01   8.9773411e-01   0.0000000e+00
   7.3000000e-01   8.7799936e-01   0.0000000e+00
   7.5000000e-01   8.5952880e-01   0.0000000e+00
   7.7000000e-01   8.4420416e-01   0.0000000e+00
   7.9000000e-01   8.2991879e-01   0.0000000e+00
   8.1000000e-01   8.1667269e-01   0.0000000e+00
   8.3000000e-01   8.0171013e-01   0.0000000e+00
   8.5000000e-01   7.8753204e-01   0.0000000e+00
   8.7000000e-01   7.7413841e-01   0.0000000e+00
   8.9000000e-01   7.6240423e-01   0.0000000e+00
   9.1000000e-01   7.5165029e-01   0.0000000e+00
   9.3000000e-01   7.4187661e-01   0.0000000e+00
   9.5000000e-01   7.3315359e-01   0.0000000e+00
   9.7000000e-01   7.2433436e-01   0.0000000e+00
   9.9000000e-01   7.1541890e-01   0.0000000e+00
   1.0100000e+00   7.0793762e-01   0.0000000e+00
   1.0300000e+00   7.0021933e-01   0.0000000e+00
   1.0500000e+00   6.9226402e-01   0.0000000e+00
   1.0700000e+00   6.8532046e-01   0.0000000e+00
   1.0900000e+00   6.7852207e-01   0.0000000e+00
   1.1100000e+00   6.7186884e-01   0.0000000e+00
   1.1300000e+00   6.6541808e-01   0.0000000e+00
   1.1500000e+00   6.5978064e-01   0.0000000e+00
   1.1700000e+00   6.5495650e-01   0.0000000e+00
   1.1900000e+00   6.4907835e-01   0.0000000e+00
   1.2100000e+00   6.4320021e-01   0.0000000e+00
   1.2300000e+00   6.3732206e-01   0.0000000e+00
   1.2500000e+00   6.3144391e-01   0.0000000e+00
   1.2700000e+00   6.2566164e-01   0.0000000e+00
   1.2900000e+00   6.1997525e-01   0.0000000e+00
   1.3100000e+00   6.1448130e-01   0.0000000e+00
   1.3300000e+00   6.0852806e-01   0.0000000e+00
   1.3500000e+00   6.0211554e-01   0.0000000e+00
   1.3700000e+00   5.9668862e-01   0.0000000e+00
   1.3900000e+00   5.9111520e-01   0.0000000e+00
   1.4100000e+00   5.8539529e-01   0.0000000e+00
   1.4300000e+00   5.8003609e-01   0.0000000e+00
   1.4500000e+00   5.7495180e-01   0.0000000e+00
   1.4700000e+00   5.7014240e-01   0.0000000e+00
   1.4900000e+00   5.6541144e-01   0.0000000e+00
   1.5100000e+00   5.6144283e-01   0.0000000e+00
   1.5300000e+00   5.5823656e-01   0.0000000e+00
   1.5500000e+00   5.5547416e-01   0.0000000e+00
   1.5700000e+00   5.5275701e-01   0.0000000e+00
   1.5900000e+00   5.5008513e-01   0.0000000e+00
   1.6100000e+00   5.4804482e-01   0.0000000e+00
   1.6300000e+00   5.4649029e-01   0.0000000e+00
   1.6500000e+00   5.4542154e-01   0.0000000e+00
   1.6700000e+00   5.4435279e-01   0.0000000e+00
   1.6900000e+00   5.4353982e-01   0.0000000e+00
   1.7100000e+00   5.4298264e-01   0.0000000e+00
   1.7300000e+00   5.4244826e-01   0.0000000e+00
   1.7500000e+00   5.4219213e-01   0.0000000e+00
   1.7700000e+00   5.4221424e-01   0.0000000e+00
   1.7900000e+00   5.4258704e-01   0.0000000e+00
   1.8100000e+00   5.4275098e-01   0.0000000e+00
   1.8300000e+00   5.4270606e-01   0.0000000e+00
   1.8500000e+00   5.4217169e-01   0.0000000e+00
   1.8700000e+00   5.4186862e-01   0.0000000e+00
   1.8900000e+00   5.4179687e-01   0.0000000e+00
   1.9100000e+00   5.4145091e-01   0.0000000e+00
   1.9300000e+00   5.4089609e-01   0.0000000e+00
   1.9500000e+00   5.4013242e-01   0.0000000e+00
   1.9700000e+00   5.3928893e-01   0.0000000e+00
   1.9900000e+00   5.3886719e-01   0.0000000e+00
   2.0100000e+00   5.3886719e-01   0.0000000e+00
   2.0300000e+00   5.3780649e-01   0.0000000e+00
   2.0500000e+00   5.3653493e-01   0.0000000e+00
   2.0700000e+00   5.3505249e-01   0.0000000e+00
   2.0900000e+00   5.3344936e-01   0.0000000e+00
   2.1100000e+00   5.3184623e-01   0.0000000e+00
   2.1300000e+00   5.3024310e-01   0.0000000e+00
   2.1500000e+00   5.2857628e-01   0.0000000e+00
   2.1700000e+00   5.2667412e-01   0.0000000e+00
   2.1900000e+00   5.2453661e-01   0.0000000e+00
   2.2100000e+00   5.2288050e-01   0.0000000e+00
   2.2300000e+00   5.2106851e-01   0.0000000e+00
   2.2500000e+00   5.1910064e-01   0.0000000e+00
   2.2700000e+00   5.1745928e-01   0.0000000e+00
   2.2900000e+00   5.1603852e-01   0.0000000e+00
   2.3100000e+00   5.1483836e-01   0.0000000e+00
   2.3300000e+00   5.1322048e-01   0.0000000e+00
   2.3500000e+00   5.1134279e-01   0.0000000e+00
   2.3700000e+00   5.0920528e-01   0.0000000e+00
   2.3900000e+00   5.0793269e-01   0.0000000e+00
   2.4100000e+00   5.0660411e-01   0.0000000e+00
   2.4300000e+00   5.0521957e-01   0.0000000e+00
   2.4500000e+00   5.0361644e-01   0.0000000e+00
   2.4700000e+00   5.0205454e-01   0.0000000e+00
   2.4900000e+00   5.0053387e-01   0.0000000e+00
   2.5100000e+00   4.9946511e-01   0.0000000e+00
   2.5300000e+00   4.9889653e-01   0.0000000e+00
   2.5500000e+00   4.9882813e-01   0.0000000e+00
   2.5700000e+00   4.9844462e-01   0.0000000e+00
   2.5900000e+00   4.9785225e-01   0.0000000e+00
   2.6100000e+00   4.9705103e-01   0.0000000e+00
   2.6300000e+00   4.9628264e-01   0.0000000e+00
   2.6500000e+00   4.9588168e-01   0.0000000e+00
   2.6700000e+00   4.9584817e-01   0.0000000e+00
   2.6900000e+00   4.9531379e-01   0.0000000e+00
   2.7100000e+00   4.9500503e-01   0.0000000e+00
   2.7300000e+00   4.9492188e-01   0.0000000e+00
   2.7500000e+00   4.9492188e-01   0.0000000e+00
   2.7700000e+00   4.9492188e-01   0.0000000e+00
   2.7900000e+00   4.9492188e-01   0.0000000e+00
   2.8100000e+00   4.9471941e-01   0.0000000e+00
   2.8300000e+00   4.9408380e-01   0.0000000e+00
   2.8500000e+00   4.9301504e-01   0.0000000e+00
   2.8700000e+00   4.9350313e-01   0.0000000e+00
   2.8900000e+00   4.9361208e-01   0.0000000e+00
   2.9100000e+00   4.9334189e-01   0.0000000e+00
   2.9300000e+00   4.9280751e-01   0.0000000e+00
   2.9500000e+00   4.9244209e-01   0.0000000e+00
   2.9700000e+00   4.9224561e-01   0.0000000e+00
