   6.0000000e-01   9.3830249e-01   0.0000000e+00
   6.2000000e-01   9.1783124e-01   0.0000000e+00
   6.4000000e-01   8.9593318e-01   0.0000000e+00
   6.6000000e-01   8.7260831e-01   0.0000000e+00
   6.8000000e-01   8.5176761e-01   0.0000000e+00
   7.0000000e-01   8.3115453e-01   0.0000000e+00
   7.2000000e-01   8.1076909e-01   0.0000000e+00
   7.4000000e-01   7.9317150e-01   0.0000000e+00
   7.6000000e-01   7.7746669e-01   0.0000000e+00
   7.8000000e-01   7.6365466e-01   0.0000000e+00
   8.0000000e-01   7.5296712e-01   0.0000000e+00
   8.2000000e-01   7.4227958e-01   0.0000000e+00
   8.4000000e-01   7.3159204e-01   0.0000000e+00
   8.6000000e-01   7.2404235e-01   0.0000000e+00
   8.8000000e-01   7.1693318e-01   0.0000000e+00
   9.0000000e-01   7.1026452e-01   0.0000000e+00
   9.2000000e-01   7.0443129e-01   0.0000000e+00
   9.4000000e-01   6.9892928e-01   0.0000000e+00
   9.6000000e-01   6.9375849e-01   0.0000000e+00
   9.8000000e-01   6.8900542e-01   0.0000000e+00
   1.0000000e+00   6.8449137e-01   0.0000000e+00
   1.0200000e+00   6.8021636e-01   0.0000000e+00
   1.0400000e+00   6.7641537e-01   0.0000000e+00
   1.0600000e+00   6.7264456e-01   0.0000000e+00
   1.0800000e+00   6.6890392e-01   0.0000000e+00
   1.1000000e+00   6.6516328e-01   0.0000000e+00
   1.1200000e+00   6.6142264e-01   0.0000000e+00
   1.1400000e+00   6.5768200e-01   0.0000000e+00
   1.1600000e+00   6.5394136e-01   0.0000000e+00
   1.1800000e+00   6.5020072e-01   0.0000000e+00
   1.2000000e+00   6.4646008e-01   0.0000000e+00
   1.2200000e+00   6.4229436e-01   0.0000000e+00
   1.2400000e+00   6.3838241e-01   0.0000000e+00
   1.2600000e+00   6.3472423e-01   0.0000000e+00
   1.2800000e+00   6.3094270e-01   0.0000000e+00
   1.3000000e+00   6.2668479e-01   0.0000000e+00
   1.3200000e+00   6.2195049e-01   0.0000000e+00
   1.3400000e+00   6.1767547e-01   0.0000000e+00
   1.3600000e+00   6.1340045e-01   0.0000000e+00
   1.3800000e+00   6.0912544e-01   0.0000000e+00
   1.4000000e+00   6.0522656e-01   0.0000000e+00
   1.4200000e+00   6.0140680e-01   0.0000000e+00
   1.4400000e+00   5.9766616e-01   0.0000000e+00
   1.4600000e+00   5.9378271e-01   0.0000000e+00
   1.4800000e+00   5.8972962e-01   0.0000000e+00
   1.5000000e+00   5.8550689e-01   0.0000000e+00
   1.5200000e+00   5.8230063e-01   0.0000000e+00
   1.5400000e+00   5.7909437e-01   0.0000000e+00
   1.5600000e+00   5.7588811e-01   0.0000000e+00
   1.5800000e+00   5.7235465e-01   0.0000000e+00
   1.6000000e+00   5.6882287e-01   0.0000000e+00
   1.6200000e+00   5.6529276e-01   0.0000000e+00
   1.6400000e+00   5.6218036e-01   0.0000000e+00
   1.6600000e+00   5.5928822e-01   0.0000000e+00
   1.6800000e+00   5.5661633e-01   0.0000000e+00
   1.7000000e+00   5.5394445e-01   0.0000000e+00
   1.7200000e+00   5.5147002e-01   0.0000000e+00
   1.7400000e+00   5.4919304e-01   0.0000000e+00
   1.7600000e+00   5.4677729e-01   0.0000000e+00
   1.7800000e+00   5.4431426e-01   0.0000000e+00
   1.8000000e+00   5.4180395e-01   0.0000000e+00
   1.8200000e+00   5.3966645e-01   0.0000000e+00
   1.8400000e+00   5.3752894e-01   0.0000000e+00
   1.8600000e+00   5.3539143e-01   0.0000000e+00
   1.8800000e+00   5.3279129e-01   0.0000000e+00
   1.9000000e+00   5.3050125e-01   0.0000000e+00
   1.9200000e+00   5.2852129e-01   0.0000000e+00
   1.9400000e+00   5.2668886e-01   0.0000000e+00
   1.9600000e+00   5.2476021e-01   0.0000000e+00
   1.9800000e+00   5.2273533e-01   0.0000000e+00
   2.0000000e+00   5.2113220e-01   0.0000000e+00
   2.0200000e+00   5.1926390e-01   0.0000000e+00
   2.0400000e+00   5.1713042e-01   0.0000000e+00
   2.0600000e+00   5.1499291e-01   0.0000000e+00
   2.0800000e+00   5.1285540e-01   0.0000000e+00
   2.1000000e+00   5.1071789e-01   0.0000000e+00
   2.1200000e+00   5.0858039e-01   0.0000000e+00
   2.1400000e+00   5.0644288e-01   0.0000000e+00
   2.1600000e+00   5.0430537e-01   0.0000000e+00
   2.1800000e+00   5.0216786e-01   0.0000000e+00
   2.2000000e+00   4.9978965e-01   0.0000000e+00
   2.2200000e+00   4.9717074e-01   0.0000000e+00
   2.2400000e+00   4.9486359e-01   0.0000000e+00
   2.2600000e+00   4.9264127e-01   0.0000000e+00
   2.2800000e+00   4.9050376e-01   0.0000000e+00
   2.3000000e+00   4.8836625e-01   0.0000000e+00
   2.3200000e+00   4.8622874e-01   0.0000000e+00
   2.3400000e+00   4.8409123e-01   0.0000000e+00
   2.3600000e+00   4.8195372e-01   0.0000000e+00
   2.3800000e+00   4.7981622e-01   0.0000000e+00
   2.4000000e+00   4.7767871e-01   0.0000000e+00
   2.4200000e+00   4.7585699e-01   0.0000000e+00
   2.4400000e+00   4.7404500e-01   0.0000000e+00
   2.4600000e+00   4.7224275e-01   0.0000000e+00
   2.4800000e+00   4.7002278e-01   0.0000000e+00
   2.5000000e+00   4.6757685e-01   0.0000000e+00
   2.5200000e+00   4.6490497e-01   0.0000000e+00
   2.5400000e+00   4.6373360e-01   0.0000000e+00
   2.5600000e+00   4.6223003e-01   0.0000000e+00
   2.5800000e+00   4.6039426e-01   0.0000000e+00
   2.6000000e+00   4.5852360e-01   0.0000000e+00
   2.6200000e+00   4.5671161e-01   0.0000000e+00
   2.6400000e+00   4.5495830e-01   0.0000000e+00
   2.6600000e+00   4.5285431e-01   0.0000000e+00
   2.6800000e+00   4.5100074e-01   0.0000000e+00
   2.7000000e+00   4.4939761e-01   0.0000000e+00
   2.7200000e+00   4.4779448e-01   0.0000000e+00
   2.7400000e+00   4.4635863e-01   0.0000000e+00
   2.7600000e+00   4.4509006e-01   0.0000000e+00
   2.7800000e+00   4.4380341e-01   0.0000000e+00
   2.8000000e+00   4.4240914e-01   0.0000000e+00
   2.8200000e+00   4.4090724e-01   0.0000000e+00
   2.8400000e+00   4.3983848e-01   0.0000000e+00
   2.8600000e+00   4.3851026e-01   0.0000000e+00
   2.8800000e+00   4.3692256e-01   0.0000000e+00
   2.9000000e+00   4.3491715e-01   0.0000000e+00
   2.9200000e+00   4.3298849e-01   0.0000000e+00
   2.9400000e+00   4.3113660e-01   0.0000000e+00
   2.9600000e+00   4.2970242e-01   0.0000000e+00
   2.9800000e+00   4.2845096e-01   0.0000000e+00
   3.0000000e+00   4.2738220e-01   0.0000000e+00
   3.0200000e+00   4.2631345e-01   0.0000000e+00
   3.0400000e+00   4.2524469e-01   0.0000000e+00
   3.0600000e+00   4.2417594e-01   0.0000000e+00
   3.0800000e+00   4.2346052e-01   0.0000000e+00
   3.1000000e+00   4.2259895e-01   0.0000000e+00
   3.1200000e+00   4.2159123e-01   0.0000000e+00
   3.1400000e+00   4.2022811e-01   0.0000000e+00
   3.1600000e+00   4.1927435e-01   0.0000000e+00
   3.1800000e+00   4.1872995e-01   0.0000000e+00
   3.2000000e+00   4.1659245e-01   0.0000000e+00
   3.2200000e+00   4.1487599e-01   0.0000000e+00
   3.2400000e+00   4.1358059e-01   0.0000000e+00
   3.2600000e+00   4.1220745e-01   0.0000000e+00
   3.2800000e+00   4.1062545e-01   0.0000000e+00
   3.3000000e+00   4.0883459e-01   0.0000000e+00
   3.3200000e+00   4.0676814e-01   0.0000000e+00
   3.3400000e+00   4.0493335e-01   0.0000000e+00
   3.3600000e+00   4.0333022e-01   0.0000000e+00
   3.3800000e+00   4.0172709e-01   0.0000000e+00
   3.4000000e+00   4.0049607e-01   0.0000000e+00
   3.4200000e+00   3.9963715e-01   0.0000000e+00
   3.4400000e+00   3.9859189e-01   0.0000000e+00
   3.4600000e+00   3.9733708e-01   0.0000000e+00
   3.4800000e+00   3.9587273e-01   0.0000000e+00
   3.5000000e+00   3.9482609e-01   0.0000000e+00
   3.5200000e+00   3.9403558e-01   0.0000000e+00
   3.5400000e+00   3.9350120e-01   0.0000000e+00
   3.5600000e+00   3.9252700e-01   0.0000000e+00
   3.5800000e+00   3.9182868e-01   0.0000000e+00
   3.6000000e+00   3.9140625e-01   0.0000000e+00
   3.6200000e+00   3.9119975e-01   0.0000000e+00
   3.6400000e+00   3.9073948e-01   0.0000000e+00
   3.6600000e+00   3.9002544e-01   0.0000000e+00
   3.6800000e+00   3.8842231e-01   0.0000000e+00
   3.7000000e+00   3.8681918e-01   0.0000000e+00
   3.7200000e+00   3.8521605e-01   0.0000000e+00
   2.0000000e+00   7.6191304e-01   1.0000000e+00
   2.0200000e+00   7.5897598e-01   1.0000000e+00
   2.0400000e+00   7.5577375e-01   1.0000000e+00
   2.0600000e+00   7.5298117e-01   1.0000000e+00
   2.0800000e+00   7.5010043e-01   1.0000000e+00
   2.1000000e+00   7.4713153e-01   1.0000000e+00
   2.1200000e+00   7.4410562e-01   1.0000000e+00
   2.1400000e+00   7.4128857e-01   1.0000000e+00
   2.1600000e+00   7.3868037e-01   1.0000000e+00
   2.1800000e+00   7.3654286e-01   1.0000000e+00
   2.2000000e+00   7.3416465e-01   1.0000000e+00
   2.2200000e+00   7.3154574e-01   1.0000000e+00
   2.2400000e+00   7.2923859e-01   1.0000000e+00
   2.2600000e+00   7.2701627e-01   1.0000000e+00
   2.2800000e+00   7.2487876e-01   1.0000000e+00
   2.3000000e+00   7.2274125e-01   1.0000000e+00
   2.3200000e+00   7.2060374e-01   1.0000000e+00
   2.3400000e+00   7.1846623e-01   1.0000000e+00
   2.3600000e+00   7.1632872e-01   1.0000000e+00
   2.3800000e+00   7.1419122e-01   1.0000000e+00
   2.4000000e+00   7.1205371e-01   1.0000000e+00
   2.4200000e+00   7.0960041e-01   1.0000000e+00
   2.4400000e+00   7.0713738e-01   1.0000000e+00
   2.4600000e+00   7.0466462e-01   1.0000000e+00
   2.4800000e+00   7.0244465e-01   1.0000000e+00
   2.5000000e+00   6.9999873e-01   1.0000000e+00
   2.5200000e+00   6.9732684e-01   1.0000000e+00
   2.5400000e+00   6.9565530e-01   1.0000000e+00
   2.5600000e+00   6.9363446e-01   1.0000000e+00
   2.5800000e+00   6.9126431e-01   1.0000000e+00
   2.6000000e+00   6.8912611e-01   1.0000000e+00
   2.6200000e+00   6.8718036e-01   1.0000000e+00
   2.6400000e+00   6.8542705e-01   1.0000000e+00
   2.6600000e+00   6.8332306e-01   1.0000000e+00
   2.6800000e+00   6.8146949e-01   1.0000000e+00
   2.7000000e+00   6.7986636e-01   1.0000000e+00
   2.7200000e+00   6.7826323e-01   1.0000000e+00
   2.7400000e+00   6.7649282e-01   1.0000000e+00
   2.7600000e+00   6.7455512e-01   1.0000000e+00
   2.7800000e+00   6.7263551e-01   1.0000000e+00
   2.8000000e+00   6.7082353e-01   1.0000000e+00
   2.8200000e+00   6.6911916e-01   1.0000000e+00
   2.8400000e+00   6.6698165e-01   1.0000000e+00
   2.8600000e+00   6.6510362e-01   1.0000000e+00
   2.8800000e+00   6.6348506e-01   1.0000000e+00
   2.9000000e+00   6.6188193e-01   1.0000000e+00
   2.9200000e+00   6.6042160e-01   1.0000000e+00
   2.9400000e+00   6.5910409e-01   1.0000000e+00
   2.9600000e+00   6.5786638e-01   1.0000000e+00
   2.9800000e+00   6.5644596e-01   1.0000000e+00
   3.0000000e+00   6.5484283e-01   1.0000000e+00
   3.0200000e+00   6.5323970e-01   1.0000000e+00
   3.0400000e+00   6.5140157e-01   1.0000000e+00
   3.0600000e+00   6.4932844e-01   1.0000000e+00
   3.0800000e+00   6.4719093e-01   1.0000000e+00
   3.1000000e+00   6.4493509e-01   1.0000000e+00
   3.1200000e+00   6.4256091e-01   1.0000000e+00
   3.1400000e+00   6.4012904e-01   1.0000000e+00
   3.1600000e+00   6.3810986e-01   1.0000000e+00
   3.1800000e+00   6.3650339e-01   1.0000000e+00
   3.2000000e+00   6.3436588e-01   1.0000000e+00
   3.2200000e+00   6.3222838e-01   1.0000000e+00
   3.2400000e+00   6.3009087e-01   1.0000000e+00
   3.2600000e+00   6.2795336e-01   1.0000000e+00
   3.2800000e+00   6.2600357e-01   1.0000000e+00
   3.3000000e+00   6.2424152e-01   1.0000000e+00
   3.3200000e+00   6.2317276e-01   1.0000000e+00
   3.3400000e+00   6.2210401e-01   1.0000000e+00
   3.3600000e+00   6.2103525e-01   1.0000000e+00
   3.3800000e+00   6.2094404e-01   1.0000000e+00
