   6.0000000e-01   9.3887274e-01   0.0000000e+00
   6.2000000e-01   9.1740448e-01   0.0000000e+00
   6.4000000e-01   8.9401426e-01   0.0000000e+00
   6.6000000e-01   8.6870206e-01   0.0000000e+00
   6.8000000e-01   8.4786136e-01   0.0000000e+00
   7.0000000e-01   8.2861406e-01   0.0000000e+00
   7.2000000e-01   8.1096015e-01   0.0000000e+00
   7.4000000e-01   7.9386009e-01   0.0000000e+00
   7.6000000e-01   7.7809159e-01   0.0000000e+00
   7.8000000e-01   7.6365466e-01   0.0000000e+00
   8.0000000e-01   7.5307238e-01   0.0000000e+00
   8.2000000e-01   7.4270466e-01   0.0000000e+00
   8.4000000e-01   7.3255150e-01   0.0000000e+00
   8.6000000e-01   7.2501321e-01   0.0000000e+00
   8.8000000e-01   7.1790974e-01   0.0000000e+00
   9.0000000e-01   7.1124109e-01   0.0000000e+00
   9.2000000e-01   7.0511821e-01   0.0000000e+00
   9.4000000e-01   6.9920419e-01   0.0000000e+00
   9.6000000e-01   6.9349902e-01   0.0000000e+00
   9.8000000e-01   6.8821157e-01   0.0000000e+00
   1.0000000e+00   6.8316315e-01   0.0000000e+00
   1.0200000e+00   6.7835375e-01   0.0000000e+00
   1.0400000e+00   6.7401839e-01   0.0000000e+00
   1.0600000e+00   6.6989188e-01   0.0000000e+00
   1.0800000e+00   6.6597423e-01   0.0000000e+00
   1.1000000e+00   6.6175219e-01   0.0000000e+00
   1.1200000e+00   6.5736051e-01   0.0000000e+00
   1.1400000e+00   6.5279919e-01   0.0000000e+00
   1.1600000e+00   6.4905118e-01   0.0000000e+00
   1.1800000e+00   6.4503966e-01   0.0000000e+00
   1.2000000e+00   6.4076465e-01   0.0000000e+00
   1.2200000e+00   6.3648963e-01   0.0000000e+00
   1.2400000e+00   6.3221461e-01   0.0000000e+00
   1.2600000e+00   6.2793960e-01   0.0000000e+00
   1.2800000e+00   6.2366458e-01   0.0000000e+00
   1.3000000e+00   6.1938957e-01   0.0000000e+00
   1.3200000e+00   6.1511455e-01   0.0000000e+00
   1.3400000e+00   6.1083953e-01   0.0000000e+00
   1.3600000e+00   6.0681092e-01   0.0000000e+00
   1.3800000e+00   6.0302870e-01   0.0000000e+00
   1.4000000e+00   5.9928806e-01   0.0000000e+00
   1.4200000e+00   5.9554742e-01   0.0000000e+00
   1.4400000e+00   5.9180678e-01   0.0000000e+00
   1.4600000e+00   5.8820895e-01   0.0000000e+00
   1.4800000e+00   5.8480691e-01   0.0000000e+00
   1.5000000e+00   5.8160064e-01   0.0000000e+00
   1.5200000e+00   5.7839438e-01   0.0000000e+00
   1.5400000e+00   5.7518812e-01   0.0000000e+00
   1.5600000e+00   5.7198186e-01   0.0000000e+00
   1.5800000e+00   5.6910279e-01   0.0000000e+00
   1.6000000e+00   5.6632731e-01   0.0000000e+00
   1.6200000e+00   5.6365542e-01   0.0000000e+00
   1.6400000e+00   5.6098354e-01   0.0000000e+00
   1.6600000e+00   5.5831165e-01   0.0000000e+00
   1.6800000e+00   5.5563977e-01   0.0000000e+00
   1.7000000e+00   5.5347946e-01   0.0000000e+00
   1.7200000e+00   5.5133055e-01   0.0000000e+00
   1.7400000e+00   5.4919304e-01   0.0000000e+00
   1.7600000e+00   5.4705553e-01   0.0000000e+00
   1.7800000e+00   5.4491802e-01   0.0000000e+00
   1.8000000e+00   5.4278052e-01   0.0000000e+00
   1.8200000e+00   5.4064301e-01   0.0000000e+00
   1.8400000e+00   5.3850550e-01   0.0000000e+00
   1.8600000e+00   5.3636799e-01   0.0000000e+00
   1.8800000e+00   5.3423048e-01   0.0000000e+00
   1.9000000e+00   5.3209297e-01   0.0000000e+00
   1.9200000e+00   5.2995547e-01   0.0000000e+00
   1.9400000e+00   5.2781796e-01   0.0000000e+00
   1.9600000e+00   5.2568045e-01   0.0000000e+00
   1.9800000e+00   5.2354294e-01   0.0000000e+00
   2.0000000e+00   5.2140543e-01   0.0000000e+00
   2.0200000e+00   5.1953310e-01   0.0000000e+00
   2.0400000e+00   5.1792594e-01   0.0000000e+00
   2.0600000e+00   5.1590913e-01   0.0000000e+00
   2.0800000e+00   5.1383196e-01   0.0000000e+00
   2.1000000e+00   5.1169446e-01   0.0000000e+00
   2.1200000e+00   5.0955695e-01   0.0000000e+00
   2.1400000e+00   5.0745128e-01   0.0000000e+00
   2.1600000e+00   5.0537747e-01   0.0000000e+00
   2.1800000e+00   5.0377433e-01   0.0000000e+00
   2.2000000e+00   5.0193050e-01   0.0000000e+00
   2.2200000e+00   4.9984597e-01   0.0000000e+00
   2.2400000e+00   4.9734373e-01   0.0000000e+00
   2.2600000e+00   4.9500473e-01   0.0000000e+00
   2.2800000e+00   4.9282899e-01   0.0000000e+00
   2.3000000e+00   4.9109445e-01   0.0000000e+00
   2.3200000e+00   4.8916580e-01   0.0000000e+00
   2.3400000e+00   4.8704303e-01   0.0000000e+00
   2.3600000e+00   4.8543990e-01   0.0000000e+00
   2.3800000e+00   4.8383677e-01   0.0000000e+00
   2.4000000e+00   4.8223364e-01   0.0000000e+00
   2.4200000e+00   4.8094630e-01   0.0000000e+00
   2.4400000e+00   4.7956913e-01   0.0000000e+00
   2.4600000e+00   4.7810212e-01   0.0000000e+00
   2.4800000e+00   4.7612954e-01   0.0000000e+00
   2.5000000e+00   4.7460886e-01   0.0000000e+00
   2.5200000e+00   4.7354011e-01   0.0000000e+00
   2.5400000e+00   4.7197118e-01   0.0000000e+00
   2.5600000e+00   4.7038515e-01   0.0000000e+00
   2.5800000e+00   4.6878202e-01   0.0000000e+00
   2.6000000e+00   4.6691205e-01   0.0000000e+00
   2.6200000e+00   4.6498340e-01   0.0000000e+00
   2.6400000e+00   4.6299607e-01   0.0000000e+00
   2.6600000e+00   4.6139294e-01   0.0000000e+00
   2.6800000e+00   4.5978981e-01   0.0000000e+00
   2.7000000e+00   4.5818667e-01   0.0000000e+00
   2.7200000e+00   4.5613232e-01   0.0000000e+00
   2.7400000e+00   4.5437095e-01   0.0000000e+00
   2.7600000e+00   4.5290256e-01   0.0000000e+00
   2.7800000e+00   4.5139801e-01   0.0000000e+00
   2.8000000e+00   4.4967822e-01   0.0000000e+00
   2.8200000e+00   4.4774317e-01   0.0000000e+00
   2.8400000e+00   4.4667442e-01   0.0000000e+00
   2.8600000e+00   4.4560567e-01   0.0000000e+00
   2.8800000e+00   4.4453691e-01   0.0000000e+00
   2.9000000e+00   4.4266360e-01   0.0000000e+00
   2.9200000e+00   4.4108661e-01   0.0000000e+00
   2.9400000e+00   4.3980595e-01   0.0000000e+00
   2.9600000e+00   4.3893367e-01   0.0000000e+00
   2.9800000e+00   4.3772211e-01   0.0000000e+00
   3.0000000e+00   4.3617126e-01   0.0000000e+00
   3.0200000e+00   4.3510251e-01   0.0000000e+00
   3.0400000e+00   4.3403375e-01   0.0000000e+00
   3.0600000e+00   4.3296500e-01   0.0000000e+00
   3.0800000e+00   4.3189625e-01   0.0000000e+00
   3.1000000e+00   4.3094583e-01   0.0000000e+00
   3.1200000e+00   4.3011374e-01   0.0000000e+00
   3.1400000e+00   4.2945936e-01   0.0000000e+00
   3.1600000e+00   4.2859779e-01   0.0000000e+00
   3.1800000e+00   4.2752904e-01   0.0000000e+00
   3.2000000e+00   4.2646028e-01   0.0000000e+00
   3.2200000e+00   4.2560206e-01   0.0000000e+00
   3.2400000e+00   4.2495436e-01   0.0000000e+00
   3.2600000e+00   4.2441998e-01   0.0000000e+00
   3.2800000e+00   4.2397947e-01   0.0000000e+00
   3.3000000e+00   4.2363281e-01   0.0000000e+00
   3.3200000e+00   4.2349069e-01   0.0000000e+00
   3.3400000e+00   4.2288526e-01   0.0000000e+00
   3.3600000e+00   4.2181650e-01   0.0000000e+00
   3.3800000e+00   4.2123652e-01   0.0000000e+00
   3.4000000e+00   4.2049329e-01   0.0000000e+00
   3.4200000e+00   4.1958680e-01   0.0000000e+00
   3.4400000e+00   4.1851805e-01   0.0000000e+00
   3.4600000e+00   4.1744929e-01   0.0000000e+00
   3.4800000e+00   4.1638054e-01   0.0000000e+00
   3.5000000e+00   4.1531179e-01   0.0000000e+00
   3.5200000e+00   4.1424303e-01   0.0000000e+00
   3.5400000e+00   4.1317428e-01   0.0000000e+00
   3.5600000e+00   4.1254535e-01   0.0000000e+00
   3.5800000e+00   4.1180212e-01   0.0000000e+00
   3.6000000e+00   4.1094458e-01   0.0000000e+00
   3.6200000e+00   4.1008232e-01   0.0000000e+00
   3.6400000e+00   4.0938400e-01   0.0000000e+00
   3.6600000e+00   4.0884963e-01   0.0000000e+00
   3.6800000e+00   4.0831525e-01   0.0000000e+00
   3.7000000e+00   4.0803464e-01   0.0000000e+00
   3.7200000e+00   4.0800781e-01   0.0000000e+00
   3.7400000e+00   4.0800781e-01   0.0000000e+00
   3.7600000e+00   4.0814492e-01   0.0000000e+00
   3.7800000e+00   4.0841913e-01   0.0000000e+00
   2.0000000e+00   7.6288961e-01   1.0000000e+00
   2.0200000e+00   7.6048289e-01   1.0000000e+00
   2.0400000e+00   7.5834136e-01   1.0000000e+00
   2.0600000e+00   7.5537648e-01   1.0000000e+00
   2.0800000e+00   7.5243942e-01   1.0000000e+00
   2.1000000e+00   7.4953018e-01   1.0000000e+00
   2.1200000e+00   7.4685829e-01   1.0000000e+00
   2.1400000e+00   7.4418641e-01   1.0000000e+00
   2.1600000e+00   7.4151452e-01   1.0000000e+00
   2.1800000e+00   7.3884264e-01   1.0000000e+00
   2.2000000e+00   7.3617075e-01   1.0000000e+00
   2.2200000e+00   7.3349887e-01   1.0000000e+00
   2.2400000e+00   7.3119172e-01   1.0000000e+00
   2.2600000e+00   7.2896939e-01   1.0000000e+00
   2.2800000e+00   7.2683188e-01   1.0000000e+00
   2.3000000e+00   7.2482578e-01   1.0000000e+00
   2.3200000e+00   7.2300642e-01   1.0000000e+00
   2.3400000e+00   7.2137381e-01   1.0000000e+00
   2.3600000e+00   7.1870192e-01   1.0000000e+00
   2.3800000e+00   7.1624626e-01   1.0000000e+00
   2.4000000e+00   7.1400683e-01   1.0000000e+00
   2.4200000e+00   7.1155354e-01   1.0000000e+00
   2.4400000e+00   7.0909051e-01   1.0000000e+00
   2.4600000e+00   7.0661775e-01   1.0000000e+00
   2.4800000e+00   7.0439778e-01   1.0000000e+00
   2.5000000e+00   7.0195185e-01   1.0000000e+00
   2.5200000e+00   6.9927997e-01   1.0000000e+00
   2.5400000e+00   6.9760843e-01   1.0000000e+00
   2.5600000e+00   6.9616285e-01   1.0000000e+00
   2.5800000e+00   6.9494322e-01   1.0000000e+00
   2.6000000e+00   6.9334078e-01   1.0000000e+00
   2.6200000e+00   6.9162099e-01   1.0000000e+00
   2.6400000e+00   6.8978384e-01   1.0000000e+00
   2.6600000e+00   6.8864805e-01   1.0000000e+00
   2.6800000e+00   6.8701141e-01   1.0000000e+00
   2.7000000e+00   6.8487390e-01   1.0000000e+00
   2.7200000e+00   6.8318762e-01   1.0000000e+00
   2.7400000e+00   6.8137563e-01   1.0000000e+00
   2.7600000e+00   6.7943794e-01   1.0000000e+00
   2.7800000e+00   6.7730043e-01   1.0000000e+00
   2.8000000e+00   6.7516292e-01   1.0000000e+00
   2.8200000e+00   6.7302541e-01   1.0000000e+00
   2.8400000e+00   6.7088791e-01   1.0000000e+00
   2.8600000e+00   6.6926934e-01   1.0000000e+00
   2.8800000e+00   6.6816972e-01   1.0000000e+00
   2.9000000e+00   6.6669869e-01   1.0000000e+00
   2.9200000e+00   6.6516161e-01   1.0000000e+00
   2.9400000e+00   6.6355848e-01   1.0000000e+00
   2.9600000e+00   6.6195534e-01   1.0000000e+00
   2.9800000e+00   6.6032607e-01   1.0000000e+00
   3.0000000e+00   6.5867065e-01   1.0000000e+00
   3.0200000e+00   6.5653314e-01   1.0000000e+00
   3.0400000e+00   6.5463064e-01   1.0000000e+00
   3.0600000e+00   6.5296313e-01   1.0000000e+00
   3.0800000e+00   6.5100666e-01   1.0000000e+00
   3.1000000e+00   6.4895967e-01   1.0000000e+00
   3.1200000e+00   6.4682217e-01   1.0000000e+00
   3.1400000e+00   6.4480466e-01   1.0000000e+00
   3.1600000e+00   6.4299435e-01   1.0000000e+00
   3.1800000e+00   6.4139121e-01   1.0000000e+00
   3.2000000e+00   6.3978808e-01   1.0000000e+00
   3.2200000e+00   6.3818495e-01   1.0000000e+00
   3.2400000e+00   6.3658182e-01   1.0000000e+00
   3.2600000e+00   6.3558747e-01   1.0000000e+00
   3.2800000e+00   6.3472924e-01   1.0000000e+00
   3.3000000e+00   6.3400714e-01   1.0000000e+00
   3.3200000e+00   6.3300945e-01   1.0000000e+00
   3.3400000e+00   6.3224341e-01   1.0000000e+00
   3.3600000e+00   6.3170903e-01   1.0000000e+00
   3.3800000e+00   6.3068588e-01   1.0000000e+00
   3.4000000e+00   6.2982599e-01   1.0000000e+00
   3.4200000e+00   6.2912934e-01   1.0000000e+00
   3.4400000e+00   6.2833952e-01   1.0000000e+00
   3.4600000e+00   6.2747962e-01   1.0000000e+00
   3.4800000e+00   6.2654965e-01   1.0000000e+00
   3.5000000e+00   6.2599315e-01   1.0000000e+00
   3.5200000e+00   6.2518053e-01   1.0000000e+00
   3.5400000e+00   6.2411178e-01   1.0000000e+00
   3.5600000e+00   6.2304302e-01   1.0000000e+00
   3.5800000e+00   6.2213585e-01   1.0000000e+00
   3.6000000e+00   6.2139026e-01   1.0000000e+00
