   6.0000000e-01   9.5896716e-01   0.0000000e+00
   6.2000000e-01   9.4214338e-01   0.0000000e+00
   6.4000000e-01   9.2150151e-01   0.0000000e+00
   6.6000000e-01   8.9704154e-01   0.0000000e+00
   6.8000000e-01   8.6711643e-01   0.0000000e+00
   7.0000000e-01   8.4015049e-01   0.0000000e+00
   7.2000000e-01   8.1614372e-01   0.0000000e+00
   7.4000000e-01   7.9418128e-01   0.0000000e+00
   7.6000000e-01   7.7428795e-01   0.0000000e+00
   7.8000000e-01   7.5646372e-01   0.0000000e+00
   8.0000000e-01   7.4279656e-01   0.0000000e+00
   8.2000000e-01   7.2741295e-01   0.0000000e+00
   8.4000000e-01   7.1031289e-01   0.0000000e+00
   8.6000000e-01   6.9635067e-01   0.0000000e+00
   8.8000000e-01   6.8242267e-01   0.0000000e+00
   9.0000000e-01   6.6852886e-01   0.0000000e+00
   9.2000000e-01   6.5753153e-01   0.0000000e+00
   9.4000000e-01   6.4801731e-01   0.0000000e+00
   9.6000000e-01   6.3998623e-01   0.0000000e+00
   9.8000000e-01   6.3298301e-01   0.0000000e+00
   1.0000000e+00   6.2574076e-01   0.0000000e+00
   1.0200000e+00   6.1825948e-01   0.0000000e+00
   1.0400000e+00   6.1077820e-01   0.0000000e+00
   1.0600000e+00   6.0383297e-01   0.0000000e+00
   1.0800000e+00   5.9742379e-01   0.0000000e+00
   1.1000000e+00   5.9130494e-01   0.0000000e+00
   1.1200000e+00   5.8516329e-01   0.0000000e+00
   1.1400000e+00   5.7899884e-01   0.0000000e+00
   1.1600000e+00   5.7364770e-01   0.0000000e+00
   1.1800000e+00   5.6803305e-01   0.0000000e+00
   1.2000000e+00   5.6215490e-01   0.0000000e+00
   1.2200000e+00   5.5712692e-01   0.0000000e+00
   1.2400000e+00   5.5220824e-01   0.0000000e+00
   1.2600000e+00   5.4739884e-01   0.0000000e+00
   1.2800000e+00   5.4297296e-01   0.0000000e+00
   1.3000000e+00   5.3885215e-01   0.0000000e+00
   1.3200000e+00   5.3503642e-01   0.0000000e+00
   1.3400000e+00   5.3076141e-01   0.0000000e+00
   1.3600000e+00   5.2673279e-01   0.0000000e+00
   1.3800000e+00   5.2295058e-01   0.0000000e+00
   1.4000000e+00   5.1920994e-01   0.0000000e+00
   1.4200000e+00   5.1572877e-01   0.0000000e+00
   1.4400000e+00   5.1250708e-01   0.0000000e+00
   1.4600000e+00   5.0983519e-01   0.0000000e+00
   1.4800000e+00   5.0715024e-01   0.0000000e+00
   1.5000000e+00   5.0445221e-01   0.0000000e+00
   1.5200000e+00   5.0124595e-01   0.0000000e+00
   1.5400000e+00   4.9848354e-01   0.0000000e+00
   1.5600000e+00   4.9616499e-01   0.0000000e+00
   1.5800000e+00   4.9402748e-01   0.0000000e+00
   1.6000000e+00   4.9188997e-01   0.0000000e+00
   1.6200000e+00   4.8975246e-01   0.0000000e+00
   1.6400000e+00   4.8761496e-01   0.0000000e+00
   1.6600000e+00   4.8547745e-01   0.0000000e+00
   1.6800000e+00   4.8333994e-01   0.0000000e+00
   1.7000000e+00   4.8069086e-01   0.0000000e+00
   1.7200000e+00   4.7862274e-01   0.0000000e+00
   1.7400000e+00   4.7713558e-01   0.0000000e+00
   1.7600000e+00   4.7551034e-01   0.0000000e+00
   1.7800000e+00   4.7362896e-01   0.0000000e+00
   1.8000000e+00   4.7149145e-01   0.0000000e+00
   1.8200000e+00   4.6939886e-01   0.0000000e+00
   1.8400000e+00   4.6755100e-01   0.0000000e+00
   1.8600000e+00   4.6594787e-01   0.0000000e+00
   1.8800000e+00   4.6434474e-01   0.0000000e+00
   1.9000000e+00   4.6274161e-01   0.0000000e+00
   1.9200000e+00   4.6113847e-01   0.0000000e+00
   1.9400000e+00   4.5976464e-01   0.0000000e+00
   1.9600000e+00   4.5854335e-01   0.0000000e+00
   1.9800000e+00   4.5747460e-01   0.0000000e+00
   2.0000000e+00   4.5640584e-01   0.0000000e+00
   2.0200000e+00   4.5533709e-01   0.0000000e+00
   2.0400000e+00   4.5426833e-01   0.0000000e+00
   2.0600000e+00   4.5278590e-01   0.0000000e+00
   2.0800000e+00   4.5139162e-01   0.0000000e+00
   2.1000000e+00   4.5008551e-01   0.0000000e+00
   2.1200000e+00   4.4919711e-01   0.0000000e+00
   2.1400000e+00   4.4848572e-01   0.0000000e+00
   2.1600000e+00   4.4795134e-01   0.0000000e+00
   2.1800000e+00   4.4741697e-01   0.0000000e+00
   2.2000000e+00   4.4664189e-01   0.0000000e+00
   2.2200000e+00   4.4562611e-01   0.0000000e+00
   2.2400000e+00   4.4455736e-01   0.0000000e+00
   2.2600000e+00   4.4348860e-01   0.0000000e+00
   2.2800000e+00   4.4241985e-01   0.0000000e+00
   2.3000000e+00   4.4148250e-01   0.0000000e+00
   2.3200000e+00   4.4073927e-01   0.0000000e+00
   2.3400000e+00   4.4019015e-01   0.0000000e+00
   2.3600000e+00   4.3912139e-01   0.0000000e+00
   2.3800000e+00   4.3783641e-01   0.0000000e+00
   2.4000000e+00   4.3633520e-01   0.0000000e+00
   2.4200000e+00   4.3504786e-01   0.0000000e+00
   2.4400000e+00   4.3377025e-01   0.0000000e+00
   2.4600000e+00   4.3250237e-01   0.0000000e+00
   2.4800000e+00   4.3098170e-01   0.0000000e+00
   2.5000000e+00   4.2968699e-01   0.0000000e+00
   2.5200000e+00   4.2861824e-01   0.0000000e+00
   2.5400000e+00   4.2754948e-01   0.0000000e+00
   2.5600000e+00   4.2648073e-01   0.0000000e+00
   2.5800000e+00   4.2541197e-01   0.0000000e+00
   2.6000000e+00   4.2461006e-01   0.0000000e+00
   2.6200000e+00   4.2386683e-01   0.0000000e+00
   2.6400000e+00   4.2318227e-01   0.0000000e+00
   2.6600000e+00   4.2211352e-01   0.0000000e+00
   2.6800000e+00   4.2104477e-01   0.0000000e+00
   2.7000000e+00   4.1997601e-01   0.0000000e+00
   2.7200000e+00   4.1890726e-01   0.0000000e+00
   2.7400000e+00   4.1817307e-01   0.0000000e+00
   2.7600000e+00   4.1777344e-01   0.0000000e+00
   2.7800000e+00   4.1733764e-01   0.0000000e+00
   2.8000000e+00   4.1663598e-01   0.0000000e+00
   2.8200000e+00   4.1566846e-01   0.0000000e+00
   2.8400000e+00   4.1513409e-01   0.0000000e+00
   2.8600000e+00   4.1485918e-01   0.0000000e+00
   2.8800000e+00   4.1484375e-01   0.0000000e+00
   2.9000000e+00   4.1444147e-01   0.0000000e+00
   2.9200000e+00   4.1397314e-01   0.0000000e+00
   2.9400000e+00   4.1343876e-01   0.0000000e+00
   2.9600000e+00   4.1273543e-01   0.0000000e+00
   2.9800000e+00   4.1190168e-01   0.0000000e+00
   3.0000000e+00   4.1093750e-01   0.0000000e+00
   3.0200000e+00   4.1093750e-01   0.0000000e+00
   3.0400000e+00   4.1093750e-01   0.0000000e+00
   3.0600000e+00   4.1093750e-01   0.0000000e+00
   3.0800000e+00   4.1058417e-01   0.0000000e+00
   3.1000000e+00   4.1014031e-01   0.0000000e+00
   3.1200000e+00   4.0960593e-01   0.0000000e+00
   3.1400000e+00   4.0919156e-01   0.0000000e+00
   3.1600000e+00   4.0898438e-01   0.0000000e+00
   3.1800000e+00   4.0898438e-01   0.0000000e+00
   3.2000000e+00   4.0898438e-01   0.0000000e+00
   3.2200000e+00   4.0940543e-01   0.0000000e+00
   3.2400000e+00   4.1024754e-01   0.0000000e+00
   3.2600000e+00   4.1162068e-01   0.0000000e+00
   3.2800000e+00   4.1292109e-01   0.0000000e+00
   3.3000000e+00   4.1414877e-01   0.0000000e+00
   3.3200000e+00   4.1475421e-01   0.0000000e+00
   3.3400000e+00   4.1559131e-01   0.0000000e+00
   3.3600000e+00   4.1666006e-01   0.0000000e+00
   3.3800000e+00   4.1772881e-01   0.0000000e+00
   3.4000000e+00   4.1879757e-01   0.0000000e+00
   3.4200000e+00   4.1986632e-01   0.0000000e+00
   3.4400000e+00   4.2093508e-01   0.0000000e+00
   3.4600000e+00   4.2200383e-01   0.0000000e+00
   3.4800000e+00   4.2307258e-01   0.0000000e+00
   3.5000000e+00   4.2414134e-01   0.0000000e+00
   3.5200000e+00   4.2521009e-01   0.0000000e+00
   3.5400000e+00   4.2627885e-01   0.0000000e+00
   3.5600000e+00   4.2734760e-01   0.0000000e+00
   3.5800000e+00   4.2777003e-01   0.0000000e+00
   3.6000000e+00   4.2754614e-01   0.0000000e+00
   3.6200000e+00   4.2647739e-01   0.0000000e+00
   3.6400000e+00   4.2545355e-01   0.0000000e+00
   3.6600000e+00   4.2447463e-01   0.0000000e+00
   3.6800000e+00   4.2394025e-01   0.0000000e+00
   3.7000000e+00   4.2340587e-01   0.0000000e+00
   3.7200000e+00   4.2287150e-01   0.0000000e+00
   3.7400000e+00   4.2350976e-01   0.0000000e+00
   2.0100000e+00   7.1175502e-01   1.0000000e+00
   2.0300000e+00   7.0801841e-01   1.0000000e+00
   2.0500000e+00   7.0448663e-01   1.0000000e+00
   2.0700000e+00   7.0115967e-01   1.0000000e+00
   2.0900000e+00   6.9795341e-01   1.0000000e+00
   2.1100000e+00   6.9483732e-01   1.0000000e+00
   2.1300000e+00   6.9181141e-01   1.0000000e+00
   2.1500000e+00   6.8920322e-01   1.0000000e+00
   2.1700000e+00   6.8683037e-01   1.0000000e+00
   2.1900000e+00   6.8469286e-01   1.0000000e+00
   2.2100000e+00   6.8207395e-01   1.0000000e+00
   2.2300000e+00   6.7961092e-01   1.0000000e+00
   2.2500000e+00   6.7730377e-01   1.0000000e+00
   2.2700000e+00   6.7516626e-01   1.0000000e+00
   2.2900000e+00   6.7309446e-01   1.0000000e+00
   2.3100000e+00   6.7108836e-01   1.0000000e+00
   2.3300000e+00   6.6947048e-01   1.0000000e+00
   2.3500000e+00   6.6759279e-01   1.0000000e+00
   2.3700000e+00   6.6545528e-01   1.0000000e+00
   2.3900000e+00   6.6375023e-01   1.0000000e+00
   2.4100000e+00   6.6209614e-01   1.0000000e+00
   2.4300000e+00   6.6049301e-01   1.0000000e+00
   2.4500000e+00   6.5888988e-01   1.0000000e+00
   2.4700000e+00   6.5724551e-01   1.0000000e+00
   2.4900000e+00   6.5555992e-01   1.0000000e+00
   2.5100000e+00   6.5342241e-01   1.0000000e+00
   2.5300000e+00   6.5128491e-01   1.0000000e+00
   2.5500000e+00   6.4914740e-01   1.0000000e+00
   2.5700000e+00   6.4739340e-01   1.0000000e+00
   2.5900000e+00   6.4558141e-01   1.0000000e+00
   2.6100000e+00   6.4371144e-01   1.0000000e+00
   2.6300000e+00   6.4172411e-01   1.0000000e+00
   2.6500000e+00   6.3991212e-01   1.0000000e+00
   2.6700000e+00   6.3827547e-01   1.0000000e+00
   2.6900000e+00   6.3613797e-01   1.0000000e+00
   2.7100000e+00   6.3400046e-01   1.0000000e+00
   2.7300000e+00   6.3186295e-01   1.0000000e+00
   2.7500000e+00   6.3006000e-01   1.0000000e+00
   2.7700000e+00   6.2824802e-01   1.0000000e+00
   2.7900000e+00   6.2642699e-01   1.0000000e+00
   2.8100000e+00   6.2428948e-01   1.0000000e+00
   2.8300000e+00   6.2215197e-01   1.0000000e+00
   2.8500000e+00   6.2001446e-01   1.0000000e+00
   2.8700000e+00   6.1839590e-01   1.0000000e+00
   2.8900000e+00   6.1698619e-01   1.0000000e+00
   2.9100000e+00   6.1578534e-01   1.0000000e+00
   2.9300000e+00   6.1443097e-01   1.0000000e+00
   2.9500000e+00   6.1303670e-01   1.0000000e+00
   2.9700000e+00   6.1160252e-01   1.0000000e+00
   2.9900000e+00   6.1053377e-01   1.0000000e+00
   3.0100000e+00   6.0946501e-01   1.0000000e+00
   3.0300000e+00   6.0839626e-01   1.0000000e+00
   3.0500000e+00   6.0638750e-01   1.0000000e+00
   3.0700000e+00   6.0466771e-01   1.0000000e+00
   3.0900000e+00   6.0323687e-01   1.0000000e+00
   3.1100000e+00   6.0216812e-01   1.0000000e+00
   3.1300000e+00   6.0109936e-01   1.0000000e+00
   3.1500000e+00   6.0003061e-01   1.0000000e+00
   3.1700000e+00   5.9896185e-01   1.0000000e+00
   3.1900000e+00   5.9789310e-01   1.0000000e+00
   3.2100000e+00   5.9682435e-01   1.0000000e+00
   3.2300000e+00   5.9491348e-01   1.0000000e+00
   3.2500000e+00   5.9304149e-01   1.0000000e+00
   3.2700000e+00   5.9120838e-01   1.0000000e+00
   3.2900000e+00   5.8960524e-01   1.0000000e+00
   3.3100000e+00   5.8803764e-01   1.0000000e+00
   3.3300000e+00   5.8650557e-01   1.0000000e+00
   3.3500000e+00   5.8543682e-01   1.0000000e+00
   3.3700000e+00   5.8387929e-01   1.0000000e+00
   3.3900000e+00   5.8183299e-01   1.0000000e+00
   3.4100000e+00   5.8043970e-01   1.0000000e+00
   3.4300000e+00   5.7933640e-01   1.0000000e+00
   3.4500000e+00   5.7852309e-01   1.0000000e+00
   3.4700000e+00   5.7784993e-01   1.0000000e+00
   3.4900000e+00   5.7697898e-01   1.0000000e+00
   3.5100000e+00   5.7591022e-01   1.0000000e+00
   3.5300000e+00   5.7484147e-01   1.0000000e+00
   2.5000000e+00   7.9042816e-01   2.0000000e+00
   2.5200000e+00   7.8722190e-01   2.0000000e+00
   2.5400000e+00   7.8351546e-01   2.0000000e+00
   2.5600000e+00   7.7979192e-01   2.0000000e+00
   2.5800000e+00   7.7605128e-01   2.0000000e+00
   2.6000000e+00   7.7311118e-01   2.0000000e+00
   2.6200000e+00   7.7057237e-01   2.0000000e+00
   2.6400000e+00   7.6843486e-01   2.0000000e+00
   2.6600000e+00   7.6633087e-01   2.0000000e+00
   2.6800000e+00   7.6447731e-01   2.0000000e+00
   2.7000000e+00   7.6287417e-01   2.0000000e+00
   2.7200000e+00   7.5901491e-01   2.0000000e+00
   2.7400000e+00   7.5544961e-01   2.0000000e+00
   2.7600000e+00   7.5217828e-01   2.0000000e+00
   2.7800000e+00   7.4928850e-01   2.0000000e+00
   2.8000000e+00   7.4629109e-01   2.0000000e+00
   2.8200000e+00   7.4318606e-01   2.0000000e+00
   2.8400000e+00   7.4051418e-01   2.0000000e+00
   2.8600000e+00   7.3862071e-01   2.0000000e+00
   2.8800000e+00   7.3750566e-01   2.0000000e+00
   2.9000000e+00   7.3603463e-01   2.0000000e+00
   2.9200000e+00   7.3449754e-01   2.0000000e+00
   2.9400000e+00   7.3289441e-01   2.0000000e+00
   2.9600000e+00   7.3162919e-01   2.0000000e+00
   2.9800000e+00   7.3070324e-01   2.0000000e+00
   3.0000000e+00   7.3011658e-01   2.0000000e+00
   3.0200000e+00   7.2904782e-01   2.0000000e+00
   3.0400000e+00   7.2727407e-01   2.0000000e+00
   3.0600000e+00   7.2479532e-01   2.0000000e+00
   3.0800000e+00   7.2283010e-01   2.0000000e+00
   3.1000000e+00   7.2104593e-01   2.0000000e+00
   3.1200000e+00   7.1944280e-01   2.0000000e+00
   3.1400000e+00   7.1807968e-01   2.0000000e+00
   3.1600000e+00   7.1712926e-01   2.0000000e+00
   3.1800000e+00   7.1659154e-01   2.0000000e+00
   3.2000000e+00   7.1552279e-01   2.0000000e+00
   3.2200000e+00   7.1424350e-01   2.0000000e+00
   3.2400000e+00   7.1275370e-01   2.0000000e+00
   3.2600000e+00   7.1084618e-01   2.0000000e+00
   3.2800000e+00   7.0891753e-01   2.0000000e+00
   3.3000000e+00   7.0696774e-01   2.0000000e+00
   3.3200000e+00   7.0543567e-01   2.0000000e+00
   3.3400000e+00   7.0413526e-01   2.0000000e+00
   3.3600000e+00   7.0306650e-01   2.0000000e+00
   3.3800000e+00   7.0150898e-01   2.0000000e+00
   3.4000000e+00   7.0011470e-01   2.0000000e+00
   3.4200000e+00   6.9888368e-01   2.0000000e+00
   3.4400000e+00   6.9755948e-01   2.0000000e+00
   3.4600000e+00   6.9616521e-01   2.0000000e+00
   3.4800000e+00   6.9470085e-01   2.0000000e+00
   3.5000000e+00   6.9358787e-01   2.0000000e+00
