   6.0000000e-01   9.6116266e-01   0.0000000e+00
   6.2000000e-01   9.4532517e-01   0.0000000e+00
   6.4000000e-01   9.2492803e-01   0.0000000e+00
   6.6000000e-01   8.9997123e-01   0.0000000e+00
   6.8000000e-01   8.7004612e-01   0.0000000e+00
   7.0000000e-01   8.4330781e-01   0.0000000e+00
   7.2000000e-01   8.1975629e-01   0.0000000e+00
   7.4000000e-01   7.9832824e-01   0.0000000e+00
   7.6000000e-01   7.7874735e-01   0.0000000e+00
   7.8000000e-01   7.6101364e-01   0.0000000e+00
   8.0000000e-01   7.4691737e-01   0.0000000e+00
   8.2000000e-01   7.3131920e-01   0.0000000e+00
   8.4000000e-01   7.1421913e-01   0.0000000e+00
   8.6000000e-01   7.0025692e-01   0.0000000e+00
   8.8000000e-01   6.8632892e-01   0.0000000e+00
   9.0000000e-01   6.7243511e-01   0.0000000e+00
   9.2000000e-01   6.6143778e-01   0.0000000e+00
   9.4000000e-01   6.5175058e-01   0.0000000e+00
   9.6000000e-01   6.4337353e-01   0.0000000e+00
   9.8000000e-01   6.3547051e-01   0.0000000e+00
   1.0000000e+00   6.2804555e-01   0.0000000e+00
   1.0200000e+00   6.2109865e-01   0.0000000e+00
   1.0400000e+00   6.1367772e-01   0.0000000e+00
   1.0600000e+00   6.0694134e-01   0.0000000e+00
   1.0800000e+00   6.0088952e-01   0.0000000e+00
   1.1000000e+00   5.9530505e-01   0.0000000e+00
   1.1200000e+00   5.8957374e-01   0.0000000e+00
   1.1400000e+00   5.8369560e-01   0.0000000e+00
   1.1600000e+00   5.7783219e-01   0.0000000e+00
   1.1800000e+00   5.7249579e-01   0.0000000e+00
   1.2000000e+00   5.6768640e-01   0.0000000e+00
   1.2200000e+00   5.6287701e-01   0.0000000e+00
   1.2400000e+00   5.5791340e-01   0.0000000e+00
   1.2600000e+00   5.5279559e-01   0.0000000e+00
   1.2800000e+00   5.4802708e-01   0.0000000e+00
   1.3000000e+00   5.4369742e-01   0.0000000e+00
   1.3200000e+00   5.3980660e-01   0.0000000e+00
   1.3400000e+00   5.3499721e-01   0.0000000e+00
   1.3600000e+00   5.3092702e-01   0.0000000e+00
   1.3800000e+00   5.2759603e-01   0.0000000e+00
   1.4000000e+00   5.2363749e-01   0.0000000e+00
   1.4200000e+00   5.1990993e-01   0.0000000e+00
   1.4400000e+00   5.1641333e-01   0.0000000e+00
   1.4600000e+00   5.1359864e-01   0.0000000e+00
   1.4800000e+00   5.1060123e-01   0.0000000e+00
   1.5000000e+00   5.0742111e-01   0.0000000e+00
   1.5200000e+00   5.0474923e-01   0.0000000e+00
   1.5400000e+00   5.0229927e-01   0.0000000e+00
   1.5600000e+00   5.0007124e-01   0.0000000e+00
   1.5800000e+00   4.9760654e-01   0.0000000e+00
   1.6000000e+00   4.9514351e-01   0.0000000e+00
   1.6200000e+00   4.9268215e-01   0.0000000e+00
   1.6400000e+00   4.9054464e-01   0.0000000e+00
   1.6600000e+00   4.8840714e-01   0.0000000e+00
   1.6800000e+00   4.8626963e-01   0.0000000e+00
   1.7000000e+00   4.8413212e-01   0.0000000e+00
   1.7200000e+00   4.8219207e-01   0.0000000e+00
   1.7400000e+00   4.8044947e-01   0.0000000e+00
   1.7600000e+00   4.7884634e-01   0.0000000e+00
   1.7800000e+00   4.7716242e-01   0.0000000e+00
   1.8000000e+00   4.7539770e-01   0.0000000e+00
   1.8200000e+00   4.7326020e-01   0.0000000e+00
   1.8400000e+00   4.7112269e-01   0.0000000e+00
   1.8600000e+00   4.6898518e-01   0.0000000e+00
   1.8800000e+00   4.6731030e-01   0.0000000e+00
   1.9000000e+00   4.6567129e-01   0.0000000e+00
   1.9200000e+00   4.6406816e-01   0.0000000e+00
   1.9400000e+00   4.6246503e-01   0.0000000e+00
   1.9600000e+00   4.6091822e-01   0.0000000e+00
   1.9800000e+00   4.5942772e-01   0.0000000e+00
   2.0000000e+00   4.5835897e-01   0.0000000e+00
   2.0200000e+00   4.5702504e-01   0.0000000e+00
   2.0400000e+00   4.5542594e-01   0.0000000e+00
   2.0600000e+00   4.5423649e-01   0.0000000e+00
   2.0800000e+00   4.5310739e-01   0.0000000e+00
   2.1000000e+00   4.5203863e-01   0.0000000e+00
   2.1200000e+00   4.5096988e-01   0.0000000e+00
   2.1400000e+00   4.4993297e-01   0.0000000e+00
   2.1600000e+00   4.4892791e-01   0.0000000e+00
   2.1800000e+00   4.4839353e-01   0.0000000e+00
   2.2000000e+00   4.4785915e-01   0.0000000e+00
   2.2200000e+00   4.4732477e-01   0.0000000e+00
   2.2400000e+00   4.4642566e-01   0.0000000e+00
   2.2600000e+00   4.4544173e-01   0.0000000e+00
   2.2800000e+00   4.4437297e-01   0.0000000e+00
   2.3000000e+00   4.4330422e-01   0.0000000e+00
   2.3200000e+00   4.4224284e-01   0.0000000e+00
   2.3400000e+00   4.4118882e-01   0.0000000e+00
   2.3600000e+00   4.4065445e-01   0.0000000e+00
   2.3800000e+00   4.3990384e-01   0.0000000e+00
   2.4000000e+00   4.3893701e-01   0.0000000e+00
   2.4200000e+00   4.3786826e-01   0.0000000e+00
   2.4400000e+00   4.3679950e-01   0.0000000e+00
   2.4600000e+00   4.3573075e-01   0.0000000e+00
   2.4800000e+00   4.3466199e-01   0.0000000e+00
   2.5000000e+00   4.3359324e-01   0.0000000e+00
   2.5200000e+00   4.3252449e-01   0.0000000e+00
   2.5400000e+00   4.3145573e-01   0.0000000e+00
   2.5600000e+00   4.3038698e-01   0.0000000e+00
   2.5800000e+00   4.2931822e-01   0.0000000e+00
   2.6000000e+00   4.2824947e-01   0.0000000e+00
   2.6200000e+00   4.2718072e-01   0.0000000e+00
   2.6400000e+00   4.2611196e-01   0.0000000e+00
   2.6600000e+00   4.2507672e-01   0.0000000e+00
   2.6800000e+00   4.2429191e-01   0.0000000e+00
   2.7000000e+00   4.2375754e-01   0.0000000e+00
   2.7200000e+00   4.2277193e-01   0.0000000e+00
   2.7400000e+00   4.2191204e-01   0.0000000e+00
   2.7600000e+00   4.2117784e-01   0.0000000e+00
   2.7800000e+00   4.2064347e-01   0.0000000e+00
   2.8000000e+00   4.2005847e-01   0.0000000e+00
   2.8200000e+00   4.1942286e-01   0.0000000e+00
   2.8400000e+00   4.1835411e-01   0.0000000e+00
   2.8600000e+00   4.1754483e-01   0.0000000e+00
   2.8800000e+00   4.1699502e-01   0.0000000e+00
   2.9000000e+00   4.1686292e-01   0.0000000e+00
   2.9200000e+00   4.1651126e-01   0.0000000e+00
   2.9400000e+00   4.1594003e-01   0.0000000e+00
   2.9600000e+00   4.1520918e-01   0.0000000e+00
   2.9800000e+00   4.1484375e-01   0.0000000e+00
   3.0000000e+00   4.1484375e-01   0.0000000e+00
   3.0200000e+00   4.1484375e-01   0.0000000e+00
   3.0400000e+00   4.1460875e-01   0.0000000e+00
   3.0600000e+00   4.1413875e-01   0.0000000e+00
   3.0800000e+00   4.1395771e-01   0.0000000e+00
   3.1000000e+00   4.1410386e-01   0.0000000e+00
   3.1200000e+00   4.1457720e-01   0.0000000e+00
   3.1400000e+00   4.1561595e-01   0.0000000e+00
   3.1600000e+00   4.1660291e-01   0.0000000e+00
   3.1800000e+00   4.1753807e-01   0.0000000e+00
   3.2000000e+00   4.1847323e-01   0.0000000e+00
   3.2200000e+00   4.1940839e-01   0.0000000e+00
   3.2400000e+00   4.2034355e-01   0.0000000e+00
   3.2600000e+00   4.2127871e-01   0.0000000e+00
   3.2800000e+00   4.2221387e-01   0.0000000e+00
   3.3000000e+00   4.2314903e-01   0.0000000e+00
   3.3200000e+00   4.2408419e-01   0.0000000e+00
   3.3400000e+00   4.2501935e-01   0.0000000e+00
   3.3600000e+00   4.2595451e-01   0.0000000e+00
   3.3800000e+00   4.2688967e-01   0.0000000e+00
   3.4000000e+00   4.2782482e-01   0.0000000e+00
   3.4200000e+00   4.2875998e-01   0.0000000e+00
   3.4400000e+00   4.2924812e-01   0.0000000e+00
   3.4600000e+00   4.2942280e-01   0.0000000e+00
   3.4800000e+00   4.2928402e-01   0.0000000e+00
   3.5000000e+00   4.2879387e-01   0.0000000e+00
   3.5200000e+00   4.2881598e-01   0.0000000e+00
   3.5400000e+00   4.2935036e-01   0.0000000e+00
   3.5600000e+00   4.2988474e-01   0.0000000e+00
   2.0000000e+00   7.1531128e-01   1.0000000e+00
   2.0200000e+00   7.1237019e-01   1.0000000e+00
   2.0400000e+00   7.0969427e-01   1.0000000e+00
   2.0600000e+00   7.0660871e-01   1.0000000e+00
   2.0800000e+00   7.0346279e-01   1.0000000e+00
   2.1000000e+00   7.0025653e-01   1.0000000e+00
   2.1200000e+00   6.9705027e-01   1.0000000e+00
   2.1400000e+00   6.9387585e-01   1.0000000e+00
   2.1600000e+00   6.9073327e-01   1.0000000e+00
   2.1800000e+00   6.8806139e-01   1.0000000e+00
   2.2000000e+00   6.8538950e-01   1.0000000e+00
   2.2200000e+00   6.8271762e-01   1.0000000e+00
   2.2400000e+00   6.8041047e-01   1.0000000e+00
   2.2600000e+00   6.7806411e-01   1.0000000e+00
   2.2800000e+00   6.7567853e-01   1.0000000e+00
   2.3000000e+00   6.7340086e-01   1.0000000e+00
   2.3200000e+00   6.7171291e-01   1.0000000e+00
   2.3400000e+00   6.7061467e-01   1.0000000e+00
   2.3600000e+00   6.6847716e-01   1.0000000e+00
   2.3800000e+00   6.6677211e-01   1.0000000e+00
   2.4000000e+00   6.6549951e-01   1.0000000e+00
   2.4200000e+00   6.6379918e-01   1.0000000e+00
   2.4400000e+00   6.6207938e-01   1.0000000e+00
   2.4600000e+00   6.6034012e-01   1.0000000e+00
   2.4800000e+00   6.5910645e-01   1.0000000e+00
   2.5000000e+00   6.5742086e-01   1.0000000e+00
   2.5200000e+00   6.5528335e-01   1.0000000e+00
   2.5400000e+00   6.5364601e-01   1.0000000e+00
   2.5600000e+00   6.5183403e-01   1.0000000e+00
   2.5800000e+00   6.4984739e-01   1.0000000e+00
   2.6000000e+00   6.4770988e-01   1.0000000e+00
   2.6200000e+00   6.4557237e-01   1.0000000e+00
   2.6400000e+00   6.4343486e-01   1.0000000e+00
   2.6600000e+00   6.4129735e-01   1.0000000e+00
   2.6800000e+00   6.3915985e-01   1.0000000e+00
   2.7000000e+00   6.3702234e-01   1.0000000e+00
   2.7200000e+00   6.3533606e-01   1.0000000e+00
   2.7400000e+00   6.3369135e-01   1.0000000e+00
   2.7600000e+00   6.3208822e-01   1.0000000e+00
   2.7800000e+00   6.3048509e-01   1.0000000e+00
   2.8000000e+00   6.2883134e-01   1.0000000e+00
   2.8200000e+00   6.2712698e-01   1.0000000e+00
   2.8400000e+00   6.2498947e-01   1.0000000e+00
   2.8600000e+00   6.2337090e-01   1.0000000e+00
   2.8800000e+00   6.2227129e-01   1.0000000e+00
   2.9000000e+00   6.2120253e-01   1.0000000e+00
   2.9200000e+00   6.1984816e-01   1.0000000e+00
   2.9400000e+00   6.1820818e-01   1.0000000e+00
   2.9600000e+00   6.1657752e-01   1.0000000e+00
   2.9800000e+00   6.1544272e-01   1.0000000e+00
   3.0000000e+00   6.1480377e-01   1.0000000e+00
   3.0200000e+00   6.1320064e-01   1.0000000e+00
   3.0400000e+00   6.1183251e-01   1.0000000e+00
   3.0600000e+00   6.1069938e-01   1.0000000e+00
   3.0800000e+00   6.0963062e-01   1.0000000e+00
   3.1000000e+00   6.0856187e-01   1.0000000e+00
   3.1200000e+00   6.0749311e-01   1.0000000e+00
   3.1400000e+00   6.0630435e-01   1.0000000e+00
   3.1600000e+00   6.0490841e-01   1.0000000e+00
   3.1800000e+00   6.0330528e-01   1.0000000e+00
   3.2000000e+00   6.0170215e-01   1.0000000e+00
   3.2200000e+00   6.0052007e-01   1.0000000e+00
   3.2400000e+00   5.9975904e-01   1.0000000e+00
   3.2600000e+00   5.9861589e-01   1.0000000e+00
   3.2800000e+00   5.9733661e-01   1.0000000e+00
   3.3000000e+00   5.9592120e-01   1.0000000e+00
   3.3200000e+00   5.9499457e-01   1.0000000e+00
   3.3400000e+00   5.9453125e-01   1.0000000e+00
   3.3600000e+00   5.9453125e-01   1.0000000e+00
   3.3800000e+00   5.9355371e-01   1.0000000e+00
   3.4000000e+00   5.9234450e-01   1.0000000e+00
   3.4200000e+00   5.9090364e-01   1.0000000e+00
   3.4400000e+00   5.8930051e-01   1.0000000e+00
   3.4600000e+00   5.8755860e-01   1.0000000e+00
   3.4800000e+00   5.8567791e-01   1.0000000e+00
   3.5000000e+00   5.8311660e-01   1.0000000e+00
   3.5200000e+00   5.8183594e-01   1.0000000e+00
   3.5400000e+00   5.8183594e-01   1.0000000e+00
   3.5600000e+00   5.8139611e-01   1.0000000e+00
   3.5800000e+00   5.8058585e-01   1.0000000e+00
   3.6000000e+00   5.7940515e-01   1.0000000e+00
   2.5000000e+00   7.9628753e-01   2.0000000e+00
   2.5200000e+00   7.9308127e-01   2.0000000e+00
   2.5400000e+00   7.8887466e-01   2.0000000e+00
   2.5600000e+00   7.8482560e-01   2.0000000e+00
   2.5800000e+00   7.8093410e-01   2.0000000e+00
   2.6000000e+00   7.7719346e-01   2.0000000e+00
   2.6200000e+00   7.7367809e-01   2.0000000e+00
   2.6400000e+00   7.7038799e-01   2.0000000e+00
   2.6600000e+00   7.6818345e-01   2.0000000e+00
   2.6800000e+00   7.6547805e-01   2.0000000e+00
   2.7000000e+00   7.6227179e-01   2.0000000e+00
   2.7200000e+00   7.5906552e-01   2.0000000e+00
   2.7400000e+00   7.5619382e-01   2.0000000e+00
   2.7600000e+00   7.5365669e-01   2.0000000e+00
   2.7800000e+00   7.5108338e-01   2.0000000e+00
   2.8000000e+00   7.4829483e-01   2.0000000e+00
   2.8200000e+00   7.4529104e-01   2.0000000e+00
   2.8400000e+00   7.4315353e-01   2.0000000e+00
   2.8600000e+00   7.4127549e-01   2.0000000e+00
   2.8800000e+00   7.3965693e-01   2.0000000e+00
   2.9000000e+00   7.3805380e-01   2.0000000e+00
   2.9200000e+00   7.3645067e-01   2.0000000e+00
   2.9400000e+00   7.3484754e-01   2.0000000e+00
   2.9600000e+00   7.3341336e-01   2.0000000e+00
   2.9800000e+00   7.3216189e-01   2.0000000e+00
   3.0000000e+00   7.3109314e-01   2.0000000e+00
   3.0200000e+00   7.3002438e-01   2.0000000e+00
   3.0400000e+00   7.2872063e-01   2.0000000e+00
   3.0600000e+00   7.2718188e-01   2.0000000e+00
   3.0800000e+00   7.2381207e-01   2.0000000e+00
   3.1000000e+00   7.2081801e-01   2.0000000e+00
   3.1200000e+00   7.1819968e-01   2.0000000e+00
   3.1400000e+00   7.1766530e-01   2.0000000e+00
   3.1600000e+00   7.1712926e-01   2.0000000e+00
   3.1800000e+00   7.1659154e-01   2.0000000e+00
   3.2000000e+00   7.1552279e-01   2.0000000e+00
   3.2200000e+00   7.1445403e-01   2.0000000e+00
   3.2400000e+00   7.1338528e-01   2.0000000e+00
   3.2600000e+00   7.1170775e-01   2.0000000e+00
   3.2800000e+00   7.0980023e-01   2.0000000e+00
   3.3000000e+00   7.0766272e-01   2.0000000e+00
   3.3200000e+00   7.0552521e-01   2.0000000e+00
   3.3400000e+00   7.0338770e-01   2.0000000e+00
   3.3600000e+00   7.0125019e-01   2.0000000e+00
   3.3800000e+00   6.9715760e-01   2.0000000e+00
   3.4000000e+00   6.9446222e-01   2.0000000e+00
   3.4200000e+00   6.9316406e-01   2.0000000e+00
   3.4400000e+00   6.9290862e-01   2.0000000e+00
   3.4600000e+00   6.9258310e-01   2.0000000e+00
   3.4800000e+00   6.9218750e-01   2.0000000e+00
   3.5000000e+00   6.9214327e-01   2.0000000e+00
