   6.1000000e-01   9.6477223e-01   0.0000000e+00
   6.3000000e-01   9.5017913e-01   0.0000000e+00
   6.5000000e-01   9.3220679e-01   0.0000000e+00
   6.7000000e-01   9.1199869e-01   0.0000000e+00
   6.9000000e-01   8.8955486e-01   0.0000000e+00
   7.1000000e-01   8.6756628e-01   0.0000000e+00
   7.3000000e-01   8.4612515e-01   0.0000000e+00
   7.5000000e-01   8.2523147e-01   0.0000000e+00
   7.7000000e-01   8.0736635e-01   0.0000000e+00
   7.9000000e-01   7.9111444e-01   0.0000000e+00
   8.1000000e-01   7.7647573e-01   0.0000000e+00
   8.3000000e-01   7.6097880e-01   0.0000000e+00
   8.5000000e-01   7.4783525e-01   0.0000000e+00
   8.7000000e-01   7.3704510e-01   0.0000000e+00
   8.9000000e-01   7.2676387e-01   0.0000000e+00
   9.1000000e-01   7.1727079e-01   0.0000000e+00
   9.3000000e-01   7.0856586e-01   0.0000000e+00
   9.5000000e-01   7.0177651e-01   0.0000000e+00
   9.7000000e-01   6.9570995e-01   0.0000000e+00
   9.9000000e-01   6.9036618e-01   0.0000000e+00
   1.0100000e+00   6.8502241e-01   0.0000000e+00
   1.0300000e+00   6.8015267e-01   0.0000000e+00
   1.0500000e+00   6.7575696e-01   0.0000000e+00
   1.0700000e+00   6.7148194e-01   0.0000000e+00
   1.0900000e+00   6.6720692e-01   0.0000000e+00
   1.1100000e+00   6.6293191e-01   0.0000000e+00
   1.1300000e+00   6.5853286e-01   0.0000000e+00
   1.1500000e+00   6.5393232e-01   0.0000000e+00
   1.1700000e+00   6.4913030e-01   0.0000000e+00
   1.1900000e+00   6.4485528e-01   0.0000000e+00
   1.2100000e+00   6.4100535e-01   0.0000000e+00
   1.2300000e+00   6.3758050e-01   0.0000000e+00
   1.2500000e+00   6.3437424e-01   0.0000000e+00
   1.2700000e+00   6.3107210e-01   0.0000000e+00
   1.2900000e+00   6.2767408e-01   0.0000000e+00
   1.3100000e+00   6.2393344e-01   0.0000000e+00
   1.3300000e+00   6.2019280e-01   0.0000000e+00
   1.3500000e+00   6.1645216e-01   0.0000000e+00
   1.3700000e+00   6.1271152e-01   0.0000000e+00
   1.3900000e+00   6.0897088e-01   0.0000000e+00
   1.4100000e+00   6.0523024e-01   0.0000000e+00
   1.4300000e+00   6.0174908e-01   0.0000000e+00
   1.4500000e+00   5.9826255e-01   0.0000000e+00
   1.4700000e+00   5.9477068e-01   0.0000000e+00
   1.4900000e+00   5.9052180e-01   0.0000000e+00
   1.5100000e+00   5.8652705e-01   0.0000000e+00
   1.5300000e+00   5.8278641e-01   0.0000000e+00
   1.5500000e+00   5.7904577e-01   0.0000000e+00
   1.5700000e+00   5.7530513e-01   0.0000000e+00
   1.5900000e+00   5.7156449e-01   0.0000000e+00
   1.6100000e+00   5.6803438e-01   0.0000000e+00
   1.6300000e+00   5.6461926e-01   0.0000000e+00
   1.6500000e+00   5.6131913e-01   0.0000000e+00
   1.6700000e+00   5.5757850e-01   0.0000000e+00
   1.6900000e+00   5.5409364e-01   0.0000000e+00
   1.7100000e+00   5.5086458e-01   0.0000000e+00
   1.7300000e+00   5.4765832e-01   0.0000000e+00
   1.7500000e+00   5.4431293e-01   0.0000000e+00
   1.7700000e+00   5.4082843e-01   0.0000000e+00
   1.7900000e+00   5.3757253e-01   0.0000000e+00
   1.8100000e+00   5.3485337e-01   0.0000000e+00
   1.8300000e+00   5.3267094e-01   0.0000000e+00
   1.8500000e+00   5.2999906e-01   0.0000000e+00
   1.8700000e+00   5.2732717e-01   0.0000000e+00
   1.8900000e+00   5.2465529e-01   0.0000000e+00
   1.9100000e+00   5.2232937e-01   0.0000000e+00
   1.9300000e+00   5.2009765e-01   0.0000000e+00
   1.9500000e+00   5.1796014e-01   0.0000000e+00
   1.9700000e+00   5.1582263e-01   0.0000000e+00
   1.9900000e+00   5.1368513e-01   0.0000000e+00
   2.0100000e+00   5.1154762e-01   0.0000000e+00
   2.0300000e+00   5.0941011e-01   0.0000000e+00
   2.0500000e+00   5.0727260e-01   0.0000000e+00
   2.0700000e+00   5.0513509e-01   0.0000000e+00
   2.0900000e+00   5.0299759e-01   0.0000000e+00
   2.1100000e+00   5.0086008e-01   0.0000000e+00
   2.1300000e+00   4.9872257e-01   0.0000000e+00
   2.1500000e+00   4.9658506e-01   0.0000000e+00
   2.1700000e+00   4.9444755e-01   0.0000000e+00
   2.1900000e+00   4.9231005e-01   0.0000000e+00
   2.2100000e+00   4.9017254e-01   0.0000000e+00
   2.2300000e+00   4.8803503e-01   0.0000000e+00
   2.2500000e+00   4.8589752e-01   0.0000000e+00
   2.2700000e+00   4.8376001e-01   0.0000000e+00
   2.2900000e+00   4.8168821e-01   0.0000000e+00
   2.3100000e+00   4.7968211e-01   0.0000000e+00
   2.3300000e+00   4.7807897e-01   0.0000000e+00
   2.3500000e+00   4.7647584e-01   0.0000000e+00
   2.3700000e+00   4.7487271e-01   0.0000000e+00
   2.3900000e+00   4.7283713e-01   0.0000000e+00
   2.4100000e+00   4.7090847e-01   0.0000000e+00
   2.4300000e+00   4.6908676e-01   0.0000000e+00
   2.4500000e+00   4.6728450e-01   0.0000000e+00
   2.4700000e+00   4.6535585e-01   0.0000000e+00
   2.4900000e+00   4.6330080e-01   0.0000000e+00
   2.5100000e+00   4.6169767e-01   0.0000000e+00
   2.5300000e+00   4.6034463e-01   0.0000000e+00
   2.5500000e+00   4.5924167e-01   0.0000000e+00
   2.5700000e+00   4.5778941e-01   0.0000000e+00
   2.5900000e+00   4.5639513e-01   0.0000000e+00
   2.6100000e+00   4.5505884e-01   0.0000000e+00
   2.6300000e+00   4.5399009e-01   0.0000000e+00
   2.6500000e+00   4.5292134e-01   0.0000000e+00
   2.6700000e+00   4.5185258e-01   0.0000000e+00
   2.6900000e+00   4.5078383e-01   0.0000000e+00
   2.7100000e+00   4.4971507e-01   0.0000000e+00
   2.7300000e+00   4.4864632e-01   0.0000000e+00
   2.7500000e+00   4.4757756e-01   0.0000000e+00
   2.7700000e+00   4.4650881e-01   0.0000000e+00
   2.7900000e+00   4.4544006e-01   0.0000000e+00
   2.8100000e+00   4.4437130e-01   0.0000000e+00
   2.8300000e+00   4.4330255e-01   0.0000000e+00
   2.8500000e+00   4.4223379e-01   0.0000000e+00
   2.8700000e+00   4.4116504e-01   0.0000000e+00
   2.8900000e+00   4.4009629e-01   0.0000000e+00
   2.9100000e+00   4.3902753e-01   0.0000000e+00
   2.9300000e+00   4.3795878e-01   0.0000000e+00
   2.9500000e+00   4.3705898e-01   0.0000000e+00
   2.9700000e+00   4.3632813e-01   0.0000000e+00
   2.9900000e+00   4.3627584e-01   0.0000000e+00
   3.0100000e+00   4.3598251e-01   0.0000000e+00
   3.0300000e+00   4.3544813e-01   0.0000000e+00
   3.0500000e+00   4.3491375e-01   0.0000000e+00
   3.0700000e+00   4.3455604e-01   0.0000000e+00
   3.0900000e+00   4.3437500e-01   0.0000000e+00
   3.1100000e+00   4.3461167e-01   0.0000000e+00
   3.1300000e+00   4.3505720e-01   0.0000000e+00
   3.1500000e+00   4.3571158e-01   0.0000000e+00
   3.1700000e+00   4.3678702e-01   0.0000000e+00
   3.1900000e+00   4.3839349e-01   0.0000000e+00
   3.2100000e+00   4.4053100e-01   0.0000000e+00
   3.2300000e+00   4.4140534e-01   0.0000000e+00
   3.2500000e+00   4.4210971e-01   0.0000000e+00
   3.2700000e+00   4.4264408e-01   0.0000000e+00
   2.0000000e+00   7.8019450e-01   1.0000000e+00
   2.0200000e+00   7.7752664e-01   1.0000000e+00
   2.0400000e+00   7.7432844e-01   1.0000000e+00
   2.0600000e+00   7.7070850e-01   1.0000000e+00
   2.0800000e+00   7.6717671e-01   1.0000000e+00
   2.1000000e+00   7.6373309e-01   1.0000000e+00
   2.1200000e+00   7.6034648e-01   1.0000000e+00
   2.1400000e+00   7.5681469e-01   1.0000000e+00
   2.1600000e+00   7.5313774e-01   1.0000000e+00
   2.1800000e+00   7.4993148e-01   1.0000000e+00
   2.2000000e+00   7.4720662e-01   1.0000000e+00
   2.2200000e+00   7.4496316e-01   1.0000000e+00
   2.2400000e+00   7.4282565e-01   1.0000000e+00
   2.2600000e+00   7.4068814e-01   1.0000000e+00
   2.2800000e+00   7.3855063e-01   1.0000000e+00
   2.3000000e+00   7.3628172e-01   1.0000000e+00
   2.3200000e+00   7.3382606e-01   1.0000000e+00
   2.3400000e+00   7.3118366e-01   1.0000000e+00
   2.3600000e+00   7.2958053e-01   1.0000000e+00
   2.3800000e+00   7.2797740e-01   1.0000000e+00
   2.4000000e+00   7.2637427e-01   1.0000000e+00
   2.4200000e+00   7.2477113e-01   1.0000000e+00
   2.4400000e+00   7.2316800e-01   1.0000000e+00
   2.4600000e+00   7.2156487e-01   1.0000000e+00
   2.4800000e+00   7.1979682e-01   1.0000000e+00
   2.5000000e+00   7.1757685e-01   1.0000000e+00
   2.5200000e+00   7.1490497e-01   1.0000000e+00
   2.5400000e+00   7.1273325e-01   1.0000000e+00
   2.5600000e+00   7.1038689e-01   1.0000000e+00
   2.5800000e+00   7.0786587e-01   1.0000000e+00
   2.6000000e+00   7.0492714e-01   1.0000000e+00
   2.6200000e+00   7.0192974e-01   1.0000000e+00
   2.6400000e+00   6.9887366e-01   1.0000000e+00
   2.6600000e+00   6.9620177e-01   1.0000000e+00
   2.6800000e+00   6.9352988e-01   1.0000000e+00
   2.7000000e+00   6.9085800e-01   1.0000000e+00
   2.7200000e+00   6.8908857e-01   1.0000000e+00
   2.7400000e+00   6.8785266e-01   1.0000000e+00
   2.7600000e+00   6.8715027e-01   1.0000000e+00
   2.7800000e+00   6.8698585e-01   1.0000000e+00
   2.8000000e+00   6.8682143e-01   1.0000000e+00
   2.8200000e+00   6.8665700e-01   1.0000000e+00
   2.8400000e+00   6.8649258e-01   1.0000000e+00
   2.8600000e+00   6.8632816e-01   1.0000000e+00
   2.8800000e+00   6.8616373e-01   1.0000000e+00
   2.9000000e+00   6.8599931e-01   1.0000000e+00
   2.9200000e+00   6.8583488e-01   1.0000000e+00
   2.9400000e+00   6.8567046e-01   1.0000000e+00
   2.9600000e+00   6.8550604e-01   1.0000000e+00
   2.9800000e+00   6.8534161e-01   1.0000000e+00
   3.0000000e+00   6.8517719e-01   1.0000000e+00
   3.0200000e+00   6.8501277e-01   1.0000000e+00
   3.0400000e+00   6.8484834e-01   1.0000000e+00
   3.0600000e+00   6.8468392e-01   1.0000000e+00
   3.0800000e+00   6.8451949e-01   1.0000000e+00
   3.1000000e+00   6.8435507e-01   1.0000000e+00
   3.1200000e+00   6.8419065e-01   1.0000000e+00
   3.1400000e+00   6.8402622e-01   1.0000000e+00
   3.1600000e+00   6.8386180e-01   1.0000000e+00
   3.1800000e+00   6.8369738e-01   1.0000000e+00
   3.2000000e+00   6.8353295e-01   1.0000000e+00
   3.2200000e+00   6.8232229e-01   1.0000000e+00
   3.2400000e+00   6.8006538e-01   1.0000000e+00
   3.2600000e+00   6.8037656e-01   1.0000000e+00
   3.2800000e+00   6.7990391e-01   1.0000000e+00
   3.3000000e+00   6.7864743e-01   1.0000000e+00
   3.3200000e+00   6.7704430e-01   1.0000000e+00
   3.3400000e+00   6.7544117e-01   1.0000000e+00
   3.3600000e+00   6.7383803e-01   1.0000000e+00
   3.3800000e+00   6.7223490e-01   1.0000000e+00
   3.4000000e+00   6.7081783e-01   1.0000000e+00
   3.4200000e+00   6.6958680e-01   1.0000000e+00
   3.4400000e+00   6.6826261e-01   1.0000000e+00
   3.4600000e+00   6.6672955e-01   1.0000000e+00
   3.4800000e+00   6.6498764e-01   1.0000000e+00
   3.5000000e+00   6.6285014e-01   1.0000000e+00
   3.5200000e+00   6.6071263e-01   1.0000000e+00
   3.5400000e+00   6.5857512e-01   1.0000000e+00
   3.5600000e+00   6.5643761e-01   1.0000000e+00
   3.5800000e+00   6.5430010e-01   1.0000000e+00
   3.6000000e+00   6.5216259e-01   1.0000000e+00
   3.6200000e+00   6.5023158e-01   1.0000000e+00
   3.6400000e+00   6.4850943e-01   1.0000000e+00
   3.6600000e+00   6.4699613e-01   1.0000000e+00
   3.6800000e+00   6.4592738e-01   1.0000000e+00
   3.7000000e+00   6.4435108e-01   1.0000000e+00
   3.7200000e+00   6.4226723e-01   1.0000000e+00
   3.7400000e+00   6.4130236e-01   1.0000000e+00
