   6.1000000e-01   9.6918804e-01   0.0000000e+00
   6.3000000e-01   9.5626982e-01   0.0000000e+00
   6.5000000e-01   9.3894449e-01   0.0000000e+00
   6.7000000e-01   9.2012866e-01   0.0000000e+00
   6.9000000e-01   8.9982233e-01   0.0000000e+00
   7.1000000e-01   8.7860549e-01   0.0000000e+00
   7.3000000e-01   8.5730952e-01   0.0000000e+00
   7.5000000e-01   8.3593444e-01   0.0000000e+00
   7.7000000e-01   8.1700057e-01   0.0000000e+00
   7.9000000e-01   7.9967990e-01   0.0000000e+00
   8.1000000e-01   7.8397244e-01   0.0000000e+00
   8.3000000e-01   7.6740675e-01   0.0000000e+00
   8.5000000e-01   7.5345594e-01   0.0000000e+00
   8.7000000e-01   7.4212001e-01   0.0000000e+00
   8.9000000e-01   7.3049178e-01   0.0000000e+00
   9.1000000e-01   7.1966846e-01   0.0000000e+00
   9.3000000e-01   7.0965005e-01   0.0000000e+00
   9.5000000e-01   7.0196492e-01   0.0000000e+00
   9.7000000e-01   6.9521145e-01   0.0000000e+00
   9.9000000e-01   6.8938962e-01   0.0000000e+00
   1.0100000e+00   6.8404585e-01   0.0000000e+00
   1.0300000e+00   6.7893909e-01   0.0000000e+00
   1.0500000e+00   6.7406935e-01   0.0000000e+00
   1.0700000e+00   6.6925996e-01   0.0000000e+00
   1.0900000e+00   6.6445056e-01   0.0000000e+00
   1.1100000e+00   6.5964117e-01   0.0000000e+00
   1.1300000e+00   6.5495581e-01   0.0000000e+00
   1.1500000e+00   6.5047562e-01   0.0000000e+00
   1.1700000e+00   6.4620061e-01   0.0000000e+00
   1.1900000e+00   6.4192559e-01   0.0000000e+00
   1.2100000e+00   6.3828820e-01   0.0000000e+00
   1.2300000e+00   6.3528844e-01   0.0000000e+00
   1.2500000e+00   6.3230813e-01   0.0000000e+00
   1.2700000e+00   6.2911897e-01   0.0000000e+00
   1.2900000e+00   6.2572096e-01   0.0000000e+00
   1.3100000e+00   6.2198032e-01   0.0000000e+00
   1.3300000e+00   6.1823968e-01   0.0000000e+00
   1.3500000e+00   6.1449904e-01   0.0000000e+00
   1.3700000e+00   6.1125120e-01   0.0000000e+00
   1.3900000e+00   6.0783608e-01   0.0000000e+00
   1.4100000e+00   6.0425368e-01   0.0000000e+00
   1.4300000e+00   6.0051304e-01   0.0000000e+00
   1.4500000e+00   5.9670100e-01   0.0000000e+00
   1.4700000e+00   5.9281755e-01   0.0000000e+00
   1.4900000e+00   5.8859482e-01   0.0000000e+00
   1.5100000e+00   5.8488033e-01   0.0000000e+00
   1.5300000e+00   5.8167406e-01   0.0000000e+00
   1.5500000e+00   5.7802395e-01   0.0000000e+00
   1.5700000e+00   5.7449216e-01   0.0000000e+00
   1.5900000e+00   5.7107872e-01   0.0000000e+00
   1.6100000e+00   5.6766193e-01   0.0000000e+00
   1.6300000e+00   5.6408321e-01   0.0000000e+00
   1.6500000e+00   5.6034257e-01   0.0000000e+00
   1.6700000e+00   5.5660193e-01   0.0000000e+00
   1.6900000e+00   5.5337287e-01   0.0000000e+00
   1.7100000e+00   5.5065538e-01   0.0000000e+00
   1.7300000e+00   5.4719367e-01   0.0000000e+00
   1.7500000e+00   5.4387075e-01   0.0000000e+00
   1.7700000e+00   5.4068660e-01   0.0000000e+00
   1.7900000e+00   5.3801471e-01   0.0000000e+00
   1.8100000e+00   5.3538774e-01   0.0000000e+00
   1.8300000e+00   5.3280569e-01   0.0000000e+00
   1.8500000e+00   5.3120256e-01   0.0000000e+00
   1.8700000e+00   5.2890549e-01   0.0000000e+00
   1.8900000e+00   5.2591447e-01   0.0000000e+00
   1.9100000e+00   5.2340013e-01   0.0000000e+00
   1.9300000e+00   5.2107421e-01   0.0000000e+00
   1.9500000e+00   5.1893670e-01   0.0000000e+00
   1.9700000e+00   5.1691183e-01   0.0000000e+00
   1.9900000e+00   5.1509783e-01   0.0000000e+00
   2.0100000e+00   5.1349470e-01   0.0000000e+00
   2.0300000e+00   5.1136122e-01   0.0000000e+00
   2.0500000e+00   5.0922573e-01   0.0000000e+00
   2.0700000e+00   5.0708822e-01   0.0000000e+00
   2.0900000e+00   5.0495071e-01   0.0000000e+00
   2.1100000e+00   5.0281320e-01   0.0000000e+00
   2.1300000e+00   5.0067569e-01   0.0000000e+00
   2.1500000e+00   4.9853819e-01   0.0000000e+00
   2.1700000e+00   4.9640068e-01   0.0000000e+00
   2.1900000e+00   4.9426317e-01   0.0000000e+00
   2.2100000e+00   4.9212566e-01   0.0000000e+00
   2.2300000e+00   4.8998815e-01   0.0000000e+00
   2.2500000e+00   4.8785064e-01   0.0000000e+00
   2.2700000e+00   4.8571314e-01   0.0000000e+00
   2.2900000e+00   4.8364133e-01   0.0000000e+00
   2.3100000e+00   4.8163523e-01   0.0000000e+00
   2.3300000e+00   4.8003210e-01   0.0000000e+00
   2.3500000e+00   4.7842897e-01   0.0000000e+00
   2.3700000e+00   4.7682584e-01   0.0000000e+00
   2.3900000e+00   4.7479025e-01   0.0000000e+00
   2.4100000e+00   4.7286160e-01   0.0000000e+00
   2.4300000e+00   4.7103988e-01   0.0000000e+00
   2.4500000e+00   4.6943675e-01   0.0000000e+00
   2.4700000e+00   4.6783362e-01   0.0000000e+00
   2.4900000e+00   4.6623049e-01   0.0000000e+00
   2.5100000e+00   4.6462736e-01   0.0000000e+00
   2.5300000e+00   4.6327431e-01   0.0000000e+00
   2.5500000e+00   4.6217136e-01   0.0000000e+00
   2.5700000e+00   4.6110260e-01   0.0000000e+00
   2.5900000e+00   4.5976700e-01   0.0000000e+00
   2.6100000e+00   4.5816456e-01   0.0000000e+00
   2.6300000e+00   4.5647759e-01   0.0000000e+00
   2.6500000e+00   4.5535016e-01   0.0000000e+00
   2.6700000e+00   4.5478227e-01   0.0000000e+00
   2.6900000e+00   4.5371351e-01   0.0000000e+00
   2.7100000e+00   4.5264476e-01   0.0000000e+00
   2.7300000e+00   4.5157601e-01   0.0000000e+00
   2.7500000e+00   4.5050725e-01   0.0000000e+00
   2.7700000e+00   4.4954745e-01   0.0000000e+00
   2.7900000e+00   4.4869659e-01   0.0000000e+00
   2.8100000e+00   4.4816221e-01   0.0000000e+00
   2.8300000e+00   4.4762784e-01   0.0000000e+00
   2.8500000e+00   4.4709346e-01   0.0000000e+00
   2.8700000e+00   4.4707803e-01   0.0000000e+00
   2.8900000e+00   4.4666803e-01   0.0000000e+00
   2.9100000e+00   4.4586347e-01   0.0000000e+00
   2.9300000e+00   4.4508033e-01   0.0000000e+00
   2.9500000e+00   4.4450605e-01   0.0000000e+00
   2.9700000e+00   4.4414063e-01   0.0000000e+00
   2.9900000e+00   4.4408834e-01   0.0000000e+00
   3.0100000e+00   4.4379501e-01   0.0000000e+00
   3.0300000e+00   4.4326063e-01   0.0000000e+00
   3.0500000e+00   4.4272625e-01   0.0000000e+00
   3.0700000e+00   4.4236854e-01   0.0000000e+00
   3.0900000e+00   4.4218750e-01   0.0000000e+00
   3.1100000e+00   4.4218750e-01   0.0000000e+00
   3.1300000e+00   4.4218750e-01   0.0000000e+00
   3.1500000e+00   4.4218750e-01   0.0000000e+00
   3.1700000e+00   4.4218750e-01   0.0000000e+00
   3.1900000e+00   4.4218750e-01   0.0000000e+00
   3.2100000e+00   4.4218750e-01   0.0000000e+00
   3.2300000e+00   4.4134539e-01   0.0000000e+00
   3.2500000e+00   4.4069435e-01   0.0000000e+00
   3.2700000e+00   4.4023438e-01   0.0000000e+00
   3.2900000e+00   4.3985893e-01   0.0000000e+00
   3.3100000e+00   4.3913682e-01   0.0000000e+00
   3.3300000e+00   4.3806807e-01   0.0000000e+00
   3.3500000e+00   4.3699932e-01   0.0000000e+00
   3.3700000e+00   4.3568618e-01   0.0000000e+00
   3.3900000e+00   4.3412865e-01   0.0000000e+00
   3.4100000e+00   4.3252552e-01   0.0000000e+00
   3.4300000e+00   4.3105011e-01   0.0000000e+00
   3.4500000e+00   4.2970242e-01   0.0000000e+00
   3.4700000e+00   4.2891122e-01   0.0000000e+00
   3.4900000e+00   4.2849351e-01   0.0000000e+00
   3.5100000e+00   4.2844928e-01   0.0000000e+00
   3.5300000e+00   4.2738053e-01   0.0000000e+00
   3.5500000e+00   4.2653169e-01   0.0000000e+00
   3.5700000e+00   4.2590276e-01   0.0000000e+00
   3.5900000e+00   4.2536838e-01   0.0000000e+00
   2.0100000e+00   7.8498512e-01   1.0000000e+00
   2.0300000e+00   7.8072622e-01   1.0000000e+00
   2.0500000e+00   7.7666611e-01   1.0000000e+00
   2.0700000e+00   7.7280477e-01   1.0000000e+00
   2.0900000e+00   7.6876712e-01   1.0000000e+00
   2.1100000e+00   7.6470096e-01   1.0000000e+00
   2.1300000e+00   7.6060629e-01   1.0000000e+00
   2.1500000e+00   7.5692934e-01   1.0000000e+00
   2.1700000e+00   7.5348774e-01   1.0000000e+00
   2.1900000e+00   7.5028147e-01   1.0000000e+00
   2.2100000e+00   7.4755661e-01   1.0000000e+00
   2.2300000e+00   7.4504061e-01   1.0000000e+00
   2.2500000e+00   7.4273346e-01   1.0000000e+00
   2.2700000e+00   7.4059595e-01   1.0000000e+00
   2.2900000e+00   7.3852414e-01   1.0000000e+00
   2.3100000e+00   7.3651804e-01   1.0000000e+00
   2.3300000e+00   7.3491491e-01   1.0000000e+00
   2.3500000e+00   7.3331178e-01   1.0000000e+00
   2.3700000e+00   7.3170865e-01   1.0000000e+00
   2.3900000e+00   7.2967306e-01   1.0000000e+00
   2.4100000e+00   7.2774441e-01   1.0000000e+00
   2.4300000e+00   7.2592269e-01   1.0000000e+00
   2.4500000e+00   7.2431956e-01   1.0000000e+00
   2.4700000e+00   7.2267520e-01   1.0000000e+00
   2.4900000e+00   7.2098961e-01   1.0000000e+00
   2.5100000e+00   7.1885210e-01   1.0000000e+00
   2.5300000e+00   7.1671459e-01   1.0000000e+00
   2.5500000e+00   7.1457709e-01   1.0000000e+00
   2.5700000e+00   7.1282309e-01   1.0000000e+00
   2.5900000e+00   7.1101110e-01   1.0000000e+00
   2.6100000e+00   7.0914112e-01   1.0000000e+00
   2.6300000e+00   7.0700361e-01   1.0000000e+00
   2.6500000e+00   7.0481584e-01   1.0000000e+00
   2.6700000e+00   7.0257778e-01   1.0000000e+00
   2.6900000e+00   6.9883714e-01   1.0000000e+00
