   6.0000000e-01   9.3496649e-01   0.0000000e+00
   6.2000000e-01   9.1411507e-01   0.0000000e+00
   6.4000000e-01   8.9202693e-01   0.0000000e+00
   6.6000000e-01   8.6870206e-01   0.0000000e+00
   6.8000000e-01   8.4786136e-01   0.0000000e+00
   7.0000000e-01   8.2770354e-01   0.0000000e+00
   7.2000000e-01   8.0822861e-01   0.0000000e+00
   7.4000000e-01   7.9136118e-01   0.0000000e+00
   7.6000000e-01   7.7628864e-01   0.0000000e+00
   7.8000000e-01   7.6301099e-01   0.0000000e+00
   8.0000000e-01   7.5285783e-01   0.0000000e+00
   8.2000000e-01   7.4270466e-01   0.0000000e+00
   8.4000000e-01   7.3255150e-01   0.0000000e+00
   8.6000000e-01   7.2501321e-01   0.0000000e+00
   8.8000000e-01   7.1790974e-01   0.0000000e+00
   9.0000000e-01   7.1124109e-01   0.0000000e+00
   9.2000000e-01   7.0540786e-01   0.0000000e+00
   9.4000000e-01   6.9990585e-01   0.0000000e+00
   9.6000000e-01   6.9473506e-01   0.0000000e+00
   9.8000000e-01   6.8998198e-01   0.0000000e+00
   1.0000000e+00   6.8546793e-01   0.0000000e+00
   1.0200000e+00   6.8119292e-01   0.0000000e+00
   1.0400000e+00   6.7691790e-01   0.0000000e+00
   1.0600000e+00   6.7300025e-01   0.0000000e+00
   1.0800000e+00   6.6943997e-01   0.0000000e+00
   1.1000000e+00   6.6599300e-01   0.0000000e+00
   1.1200000e+00   6.6239920e-01   0.0000000e+00
   1.1400000e+00   6.5865856e-01   0.0000000e+00
   1.1600000e+00   6.5491055e-01   0.0000000e+00
   1.1800000e+00   6.5089904e-01   0.0000000e+00
   1.2000000e+00   6.4662402e-01   0.0000000e+00
   1.2200000e+00   6.4277409e-01   0.0000000e+00
   1.2400000e+00   6.3882459e-01   0.0000000e+00
   1.2600000e+00   6.3477553e-01   0.0000000e+00
   1.2800000e+00   6.3050052e-01   0.0000000e+00
   1.3000000e+00   6.2622550e-01   0.0000000e+00
   1.3200000e+00   6.2195049e-01   0.0000000e+00
   1.3400000e+00   6.1767547e-01   0.0000000e+00
   1.3600000e+00   6.1340045e-01   0.0000000e+00
   1.3800000e+00   6.0912544e-01   0.0000000e+00
   1.4000000e+00   6.0522656e-01   0.0000000e+00
   1.4200000e+00   6.0140680e-01   0.0000000e+00
   1.4400000e+00   5.9766616e-01   0.0000000e+00
   1.4600000e+00   5.9378271e-01   0.0000000e+00
   1.4800000e+00   5.8972962e-01   0.0000000e+00
   1.5000000e+00   5.8550689e-01   0.0000000e+00
   1.5200000e+00   5.8230063e-01   0.0000000e+00
   1.5400000e+00   5.7909437e-01   0.0000000e+00
   1.5600000e+00   5.7588811e-01   0.0000000e+00
   1.5800000e+00   5.7268185e-01   0.0000000e+00
   1.6000000e+00   5.6947558e-01   0.0000000e+00
   1.6200000e+00   5.6626932e-01   0.0000000e+00
   1.6400000e+00   5.6315692e-01   0.0000000e+00
   1.6600000e+00   5.6026478e-01   0.0000000e+00
   1.6800000e+00   5.5759289e-01   0.0000000e+00
   1.7000000e+00   5.5543258e-01   0.0000000e+00
   1.7200000e+00   5.5308622e-01   0.0000000e+00
   1.7400000e+00   5.5055380e-01   0.0000000e+00
   1.7600000e+00   5.4816016e-01   0.0000000e+00
   1.7800000e+00   5.4589459e-01   0.0000000e+00
   1.8000000e+00   5.4375708e-01   0.0000000e+00
   1.8200000e+00   5.4161957e-01   0.0000000e+00
   1.8400000e+00   5.3948206e-01   0.0000000e+00
   1.8600000e+00   5.3734455e-01   0.0000000e+00
   1.8800000e+00   5.3474442e-01   0.0000000e+00
   1.9000000e+00   5.3228139e-01   0.0000000e+00
   1.9200000e+00   5.2995547e-01   0.0000000e+00
   1.9400000e+00   5.2781796e-01   0.0000000e+00
   1.9600000e+00   5.2573677e-01   0.0000000e+00
   1.9800000e+00   5.2371190e-01   0.0000000e+00
   2.0000000e+00   5.2210876e-01   0.0000000e+00
   2.0200000e+00   5.2024046e-01   0.0000000e+00
   2.0400000e+00   5.1810698e-01   0.0000000e+00
   2.0600000e+00   5.1596947e-01   0.0000000e+00
   2.0800000e+00   5.1383196e-01   0.0000000e+00
   2.1000000e+00   5.1169446e-01   0.0000000e+00
   2.1200000e+00   5.0955695e-01   0.0000000e+00
   2.1400000e+00   5.0741944e-01   0.0000000e+00
   2.1600000e+00   5.0528193e-01   0.0000000e+00
   2.1800000e+00   5.0314442e-01   0.0000000e+00
   2.2000000e+00   5.0100692e-01   0.0000000e+00
   2.2200000e+00   4.9886941e-01   0.0000000e+00
   2.2400000e+00   4.9636716e-01   0.0000000e+00
   2.2600000e+00   4.9402817e-01   0.0000000e+00
   2.2800000e+00   4.9185243e-01   0.0000000e+00
   2.3000000e+00   4.9011789e-01   0.0000000e+00
   2.3200000e+00   4.8818187e-01   0.0000000e+00
   2.3400000e+00   4.8604436e-01   0.0000000e+00
   2.3600000e+00   4.8390685e-01   0.0000000e+00
   2.3800000e+00   4.8176934e-01   0.0000000e+00
   2.4000000e+00   4.7963183e-01   0.0000000e+00
   2.4200000e+00   4.7749433e-01   0.0000000e+00
   2.4400000e+00   4.7545638e-01   0.0000000e+00
   2.4600000e+00   4.7351800e-01   0.0000000e+00
   2.4800000e+00   4.7183241e-01   0.0000000e+00
   2.5000000e+00   4.6992086e-01   0.0000000e+00
   2.5200000e+00   4.6778335e-01   0.0000000e+00
   2.5400000e+00   4.6614601e-01   0.0000000e+00
   2.5600000e+00   4.6433403e-01   0.0000000e+00
   2.5800000e+00   4.6234739e-01   0.0000000e+00
   2.6000000e+00   4.6047672e-01   0.0000000e+00
   2.6200000e+00   4.5881491e-01   0.0000000e+00
   2.6400000e+00   4.5736196e-01   0.0000000e+00
   2.6600000e+00   4.5625969e-01   0.0000000e+00
   2.6800000e+00   4.5490699e-01   0.0000000e+00
   2.7000000e+00   4.5330386e-01   0.0000000e+00
   2.7200000e+00   4.5170073e-01   0.0000000e+00
   2.7400000e+00   4.5026488e-01   0.0000000e+00
   2.7600000e+00   4.4899631e-01   0.0000000e+00
   2.7800000e+00   4.4770966e-01   0.0000000e+00
   2.8000000e+00   4.4631539e-01   0.0000000e+00
   2.8200000e+00   4.4481349e-01   0.0000000e+00
   2.8400000e+00   4.4374473e-01   0.0000000e+00
   2.8600000e+00   4.4267598e-01   0.0000000e+00
   2.8800000e+00   4.4160723e-01   0.0000000e+00
   2.9000000e+00   4.4094075e-01   0.0000000e+00
   2.9200000e+00   4.4019752e-01   0.0000000e+00
   2.9400000e+00   4.3937753e-01   0.0000000e+00
   2.9600000e+00   4.3847772e-01   0.0000000e+00
   2.9800000e+00   4.3778678e-01   0.0000000e+00
   3.0000000e+00   4.3730469e-01   0.0000000e+00
   3.0200000e+00   4.3730469e-01   0.0000000e+00
   3.0400000e+00   4.3706969e-01   0.0000000e+00
   3.0600000e+00   4.3659969e-01   0.0000000e+00
   3.0800000e+00   4.3571198e-01   0.0000000e+00
   3.1000000e+00   4.3449707e-01   0.0000000e+00
   3.1200000e+00   4.3295498e-01   0.0000000e+00
   3.1400000e+00   4.3069746e-01   0.0000000e+00
   3.1600000e+00   4.2823443e-01   0.0000000e+00
   3.1800000e+00   4.2556589e-01   0.0000000e+00
   3.2000000e+00   4.2342838e-01   0.0000000e+00
   3.2200000e+00   4.2108035e-01   0.0000000e+00
   3.2400000e+00   4.1852179e-01   0.0000000e+00
   3.2600000e+00   4.1569771e-01   0.0000000e+00
   3.2800000e+00   4.1281613e-01   0.0000000e+00
   3.3000000e+00   4.0987706e-01   0.0000000e+00
   3.3200000e+00   4.0718669e-01   0.0000000e+00
   3.3400000e+00   4.0530713e-01   0.0000000e+00
   3.3600000e+00   4.0423838e-01   0.0000000e+00
   3.3800000e+00   4.0316962e-01   0.0000000e+00
   3.4000000e+00   4.0228692e-01   0.0000000e+00
   3.4200000e+00   4.0159028e-01   0.0000000e+00
   3.4400000e+00   4.0054501e-01   0.0000000e+00
   3.4600000e+00   3.9929021e-01   0.0000000e+00
   3.4800000e+00   3.9782585e-01   0.0000000e+00
   3.5000000e+00   3.9677921e-01   0.0000000e+00
   3.5200000e+00   3.9598870e-01   0.0000000e+00
   3.5400000e+00   3.9545433e-01   0.0000000e+00
   3.5600000e+00   3.9491995e-01   0.0000000e+00
   3.5800000e+00   3.9422399e-01   0.0000000e+00
   3.6000000e+00   3.9336645e-01   0.0000000e+00
   3.6200000e+00   3.9229770e-01   0.0000000e+00
   2.0100000e+00   7.6154762e-01   1.0000000e+00
   2.0300000e+00   7.5887976e-01   1.0000000e+00
   2.0500000e+00   7.5600305e-01   1.0000000e+00
   2.0700000e+00   7.5291748e-01   1.0000000e+00
   2.0900000e+00   7.5000824e-01   1.0000000e+00
   2.1100000e+00   7.4712750e-01   1.0000000e+00
   2.1300000e+00   7.4427526e-01   1.0000000e+00
   2.1500000e+00   7.4113269e-01   1.0000000e+00
   2.1700000e+00   7.3822546e-01   1.0000000e+00
   2.1900000e+00   7.3555357e-01   1.0000000e+00
   2.2100000e+00   7.3288169e-01   1.0000000e+00
   2.2300000e+00   7.3039217e-01   1.0000000e+00
   2.2500000e+00   7.2808502e-01   1.0000000e+00
   2.2700000e+00   7.2594751e-01   1.0000000e+00
   2.2900000e+00   7.2387571e-01   1.0000000e+00
   2.3100000e+00   7.2186961e-01   1.0000000e+00
   2.3300000e+00   7.2025173e-01   1.0000000e+00
   2.3500000e+00   7.1837404e-01   1.0000000e+00
   2.3700000e+00   7.1623653e-01   1.0000000e+00
   2.3900000e+00   7.1366657e-01   1.0000000e+00
   2.4100000e+00   7.1104565e-01   1.0000000e+00
   2.4300000e+00   7.0837376e-01   1.0000000e+00
   2.4500000e+00   7.0590100e-01   1.0000000e+00
   2.4700000e+00   7.0359587e-01   1.0000000e+00
   2.4900000e+00   7.0145836e-01   1.0000000e+00
   2.5100000e+00   6.9932085e-01   1.0000000e+00
   2.5300000e+00   6.9718334e-01   1.0000000e+00
   2.5500000e+00   6.9504584e-01   1.0000000e+00
   2.5700000e+00   6.9290833e-01   1.0000000e+00
   2.5900000e+00   6.9090424e-01   1.0000000e+00
   2.6100000e+00   6.8903358e-01   1.0000000e+00
   2.6300000e+00   6.8743045e-01   1.0000000e+00
   2.6500000e+00   6.8582731e-01   1.0000000e+00
   2.6700000e+00   6.8422418e-01   1.0000000e+00
   2.6900000e+00   6.8262105e-01   1.0000000e+00
   2.7100000e+00   6.8124354e-01   1.0000000e+00
   2.7300000e+00   6.8009163e-01   1.0000000e+00
   2.7500000e+00   6.7835375e-01   1.0000000e+00
   2.7700000e+00   6.7641606e-01   1.0000000e+00
   2.7900000e+00   6.7427855e-01   1.0000000e+00
   2.8100000e+00   6.7214104e-01   1.0000000e+00
   2.8300000e+00   6.7000353e-01   1.0000000e+00
   2.8500000e+00   6.6786603e-01   1.0000000e+00
   2.8700000e+00   6.6676641e-01   1.0000000e+00
   2.8900000e+00   6.6548108e-01   1.0000000e+00
   2.9100000e+00   6.6401005e-01   1.0000000e+00
   2.9300000e+00   6.6240692e-01   1.0000000e+00
   2.9500000e+00   6.6071931e-01   1.0000000e+00
   2.9700000e+00   6.5894723e-01   1.0000000e+00
   2.9900000e+00   6.5686201e-01   1.0000000e+00
   3.0100000e+00   6.5501783e-01   1.0000000e+00
   3.0300000e+00   6.5341470e-01   1.0000000e+00
   3.0500000e+00   6.5134157e-01   1.0000000e+00
   3.0700000e+00   6.4923625e-01   1.0000000e+00
   3.0900000e+00   6.4709874e-01   1.0000000e+00
   3.1100000e+00   6.4472456e-01   1.0000000e+00
   3.1300000e+00   6.4226153e-01   1.0000000e+00
   3.1500000e+00   6.3970965e-01   1.0000000e+00
   3.1700000e+00   6.3757549e-01   1.0000000e+00
   3.1900000e+00   6.3570684e-01   1.0000000e+00
   3.2100000e+00   6.3410371e-01   1.0000000e+00
   3.2300000e+00   6.3292163e-01   1.0000000e+00
   3.2500000e+00   6.3149182e-01   1.0000000e+00
   3.2700000e+00   6.2981429e-01   1.0000000e+00
   3.2900000e+00   6.2805223e-01   1.0000000e+00
   3.3100000e+00   6.2663683e-01   1.0000000e+00
   3.3300000e+00   6.2556807e-01   1.0000000e+00
   3.3500000e+00   6.2449932e-01   1.0000000e+00
