   6.0000000e-01   9.2739636e-01   0.0000000e+00
   6.2000000e-01   9.0737703e-01   0.0000000e+00
   6.4000000e-01   8.8517055e-01   0.0000000e+00
   6.6000000e-01   8.6077693e-01   0.0000000e+00
   6.8000000e-01   8.3886747e-01   0.0000000e+00
   7.0000000e-01   8.1855141e-01   0.0000000e+00
   7.2000000e-01   7.9982875e-01   0.0000000e+00
   7.4000000e-01   7.8403008e-01   0.0000000e+00
   7.6000000e-01   7.6969341e-01   0.0000000e+00
   7.8000000e-01   7.5681872e-01   0.0000000e+00
   8.0000000e-01   7.4644697e-01   0.0000000e+00
   8.2000000e-01   7.3671889e-01   0.0000000e+00
   8.4000000e-01   7.2763448e-01   0.0000000e+00
   8.6000000e-01   7.2011900e-01   0.0000000e+00
   8.8000000e-01   7.1302693e-01   0.0000000e+00
   9.0000000e-01   7.0635827e-01   0.0000000e+00
   9.2000000e-01   7.0081469e-01   0.0000000e+00
   9.4000000e-01   6.9572469e-01   0.0000000e+00
   9.6000000e-01   6.9108828e-01   0.0000000e+00
   9.8000000e-01   6.8681326e-01   0.0000000e+00
   1.0000000e+00   6.8253825e-01   0.0000000e+00
   1.0200000e+00   6.7826323e-01   0.0000000e+00
   1.0400000e+00   6.7398821e-01   0.0000000e+00
   1.0600000e+00   6.7007056e-01   0.0000000e+00
   1.0800000e+00   6.6651028e-01   0.0000000e+00
   1.1000000e+00   6.6306331e-01   0.0000000e+00
   1.1200000e+00   6.5934548e-01   0.0000000e+00
   1.1400000e+00   6.5535677e-01   0.0000000e+00
   1.1600000e+00   6.5056949e-01   0.0000000e+00
   1.1800000e+00   6.4657272e-01   0.0000000e+00
   1.2000000e+00   6.4336645e-01   0.0000000e+00
   1.2200000e+00   6.3973511e-01   0.0000000e+00
   1.2400000e+00   6.3589491e-01   0.0000000e+00
   1.2600000e+00   6.3184585e-01   0.0000000e+00
   1.2800000e+00   6.2757083e-01   0.0000000e+00
   1.3000000e+00   6.2329582e-01   0.0000000e+00
   1.3200000e+00   6.1902080e-01   0.0000000e+00
   1.3400000e+00   6.1474578e-01   0.0000000e+00
   1.3600000e+00   6.1071717e-01   0.0000000e+00
   1.3800000e+00   6.0693495e-01   0.0000000e+00
   1.4000000e+00   6.0319431e-01   0.0000000e+00
   1.4200000e+00   5.9932394e-01   0.0000000e+00
   1.4400000e+00   5.9532383e-01   0.0000000e+00
   1.4600000e+00   5.9119162e-01   0.0000000e+00
   1.4800000e+00   5.8725519e-01   0.0000000e+00
   1.5000000e+00   5.8351455e-01   0.0000000e+00
   1.5200000e+00   5.7977392e-01   0.0000000e+00
   1.5400000e+00   5.7625520e-01   0.0000000e+00
   1.5600000e+00   5.7295842e-01   0.0000000e+00
   1.5800000e+00   5.6975216e-01   0.0000000e+00
   1.6000000e+00   5.6665116e-01   0.0000000e+00
   1.6200000e+00   5.6365542e-01   0.0000000e+00
   1.6400000e+00   5.6098354e-01   0.0000000e+00
   1.6600000e+00   5.5831165e-01   0.0000000e+00
   1.6800000e+00   5.5563977e-01   0.0000000e+00
   1.7000000e+00   5.5347946e-01   0.0000000e+00
   1.7200000e+00   5.5133055e-01   0.0000000e+00
   1.7400000e+00   5.4919304e-01   0.0000000e+00
   1.7600000e+00   5.4705553e-01   0.0000000e+00
   1.7800000e+00   5.4491802e-01   0.0000000e+00
   1.8000000e+00   5.4278052e-01   0.0000000e+00
   1.8200000e+00   5.4064301e-01   0.0000000e+00
   1.8400000e+00   5.3850550e-01   0.0000000e+00
   1.8600000e+00   5.3636799e-01   0.0000000e+00
   1.8800000e+00   5.3423048e-01   0.0000000e+00
   1.9000000e+00   5.3209297e-01   0.0000000e+00
   1.9200000e+00   5.2995547e-01   0.0000000e+00
   1.9400000e+00   5.2781796e-01   0.0000000e+00
   1.9600000e+00   5.2568045e-01   0.0000000e+00
   1.9800000e+00   5.2354294e-01   0.0000000e+00
   2.0000000e+00   5.2140543e-01   0.0000000e+00
   2.0200000e+00   5.1926793e-01   0.0000000e+00
   2.0400000e+00   5.1713042e-01   0.0000000e+00
   2.0600000e+00   5.1499291e-01   0.0000000e+00
   2.0800000e+00   5.1285540e-01   0.0000000e+00
   2.1000000e+00   5.1071789e-01   0.0000000e+00
   2.1200000e+00   5.0858039e-01   0.0000000e+00
   2.1400000e+00   5.0644288e-01   0.0000000e+00
   2.1600000e+00   5.0430537e-01   0.0000000e+00
   2.1800000e+00   5.0216786e-01   0.0000000e+00
   2.2000000e+00   5.0003035e-01   0.0000000e+00
   2.2200000e+00   4.9789285e-01   0.0000000e+00
   2.2400000e+00   4.9575534e-01   0.0000000e+00
   2.2600000e+00   4.9374186e-01   0.0000000e+00
   2.2800000e+00   4.9185243e-01   0.0000000e+00
   2.3000000e+00   4.9011789e-01   0.0000000e+00
   2.3200000e+00   4.8818187e-01   0.0000000e+00
   2.3400000e+00   4.8604436e-01   0.0000000e+00
   2.3600000e+00   4.8390685e-01   0.0000000e+00
   2.3800000e+00   4.8198557e-01   0.0000000e+00
   2.4000000e+00   4.8028052e-01   0.0000000e+00
   2.4200000e+00   4.7867738e-01   0.0000000e+00
   2.4400000e+00   4.7697469e-01   0.0000000e+00
   2.4600000e+00   4.7517244e-01   0.0000000e+00
   2.4800000e+00   4.7303493e-01   0.0000000e+00
   2.5000000e+00   4.7089742e-01   0.0000000e+00
   2.5200000e+00   4.6875991e-01   0.0000000e+00
   2.5400000e+00   4.6762275e-01   0.0000000e+00
   2.5600000e+00   4.6632804e-01   0.0000000e+00
   2.5800000e+00   4.6487577e-01   0.0000000e+00
   2.6000000e+00   4.6327264e-01   0.0000000e+00
   2.6200000e+00   4.6166951e-01   0.0000000e+00
   2.6400000e+00   4.6006638e-01   0.0000000e+00
   2.6600000e+00   4.5842973e-01   0.0000000e+00
   2.6800000e+00   4.5654266e-01   0.0000000e+00
   2.7000000e+00   4.5440515e-01   0.0000000e+00
   2.7200000e+00   4.5317009e-01   0.0000000e+00
   2.7400000e+00   4.5201819e-01   0.0000000e+00
   2.7600000e+00   4.5094944e-01   0.0000000e+00
   2.7800000e+00   4.4988068e-01   0.0000000e+00
   2.8000000e+00   4.4871070e-01   0.0000000e+00
   2.8200000e+00   4.4743947e-01   0.0000000e+00
   2.8400000e+00   4.4530197e-01   0.0000000e+00
   2.8600000e+00   4.4420235e-01   0.0000000e+00
   2.8800000e+00   4.4414063e-01   0.0000000e+00
   2.9000000e+00   4.4333606e-01   0.0000000e+00
   2.9200000e+00   4.4239940e-01   0.0000000e+00
   2.9400000e+00   4.4133065e-01   0.0000000e+00
   2.9600000e+00   4.4059980e-01   0.0000000e+00
   2.9800000e+00   4.4020823e-01   0.0000000e+00
   3.0000000e+00   4.4015594e-01   0.0000000e+00
   3.0200000e+00   4.3962157e-01   0.0000000e+00
   3.0400000e+00   4.3908719e-01   0.0000000e+00
   3.0600000e+00   4.3855281e-01   0.0000000e+00
   3.0800000e+00   4.3837177e-01   0.0000000e+00
   3.1000000e+00   4.3816291e-01   0.0000000e+00
   3.1200000e+00   4.3792624e-01   0.0000000e+00
   3.1400000e+00   4.3727186e-01   0.0000000e+00
   3.1600000e+00   4.3641196e-01   0.0000000e+00
   3.1800000e+00   4.3534655e-01   0.0000000e+00
   3.2000000e+00   4.3481217e-01   0.0000000e+00
   2.0000000e+00   7.6039001e-01   1.0000000e+00
   2.0200000e+00   7.5825654e-01   1.0000000e+00
   2.0400000e+00   7.5559271e-01   1.0000000e+00
   2.0600000e+00   7.5333451e-01   1.0000000e+00
   2.0800000e+00   7.5083963e-01   1.0000000e+00
   2.1000000e+00   7.4810809e-01   1.0000000e+00
   2.1200000e+00   7.4490183e-01   1.0000000e+00
   2.1400000e+00   7.4175925e-01   1.0000000e+00
   2.1600000e+00   7.3868037e-01   1.0000000e+00
   2.1800000e+00   7.3654286e-01   1.0000000e+00
   2.2000000e+00   7.3416465e-01   1.0000000e+00
   2.2200000e+00   7.3154574e-01   1.0000000e+00
   2.2400000e+00   7.2887386e-01   1.0000000e+00
   2.2600000e+00   7.2632601e-01   1.0000000e+00
   2.2800000e+00   7.2390219e-01   1.0000000e+00
   2.3000000e+00   7.2176469e-01   1.0000000e+00
   2.3200000e+00   7.1963455e-01   1.0000000e+00
   2.3400000e+00   7.1751178e-01   1.0000000e+00
   2.3600000e+00   7.1590865e-01   1.0000000e+00
   2.3800000e+00   7.1387307e-01   1.0000000e+00
   2.4000000e+00   7.1140503e-01   1.0000000e+00
   2.4200000e+00   7.0841735e-01   1.0000000e+00
   2.4400000e+00   7.0551951e-01   1.0000000e+00
   2.4600000e+00   7.0271150e-01   1.0000000e+00
   2.4800000e+00   7.0065645e-01   1.0000000e+00
   2.5000000e+00   6.9882736e-01   1.0000000e+00
   2.5200000e+00   6.9722423e-01   1.0000000e+00
   2.5400000e+00   6.9512093e-01   1.0000000e+00
   2.5600000e+00   6.9319227e-01   1.0000000e+00
   2.5800000e+00   6.9143827e-01   1.0000000e+00
   2.6000000e+00   6.8956830e-01   1.0000000e+00
   2.6200000e+00   6.8763965e-01   1.0000000e+00
   2.6400000e+00   6.8565232e-01   1.0000000e+00
   2.6600000e+00   6.8401567e-01   1.0000000e+00
   2.6800000e+00   6.8212860e-01   1.0000000e+00
   2.7000000e+00   6.7999109e-01   1.0000000e+00
   2.7200000e+00   6.7875603e-01   1.0000000e+00
   2.7400000e+00   6.7726957e-01   1.0000000e+00
   2.7600000e+00   6.7553169e-01   1.0000000e+00
   2.7800000e+00   6.7339418e-01   1.0000000e+00
   2.8000000e+00   6.7130729e-01   1.0000000e+00
   2.8200000e+00   6.6927101e-01   1.0000000e+00
   2.8400000e+00   6.6766788e-01   1.0000000e+00
   2.8600000e+00   6.6606475e-01   1.0000000e+00
   2.8800000e+00   6.6446162e-01   1.0000000e+00
   2.9000000e+00   6.6326077e-01   1.0000000e+00
   2.9200000e+00   6.6198316e-01   1.0000000e+00
   2.9400000e+00   6.6062879e-01   1.0000000e+00
   2.9600000e+00   6.5902566e-01   1.0000000e+00
   2.9800000e+00   6.5742253e-01   1.0000000e+00
   3.0000000e+00   6.5581939e-01   1.0000000e+00
   3.0200000e+00   6.5421626e-01   1.0000000e+00
   3.0400000e+00   6.5237813e-01   1.0000000e+00
   3.0600000e+00   6.5030500e-01   1.0000000e+00
   3.0800000e+00   6.4816749e-01   1.0000000e+00
   3.1000000e+00   6.4614832e-01   1.0000000e+00
   3.1200000e+00   6.4424748e-01   1.0000000e+00
   3.1400000e+00   6.4264435e-01   1.0000000e+00
   3.1600000e+00   6.4103955e-01   1.0000000e+00
   3.1800000e+00   6.3943308e-01   1.0000000e+00
   3.2000000e+00   6.3729557e-01   1.0000000e+00
   3.2200000e+00   6.3557912e-01   1.0000000e+00
   3.2400000e+00   6.3428372e-01   1.0000000e+00
   3.2600000e+00   6.3321496e-01   1.0000000e+00
   3.2800000e+00   6.3214621e-01   1.0000000e+00
   3.3000000e+00   6.3107745e-01   1.0000000e+00
   3.3200000e+00   6.2979552e-01   1.0000000e+00
   3.3400000e+00   6.2781861e-01   1.0000000e+00
   3.3600000e+00   6.2514672e-01   1.0000000e+00
