   6.0000000e-01   9.3504492e-01   0.0000000e+00
   6.2000000e-01   9.1470645e-01   0.0000000e+00
   6.4000000e-01   8.9069536e-01   0.0000000e+00
   6.6000000e-01   8.6301164e-01   0.0000000e+00
   6.8000000e-01   8.4377407e-01   0.0000000e+00
   7.0000000e-01   8.2590227e-01   0.0000000e+00
   7.2000000e-01   8.0939624e-01   0.0000000e+00
   7.4000000e-01   7.9268774e-01   0.0000000e+00
   7.6000000e-01   7.7722599e-01   0.0000000e+00
   7.8000000e-01   7.6301099e-01   0.0000000e+00
   8.0000000e-01   7.5296309e-01   0.0000000e+00
   8.2000000e-01   7.4312975e-01   0.0000000e+00
   8.4000000e-01   7.3351096e-01   0.0000000e+00
   8.6000000e-01   7.2650705e-01   0.0000000e+00
   8.8000000e-01   7.1973480e-01   0.0000000e+00
   9.0000000e-01   7.1319421e-01   0.0000000e+00
   9.2000000e-01   7.0707133e-01   0.0000000e+00
   9.4000000e-01   7.0107082e-01   0.0000000e+00
   9.6000000e-01   6.9519267e-01   0.0000000e+00
   9.8000000e-01   6.8942716e-01   0.0000000e+00
   1.0000000e+00   6.8413971e-01   0.0000000e+00
   1.0200000e+00   6.7933031e-01   0.0000000e+00
   1.0400000e+00   6.7357286e-01   0.0000000e+00
   1.0600000e+00   6.6829111e-01   0.0000000e+00
   1.0800000e+00   6.6348506e-01   0.0000000e+00
   1.1000000e+00   6.5872864e-01   0.0000000e+00
   1.1200000e+00   6.5380258e-01   0.0000000e+00
   1.1400000e+00   6.4870688e-01   0.0000000e+00
   1.1600000e+00   6.4442450e-01   0.0000000e+00
   1.1800000e+00   6.3987861e-01   0.0000000e+00
   1.2000000e+00   6.3506921e-01   0.0000000e+00
   1.2200000e+00   6.3068490e-01   0.0000000e+00
   1.2400000e+00   6.2635524e-01   0.0000000e+00
   1.2600000e+00   6.2208022e-01   0.0000000e+00
   1.2800000e+00   6.1780521e-01   0.0000000e+00
   1.3000000e+00   6.1353019e-01   0.0000000e+00
   1.3200000e+00   6.0925517e-01   0.0000000e+00
   1.3400000e+00   6.0498016e-01   0.0000000e+00
   1.3600000e+00   6.0095154e-01   0.0000000e+00
   1.3800000e+00   5.9716933e-01   0.0000000e+00
   1.4000000e+00   5.9342869e-01   0.0000000e+00
   1.4200000e+00   5.8981779e-01   0.0000000e+00
   1.4400000e+00   5.8633662e-01   0.0000000e+00
   1.4600000e+00   5.8313036e-01   0.0000000e+00
   1.4800000e+00   5.7993717e-01   0.0000000e+00
   1.5000000e+00   5.7675705e-01   0.0000000e+00
   1.5200000e+00   5.7408516e-01   0.0000000e+00
   1.5400000e+00   5.7119135e-01   0.0000000e+00
   1.5600000e+00   5.6807561e-01   0.0000000e+00
   1.5800000e+00   5.6486935e-01   0.0000000e+00
   1.6000000e+00   5.6187361e-01   0.0000000e+00
   1.6200000e+00   5.5908840e-01   0.0000000e+00
   1.6400000e+00   5.5685703e-01   0.0000000e+00
   1.6600000e+00   5.5440540e-01   0.0000000e+00
   1.6800000e+00   5.5173352e-01   0.0000000e+00
   1.7000000e+00   5.4957321e-01   0.0000000e+00
   1.7200000e+00   5.4742430e-01   0.0000000e+00
   1.7400000e+00   5.4528679e-01   0.0000000e+00
   1.7600000e+00   5.4314928e-01   0.0000000e+00
   1.7800000e+00   5.4101177e-01   0.0000000e+00
   1.8000000e+00   5.3887427e-01   0.0000000e+00
   1.8200000e+00   5.3673676e-01   0.0000000e+00
   1.8400000e+00   5.3459925e-01   0.0000000e+00
   1.8600000e+00   5.3246174e-01   0.0000000e+00
   1.8800000e+00   5.2939898e-01   0.0000000e+00
   1.9000000e+00   5.2678341e-01   0.0000000e+00
   1.9200000e+00   5.2461504e-01   0.0000000e+00
   1.9400000e+00   5.2278261e-01   0.0000000e+00
   1.9600000e+00   5.2079764e-01   0.0000000e+00
   1.9800000e+00   5.1866013e-01   0.0000000e+00
   2.0000000e+00   5.1652262e-01   0.0000000e+00
   2.0200000e+00   5.1438511e-01   0.0000000e+00
   2.0400000e+00   5.1224761e-01   0.0000000e+00
   2.0600000e+00   5.1011010e-01   0.0000000e+00
   2.0800000e+00   5.0797259e-01   0.0000000e+00
   2.1000000e+00   5.0583508e-01   0.0000000e+00
   2.1200000e+00   5.0405828e-01   0.0000000e+00
   2.1400000e+00   5.0257181e-01   0.0000000e+00
   2.1600000e+00   5.0137568e-01   0.0000000e+00
   2.1800000e+00   4.9923817e-01   0.0000000e+00
   2.2000000e+00   4.9734137e-01   0.0000000e+00
   2.2200000e+00   4.9568526e-01   0.0000000e+00
   2.2400000e+00   4.9371739e-01   0.0000000e+00
   2.2600000e+00   4.9178874e-01   0.0000000e+00
   2.2800000e+00   4.8989930e-01   0.0000000e+00
   2.3000000e+00   4.8829617e-01   0.0000000e+00
   2.3200000e+00   4.8670041e-01   0.0000000e+00
   2.3400000e+00   4.8511202e-01   0.0000000e+00
   2.3600000e+00   4.8404327e-01   0.0000000e+00
   2.3800000e+00   4.8254206e-01   0.0000000e+00
   2.4000000e+00   4.8060840e-01   0.0000000e+00
   2.4200000e+00   4.7910247e-01   0.0000000e+00
   2.4400000e+00   4.7771556e-01   0.0000000e+00
   2.4600000e+00   4.7644768e-01   0.0000000e+00
   2.4800000e+00   4.7484455e-01   0.0000000e+00
   2.5000000e+00   4.7324142e-01   0.0000000e+00
   2.5200000e+00   4.7163829e-01   0.0000000e+00
   2.5400000e+00   4.7003516e-01   0.0000000e+00
   2.5600000e+00   4.6843203e-01   0.0000000e+00
   2.5800000e+00   4.6682890e-01   0.0000000e+00
   2.6000000e+00   4.6522577e-01   0.0000000e+00
   2.6200000e+00   4.6362264e-01   0.0000000e+00
   2.6400000e+00   4.6201950e-01   0.0000000e+00
   2.6600000e+00   4.6038286e-01   0.0000000e+00
   2.6800000e+00   4.5849578e-01   0.0000000e+00
   2.7000000e+00   4.5635827e-01   0.0000000e+00
   2.7200000e+00   4.5512322e-01   0.0000000e+00
   2.7400000e+00   4.5363675e-01   0.0000000e+00
   2.7600000e+00   4.5189887e-01   0.0000000e+00
   2.7800000e+00   4.5019716e-01   0.0000000e+00
   2.8000000e+00   4.4871070e-01   0.0000000e+00
   2.8200000e+00   4.4743947e-01   0.0000000e+00
   2.8400000e+00   4.4530197e-01   0.0000000e+00
   2.8600000e+00   4.4394288e-01   0.0000000e+00
   2.8800000e+00   4.4336221e-01   0.0000000e+00
   2.9000000e+00   4.4202327e-01   0.0000000e+00
   2.9200000e+00   4.4069504e-01   0.0000000e+00
   2.9400000e+00   4.3937753e-01   0.0000000e+00
   2.9600000e+00   4.3830877e-01   0.0000000e+00
   2.9800000e+00   4.3726616e-01   0.0000000e+00
   3.0000000e+00   4.3624969e-01   0.0000000e+00
   3.0200000e+00   4.3571532e-01   0.0000000e+00
   3.0400000e+00   4.3494594e-01   0.0000000e+00
   3.0600000e+00   4.3394156e-01   0.0000000e+00
   3.0800000e+00   4.3357948e-01   0.0000000e+00
   3.1000000e+00   4.3316177e-01   0.0000000e+00
   3.1200000e+00   4.3268843e-01   0.0000000e+00
   3.1400000e+00   4.3173968e-01   0.0000000e+00
   3.1600000e+00   4.3099812e-01   0.0000000e+00
   3.1800000e+00   4.3046374e-01   0.0000000e+00
   3.2000000e+00   4.2992936e-01   0.0000000e+00
   3.2200000e+00   4.2918446e-01   0.0000000e+00
   3.2400000e+00   4.2822903e-01   0.0000000e+00
   3.2600000e+00   4.2776905e-01   0.0000000e+00
   3.2800000e+00   4.2735134e-01   0.0000000e+00
   3.3000000e+00   4.2697589e-01   0.0000000e+00
   3.3200000e+00   4.2597820e-01   0.0000000e+00
   3.3400000e+00   4.2521216e-01   0.0000000e+00
   3.3600000e+00   4.2467778e-01   0.0000000e+00
   3.3800000e+00   4.2414341e-01   0.0000000e+00
   3.4000000e+00   4.2342297e-01   0.0000000e+00
   3.4200000e+00   4.2251649e-01   0.0000000e+00
   3.4400000e+00   4.2170318e-01   0.0000000e+00
   3.4600000e+00   4.2095995e-01   0.0000000e+00
   3.4800000e+00   4.2028679e-01   0.0000000e+00
   3.5000000e+00   4.1919592e-01   0.0000000e+00
   3.5200000e+00   4.1784892e-01   0.0000000e+00
   3.5400000e+00   4.1624579e-01   0.0000000e+00
   3.5600000e+00   4.1552231e-01   0.0000000e+00
   3.5800000e+00   4.1489339e-01   0.0000000e+00
   3.6000000e+00   4.1435901e-01   0.0000000e+00
   3.6200000e+00   4.1382463e-01   0.0000000e+00
   3.6400000e+00   4.1338009e-01   0.0000000e+00
   3.6600000e+00   4.1302537e-01   0.0000000e+00
   3.6800000e+00   4.1355975e-01   0.0000000e+00
   3.7000000e+00   4.1358658e-01   0.0000000e+00
   3.7200000e+00   4.1310587e-01   0.0000000e+00
   3.7400000e+00   4.1296237e-01   0.0000000e+00
   2.0000000e+00   7.6413940e-01   1.0000000e+00
   2.0200000e+00   7.6146349e-01   1.0000000e+00
   2.0400000e+00   7.5931792e-01   1.0000000e+00
   2.0600000e+00   7.5635305e-01   1.0000000e+00
   2.0800000e+00   7.5326748e-01   1.0000000e+00
   2.1000000e+00   7.5006122e-01   1.0000000e+00
   2.1200000e+00   7.4703531e-01   1.0000000e+00
   2.1400000e+00   7.4418641e-01   1.0000000e+00
   2.1600000e+00   7.4151452e-01   1.0000000e+00
   2.1800000e+00   7.3884264e-01   1.0000000e+00
   2.2000000e+00   7.3617075e-01   1.0000000e+00
   2.2200000e+00   7.3349887e-01   1.0000000e+00
   2.2400000e+00   7.3119172e-01   1.0000000e+00
   2.2600000e+00   7.2884536e-01   1.0000000e+00
   2.2800000e+00   7.2645978e-01   1.0000000e+00
   2.3000000e+00   7.2391930e-01   1.0000000e+00
   2.3200000e+00   7.2158030e-01   1.0000000e+00
   2.3400000e+00   7.1944280e-01   1.0000000e+00
   2.3600000e+00   7.1730529e-01   1.0000000e+00
   2.3800000e+00   7.1495155e-01   1.0000000e+00
   2.4000000e+00   7.1238159e-01   1.0000000e+00
   2.4200000e+00   7.0970970e-01   1.0000000e+00
   2.4400000e+00   7.0713738e-01   1.0000000e+00
   2.4600000e+00   7.0466462e-01   1.0000000e+00
   2.4800000e+00   7.0252711e-01   1.0000000e+00
   2.5000000e+00   7.0038961e-01   1.0000000e+00
   2.5200000e+00   6.9825210e-01   1.0000000e+00
   2.5400000e+00   6.9661476e-01   1.0000000e+00
   2.5600000e+00   6.9480278e-01   1.0000000e+00
   2.5800000e+00   6.9281614e-01   1.0000000e+00
   2.6000000e+00   6.9067863e-01   1.0000000e+00
   2.6200000e+00   6.8854112e-01   1.0000000e+00
   2.6400000e+00   6.8640361e-01   1.0000000e+00
   2.6600000e+00   6.8429962e-01   1.0000000e+00
   2.6800000e+00   6.8244606e-01   1.0000000e+00
   2.7000000e+00   6.8084292e-01   1.0000000e+00
   2.7200000e+00   6.7923979e-01   1.0000000e+00
   2.7400000e+00   6.7763666e-01   1.0000000e+00
   2.7600000e+00   6.7603353e-01   1.0000000e+00
   2.7800000e+00   6.7421250e-01   1.0000000e+00
   2.8000000e+00   6.7233447e-01   1.0000000e+00
   2.8200000e+00   6.7039942e-01   1.0000000e+00
   2.8400000e+00   6.6933067e-01   1.0000000e+00
   2.8600000e+00   6.6774297e-01   1.0000000e+00
   2.8800000e+00   6.6563633e-01   1.0000000e+00
   2.9000000e+00   6.6430338e-01   1.0000000e+00
   2.9200000e+00   6.6295972e-01   1.0000000e+00
   2.9400000e+00   6.6160535e-01   1.0000000e+00
   2.9600000e+00   6.5983327e-01   1.0000000e+00
   2.9800000e+00   6.5790462e-01   1.0000000e+00
   3.0000000e+00   6.5581939e-01   1.0000000e+00
   3.0200000e+00   6.5421626e-01   1.0000000e+00
   3.0400000e+00   6.5261313e-01   1.0000000e+00
   3.0600000e+00   6.5101000e-01   1.0000000e+00
   3.0800000e+00   6.4940687e-01   1.0000000e+00
   3.1000000e+00   6.4780374e-01   1.0000000e+00
   3.1200000e+00   6.4620061e-01   1.0000000e+00
   3.1400000e+00   6.4447747e-01   1.0000000e+00
   3.1600000e+00   6.4255049e-01   1.0000000e+00
   3.1800000e+00   6.4041966e-01   1.0000000e+00
   3.2000000e+00   6.3935091e-01   1.0000000e+00
   3.2200000e+00   6.3807163e-01   1.0000000e+00
   3.2400000e+00   6.3658182e-01   1.0000000e+00
   3.2600000e+00   6.3528308e-01   1.0000000e+00
   3.2800000e+00   6.3419319e-01   1.0000000e+00
   3.3000000e+00   6.3331216e-01   1.0000000e+00
   3.3200000e+00   6.3270673e-01   1.0000000e+00
   3.3400000e+00   6.3186963e-01   1.0000000e+00
   3.3600000e+00   6.3080088e-01   1.0000000e+00
   3.3800000e+00   6.2973212e-01   1.0000000e+00
   3.4000000e+00   6.2866337e-01   1.0000000e+00
   3.4200000e+00   6.2759462e-01   1.0000000e+00
   3.4400000e+00   6.2703675e-01   1.0000000e+00
   3.4600000e+00   6.2661903e-01   1.0000000e+00
   3.4800000e+00   6.2634148e-01   1.0000000e+00
   3.5000000e+00   6.2531695e-01   1.0000000e+00
   3.5200000e+00   6.2480469e-01   1.0000000e+00
   3.5400000e+00   6.2480469e-01   1.0000000e+00
   3.5600000e+00   6.2348521e-01   1.0000000e+00
   3.5800000e+00   6.2202391e-01   1.0000000e+00
   3.6000000e+00   6.2042077e-01   1.0000000e+00
   3.6200000e+00   6.1819815e-01   1.0000000e+00
