   6.0000000e-01   9.5587353e-01   0.0000000e+00
   6.2000000e-01   9.3934746e-01   0.0000000e+00
   6.4000000e-01   9.1810919e-01   0.0000000e+00
   6.6000000e-01   8.9215873e-01   0.0000000e+00
   6.8000000e-01   8.6223362e-01   0.0000000e+00
   7.0000000e-01   8.3526768e-01   0.0000000e+00
   7.2000000e-01   8.1126091e-01   0.0000000e+00
   7.4000000e-01   7.9065284e-01   0.0000000e+00
   7.6000000e-01   7.7172870e-01   0.0000000e+00
   7.8000000e-01   7.5448848e-01   0.0000000e+00
   8.0000000e-01   7.3974451e-01   0.0000000e+00
   8.2000000e-01   7.2435687e-01   0.0000000e+00
   8.4000000e-01   7.0832556e-01   0.0000000e+00
   8.6000000e-01   6.9490912e-01   0.0000000e+00
   8.8000000e-01   6.8172435e-01   0.0000000e+00
   9.0000000e-01   6.6877124e-01   0.0000000e+00
   9.2000000e-01   6.5855301e-01   0.0000000e+00
   9.4000000e-01   6.4960904e-01   0.0000000e+00
   9.6000000e-01   6.4193935e-01   0.0000000e+00
   9.8000000e-01   6.3493613e-01   0.0000000e+00
   1.0000000e+00   6.2769389e-01   0.0000000e+00
   1.0200000e+00   6.2021261e-01   0.0000000e+00
   1.0400000e+00   6.1225730e-01   0.0000000e+00
   1.0600000e+00   6.0516523e-01   0.0000000e+00
   1.0800000e+00   5.9893640e-01   0.0000000e+00
   1.1000000e+00   5.9335193e-01   0.0000000e+00
   1.1200000e+00   5.8755860e-01   0.0000000e+00
   1.1400000e+00   5.8155642e-01   0.0000000e+00
   1.1600000e+00   5.7515864e-01   0.0000000e+00
   1.1800000e+00   5.6928786e-01   0.0000000e+00
   1.2000000e+00   5.6394409e-01   0.0000000e+00
   1.2200000e+00   5.5902540e-01   0.0000000e+00
   1.2400000e+00   5.5416136e-01   0.0000000e+00
   1.2600000e+00   5.4935197e-01   0.0000000e+00
   1.2800000e+00   5.4473433e-01   0.0000000e+00
   1.3000000e+00   5.4028800e-01   0.0000000e+00
   1.3200000e+00   5.3601299e-01   0.0000000e+00
   1.3400000e+00   5.3173797e-01   0.0000000e+00
   1.3600000e+00   5.2795576e-01   0.0000000e+00
   1.3800000e+00   5.2466634e-01   0.0000000e+00
   1.4000000e+00   5.2146008e-01   0.0000000e+00
   1.4200000e+00   5.1825382e-01   0.0000000e+00
   1.4400000e+00   5.1504756e-01   0.0000000e+00
   1.4600000e+00   5.1198410e-01   0.0000000e+00
   1.4800000e+00   5.0911643e-01   0.0000000e+00
   1.5000000e+00   5.0644455e-01   0.0000000e+00
   1.5200000e+00   5.0377266e-01   0.0000000e+00
   1.5400000e+00   5.0110078e-01   0.0000000e+00
   1.5600000e+00   4.9842889e-01   0.0000000e+00
   1.5800000e+00   4.9608420e-01   0.0000000e+00
   1.6000000e+00   4.9384310e-01   0.0000000e+00
   1.6200000e+00   4.9170559e-01   0.0000000e+00
   1.6400000e+00   4.8956808e-01   0.0000000e+00
   1.6600000e+00   4.8743057e-01   0.0000000e+00
   1.6800000e+00   4.8529306e-01   0.0000000e+00
   1.7000000e+00   4.8264398e-01   0.0000000e+00
   1.7200000e+00   4.8057586e-01   0.0000000e+00
   1.7400000e+00   4.7908871e-01   0.0000000e+00
   1.7600000e+00   4.7746346e-01   0.0000000e+00
   1.7800000e+00   4.7558209e-01   0.0000000e+00
   1.8000000e+00   4.7344458e-01   0.0000000e+00
   1.8200000e+00   4.7135199e-01   0.0000000e+00
   1.8400000e+00   4.6950412e-01   0.0000000e+00
   1.8600000e+00   4.6790099e-01   0.0000000e+00
   1.8800000e+00   4.6583523e-01   0.0000000e+00
   1.9000000e+00   4.6407956e-01   0.0000000e+00
   1.9200000e+00   4.6263398e-01   0.0000000e+00
   1.9400000e+00   4.6156523e-01   0.0000000e+00
   1.9600000e+00   4.6044016e-01   0.0000000e+00
   1.9800000e+00   4.5925877e-01   0.0000000e+00
   2.0000000e+00   4.5765564e-01   0.0000000e+00
   2.0200000e+00   4.5631768e-01   0.0000000e+00
   2.0400000e+00   4.5524490e-01   0.0000000e+00
   2.0600000e+00   4.5417614e-01   0.0000000e+00
   2.0800000e+00   4.5310739e-01   0.0000000e+00
   2.1000000e+00   4.5203863e-01   0.0000000e+00
   2.1200000e+00   4.5096988e-01   0.0000000e+00
   2.1400000e+00   4.4993297e-01   0.0000000e+00
   2.1600000e+00   4.4892791e-01   0.0000000e+00
   2.1800000e+00   4.4839353e-01   0.0000000e+00
   2.2000000e+00   4.4761845e-01   0.0000000e+00
   2.2200000e+00   4.4660267e-01   0.0000000e+00
   2.2400000e+00   4.4553392e-01   0.0000000e+00
   2.2600000e+00   4.4458920e-01   0.0000000e+00
   2.2800000e+00   4.4376852e-01   0.0000000e+00
   2.3000000e+00   4.4297133e-01   0.0000000e+00
   2.3200000e+00   4.4178591e-01   0.0000000e+00
   2.3400000e+00   4.4021226e-01   0.0000000e+00
   2.3600000e+00   4.3967788e-01   0.0000000e+00
   2.3800000e+00   4.3871105e-01   0.0000000e+00
   2.4000000e+00   4.3731177e-01   0.0000000e+00
   2.4200000e+00   4.3634022e-01   0.0000000e+00
   2.4400000e+00   4.3538813e-01   0.0000000e+00
   2.4600000e+00   4.3445550e-01   0.0000000e+00
   2.4800000e+00   4.3301729e-01   0.0000000e+00
   2.5000000e+00   4.3203100e-01   0.0000000e+00
   2.5200000e+00   4.3149662e-01   0.0000000e+00
   2.5400000e+00   4.2996189e-01   0.0000000e+00
   2.5600000e+00   4.2877648e-01   0.0000000e+00
   2.5800000e+00   4.2794036e-01   0.0000000e+00
   2.6000000e+00   4.2713914e-01   0.0000000e+00
   2.6200000e+00   4.2620415e-01   0.0000000e+00
   2.6400000e+00   4.2513540e-01   0.0000000e+00
   2.6600000e+00   4.2406665e-01   0.0000000e+00
   2.6800000e+00   4.2299789e-01   0.0000000e+00
   2.7000000e+00   4.2192914e-01   0.0000000e+00
   2.7200000e+00   4.2176284e-01   0.0000000e+00
   2.7400000e+00   4.2134513e-01   0.0000000e+00
   2.7600000e+00   4.2067600e-01   0.0000000e+00
   2.7800000e+00   4.1960725e-01   0.0000000e+00
   2.8000000e+00   4.1863973e-01   0.0000000e+00
   2.8200000e+00   4.1777344e-01   0.0000000e+00
   2.8400000e+00   4.1777344e-01   0.0000000e+00
   2.8600000e+00   4.1725449e-01   0.0000000e+00
   2.8800000e+00   4.1621660e-01   0.0000000e+00
   2.9000000e+00   4.1555013e-01   0.0000000e+00
   2.9200000e+00   4.1509251e-01   0.0000000e+00
   2.9400000e+00   4.1484375e-01   0.0000000e+00
   2.9600000e+00   4.1467480e-01   0.0000000e+00
   2.9800000e+00   4.1429699e-01   0.0000000e+00
   3.0000000e+00   4.1371033e-01   0.0000000e+00
   3.0200000e+00   4.1264157e-01   0.0000000e+00
   3.0400000e+00   4.1180782e-01   0.0000000e+00
   3.0600000e+00   4.1120906e-01   0.0000000e+00
   3.0800000e+00   4.1067469e-01   0.0000000e+00
   3.1000000e+00   4.1002197e-01   0.0000000e+00
   3.1200000e+00   4.0925093e-01   0.0000000e+00
   3.1400000e+00   4.0842218e-01   0.0000000e+00
   3.1600000e+00   4.0800614e-01   0.0000000e+00
   3.1800000e+00   4.0800280e-01   0.0000000e+00
   3.2000000e+00   4.0746842e-01   0.0000000e+00
   3.2200000e+00   4.0714457e-01   0.0000000e+00
   3.2400000e+00   4.0703125e-01   0.0000000e+00
   3.2600000e+00   4.0733564e-01   0.0000000e+00
   3.2800000e+00   4.0784888e-01   0.0000000e+00
   3.3000000e+00   4.0857098e-01   0.0000000e+00
   3.3200000e+00   4.0978186e-01   0.0000000e+00
   3.3400000e+00   4.1145605e-01   0.0000000e+00
   3.3600000e+00   4.1359356e-01   0.0000000e+00
   3.3800000e+00   4.1450914e-01   0.0000000e+00
   3.4000000e+00   4.1536771e-01   0.0000000e+00
   3.4200000e+00   4.1616927e-01   0.0000000e+00
   3.4400000e+00   4.1697084e-01   0.0000000e+00
   3.4600000e+00   4.1777240e-01   0.0000000e+00
   3.4800000e+00   4.1857397e-01   0.0000000e+00
   3.5000000e+00   4.1937554e-01   0.0000000e+00
   3.5200000e+00   4.2017710e-01   0.0000000e+00
   3.5400000e+00   4.2097867e-01   0.0000000e+00
   3.5600000e+00   4.2178023e-01   0.0000000e+00
   3.5800000e+00   4.2258180e-01   0.0000000e+00
   3.6000000e+00   4.2338336e-01   0.0000000e+00
   3.6200000e+00   4.2418493e-01   0.0000000e+00
   3.6400000e+00   4.2478437e-01   0.0000000e+00
   3.6600000e+00   4.2518169e-01   0.0000000e+00
   3.6800000e+00   4.2357856e-01   0.0000000e+00
   3.7000000e+00   4.2222920e-01   0.0000000e+00
   3.7200000e+00   4.2113362e-01   0.0000000e+00
   3.7400000e+00   4.2045574e-01   0.0000000e+00
   3.7600000e+00   4.1984962e-01   0.0000000e+00
   3.7800000e+00   4.1931524e-01   0.0000000e+00
   3.8000000e+00   4.1893841e-01   0.0000000e+00
   2.0000000e+00   7.1308492e-01   1.0000000e+00
   2.0200000e+00   7.0988269e-01   1.0000000e+00
   2.0400000e+00   7.0615011e-01   1.0000000e+00
   2.0600000e+00   7.0323683e-01   1.0000000e+00
   2.0800000e+00   7.0029574e-01   1.0000000e+00
   2.1000000e+00   6.9732684e-01   1.0000000e+00
   2.1200000e+00   6.9448128e-01   1.0000000e+00
   2.1400000e+00   6.9198975e-01   1.0000000e+00
   2.1600000e+00   6.8985224e-01   1.0000000e+00
   2.1800000e+00   6.8771474e-01   1.0000000e+00
   2.2000000e+00   6.8533653e-01   1.0000000e+00
   2.2200000e+00   6.8271762e-01   1.0000000e+00
   2.2400000e+00   6.8077521e-01   1.0000000e+00
   2.2600000e+00   6.7887840e-01   1.0000000e+00
   2.2800000e+00   6.7702719e-01   1.0000000e+00
   2.3000000e+00   6.7502109e-01   1.0000000e+00
   2.3200000e+00   6.7320911e-01   1.0000000e+00
   2.3400000e+00   6.7159123e-01   1.0000000e+00
   2.3600000e+00   6.6945372e-01   1.0000000e+00
   2.3800000e+00   6.6753244e-01   1.0000000e+00
   2.4000000e+00   6.6582739e-01   1.0000000e+00
   2.4200000e+00   6.6422426e-01   1.0000000e+00
   2.4400000e+00   6.6252157e-01   1.0000000e+00
   2.4600000e+00   6.6071931e-01   1.0000000e+00
   2.4800000e+00   6.5866426e-01   1.0000000e+00
   2.5000000e+00   6.5683517e-01   1.0000000e+00
   2.5200000e+00   6.5523204e-01   1.0000000e+00
   2.5400000e+00   6.5362891e-01   1.0000000e+00
   2.5600000e+00   6.5183403e-01   1.0000000e+00
   2.5800000e+00   6.4984739e-01   1.0000000e+00
   2.6000000e+00   6.4770988e-01   1.0000000e+00
   2.6200000e+00   6.4557237e-01   1.0000000e+00
   2.6400000e+00   6.4343486e-01   1.0000000e+00
   2.6600000e+00   6.4129735e-01   1.0000000e+00
   2.6800000e+00   6.3915985e-01   1.0000000e+00
   2.7000000e+00   6.3702234e-01   1.0000000e+00
   2.7200000e+00   6.3533606e-01   1.0000000e+00
   2.7400000e+00   6.3352407e-01   1.0000000e+00
   2.7600000e+00   6.3158637e-01   1.0000000e+00
   2.7800000e+00   6.2944887e-01   1.0000000e+00
   2.8000000e+00   6.2741259e-01   1.0000000e+00
   2.8200000e+00   6.2547755e-01   1.0000000e+00
   2.8400000e+00   6.2440880e-01   1.0000000e+00
   2.8600000e+00   6.2282110e-01   1.0000000e+00
   2.8800000e+00   6.2071445e-01   1.0000000e+00
   2.9000000e+00   6.1897922e-01   1.0000000e+00
   2.9200000e+00   6.1731004e-01   1.0000000e+00
   2.9400000e+00   6.1570691e-01   1.0000000e+00
   2.9600000e+00   6.1427273e-01   1.0000000e+00
   2.9800000e+00   6.1299512e-01   1.0000000e+00
   3.0000000e+00   6.1187408e-01   1.0000000e+00
   3.0200000e+00   6.1027095e-01   1.0000000e+00
   3.0400000e+00   6.0913782e-01   1.0000000e+00
   3.0600000e+00   6.0847469e-01   1.0000000e+00
   3.0800000e+00   6.0723364e-01   1.0000000e+00
   3.1000000e+00   6.0604822e-01   1.0000000e+00
   3.1200000e+00   6.0491843e-01   1.0000000e+00
   3.1400000e+00   6.0438405e-01   1.0000000e+00
   3.1600000e+00   6.0384801e-01   1.0000000e+00
   3.1800000e+00   6.0331029e-01   1.0000000e+00
   3.2000000e+00   6.0224154e-01   1.0000000e+00
   3.2200000e+00   6.0096225e-01   1.0000000e+00
   3.2400000e+00   5.9947245e-01   1.0000000e+00
   3.2600000e+00   5.9847809e-01   1.0000000e+00
   3.2800000e+00   5.9761987e-01   1.0000000e+00
   3.3000000e+00   5.9689777e-01   1.0000000e+00
   2.5100000e+00   7.8948310e-01   2.0000000e+00
   2.5300000e+00   7.8631104e-01   2.0000000e+00
   2.5500000e+00   7.8263881e-01   2.0000000e+00
   2.5700000e+00   7.7889817e-01   2.0000000e+00
   2.5900000e+00   7.7555779e-01   2.0000000e+00
   2.6100000e+00   7.7261769e-01   2.0000000e+00
   2.6300000e+00   7.7048018e-01   2.0000000e+00
   2.6500000e+00   7.6834267e-01   2.0000000e+00
   2.6700000e+00   7.6620516e-01   2.0000000e+00
   2.6900000e+00   7.6406765e-01   2.0000000e+00
   2.7100000e+00   7.6125330e-01   2.0000000e+00
   2.7300000e+00   7.5776212e-01   2.0000000e+00
   2.7500000e+00   7.5368691e-01   2.0000000e+00
   2.7700000e+00   7.4983865e-01   2.0000000e+00
   2.7900000e+00   7.4621733e-01   2.0000000e+00
   2.8100000e+00   7.4364668e-01   2.0000000e+00
   2.8300000e+00   7.4129260e-01   2.0000000e+00
   2.8500000e+00   7.3915509e-01   2.0000000e+00
   2.8700000e+00   7.3805547e-01   2.0000000e+00
   2.8900000e+00   7.3677015e-01   2.0000000e+00
   2.9100000e+00   7.3529911e-01   2.0000000e+00
   2.9300000e+00   7.3426721e-01   2.0000000e+00
   2.9500000e+00   7.3331512e-01   2.0000000e+00
   2.9700000e+00   7.3244284e-01   2.0000000e+00
   2.9900000e+00   7.3083971e-01   2.0000000e+00
   3.0100000e+00   7.2923658e-01   2.0000000e+00
   3.0300000e+00   7.2763345e-01   2.0000000e+00
   3.0500000e+00   7.2650032e-01   2.0000000e+00
   3.0700000e+00   7.2522271e-01   2.0000000e+00
   3.0900000e+00   7.2380062e-01   2.0000000e+00
   3.1100000e+00   7.2243416e-01   2.0000000e+00
   3.1300000e+00   7.2115655e-01   2.0000000e+00
   3.1500000e+00   7.1996779e-01   2.0000000e+00
   3.1700000e+00   7.1837134e-01   2.0000000e+00
   3.1900000e+00   7.1730592e-01   2.0000000e+00
   3.2100000e+00   7.1677155e-01   2.0000000e+00
   3.2300000e+00   7.1539506e-01   2.0000000e+00
   3.2500000e+00   7.1420965e-01   2.0000000e+00
   3.2700000e+00   7.1321529e-01   2.0000000e+00
   3.2900000e+00   7.1268091e-01   2.0000000e+00
   3.3100000e+00   7.1211101e-01   2.0000000e+00
   3.3300000e+00   7.1150557e-01   2.0000000e+00
   3.3500000e+00   7.1043682e-01   2.0000000e+00
   3.3700000e+00   7.0887929e-01   2.0000000e+00
   3.3900000e+00   7.0683299e-01   2.0000000e+00
   3.4100000e+00   7.0469549e-01   2.0000000e+00
   3.4300000e+00   7.0268570e-01   2.0000000e+00
   3.4500000e+00   7.0080363e-01   2.0000000e+00
   3.4700000e+00   6.9892295e-01   2.0000000e+00
   3.4900000e+00   6.9667983e-01   2.0000000e+00
