   6.0000000e-01   9.9639734e-01   0.0000000e+00
   6.2000000e-01   9.8631592e-01   0.0000000e+00
   6.4000000e-01   9.7534512e-01   0.0000000e+00
   6.6000000e-01   9.6348494e-01   0.0000000e+00
   6.8000000e-01   9.4317862e-01   0.0000000e+00
   7.0000000e-01   9.2287229e-01   0.0000000e+00
   7.2000000e-01   9.0256596e-01   0.0000000e+00
   7.4000000e-01   8.8361400e-01   0.0000000e+00
   7.6000000e-01   8.6616326e-01   0.0000000e+00
   7.8000000e-01   8.5021372e-01   0.0000000e+00
   8.0000000e-01   8.3696761e-01   0.0000000e+00
   8.2000000e-01   8.2286328e-01   0.0000000e+00
   8.4000000e-01   8.0790073e-01   0.0000000e+00
   8.6000000e-01   7.9346115e-01   0.0000000e+00
   8.8000000e-01   7.7983989e-01   0.0000000e+00
   9.0000000e-01   7.6703695e-01   0.0000000e+00
   9.2000000e-01   7.5648416e-01   0.0000000e+00
   9.4000000e-01   7.4692503e-01   0.0000000e+00
   9.6000000e-01   7.3835957e-01   0.0000000e+00
   9.8000000e-01   7.3070934e-01   0.0000000e+00
   1.0000000e+00   7.2234202e-01   0.0000000e+00
   1.0200000e+00   7.1325761e-01   0.0000000e+00
   1.0400000e+00   7.0512126e-01   0.0000000e+00
   1.0600000e+00   6.9758130e-01   0.0000000e+00
   1.0800000e+00   6.9063774e-01   0.0000000e+00
   1.1000000e+00   6.8446592e-01   0.0000000e+00
   1.1200000e+00   6.7850295e-01   0.0000000e+00
   1.1400000e+00   6.7274884e-01   0.0000000e+00
   1.1600000e+00   6.6739770e-01   0.0000000e+00
   1.1800000e+00   6.6178305e-01   0.0000000e+00
   1.2000000e+00   6.5590490e-01   0.0000000e+00
   1.2200000e+00   6.5045184e-01   0.0000000e+00
   1.2400000e+00   6.4489921e-01   0.0000000e+00
   1.2600000e+00   6.3924702e-01   0.0000000e+00
   1.2800000e+00   6.3356063e-01   0.0000000e+00
   1.3000000e+00   6.2800801e-01   0.0000000e+00
   1.3200000e+00   6.2258915e-01   0.0000000e+00
   1.3400000e+00   6.1671100e-01   0.0000000e+00
   1.3600000e+00   6.1107925e-01   0.0000000e+00
   1.3800000e+00   6.0569391e-01   0.0000000e+00
   1.4000000e+00   6.0072627e-01   0.0000000e+00
   1.4200000e+00   5.9570802e-01   0.0000000e+00
   1.4400000e+00   5.9063916e-01   0.0000000e+00
   1.4600000e+00   5.8529539e-01   0.0000000e+00
   1.4800000e+00   5.7997776e-01   0.0000000e+00
   1.5000000e+00   5.7468628e-01   0.0000000e+00
   1.5200000e+00   5.7041126e-01   0.0000000e+00
   1.5400000e+00   5.6635817e-01   0.0000000e+00
   1.5600000e+00   5.6252701e-01   0.0000000e+00
   1.5800000e+00   5.5878637e-01   0.0000000e+00
   1.6000000e+00   5.5515100e-01   0.0000000e+00
   1.6200000e+00   5.5162088e-01   0.0000000e+00
   1.6400000e+00   5.4860235e-01   0.0000000e+00
   1.6600000e+00   5.4602432e-01   0.0000000e+00
   1.6800000e+00   5.4388681e-01   0.0000000e+00
   1.7000000e+00   5.4226088e-01   0.0000000e+00
   1.7200000e+00   5.4064635e-01   0.0000000e+00
   1.7400000e+00   5.3904322e-01   0.0000000e+00
   1.7600000e+00   5.3716184e-01   0.0000000e+00
   1.7800000e+00   5.3531398e-01   0.0000000e+00
   1.8000000e+00   5.3349963e-01   0.0000000e+00
   1.8200000e+00   5.3234105e-01   0.0000000e+00
   1.8400000e+00   5.3069300e-01   0.0000000e+00
   1.8600000e+00   5.2855549e-01   0.0000000e+00
   1.8800000e+00   5.2734324e-01   0.0000000e+00
   1.9000000e+00   5.2568379e-01   0.0000000e+00
   1.9200000e+00   5.2357715e-01   0.0000000e+00
   1.9400000e+00   5.2136386e-01   0.0000000e+00
   1.9600000e+00   5.1939933e-01   0.0000000e+00
   1.9800000e+00   5.1768357e-01   0.0000000e+00
   2.0000000e+00   5.1554606e-01   0.0000000e+00
   2.0200000e+00   5.1340855e-01   0.0000000e+00
   2.0400000e+00   5.1127104e-01   0.0000000e+00
   2.0600000e+00   5.1037458e-01   0.0000000e+00
   2.0800000e+00   5.0951065e-01   0.0000000e+00
   2.1000000e+00   5.0867926e-01   0.0000000e+00
   2.1200000e+00   5.0797121e-01   0.0000000e+00
   2.1400000e+00   5.0761719e-01   0.0000000e+00
   2.1600000e+00   5.0761719e-01   0.0000000e+00
   2.1800000e+00   5.0761719e-01   0.0000000e+00
   2.2000000e+00   5.0761719e-01   0.0000000e+00
   2.2200000e+00   5.0761719e-01   0.0000000e+00
   2.2400000e+00   5.0761719e-01   0.0000000e+00
   2.2600000e+00   5.0774122e-01   0.0000000e+00
   2.2800000e+00   5.0798930e-01   0.0000000e+00
   2.3000000e+00   5.0839227e-01   0.0000000e+00
   2.3200000e+00   5.0859375e-01   0.0000000e+00
   2.3400000e+00   5.0859375e-01   0.0000000e+00
   2.3600000e+00   5.0859375e-01   0.0000000e+00
   2.3800000e+00   5.0837752e-01   0.0000000e+00
   2.4000000e+00   5.0794507e-01   0.0000000e+00
   2.4200000e+00   5.0709490e-01   0.0000000e+00
   2.4400000e+00   5.0623500e-01   0.0000000e+00
   2.4600000e+00   5.0536537e-01   0.0000000e+00
   2.4800000e+00   5.0474854e-01   0.0000000e+00
   2.5000000e+00   5.0390574e-01   0.0000000e+00
   2.5200000e+00   5.0283699e-01   0.0000000e+00
   2.5400000e+00   5.0176823e-01   0.0000000e+00
   2.5600000e+00   5.0069948e-01   0.0000000e+00
   2.5800000e+00   4.9963072e-01   0.0000000e+00
   2.6000000e+00   4.9856197e-01   0.0000000e+00
   2.6200000e+00   4.9756831e-01   0.0000000e+00
   2.6400000e+00   4.9664973e-01   0.0000000e+00
   2.6600000e+00   4.9614887e-01   0.0000000e+00
   2.6800000e+00   4.9589844e-01   0.0000000e+00
   2.7000000e+00   4.9589844e-01   0.0000000e+00
   2.7200000e+00   4.9544721e-01   0.0000000e+00
   2.7400000e+00   4.9512169e-01   0.0000000e+00
   2.7600000e+00   4.9492188e-01   0.0000000e+00
   2.7800000e+00   4.9470398e-01   0.0000000e+00
   2.8000000e+00   4.9431097e-01   0.0000000e+00
   2.8200000e+00   4.9374285e-01   0.0000000e+00
   2.8400000e+00   4.9303034e-01   0.0000000e+00
   2.8600000e+00   4.9231784e-01   0.0000000e+00
   2.8800000e+00   4.9160534e-01   0.0000000e+00
   2.9000000e+00   4.9089284e-01   0.0000000e+00
   2.9200000e+00   4.9018033e-01   0.0000000e+00
   2.9400000e+00   4.8946783e-01   0.0000000e+00
   2.9600000e+00   4.8875533e-01   0.0000000e+00
   2.9800000e+00   4.8804282e-01   0.0000000e+00
   3.0000000e+00   4.8733032e-01   0.0000000e+00
   3.0200000e+00   4.8661782e-01   0.0000000e+00
   3.0400000e+00   4.8590532e-01   0.0000000e+00
   3.0600000e+00   4.8519281e-01   0.0000000e+00
   3.0800000e+00   4.8448031e-01   0.0000000e+00
   3.1000000e+00   4.8376781e-01   0.0000000e+00
   3.1200000e+00   4.8305530e-01   0.0000000e+00
   3.1400000e+00   4.8234280e-01   0.0000000e+00
   3.1600000e+00   4.8163030e-01   0.0000000e+00
   3.1800000e+00   4.8091780e-01   0.0000000e+00
   3.2000000e+00   4.8020529e-01   0.0000000e+00
   3.2200000e+00   4.7949279e-01   0.0000000e+00
   3.2400000e+00   4.7878029e-01   0.0000000e+00
   3.2600000e+00   4.7806779e-01   0.0000000e+00
   3.2800000e+00   4.7735528e-01   0.0000000e+00
   3.3000000e+00   4.7664278e-01   0.0000000e+00
   3.3200000e+00   4.7593028e-01   0.0000000e+00
   3.3400000e+00   4.7521778e-01   0.0000000e+00
   3.3600000e+00   4.7450527e-01   0.0000000e+00
   3.3800000e+00   4.7688833e-01   0.0000000e+00
   3.4000000e+00   4.7774131e-01   0.0000000e+00
   3.4200000e+00   4.7706423e-01   0.0000000e+00
   3.4400000e+00   4.7594849e-01   0.0000000e+00
   3.4600000e+00   4.7532124e-01   0.0000000e+00
   3.4800000e+00   4.7518246e-01   0.0000000e+00
   3.5000000e+00   4.7460385e-01   0.0000000e+00
   3.5200000e+00   4.7351299e-01   0.0000000e+00
   3.5400000e+00   4.7190985e-01   0.0000000e+00
   3.5600000e+00   4.6986690e-01   0.0000000e+00
   3.5800000e+00   4.6729192e-01   0.0000000e+00
   3.6000000e+00   4.6418493e-01   0.0000000e+00
   2.0000000e+00   8.2140493e-01   1.0000000e+00
   2.0200000e+00   8.1793147e-01   1.0000000e+00
   2.0400000e+00   8.1445802e-01   1.0000000e+00
   2.0600000e+00   8.1098457e-01   1.0000000e+00
   2.0800000e+00   8.0751112e-01   1.0000000e+00
   2.1000000e+00   8.0403767e-01   1.0000000e+00
   2.1200000e+00   8.0137581e-01   1.0000000e+00
   2.1400000e+00   7.9954235e-01   1.0000000e+00
   2.1600000e+00   7.9853728e-01   1.0000000e+00
   2.1800000e+00   7.9800290e-01   1.0000000e+00
   2.2000000e+00   7.9698712e-01   1.0000000e+00
   2.2200000e+00   7.9548995e-01   1.0000000e+00
   2.2400000e+00   7.9352208e-01   1.0000000e+00
   2.2600000e+00   7.9159343e-01   1.0000000e+00
   2.2800000e+00   7.8970399e-01   1.0000000e+00
   2.3000000e+00   7.8810086e-01   1.0000000e+00
   2.3200000e+00   7.8651247e-01   1.0000000e+00
   2.3400000e+00   7.8493882e-01   1.0000000e+00
   2.3600000e+00   7.8440445e-01   1.0000000e+00
