   6.0000000e-01   9.9501446e-01   0.0000000e+00
   6.2000000e-01   9.8393604e-01   0.0000000e+00
   6.4000000e-01   9.7143553e-01   0.0000000e+00
   6.6000000e-01   9.5751293e-01   0.0000000e+00
   6.8000000e-01   9.3613785e-01   0.0000000e+00
   7.0000000e-01   9.1521803e-01   0.0000000e+00
   7.2000000e-01   8.9475346e-01   0.0000000e+00
   7.4000000e-01   8.7614010e-01   0.0000000e+00
   7.6000000e-01   8.5923680e-01   0.0000000e+00
   7.8000000e-01   8.4404356e-01   0.0000000e+00
   8.0000000e-01   8.3176095e-01   0.0000000e+00
   8.2000000e-01   8.1840556e-01   0.0000000e+00
   8.4000000e-01   8.0397738e-01   0.0000000e+00
   8.6000000e-01   7.9007217e-01   0.0000000e+00
   8.8000000e-01   7.7698529e-01   0.0000000e+00
   9.0000000e-01   7.6471673e-01   0.0000000e+00
   9.2000000e-01   7.5469832e-01   0.0000000e+00
   9.4000000e-01   7.4550058e-01   0.0000000e+00
   9.6000000e-01   7.3712353e-01   0.0000000e+00
   9.8000000e-01   7.2905156e-01   0.0000000e+00
   1.0000000e+00   7.2074056e-01   0.0000000e+00
   1.0200000e+00   7.1219052e-01   0.0000000e+00
   1.0400000e+00   7.0458855e-01   0.0000000e+00
   1.0600000e+00   6.9722561e-01   0.0000000e+00
   1.0800000e+00   6.9010169e-01   0.0000000e+00
   1.1000000e+00   6.8387689e-01   0.0000000e+00
   1.1200000e+00   6.7809261e-01   0.0000000e+00
   1.1400000e+00   6.7274884e-01   0.0000000e+00
   1.1600000e+00   6.6739770e-01   0.0000000e+00
   1.1800000e+00   6.6178305e-01   0.0000000e+00
   1.2000000e+00   6.5590490e-01   0.0000000e+00
   1.2200000e+00   6.5087692e-01   0.0000000e+00
   1.2400000e+00   6.4564982e-01   0.0000000e+00
   1.2600000e+00   6.4022359e-01   0.0000000e+00
   1.2800000e+00   6.3472895e-01   0.0000000e+00
   1.3000000e+00   6.2957693e-01   0.0000000e+00
   1.3200000e+00   6.2476754e-01   0.0000000e+00
   1.3400000e+00   6.1995815e-01   0.0000000e+00
   1.3600000e+00   6.1490235e-01   0.0000000e+00
   1.3800000e+00   6.0960016e-01   0.0000000e+00
   1.4000000e+00   6.0463252e-01   0.0000000e+00
   1.4200000e+00   5.9974401e-01   0.0000000e+00
   1.4400000e+00   5.9493462e-01   0.0000000e+00
   1.4600000e+00   5.8983961e-01   0.0000000e+00
   1.4800000e+00   5.8440532e-01   0.0000000e+00
   1.5000000e+00   5.7863174e-01   0.0000000e+00
   1.5200000e+00   5.7489110e-01   0.0000000e+00
   1.5400000e+00   5.7070661e-01   0.0000000e+00
   1.5600000e+00   5.6607826e-01   0.0000000e+00
   1.5800000e+00   5.6225044e-01   0.0000000e+00
   1.6000000e+00   5.5862813e-01   0.0000000e+00
   1.6200000e+00   5.5521134e-01   0.0000000e+00
   1.6400000e+00   5.5165843e-01   0.0000000e+00
   1.6600000e+00   5.4854603e-01   0.0000000e+00
   1.6800000e+00   5.4587414e-01   0.0000000e+00
   1.7000000e+00   5.4371383e-01   0.0000000e+00
   1.7200000e+00   5.4156492e-01   0.0000000e+00
   1.7400000e+00   5.3942742e-01   0.0000000e+00
   1.7600000e+00   5.3673342e-01   0.0000000e+00
   1.7800000e+00   5.3394487e-01   0.0000000e+00
   1.8000000e+00   5.3106177e-01   0.0000000e+00
   1.8200000e+00   5.2892426e-01   0.0000000e+00
   1.8400000e+00   5.2678675e-01   0.0000000e+00
   1.8600000e+00   5.2464924e-01   0.0000000e+00
   1.8800000e+00   5.2204911e-01   0.0000000e+00
   1.9000000e+00   5.1924011e-01   0.0000000e+00
   1.9200000e+00   5.1622226e-01   0.0000000e+00
   1.9400000e+00   5.1347460e-01   0.0000000e+00
   1.9600000e+00   5.1097570e-01   0.0000000e+00
   1.9800000e+00   5.0872555e-01   0.0000000e+00
   2.0000000e+00   5.0605367e-01   0.0000000e+00
   2.0200000e+00   5.0364696e-01   0.0000000e+00
   2.0400000e+00   5.0150542e-01   0.0000000e+00
   2.0600000e+00   4.9895423e-01   0.0000000e+00
   2.0800000e+00   4.9649120e-01   0.0000000e+00
   2.1000000e+00   4.9411633e-01   0.0000000e+00
   2.1200000e+00   4.9215918e-01   0.0000000e+00
   2.1400000e+00   4.9037903e-01   0.0000000e+00
   2.1600000e+00   4.8877590e-01   0.0000000e+00
   2.1800000e+00   4.8717277e-01   0.0000000e+00
   2.2000000e+00   4.8556964e-01   0.0000000e+00
   2.2200000e+00   4.8396651e-01   0.0000000e+00
   2.2400000e+00   4.8272811e-01   0.0000000e+00
   2.2600000e+00   4.8157454e-01   0.0000000e+00
   2.2800000e+00   4.8050579e-01   0.0000000e+00
   2.3000000e+00   4.7956844e-01   0.0000000e+00
   2.3200000e+00   4.7883258e-01   0.0000000e+00
   2.3400000e+00   4.7829820e-01   0.0000000e+00
   2.3600000e+00   4.7776382e-01   0.0000000e+00
   2.3800000e+00   4.7744567e-01   0.0000000e+00
   2.4000000e+00   4.7734375e-01   0.0000000e+00
   2.4200000e+00   4.7734375e-01   0.0000000e+00
   2.4400000e+00   4.7734375e-01   0.0000000e+00
   2.4600000e+00   4.7734375e-01   0.0000000e+00
   2.4800000e+00   4.7734375e-01   0.0000000e+00
   2.5000000e+00   4.7734375e-01   0.0000000e+00
   2.5200000e+00   4.7734375e-01   0.0000000e+00
   2.5400000e+00   4.7684358e-01   0.0000000e+00
   2.5600000e+00   4.7613455e-01   0.0000000e+00
   2.5800000e+00   4.7521666e-01   0.0000000e+00
   2.6000000e+00   4.7441475e-01   0.0000000e+00
   2.6200000e+00   4.7367152e-01   0.0000000e+00
   2.6400000e+00   4.7298696e-01   0.0000000e+00
   2.6600000e+00   4.7191821e-01   0.0000000e+00
   2.6800000e+00   4.7084945e-01   0.0000000e+00
   2.7000000e+00   4.6978070e-01   0.0000000e+00
   2.7200000e+00   4.6871195e-01   0.0000000e+00
   2.7400000e+00   4.6730863e-01   0.0000000e+00
   2.7600000e+00   4.6557075e-01   0.0000000e+00
   2.7800000e+00   4.6408694e-01   0.0000000e+00
   2.8000000e+00   4.6297661e-01   0.0000000e+00
   2.8200000e+00   4.6223976e-01   0.0000000e+00
   2.8400000e+00   4.6063663e-01   0.0000000e+00
   2.8600000e+00   4.5903350e-01   0.0000000e+00
   2.8800000e+00   4.5743037e-01   0.0000000e+00
   2.9000000e+00   4.5622952e-01   0.0000000e+00
   2.9200000e+00   4.5509472e-01   0.0000000e+00
   2.9400000e+00   4.5402596e-01   0.0000000e+00
   2.9600000e+00   4.5278826e-01   0.0000000e+00
   2.9800000e+00   4.5134169e-01   0.0000000e+00
   3.0000000e+00   4.4968628e-01   0.0000000e+00
   3.0200000e+00   4.4754877e-01   0.0000000e+00
   3.0400000e+00   4.4517626e-01   0.0000000e+00
   3.0600000e+00   4.4256875e-01   0.0000000e+00
   3.0800000e+00   4.4095687e-01   0.0000000e+00
   3.1000000e+00   4.3961656e-01   0.0000000e+00
   3.1200000e+00   4.3854780e-01   0.0000000e+00
   3.1400000e+00   4.3747905e-01   0.0000000e+00
   3.1600000e+00   4.3641363e-01   0.0000000e+00
   3.1800000e+00   4.3535156e-01   0.0000000e+00
   3.2000000e+00   4.3535156e-01   0.0000000e+00
   3.2200000e+00   4.3493051e-01   0.0000000e+00
   3.2400000e+00   4.3408840e-01   0.0000000e+00
   2.1600000e+00   8.0206140e-01   1.0000000e+00
   2.1800000e+00   7.9938951e-01   1.0000000e+00
   2.2000000e+00   7.9719903e-01   1.0000000e+00
   2.2200000e+00   7.9548995e-01   1.0000000e+00
   2.2400000e+00   7.9279261e-01   1.0000000e+00
   2.2600000e+00   7.8971677e-01   1.0000000e+00
   2.2800000e+00   7.8626244e-01   1.0000000e+00
   2.3000000e+00   7.8265320e-01   1.0000000e+00
   2.3200000e+00   7.7926020e-01   1.0000000e+00
   2.3400000e+00   7.7608342e-01   1.0000000e+00
   2.3600000e+00   7.7394591e-01   1.0000000e+00
   2.3800000e+00   7.7202463e-01   1.0000000e+00
   2.4000000e+00   7.7031958e-01   1.0000000e+00
   2.4200000e+00   7.6840066e-01   1.0000000e+00
   2.4400000e+00   7.6667113e-01   1.0000000e+00
   2.4600000e+00   7.6513100e-01   1.0000000e+00
   2.4800000e+00   7.6459662e-01   1.0000000e+00
   2.5000000e+00   7.6406225e-01   1.0000000e+00
   2.5200000e+00   7.6352787e-01   1.0000000e+00
   2.5400000e+00   7.6299349e-01   1.0000000e+00
   2.5600000e+00   7.6245911e-01   1.0000000e+00
   2.5800000e+00   7.6192474e-01   1.0000000e+00
   2.6000000e+00   7.6010061e-01   1.0000000e+00
   2.6200000e+00   7.5762995e-01   1.0000000e+00
   2.6400000e+00   7.5451275e-01   1.0000000e+00
   2.6600000e+00   7.5139555e-01   1.0000000e+00
   2.6800000e+00   7.4827835e-01   1.0000000e+00
   2.7000000e+00   7.4516116e-01   1.0000000e+00
   2.7200000e+00   7.4204396e-01   1.0000000e+00
   2.7400000e+00   7.3892676e-01   1.0000000e+00
   2.7600000e+00   7.3580956e-01   1.0000000e+00
   2.7800000e+00   7.3269236e-01   1.0000000e+00
   2.8000000e+00   7.2951611e-01   1.0000000e+00
   2.8200000e+00   7.2628080e-01   1.0000000e+00
   2.8400000e+00   7.2254016e-01   1.0000000e+00
   2.8600000e+00   7.1983741e-01   1.0000000e+00
   2.8800000e+00   7.1817256e-01   1.0000000e+00
   2.9000000e+00   7.1656943e-01   1.0000000e+00
