   6.1000000e-01   9.6648431e-01   0.0000000e+00
   6.3000000e-01   9.5287750e-01   0.0000000e+00
   6.5000000e-01   9.3425815e-01   0.0000000e+00
   6.7000000e-01   9.1265780e-01   0.0000000e+00
   6.9000000e-01   8.8807645e-01   0.0000000e+00
   7.1000000e-01   8.6804768e-01   0.0000000e+00
   7.3000000e-01   8.4892240e-01   0.0000000e+00
   7.5000000e-01   8.3070060e-01   0.0000000e+00
   7.7000000e-01   8.1439773e-01   0.0000000e+00
   7.9000000e-01   7.9908483e-01   0.0000000e+00
   8.1000000e-01   7.8476192e-01   0.0000000e+00
   8.3000000e-01   7.7086811e-01   0.0000000e+00
   8.5000000e-01   7.5828175e-01   0.0000000e+00
   8.7000000e-01   7.4700283e-01   0.0000000e+00
   8.9000000e-01   7.3618722e-01   0.0000000e+00
   9.1000000e-01   7.2587011e-01   0.0000000e+00
   9.3000000e-01   7.1605151e-01   0.0000000e+00
   9.5000000e-01   7.0748605e-01   0.0000000e+00
   9.7000000e-01   6.9954715e-01   0.0000000e+00
   9.9000000e-01   6.9223483e-01   0.0000000e+00
   1.0100000e+00   6.8635668e-01   0.0000000e+00
   1.0300000e+00   6.8047853e-01   0.0000000e+00
   1.0500000e+00   6.7460039e-01   0.0000000e+00
   1.0700000e+00   6.6943697e-01   0.0000000e+00
   1.0900000e+00   6.6457091e-01   0.0000000e+00
   1.1100000e+00   6.6000222e-01   0.0000000e+00
   1.1300000e+00   6.5572720e-01   0.0000000e+00
   1.1500000e+00   6.5144850e-01   0.0000000e+00
   1.1700000e+00   6.4716611e-01   0.0000000e+00
   1.1900000e+00   6.4235672e-01   0.0000000e+00
   1.2100000e+00   6.3818495e-01   0.0000000e+00
   1.2300000e+00   6.3465081e-01   0.0000000e+00
   1.2500000e+00   6.3051929e-01   0.0000000e+00
   1.2700000e+00   6.2614471e-01   0.0000000e+00
   1.2900000e+00   6.2152707e-01   0.0000000e+00
   1.3100000e+00   6.1717697e-01   0.0000000e+00
   1.3300000e+00   6.1259722e-01   0.0000000e+00
   1.3500000e+00   6.0778782e-01   0.0000000e+00
   1.3700000e+00   6.0297843e-01   0.0000000e+00
   1.3900000e+00   5.9816904e-01   0.0000000e+00
   1.4100000e+00   5.9335964e-01   0.0000000e+00
   1.4300000e+00   5.8855025e-01   0.0000000e+00
   1.4500000e+00   5.8381226e-01   0.0000000e+00
   1.4700000e+00   5.7914568e-01   0.0000000e+00
   1.4900000e+00   5.7489680e-01   0.0000000e+00
   1.5100000e+00   5.7090205e-01   0.0000000e+00
   1.5300000e+00   5.6716141e-01   0.0000000e+00
   1.5500000e+00   5.6297691e-01   0.0000000e+00
   1.5700000e+00   5.5923794e-01   0.0000000e+00
   1.5900000e+00   5.5594450e-01   0.0000000e+00
   1.6100000e+00   5.5285156e-01   0.0000000e+00
   1.6300000e+00   5.4952864e-01   0.0000000e+00
   1.6500000e+00   5.4597572e-01   0.0000000e+00
   1.6700000e+00   5.4330384e-01   0.0000000e+00
   1.6900000e+00   5.4063195e-01   0.0000000e+00
   1.7100000e+00   5.3796007e-01   0.0000000e+00
   1.7300000e+00   5.3528818e-01   0.0000000e+00
   1.7500000e+00   5.3275542e-01   0.0000000e+00
   1.7700000e+00   5.3036178e-01   0.0000000e+00
   1.7900000e+00   5.2822427e-01   0.0000000e+00
   1.8100000e+00   5.2608676e-01   0.0000000e+00
   1.8300000e+00   5.2394925e-01   0.0000000e+00
   1.8500000e+00   5.2181175e-01   0.0000000e+00
   1.8700000e+00   5.1967424e-01   0.0000000e+00
   1.8900000e+00   5.1753673e-01   0.0000000e+00
   1.9100000e+00   5.1539922e-01   0.0000000e+00
   1.9300000e+00   5.1349101e-01   0.0000000e+00
   1.9500000e+00   5.1181210e-01   0.0000000e+00
   1.9700000e+00   5.1074335e-01   0.0000000e+00
   1.9900000e+00   5.0967459e-01   0.0000000e+00
   2.0100000e+00   5.0860584e-01   0.0000000e+00
   2.0300000e+00   5.0753709e-01   0.0000000e+00
   2.0500000e+00   5.0646833e-01   0.0000000e+00
   2.0700000e+00   5.0539958e-01   0.0000000e+00
   2.0900000e+00   5.0433082e-01   0.0000000e+00
   2.1100000e+00   5.0335225e-01   0.0000000e+00
   2.1300000e+00   5.0246384e-01   0.0000000e+00
   2.1500000e+00   5.0192947e-01   0.0000000e+00
   2.1700000e+00   5.0139509e-01   0.0000000e+00
   2.1900000e+00   5.0086071e-01   0.0000000e+00
   2.2100000e+00   5.0032634e-01   0.0000000e+00
   2.2300000e+00   4.9979196e-01   0.0000000e+00
   2.2500000e+00   4.9925758e-01   0.0000000e+00
   2.2700000e+00   4.9897128e-01   0.0000000e+00
   2.2900000e+00   4.9882813e-01   0.0000000e+00
   2.3100000e+00   4.9882813e-01   0.0000000e+00
   2.3300000e+00   4.9879864e-01   0.0000000e+00
   2.3500000e+00   4.9824952e-01   0.0000000e+00
   2.3700000e+00   4.9718077e-01   0.0000000e+00
   2.3900000e+00   4.9611201e-01   0.0000000e+00
   2.4100000e+00   4.9520115e-01   0.0000000e+00
   2.4300000e+00   4.9444819e-01   0.0000000e+00
   2.4500000e+00   4.9371469e-01   0.0000000e+00
   2.4700000e+00   4.9281356e-01   0.0000000e+00
   2.4900000e+00   4.9174481e-01   0.0000000e+00
   2.5100000e+00   4.9067605e-01   0.0000000e+00
   2.5300000e+00   4.8910712e-01   0.0000000e+00
   2.5500000e+00   4.8703802e-01   0.0000000e+00
   2.5700000e+00   4.8566753e-01   0.0000000e+00
   2.5900000e+00   4.8418107e-01   0.0000000e+00
   2.6100000e+00   4.8257862e-01   0.0000000e+00
   2.6300000e+00   4.8074147e-01   0.0000000e+00
   2.6500000e+00   4.7925501e-01   0.0000000e+00
   2.6700000e+00   4.7811922e-01   0.0000000e+00
   2.6900000e+00   4.7598172e-01   0.0000000e+00
   2.7100000e+00   4.7429543e-01   0.0000000e+00
   2.7300000e+00   4.7306038e-01   0.0000000e+00
   2.7500000e+00   4.7132250e-01   0.0000000e+00
   2.7700000e+00   4.6971166e-01   0.0000000e+00
   2.7900000e+00   4.6822784e-01   0.0000000e+00
   2.8100000e+00   4.6738976e-01   0.0000000e+00
   2.8300000e+00   4.6590197e-01   0.0000000e+00
   2.8500000e+00   4.6376446e-01   0.0000000e+00
   2.8700000e+00   4.6318379e-01   0.0000000e+00
   2.8900000e+00   4.6242513e-01   0.0000000e+00
   2.9100000e+00   4.6148847e-01   0.0000000e+00
   2.9300000e+00   4.6041972e-01   0.0000000e+00
   2.9500000e+00   4.5935096e-01   0.0000000e+00
   2.9700000e+00   4.5828221e-01   0.0000000e+00
   2.9900000e+00   4.5721345e-01   0.0000000e+00
   3.0100000e+00   4.5614470e-01   0.0000000e+00
   3.0300000e+00   4.5507594e-01   0.0000000e+00
   3.0500000e+00   4.5400719e-01   0.0000000e+00
   3.0700000e+00   4.5293844e-01   0.0000000e+00
   3.0900000e+00   4.5186968e-01   0.0000000e+00
   3.1100000e+00   4.5103760e-01   0.0000000e+00
   3.1300000e+00   4.5029437e-01   0.0000000e+00
   3.1500000e+00   4.4963998e-01   0.0000000e+00
   3.1700000e+00   4.4857123e-01   0.0000000e+00
   3.1900000e+00   4.4750247e-01   0.0000000e+00
   3.2100000e+00   4.4643372e-01   0.0000000e+00
   3.2300000e+00   4.4578602e-01   0.0000000e+00
   3.2500000e+00   4.4504279e-01   0.0000000e+00
   3.2700000e+00   4.4420402e-01   0.0000000e+00
   3.2900000e+00   4.4332299e-01   0.0000000e+00
   3.3100000e+00   4.4261529e-01   0.0000000e+00
   3.3300000e+00   4.4208091e-01   0.0000000e+00
   3.3500000e+00   4.4154653e-01   0.0000000e+00
   3.3700000e+00   4.4076777e-01   0.0000000e+00
   3.3900000e+00   4.3974462e-01   0.0000000e+00
   3.4100000e+00   4.3904797e-01   0.0000000e+00
   3.4300000e+00   4.3843246e-01   0.0000000e+00
   3.4500000e+00   4.3789809e-01   0.0000000e+00
   3.4700000e+00   4.3736371e-01   0.0000000e+00
   3.4900000e+00   4.3684039e-01   0.0000000e+00
   3.5100000e+00   4.3632813e-01   0.0000000e+00
   3.5300000e+00   4.3632813e-01   0.0000000e+00
   3.5500000e+00   4.3632813e-01   0.0000000e+00
   3.5700000e+00   4.3632813e-01   0.0000000e+00
   2.0700000e+00   7.8860270e-01   1.0000000e+00
   2.0900000e+00   7.8664290e-01   1.0000000e+00
   2.1100000e+00   7.8360564e-01   1.0000000e+00
   2.1300000e+00   7.7949093e-01   1.0000000e+00
   2.1500000e+00   7.7260771e-01   1.0000000e+00
   2.1700000e+00   7.6595985e-01   1.0000000e+00
   2.1900000e+00   7.5954732e-01   1.0000000e+00
   2.2100000e+00   7.5602320e-01   1.0000000e+00
   2.2300000e+00   7.5284038e-01   1.0000000e+00
   2.2500000e+00   7.4999885e-01   1.0000000e+00
   2.2700000e+00   7.4707890e-01   1.0000000e+00
   2.2900000e+00   7.4414719e-01   1.0000000e+00
   2.3100000e+00   7.4120375e-01   1.0000000e+00
   2.3300000e+00   7.3906624e-01   1.0000000e+00
   2.3500000e+00   7.3692873e-01   1.0000000e+00
   2.3700000e+00   7.3479122e-01   1.0000000e+00
   2.3900000e+00   7.3308617e-01   1.0000000e+00
   2.4100000e+00   7.3158997e-01   1.0000000e+00
   2.4300000e+00   7.3030263e-01   1.0000000e+00
   2.4500000e+00   7.2903475e-01   1.0000000e+00
   2.4700000e+00   7.2764048e-01   1.0000000e+00
   2.4900000e+00   7.2611981e-01   1.0000000e+00
   2.5100000e+00   7.2505105e-01   1.0000000e+00
   2.5300000e+00   7.2373221e-01   1.0000000e+00
   2.5500000e+00   7.2216328e-01   1.0000000e+00
   2.5700000e+00   7.2017664e-01   1.0000000e+00
   2.5900000e+00   7.1824799e-01   1.0000000e+00
   2.6100000e+00   7.1637733e-01   1.0000000e+00
   2.6300000e+00   7.1477420e-01   1.0000000e+00
   2.6500000e+00   7.1318782e-01   1.0000000e+00
   2.6700000e+00   7.1161821e-01   1.0000000e+00
   2.6900000e+00   7.1054945e-01   1.0000000e+00
   2.7100000e+00   7.0948070e-01   1.0000000e+00
   2.7300000e+00   7.0841194e-01   1.0000000e+00
   2.7500000e+00   7.0767775e-01   1.0000000e+00
   2.7700000e+00   7.0704347e-01   1.0000000e+00
   2.7900000e+00   7.0650909e-01   1.0000000e+00
   2.8100000e+00   7.0597471e-01   1.0000000e+00
   2.8300000e+00   7.0544034e-01   1.0000000e+00
   2.8500000e+00   7.0490596e-01   1.0000000e+00
   2.8700000e+00   7.0437158e-01   1.0000000e+00
   2.8900000e+00   7.0363606e-01   1.0000000e+00
   2.9100000e+00   7.0269941e-01   1.0000000e+00
   2.9300000e+00   7.0163065e-01   1.0000000e+00
   2.9500000e+00   7.0047742e-01   1.0000000e+00
   2.9700000e+00   6.9923972e-01   1.0000000e+00
   2.9900000e+00   6.9758430e-01   1.0000000e+00
   3.0100000e+00   6.9568783e-01   1.0000000e+00
   3.0300000e+00   6.9355033e-01   1.0000000e+00
   3.0500000e+00   6.9141282e-01   1.0000000e+00
   3.0700000e+00   6.8927531e-01   1.0000000e+00
   3.0900000e+00   6.8713780e-01   1.0000000e+00
   3.1100000e+00   6.8523697e-01   1.0000000e+00
   3.1300000e+00   6.8342498e-01   1.0000000e+00
   3.1500000e+00   6.8170184e-01   1.0000000e+00
   3.1700000e+00   6.7957102e-01   1.0000000e+00
   3.1900000e+00   6.7797122e-01   1.0000000e+00
   3.2100000e+00   6.7690247e-01   1.0000000e+00
