   6.0000000e-01   9.7377954e-01   0.0000000e+00
   6.2000000e-01   9.5758330e-01   0.0000000e+00
   6.4000000e-01   9.3964113e-01   0.0000000e+00
   6.6000000e-01   9.1995302e-01   0.0000000e+00
   6.8000000e-01   8.9430292e-01   0.0000000e+00
   7.0000000e-01   8.7092911e-01   0.0000000e+00
   7.2000000e-01   8.4983159e-01   0.0000000e+00
   7.4000000e-01   8.2986385e-01   0.0000000e+00
   7.6000000e-01   8.1121461e-01   0.0000000e+00
   7.8000000e-01   7.9388387e-01   0.0000000e+00
   8.0000000e-01   7.7988480e-01   0.0000000e+00
   8.2000000e-01   7.6567118e-01   0.0000000e+00
   8.4000000e-01   7.5124300e-01   0.0000000e+00
   8.6000000e-01   7.3942970e-01   0.0000000e+00
   8.8000000e-01   7.2805121e-01   0.0000000e+00
   9.0000000e-01   7.1710754e-01   0.0000000e+00
   9.2000000e-01   7.0844753e-01   0.0000000e+00
   9.4000000e-01   7.0099003e-01   0.0000000e+00
   9.6000000e-01   6.9473506e-01   0.0000000e+00
   9.8000000e-01   6.8992566e-01   0.0000000e+00
   1.0000000e+00   6.8511627e-01   0.0000000e+00
   1.0200000e+00   6.8030688e-01   0.0000000e+00
   1.0400000e+00   6.7597151e-01   0.0000000e+00
   1.0600000e+00   6.7184501e-01   0.0000000e+00
   1.0800000e+00   6.6792735e-01   0.0000000e+00
   1.1000000e+00   6.6394601e-01   0.0000000e+00
   1.1200000e+00   6.5987985e-01   0.0000000e+00
   1.1400000e+00   6.5572887e-01   0.0000000e+00
   1.1600000e+00   6.5197349e-01   0.0000000e+00
   1.1800000e+00   6.4769111e-01   0.0000000e+00
   1.2000000e+00   6.4288171e-01   0.0000000e+00
   1.2200000e+00   6.3892249e-01   0.0000000e+00
   1.2400000e+00   6.3491834e-01   0.0000000e+00
   1.2600000e+00   6.3086928e-01   0.0000000e+00
   1.2800000e+00   6.2659427e-01   0.0000000e+00
   1.3000000e+00   6.2231925e-01   0.0000000e+00
   1.3200000e+00   6.1804424e-01   0.0000000e+00
   1.3400000e+00   6.1376922e-01   0.0000000e+00
   1.3600000e+00   6.0974060e-01   0.0000000e+00
   1.3800000e+00   6.0595839e-01   0.0000000e+00
   1.4000000e+00   6.0221775e-01   0.0000000e+00
   1.4200000e+00   5.9834738e-01   0.0000000e+00
   1.4400000e+00   5.9434726e-01   0.0000000e+00
   1.4600000e+00   5.9021506e-01   0.0000000e+00
   1.4800000e+00   5.8626556e-01   0.0000000e+00
   1.5000000e+00   5.8249878e-01   0.0000000e+00
   1.5200000e+00   5.7822376e-01   0.0000000e+00
   1.5400000e+00   5.7417067e-01   0.0000000e+00
   1.5600000e+00   5.7033951e-01   0.0000000e+00
   1.5800000e+00   5.6659887e-01   0.0000000e+00
   1.6000000e+00   5.6306876e-01   0.0000000e+00
   1.6200000e+00   5.5974917e-01   0.0000000e+00
   1.6400000e+00   5.5698343e-01   0.0000000e+00
   1.6600000e+00   5.5399742e-01   0.0000000e+00
   1.6800000e+00   5.5079116e-01   0.0000000e+00
   1.7000000e+00   5.4758490e-01   0.0000000e+00
   1.7200000e+00   5.4477355e-01   0.0000000e+00
   1.7400000e+00   5.4235710e-01   0.0000000e+00
   1.7600000e+00   5.3994135e-01   0.0000000e+00
   1.7800000e+00   5.3731674e-01   0.0000000e+00
   1.8000000e+00   5.3448327e-01   0.0000000e+00
   1.8200000e+00   5.3136684e-01   0.0000000e+00
   1.8400000e+00   5.2873988e-01   0.0000000e+00
   1.8600000e+00   5.2660237e-01   0.0000000e+00
   1.8800000e+00   5.2446486e-01   0.0000000e+00
   1.9000000e+00   5.2250033e-01   0.0000000e+00
   1.9200000e+00   5.2070879e-01   0.0000000e+00
   1.9400000e+00   5.1887636e-01   0.0000000e+00
   1.9600000e+00   5.1694771e-01   0.0000000e+00
   1.9800000e+00   5.1492283e-01   0.0000000e+00
   2.0000000e+00   5.1331970e-01   0.0000000e+00
   2.0200000e+00   5.1171657e-01   0.0000000e+00
   2.0400000e+00   5.1011344e-01   0.0000000e+00
   2.0600000e+00   5.0851031e-01   0.0000000e+00
   2.0800000e+00   5.0705569e-01   0.0000000e+00
   2.1000000e+00   5.0574957e-01   0.0000000e+00
   2.1200000e+00   5.0450046e-01   0.0000000e+00
   2.1400000e+00   5.0310619e-01   0.0000000e+00
   2.1600000e+00   5.0156675e-01   0.0000000e+00
   2.1800000e+00   5.0049799e-01   0.0000000e+00
   2.2000000e+00   4.9942924e-01   0.0000000e+00
   2.2200000e+00   4.9836048e-01   0.0000000e+00
   2.2400000e+00   4.9729173e-01   0.0000000e+00
   2.2600000e+00   4.9634701e-01   0.0000000e+00
   2.2800000e+00   4.9552633e-01   0.0000000e+00
   2.3000000e+00   4.9486055e-01   0.0000000e+00
   2.3200000e+00   4.9399328e-01   0.0000000e+00
   2.3400000e+00   4.9292452e-01   0.0000000e+00
   2.3600000e+00   4.9185577e-01   0.0000000e+00
   2.3800000e+00   4.9078701e-01   0.0000000e+00
   2.4000000e+00   4.8971826e-01   0.0000000e+00
   2.4200000e+00   4.8864951e-01   0.0000000e+00
   2.4400000e+00   4.8768032e-01   0.0000000e+00
   2.4600000e+00   4.8681069e-01   0.0000000e+00
   2.4800000e+00   4.8619385e-01   0.0000000e+00
   2.5000000e+00   4.8535105e-01   0.0000000e+00
   2.5200000e+00   4.8428230e-01   0.0000000e+00
   2.5400000e+00   4.8421389e-01   0.0000000e+00
   2.5600000e+00   4.8379618e-01   0.0000000e+00
   2.5800000e+00   4.8302916e-01   0.0000000e+00
   2.6000000e+00   4.8222725e-01   0.0000000e+00
   2.6200000e+00   4.8148402e-01   0.0000000e+00
   2.6400000e+00   4.8079946e-01   0.0000000e+00
   2.6600000e+00   4.7976422e-01   0.0000000e+00
   2.6800000e+00   4.7897941e-01   0.0000000e+00
   2.7000000e+00   4.7844504e-01   0.0000000e+00
   2.7200000e+00   4.7745943e-01   0.0000000e+00
   2.7400000e+00   4.7659954e-01   0.0000000e+00
   2.7600000e+00   4.7586534e-01   0.0000000e+00
   2.7800000e+00   4.7489517e-01   0.0000000e+00
   2.8000000e+00   4.7360852e-01   0.0000000e+00
   2.8200000e+00   4.7200539e-01   0.0000000e+00
   2.8400000e+00   4.7040226e-01   0.0000000e+00
   2.8600000e+00   4.6905860e-01   0.0000000e+00
   2.8800000e+00   4.6797441e-01   0.0000000e+00
   2.9000000e+00   4.6690566e-01   0.0000000e+00
   2.9200000e+00   4.6569410e-01   0.0000000e+00
   2.9400000e+00   4.6433973e-01   0.0000000e+00
   2.9600000e+00   4.6290555e-01   0.0000000e+00
   2.9800000e+00   4.6165408e-01   0.0000000e+00
   3.0000000e+00   4.6058533e-01   0.0000000e+00
   3.0200000e+00   4.5951657e-01   0.0000000e+00
   3.0400000e+00   4.5844782e-01   0.0000000e+00
   3.0600000e+00   4.5737906e-01   0.0000000e+00
   3.0800000e+00   4.5595697e-01   0.0000000e+00
   3.1000000e+00   4.5468103e-01   0.0000000e+00
   3.1200000e+00   4.5355124e-01   0.0000000e+00
   3.1400000e+00   4.5301687e-01   0.0000000e+00
   3.1600000e+00   4.5248082e-01   0.0000000e+00
   3.1800000e+00   4.5194310e-01   0.0000000e+00
   3.2000000e+00   4.5087435e-01   0.0000000e+00
   3.2200000e+00   4.5022665e-01   0.0000000e+00
   3.2400000e+00   4.5000000e-01   0.0000000e+00
   3.2600000e+00   4.4969561e-01   0.0000000e+00
   3.2800000e+00   4.4937009e-01   0.0000000e+00
   3.3000000e+00   4.4902344e-01   0.0000000e+00
   2.1300000e+00   7.4731050e-01   1.0000000e+00
   2.1500000e+00   7.4611437e-01   1.0000000e+00
   2.1700000e+00   7.4444755e-01   1.0000000e+00
   2.1900000e+00   7.4231004e-01   1.0000000e+00
   2.2100000e+00   7.4161674e-01   1.0000000e+00
   2.2300000e+00   7.3990869e-01   1.0000000e+00
   2.2500000e+00   7.3718589e-01   1.0000000e+00
   2.2700000e+00   7.3418947e-01   1.0000000e+00
   2.2900000e+00   7.3168821e-01   1.0000000e+00
   2.3100000e+00   7.2968211e-01   1.0000000e+00
   2.3300000e+00   7.2806423e-01   1.0000000e+00
   2.3500000e+00   7.2618654e-01   1.0000000e+00
   2.3700000e+00   7.2404903e-01   1.0000000e+00
   2.3900000e+00   7.2104662e-01   1.0000000e+00
   2.4100000e+00   7.1810017e-01   1.0000000e+00
   2.4300000e+00   7.1520970e-01   1.0000000e+00
   2.4500000e+00   7.1273694e-01   1.0000000e+00
   2.4700000e+00   7.1039058e-01   1.0000000e+00
   2.4900000e+00   7.0817061e-01   1.0000000e+00
   2.5100000e+00   7.0549872e-01   1.0000000e+00
   2.5300000e+00   7.0307692e-01   1.0000000e+00
   2.5500000e+00   7.0090521e-01   1.0000000e+00
   2.5700000e+00   6.9915121e-01   1.0000000e+00
   2.5900000e+00   6.9747265e-01   1.0000000e+00
   2.6100000e+00   6.9586951e-01   1.0000000e+00
   2.6300000e+00   6.9426638e-01   1.0000000e+00
   2.6500000e+00   6.9269677e-01   1.0000000e+00
   2.6700000e+00   6.9116066e-01   1.0000000e+00
   2.6900000e+00   6.9062629e-01   1.0000000e+00
   2.7100000e+00   6.9009191e-01   1.0000000e+00
   2.7300000e+00   6.8955753e-01   1.0000000e+00
   2.7500000e+00   6.8868859e-01   1.0000000e+00
   2.7700000e+00   6.8782870e-01   1.0000000e+00
   2.7900000e+00   6.8697784e-01   1.0000000e+00
   2.8100000e+00   6.8634223e-01   1.0000000e+00
   2.8300000e+00   6.8549005e-01   1.0000000e+00
   2.8500000e+00   6.8442129e-01   1.0000000e+00
   2.8700000e+00   6.8231465e-01   1.0000000e+00
   2.8900000e+00   6.8039371e-01   1.0000000e+00
   2.9100000e+00   6.7865849e-01   1.0000000e+00
   2.9300000e+00   6.7705535e-01   1.0000000e+00
   2.9500000e+00   6.7536775e-01   1.0000000e+00
   2.9700000e+00   6.7359566e-01   1.0000000e+00
   2.9900000e+00   6.7151044e-01   1.0000000e+00
   3.0100000e+00   6.6966627e-01   1.0000000e+00
   3.0300000e+00   6.6806314e-01   1.0000000e+00
   3.0500000e+00   6.6552001e-01   1.0000000e+00
   3.0700000e+00   6.6308917e-01   1.0000000e+00
   3.0900000e+00   6.6077062e-01   1.0000000e+00
   3.1100000e+00   6.5839644e-01   1.0000000e+00
   3.1300000e+00   6.5593341e-01   1.0000000e+00
   3.1500000e+00   6.5338153e-01   1.0000000e+00
   3.1700000e+00   6.5123400e-01   1.0000000e+00
   3.1900000e+00   6.4828991e-01   1.0000000e+00
   3.2100000e+00   6.4454927e-01   1.0000000e+00
   3.2300000e+00   6.3996653e-01   1.0000000e+00
   3.2500000e+00   6.3511826e-01   1.0000000e+00
   3.2700000e+00   6.3000448e-01   1.0000000e+00
