   6.0000000e-01   9.5335016e-01   0.0000000e+00
   6.2000000e-01   9.3705004e-01   0.0000000e+00
   6.4000000e-01   9.1567633e-01   0.0000000e+00
   6.6000000e-01   8.8922904e-01   0.0000000e+00
   6.8000000e-01   8.5930393e-01   0.0000000e+00
   7.0000000e-01   8.3256562e-01   0.0000000e+00
   7.2000000e-01   8.0901410e-01   0.0000000e+00
   7.4000000e-01   7.8860183e-01   0.0000000e+00
   7.6000000e-01   7.6988654e-01   0.0000000e+00
   7.8000000e-01   7.5286825e-01   0.0000000e+00
   8.0000000e-01   7.3855339e-01   0.0000000e+00
   8.2000000e-01   7.2338031e-01   0.0000000e+00
   8.4000000e-01   7.0734899e-01   0.0000000e+00
   8.6000000e-01   6.9445554e-01   0.0000000e+00
   8.8000000e-01   6.8200260e-01   0.0000000e+00
   9.0000000e-01   6.6999017e-01   0.0000000e+00
   9.2000000e-01   6.5997175e-01   0.0000000e+00
   9.4000000e-01   6.5094700e-01   0.0000000e+00
   9.6000000e-01   6.4291592e-01   0.0000000e+00
   9.8000000e-01   6.3591270e-01   0.0000000e+00
   1.0000000e+00   6.2867045e-01   0.0000000e+00
   1.0200000e+00   6.2118917e-01   0.0000000e+00
   1.0400000e+00   6.1370789e-01   0.0000000e+00
   1.0600000e+00   6.0658398e-01   0.0000000e+00
   1.0800000e+00   5.9981743e-01   0.0000000e+00
   1.1000000e+00   5.9364560e-01   0.0000000e+00
   1.1200000e+00   5.8762062e-01   0.0000000e+00
   1.1400000e+00   5.8174247e-01   0.0000000e+00
   1.1600000e+00   5.7586432e-01   0.0000000e+00
   1.1800000e+00   5.6998618e-01   0.0000000e+00
   1.2000000e+00   5.6410803e-01   0.0000000e+00
   1.2200000e+00   5.5908005e-01   0.0000000e+00
   1.2400000e+00   5.5431557e-01   0.0000000e+00
   1.2600000e+00   5.4981460e-01   0.0000000e+00
   1.2800000e+00   5.4553958e-01   0.0000000e+00
   1.3000000e+00   5.4130211e-01   0.0000000e+00
   1.3200000e+00   5.3710218e-01   0.0000000e+00
   1.3400000e+00   5.3336154e-01   0.0000000e+00
   1.3600000e+00   5.2986731e-01   0.0000000e+00
   1.3800000e+00   5.2661947e-01   0.0000000e+00
   1.4000000e+00   5.2303707e-01   0.0000000e+00
   1.4200000e+00   5.1963502e-01   0.0000000e+00
   1.4400000e+00   5.1641333e-01   0.0000000e+00
   1.4600000e+00   5.1374144e-01   0.0000000e+00
   1.4800000e+00   5.1108263e-01   0.0000000e+00
   1.5000000e+00   5.0843689e-01   0.0000000e+00
   1.5200000e+00   5.0629938e-01   0.0000000e+00
   1.5400000e+00   5.0393994e-01   0.0000000e+00
   1.5600000e+00   5.0135858e-01   0.0000000e+00
   1.5800000e+00   4.9868669e-01   0.0000000e+00
   1.6000000e+00   4.9622534e-01   0.0000000e+00
   1.6200000e+00   4.9397451e-01   0.0000000e+00
   1.6400000e+00   4.9227751e-01   0.0000000e+00
   1.6600000e+00   4.9036026e-01   0.0000000e+00
   1.6800000e+00   4.8822275e-01   0.0000000e+00
   1.7000000e+00   4.8608524e-01   0.0000000e+00
   1.7200000e+00   4.8394774e-01   0.0000000e+00
   1.7400000e+00   4.8181023e-01   0.0000000e+00
   1.7600000e+00   4.7967272e-01   0.0000000e+00
   1.7800000e+00   4.7769679e-01   0.0000000e+00
   1.8000000e+00   4.7588245e-01   0.0000000e+00
   1.8200000e+00   4.7472386e-01   0.0000000e+00
   1.8400000e+00   4.7307581e-01   0.0000000e+00
   1.8600000e+00   4.7093830e-01   0.0000000e+00
   1.8800000e+00   4.6926342e-01   0.0000000e+00
   1.9000000e+00   4.6762442e-01   0.0000000e+00
   1.9200000e+00   4.6602129e-01   0.0000000e+00
   1.9400000e+00   4.6441816e-01   0.0000000e+00
   1.9600000e+00   4.6287134e-01   0.0000000e+00
   1.9800000e+00   4.6138085e-01   0.0000000e+00
   2.0000000e+00   4.6031209e-01   0.0000000e+00
   2.0200000e+00   4.5897816e-01   0.0000000e+00
   2.0400000e+00   4.5737906e-01   0.0000000e+00
   2.0600000e+00   4.5660330e-01   0.0000000e+00
   2.0800000e+00   4.5565121e-01   0.0000000e+00
   2.1000000e+00   4.5452279e-01   0.0000000e+00
   2.1200000e+00   4.5328037e-01   0.0000000e+00
   2.1400000e+00   4.5236013e-01   0.0000000e+00
   2.1600000e+00   4.5176206e-01   0.0000000e+00
   2.1800000e+00   4.5069331e-01   0.0000000e+00
   2.2000000e+00   4.4962455e-01   0.0000000e+00
   2.2200000e+00   4.4855580e-01   0.0000000e+00
   2.2400000e+00   4.4748704e-01   0.0000000e+00
   2.2600000e+00   4.4641829e-01   0.0000000e+00
   2.2800000e+00   4.4534954e-01   0.0000000e+00
   2.3000000e+00   4.4441219e-01   0.0000000e+00
   2.3200000e+00   4.4366158e-01   0.0000000e+00
   2.3400000e+00   4.4309772e-01   0.0000000e+00
   2.3600000e+00   4.4149459e-01   0.0000000e+00
   2.3800000e+00   4.4032391e-01   0.0000000e+00
   2.4000000e+00   4.3958569e-01   0.0000000e+00
   2.4200000e+00   4.3841974e-01   0.0000000e+00
   2.4400000e+00   4.3723432e-01   0.0000000e+00
   2.4600000e+00   4.3602944e-01   0.0000000e+00
   2.4800000e+00   4.3541260e-01   0.0000000e+00
   2.5000000e+00   4.3456980e-01   0.0000000e+00
   2.5200000e+00   4.3350105e-01   0.0000000e+00
   2.5400000e+00   4.3243230e-01   0.0000000e+00
   2.5600000e+00   4.3136354e-01   0.0000000e+00
   2.5800000e+00   4.3029479e-01   0.0000000e+00
   2.6000000e+00   4.2922603e-01   0.0000000e+00
   2.6200000e+00   4.2815728e-01   0.0000000e+00
   2.6400000e+00   4.2708852e-01   0.0000000e+00
   2.6600000e+00   4.2601977e-01   0.0000000e+00
   2.6800000e+00   4.2495102e-01   0.0000000e+00
   2.7000000e+00   4.2388226e-01   0.0000000e+00
   2.7200000e+00   4.2371596e-01   0.0000000e+00
   2.7400000e+00   4.2329825e-01   0.0000000e+00
   2.7600000e+00   4.2262912e-01   0.0000000e+00
   2.7800000e+00   4.2156037e-01   0.0000000e+00
   2.8000000e+00   4.2059285e-01   0.0000000e+00
   2.8200000e+00   4.1972656e-01   0.0000000e+00
   2.8400000e+00   4.1972656e-01   0.0000000e+00
   2.8600000e+00   4.1920762e-01   0.0000000e+00
   2.8800000e+00   4.1816973e-01   0.0000000e+00
   2.9000000e+00   4.1750325e-01   0.0000000e+00
   2.9200000e+00   4.1690283e-01   0.0000000e+00
   2.9400000e+00   4.1636845e-01   0.0000000e+00
   2.9600000e+00   4.1566512e-01   0.0000000e+00
   2.9800000e+00   4.1480522e-01   0.0000000e+00
   3.0000000e+00   4.1378876e-01   0.0000000e+00
   3.0200000e+00   4.1325438e-01   0.0000000e+00
   3.0400000e+00   4.1272000e-01   0.0000000e+00
   3.0600000e+00   4.1218563e-01   0.0000000e+00
   3.0800000e+00   4.1094458e-01   0.0000000e+00
   3.1000000e+00   4.0975916e-01   0.0000000e+00
   3.1200000e+00   4.0862937e-01   0.0000000e+00
   3.1400000e+00   4.0809499e-01   0.0000000e+00
   3.1600000e+00   4.0755895e-01   0.0000000e+00
   3.1800000e+00   4.0702123e-01   0.0000000e+00
   3.2000000e+00   4.0595247e-01   0.0000000e+00
   3.2200000e+00   4.0509425e-01   0.0000000e+00
   3.2400000e+00   4.0444654e-01   0.0000000e+00
   3.2600000e+00   4.0391217e-01   0.0000000e+00
   3.2800000e+00   4.0347165e-01   0.0000000e+00
   3.3000000e+00   4.0312500e-01   0.0000000e+00
   3.3200000e+00   4.0305394e-01   0.0000000e+00
   3.3400000e+00   4.0275122e-01   0.0000000e+00
   3.3600000e+00   4.0221684e-01   0.0000000e+00
   3.3800000e+00   4.0266001e-01   0.0000000e+00
   2.0100000e+00   7.1176107e-01   1.0000000e+00
   2.0300000e+00   7.0908112e-01   1.0000000e+00
   2.0500000e+00   7.0599152e-01   1.0000000e+00
   2.0700000e+00   7.0249227e-01   1.0000000e+00
   2.0900000e+00   6.9964269e-01   1.0000000e+00
   2.1100000e+00   6.9714914e-01   1.0000000e+00
   2.1300000e+00   6.9501163e-01   1.0000000e+00
   2.1500000e+00   6.9281044e-01   1.0000000e+00
   2.1700000e+00   6.9037389e-01   1.0000000e+00
   2.1900000e+00   6.8770201e-01   1.0000000e+00
   2.2100000e+00   6.8551152e-01   1.0000000e+00
   2.2300000e+00   6.8334753e-01   1.0000000e+00
   2.2500000e+00   6.8121002e-01   1.0000000e+00
   2.2700000e+00   6.7932058e-01   1.0000000e+00
   2.2900000e+00   6.7750860e-01   1.0000000e+00
   2.3100000e+00   6.7577406e-01   1.0000000e+00
   2.3300000e+00   6.7365129e-01   1.0000000e+00
   2.3500000e+00   6.7178834e-01   1.0000000e+00
   2.3700000e+00   6.7018521e-01   1.0000000e+00
   2.3900000e+00   6.6858208e-01   1.0000000e+00
   2.4100000e+00   6.6682106e-01   1.0000000e+00
   2.4300000e+00   6.6490213e-01   1.0000000e+00
   2.4500000e+00   6.6296375e-01   1.0000000e+00
   2.4700000e+00   6.6119299e-01   1.0000000e+00
   2.4900000e+00   6.5958986e-01   1.0000000e+00
   2.5100000e+00   6.5798673e-01   1.0000000e+00
   2.5300000e+00   6.5638360e-01   1.0000000e+00
   2.5500000e+00   6.5478047e-01   1.0000000e+00
   2.5700000e+00   6.5279383e-01   1.0000000e+00
   2.5900000e+00   6.5073176e-01   1.0000000e+00
   2.6100000e+00   6.4859425e-01   1.0000000e+00
   2.6300000e+00   6.4645674e-01   1.0000000e+00
   2.6500000e+00   6.4431923e-01   1.0000000e+00
   2.6700000e+00   6.4218172e-01   1.0000000e+00
   2.6900000e+00   6.4004422e-01   1.0000000e+00
   2.7100000e+00   6.3813232e-01   1.0000000e+00
   2.7300000e+00   6.3644604e-01   1.0000000e+00
   2.7500000e+00   6.3450835e-01   1.0000000e+00
   2.7700000e+00   6.3257969e-01   1.0000000e+00
   2.7900000e+00   6.3066008e-01   1.0000000e+00
   2.8100000e+00   6.2905695e-01   1.0000000e+00
   2.8300000e+00   6.2745382e-01   1.0000000e+00
   2.8500000e+00   6.2585069e-01   1.0000000e+00
   2.8700000e+00   6.2372861e-01   1.0000000e+00
   2.8900000e+00   6.2200110e-01   1.0000000e+00
   2.9100000e+00   6.2066816e-01   1.0000000e+00
   2.9300000e+00   6.1931379e-01   1.0000000e+00
   2.9500000e+00   6.1791951e-01   1.0000000e+00
   2.9700000e+00   6.1648533e-01   1.0000000e+00
   2.9900000e+00   6.1536429e-01   1.0000000e+00
   3.0100000e+00   6.1400220e-01   1.0000000e+00
   3.0300000e+00   6.1239907e-01   1.0000000e+00
   3.0500000e+00   6.1126594e-01   1.0000000e+00
   3.0700000e+00   6.1016500e-01   1.0000000e+00
   3.0900000e+00   6.0909624e-01   1.0000000e+00
   3.1100000e+00   6.0826416e-01   1.0000000e+00
   3.1300000e+00   6.0752093e-01   1.0000000e+00
   3.1500000e+00   6.0686654e-01   1.0000000e+00
   3.1700000e+00   6.0579445e-01   1.0000000e+00
   3.1900000e+00   6.0445684e-01   1.0000000e+00
   3.2100000e+00   6.0285371e-01   1.0000000e+00
   3.2300000e+00   6.0167163e-01   1.0000000e+00
   2.5000000e+00   7.9140472e-01   2.0000000e+00
   2.5200000e+00   7.8819846e-01   2.0000000e+00
   2.5400000e+00   7.8499220e-01   2.0000000e+00
   2.5600000e+00   7.8159418e-01   2.0000000e+00
   2.5800000e+00   7.7800441e-01   2.0000000e+00
   2.6000000e+00   7.7479746e-01   2.0000000e+00
   2.6200000e+00   7.7208331e-01   2.0000000e+00
   2.6400000e+00   7.6986196e-01   2.0000000e+00
   2.6600000e+00   7.6869266e-01   2.0000000e+00
   2.6800000e+00   7.6677207e-01   2.0000000e+00
   2.7000000e+00   7.6410019e-01   2.0000000e+00
   2.7200000e+00   7.6052585e-01   2.0000000e+00
   2.7400000e+00   7.5686836e-01   2.0000000e+00
   2.7600000e+00   7.5312772e-01   2.0000000e+00
   2.7800000e+00   7.4982287e-01   2.0000000e+00
   2.8000000e+00   7.4693574e-01   2.0000000e+00
   2.8200000e+00   7.4446632e-01   2.0000000e+00
   2.8400000e+00   7.4286319e-01   2.0000000e+00
   2.8600000e+00   7.4126006e-01   2.0000000e+00
   2.8800000e+00   7.3965693e-01   2.0000000e+00
   2.9000000e+00   7.3845608e-01   2.0000000e+00
   2.9200000e+00   7.3732128e-01   2.0000000e+00
   2.9400000e+00   7.3625253e-01   2.0000000e+00
   2.9600000e+00   7.3518377e-01   2.0000000e+00
   2.9800000e+00   7.3411502e-01   2.0000000e+00
   3.0000000e+00   7.3304626e-01   2.0000000e+00
   3.0200000e+00   7.3197751e-01   2.0000000e+00
   3.0400000e+00   7.3067376e-01   2.0000000e+00
   3.0600000e+00   7.2913500e-01   2.0000000e+00
   3.0800000e+00   7.2753187e-01   2.0000000e+00
   3.1000000e+00   7.2604707e-01   2.0000000e+00
   3.1200000e+00   7.2468061e-01   2.0000000e+00
   3.1400000e+00   7.2349185e-01   2.0000000e+00
   3.1600000e+00   7.2209925e-01   2.0000000e+00
   3.1800000e+00   7.2050280e-01   2.0000000e+00
   3.2000000e+00   7.1996842e-01   2.0000000e+00
   3.2200000e+00   7.1901299e-01   2.0000000e+00
   3.2400000e+00   7.1763651e-01   2.0000000e+00
   3.2600000e+00   7.1633777e-01   2.0000000e+00
   3.2800000e+00   7.1524788e-01   2.0000000e+00
   3.3000000e+00   7.1436685e-01   2.0000000e+00
   3.3200000e+00   7.1376141e-01   2.0000000e+00
   3.3400000e+00   7.1292432e-01   2.0000000e+00
   3.3600000e+00   7.1185556e-01   2.0000000e+00
   3.3800000e+00   7.1078681e-01   2.0000000e+00
