   6.0000000e-01   9.5489697e-01   0.0000000e+00
   6.2000000e-01   9.3914194e-01   0.0000000e+00
   6.4000000e-01   9.1951251e-01   0.0000000e+00
   6.6000000e-01   8.9600867e-01   0.0000000e+00
   6.8000000e-01   8.6554917e-01   0.0000000e+00
   7.0000000e-01   8.3873174e-01   0.0000000e+00
   7.2000000e-01   8.1555637e-01   0.0000000e+00
   7.4000000e-01   7.9500128e-01   0.0000000e+00
   7.6000000e-01   7.7616933e-01   0.0000000e+00
   7.8000000e-01   7.5906051e-01   0.0000000e+00
   8.0000000e-01   7.4496424e-01   0.0000000e+00
   8.2000000e-01   7.2936608e-01   0.0000000e+00
   8.4000000e-01   7.1226601e-01   0.0000000e+00
   8.6000000e-01   6.9934975e-01   0.0000000e+00
   8.8000000e-01   6.8647910e-01   0.0000000e+00
   9.0000000e-01   6.7365405e-01   0.0000000e+00
   9.2000000e-01   6.6343582e-01   0.0000000e+00
   9.4000000e-01   6.5440537e-01   0.0000000e+00
   9.6000000e-01   6.4656269e-01   0.0000000e+00
   9.8000000e-01   6.3919405e-01   0.0000000e+00
   1.0000000e+00   6.3230346e-01   0.0000000e+00
   1.0200000e+00   6.2589094e-01   0.0000000e+00
   1.0400000e+00   6.1853036e-01   0.0000000e+00
   1.0600000e+00   6.1164547e-01   0.0000000e+00
   1.0800000e+00   6.0523629e-01   0.0000000e+00
   1.1000000e+00   5.9983954e-01   0.0000000e+00
   1.1200000e+00   5.9461244e-01   0.0000000e+00
   1.1400000e+00   5.8955497e-01   0.0000000e+00
   1.1600000e+00   5.8369157e-01   0.0000000e+00
   1.1800000e+00   5.7835517e-01   0.0000000e+00
   1.2000000e+00   5.7354577e-01   0.0000000e+00
   1.2200000e+00   5.6831130e-01   0.0000000e+00
   1.2400000e+00   5.6317638e-01   0.0000000e+00
   1.2600000e+00   5.5814103e-01   0.0000000e+00
   1.2800000e+00   5.5333164e-01   0.0000000e+00
   1.3000000e+00   5.4855979e-01   0.0000000e+00
   1.3200000e+00   5.4382549e-01   0.0000000e+00
   1.3400000e+00   5.3955047e-01   0.0000000e+00
   1.3600000e+00   5.3527545e-01   0.0000000e+00
   1.3800000e+00   5.3100044e-01   0.0000000e+00
   1.4000000e+00   5.2747770e-01   0.0000000e+00
   1.4200000e+00   5.2411319e-01   0.0000000e+00
   1.4400000e+00   5.2090693e-01   0.0000000e+00
   1.4600000e+00   5.1784348e-01   0.0000000e+00
   1.4800000e+00   5.1497581e-01   0.0000000e+00
   1.5000000e+00   5.1230392e-01   0.0000000e+00
   1.5200000e+00   5.0963204e-01   0.0000000e+00
   1.5400000e+00   5.0718208e-01   0.0000000e+00
   1.5600000e+00   5.0495405e-01   0.0000000e+00
   1.5800000e+00   5.0281654e-01   0.0000000e+00
   1.6000000e+00   5.0067904e-01   0.0000000e+00
   1.6200000e+00   4.9854153e-01   0.0000000e+00
   1.6400000e+00   4.9640402e-01   0.0000000e+00
   1.6600000e+00   4.9426651e-01   0.0000000e+00
   1.6800000e+00   4.9212900e-01   0.0000000e+00
   1.7000000e+00   4.8999149e-01   0.0000000e+00
   1.7200000e+00   4.8805144e-01   0.0000000e+00
   1.7400000e+00   4.8630884e-01   0.0000000e+00
   1.7600000e+00   4.8470571e-01   0.0000000e+00
   1.7800000e+00   4.8302179e-01   0.0000000e+00
   1.8000000e+00   4.8125708e-01   0.0000000e+00
   1.8200000e+00   4.7916449e-01   0.0000000e+00
   1.8400000e+00   4.7731662e-01   0.0000000e+00
   1.8600000e+00   4.7571349e-01   0.0000000e+00
   1.8800000e+00   4.7411036e-01   0.0000000e+00
   1.9000000e+00   4.7233425e-01   0.0000000e+00
   1.9200000e+00   4.7038515e-01   0.0000000e+00
   1.9400000e+00   4.6847695e-01   0.0000000e+00
   1.9600000e+00   4.6677759e-01   0.0000000e+00
   1.9800000e+00   4.6528710e-01   0.0000000e+00
   2.0000000e+00   4.6421834e-01   0.0000000e+00
   2.0200000e+00   4.6288441e-01   0.0000000e+00
   2.0400000e+00   4.6128531e-01   0.0000000e+00
   2.0600000e+00   4.6009587e-01   0.0000000e+00
   2.0800000e+00   4.5881825e-01   0.0000000e+00
   2.1000000e+00   4.5745248e-01   0.0000000e+00
   2.1200000e+00   4.5621006e-01   0.0000000e+00
   2.1400000e+00   4.5528981e-01   0.0000000e+00
   2.1600000e+00   4.5469175e-01   0.0000000e+00
   2.1800000e+00   4.5362299e-01   0.0000000e+00
   2.2000000e+00   4.5255424e-01   0.0000000e+00
   2.2200000e+00   4.5148549e-01   0.0000000e+00
   2.2400000e+00   4.5041673e-01   0.0000000e+00
   2.2600000e+00   4.4947201e-01   0.0000000e+00
   2.2800000e+00   4.4865133e-01   0.0000000e+00
   2.3000000e+00   4.4811695e-01   0.0000000e+00
   2.3200000e+00   4.4757521e-01   0.0000000e+00
   2.3400000e+00   4.4702609e-01   0.0000000e+00
   2.3600000e+00   4.4595733e-01   0.0000000e+00
   2.3800000e+00   4.4488858e-01   0.0000000e+00
   2.4000000e+00   4.4381982e-01   0.0000000e+00
   2.4200000e+00   4.4275107e-01   0.0000000e+00
   2.4400000e+00   4.4178188e-01   0.0000000e+00
   2.4600000e+00   4.4091225e-01   0.0000000e+00
   2.4800000e+00   4.4029541e-01   0.0000000e+00
   2.5000000e+00   4.3945261e-01   0.0000000e+00
   2.5200000e+00   4.3838386e-01   0.0000000e+00
   2.5400000e+00   4.3731511e-01   0.0000000e+00
   2.5600000e+00   4.3624635e-01   0.0000000e+00
   2.5800000e+00   4.3517760e-01   0.0000000e+00
   2.6000000e+00   4.3410885e-01   0.0000000e+00
   2.6200000e+00   4.3296500e-01   0.0000000e+00
   2.6400000e+00   4.3174607e-01   0.0000000e+00
   2.6600000e+00   4.3020997e-01   0.0000000e+00
   2.6800000e+00   4.2917473e-01   0.0000000e+00
   2.7000000e+00   4.2864035e-01   0.0000000e+00
   2.7200000e+00   4.2810597e-01   0.0000000e+00
   2.7400000e+00   4.2740431e-01   0.0000000e+00
   2.7600000e+00   4.2653537e-01   0.0000000e+00
   2.7800000e+00   4.2546662e-01   0.0000000e+00
   2.8000000e+00   4.2449910e-01   0.0000000e+00
   2.8200000e+00   4.2363281e-01   0.0000000e+00
   2.8400000e+00   4.2363281e-01   0.0000000e+00
   2.8600000e+00   4.2311387e-01   0.0000000e+00
   2.8800000e+00   4.2207598e-01   0.0000000e+00
   2.9000000e+00   4.2181178e-01   0.0000000e+00
   2.9200000e+00   4.2139407e-01   0.0000000e+00
   2.9400000e+00   4.2082284e-01   0.0000000e+00
   2.9600000e+00   4.1975408e-01   0.0000000e+00
   2.9800000e+00   4.1871147e-01   0.0000000e+00
   3.0000000e+00   4.1769501e-01   0.0000000e+00
   3.0200000e+00   4.1716063e-01   0.0000000e+00
   3.0400000e+00   4.1662625e-01   0.0000000e+00
   3.0600000e+00   4.1609188e-01   0.0000000e+00
   3.0800000e+00   4.1555750e-01   0.0000000e+00
   3.1000000e+00   4.1502312e-01   0.0000000e+00
   3.1200000e+00   4.1448874e-01   0.0000000e+00
   3.1400000e+00   4.1395437e-01   0.0000000e+00
   3.1600000e+00   4.1341832e-01   0.0000000e+00
   3.1800000e+00   4.1288060e-01   0.0000000e+00
   3.2000000e+00   4.1181185e-01   0.0000000e+00
   3.2200000e+00   4.1162731e-01   0.0000000e+00
   3.2400000e+00   4.1232698e-01   0.0000000e+00
   3.2600000e+00   4.1350261e-01   0.0000000e+00
   3.2800000e+00   4.1467824e-01   0.0000000e+00
   3.3000000e+00   4.1585386e-01   0.0000000e+00
   3.3200000e+00   4.1702949e-01   0.0000000e+00
   3.3400000e+00   4.1820512e-01   0.0000000e+00
   3.3600000e+00   4.1938075e-01   0.0000000e+00
   3.3800000e+00   4.2055638e-01   0.0000000e+00
   3.4000000e+00   4.2173201e-01   0.0000000e+00
   3.4200000e+00   4.2290764e-01   0.0000000e+00
   3.4400000e+00   4.2408327e-01   0.0000000e+00
   3.4600000e+00   4.2525890e-01   0.0000000e+00
   3.4800000e+00   4.2643453e-01   0.0000000e+00
   3.5000000e+00   4.2761016e-01   0.0000000e+00
   3.5200000e+00   4.2878579e-01   0.0000000e+00
   3.5400000e+00   4.2996142e-01   0.0000000e+00
   3.5600000e+00   4.3113705e-01   0.0000000e+00
   3.5800000e+00   4.3163404e-01   0.0000000e+00
   3.6000000e+00   4.3145239e-01   0.0000000e+00
   3.6200000e+00   4.3017714e-01   0.0000000e+00
   3.6400000e+00   4.2878287e-01   0.0000000e+00
   3.6600000e+00   4.2726957e-01   0.0000000e+00
   3.6800000e+00   4.2620081e-01   0.0000000e+00
   3.7000000e+00   4.2538583e-01   0.0000000e+00
   3.7200000e+00   4.2482462e-01   0.0000000e+00
   3.7400000e+00   4.2389936e-01   0.0000000e+00
   3.7600000e+00   4.2303947e-01   0.0000000e+00
   3.7800000e+00   4.2224493e-01   0.0000000e+00
   3.8000000e+00   4.2171055e-01   0.0000000e+00
   2.0100000e+00   7.1956752e-01   1.0000000e+00
   2.0300000e+00   7.1636126e-01   1.0000000e+00
   2.0500000e+00   7.1294815e-01   1.0000000e+00
   2.0700000e+00   7.0932821e-01   1.0000000e+00
   2.0900000e+00   7.0588459e-01   1.0000000e+00
   2.1100000e+00   7.0264982e-01   1.0000000e+00
   2.1300000e+00   6.9962391e-01   1.0000000e+00
   2.1500000e+00   6.9688834e-01   1.0000000e+00
   2.1700000e+00   6.9391742e-01   1.0000000e+00
   2.1900000e+00   6.9071116e-01   1.0000000e+00
   2.2100000e+00   6.8846770e-01   1.0000000e+00
   2.2300000e+00   6.8609485e-01   1.0000000e+00
   2.2500000e+00   6.8359260e-01   1.0000000e+00
   2.2700000e+00   6.8141686e-01   1.0000000e+00
   2.2900000e+00   6.7946172e-01   1.0000000e+00
   2.3100000e+00   6.7772718e-01   1.0000000e+00
   2.3300000e+00   6.7558968e-01   1.0000000e+00
   2.3500000e+00   6.7345217e-01   1.0000000e+00
   2.3700000e+00   6.7131466e-01   1.0000000e+00
   2.3900000e+00   6.7004206e-01   1.0000000e+00
   2.4100000e+00   6.6871349e-01   1.0000000e+00
   2.4300000e+00   6.6732894e-01   1.0000000e+00
   2.4500000e+00   6.6572581e-01   1.0000000e+00
   2.4700000e+00   6.6408145e-01   1.0000000e+00
   2.4900000e+00   6.6239586e-01   1.0000000e+00
   2.5100000e+00   6.6025835e-01   1.0000000e+00
   2.5300000e+00   6.5837093e-01   1.0000000e+00
   2.5500000e+00   6.5673360e-01   1.0000000e+00
   2.5700000e+00   6.5513046e-01   1.0000000e+00
   2.5900000e+00   6.5352733e-01   1.0000000e+00
   2.6100000e+00   6.5192420e-01   1.0000000e+00
   2.6300000e+00   6.5017089e-01   1.0000000e+00
   2.6500000e+00   6.4822548e-01   1.0000000e+00
   2.6700000e+00   6.4608797e-01   1.0000000e+00
   2.6900000e+00   6.4395047e-01   1.0000000e+00
   2.7100000e+00   6.4203857e-01   1.0000000e+00
   2.7300000e+00   6.4035229e-01   1.0000000e+00
   2.7500000e+00   6.3841460e-01   1.0000000e+00
   2.7700000e+00   6.3648594e-01   1.0000000e+00
   2.7900000e+00   6.3456633e-01   1.0000000e+00
   2.8100000e+00   6.3306444e-01   1.0000000e+00
   2.8300000e+00   6.3177911e-01   1.0000000e+00
   2.8500000e+00   6.3071036e-01   1.0000000e+00
   2.8700000e+00   6.2912266e-01   1.0000000e+00
   2.8900000e+00   6.2792952e-01   1.0000000e+00
   2.9100000e+00   6.2713095e-01   1.0000000e+00
   2.9300000e+00   6.2602534e-01   1.0000000e+00
   2.9500000e+00   6.2475545e-01   1.0000000e+00
   2.9700000e+00   6.2332127e-01   1.0000000e+00
   2.9900000e+00   6.2225252e-01   1.0000000e+00
   3.0100000e+00   6.2118376e-01   1.0000000e+00
   3.0300000e+00   6.2011501e-01   1.0000000e+00
   3.0500000e+00   6.1904625e-01   1.0000000e+00
   3.0700000e+00   6.1797750e-01   1.0000000e+00
   3.0900000e+00   6.1690874e-01   1.0000000e+00
   3.1100000e+00   6.1560332e-01   1.0000000e+00
   3.1300000e+00   6.1426905e-01   1.0000000e+00
   3.1500000e+00   6.1290593e-01   1.0000000e+00
   3.1700000e+00   6.1236821e-01   1.0000000e+00
   3.1900000e+00   6.1156498e-01   1.0000000e+00
   3.2100000e+00   6.1049622e-01   1.0000000e+00
   3.2300000e+00   6.1026957e-01   1.0000000e+00
   3.2500000e+00   6.0985186e-01   1.0000000e+00
   3.2700000e+00   6.0924308e-01   1.0000000e+00
   2.5000000e+00   7.9902242e-01   2.0000000e+00
   2.5200000e+00   7.9688491e-01   2.0000000e+00
   2.5400000e+00   7.9174636e-01   2.0000000e+00
   2.5600000e+00   7.8708047e-01   2.0000000e+00
   2.5800000e+00   7.8288722e-01   2.0000000e+00
   2.6000000e+00   7.7941343e-01   2.0000000e+00
   2.6200000e+00   7.7622358e-01   2.0000000e+00
   2.6400000e+00   7.7331767e-01   2.0000000e+00
   2.6600000e+00   7.7114665e-01   2.0000000e+00
   2.6800000e+00   7.6872520e-01   2.0000000e+00
   2.7000000e+00   7.6605331e-01   2.0000000e+00
   2.7200000e+00   7.6293020e-01   2.0000000e+00
   2.7400000e+00   7.5993279e-01   2.0000000e+00
   2.7600000e+00   7.5706109e-01   2.0000000e+00
   2.7800000e+00   7.5438921e-01   2.0000000e+00
   2.8000000e+00   7.5171732e-01   2.0000000e+00
   2.8200000e+00   7.4904544e-01   2.0000000e+00
   2.8400000e+00   7.4637355e-01   2.0000000e+00
   2.8600000e+00   7.4422061e-01   2.0000000e+00
   2.8800000e+00   7.4258662e-01   2.0000000e+00
   2.9000000e+00   7.4138577e-01   2.0000000e+00
   2.9200000e+00   7.4025097e-01   2.0000000e+00
   2.9400000e+00   7.3918221e-01   2.0000000e+00
   2.9600000e+00   7.3794451e-01   2.0000000e+00
   2.9800000e+00   7.3655023e-01   2.0000000e+00
   3.0000000e+00   7.3499939e-01   2.0000000e+00
   3.0200000e+00   7.3393063e-01   2.0000000e+00
   3.0400000e+00   7.3286188e-01   2.0000000e+00
   3.0600000e+00   7.3179313e-01   2.0000000e+00
   3.0800000e+00   7.3072437e-01   2.0000000e+00
   3.1000000e+00   7.2965562e-01   2.0000000e+00
   3.1200000e+00   7.2858686e-01   2.0000000e+00
   3.1400000e+00   7.2751811e-01   2.0000000e+00
   3.1600000e+00   7.2644936e-01   2.0000000e+00
   3.1800000e+00   7.2538060e-01   2.0000000e+00
   3.2000000e+00   7.2431185e-01   2.0000000e+00
   3.2200000e+00   7.2324309e-01   2.0000000e+00
   3.2400000e+00   7.2217434e-01   2.0000000e+00
   3.2600000e+00   7.2049681e-01   2.0000000e+00
   3.2800000e+00   7.1858929e-01   2.0000000e+00
   3.3000000e+00   7.1645178e-01   2.0000000e+00
   3.3200000e+00   7.1431427e-01   2.0000000e+00
   3.3400000e+00   7.1217676e-01   2.0000000e+00
   3.3600000e+00   7.1003925e-01   2.0000000e+00
   3.3800000e+00   7.0839052e-01   2.0000000e+00
   3.4000000e+00   7.0676459e-01   2.0000000e+00
   3.4200000e+00   7.0516145e-01   2.0000000e+00
   3.4400000e+00   7.0381377e-01   2.0000000e+00
   3.4600000e+00   7.0260554e-01   2.0000000e+00
   3.4800000e+00   7.0153679e-01   2.0000000e+00
   3.5000000e+00   7.0049015e-01   2.0000000e+00
