   6.1000000e-01   9.6211106e-01   0.0000000e+00
   6.3000000e-01   9.5017913e-01   0.0000000e+00
   6.5000000e-01   9.3190643e-01   0.0000000e+00
   6.7000000e-01   9.0941065e-01   0.0000000e+00
   6.9000000e-01   8.8269180e-01   0.0000000e+00
   7.1000000e-01   8.6052552e-01   0.0000000e+00
   7.3000000e-01   8.3960132e-01   0.0000000e+00
   7.5000000e-01   8.1991920e-01   0.0000000e+00
   7.7000000e-01   8.0321336e-01   0.0000000e+00
   7.9000000e-01   7.8765037e-01   0.0000000e+00
   8.1000000e-01   7.7323025e-01   0.0000000e+00
   8.3000000e-01   7.5666457e-01   0.0000000e+00
   8.5000000e-01   7.4114483e-01   0.0000000e+00
   8.7000000e-01   7.2667104e-01   0.0000000e+00
   8.9000000e-01   7.1386811e-01   0.0000000e+00
   9.1000000e-01   7.0219024e-01   0.0000000e+00
   9.3000000e-01   6.9163745e-01   0.0000000e+00
   9.5000000e-01   6.8289901e-01   0.0000000e+00
   9.7000000e-01   6.7457827e-01   0.0000000e+00
   9.9000000e-01   6.6667525e-01   0.0000000e+00
   1.0100000e+00   6.5972835e-01   0.0000000e+00
   1.0300000e+00   6.5325548e-01   0.0000000e+00
   1.0500000e+00   6.4725664e-01   0.0000000e+00
   1.0700000e+00   6.4209322e-01   0.0000000e+00
   1.0900000e+00   6.3698646e-01   0.0000000e+00
   1.1100000e+00   6.3193637e-01   0.0000000e+00
   1.1300000e+00   6.2684067e-01   0.0000000e+00
   1.1500000e+00   6.2214794e-01   0.0000000e+00
   1.1700000e+00   6.1785818e-01   0.0000000e+00
   1.1900000e+00   6.1251441e-01   0.0000000e+00
   1.2100000e+00   6.0780827e-01   0.0000000e+00
   1.2300000e+00   6.0373975e-01   0.0000000e+00
   1.2500000e+00   5.9969069e-01   0.0000000e+00
   1.2700000e+00   5.9552865e-01   0.0000000e+00
   1.2900000e+00   5.9125364e-01   0.0000000e+00
   1.3100000e+00   5.8705371e-01   0.0000000e+00
   1.3300000e+00   5.8308343e-01   0.0000000e+00
   1.3500000e+00   5.7934279e-01   0.0000000e+00
   1.3700000e+00   5.7510935e-01   0.0000000e+00
   1.3900000e+00   5.7085512e-01   0.0000000e+00
   1.4100000e+00   5.6658010e-01   0.0000000e+00
   1.4300000e+00   5.6282403e-01   0.0000000e+00
   1.4500000e+00   5.5920005e-01   0.0000000e+00
   1.4700000e+00   5.5570818e-01   0.0000000e+00
   1.4900000e+00   5.5151159e-01   0.0000000e+00
   1.5100000e+00   5.4807736e-01   0.0000000e+00
   1.5300000e+00   5.4540547e-01   0.0000000e+00
   1.5500000e+00   5.4228973e-01   0.0000000e+00
   1.5700000e+00   5.3929232e-01   0.0000000e+00
   1.5900000e+00   5.3641325e-01   0.0000000e+00
   1.6100000e+00   5.3374137e-01   0.0000000e+00
   1.6300000e+00   5.3111641e-01   0.0000000e+00
   1.6500000e+00   5.2853839e-01   0.0000000e+00
   1.6700000e+00   5.2640088e-01   0.0000000e+00
   1.6900000e+00   5.2451916e-01   0.0000000e+00
   1.7100000e+00   5.2289323e-01   0.0000000e+00
   1.7300000e+00   5.2129010e-01   0.0000000e+00
   1.7500000e+00   5.1968696e-01   0.0000000e+00
   1.7700000e+00   5.1808383e-01   0.0000000e+00
   1.7900000e+00   5.1648070e-01   0.0000000e+00
   1.8100000e+00   5.1487757e-01   0.0000000e+00
   1.8300000e+00   5.1327444e-01   0.0000000e+00
   1.8500000e+00   5.1167131e-01   0.0000000e+00
   1.8700000e+00   5.1006818e-01   0.0000000e+00
   1.8900000e+00   5.0846505e-01   0.0000000e+00
   1.9100000e+00   5.0720788e-01   0.0000000e+00
   1.9300000e+00   5.0593027e-01   0.0000000e+00
   1.9500000e+00   5.0463222e-01   0.0000000e+00
   1.9700000e+00   5.0314172e-01   0.0000000e+00
   1.9900000e+00   5.0186209e-01   0.0000000e+00
   2.0100000e+00   5.0079334e-01   0.0000000e+00
   2.0300000e+00   4.9919424e-01   0.0000000e+00
   2.0500000e+00   4.9759312e-01   0.0000000e+00
   2.0700000e+00   4.9598999e-01   0.0000000e+00
   2.0900000e+00   4.9408984e-01   0.0000000e+00
   2.1100000e+00   4.9225137e-01   0.0000000e+00
   2.1300000e+00   4.9047457e-01   0.0000000e+00
   2.1500000e+00   4.8940581e-01   0.0000000e+00
   2.1700000e+00   4.8833706e-01   0.0000000e+00
   2.1900000e+00   4.8726830e-01   0.0000000e+00
   2.2100000e+00   4.8571815e-01   0.0000000e+00
   2.2300000e+00   4.8432387e-01   0.0000000e+00
   2.2500000e+00   4.8308548e-01   0.0000000e+00
   2.2700000e+00   4.8176865e-01   0.0000000e+00
   2.2900000e+00   4.8044008e-01   0.0000000e+00
   2.3100000e+00   4.7909977e-01   0.0000000e+00
   2.3300000e+00   4.7855064e-01   0.0000000e+00
   2.3500000e+00   4.7774171e-01   0.0000000e+00
   2.3700000e+00   4.7667295e-01   0.0000000e+00
   2.3900000e+00   4.7560420e-01   0.0000000e+00
   2.4100000e+00   4.7453545e-01   0.0000000e+00
   2.4300000e+00   4.7346669e-01   0.0000000e+00
   2.4500000e+00   4.7239794e-01   0.0000000e+00
   2.4700000e+00   4.7132918e-01   0.0000000e+00
   2.4900000e+00   4.7026043e-01   0.0000000e+00
   2.5100000e+00   4.6919168e-01   0.0000000e+00
   2.5300000e+00   4.6812292e-01   0.0000000e+00
   2.5500000e+00   4.6705417e-01   0.0000000e+00
   2.5700000e+00   4.6560191e-01   0.0000000e+00
   2.5900000e+00   4.6420763e-01   0.0000000e+00
   2.6100000e+00   4.6287134e-01   0.0000000e+00
   2.6300000e+00   4.6180259e-01   0.0000000e+00
   2.6500000e+00   4.6071708e-01   0.0000000e+00
   2.6700000e+00   4.5961481e-01   0.0000000e+00
   2.6900000e+00   4.5801168e-01   0.0000000e+00
   2.7100000e+00   4.5663416e-01   0.0000000e+00
   2.7300000e+00   4.5548226e-01   0.0000000e+00
   2.7500000e+00   4.5441350e-01   0.0000000e+00
   2.7700000e+00   4.5334475e-01   0.0000000e+00
   2.7900000e+00   4.5227599e-01   0.0000000e+00
   2.8100000e+00   4.5140971e-01   0.0000000e+00
   2.8300000e+00   4.5097656e-01   0.0000000e+00
   2.8500000e+00   4.5097656e-01   0.0000000e+00
   2.8700000e+00   4.4993867e-01   0.0000000e+00
   2.8900000e+00   4.4908649e-01   0.0000000e+00
   2.9100000e+00   4.4842002e-01   0.0000000e+00
   2.9300000e+00   4.4788564e-01   0.0000000e+00
   2.9500000e+00   4.4726679e-01   0.0000000e+00
   2.9700000e+00   4.4656346e-01   0.0000000e+00
   2.9900000e+00   4.4554699e-01   0.0000000e+00
   3.0100000e+00   4.4477157e-01   0.0000000e+00
   3.0300000e+00   4.4423719e-01   0.0000000e+00
   3.0500000e+00   4.4323281e-01   0.0000000e+00
   3.0700000e+00   4.4237292e-01   0.0000000e+00
   3.0900000e+00   4.4165750e-01   0.0000000e+00
   3.1100000e+00   4.4088645e-01   0.0000000e+00
   3.1300000e+00   4.4008655e-01   0.0000000e+00
   3.1500000e+00   4.3925781e-01   0.0000000e+00
   3.1700000e+00   4.3925113e-01   0.0000000e+00
   3.1900000e+00   4.3871341e-01   0.0000000e+00
   3.2100000e+00   4.3764466e-01   0.0000000e+00
   3.2300000e+00   4.3657590e-01   0.0000000e+00
   3.2500000e+00   4.3581154e-01   0.0000000e+00
   3.2700000e+00   4.3535156e-01   0.0000000e+00
   3.2900000e+00   4.3497611e-01   0.0000000e+00
   3.3100000e+00   4.3425401e-01   0.0000000e+00
   3.3300000e+00   4.3318526e-01   0.0000000e+00
   3.3500000e+00   4.3211650e-01   0.0000000e+00
   3.3700000e+00   4.3153652e-01   0.0000000e+00
   3.3900000e+00   4.3144531e-01   0.0000000e+00
   3.4100000e+00   4.3070110e-01   0.0000000e+00
   3.4300000e+00   4.2992233e-01   0.0000000e+00
   3.4500000e+00   4.2910902e-01   0.0000000e+00
   3.4700000e+00   4.2857465e-01   0.0000000e+00
   3.4900000e+00   4.2802921e-01   0.0000000e+00
   3.5100000e+00   4.2747272e-01   0.0000000e+00
   3.5300000e+00   4.2640397e-01   0.0000000e+00
   3.5500000e+00   4.2555513e-01   0.0000000e+00
   3.5700000e+00   4.2492620e-01   0.0000000e+00
   3.5900000e+00   4.2439182e-01   0.0000000e+00
   3.6100000e+00   4.2375420e-01   0.0000000e+00
   3.6300000e+00   4.2301332e-01   0.0000000e+00
   3.6500000e+00   4.2212423e-01   0.0000000e+00
   3.6700000e+00   4.2167969e-01   0.0000000e+00
   3.6900000e+00   4.2167969e-01   0.0000000e+00
   3.7100000e+00   4.2066460e-01   0.0000000e+00
   3.7300000e+00   4.1981812e-01   0.0000000e+00
   3.7500000e+00   4.1914024e-01   0.0000000e+00
   3.7700000e+00   4.1860587e-01   0.0000000e+00
   3.7900000e+00   4.1815026e-01   0.0000000e+00
   2.2200000e+00   7.3617409e-01   1.0000000e+00
   2.2400000e+00   7.3294238e-01   1.0000000e+00
   2.2600000e+00   7.2995234e-01   1.0000000e+00
   2.2800000e+00   7.2720399e-01   1.0000000e+00
   2.3000000e+00   7.2560086e-01   1.0000000e+00
   2.3200000e+00   7.2398299e-01   1.0000000e+00
   2.3400000e+00   7.2235037e-01   1.0000000e+00
   2.3600000e+00   7.1967848e-01   1.0000000e+00
   2.3800000e+00   7.1722283e-01   1.0000000e+00
   2.4000000e+00   7.1498340e-01   1.0000000e+00
   2.4200000e+00   7.1253010e-01   1.0000000e+00
   2.4400000e+00   7.0996751e-01   1.0000000e+00
   2.4600000e+00   7.0729562e-01   1.0000000e+00
   2.4800000e+00   7.0470620e-01   1.0000000e+00
   2.5000000e+00   7.0234273e-01   1.0000000e+00
   2.5200000e+00   7.0020522e-01   1.0000000e+00
   2.5400000e+00   6.9806771e-01   1.0000000e+00
   2.5600000e+00   6.9593021e-01   1.0000000e+00
   2.5800000e+00   6.9379270e-01   1.0000000e+00
   2.6000000e+00   6.9165519e-01   1.0000000e+00
   2.6200000e+00   6.8951768e-01   1.0000000e+00
   2.6400000e+00   6.8738017e-01   1.0000000e+00
   2.6600000e+00   6.8524267e-01   1.0000000e+00
   2.6800000e+00   6.8310516e-01   1.0000000e+00
   2.7000000e+00   6.8096765e-01   1.0000000e+00
   2.7200000e+00   6.7837891e-01   1.0000000e+00
   2.7400000e+00   6.7608317e-01   1.0000000e+00
   2.7600000e+00   6.7408041e-01   1.0000000e+00
   2.7800000e+00   6.7247727e-01   1.0000000e+00
   2.8000000e+00   6.7087414e-01   1.0000000e+00
   2.8200000e+00   6.6927101e-01   1.0000000e+00
   2.8400000e+00   6.6766788e-01   1.0000000e+00
   2.8600000e+00   6.6632422e-01   1.0000000e+00
   2.8800000e+00   6.6524004e-01   1.0000000e+00
   2.9000000e+00   6.6417128e-01   1.0000000e+00
   2.9200000e+00   6.6295972e-01   1.0000000e+00
   2.9400000e+00   6.6160535e-01   1.0000000e+00
   2.9600000e+00   6.6000222e-01   1.0000000e+00
   2.9800000e+00   6.5837294e-01   1.0000000e+00
   3.0000000e+00   6.5671753e-01   1.0000000e+00
   3.0200000e+00   6.5458002e-01   1.0000000e+00
   3.0400000e+00   6.5244251e-01   1.0000000e+00
   3.0600000e+00   6.5030500e-01   1.0000000e+00
   3.0800000e+00   6.4887416e-01   1.0000000e+00
   3.1000000e+00   6.4726936e-01   1.0000000e+00
   3.1200000e+00   6.4549060e-01   1.0000000e+00
   3.1400000e+00   6.4317873e-01   1.0000000e+00
   3.1600000e+00   6.4148675e-01   1.0000000e+00
   3.1800000e+00   6.4041465e-01   1.0000000e+00
   3.2000000e+00   6.3881152e-01   1.0000000e+00
