   6.0000000e-01   9.7402191e-01   0.0000000e+00
   6.2000000e-01   9.5912039e-01   0.0000000e+00
   6.4000000e-01   9.4205522e-01   0.0000000e+00
   6.6000000e-01   9.2282639e-01   0.0000000e+00
   6.8000000e-01   8.9664192e-01   0.0000000e+00
   7.0000000e-01   8.7296136e-01   0.0000000e+00
   7.2000000e-01   8.5178471e-01   0.0000000e+00
   7.4000000e-01   8.3215557e-01   0.0000000e+00
   7.6000000e-01   8.1383185e-01   0.0000000e+00
   7.8000000e-01   7.9681356e-01   0.0000000e+00
   8.0000000e-01   7.8260396e-01   0.0000000e+00
   8.2000000e-01   7.6775070e-01   0.0000000e+00
   8.4000000e-01   7.5225377e-01   0.0000000e+00
   8.6000000e-01   7.4041766e-01   0.0000000e+00
   8.8000000e-01   7.2902778e-01   0.0000000e+00
   9.0000000e-01   7.1808410e-01   0.0000000e+00
   9.2000000e-01   7.0913444e-01   0.0000000e+00
   9.4000000e-01   7.0126493e-01   0.0000000e+00
   9.6000000e-01   6.9447558e-01   0.0000000e+00
   9.8000000e-01   6.8913181e-01   0.0000000e+00
   1.0000000e+00   6.8378804e-01   0.0000000e+00
   1.0200000e+00   6.7844427e-01   0.0000000e+00
   1.0400000e+00   6.7404856e-01   0.0000000e+00
   1.0600000e+00   6.6989188e-01   0.0000000e+00
   1.0800000e+00   6.6597423e-01   0.0000000e+00
   1.1000000e+00   6.6199289e-01   0.0000000e+00
   1.1200000e+00   6.5786471e-01   0.0000000e+00
   1.1400000e+00   6.5358969e-01   0.0000000e+00
   1.1600000e+00   6.4931468e-01   0.0000000e+00
   1.1800000e+00   6.4503966e-01   0.0000000e+00
   1.2000000e+00   6.4076465e-01   0.0000000e+00
   1.2200000e+00   6.3733980e-01   0.0000000e+00
   1.2400000e+00   6.3371582e-01   0.0000000e+00
   1.2600000e+00   6.2989272e-01   0.0000000e+00
   1.2800000e+00   6.2561771e-01   0.0000000e+00
   1.3000000e+00   6.2134269e-01   0.0000000e+00
   1.3200000e+00   6.1706767e-01   0.0000000e+00
   1.3400000e+00   6.1279266e-01   0.0000000e+00
   1.3600000e+00   6.0876404e-01   0.0000000e+00
   1.3800000e+00   6.0498183e-01   0.0000000e+00
   1.4000000e+00   6.0124119e-01   0.0000000e+00
   1.4200000e+00   5.9750055e-01   0.0000000e+00
   1.4400000e+00   5.9375991e-01   0.0000000e+00
   1.4600000e+00   5.8973365e-01   0.0000000e+00
   1.4800000e+00   5.8535505e-01   0.0000000e+00
   1.5000000e+00   5.8062408e-01   0.0000000e+00
   1.5200000e+00   5.7741782e-01   0.0000000e+00
   1.5400000e+00   5.7398963e-01   0.0000000e+00
   1.5600000e+00   5.7033951e-01   0.0000000e+00
   1.5800000e+00   5.6659887e-01   0.0000000e+00
   1.6000000e+00   5.6285823e-01   0.0000000e+00
   1.6200000e+00   5.5911759e-01   0.0000000e+00
   1.6400000e+00   5.5547082e-01   0.0000000e+00
   1.6600000e+00   5.5204430e-01   0.0000000e+00
   1.6800000e+00   5.4883803e-01   0.0000000e+00
   1.7000000e+00   5.4614335e-01   0.0000000e+00
   1.7200000e+00   5.4365752e-01   0.0000000e+00
   1.7400000e+00   5.4138054e-01   0.0000000e+00
   1.7600000e+00   5.3896479e-01   0.0000000e+00
   1.7800000e+00   5.3642097e-01   0.0000000e+00
   1.8000000e+00   5.3374908e-01   0.0000000e+00
   1.8200000e+00   5.3112211e-01   0.0000000e+00
   1.8400000e+00   5.2873988e-01   0.0000000e+00
   1.8600000e+00   5.2660237e-01   0.0000000e+00
   1.8800000e+00   5.2446486e-01   0.0000000e+00
   1.9000000e+00   5.2232735e-01   0.0000000e+00
   1.9200000e+00   5.2018984e-01   0.0000000e+00
   1.9400000e+00   5.1828163e-01   0.0000000e+00
   1.9600000e+00   5.1652596e-01   0.0000000e+00
   1.9800000e+00   5.1492283e-01   0.0000000e+00
   2.0000000e+00   5.1331970e-01   0.0000000e+00
   2.0200000e+00   5.1198174e-01   0.0000000e+00
   2.0400000e+00   5.1090896e-01   0.0000000e+00
   2.0600000e+00   5.0901284e-01   0.0000000e+00
   2.0800000e+00   5.0729304e-01   0.0000000e+00
   2.1000000e+00   5.0574957e-01   0.0000000e+00
   2.1200000e+00   5.0468082e-01   0.0000000e+00
   2.1400000e+00   5.0367575e-01   0.0000000e+00
   2.1600000e+00   5.0273437e-01   0.0000000e+00
   2.1800000e+00   5.0273437e-01   0.0000000e+00
   2.2000000e+00   5.0201227e-01   0.0000000e+00
   2.2200000e+00   5.0056807e-01   0.0000000e+00
   2.2400000e+00   4.9969441e-01   0.0000000e+00
   2.2600000e+00   4.9899039e-01   0.0000000e+00
   2.2800000e+00   4.9845602e-01   0.0000000e+00
   2.3000000e+00   4.9792164e-01   0.0000000e+00
   2.3200000e+00   4.9737989e-01   0.0000000e+00
   2.3400000e+00   4.9683077e-01   0.0000000e+00
   2.3600000e+00   4.9576202e-01   0.0000000e+00
   2.3800000e+00   4.9469326e-01   0.0000000e+00
   2.4000000e+00   4.9362451e-01   0.0000000e+00
   2.4200000e+00   4.9287155e-01   0.0000000e+00
   2.4400000e+00   4.9212831e-01   0.0000000e+00
   2.4600000e+00   4.9139481e-01   0.0000000e+00
   2.4800000e+00   4.9032606e-01   0.0000000e+00
   2.5000000e+00   4.8925730e-01   0.0000000e+00
   2.5200000e+00   4.8818855e-01   0.0000000e+00
   2.5400000e+00   4.8711980e-01   0.0000000e+00
   2.5600000e+00   4.8605104e-01   0.0000000e+00
   2.5800000e+00   4.8498229e-01   0.0000000e+00
   2.6000000e+00   4.8418038e-01   0.0000000e+00
   2.6200000e+00   4.8343714e-01   0.0000000e+00
   2.6400000e+00   4.8275259e-01   0.0000000e+00
   2.6600000e+00   4.8168383e-01   0.0000000e+00
   2.6800000e+00   4.8061508e-01   0.0000000e+00
   2.7000000e+00   4.7954633e-01   0.0000000e+00
   2.7200000e+00   4.7847757e-01   0.0000000e+00
   2.7400000e+00   4.7724153e-01   0.0000000e+00
   2.7600000e+00   4.7583822e-01   0.0000000e+00
   2.7800000e+00   4.7423509e-01   0.0000000e+00
   2.8000000e+00   4.7263196e-01   0.0000000e+00
   2.8200000e+00   4.7102882e-01   0.0000000e+00
   2.8400000e+00   4.6942569e-01   0.0000000e+00
   2.8600000e+00   4.6756309e-01   0.0000000e+00
   2.8800000e+00   4.6544101e-01   0.0000000e+00
   2.9000000e+00   4.6410807e-01   0.0000000e+00
   2.9200000e+00   4.6262160e-01   0.0000000e+00
   2.9400000e+00   4.6098161e-01   0.0000000e+00
   2.9600000e+00   4.5918201e-01   0.0000000e+00
   2.9800000e+00   4.5774783e-01   0.0000000e+00
   3.0000000e+00   4.5667908e-01   0.0000000e+00
   3.0200000e+00   4.5561032e-01   0.0000000e+00
   3.0400000e+00   4.5477657e-01   0.0000000e+00
   3.0600000e+00   4.5417781e-01   0.0000000e+00
   3.0800000e+00   4.5329010e-01   0.0000000e+00
   3.1000000e+00   4.5243020e-01   0.0000000e+00
   3.1200000e+00   4.5159812e-01   0.0000000e+00
   3.1400000e+00   4.5106374e-01   0.0000000e+00
   3.1600000e+00   4.5052937e-01   0.0000000e+00
   3.1800000e+00   4.4999499e-01   0.0000000e+00
   3.2000000e+00   4.4946061e-01   0.0000000e+00
   3.2200000e+00   4.4892623e-01   0.0000000e+00
   3.2400000e+00   4.4839186e-01   0.0000000e+00
   3.2600000e+00   4.4816187e-01   0.0000000e+00
   3.2800000e+00   4.4804688e-01   0.0000000e+00
   3.3000000e+00   4.4804688e-01   0.0000000e+00
   3.3200000e+00   4.4797582e-01   0.0000000e+00
   3.3400000e+00   4.4767310e-01   0.0000000e+00
   3.3600000e+00   4.4713872e-01   0.0000000e+00
   3.3800000e+00   4.4709311e-01   0.0000000e+00
   3.4000000e+00   4.4688426e-01   0.0000000e+00
   3.4200000e+00   4.4651215e-01   0.0000000e+00
   3.4400000e+00   4.4648866e-01   0.0000000e+00
   3.4600000e+00   4.4660532e-01   0.0000000e+00
   3.4800000e+00   4.4686214e-01   0.0000000e+00
   2.1000000e+00   7.5432748e-01   1.0000000e+00
   2.1200000e+00   7.5254400e-01   1.0000000e+00
   2.1400000e+00   7.5058350e-01   1.0000000e+00
   2.1600000e+00   7.4844599e-01   1.0000000e+00
   2.1800000e+00   7.4630849e-01   1.0000000e+00
   2.2000000e+00   7.4393028e-01   1.0000000e+00
   2.2200000e+00   7.4131137e-01   1.0000000e+00
   2.2400000e+00   7.3827475e-01   1.0000000e+00
   2.2600000e+00   7.3540138e-01   1.0000000e+00
   2.2800000e+00   7.3269126e-01   1.0000000e+00
   2.3000000e+00   7.3055375e-01   1.0000000e+00
   2.3200000e+00   7.2841624e-01   1.0000000e+00
   2.3400000e+00   7.2627873e-01   1.0000000e+00
   2.3600000e+00   7.2414122e-01   1.0000000e+00
   2.3800000e+00   7.2157126e-01   1.0000000e+00
   2.4000000e+00   7.1856884e-01   1.0000000e+00
   2.4200000e+00   7.1599416e-01   1.0000000e+00
   2.4400000e+00   7.1363807e-01   1.0000000e+00
   2.4600000e+00   7.1150056e-01   1.0000000e+00
   2.4800000e+00   7.0928059e-01   1.0000000e+00
   2.5000000e+00   7.0683466e-01   1.0000000e+00
   2.5200000e+00   7.0416278e-01   1.0000000e+00
   2.5400000e+00   7.0249124e-01   1.0000000e+00
   2.5600000e+00   7.0085390e-01   1.0000000e+00
   2.5800000e+00   6.9925077e-01   1.0000000e+00
   2.6000000e+00   6.9738080e-01   1.0000000e+00
   2.6200000e+00   6.9552724e-01   1.0000000e+00
   2.6400000e+00   6.9369009e-01   1.0000000e+00
   2.6600000e+00   6.9262133e-01   1.0000000e+00
   2.6800000e+00   6.9155258e-01   1.0000000e+00
   2.7000000e+00   6.9048383e-01   1.0000000e+00
   2.7200000e+00   6.8941507e-01   1.0000000e+00
   2.7400000e+00   6.8834632e-01   1.0000000e+00
   2.7600000e+00   6.8727756e-01   1.0000000e+00
   2.7800000e+00   6.8620881e-01   1.0000000e+00
   2.8000000e+00   6.8514005e-01   1.0000000e+00
   2.8200000e+00   6.8407130e-01   1.0000000e+00
   2.8400000e+00   6.8300255e-01   1.0000000e+00
   2.8600000e+00   6.8141485e-01   1.0000000e+00
   2.8800000e+00   6.7930820e-01   1.0000000e+00
   2.9000000e+00   6.7757297e-01   1.0000000e+00
   2.9200000e+00   6.7576099e-01   1.0000000e+00
   2.9400000e+00   6.7387224e-01   1.0000000e+00
   2.9600000e+00   6.7173473e-01   1.0000000e+00
   2.9800000e+00   6.6959722e-01   1.0000000e+00
   3.0000000e+00   6.6745971e-01   1.0000000e+00
   3.0200000e+00   6.6532221e-01   1.0000000e+00
   3.0400000e+00   6.6341970e-01   1.0000000e+00
   3.0600000e+00   6.6175219e-01   1.0000000e+00
   3.0800000e+00   6.5979572e-01   1.0000000e+00
   3.1000000e+00   6.5774874e-01   1.0000000e+00
   3.1200000e+00   6.5561123e-01   1.0000000e+00
   3.1400000e+00   6.5359373e-01   1.0000000e+00
   3.1600000e+00   6.5178007e-01   1.0000000e+00
   3.1800000e+00   6.5017025e-01   1.0000000e+00
   3.2000000e+00   6.4749837e-01   1.0000000e+00
   3.2200000e+00   6.4461596e-01   1.0000000e+00
   3.2400000e+00   6.4152302e-01   1.0000000e+00
   3.2600000e+00   6.3679481e-01   1.0000000e+00
   3.2800000e+00   6.3205481e-01   1.0000000e+00
   3.3000000e+00   6.2730301e-01   1.0000000e+00
