   6.0000000e-01   9.4765472e-01   0.0000000e+00
   6.2000000e-01   9.3044006e-01   0.0000000e+00
   6.4000000e-01   9.0837944e-01   0.0000000e+00
   6.6000000e-01   8.8147286e-01   0.0000000e+00
   6.8000000e-01   8.5208213e-01   0.0000000e+00
   7.0000000e-01   8.2610582e-01   0.0000000e+00
   7.2000000e-01   8.0354394e-01   0.0000000e+00
   7.4000000e-01   7.8386182e-01   0.0000000e+00
   7.6000000e-01   7.6566784e-01   0.0000000e+00
   7.8000000e-01   7.4896200e-01   0.0000000e+00
   8.0000000e-01   7.3464714e-01   0.0000000e+00
   8.2000000e-01   7.1947406e-01   0.0000000e+00
   8.4000000e-01   7.0344274e-01   0.0000000e+00
   8.6000000e-01   6.9159524e-01   0.0000000e+00
   8.8000000e-01   6.7999649e-01   0.0000000e+00
   9.0000000e-01   6.6864651e-01   0.0000000e+00
   9.2000000e-01   6.5916247e-01   0.0000000e+00
   9.4000000e-01   6.5058561e-01   0.0000000e+00
   9.6000000e-01   6.4291592e-01   0.0000000e+00
   9.8000000e-01   6.3602533e-01   0.0000000e+00
   1.0000000e+00   6.2937378e-01   0.0000000e+00
   1.0200000e+00   6.2296125e-01   0.0000000e+00
   1.0400000e+00   6.1512664e-01   0.0000000e+00
   1.0600000e+00   6.0791623e-01   0.0000000e+00
   1.0800000e+00   6.0133004e-01   0.0000000e+00
   1.1000000e+00   5.9521119e-01   0.0000000e+00
   1.1200000e+00   5.8900752e-01   0.0000000e+00
   1.1400000e+00   5.8271903e-01   0.0000000e+00
   1.1600000e+00   5.7684826e-01   0.0000000e+00
   1.1800000e+00   5.7124098e-01   0.0000000e+00
   1.2000000e+00   5.6589721e-01   0.0000000e+00
   1.2200000e+00   5.6097853e-01   0.0000000e+00
   1.2400000e+00   5.5626870e-01   0.0000000e+00
   1.2600000e+00   5.5176772e-01   0.0000000e+00
   1.2800000e+00   5.4730095e-01   0.0000000e+00
   1.3000000e+00   5.4277550e-01   0.0000000e+00
   1.3200000e+00   5.3819138e-01   0.0000000e+00
   1.3400000e+00   5.3498512e-01   0.0000000e+00
   1.3600000e+00   5.3153245e-01   0.0000000e+00
   1.3800000e+00   5.2783339e-01   0.0000000e+00
   1.4000000e+00   5.2446889e-01   0.0000000e+00
   1.4200000e+00   5.2131324e-01   0.0000000e+00
   1.4400000e+00   5.1836645e-01   0.0000000e+00
   1.4600000e+00   5.1555176e-01   0.0000000e+00
   1.4800000e+00   5.1255435e-01   0.0000000e+00
   1.5000000e+00   5.0937424e-01   0.0000000e+00
   1.5200000e+00   5.0670235e-01   0.0000000e+00
   1.5400000e+00   5.0425239e-01   0.0000000e+00
   1.5600000e+00   5.0202436e-01   0.0000000e+00
   1.5800000e+00   4.9988686e-01   0.0000000e+00
   1.6000000e+00   4.9774935e-01   0.0000000e+00
   1.6200000e+00   4.9561184e-01   0.0000000e+00
   1.6400000e+00   4.9338047e-01   0.0000000e+00
   1.6600000e+00   4.9092884e-01   0.0000000e+00
   1.6800000e+00   4.8825696e-01   0.0000000e+00
   1.7000000e+00   4.8609665e-01   0.0000000e+00
   1.7200000e+00   4.8434265e-01   0.0000000e+00
   1.7400000e+00   4.8299496e-01   0.0000000e+00
   1.7600000e+00   4.8136971e-01   0.0000000e+00
   1.7800000e+00   4.7948834e-01   0.0000000e+00
   1.8000000e+00   4.7735083e-01   0.0000000e+00
   1.8200000e+00   4.7530315e-01   0.0000000e+00
   1.8400000e+00   4.7374494e-01   0.0000000e+00
   1.8600000e+00   4.7267618e-01   0.0000000e+00
   1.8800000e+00   4.7068217e-01   0.0000000e+00
   1.9000000e+00   4.6896238e-01   0.0000000e+00
   1.9200000e+00   4.6751680e-01   0.0000000e+00
   1.9400000e+00   4.6621874e-01   0.0000000e+00
   1.9600000e+00   4.6482447e-01   0.0000000e+00
   1.9800000e+00   4.6333397e-01   0.0000000e+00
   2.0000000e+00   4.6226522e-01   0.0000000e+00
   2.0200000e+00   4.6119646e-01   0.0000000e+00
   2.0400000e+00   4.6012771e-01   0.0000000e+00
   2.0600000e+00   4.5864527e-01   0.0000000e+00
   2.0800000e+00   4.5725100e-01   0.0000000e+00
   2.1000000e+00   4.5594488e-01   0.0000000e+00
   2.1200000e+00   4.5505648e-01   0.0000000e+00
   2.1400000e+00   4.5431325e-01   0.0000000e+00
   2.1600000e+00   4.5371519e-01   0.0000000e+00
   2.1800000e+00   4.5264643e-01   0.0000000e+00
   2.2000000e+00   4.5133698e-01   0.0000000e+00
   2.2200000e+00   4.4978682e-01   0.0000000e+00
   2.2400000e+00   4.4854843e-01   0.0000000e+00
   2.2600000e+00   4.4739485e-01   0.0000000e+00
   2.2800000e+00   4.4632610e-01   0.0000000e+00
   2.3000000e+00   4.4525734e-01   0.0000000e+00
   2.3200000e+00   4.4418859e-01   0.0000000e+00
   2.3400000e+00   4.4311984e-01   0.0000000e+00
   2.3600000e+00   4.4205108e-01   0.0000000e+00
   2.3800000e+00   4.4098233e-01   0.0000000e+00
   2.4000000e+00   4.3991357e-01   0.0000000e+00
   2.4200000e+00   4.3884482e-01   0.0000000e+00
   2.4400000e+00   4.3777606e-01   0.0000000e+00
   2.4600000e+00   4.3670731e-01   0.0000000e+00
   2.4800000e+00   4.3563856e-01   0.0000000e+00
   2.5000000e+00   4.3456980e-01   0.0000000e+00
   2.5200000e+00   4.3350105e-01   0.0000000e+00
   2.5400000e+00   4.3243230e-01   0.0000000e+00
   2.5600000e+00   4.3174705e-01   0.0000000e+00
   2.5800000e+00   4.3144531e-01   0.0000000e+00
   2.6000000e+00   4.3091162e-01   0.0000000e+00
   2.6200000e+00   4.3011040e-01   0.0000000e+00
   2.6400000e+00   4.2904165e-01   0.0000000e+00
   2.6600000e+00   4.2797290e-01   0.0000000e+00
   2.6800000e+00   4.2690414e-01   0.0000000e+00
   2.7000000e+00   4.2583539e-01   0.0000000e+00
   2.7200000e+00   4.2521786e-01   0.0000000e+00
   2.7400000e+00   4.2464191e-01   0.0000000e+00
   2.7600000e+00   4.2410753e-01   0.0000000e+00
   2.7800000e+00   4.2335526e-01   0.0000000e+00
   2.8000000e+00   4.2249536e-01   0.0000000e+00
   2.8200000e+00   4.2152784e-01   0.0000000e+00
   2.8400000e+00   4.2099346e-01   0.0000000e+00
   2.8600000e+00   4.2045908e-01   0.0000000e+00
   2.8800000e+00   4.1992471e-01   0.0000000e+00
   2.9000000e+00   4.1898805e-01   0.0000000e+00
   2.9200000e+00   4.1812815e-01   0.0000000e+00
   2.9400000e+00   4.1734501e-01   0.0000000e+00
   2.9600000e+00   4.1681064e-01   0.0000000e+00
   2.9800000e+00   4.1625012e-01   0.0000000e+00
   3.0000000e+00   4.1566345e-01   0.0000000e+00
   3.0200000e+00   4.1459470e-01   0.0000000e+00
   3.0400000e+00   4.1376094e-01   0.0000000e+00
   3.0600000e+00   4.1316219e-01   0.0000000e+00
   3.0800000e+00   4.1262781e-01   0.0000000e+00
   3.1000000e+00   4.1197510e-01   0.0000000e+00
   3.1200000e+00   4.1120405e-01   0.0000000e+00
   3.1400000e+00   4.1013530e-01   0.0000000e+00
   3.1600000e+00   4.0906988e-01   0.0000000e+00
   3.1800000e+00   4.0800781e-01   0.0000000e+00
   3.2000000e+00   4.0800781e-01   0.0000000e+00
   3.2200000e+00   4.0758676e-01   0.0000000e+00
   3.2400000e+00   4.0674465e-01   0.0000000e+00
   3.2600000e+00   4.0628468e-01   0.0000000e+00
   3.2800000e+00   4.0596083e-01   0.0000000e+00
   3.3000000e+00   4.0577310e-01   0.0000000e+00
   3.3200000e+00   4.0467025e-01   0.0000000e+00
   3.3400000e+00   4.0171412e-01   0.0000000e+00
   3.3600000e+00   3.9690473e-01   0.0000000e+00
   2.0000000e+00   7.1433471e-01   1.0000000e+00
   2.0200000e+00   7.1139363e-01   1.0000000e+00
   2.0400000e+00   7.0871771e-01   1.0000000e+00
   2.0600000e+00   7.0521846e-01   1.0000000e+00
   2.0800000e+00   7.0204404e-01   1.0000000e+00
   2.1000000e+00   6.9919446e-01   1.0000000e+00
   2.1200000e+00   6.9705695e-01   1.0000000e+00
   2.1400000e+00   6.9491944e-01   1.0000000e+00
   2.1600000e+00   6.9278193e-01   1.0000000e+00
   2.1800000e+00   6.9064442e-01   1.0000000e+00
   2.2000000e+00   6.8874762e-01   1.0000000e+00
   2.2200000e+00   6.8709151e-01   1.0000000e+00
   2.2400000e+00   6.8512364e-01   1.0000000e+00
   2.2600000e+00   6.8307095e-01   1.0000000e+00
   2.2800000e+00   6.8093344e-01   1.0000000e+00
   2.3000000e+00   6.7879594e-01   1.0000000e+00
   2.3200000e+00   6.7666580e-01   1.0000000e+00
   2.3400000e+00   6.7454303e-01   1.0000000e+00
   2.3600000e+00   6.7293990e-01   1.0000000e+00
   2.3800000e+00   6.7112054e-01   1.0000000e+00
   2.4000000e+00   6.6908496e-01   1.0000000e+00
   2.4200000e+00   6.6726324e-01   1.0000000e+00
   2.4400000e+00   6.6555082e-01   1.0000000e+00
   2.4600000e+00   6.6394769e-01   1.0000000e+00
   2.4800000e+00   6.6226209e-01   1.0000000e+00
   2.5000000e+00   6.6035054e-01   1.0000000e+00
   2.5200000e+00   6.5821303e-01   1.0000000e+00
   2.5400000e+00   6.5607553e-01   1.0000000e+00
   2.5600000e+00   6.5393802e-01   1.0000000e+00
   2.5800000e+00   6.5180051e-01   1.0000000e+00
   2.6000000e+00   6.4966300e-01   1.0000000e+00
   2.6200000e+00   6.4752549e-01   1.0000000e+00
   2.6400000e+00   6.4538799e-01   1.0000000e+00
   2.6600000e+00   6.4328399e-01   1.0000000e+00
   2.6800000e+00   6.4143043e-01   1.0000000e+00
   2.7000000e+00   6.3982730e-01   1.0000000e+00
   2.7200000e+00   6.3822417e-01   1.0000000e+00
   2.7400000e+00   6.3645376e-01   1.0000000e+00
   2.7600000e+00   6.3451606e-01   1.0000000e+00
   2.7800000e+00   6.3259645e-01   1.0000000e+00
   2.8000000e+00   6.3078446e-01   1.0000000e+00
   2.8200000e+00   6.2908010e-01   1.0000000e+00
   2.8400000e+00   6.2694259e-01   1.0000000e+00
   2.8600000e+00   6.2532403e-01   1.0000000e+00
   2.8800000e+00   6.2422441e-01   1.0000000e+00
   2.9000000e+00   6.2275338e-01   1.0000000e+00
   2.9200000e+00   6.2135910e-01   1.0000000e+00
   2.9400000e+00   6.2004159e-01   1.0000000e+00
   2.9600000e+00   6.1914179e-01   1.0000000e+00
   2.9800000e+00   6.1842470e-01   1.0000000e+00
   3.0000000e+00   6.1789032e-01   1.0000000e+00
   3.0200000e+00   6.1735594e-01   1.0000000e+00
   3.0400000e+00   6.1658657e-01   1.0000000e+00
   3.0600000e+00   6.1558219e-01   1.0000000e+00
   3.0800000e+00   6.1486677e-01   1.0000000e+00
   3.1000000e+00   6.1412354e-01   1.0000000e+00
   3.1200000e+00   6.1335249e-01   1.0000000e+00
   3.1400000e+00   6.1228374e-01   1.0000000e+00
   3.1600000e+00   6.1121498e-01   1.0000000e+00
   3.1800000e+00   6.1014623e-01   1.0000000e+00
   3.2000000e+00   6.0907747e-01   1.0000000e+00
   3.2200000e+00   6.0800872e-01   1.0000000e+00
   3.2400000e+00   6.0693997e-01   1.0000000e+00
   3.2600000e+00   6.0556682e-01   1.0000000e+00
   3.2800000e+00   6.0417255e-01   1.0000000e+00
   3.3000000e+00   6.0275714e-01   1.0000000e+00
   3.3200000e+00   6.0168839e-01   1.0000000e+00
   3.3400000e+00   6.0061963e-01   1.0000000e+00
   3.3600000e+00   5.9955088e-01   1.0000000e+00
   3.3800000e+00   5.9799335e-01   1.0000000e+00
   3.4000000e+00   5.9659908e-01   1.0000000e+00
   3.4200000e+00   5.9536805e-01   1.0000000e+00
   3.4400000e+00   5.9455474e-01   1.0000000e+00
   3.4600000e+00   5.9374212e-01   1.0000000e+00
   3.4800000e+00   5.9293019e-01   1.0000000e+00
   2.5100000e+00   7.8882503e-01   2.0000000e+00
   2.5300000e+00   7.8586885e-01   2.0000000e+00
   2.5500000e+00   7.8316276e-01   2.0000000e+00
   2.5700000e+00   7.7972386e-01   2.0000000e+00
   2.5900000e+00   7.7640093e-01   2.0000000e+00
   2.6100000e+00   7.7319398e-01   2.0000000e+00
   2.6300000e+00   7.7082246e-01   2.0000000e+00
   2.6500000e+00   7.6883513e-01   2.0000000e+00
   2.6700000e+00   7.6723200e-01   2.0000000e+00
   2.6900000e+00   7.6562886e-01   2.0000000e+00
   2.7100000e+00   7.6402573e-01   2.0000000e+00
   2.7300000e+00   7.6242260e-01   2.0000000e+00
   2.7500000e+00   7.6081947e-01   2.0000000e+00
   2.7700000e+00   7.5845370e-01   2.0000000e+00
   2.7900000e+00   7.5532528e-01   2.0000000e+00
   2.8100000e+00   7.5069014e-01   2.0000000e+00
   2.8300000e+00   7.4757101e-01   2.0000000e+00
   2.8500000e+00   7.4596788e-01   2.0000000e+00
   2.8700000e+00   7.4436475e-01   2.0000000e+00
   2.8900000e+00   7.4296276e-01   2.0000000e+00
   2.9100000e+00   7.4176191e-01   2.0000000e+00
   2.9300000e+00   7.4069315e-01   2.0000000e+00
   2.9500000e+00   7.3945545e-01   2.0000000e+00
   2.9700000e+00   7.3804879e-01   2.0000000e+00
   2.9900000e+00   7.3601585e-01   2.0000000e+00
   3.0100000e+00   7.3446501e-01   2.0000000e+00
   3.0300000e+00   7.3339626e-01   2.0000000e+00
   3.0500000e+00   7.3232750e-01   2.0000000e+00
   3.0700000e+00   7.3090541e-01   2.0000000e+00
   3.0900000e+00   7.2912999e-01   2.0000000e+00
   3.1100000e+00   7.2770249e-01   2.0000000e+00
   3.1300000e+00   7.2666155e-01   2.0000000e+00
   3.1500000e+00   7.2600717e-01   2.0000000e+00
   3.1700000e+00   7.2493842e-01   2.0000000e+00
   3.1900000e+00   7.2386966e-01   2.0000000e+00
   3.2100000e+00   7.2280091e-01   2.0000000e+00
   3.2300000e+00   7.2131110e-01   2.0000000e+00
   3.2500000e+00   7.1991683e-01   2.0000000e+00
   3.2700000e+00   7.1861808e-01   2.0000000e+00
   3.2900000e+00   7.1717388e-01   2.0000000e+00
   3.3100000e+00   7.1545409e-01   2.0000000e+00
   3.3300000e+00   7.1345870e-01   2.0000000e+00
   3.3500000e+00   7.1238994e-01   2.0000000e+00
   3.3700000e+00   7.1083242e-01   2.0000000e+00
   3.3900000e+00   7.0878612e-01   2.0000000e+00
   3.4100000e+00   7.0739282e-01   2.0000000e+00
