   6.1000000e-01   9.4678377e-01   0.0000000e+00
   6.3000000e-01   9.3316625e-01   0.0000000e+00
   6.5000000e-01   9.1179991e-01   0.0000000e+00
   6.7000000e-01   8.8695576e-01   0.0000000e+00
   6.9000000e-01   8.5863377e-01   0.0000000e+00
   7.1000000e-01   8.3577488e-01   0.0000000e+00
   7.3000000e-01   8.1423718e-01   0.0000000e+00
   7.5000000e-01   7.9402069e-01   0.0000000e+00
   7.7000000e-01   7.7766818e-01   0.0000000e+00
   7.9000000e-01   7.6282027e-01   0.0000000e+00
   8.1000000e-01   7.4947696e-01   0.0000000e+00
   8.3000000e-01   7.3184252e-01   0.0000000e+00
   8.5000000e-01   7.1629998e-01   0.0000000e+00
   8.7000000e-01   7.0284935e-01   0.0000000e+00
   8.9000000e-01   6.9030254e-01   0.0000000e+00
   9.1000000e-01   6.7904239e-01   0.0000000e+00
   9.3000000e-01   6.6906889e-01   0.0000000e+00
   9.5000000e-01   6.6122622e-01   0.0000000e+00
   9.7000000e-01   6.5359240e-01   0.0000000e+00
   9.9000000e-01   6.4616744e-01   0.0000000e+00
   1.0100000e+00   6.3922054e-01   0.0000000e+00
   1.0300000e+00   6.3251065e-01   0.0000000e+00
   1.0500000e+00   6.2603778e-01   0.0000000e+00
   1.0700000e+00   6.2033998e-01   0.0000000e+00
   1.0900000e+00   6.1469885e-01   0.0000000e+00
   1.1100000e+00   6.0911438e-01   0.0000000e+00
   1.1300000e+00   6.0348431e-01   0.0000000e+00
   1.1500000e+00   5.9826457e-01   0.0000000e+00
   1.1700000e+00   5.9345518e-01   0.0000000e+00
   1.1900000e+00   5.8864578e-01   0.0000000e+00
   1.2100000e+00   5.8383639e-01   0.0000000e+00
   1.2300000e+00   5.7902700e-01   0.0000000e+00
   1.2500000e+00   5.7452602e-01   0.0000000e+00
   1.2700000e+00   5.6994627e-01   0.0000000e+00
   1.2900000e+00   5.6528775e-01   0.0000000e+00
   1.3100000e+00   5.6009416e-01   0.0000000e+00
   1.3300000e+00   5.5535985e-01   0.0000000e+00
   1.3500000e+00   5.5108484e-01   0.0000000e+00
   1.3700000e+00   5.4730262e-01   0.0000000e+00
   1.3900000e+00   5.4354120e-01   0.0000000e+00
   1.4100000e+00   5.3980056e-01   0.0000000e+00
   1.4300000e+00   5.3631939e-01   0.0000000e+00
   1.4500000e+00   5.3290427e-01   0.0000000e+00
   1.4700000e+00   5.2955520e-01   0.0000000e+00
   1.4900000e+00   5.2586685e-01   0.0000000e+00
   1.5100000e+00   5.2268673e-01   0.0000000e+00
   1.5300000e+00   5.2001485e-01   0.0000000e+00
   1.5500000e+00   5.1734296e-01   0.0000000e+00
   1.5700000e+00   5.1483467e-01   0.0000000e+00
   1.5900000e+00   5.1248998e-01   0.0000000e+00
   1.6100000e+00   5.1035247e-01   0.0000000e+00
   1.6300000e+00   5.0826189e-01   0.0000000e+00
   1.6500000e+00   5.0621825e-01   0.0000000e+00
   1.6700000e+00   5.0461511e-01   0.0000000e+00
   1.6900000e+00   5.0301198e-01   0.0000000e+00
   1.7100000e+00   5.0140885e-01   0.0000000e+00
   1.7300000e+00   5.0020063e-01   0.0000000e+00
   1.7500000e+00   4.9878390e-01   0.0000000e+00
   1.7700000e+00   4.9715865e-01   0.0000000e+00
   1.7900000e+00   4.9534431e-01   0.0000000e+00
   1.8100000e+00   4.9388030e-01   0.0000000e+00
   1.8300000e+00   4.9276663e-01   0.0000000e+00
   1.8500000e+00   4.9116350e-01   0.0000000e+00
   1.8700000e+00   4.8932905e-01   0.0000000e+00
   1.8900000e+00   4.8726329e-01   0.0000000e+00
   1.9100000e+00   4.8547175e-01   0.0000000e+00
   1.9300000e+00   4.8377441e-01   0.0000000e+00
   1.9500000e+00   4.8217128e-01   0.0000000e+00
   1.9700000e+00   4.8056815e-01   0.0000000e+00
   1.9900000e+00   4.7896502e-01   0.0000000e+00
   2.0100000e+00   4.7736188e-01   0.0000000e+00
   2.0300000e+00   4.7628910e-01   0.0000000e+00
   2.0500000e+00   4.7480465e-01   0.0000000e+00
   2.0700000e+00   4.7290853e-01   0.0000000e+00
   2.0900000e+00   4.7106804e-01   0.0000000e+00
   2.1100000e+00   4.6934623e-01   0.0000000e+00
   2.1300000e+00   4.6774310e-01   0.0000000e+00
   2.1500000e+00   4.6620366e-01   0.0000000e+00
   2.1700000e+00   4.6489956e-01   0.0000000e+00
   2.1900000e+00   4.6383080e-01   0.0000000e+00
   2.2100000e+00   4.6228065e-01   0.0000000e+00
   2.2300000e+00   4.6070401e-01   0.0000000e+00
   2.2500000e+00   4.5910087e-01   0.0000000e+00
   2.2700000e+00   4.5774582e-01   0.0000000e+00
   2.2900000e+00   4.5653391e-01   0.0000000e+00
   2.3100000e+00   4.5546515e-01   0.0000000e+00
   2.3300000e+00   4.5439640e-01   0.0000000e+00
   2.3500000e+00   4.5332765e-01   0.0000000e+00
   2.3700000e+00   4.5225889e-01   0.0000000e+00
   2.3900000e+00   4.5075768e-01   0.0000000e+00
   2.4100000e+00   4.4952130e-01   0.0000000e+00
   2.4300000e+00   4.4854975e-01   0.0000000e+00
   2.4500000e+00   4.4801538e-01   0.0000000e+00
   2.4700000e+00   4.4743977e-01   0.0000000e+00
   2.4900000e+00   4.4682293e-01   0.0000000e+00
   2.5100000e+00   4.4575418e-01   0.0000000e+00
   2.5300000e+00   4.4493551e-01   0.0000000e+00
   2.5500000e+00   4.4436693e-01   0.0000000e+00
   2.5700000e+00   4.4383255e-01   0.0000000e+00
   2.5900000e+00   4.4316475e-01   0.0000000e+00
   2.6100000e+00   4.4236353e-01   0.0000000e+00
   2.6300000e+00   4.4144496e-01   0.0000000e+00
   2.6500000e+00   4.4071848e-01   0.0000000e+00
   2.6700000e+00   4.4018410e-01   0.0000000e+00
   2.6900000e+00   4.3964973e-01   0.0000000e+00
   2.7100000e+00   4.3888974e-01   0.0000000e+00
   2.7300000e+00   4.3790413e-01   0.0000000e+00
   2.7500000e+00   4.3683538e-01   0.0000000e+00
   2.7700000e+00   4.3598452e-01   0.0000000e+00
   2.7900000e+00   4.3535156e-01   0.0000000e+00
   2.8100000e+00   4.3514910e-01   0.0000000e+00
   2.8300000e+00   4.3451349e-01   0.0000000e+00
   2.8500000e+00   4.3344473e-01   0.0000000e+00
   2.8700000e+00   4.3237598e-01   0.0000000e+00
   2.8900000e+00   4.3170950e-01   0.0000000e+00
   2.9100000e+00   4.3144531e-01   0.0000000e+00
   2.9300000e+00   4.3087408e-01   0.0000000e+00
   2.9500000e+00   4.3013856e-01   0.0000000e+00
   2.9700000e+00   4.2923876e-01   0.0000000e+00
   2.9900000e+00   4.2870438e-01   0.0000000e+00
   3.0100000e+00   4.2817001e-01   0.0000000e+00
   3.0300000e+00   4.2763563e-01   0.0000000e+00
   3.0500000e+00   4.2757125e-01   0.0000000e+00
   3.0700000e+00   4.2753906e-01   0.0000000e+00
   3.0900000e+00   4.2753906e-01   0.0000000e+00
   3.1100000e+00   4.2777573e-01   0.0000000e+00
   3.1300000e+00   4.2822126e-01   0.0000000e+00
   3.1500000e+00   4.2887564e-01   0.0000000e+00
   3.1700000e+00   4.2993771e-01   0.0000000e+00
   3.1900000e+00   4.3046875e-01   0.0000000e+00
   3.2100000e+00   4.3046875e-01   0.0000000e+00
   3.2300000e+00   4.3131086e-01   0.0000000e+00
   3.2500000e+00   4.3211409e-01   0.0000000e+00
   3.2700000e+00   4.3287846e-01   0.0000000e+00
   3.2900000e+00   4.3322511e-01   0.0000000e+00
   3.3100000e+00   4.3339844e-01   0.0000000e+00
   3.3300000e+00   4.3339844e-01   0.0000000e+00
   3.3500000e+00   4.3339844e-01   0.0000000e+00
   3.3700000e+00   4.3364282e-01   0.0000000e+00
   3.3900000e+00   4.3413160e-01   0.0000000e+00
   3.4100000e+00   4.3392176e-01   0.0000000e+00
   3.4300000e+00   4.3367737e-01   0.0000000e+00
   3.4500000e+00   4.3339844e-01   0.0000000e+00
   3.4700000e+00   4.3339844e-01   0.0000000e+00
   3.4900000e+00   4.3339844e-01   0.0000000e+00
   3.5100000e+00   4.3339844e-01   0.0000000e+00
   3.5300000e+00   4.3339844e-01   0.0000000e+00
   3.5500000e+00   4.3317852e-01   0.0000000e+00
   3.5700000e+00   4.3273870e-01   0.0000000e+00
   3.5900000e+00   4.3220432e-01   0.0000000e+00
   3.6100000e+00   4.3156670e-01   0.0000000e+00
   3.6300000e+00   4.3082582e-01   0.0000000e+00
   3.6500000e+00   4.2975707e-01   0.0000000e+00
   3.6700000e+00   4.2868831e-01   0.0000000e+00
   3.6900000e+00   4.2761956e-01   0.0000000e+00
   3.7100000e+00   4.2655081e-01   0.0000000e+00
   3.7300000e+00   4.2567749e-01   0.0000000e+00
   3.7500000e+00   4.2499962e-01   0.0000000e+00
   3.7700000e+00   4.2419103e-01   0.0000000e+00
   3.7900000e+00   4.2340990e-01   0.0000000e+00
   2.0400000e+00   7.2984000e-01   1.0000000e+00
   2.0600000e+00   7.2740951e-01   1.0000000e+00
   2.0800000e+00   7.2500682e-01   1.0000000e+00
   2.1000000e+00   7.2263196e-01   1.0000000e+00
   2.1200000e+00   7.2031410e-01   1.0000000e+00
   2.1400000e+00   7.1778738e-01   1.0000000e+00
   2.1600000e+00   7.1505180e-01   1.0000000e+00
   2.1800000e+00   7.1184554e-01   1.0000000e+00
   2.2000000e+00   7.0887998e-01   1.0000000e+00
   2.2200000e+00   7.0615512e-01   1.0000000e+00
   2.2400000e+00   7.0311850e-01   1.0000000e+00
   2.2600000e+00   6.9999706e-01   1.0000000e+00
   2.2800000e+00   6.9679079e-01   1.0000000e+00
   2.3000000e+00   6.9371594e-01   1.0000000e+00
   2.3200000e+00   6.9084257e-01   1.0000000e+00
   2.3400000e+00   6.8817068e-01   1.0000000e+00
   2.3600000e+00   6.8549880e-01   1.0000000e+00
   2.3800000e+00   6.8282691e-01   1.0000000e+00
   2.4000000e+00   6.8015503e-01   1.0000000e+00
   2.4200000e+00   6.7779893e-01   1.0000000e+00
   2.4400000e+00   6.7555213e-01   1.0000000e+00
   2.4600000e+00   6.7341462e-01   1.0000000e+00
   2.4800000e+00   6.7127711e-01   1.0000000e+00
   2.5000000e+00   6.6913961e-01   1.0000000e+00
   2.5200000e+00   6.6700210e-01   1.0000000e+00
   2.5400000e+00   6.6486459e-01   1.0000000e+00
   2.5600000e+00   6.6311059e-01   1.0000000e+00
   2.5800000e+00   6.6174010e-01   1.0000000e+00
   2.6000000e+00   6.6013766e-01   1.0000000e+00
   2.6200000e+00   6.5826768e-01   1.0000000e+00
   2.6400000e+00   6.5613017e-01   1.0000000e+00
   2.6600000e+00   6.5405970e-01   1.0000000e+00
   2.6800000e+00   6.5249008e-01   1.0000000e+00
   2.7000000e+00   6.5142133e-01   1.0000000e+00
   2.7200000e+00   6.4945012e-01   1.0000000e+00
   2.7400000e+00   6.4773032e-01   1.0000000e+00
   2.7600000e+00   6.4626194e-01   1.0000000e+00
   2.7800000e+00   6.4475739e-01   1.0000000e+00
   2.8000000e+00   6.4303759e-01   1.0000000e+00
   2.8200000e+00   6.4110255e-01   1.0000000e+00
   2.8400000e+00   6.4003380e-01   1.0000000e+00
   2.8600000e+00   6.3896504e-01   1.0000000e+00
   2.8800000e+00   6.3789629e-01   1.0000000e+00
   2.9000000e+00   6.3682753e-01   1.0000000e+00
   2.9200000e+00   6.3561597e-01   1.0000000e+00
   2.9400000e+00   6.3426160e-01   1.0000000e+00
   2.9600000e+00   6.3282742e-01   1.0000000e+00
   2.9800000e+00   6.3154981e-01   1.0000000e+00
   3.0000000e+00   6.3042877e-01   1.0000000e+00
   3.0200000e+00   6.2882564e-01   1.0000000e+00
   3.0400000e+00   6.2745751e-01   1.0000000e+00
   3.0600000e+00   6.2632438e-01   1.0000000e+00
   3.0800000e+00   6.2525562e-01   1.0000000e+00
   3.1000000e+00   6.2430520e-01   1.0000000e+00
   3.1200000e+00   6.2347312e-01   1.0000000e+00
   3.1400000e+00   6.2281874e-01   1.0000000e+00
   3.1600000e+00   6.2196051e-01   1.0000000e+00
   3.1800000e+00   6.2089844e-01   1.0000000e+00
   3.2000000e+00   6.2089844e-01   1.0000000e+00
   3.2200000e+00   6.2047738e-01   1.0000000e+00
   3.2400000e+00   6.1963528e-01   1.0000000e+00
   3.2600000e+00   6.1887091e-01   1.0000000e+00
   3.2800000e+00   6.1831540e-01   1.0000000e+00
   3.3000000e+00   6.1796875e-01   1.0000000e+00
   3.3200000e+00   6.1811087e-01   1.0000000e+00
   3.3400000e+00   6.1871631e-01   1.0000000e+00
   3.3600000e+00   6.1978506e-01   1.0000000e+00
   2.6700000e+00   7.7992731e-01   2.0000000e+00
   2.6900000e+00   7.7832418e-01   2.0000000e+00
   2.7100000e+00   7.7626982e-01   2.0000000e+00
   2.7300000e+00   7.7376423e-01   2.0000000e+00
   2.7500000e+00   7.7142691e-01   2.0000000e+00
   2.7700000e+00   7.6918950e-01   2.0000000e+00
   2.7900000e+00   7.6705199e-01   2.0000000e+00
   2.8100000e+00   7.6481325e-01   2.0000000e+00
   2.8300000e+00   7.6235793e-01   2.0000000e+00
   2.8500000e+00   7.5968605e-01   2.0000000e+00
   2.8700000e+00   7.5805205e-01   2.0000000e+00
   2.8900000e+00   7.5623235e-01   2.0000000e+00
   2.9100000e+00   7.5422694e-01   2.0000000e+00
   2.9300000e+00   7.5266066e-01   2.0000000e+00
   2.9500000e+00   7.5125867e-01   2.0000000e+00
   2.9700000e+00   7.5002097e-01   2.0000000e+00
   2.9900000e+00   7.4841784e-01   2.0000000e+00
   3.0100000e+00   7.4681470e-01   2.0000000e+00
   3.0300000e+00   7.4521157e-01   2.0000000e+00
   3.0500000e+00   7.4407844e-01   2.0000000e+00
   3.0700000e+00   7.4315417e-01   2.0000000e+00
   3.0900000e+00   7.4243875e-01   2.0000000e+00
   3.1100000e+00   7.4024768e-01   2.0000000e+00
   3.1300000e+00   7.3731465e-01   2.0000000e+00
   3.1500000e+00   7.3363966e-01   2.0000000e+00
   3.1700000e+00   7.3202985e-01   2.0000000e+00
   3.1900000e+00   7.2988900e-01   2.0000000e+00
   3.2100000e+00   7.2721711e-01   2.0000000e+00
   3.2300000e+00   7.2580839e-01   2.0000000e+00
   3.2500000e+00   7.2517843e-01   2.0000000e+00
   3.2700000e+00   7.2532723e-01   2.0000000e+00
