   6.1000000e-01   9.5875427e-01   0.0000000e+00
   6.3000000e-01   9.4645289e-01   0.0000000e+00
   6.5000000e-01   9.3092716e-01   0.0000000e+00
   6.7000000e-01   9.1167519e-01   0.0000000e+00
   6.9000000e-01   8.8869698e-01   0.0000000e+00
   7.1000000e-01   8.6708454e-01   0.0000000e+00
   7.3000000e-01   8.4576007e-01   0.0000000e+00
   7.5000000e-01   8.2472358e-01   0.0000000e+00
   7.7000000e-01   8.0698987e-01   0.0000000e+00
   7.9000000e-01   7.9133804e-01   0.0000000e+00
   8.1000000e-01   7.7776808e-01   0.0000000e+00
   8.3000000e-01   7.6333990e-01   0.0000000e+00
   8.5000000e-01   7.4943470e-01   0.0000000e+00
   8.7000000e-01   7.3605247e-01   0.0000000e+00
   8.9000000e-01   7.2269304e-01   0.0000000e+00
   9.1000000e-01   7.1063703e-01   0.0000000e+00
   9.3000000e-01   6.9988442e-01   0.0000000e+00
   9.5000000e-01   6.9150737e-01   0.0000000e+00
   9.7000000e-01   6.8333918e-01   0.0000000e+00
   9.9000000e-01   6.7537984e-01   0.0000000e+00
   1.0100000e+00   6.6789856e-01   0.0000000e+00
   1.0300000e+00   6.6136534e-01   0.0000000e+00
   1.0500000e+00   6.5578018e-01   0.0000000e+00
   1.0700000e+00   6.5007904e-01   0.0000000e+00
   1.0900000e+00   6.4440975e-01   0.0000000e+00
   1.1100000e+00   6.3877231e-01   0.0000000e+00
   1.1300000e+00   6.3355257e-01   0.0000000e+00
   1.1500000e+00   6.2853801e-01   0.0000000e+00
   1.1700000e+00   6.2372861e-01   0.0000000e+00
   1.1900000e+00   6.1891922e-01   0.0000000e+00
   1.2100000e+00   6.1432237e-01   0.0000000e+00
   1.2300000e+00   6.0993806e-01   0.0000000e+00
   1.2500000e+00   6.0535462e-01   0.0000000e+00
   1.2700000e+00   6.0065821e-01   0.0000000e+00
   1.2900000e+00   5.9584882e-01   0.0000000e+00
   1.3100000e+00   5.9096433e-01   0.0000000e+00
   1.3300000e+00   5.8585021e-01   0.0000000e+00
   1.3500000e+00   5.8050644e-01   0.0000000e+00
   1.3700000e+00   5.7516267e-01   0.0000000e+00
   1.3900000e+00   5.6981890e-01   0.0000000e+00
   1.4100000e+00   5.6447513e-01   0.0000000e+00
   1.4300000e+00   5.5861241e-01   0.0000000e+00
   1.4500000e+00   5.5283181e-01   0.0000000e+00
   1.4700000e+00   5.4713333e-01   0.0000000e+00
   1.4900000e+00   5.4339269e-01   0.0000000e+00
   1.5100000e+00   5.3965205e-01   0.0000000e+00
   1.5300000e+00   5.3591141e-01   0.0000000e+00
   1.5500000e+00   5.3261462e-01   0.0000000e+00
   1.5700000e+00   5.2969029e-01   0.0000000e+00
   1.5900000e+00   5.2713841e-01   0.0000000e+00
   1.6100000e+00   5.2521143e-01   0.0000000e+00
   1.6300000e+00   5.2339945e-01   0.0000000e+00
   1.6500000e+00   5.2170245e-01   0.0000000e+00
   1.6700000e+00   5.1956494e-01   0.0000000e+00
   1.6900000e+00   5.1793901e-01   0.0000000e+00
   1.7100000e+00   5.1682465e-01   0.0000000e+00
   1.7300000e+00   5.1575590e-01   0.0000000e+00
   1.7500000e+00   5.1468714e-01   0.0000000e+00
   1.7700000e+00   5.1361839e-01   0.0000000e+00
   1.7900000e+00   5.1254964e-01   0.0000000e+00
   1.8100000e+00   5.1148088e-01   0.0000000e+00
   1.8300000e+00   5.1041213e-01   0.0000000e+00
   1.8500000e+00   5.0934337e-01   0.0000000e+00
   1.8700000e+00   5.0827462e-01   0.0000000e+00
   1.8900000e+00   5.0720586e-01   0.0000000e+00
   1.9100000e+00   5.0682904e-01   0.0000000e+00
   1.9300000e+00   5.0664062e-01   0.0000000e+00
   1.9500000e+00   5.0664062e-01   0.0000000e+00
   1.9700000e+00   5.0664062e-01   0.0000000e+00
   1.9900000e+00   5.0664062e-01   0.0000000e+00
   2.0100000e+00   5.0664062e-01   0.0000000e+00
   2.0300000e+00   5.0664062e-01   0.0000000e+00
   2.0500000e+00   5.0664062e-01   0.0000000e+00
   2.0700000e+00   5.0664062e-01   0.0000000e+00
   2.0900000e+00   5.0634361e-01   0.0000000e+00
   2.1100000e+00   5.0583773e-01   0.0000000e+00
   2.1300000e+00   5.0512300e-01   0.0000000e+00
   2.1500000e+00   5.0411794e-01   0.0000000e+00
   2.1700000e+00   5.0334822e-01   0.0000000e+00
   2.1900000e+00   5.0281384e-01   0.0000000e+00
   2.2100000e+00   5.0179806e-01   0.0000000e+00
   2.2300000e+00   5.0057343e-01   0.0000000e+00
   2.2500000e+00   4.9913994e-01   0.0000000e+00
   2.2700000e+00   4.9803295e-01   0.0000000e+00
   2.2900000e+00   4.9721227e-01   0.0000000e+00
   2.3100000e+00   4.9667789e-01   0.0000000e+00
   2.3300000e+00   4.9611403e-01   0.0000000e+00
   2.3500000e+00   4.9503053e-01   0.0000000e+00
   2.3700000e+00   4.9342740e-01   0.0000000e+00
   2.3900000e+00   4.9225672e-01   0.0000000e+00
   2.4100000e+00   4.9082122e-01   0.0000000e+00
   2.4300000e+00   4.8912088e-01   0.0000000e+00
   2.4500000e+00   4.8738163e-01   0.0000000e+00
   2.4700000e+00   4.8597762e-01   0.0000000e+00
   2.4900000e+00   4.8490887e-01   0.0000000e+00
   2.5100000e+00   4.8384011e-01   0.0000000e+00
   2.5300000e+00   4.8277136e-01   0.0000000e+00
   2.5500000e+00   4.8170261e-01   0.0000000e+00
   2.5700000e+00   4.8063385e-01   0.0000000e+00
   2.5900000e+00   4.7943167e-01   0.0000000e+00
   2.6100000e+00   4.7809608e-01   0.0000000e+00
   2.6300000e+00   4.7679330e-01   0.0000000e+00
   2.6500000e+00   4.7584121e-01   0.0000000e+00
   2.6700000e+00   4.7523981e-01   0.0000000e+00
   2.6900000e+00   4.7363668e-01   0.0000000e+00
   2.7100000e+00   4.7248477e-01   0.0000000e+00
   2.7300000e+00   4.7178410e-01   0.0000000e+00
   2.7500000e+00   4.7091516e-01   0.0000000e+00
   2.7700000e+00   4.6983736e-01   0.0000000e+00
   2.7900000e+00   4.6855071e-01   0.0000000e+00
   2.8100000e+00   4.6704881e-01   0.0000000e+00
   2.8300000e+00   4.6576349e-01   0.0000000e+00
   2.8500000e+00   4.6469473e-01   0.0000000e+00
   2.8700000e+00   4.6362598e-01   0.0000000e+00
   2.8900000e+00   4.6255722e-01   0.0000000e+00
   2.9100000e+00   4.6148847e-01   0.0000000e+00
   2.9300000e+00   4.6041972e-01   0.0000000e+00
   2.9500000e+00   4.5926649e-01   0.0000000e+00
   2.9700000e+00   4.5802878e-01   0.0000000e+00
   2.9900000e+00   4.5653022e-01   0.0000000e+00
   3.0100000e+00   4.5551376e-01   0.0000000e+00
   3.0300000e+00   4.5497938e-01   0.0000000e+00
   3.0500000e+00   4.5350500e-01   0.0000000e+00
   3.0700000e+00   4.5214292e-01   0.0000000e+00
   3.0900000e+00   4.5089312e-01   0.0000000e+00
   3.1100000e+00   4.5006104e-01   0.0000000e+00
   3.1300000e+00   4.4931780e-01   0.0000000e+00
   3.1500000e+00   4.4866342e-01   0.0000000e+00
   3.1700000e+00   4.4759467e-01   0.0000000e+00
   3.1900000e+00   4.4652591e-01   0.0000000e+00
   3.2100000e+00   4.4545716e-01   0.0000000e+00
   3.2300000e+00   4.4480946e-01   0.0000000e+00
   3.2500000e+00   4.4421842e-01   0.0000000e+00
   3.2700000e+00   4.4368404e-01   0.0000000e+00
   3.2900000e+00   4.4296194e-01   0.0000000e+00
   3.3100000e+00   4.4210204e-01   0.0000000e+00
   3.3300000e+00   4.4110435e-01   0.0000000e+00
   3.3500000e+00   4.4056997e-01   0.0000000e+00
   3.3700000e+00   4.4003559e-01   0.0000000e+00
   3.3900000e+00   4.3950122e-01   0.0000000e+00
   3.4100000e+00   4.3859473e-01   0.0000000e+00
   3.4300000e+00   4.3773483e-01   0.0000000e+00
   3.4500000e+00   4.3692152e-01   0.0000000e+00
   3.4700000e+00   4.3638715e-01   0.0000000e+00
   3.4900000e+00   4.3584171e-01   0.0000000e+00
   3.5100000e+00   4.3528522e-01   0.0000000e+00
   3.5300000e+00   4.3421647e-01   0.0000000e+00
   3.5500000e+00   4.3358754e-01   0.0000000e+00
   3.5700000e+00   4.3339844e-01   0.0000000e+00
   3.5900000e+00   4.3275212e-01   0.0000000e+00
   3.6100000e+00   4.3199783e-01   0.0000000e+00
   3.6300000e+00   4.3113557e-01   0.0000000e+00
   3.6500000e+00   4.3051136e-01   0.0000000e+00
   3.6700000e+00   4.2966488e-01   0.0000000e+00
   3.6900000e+00   4.2859612e-01   0.0000000e+00
   3.7100000e+00   4.2803491e-01   0.0000000e+00
   3.7300000e+00   4.2709624e-01   0.0000000e+00
   3.7500000e+00   4.2578010e-01   0.0000000e+00
   3.7700000e+00   4.2472540e-01   0.0000000e+00
   3.7900000e+00   4.2385209e-01   0.0000000e+00
   2.0700000e+00   7.6916301e-01   1.0000000e+00
   2.0900000e+00   7.6589709e-01   1.0000000e+00
   2.1100000e+00   7.6248398e-01   1.0000000e+00
   2.1300000e+00   7.5892370e-01   1.0000000e+00
   2.1500000e+00   7.5578112e-01   1.0000000e+00
   2.1700000e+00   7.5287389e-01   1.0000000e+00
   2.1900000e+00   7.5020201e-01   1.0000000e+00
   2.2100000e+00   7.4608592e-01   1.0000000e+00
   2.2300000e+00   7.4189037e-01   1.0000000e+00
   2.2500000e+00   7.3761535e-01   1.0000000e+00
   2.2700000e+00   7.3383648e-01   1.0000000e+00
   2.2900000e+00   7.3040962e-01   1.0000000e+00
   2.3100000e+00   7.2733476e-01   1.0000000e+00
   2.3300000e+00   7.2464813e-01   1.0000000e+00
   2.3500000e+00   7.2170169e-01   1.0000000e+00
   2.3700000e+00   7.1849543e-01   1.0000000e+00
   2.3900000e+00   7.1572162e-01   1.0000000e+00
   2.4100000e+00   7.1299877e-01   1.0000000e+00
   2.4300000e+00   7.1032689e-01   1.0000000e+00
   2.4500000e+00   7.0785413e-01   1.0000000e+00
   2.4700000e+00   7.0559022e-01   1.0000000e+00
   2.4900000e+00   7.0353518e-01   1.0000000e+00
   2.5100000e+00   7.0193204e-01   1.0000000e+00
   2.5300000e+00   7.0007883e-01   1.0000000e+00
   2.5500000e+00   6.9797552e-01   1.0000000e+00
   2.5700000e+00   6.9622152e-01   1.0000000e+00
   2.5900000e+00   6.9454296e-01   1.0000000e+00
   2.6100000e+00   6.9293983e-01   1.0000000e+00
   2.6300000e+00   6.9133670e-01   1.0000000e+00
   2.6500000e+00   6.8971681e-01   1.0000000e+00
   2.6700000e+00   6.8808016e-01   1.0000000e+00
   2.6900000e+00   6.8594265e-01   1.0000000e+00
   2.7100000e+00   6.8403076e-01   1.0000000e+00
   2.7300000e+00   6.8234448e-01   1.0000000e+00
