   6.0000000e-01   9.7255353e-01   0.0000000e+00
   6.2000000e-01   9.6147511e-01   0.0000000e+00
   6.4000000e-01   9.4901214e-01   0.0000000e+00
   6.6000000e-01   9.3516463e-01   0.0000000e+00
   6.8000000e-01   9.1485830e-01   0.0000000e+00
   7.0000000e-01   8.9432435e-01   0.0000000e+00
   7.2000000e-01   8.7356276e-01   0.0000000e+00
   7.4000000e-01   8.5306065e-01   0.0000000e+00
   7.6000000e-01   8.3420993e-01   0.0000000e+00
   7.8000000e-01   8.1701059e-01   0.0000000e+00
   8.0000000e-01   8.0365923e-01   0.0000000e+00
   8.2000000e-01   7.8923508e-01   0.0000000e+00
   8.4000000e-01   7.7373814e-01   0.0000000e+00
   8.6000000e-01   7.5981014e-01   0.0000000e+00
   8.8000000e-01   7.4650870e-01   0.0000000e+00
   9.0000000e-01   7.3383383e-01   0.0000000e+00
   9.2000000e-01   7.2241210e-01   0.0000000e+00
   9.4000000e-01   7.1153044e-01   0.0000000e+00
   9.6000000e-01   7.0118886e-01   0.0000000e+00
   9.8000000e-01   6.9168271e-01   0.0000000e+00
   1.0000000e+00   6.8265462e-01   0.0000000e+00
   1.0200000e+00   6.7410459e-01   0.0000000e+00
   1.0400000e+00   6.6697664e-01   0.0000000e+00
   1.0600000e+00   6.6029659e-01   0.0000000e+00
   1.0800000e+00   6.5406441e-01   0.0000000e+00
   1.1000000e+00   6.4842697e-01   0.0000000e+00
   1.1200000e+00   6.4293636e-01   0.0000000e+00
   1.1400000e+00   6.3759259e-01   0.0000000e+00
   1.1600000e+00   6.3224882e-01   0.0000000e+00
   1.1800000e+00   6.2690505e-01   0.0000000e+00
   1.2000000e+00   6.2156128e-01   0.0000000e+00
   1.2200000e+00   6.1664259e-01   0.0000000e+00
   1.2400000e+00   6.1147013e-01   0.0000000e+00
   1.2600000e+00   6.0604390e-01   0.0000000e+00
   1.2800000e+00   6.0054926e-01   0.0000000e+00
   1.3000000e+00   5.9528461e-01   0.0000000e+00
   1.3200000e+00   5.9024995e-01   0.0000000e+00
   1.3400000e+00   5.8383742e-01   0.0000000e+00
   1.3600000e+00   5.7791770e-01   0.0000000e+00
   1.3800000e+00   5.7249078e-01   0.0000000e+00
   1.4000000e+00   5.6639474e-01   0.0000000e+00
   1.4200000e+00   5.6014045e-01   0.0000000e+00
   1.4400000e+00   5.5372793e-01   0.0000000e+00
   1.4600000e+00   5.4760102e-01   0.0000000e+00
   1.4800000e+00   5.4185261e-01   0.0000000e+00
   1.5000000e+00   5.3648269e-01   0.0000000e+00
   1.5200000e+00   5.3060455e-01   0.0000000e+00
   1.5400000e+00   5.2472640e-01   0.0000000e+00
   1.5600000e+00   5.1884825e-01   0.0000000e+00
   1.5800000e+00   5.1460606e-01   0.0000000e+00
   1.6000000e+00   5.1088183e-01   0.0000000e+00
   1.6200000e+00   5.0767557e-01   0.0000000e+00
   1.6400000e+00   5.0437545e-01   0.0000000e+00
   1.6600000e+00   5.0085507e-01   0.0000000e+00
   1.6800000e+00   4.9711443e-01   0.0000000e+00
   1.7000000e+00   4.9542009e-01   0.0000000e+00
   1.7200000e+00   4.9337644e-01   0.0000000e+00
   1.7400000e+00   4.9098349e-01   0.0000000e+00
   1.7600000e+00   4.8886809e-01   0.0000000e+00
   1.7800000e+00   4.8692804e-01   0.0000000e+00
   1.8000000e+00   4.8516333e-01   0.0000000e+00
   1.8200000e+00   4.8307074e-01   0.0000000e+00
   1.8400000e+00   4.8122287e-01   0.0000000e+00
   1.8600000e+00   4.7961974e-01   0.0000000e+00
   1.8800000e+00   4.7755398e-01   0.0000000e+00
   1.9000000e+00   4.7493340e-01   0.0000000e+00
   1.9200000e+00   4.7175801e-01   0.0000000e+00
   1.9400000e+00   4.7675523e-01   0.0000000e+00
   1.9600000e+00   4.7486746e-01   0.0000000e+00
   1.9800000e+00   4.6609471e-01   0.0000000e+00
   2.0000000e+00   4.6449158e-01   0.0000000e+00
   2.0200000e+00   4.6235810e-01   0.0000000e+00
   2.0400000e+00   4.5969427e-01   0.0000000e+00
   2.0600000e+00   4.5784975e-01   0.0000000e+00
   2.0800000e+00   4.5898472e-01   0.0000000e+00
   2.1000000e+00   4.6309918e-01   0.0000000e+00
   2.1200000e+00   4.7178281e-01   0.0000000e+00
   2.1400000e+00   4.8046644e-01   0.0000000e+00
   2.1600000e+00   4.8915006e-01   0.0000000e+00
   2.1800000e+00   4.9783369e-01   0.0000000e+00
   2.2000000e+00   5.0651732e-01   0.0000000e+00
   2.2200000e+00   5.1520094e-01   0.0000000e+00
   2.2400000e+00   5.1503972e-01   0.0000000e+00
   2.2600000e+00   5.1356581e-01   0.0000000e+00
   2.2800000e+00   5.1077922e-01   0.0000000e+00
   2.3000000e+00   5.0984188e-01   0.0000000e+00
   2.3200000e+00   5.0908390e-01   0.0000000e+00
   2.3400000e+00   5.0850530e-01   0.0000000e+00
   2.3600000e+00   5.0636779e-01   0.0000000e+00
   2.3800000e+00   5.0444651e-01   0.0000000e+00
   2.4000000e+00   5.0274145e-01   0.0000000e+00
   2.4200000e+00   5.0145411e-01   0.0000000e+00
   2.4400000e+00   5.0027607e-01   0.0000000e+00
   2.4600000e+00   4.9920731e-01   0.0000000e+00
   2.4800000e+00   4.9813856e-01   0.0000000e+00
   2.5000000e+00   4.9706980e-01   0.0000000e+00
   2.5200000e+00   4.9600105e-01   0.0000000e+00
   2.5400000e+00   4.9493230e-01   0.0000000e+00
   2.5600000e+00   4.9367179e-01   0.0000000e+00
   2.5800000e+00   4.9221952e-01   0.0000000e+00
   2.6000000e+00   4.9061639e-01   0.0000000e+00
   2.6200000e+00   4.8908835e-01   0.0000000e+00
   2.6400000e+00   4.8763540e-01   0.0000000e+00
   2.6600000e+00   4.8656665e-01   0.0000000e+00
   2.6800000e+00   4.8549789e-01   0.0000000e+00
   2.7000000e+00   4.8442914e-01   0.0000000e+00
   2.7200000e+00   4.8336038e-01   0.0000000e+00
   2.7400000e+00   4.8229163e-01   0.0000000e+00
   2.7600000e+00   4.8122287e-01   0.0000000e+00
   2.7800000e+00   4.8015412e-01   0.0000000e+00
   2.8000000e+00   4.7908537e-01   0.0000000e+00
   2.8200000e+00   4.7801661e-01   0.0000000e+00
   2.8400000e+00   4.7694786e-01   0.0000000e+00
   2.8600000e+00   4.7587910e-01   0.0000000e+00
   2.8800000e+00   4.7481035e-01   0.0000000e+00
   2.9000000e+00   4.7374160e-01   0.0000000e+00
   2.9200000e+00   4.7281565e-01   0.0000000e+00
   2.9400000e+00   4.7203251e-01   0.0000000e+00
   2.9600000e+00   4.7132918e-01   0.0000000e+00
   2.9800000e+00   4.7044314e-01   0.0000000e+00
   3.0000000e+00   4.6937439e-01   0.0000000e+00
   3.0200000e+00   4.6830563e-01   0.0000000e+00
   3.0400000e+00   4.6723688e-01   0.0000000e+00
   3.0600000e+00   4.6616813e-01   0.0000000e+00
   3.0800000e+00   4.6509937e-01   0.0000000e+00
   3.1000000e+00   4.6403062e-01   0.0000000e+00
   3.1200000e+00   4.6296186e-01   0.0000000e+00
   3.1400000e+00   4.6189311e-01   0.0000000e+00
   3.1600000e+00   4.6082603e-01   0.0000000e+00
   3.1800000e+00   4.5976061e-01   0.0000000e+00
   3.2000000e+00   4.5922624e-01   0.0000000e+00
   3.2200000e+00   4.5848133e-01   0.0000000e+00
   3.2400000e+00   4.5752590e-01   0.0000000e+00
   3.2600000e+00   4.5645715e-01   0.0000000e+00
   3.2800000e+00   4.5557612e-01   0.0000000e+00
   3.3000000e+00   4.5488281e-01   0.0000000e+00
   3.3200000e+00   4.5474069e-01   0.0000000e+00
   3.3400000e+00   4.5413526e-01   0.0000000e+00
   3.3600000e+00   4.5306650e-01   0.0000000e+00
   3.3800000e+00   4.5199775e-01   0.0000000e+00
   3.4000000e+00   4.5092899e-01   0.0000000e+00
   3.4200000e+00   4.4986024e-01   0.0000000e+00
   3.4400000e+00   4.4904693e-01   0.0000000e+00
   3.4600000e+00   4.4837308e-01   0.0000000e+00
   3.4800000e+00   4.4783871e-01   0.0000000e+00
   3.5000000e+00   4.4728222e-01   0.0000000e+00
   3.5200000e+00   4.4646959e-01   0.0000000e+00
   3.5400000e+00   4.4540084e-01   0.0000000e+00
   3.5600000e+00   4.4477191e-01   0.0000000e+00
   3.5800000e+00   4.4419026e-01   0.0000000e+00
   3.6000000e+00   4.4365588e-01   0.0000000e+00
   3.6200000e+00   4.4291501e-01   0.0000000e+00
   3.6400000e+00   4.4205511e-01   0.0000000e+00
   3.6600000e+00   4.4107619e-01   0.0000000e+00
   3.6800000e+00   4.4054181e-01   0.0000000e+00
   3.7000000e+00   4.4000744e-01   0.0000000e+00
   3.7200000e+00   4.3947306e-01   0.0000000e+00
   3.7400000e+00   4.3932956e-01   0.0000000e+00
   3.7600000e+00   4.3939492e-01   0.0000000e+00
   3.7800000e+00   4.3966913e-01   0.0000000e+00
   2.0100000e+00   7.4101562e-01   1.0000000e+00
   2.0300000e+00   7.3995493e-01   1.0000000e+00
   2.0500000e+00   7.3889021e-01   1.0000000e+00
   2.0700000e+00   7.3782145e-01   1.0000000e+00
   2.0900000e+00   7.3734673e-01   1.0000000e+00
   2.1100000e+00   7.3710937e-01   1.0000000e+00
   2.1300000e+00   7.3710937e-01   1.0000000e+00
   2.1500000e+00   7.3704569e-01   1.0000000e+00
   2.1700000e+00   7.3674665e-01   1.0000000e+00
   2.1900000e+00   7.3621228e-01   1.0000000e+00
