   6.0000000e-01   9.8777221e-01   0.0000000e+00
   6.2000000e-01   9.7708467e-01   0.0000000e+00
   6.4000000e-01   9.6609677e-01   0.0000000e+00
   6.6000000e-01   9.5480852e-01   0.0000000e+00
   6.8000000e-01   9.3557094e-01   0.0000000e+00
   7.0000000e-01   9.1565048e-01   0.0000000e+00
   7.2000000e-01   8.9504714e-01   0.0000000e+00
   7.4000000e-01   8.7454503e-01   0.0000000e+00
   7.6000000e-01   8.5569430e-01   0.0000000e+00
   7.8000000e-01   8.3849497e-01   0.0000000e+00
   8.0000000e-01   8.2535413e-01   0.0000000e+00
   8.2000000e-01   8.1156962e-01   0.0000000e+00
   8.4000000e-01   7.9714144e-01   0.0000000e+00
   8.6000000e-01   7.8271326e-01   0.0000000e+00
   8.8000000e-01   7.6869139e-01   0.0000000e+00
   9.0000000e-01   7.5507583e-01   0.0000000e+00
   9.2000000e-01   7.4403358e-01   0.0000000e+00
   9.4000000e-01   7.3379726e-01   0.0000000e+00
   9.6000000e-01   7.2436689e-01   0.0000000e+00
   9.8000000e-01   7.1438268e-01   0.0000000e+00
   1.0000000e+00   7.0511556e-01   0.0000000e+00
   1.0200000e+00   6.9656552e-01   0.0000000e+00
   1.0400000e+00   6.8848952e-01   0.0000000e+00
   1.0600000e+00   6.8097974e-01   0.0000000e+00
   1.0800000e+00   6.7403618e-01   0.0000000e+00
   1.1000000e+00   6.6786435e-01   0.0000000e+00
   1.1200000e+00   6.6190139e-01   0.0000000e+00
   1.1400000e+00   6.5614728e-01   0.0000000e+00
   1.1600000e+00   6.5078876e-01   0.0000000e+00
   1.1800000e+00   6.4490324e-01   0.0000000e+00
   1.2000000e+00   6.3849072e-01   0.0000000e+00
   1.2200000e+00   6.3377853e-01   0.0000000e+00
   1.2400000e+00   6.2913072e-01   0.0000000e+00
   1.2600000e+00   6.2454728e-01   0.0000000e+00
   1.2800000e+00   6.1973789e-01   0.0000000e+00
   1.3000000e+00   6.1481586e-01   0.0000000e+00
   1.3200000e+00   6.0978120e-01   0.0000000e+00
   1.3400000e+00   6.0336867e-01   0.0000000e+00
   1.3600000e+00   5.9744895e-01   0.0000000e+00
   1.3800000e+00   5.9202203e-01   0.0000000e+00
   1.4000000e+00   5.8705440e-01   0.0000000e+00
   1.4200000e+00   5.8190641e-01   0.0000000e+00
   1.4400000e+00   5.7657807e-01   0.0000000e+00
   1.4600000e+00   5.7112835e-01   0.0000000e+00
   1.4800000e+00   5.6626598e-01   0.0000000e+00
   1.5000000e+00   5.6199096e-01   0.0000000e+00
   1.5200000e+00   5.5771595e-01   0.0000000e+00
   1.5400000e+00   5.5344093e-01   0.0000000e+00
   1.5600000e+00   5.4916592e-01   0.0000000e+00
   1.5800000e+00   5.4619966e-01   0.0000000e+00
   1.6000000e+00   5.4354252e-01   0.0000000e+00
   1.6200000e+00   5.4119449e-01   0.0000000e+00
   1.6400000e+00   5.3871033e-01   0.0000000e+00
   1.6600000e+00   5.3666668e-01   0.0000000e+00
   1.6800000e+00   5.3506355e-01   0.0000000e+00
   1.7000000e+00   5.3397199e-01   0.0000000e+00
   1.7200000e+00   5.3308929e-01   0.0000000e+00
   1.7400000e+00   5.3241545e-01   0.0000000e+00
   1.7600000e+00   5.3215932e-01   0.0000000e+00
   1.7800000e+00   5.3195046e-01   0.0000000e+00
   1.8000000e+00   5.3178888e-01   0.0000000e+00
   1.8200000e+00   5.3134433e-01   0.0000000e+00
   1.8400000e+00   5.3138925e-01   0.0000000e+00
   1.8600000e+00   5.3192363e-01   0.0000000e+00
   1.8800000e+00   5.3153275e-01   0.0000000e+00
   1.9000000e+00   5.3141608e-01   0.0000000e+00
   1.9200000e+00   5.3157363e-01   0.0000000e+00
   1.9400000e+00   5.3187871e-01   0.0000000e+00
   1.9600000e+00   5.3197493e-01   0.0000000e+00
   1.9800000e+00   5.3186230e-01   0.0000000e+00
   2.0000000e+00   5.3132792e-01   0.0000000e+00
   2.0200000e+00   5.3052837e-01   0.0000000e+00
   2.0400000e+00   5.2946365e-01   0.0000000e+00
   2.0600000e+00   5.2756753e-01   0.0000000e+00
   2.0800000e+00   5.2584773e-01   0.0000000e+00
   2.1000000e+00   5.2430426e-01   0.0000000e+00
   2.1200000e+00   5.2305515e-01   0.0000000e+00
   2.1400000e+00   5.2166088e-01   0.0000000e+00
   2.1600000e+00   5.2012143e-01   0.0000000e+00
   2.1800000e+00   5.1905268e-01   0.0000000e+00
   2.2000000e+00   5.1798393e-01   0.0000000e+00
   2.2200000e+00   5.1691517e-01   0.0000000e+00
   2.2400000e+00   5.1584642e-01   0.0000000e+00
   2.2600000e+00   5.1490170e-01   0.0000000e+00
   2.2800000e+00   5.1408102e-01   0.0000000e+00
   2.3000000e+00   5.1341523e-01   0.0000000e+00
   2.3200000e+00   5.1254796e-01   0.0000000e+00
   2.3400000e+00   5.1147921e-01   0.0000000e+00
   2.3600000e+00   5.1041046e-01   0.0000000e+00
   2.3800000e+00   5.0912547e-01   0.0000000e+00
   2.4000000e+00   5.0762427e-01   0.0000000e+00
   2.4200000e+00   5.0633693e-01   0.0000000e+00
   2.4400000e+00   5.0515888e-01   0.0000000e+00
   2.4600000e+00   5.0409012e-01   0.0000000e+00
   2.4800000e+00   5.0285645e-01   0.0000000e+00
   2.5000000e+00   5.0117086e-01   0.0000000e+00
   2.5200000e+00   4.9903335e-01   0.0000000e+00
   2.5400000e+00   4.9839636e-01   0.0000000e+00
   2.5600000e+00   4.9761892e-01   0.0000000e+00
   2.5800000e+00   4.9670104e-01   0.0000000e+00
   2.6000000e+00   4.9589913e-01   0.0000000e+00
   2.6200000e+00   4.9515589e-01   0.0000000e+00
   2.6400000e+00   4.9447134e-01   0.0000000e+00
   2.6600000e+00   4.9343610e-01   0.0000000e+00
   2.6800000e+00   4.9265129e-01   0.0000000e+00
   2.7000000e+00   4.9211691e-01   0.0000000e+00
   2.7200000e+00   4.9113131e-01   0.0000000e+00
   2.7400000e+00   4.9010413e-01   0.0000000e+00
   2.7600000e+00   4.8903537e-01   0.0000000e+00
   2.7800000e+00   4.8796662e-01   0.0000000e+00
   2.8000000e+00   4.8689787e-01   0.0000000e+00
   2.8200000e+00   4.8582911e-01   0.0000000e+00
   2.8400000e+00   4.8476036e-01   0.0000000e+00
   2.8600000e+00   4.8395108e-01   0.0000000e+00
   2.8800000e+00   4.8340127e-01   0.0000000e+00
   2.9000000e+00   4.8166005e-01   0.0000000e+00
   2.9200000e+00   4.8014911e-01   0.0000000e+00
   2.9400000e+00   4.7886845e-01   0.0000000e+00
   2.9600000e+00   4.7816512e-01   0.0000000e+00
   2.9800000e+00   4.7730522e-01   0.0000000e+00
   3.0000000e+00   4.7628876e-01   0.0000000e+00
   3.0200000e+00   4.7575438e-01   0.0000000e+00
   3.0400000e+00   4.7475000e-01   0.0000000e+00
   3.0600000e+00   4.7327563e-01   0.0000000e+00
   3.0800000e+00   4.7237917e-01   0.0000000e+00
   3.1000000e+00   4.7142708e-01   0.0000000e+00
   3.1200000e+00   4.7041936e-01   0.0000000e+00
   3.1400000e+00   4.6905624e-01   0.0000000e+00
   3.1600000e+00   4.6810582e-01   0.0000000e+00
   3.1800000e+00   4.6756810e-01   0.0000000e+00
   3.2000000e+00   4.6649935e-01   0.0000000e+00
   3.2200000e+00   4.6564112e-01   0.0000000e+00
   3.2400000e+00   4.6499342e-01   0.0000000e+00
   3.2600000e+00   4.6445904e-01   0.0000000e+00
   3.2800000e+00   4.6392467e-01   0.0000000e+00
   3.3000000e+00   4.6339029e-01   0.0000000e+00
   3.3200000e+00   4.6285591e-01   0.0000000e+00
   3.3400000e+00   4.6232153e-01   0.0000000e+00
   3.3600000e+00   4.6178716e-01   0.0000000e+00
   3.3800000e+00   4.6174155e-01   0.0000000e+00
   3.4000000e+00   4.6134664e-01   0.0000000e+00
   3.4200000e+00   4.6060243e-01   0.0000000e+00
   3.4400000e+00   4.5978912e-01   0.0000000e+00
   3.4600000e+00   4.5904588e-01   0.0000000e+00
   3.4800000e+00   4.5837273e-01   0.0000000e+00
   3.5000000e+00   4.5730397e-01   0.0000000e+00
   3.5200000e+00   4.5623522e-01   0.0000000e+00
   3.5400000e+00   4.5516647e-01   0.0000000e+00
   3.5600000e+00   4.5673667e-01   0.0000000e+00
