   6.1000000e-01   9.8939815e-01   0.0000000e+00
   6.3000000e-01   9.7816552e-01   0.0000000e+00
   6.5000000e-01   9.6355836e-01   0.0000000e+00
   6.7000000e-01   9.4423130e-01   0.0000000e+00
   6.9000000e-01   9.2018434e-01   0.0000000e+00
   7.1000000e-01   8.9932417e-01   0.0000000e+00
   7.3000000e-01   8.7975670e-01   0.0000000e+00
   7.5000000e-01   8.6148193e-01   0.0000000e+00
   7.7000000e-01   8.4549150e-01   0.0000000e+00
   7.9000000e-01   8.3022957e-01   0.0000000e+00
   8.1000000e-01   8.1569613e-01   0.0000000e+00
   8.3000000e-01   8.0073357e-01   0.0000000e+00
   8.5000000e-01   7.8681696e-01   0.0000000e+00
   8.7000000e-01   7.7394631e-01   0.0000000e+00
   8.9000000e-01   7.6234019e-01   0.0000000e+00
   9.1000000e-01   7.5150547e-01   0.0000000e+00
   9.3000000e-01   7.4144214e-01   0.0000000e+00
   9.5000000e-01   7.3253071e-01   0.0000000e+00
   9.7000000e-01   7.2385630e-01   0.0000000e+00
   9.9000000e-01   7.1541890e-01   0.0000000e+00
   1.0100000e+00   7.0793762e-01   0.0000000e+00
   1.0300000e+00   7.0069336e-01   0.0000000e+00
   1.0500000e+00   6.9368611e-01   0.0000000e+00
   1.0700000e+00   6.8745394e-01   0.0000000e+00
   1.0900000e+00   6.8163948e-01   0.0000000e+00
   1.1100000e+00   6.7624273e-01   0.0000000e+00
   1.1300000e+00   6.7118527e-01   0.0000000e+00
   1.1500000e+00   6.6572483e-01   0.0000000e+00
   1.1700000e+00   6.5986143e-01   0.0000000e+00
   1.1900000e+00   6.5505203e-01   0.0000000e+00
   1.2100000e+00   6.5024264e-01   0.0000000e+00
   1.2300000e+00   6.4543325e-01   0.0000000e+00
   1.2500000e+00   6.4062385e-01   0.0000000e+00
   1.2700000e+00   6.3571858e-01   0.0000000e+00
   1.2900000e+00   6.3071743e-01   0.0000000e+00
   1.3100000e+00   6.2552384e-01   0.0000000e+00
   1.3300000e+00   6.2078954e-01   0.0000000e+00
   1.3500000e+00   6.1651452e-01   0.0000000e+00
   1.3700000e+00   6.1223951e-01   0.0000000e+00
   1.3900000e+00   6.0796449e-01   0.0000000e+00
   1.4100000e+00   6.0368948e-01   0.0000000e+00
   1.4300000e+00   5.9889551e-01   0.0000000e+00
   1.4500000e+00   5.9389805e-01   0.0000000e+00
   1.4700000e+00   5.8869709e-01   0.0000000e+00
   1.4900000e+00   5.8391384e-01   0.0000000e+00
   1.5100000e+00   5.7938471e-01   0.0000000e+00
   1.5300000e+00   5.7510969e-01   0.0000000e+00
   1.5500000e+00   5.7127853e-01   0.0000000e+00
   1.5700000e+00   5.6765623e-01   0.0000000e+00
   1.5900000e+00   5.6424278e-01   0.0000000e+00
   1.6100000e+00   5.6082599e-01   0.0000000e+00
   1.6300000e+00   5.5734114e-01   0.0000000e+00
   1.6500000e+00   5.5378822e-01   0.0000000e+00
   1.6700000e+00   5.5111634e-01   0.0000000e+00
   1.6900000e+00   5.4818866e-01   0.0000000e+00
   1.7100000e+00   5.4500520e-01   0.0000000e+00
   1.7300000e+00   5.4298367e-01   0.0000000e+00
   1.7500000e+00   5.4089309e-01   0.0000000e+00
   1.7700000e+00   5.3873347e-01   0.0000000e+00
   1.7900000e+00   5.3622317e-01   0.0000000e+00
   1.8100000e+00   5.3387680e-01   0.0000000e+00
   1.8300000e+00   5.3169438e-01   0.0000000e+00
   1.8500000e+00   5.2902249e-01   0.0000000e+00
   1.8700000e+00   5.2635061e-01   0.0000000e+00
   1.8900000e+00   5.2367872e-01   0.0000000e+00
   1.9100000e+00   5.2135280e-01   0.0000000e+00
   1.9300000e+00   5.1923574e-01   0.0000000e+00
   1.9500000e+00   5.1732753e-01   0.0000000e+00
   1.9700000e+00   5.1561176e-01   0.0000000e+00
   1.9900000e+00   5.1368513e-01   0.0000000e+00
   2.0100000e+00   5.1154762e-01   0.0000000e+00
   2.0300000e+00   5.0941011e-01   0.0000000e+00
   2.0500000e+00   5.0747944e-01   0.0000000e+00
   2.0700000e+00   5.0575562e-01   0.0000000e+00
   2.0900000e+00   5.0415249e-01   0.0000000e+00
   2.1100000e+00   5.0254935e-01   0.0000000e+00
   2.1300000e+00   5.0094622e-01   0.0000000e+00
   2.1500000e+00   4.9934309e-01   0.0000000e+00
   2.1700000e+00   4.9773996e-01   0.0000000e+00
   2.1900000e+00   4.9613683e-01   0.0000000e+00
   2.2100000e+00   4.9501510e-01   0.0000000e+00
   2.2300000e+00   4.9373749e-01   0.0000000e+00
   2.2500000e+00   4.9230400e-01   0.0000000e+00
   2.2700000e+00   4.9094894e-01   0.0000000e+00
   2.2900000e+00   4.8973703e-01   0.0000000e+00
   2.3100000e+00   4.8866828e-01   0.0000000e+00
   2.3300000e+00   4.8758478e-01   0.0000000e+00
   2.3500000e+00   4.8624147e-01   0.0000000e+00
   2.3700000e+00   4.8463834e-01   0.0000000e+00
   2.3900000e+00   4.8346766e-01   0.0000000e+00
   2.4100000e+00   4.8234795e-01   0.0000000e+00
   2.4300000e+00   4.8127919e-01   0.0000000e+00
   2.4500000e+00   4.8040956e-01   0.0000000e+00
   2.4700000e+00   4.7970756e-01   0.0000000e+00
   2.4900000e+00   4.7917318e-01   0.0000000e+00
   2.5100000e+00   4.7863881e-01   0.0000000e+00
   2.5300000e+00   4.7760426e-01   0.0000000e+00
   2.5500000e+00   4.7606953e-01   0.0000000e+00
   2.5700000e+00   4.7523342e-01   0.0000000e+00
   2.5900000e+00   4.7428133e-01   0.0000000e+00
   2.6100000e+00   4.7321326e-01   0.0000000e+00
   2.6300000e+00   4.7176031e-01   0.0000000e+00
   2.6500000e+00   4.7049946e-01   0.0000000e+00
   2.6700000e+00   4.6943071e-01   0.0000000e+00
   2.6900000e+00   4.6836195e-01   0.0000000e+00
   2.7100000e+00   4.6729320e-01   0.0000000e+00
   2.7300000e+00   4.6622444e-01   0.0000000e+00
   2.7500000e+00   4.6515569e-01   0.0000000e+00
   2.7700000e+00   4.6408693e-01   0.0000000e+00
   2.7900000e+00   4.6301818e-01   0.0000000e+00
   2.8100000e+00   4.6184819e-01   0.0000000e+00
   2.8300000e+00   4.6046163e-01   0.0000000e+00
   2.8500000e+00   4.5885850e-01   0.0000000e+00
   2.8700000e+00   4.5725537e-01   0.0000000e+00
   2.8900000e+00   4.5585338e-01   0.0000000e+00
   2.9100000e+00   4.5465253e-01   0.0000000e+00
   2.9300000e+00   4.5358378e-01   0.0000000e+00
   2.9500000e+00   4.5234607e-01   0.0000000e+00
   2.9700000e+00   4.5093941e-01   0.0000000e+00
   2.9900000e+00   4.4895877e-01   0.0000000e+00
   3.0100000e+00   4.4770126e-01   0.0000000e+00
   3.0300000e+00   4.4716688e-01   0.0000000e+00
   3.0500000e+00   4.4569250e-01   0.0000000e+00
   3.0700000e+00   4.4450708e-01   0.0000000e+00
   3.0900000e+00   4.4361062e-01   0.0000000e+00
   3.1100000e+00   4.4283957e-01   0.0000000e+00
   3.1300000e+00   4.4197968e-01   0.0000000e+00
   3.1500000e+00   4.4103093e-01   0.0000000e+00
   3.1700000e+00   4.4049321e-01   0.0000000e+00
   3.1900000e+00   4.3968997e-01   0.0000000e+00
   3.2100000e+00   4.3862122e-01   0.0000000e+00
   3.2300000e+00   4.3755247e-01   0.0000000e+00
   3.2500000e+00   4.3663591e-01   0.0000000e+00
   3.2700000e+00   4.3587154e-01   0.0000000e+00
   3.2900000e+00   4.3533716e-01   0.0000000e+00
   3.3100000e+00   4.3480279e-01   0.0000000e+00
   3.3300000e+00   4.3426841e-01   0.0000000e+00
   3.3500000e+00   4.3373403e-01   0.0000000e+00
   3.3700000e+00   4.3271088e-01   0.0000000e+00
   3.3900000e+00   4.3119896e-01   0.0000000e+00
   3.4100000e+00   4.3034005e-01   0.0000000e+00
   3.4300000e+00   4.2951568e-01   0.0000000e+00
   3.4500000e+00   4.2872586e-01   0.0000000e+00
   2.3100000e+00   7.6991828e-01   1.0000000e+00
   2.3300000e+00   7.6883478e-01   1.0000000e+00
   2.3500000e+00   7.6749147e-01   1.0000000e+00
   2.3700000e+00   7.6588834e-01   1.0000000e+00
   2.3900000e+00   7.6385275e-01   1.0000000e+00
   2.4100000e+00   7.6192410e-01   1.0000000e+00
   2.4300000e+00   7.6010238e-01   1.0000000e+00
   2.4500000e+00   7.5830013e-01   1.0000000e+00
   2.4700000e+00   7.5633024e-01   1.0000000e+00
   2.4900000e+00   7.5419273e-01   1.0000000e+00
   2.5100000e+00   7.5205523e-01   1.0000000e+00
   2.5300000e+00   7.5016781e-01   1.0000000e+00
   2.5500000e+00   7.4853047e-01   1.0000000e+00
   2.5700000e+00   7.4654383e-01   1.0000000e+00
   2.5900000e+00   7.4448176e-01   1.0000000e+00
   2.6100000e+00   7.4234425e-01   1.0000000e+00
   2.6300000e+00   7.4020674e-01   1.0000000e+00
   2.6500000e+00   7.3805247e-01   1.0000000e+00
   2.6700000e+00   7.3588145e-01   1.0000000e+00
   2.6900000e+00   7.3320957e-01   1.0000000e+00
   2.7100000e+00   7.3076330e-01   1.0000000e+00
   2.7300000e+00   7.2854264e-01   1.0000000e+00
   2.7500000e+00   7.2640513e-01   1.0000000e+00
   2.7700000e+00   7.2426762e-01   1.0000000e+00
   2.7900000e+00   7.2213011e-01   1.0000000e+00
   2.8100000e+00   7.1999260e-01   1.0000000e+00
   2.8300000e+00   7.1785510e-01   1.0000000e+00
   2.8500000e+00   7.1571759e-01   1.0000000e+00
   2.8700000e+00   7.1461797e-01   1.0000000e+00
   2.8900000e+00   7.1393607e-01   1.0000000e+00
   2.9100000e+00   7.1367187e-01   1.0000000e+00
   2.9300000e+00   7.1338626e-01   1.0000000e+00
   2.9500000e+00   7.1297626e-01   1.0000000e+00
   2.9700000e+00   7.1244188e-01   1.0000000e+00
   2.9900000e+00   7.1185522e-01   1.0000000e+00
   3.0100000e+00   7.1102751e-01   1.0000000e+00
   3.0300000e+00   7.0995876e-01   1.0000000e+00
   3.0500000e+00   7.0889000e-01   1.0000000e+00
   3.0700000e+00   7.0782125e-01   1.0000000e+00
   3.0900000e+00   7.0675249e-01   1.0000000e+00
   3.1100000e+00   7.0521040e-01   1.0000000e+00
   3.1300000e+00   7.0337060e-01   1.0000000e+00
   3.1500000e+00   7.0123309e-01   1.0000000e+00
   3.1700000e+00   6.9909892e-01   1.0000000e+00
   3.1900000e+00   6.9723027e-01   1.0000000e+00
   3.2100000e+00   6.9562714e-01   1.0000000e+00
   3.2300000e+00   6.9402401e-01   1.0000000e+00
   3.2500000e+00   6.9242088e-01   1.0000000e+00
   3.2700000e+00   6.9081775e-01   1.0000000e+00
   3.2900000e+00   6.8940234e-01   1.0000000e+00
   3.3100000e+00   6.8819579e-01   1.0000000e+00
   3.3300000e+00   6.8719810e-01   1.0000000e+00
   3.3500000e+00   6.8666372e-01   1.0000000e+00
