   6.0000000e-01   9.7450665e-01   0.0000000e+00
   6.2000000e-01   9.6311981e-01   0.0000000e+00
   6.4000000e-01   9.5000580e-01   0.0000000e+00
   6.6000000e-01   9.3516463e-01   0.0000000e+00
   6.8000000e-01   9.1485830e-01   0.0000000e+00
   7.0000000e-01   8.9386909e-01   0.0000000e+00
   7.2000000e-01   8.7219699e-01   0.0000000e+00
   7.4000000e-01   8.5062613e-01   0.0000000e+00
   7.6000000e-01   8.3103954e-01   0.0000000e+00
   7.8000000e-01   8.1343723e-01   0.0000000e+00
   8.0000000e-01   8.0040972e-01   0.0000000e+00
   8.2000000e-01   7.8588031e-01   0.0000000e+00
   8.4000000e-01   7.6984899e-01   0.0000000e+00
   8.6000000e-01   7.5695554e-01   0.0000000e+00
   8.8000000e-01   7.4368997e-01   0.0000000e+00
   9.0000000e-01   7.3005230e-01   0.0000000e+00
   9.2000000e-01   7.1760673e-01   0.0000000e+00
   9.4000000e-01   7.0620544e-01   0.0000000e+00
   9.6000000e-01   6.9584843e-01   0.0000000e+00
   9.8000000e-01   6.8729840e-01   0.0000000e+00
   1.0000000e+00   6.7874837e-01   0.0000000e+00
   1.0200000e+00   6.7019834e-01   0.0000000e+00
   1.0400000e+00   6.6307039e-01   0.0000000e+00
   1.0600000e+00   6.5639034e-01   0.0000000e+00
   1.0800000e+00   6.5015816e-01   0.0000000e+00
   1.1000000e+00   6.4428002e-01   0.0000000e+00
   1.1200000e+00   6.3852590e-01   0.0000000e+00
   1.1400000e+00   6.3289583e-01   0.0000000e+00
   1.1600000e+00   6.2808644e-01   0.0000000e+00
   1.1800000e+00   6.2327704e-01   0.0000000e+00
   1.2000000e+00   6.1846765e-01   0.0000000e+00
   1.2200000e+00   6.1280809e-01   0.0000000e+00
   1.2400000e+00   6.0688502e-01   0.0000000e+00
   1.2600000e+00   6.0069846e-01   0.0000000e+00
   1.2800000e+00   5.9466944e-01   0.0000000e+00
   1.3000000e+00   5.8887042e-01   0.0000000e+00
   1.3200000e+00   5.8330138e-01   0.0000000e+00
   1.3400000e+00   5.7635447e-01   0.0000000e+00
   1.3600000e+00   5.6990038e-01   0.0000000e+00
   1.3800000e+00   5.6393908e-01   0.0000000e+00
   1.4000000e+00   5.5768479e-01   0.0000000e+00
   1.4200000e+00   5.5148112e-01   0.0000000e+00
   1.4400000e+00   5.4532807e-01   0.0000000e+00
   1.4600000e+00   5.3902150e-01   0.0000000e+00
   1.4800000e+00   5.3219293e-01   0.0000000e+00
   1.5000000e+00   5.2484237e-01   0.0000000e+00
   1.5200000e+00   5.2003298e-01   0.0000000e+00
   1.5400000e+00   5.1566744e-01   0.0000000e+00
   1.5600000e+00   5.1174576e-01   0.0000000e+00
   1.5800000e+00   5.0833231e-01   0.0000000e+00
   1.6000000e+00   5.0512772e-01   0.0000000e+00
   1.6200000e+00   5.0213199e-01   0.0000000e+00
   1.6400000e+00   4.9946010e-01   0.0000000e+00
   1.6600000e+00   4.9678822e-01   0.0000000e+00
   1.6800000e+00   4.9411633e-01   0.0000000e+00
   1.7000000e+00   4.9195602e-01   0.0000000e+00
   1.7200000e+00   4.9000457e-01   0.0000000e+00
   1.7400000e+00   4.8826197e-01   0.0000000e+00
   1.7600000e+00   4.8638059e-01   0.0000000e+00
   1.7800000e+00   4.8437115e-01   0.0000000e+00
   1.8000000e+00   4.8223364e-01   0.0000000e+00
   1.8200000e+00   4.8018596e-01   0.0000000e+00
   1.8400000e+00   4.7862775e-01   0.0000000e+00
   1.8600000e+00   4.7755900e-01   0.0000000e+00
   1.8800000e+00   4.7649024e-01   0.0000000e+00
   1.9000000e+00   4.7524851e-01   0.0000000e+00
   1.9200000e+00   4.7383379e-01   0.0000000e+00
   1.9400000e+00   4.7245996e-01   0.0000000e+00
   1.9600000e+00   4.7118235e-01   0.0000000e+00
   1.9800000e+00   4.7000096e-01   0.0000000e+00
   2.0000000e+00   4.6839783e-01   0.0000000e+00
   2.0200000e+00   4.6732504e-01   0.0000000e+00
   2.0400000e+00   4.6678261e-01   0.0000000e+00
   2.0600000e+00   4.6838559e-01   0.0000000e+00
   2.0800000e+00   4.7030036e-01   0.0000000e+00
   2.1000000e+00   4.7252693e-01   0.0000000e+00
   2.1200000e+00   4.7475350e-01   0.0000000e+00
   2.1400000e+00   4.7698008e-01   0.0000000e+00
   2.1600000e+00   4.7920665e-01   0.0000000e+00
   2.1800000e+00   4.8143322e-01   0.0000000e+00
   2.2000000e+00   4.8365979e-01   0.0000000e+00
   2.2200000e+00   4.8588636e-01   0.0000000e+00
   2.2400000e+00   4.8811293e-01   0.0000000e+00
   2.2600000e+00   4.8994672e-01   0.0000000e+00
   2.2800000e+00   4.9138773e-01   0.0000000e+00
   2.3000000e+00   4.9192211e-01   0.0000000e+00
   2.3200000e+00   4.9243437e-01   0.0000000e+00
   2.3400000e+00   4.9292452e-01   0.0000000e+00
   2.3600000e+00   4.9185577e-01   0.0000000e+00
   2.3800000e+00   4.9100324e-01   0.0000000e+00
   2.4000000e+00   4.9036694e-01   0.0000000e+00
   2.4200000e+00   4.8951678e-01   0.0000000e+00
   2.4400000e+00   4.8855731e-01   0.0000000e+00
   2.4600000e+00   4.8748856e-01   0.0000000e+00
   2.4800000e+00   4.8641981e-01   0.0000000e+00
   2.5000000e+00   4.8535105e-01   0.0000000e+00
   2.5200000e+00   4.8428230e-01   0.0000000e+00
   2.5400000e+00   4.8321355e-01   0.0000000e+00
   2.5600000e+00   4.8214479e-01   0.0000000e+00
   2.5800000e+00   4.8107604e-01   0.0000000e+00
   2.6000000e+00   4.8000728e-01   0.0000000e+00
   2.6200000e+00   4.7893853e-01   0.0000000e+00
   2.6400000e+00   4.7786977e-01   0.0000000e+00
   2.6600000e+00   4.7680102e-01   0.0000000e+00
   2.6800000e+00   4.7573227e-01   0.0000000e+00
   2.7000000e+00   4.7466351e-01   0.0000000e+00
   2.7200000e+00   4.7404599e-01   0.0000000e+00
   2.7400000e+00   4.7330275e-01   0.0000000e+00
   2.7600000e+00   4.7243381e-01   0.0000000e+00
   2.7800000e+00   4.7158296e-01   0.0000000e+00
   2.8000000e+00   4.7078911e-01   0.0000000e+00
   2.8200000e+00   4.7005226e-01   0.0000000e+00
   2.8400000e+00   4.6844913e-01   0.0000000e+00
   2.8600000e+00   4.6736495e-01   0.0000000e+00
   2.8800000e+00   4.6679971e-01   0.0000000e+00
   2.9000000e+00   4.6586305e-01   0.0000000e+00
   2.9200000e+00   4.6486034e-01   0.0000000e+00
   2.9400000e+00   4.6379159e-01   0.0000000e+00
   2.9600000e+00   4.6272283e-01   0.0000000e+00
   2.9800000e+00   4.6165408e-01   0.0000000e+00
   3.0000000e+00   4.6058533e-01   0.0000000e+00
   3.0200000e+00   4.5951657e-01   0.0000000e+00
   3.0400000e+00   4.5844782e-01   0.0000000e+00
   3.0600000e+00   4.5737906e-01   0.0000000e+00
   3.0800000e+00   4.5666364e-01   0.0000000e+00
   3.1000000e+00   4.5592041e-01   0.0000000e+00
   3.1200000e+00   4.5514936e-01   0.0000000e+00
   3.1400000e+00   4.5408061e-01   0.0000000e+00
   3.1600000e+00   4.5301353e-01   0.0000000e+00
   3.1800000e+00   4.5194811e-01   0.0000000e+00
   3.2000000e+00   4.5141374e-01   0.0000000e+00
   3.2200000e+00   4.5066883e-01   0.0000000e+00
   3.2400000e+00   4.4971340e-01   0.0000000e+00
   3.2600000e+00   4.4894904e-01   0.0000000e+00
   3.2800000e+00   4.4829967e-01   0.0000000e+00
   3.3000000e+00   4.4776529e-01   0.0000000e+00
   3.3200000e+00   4.4715985e-01   0.0000000e+00
   3.3400000e+00   4.4632276e-01   0.0000000e+00
   3.3600000e+00   4.4525400e-01   0.0000000e+00
   3.3800000e+00   4.4467402e-01   0.0000000e+00
   3.4000000e+00   4.4411684e-01   0.0000000e+00
   3.4200000e+00   4.4358246e-01   0.0000000e+00
   3.4400000e+00   4.4279264e-01   0.0000000e+00
   3.4600000e+00   4.4193275e-01   0.0000000e+00
   3.4800000e+00   4.4100277e-01   0.0000000e+00
   3.5000000e+00   4.4046839e-01   0.0000000e+00
   3.5200000e+00   4.3993402e-01   0.0000000e+00
   3.5400000e+00   4.3939964e-01   0.0000000e+00
   3.5600000e+00   4.3842544e-01   0.0000000e+00
   3.5800000e+00   4.3772712e-01   0.0000000e+00
   3.6000000e+00   4.3730469e-01   0.0000000e+00
   3.6200000e+00   4.3709819e-01   0.0000000e+00
   3.6400000e+00   4.3672775e-01   0.0000000e+00
   3.6600000e+00   4.3619338e-01   0.0000000e+00
   3.6800000e+00   4.3565900e-01   0.0000000e+00
   3.7000000e+00   4.3487085e-01   0.0000000e+00
   3.7200000e+00   4.3382893e-01   0.0000000e+00
   3.7400000e+00   4.3315106e-01   0.0000000e+00
   3.7600000e+00   4.3254493e-01   0.0000000e+00
   3.7800000e+00   4.3201055e-01   0.0000000e+00
   3.8000000e+00   4.3131862e-01   0.0000000e+00
   2.0000000e+00   7.4351522e-01   1.0000000e+00
   2.0200000e+00   7.4244646e-01   1.0000000e+00
   2.0400000e+00   7.4137771e-01   1.0000000e+00
   2.0600000e+00   7.4030895e-01   1.0000000e+00
   2.0800000e+00   7.3909169e-01   1.0000000e+00
   2.1000000e+00   7.3772592e-01   1.0000000e+00
   2.1200000e+00   7.3594244e-01   1.0000000e+00
   2.1400000e+00   7.3391825e-01   1.0000000e+00
   2.1600000e+00   7.3165337e-01   1.0000000e+00
   2.1800000e+00   7.2844710e-01   1.0000000e+00
   2.2000000e+00   7.2475944e-01   1.0000000e+00
   2.2200000e+00   7.2059038e-01   1.0000000e+00
   2.2400000e+00   7.1704483e-01   1.0000000e+00
   2.2600000e+00   7.1354490e-01   1.0000000e+00
   2.2800000e+00   7.1009056e-01   1.0000000e+00
   2.3000000e+00   7.0648133e-01   1.0000000e+00
   2.3200000e+00   7.0308832e-01   1.0000000e+00
   2.3400000e+00   6.9991155e-01   1.0000000e+00
   2.3600000e+00   6.9777404e-01   1.0000000e+00
   2.3800000e+00   6.9563653e-01   1.0000000e+00
   2.4000000e+00   6.9349902e-01   1.0000000e+00
   2.4200000e+00   6.9167730e-01   1.0000000e+00
   2.4400000e+00   6.8996488e-01   1.0000000e+00
   2.4600000e+00   6.8836175e-01   1.0000000e+00
