   6.1000000e-01   9.7878973e-01   0.0000000e+00
   6.3000000e-01   9.6701201e-01   0.0000000e+00
   6.5000000e-01   9.4942386e-01   0.0000000e+00
   6.7000000e-01   9.2860630e-01   0.0000000e+00
   6.9000000e-01   9.0455934e-01   0.0000000e+00
   7.1000000e-01   8.8369917e-01   0.0000000e+00
   7.3000000e-01   8.6480889e-01   0.0000000e+00
   7.5000000e-01   8.4788848e-01   0.0000000e+00
   7.7000000e-01   8.3270400e-01   0.0000000e+00
   7.9000000e-01   8.1746855e-01   0.0000000e+00
   8.1000000e-01   8.0218215e-01   0.0000000e+00
   8.3000000e-01   7.8775397e-01   0.0000000e+00
   8.5000000e-01   7.7437174e-01   0.0000000e+00
   8.7000000e-01   7.6203546e-01   0.0000000e+00
   8.9000000e-01   7.5055741e-01   0.0000000e+00
   9.1000000e-01   7.3993154e-01   0.0000000e+00
   9.3000000e-01   7.3015786e-01   0.0000000e+00
   9.5000000e-01   7.2178081e-01   0.0000000e+00
   9.7000000e-01   7.1364077e-01   0.0000000e+00
   9.9000000e-01   7.0573775e-01   0.0000000e+00
   1.0100000e+00   6.9879085e-01   0.0000000e+00
   1.0300000e+00   6.9231798e-01   0.0000000e+00
   1.0500000e+00   6.8631914e-01   0.0000000e+00
   1.0700000e+00   6.8079835e-01   0.0000000e+00
   1.0900000e+00   6.7536608e-01   0.0000000e+00
   1.1100000e+00   6.7002231e-01   0.0000000e+00
   1.1300000e+00   6.6492661e-01   0.0000000e+00
   1.1500000e+00   6.6023756e-01   0.0000000e+00
   1.1700000e+00   6.5595518e-01   0.0000000e+00
   1.1900000e+00   6.5114578e-01   0.0000000e+00
   1.2100000e+00   6.4654893e-01   0.0000000e+00
   1.2300000e+00   6.4216462e-01   0.0000000e+00
   1.2500000e+00   6.3758119e-01   0.0000000e+00
   1.2700000e+00   6.3298065e-01   0.0000000e+00
   1.2900000e+00   6.2836301e-01   0.0000000e+00
   1.3100000e+00   6.2416308e-01   0.0000000e+00
   1.3300000e+00   6.2019280e-01   0.0000000e+00
   1.3500000e+00   6.1645216e-01   0.0000000e+00
   1.3700000e+00   6.1172592e-01   0.0000000e+00
   1.3900000e+00   6.0752231e-01   0.0000000e+00
   1.4100000e+00   6.0384132e-01   0.0000000e+00
   1.4300000e+00   6.0011612e-01   0.0000000e+00
   1.4500000e+00   5.9604460e-01   0.0000000e+00
   1.4700000e+00   5.9162678e-01   0.0000000e+00
   1.4900000e+00   5.8689581e-01   0.0000000e+00
   1.5100000e+00   5.8292720e-01   0.0000000e+00
   1.5300000e+00   5.7972094e-01   0.0000000e+00
   1.5500000e+00   5.7607082e-01   0.0000000e+00
   1.5700000e+00   5.7237544e-01   0.0000000e+00
   1.5900000e+00   5.6863480e-01   0.0000000e+00
   1.6100000e+00   5.6531522e-01   0.0000000e+00
   1.6300000e+00   5.6222562e-01   0.0000000e+00
   1.6500000e+00   5.5936601e-01   0.0000000e+00
   1.6700000e+00   5.5562537e-01   0.0000000e+00
   1.6900000e+00   5.5239631e-01   0.0000000e+00
   1.7100000e+00   5.4967882e-01   0.0000000e+00
   1.7300000e+00   5.4700693e-01   0.0000000e+00
   1.7500000e+00   5.4447417e-01   0.0000000e+00
   1.7700000e+00   5.4208053e-01   0.0000000e+00
   1.7900000e+00   5.3978144e-01   0.0000000e+00
   1.8100000e+00   5.3731841e-01   0.0000000e+00
   1.8300000e+00   5.3469144e-01   0.0000000e+00
   1.8500000e+00   5.3255393e-01   0.0000000e+00
   1.8700000e+00   5.3041642e-01   0.0000000e+00
   1.8900000e+00   5.2827892e-01   0.0000000e+00
   1.9100000e+00   5.2614141e-01   0.0000000e+00
   1.9300000e+00   5.2400390e-01   0.0000000e+00
   1.9500000e+00   5.2186639e-01   0.0000000e+00
   1.9700000e+00   5.1984152e-01   0.0000000e+00
   1.9900000e+00   5.1802752e-01   0.0000000e+00
   2.0100000e+00   5.1642438e-01   0.0000000e+00
   2.0300000e+00   5.1535160e-01   0.0000000e+00
   2.0500000e+00   5.1386715e-01   0.0000000e+00
   2.0700000e+00   5.1197103e-01   0.0000000e+00
   2.0900000e+00   5.1042756e-01   0.0000000e+00
   2.1100000e+00   5.0912145e-01   0.0000000e+00
   2.1300000e+00   5.0805269e-01   0.0000000e+00
   2.1500000e+00   5.0692025e-01   0.0000000e+00
   2.1700000e+00   5.0555246e-01   0.0000000e+00
   2.1900000e+00   5.0394933e-01   0.0000000e+00
   2.2100000e+00   5.0282760e-01   0.0000000e+00
   2.2300000e+00   5.0154999e-01   0.0000000e+00
   2.2500000e+00   5.0011650e-01   0.0000000e+00
   2.2700000e+00   4.9851337e-01   0.0000000e+00
   2.2900000e+00   4.9697594e-01   0.0000000e+00
   2.3100000e+00   4.9550422e-01   0.0000000e+00
   2.3300000e+00   4.9442072e-01   0.0000000e+00
   2.3500000e+00   4.9307741e-01   0.0000000e+00
   2.3700000e+00   4.9147427e-01   0.0000000e+00
   2.3900000e+00   4.8943869e-01   0.0000000e+00
   2.4100000e+00   4.8766793e-01   0.0000000e+00
   2.4300000e+00   4.8616201e-01   0.0000000e+00
   2.4500000e+00   4.8489412e-01   0.0000000e+00
   2.4700000e+00   4.8345862e-01   0.0000000e+00
   2.4900000e+00   4.8185549e-01   0.0000000e+00
   2.5100000e+00   4.8025236e-01   0.0000000e+00
   2.5300000e+00   4.7889931e-01   0.0000000e+00
   2.5500000e+00   4.7779636e-01   0.0000000e+00
   2.5700000e+00   4.7672760e-01   0.0000000e+00
   2.5900000e+00   4.7552542e-01   0.0000000e+00
   2.6100000e+00   4.7418983e-01   0.0000000e+00
   2.6300000e+00   4.7258670e-01   0.0000000e+00
   2.6500000e+00   4.7100032e-01   0.0000000e+00
   2.6700000e+00   4.6943071e-01   0.0000000e+00
   2.6900000e+00   4.6836195e-01   0.0000000e+00
   2.7100000e+00   4.6729320e-01   0.0000000e+00
   2.7300000e+00   4.6622444e-01   0.0000000e+00
   2.7500000e+00   4.6515569e-01   0.0000000e+00
   2.7700000e+00   4.6386904e-01   0.0000000e+00
   2.7900000e+00   4.6236449e-01   0.0000000e+00
   2.8100000e+00   4.6042945e-01   0.0000000e+00
   2.8300000e+00   4.5892755e-01   0.0000000e+00
   2.8500000e+00   4.5785879e-01   0.0000000e+00
   2.8700000e+00   4.5679004e-01   0.0000000e+00
   2.8900000e+00   4.5572129e-01   0.0000000e+00
   2.9100000e+00   4.5465253e-01   0.0000000e+00
   2.9300000e+00   4.5301254e-01   0.0000000e+00
   2.9500000e+00   4.5129275e-01   0.0000000e+00
   2.9700000e+00   4.4949315e-01   0.0000000e+00
   2.9900000e+00   4.4837210e-01   0.0000000e+00
   3.0100000e+00   4.4701002e-01   0.0000000e+00
   3.0300000e+00   4.4540689e-01   0.0000000e+00
   3.0500000e+00   4.4380375e-01   0.0000000e+00
   3.0700000e+00   4.4237729e-01   0.0000000e+00
   3.0900000e+00   4.4112750e-01   0.0000000e+00
   3.1100000e+00   4.4005874e-01   0.0000000e+00
   3.1300000e+00   4.3898999e-01   0.0000000e+00
   3.1500000e+00   4.3792123e-01   0.0000000e+00
   3.1700000e+00   4.3685248e-01   0.0000000e+00
   3.1900000e+00   4.3578372e-01   0.0000000e+00
   3.2100000e+00   4.3471497e-01   0.0000000e+00
   3.2300000e+00   4.3364622e-01   0.0000000e+00
   3.2500000e+00   4.3272966e-01   0.0000000e+00
   3.2700000e+00   4.3196529e-01   0.0000000e+00
   3.2900000e+00   4.3124319e-01   0.0000000e+00
   3.3100000e+00   4.3038329e-01   0.0000000e+00
   3.3300000e+00   4.2938560e-01   0.0000000e+00
   3.3500000e+00   4.2885122e-01   0.0000000e+00
   3.3700000e+00   4.2831684e-01   0.0000000e+00
   3.3900000e+00   4.2778247e-01   0.0000000e+00
   3.4100000e+00   4.2762020e-01   0.0000000e+00
   3.4300000e+00   4.2753906e-01   0.0000000e+00
   3.4500000e+00   4.2753906e-01   0.0000000e+00
   3.4700000e+00   4.2740028e-01   0.0000000e+00
   3.4900000e+00   4.2707476e-01   0.0000000e+00
   3.5100000e+00   4.2656250e-01   0.0000000e+00
   3.5300000e+00   4.2656250e-01   0.0000000e+00
   3.5500000e+00   4.2590276e-01   0.0000000e+00
   3.5700000e+00   4.2458328e-01   0.0000000e+00
   3.5900000e+00   4.2362648e-01   0.0000000e+00
   3.6100000e+00   4.2205490e-01   0.0000000e+00
   3.6300000e+00   4.1986854e-01   0.0000000e+00
   2.2500000e+00   7.6019394e-01   1.0000000e+00
   2.2700000e+00   7.5748382e-01   1.0000000e+00
   2.2900000e+00   7.5499430e-01   1.0000000e+00
   2.3100000e+00   7.5272538e-01   1.0000000e+00
   2.3300000e+00   7.5008298e-01   1.0000000e+00
   2.3500000e+00   7.4796022e-01   1.0000000e+00
   2.3700000e+00   7.4635709e-01   1.0000000e+00
   2.3900000e+00   7.4475396e-01   1.0000000e+00
   2.4100000e+00   7.4330872e-01   1.0000000e+00
   2.4300000e+00   7.4202138e-01   1.0000000e+00
   2.4500000e+00   7.4095263e-01   1.0000000e+00
   2.4700000e+00   7.3988387e-01   1.0000000e+00
   2.4900000e+00   7.3881512e-01   1.0000000e+00
   2.5100000e+00   7.3774636e-01   1.0000000e+00
   2.5300000e+00   7.3667761e-01   1.0000000e+00
   2.5500000e+00   7.3560885e-01   1.0000000e+00
   2.5700000e+00   7.3454010e-01   1.0000000e+00
   2.5900000e+00   7.3333792e-01   1.0000000e+00
   2.6100000e+00   7.3200233e-01   1.0000000e+00
   2.6300000e+00   7.3054938e-01   1.0000000e+00
   2.6500000e+00   7.2923825e-01   1.0000000e+00
   2.6700000e+00   7.2806895e-01   1.0000000e+00
   2.6900000e+00   7.2539707e-01   1.0000000e+00
   2.7100000e+00   7.2295080e-01   1.0000000e+00
   2.7300000e+00   7.2073014e-01   1.0000000e+00
   2.7500000e+00   7.1892719e-01   1.0000000e+00
   2.7700000e+00   7.1711520e-01   1.0000000e+00
   2.7900000e+00   7.1529418e-01   1.0000000e+00
   2.8100000e+00   7.1325790e-01   1.0000000e+00
   2.8300000e+00   7.1143820e-01   1.0000000e+00
   2.8500000e+00   7.0983507e-01   1.0000000e+00
   2.8700000e+00   7.0771299e-01   1.0000000e+00
   2.8900000e+00   7.0618662e-01   1.0000000e+00
   2.9100000e+00   7.0525595e-01   1.0000000e+00
   2.9300000e+00   7.0443596e-01   1.0000000e+00
   2.9500000e+00   7.0349159e-01   1.0000000e+00
   2.9700000e+00   7.0242283e-01   1.0000000e+00
   2.9900000e+00   7.0140637e-01   1.0000000e+00
   3.0100000e+00   7.0063094e-01   1.0000000e+00
   3.0300000e+00   7.0009657e-01   1.0000000e+00
   3.0500000e+00   6.9909219e-01   1.0000000e+00
   3.0700000e+00   6.9805562e-01   1.0000000e+00
   3.0900000e+00   6.9698687e-01   1.0000000e+00
   3.1100000e+00   6.9568145e-01   1.0000000e+00
   3.1300000e+00   6.9428717e-01   1.0000000e+00
   3.1500000e+00   6.9280404e-01   1.0000000e+00
   3.1700000e+00   6.9172861e-01   1.0000000e+00
   3.1900000e+00   6.9012214e-01   1.0000000e+00
   3.2100000e+00   6.8798463e-01   1.0000000e+00
   3.2300000e+00   6.8668923e-01   1.0000000e+00
   3.2500000e+00   6.8550715e-01   1.0000000e+00
   3.2700000e+00   6.8443840e-01   1.0000000e+00
   3.2900000e+00   6.8355737e-01   1.0000000e+00
   3.3100000e+00   6.8284966e-01   1.0000000e+00
   3.3300000e+00   6.8231529e-01   1.0000000e+00
   3.3500000e+00   6.8178091e-01   1.0000000e+00
   3.3700000e+00   6.8149092e-01   1.0000000e+00
   3.3900000e+00   6.8144531e-01   1.0000000e+00
   3.4100000e+00   6.8070110e-01   1.0000000e+00
   3.4300000e+00   6.7992233e-01   1.0000000e+00
   3.4500000e+00   6.7910902e-01   1.0000000e+00
   3.4700000e+00   6.7746442e-01   1.0000000e+00
   3.4900000e+00   6.7429271e-01   1.0000000e+00
   3.5100000e+00   6.6959388e-01   1.0000000e+00
   3.5300000e+00   6.6745637e-01   1.0000000e+00
   3.5500000e+00   6.6597860e-01   1.0000000e+00
   3.5700000e+00   6.6516057e-01   1.0000000e+00
