   6.1000000e-01   9.7060679e-01   0.0000000e+00
   6.3000000e-01   9.5776032e-01   0.0000000e+00
   6.5000000e-01   9.3914096e-01   0.0000000e+00
   6.7000000e-01   9.1754061e-01   0.0000000e+00
   6.9000000e-01   8.9295927e-01   0.0000000e+00
   7.1000000e-01   8.7110947e-01   0.0000000e+00
   7.3000000e-01   8.5085139e-01   0.0000000e+00
   7.5000000e-01   8.3218505e-01   0.0000000e+00
   7.7000000e-01   8.1597270e-01   0.0000000e+00
   7.9000000e-01   8.0027998e-01   0.0000000e+00
   8.1000000e-01   7.8510690e-01   0.0000000e+00
   8.3000000e-01   7.6907559e-01   0.0000000e+00
   8.5000000e-01   7.5565916e-01   0.0000000e+00
   8.7000000e-01   7.4485760e-01   0.0000000e+00
   8.9000000e-01   7.3335744e-01   0.0000000e+00
   9.1000000e-01   7.2245333e-01   0.0000000e+00
   9.3000000e-01   7.1214526e-01   0.0000000e+00
   9.5000000e-01   7.0392576e-01   0.0000000e+00
   9.7000000e-01   6.9660975e-01   0.0000000e+00
   9.9000000e-01   6.9019723e-01   0.0000000e+00
   1.0100000e+00   6.8378470e-01   0.0000000e+00
   1.0300000e+00   6.7808322e-01   0.0000000e+00
   1.0500000e+00   6.7309279e-01   0.0000000e+00
   1.0700000e+00   6.6864076e-01   0.0000000e+00
   1.0900000e+00   6.6427724e-01   0.0000000e+00
   1.1100000e+00   6.6000222e-01   0.0000000e+00
   1.1300000e+00   6.5572720e-01   0.0000000e+00
   1.1500000e+00   6.5145587e-01   0.0000000e+00
   1.1700000e+00   6.4718823e-01   0.0000000e+00
   1.1900000e+00   6.4344759e-01   0.0000000e+00
   1.2100000e+00   6.3970695e-01   0.0000000e+00
   1.2300000e+00   6.3596631e-01   0.0000000e+00
   1.2500000e+00   6.3222567e-01   0.0000000e+00
   1.2700000e+00   6.2838915e-01   0.0000000e+00
   1.2900000e+00   6.2445676e-01   0.0000000e+00
   1.3100000e+00   6.2025683e-01   0.0000000e+00
   1.3300000e+00   6.1628655e-01   0.0000000e+00
   1.3500000e+00   6.1254591e-01   0.0000000e+00
   1.3700000e+00   6.0831247e-01   0.0000000e+00
   1.3900000e+00   6.0424631e-01   0.0000000e+00
   1.4100000e+00   6.0034743e-01   0.0000000e+00
   1.4300000e+00   5.9634732e-01   0.0000000e+00
   1.4500000e+00   5.9220976e-01   0.0000000e+00
   1.4700000e+00   5.8793474e-01   0.0000000e+00
   1.4900000e+00   5.8368587e-01   0.0000000e+00
   1.5100000e+00   5.7969111e-01   0.0000000e+00
   1.5300000e+00   5.7595047e-01   0.0000000e+00
   1.5500000e+00   5.7176598e-01   0.0000000e+00
   1.5700000e+00   5.6769982e-01   0.0000000e+00
   1.5900000e+00   5.6375199e-01   0.0000000e+00
   1.6100000e+00   5.6022188e-01   0.0000000e+00
   1.6300000e+00   5.5685369e-01   0.0000000e+00
   1.6500000e+00   5.5364743e-01   0.0000000e+00
   1.6700000e+00   5.5044117e-01   0.0000000e+00
   1.6900000e+00   5.4749069e-01   0.0000000e+00
   1.7100000e+00   5.4479600e-01   0.0000000e+00
   1.7300000e+00   5.4251903e-01   0.0000000e+00
   1.7500000e+00   5.4017266e-01   0.0000000e+00
   1.7700000e+00   5.3775691e-01   0.0000000e+00
   1.7900000e+00   5.3508503e-01   0.0000000e+00
   1.8100000e+00   5.3245806e-01   0.0000000e+00
   1.8300000e+00   5.2987600e-01   0.0000000e+00
   1.8500000e+00   5.2827287e-01   0.0000000e+00
   1.8700000e+00   5.2643843e-01   0.0000000e+00
   1.8900000e+00   5.2437267e-01   0.0000000e+00
   1.9100000e+00   5.2223516e-01   0.0000000e+00
   1.9300000e+00   5.2021230e-01   0.0000000e+00
   1.9500000e+00   5.1830409e-01   0.0000000e+00
   1.9700000e+00   5.1681359e-01   0.0000000e+00
   1.9900000e+00   5.1553397e-01   0.0000000e+00
   2.0100000e+00   5.1446521e-01   0.0000000e+00
   2.0300000e+00   5.1286611e-01   0.0000000e+00
   2.0500000e+00   5.1147184e-01   0.0000000e+00
   2.0700000e+00   5.1028239e-01   0.0000000e+00
   2.0900000e+00   5.0921364e-01   0.0000000e+00
   2.1100000e+00   5.0814488e-01   0.0000000e+00
   2.1300000e+00   5.0707613e-01   0.0000000e+00
   2.1500000e+00   5.0600737e-01   0.0000000e+00
   2.1700000e+00   5.0493862e-01   0.0000000e+00
   2.1900000e+00   5.0386987e-01   0.0000000e+00
   2.2100000e+00   5.0376391e-01   0.0000000e+00
   2.2300000e+00   5.0334620e-01   0.0000000e+00
   2.2500000e+00   5.0261673e-01   0.0000000e+00
   2.2700000e+00   5.0154798e-01   0.0000000e+00
   2.2900000e+00   5.0061063e-01   0.0000000e+00
   2.3100000e+00   4.9980469e-01   0.0000000e+00
   2.3300000e+00   4.9977520e-01   0.0000000e+00
   2.3500000e+00   4.9922608e-01   0.0000000e+00
   2.3700000e+00   4.9815733e-01   0.0000000e+00
   2.3900000e+00   4.9708858e-01   0.0000000e+00
   2.4100000e+00   4.9601982e-01   0.0000000e+00
   2.4300000e+00   4.9495107e-01   0.0000000e+00
   2.4500000e+00   4.9368319e-01   0.0000000e+00
   2.4700000e+00   4.9228891e-01   0.0000000e+00
   2.4900000e+00   4.9076824e-01   0.0000000e+00
   2.5100000e+00   4.8969949e-01   0.0000000e+00
   2.5300000e+00   4.8863073e-01   0.0000000e+00
   2.5500000e+00   4.8756198e-01   0.0000000e+00
   2.5700000e+00   4.8649323e-01   0.0000000e+00
   2.5900000e+00   4.8542447e-01   0.0000000e+00
   2.6100000e+00   4.8435572e-01   0.0000000e+00
   2.6300000e+00   4.8328696e-01   0.0000000e+00
   2.6500000e+00   4.8220145e-01   0.0000000e+00
   2.6700000e+00   4.8109918e-01   0.0000000e+00
   2.6900000e+00   4.7949605e-01   0.0000000e+00
   2.7100000e+00   4.7789292e-01   0.0000000e+00
   2.7300000e+00   4.7628979e-01   0.0000000e+00
   2.7500000e+00   4.7468666e-01   0.0000000e+00
   2.7700000e+00   4.7297458e-01   0.0000000e+00
   2.7900000e+00   4.7115355e-01   0.0000000e+00
   2.8100000e+00   4.6921851e-01   0.0000000e+00
   2.8300000e+00   4.6771661e-01   0.0000000e+00
   2.8500000e+00   4.6664786e-01   0.0000000e+00
   2.8700000e+00   4.6454121e-01   0.0000000e+00
   2.8900000e+00   4.6282142e-01   0.0000000e+00
   2.9100000e+00   4.6148847e-01   0.0000000e+00
   2.9300000e+00   4.6013410e-01   0.0000000e+00
   2.9500000e+00   4.5873982e-01   0.0000000e+00
   2.9700000e+00   4.5730565e-01   0.0000000e+00
   2.9900000e+00   4.5623689e-01   0.0000000e+00
   3.0100000e+00   4.5516814e-01   0.0000000e+00
   3.0300000e+00   4.5409938e-01   0.0000000e+00
   3.0500000e+00   4.5303063e-01   0.0000000e+00
   3.0700000e+00   4.5178521e-01   0.0000000e+00
   3.0900000e+00   4.5036312e-01   0.0000000e+00
   3.1100000e+00   4.4923333e-01   0.0000000e+00
   3.1300000e+00   4.4828124e-01   0.0000000e+00
   3.1500000e+00   4.4750685e-01   0.0000000e+00
   3.1700000e+00   4.4590706e-01   0.0000000e+00
   3.1900000e+00   4.4457279e-01   0.0000000e+00
   3.2100000e+00   4.4350403e-01   0.0000000e+00
   3.2300000e+00   4.4201423e-01   0.0000000e+00
   3.2500000e+00   4.4061995e-01   0.0000000e+00
   3.2700000e+00   4.3932121e-01   0.0000000e+00
   3.2900000e+00   4.3844018e-01   0.0000000e+00
   3.3100000e+00   4.3773248e-01   0.0000000e+00
   3.3300000e+00   4.3719810e-01   0.0000000e+00
   3.3500000e+00   4.3666372e-01   0.0000000e+00
   3.3700000e+00   4.3612934e-01   0.0000000e+00
   3.3900000e+00   4.3559497e-01   0.0000000e+00
   3.4100000e+00   4.3506059e-01   0.0000000e+00
   3.4300000e+00   4.3452621e-01   0.0000000e+00
   3.4500000e+00   4.3399184e-01   0.0000000e+00
   3.4700000e+00   4.3345746e-01   0.0000000e+00
   3.4900000e+00   4.3292308e-01   0.0000000e+00
   3.5100000e+00   4.3238871e-01   0.0000000e+00
   3.5300000e+00   4.3185433e-01   0.0000000e+00
   2.1600000e+00   7.5175781e-01   1.0000000e+00
   2.1800000e+00   7.5175781e-01   1.0000000e+00
   2.2000000e+00   7.5151711e-01   1.0000000e+00
   2.2200000e+00   7.5103571e-01   1.0000000e+00
   2.2400000e+00   7.4867765e-01   1.0000000e+00
   2.2600000e+00   7.4589549e-01   1.0000000e+00
   2.2800000e+00   7.4268923e-01   1.0000000e+00
   2.3000000e+00   7.3961438e-01   1.0000000e+00
   2.3200000e+00   7.3674838e-01   1.0000000e+00
   2.3400000e+00   7.3409123e-01   1.0000000e+00
   2.3600000e+00   7.3195372e-01   1.0000000e+00
   2.3800000e+00   7.2959999e-01   1.0000000e+00
   2.4000000e+00   7.2703003e-01   1.0000000e+00
   2.4200000e+00   7.2498972e-01   1.0000000e+00
   2.4400000e+00   7.2316800e-01   1.0000000e+00
   2.4600000e+00   7.2156487e-01   1.0000000e+00
   2.4800000e+00   7.1996174e-01   1.0000000e+00
   2.5000000e+00   7.1835861e-01   1.0000000e+00
   2.5200000e+00   7.1675548e-01   1.0000000e+00
   2.5400000e+00   7.1465218e-01   1.0000000e+00
   2.5600000e+00   7.1291528e-01   1.0000000e+00
   2.5800000e+00   7.1154479e-01   1.0000000e+00
   2.6000000e+00   7.0994234e-01   1.0000000e+00
   2.6200000e+00   7.0822255e-01   1.0000000e+00
   2.6400000e+00   7.0638540e-01   1.0000000e+00
   2.6600000e+00   7.0528313e-01   1.0000000e+00
   2.6800000e+00   7.0393043e-01   1.0000000e+00
   2.7000000e+00   7.0232730e-01   1.0000000e+00
   2.7200000e+00   7.0117540e-01   1.0000000e+00
   2.7400000e+00   7.0023235e-01   1.0000000e+00
   2.7600000e+00   6.9949816e-01   1.0000000e+00
   2.7800000e+00   6.9874588e-01   1.0000000e+00
   2.8000000e+00   6.9793660e-01   1.0000000e+00
   2.8200000e+00   6.9707031e-01   1.0000000e+00
   2.8400000e+00   6.9707031e-01   1.0000000e+00
   2.8600000e+00   6.9629189e-01   1.0000000e+00
   2.8800000e+00   6.9473506e-01   1.0000000e+00
   2.9000000e+00   6.9393649e-01   1.0000000e+00
   2.9200000e+00   6.9312721e-01   1.0000000e+00
   2.9400000e+00   6.9230721e-01   1.0000000e+00
   2.9600000e+00   6.9090056e-01   1.0000000e+00
   2.9800000e+00   6.8910233e-01   1.0000000e+00
   3.0000000e+00   6.8691253e-01   1.0000000e+00
   3.0200000e+00   6.8424065e-01   1.0000000e+00
   3.0400000e+00   6.8203876e-01   1.0000000e+00
   3.0600000e+00   6.8030688e-01   1.0000000e+00
   3.0800000e+00   6.7835041e-01   1.0000000e+00
   3.1000000e+00   6.7618509e-01   1.0000000e+00
   3.1200000e+00   6.7381091e-01   1.0000000e+00
   3.1400000e+00   6.7149904e-01   1.0000000e+00
   3.1600000e+00   6.6980706e-01   1.0000000e+00
   3.1800000e+00   6.6873496e-01   1.0000000e+00
   3.2000000e+00   6.6713183e-01   1.0000000e+00
   3.2200000e+00   6.6594976e-01   1.0000000e+00
   3.2400000e+00   6.6518873e-01   1.0000000e+00
   3.2600000e+00   6.6465436e-01   1.0000000e+00
   3.2800000e+00   6.6411998e-01   1.0000000e+00
   3.3000000e+00   6.6358560e-01   1.0000000e+00
