   6.0000000e-01   9.2137304e-01   0.0000000e+00
   6.2000000e-01   9.0149721e-01   0.0000000e+00
   6.4000000e-01   8.7836882e-01   0.0000000e+00
   6.6000000e-01   8.5198787e-01   0.0000000e+00
   6.8000000e-01   8.3007841e-01   0.0000000e+00
   7.0000000e-01   8.1044524e-01   0.0000000e+00
   7.2000000e-01   7.9308835e-01   0.0000000e+00
   7.4000000e-01   7.7889281e-01   0.0000000e+00
   7.6000000e-01   7.6627023e-01   0.0000000e+00
   7.8000000e-01   7.5522060e-01   0.0000000e+00
   8.0000000e-01   7.4688110e-01   0.0000000e+00
   8.2000000e-01   7.3897070e-01   0.0000000e+00
   8.4000000e-01   7.3148943e-01   0.0000000e+00
   8.6000000e-01   7.2453112e-01   0.0000000e+00
   8.8000000e-01   7.1818799e-01   0.0000000e+00
   9.0000000e-01   7.1246002e-01   0.0000000e+00
   9.2000000e-01   7.0711625e-01   0.0000000e+00
   9.4000000e-01   7.0185897e-01   0.0000000e+00
   9.6000000e-01   6.9668818e-01   0.0000000e+00
   9.8000000e-01   6.9193511e-01   0.0000000e+00
   1.0000000e+00   6.8742106e-01   0.0000000e+00
   1.0200000e+00   6.8314604e-01   0.0000000e+00
   1.0400000e+00   6.7934506e-01   0.0000000e+00
   1.0600000e+00   6.7575293e-01   0.0000000e+00
   1.0800000e+00   6.7236965e-01   0.0000000e+00
   1.1000000e+00   6.6868199e-01   0.0000000e+00
   1.1200000e+00   6.6482468e-01   0.0000000e+00
   1.1400000e+00   6.6079774e-01   0.0000000e+00
   1.1600000e+00   6.5758411e-01   0.0000000e+00
   1.1800000e+00   6.5410697e-01   0.0000000e+00
   1.2000000e+00   6.5036633e-01   0.0000000e+00
   1.2200000e+00   6.4662569e-01   0.0000000e+00
   1.2400000e+00   6.4273084e-01   0.0000000e+00
   1.2600000e+00   6.3868178e-01   0.0000000e+00
   1.2800000e+00   6.3421501e-01   0.0000000e+00
   1.3000000e+00   6.2961448e-01   0.0000000e+00
   1.3200000e+00   6.2488017e-01   0.0000000e+00
   1.3400000e+00   6.2060516e-01   0.0000000e+00
   1.3600000e+00   6.1657654e-01   0.0000000e+00
   1.3800000e+00   6.1279433e-01   0.0000000e+00
   1.4000000e+00   6.0867755e-01   0.0000000e+00
   1.4200000e+00   6.0461139e-01   0.0000000e+00
   1.4400000e+00   6.0059585e-01   0.0000000e+00
   1.4600000e+00   5.9656959e-01   0.0000000e+00
   1.4800000e+00   5.9219098e-01   0.0000000e+00
   1.5000000e+00   5.8746002e-01   0.0000000e+00
   1.5200000e+00   5.8425376e-01   0.0000000e+00
   1.5400000e+00   5.8082557e-01   0.0000000e+00
   1.5600000e+00   5.7717545e-01   0.0000000e+00
   1.5800000e+00   5.7376200e-01   0.0000000e+00
   1.6000000e+00   5.7055741e-01   0.0000000e+00
   1.6200000e+00   5.6756167e-01   0.0000000e+00
   1.6400000e+00   5.6479593e-01   0.0000000e+00
   1.6600000e+00   5.6180992e-01   0.0000000e+00
   1.6800000e+00   5.5860366e-01   0.0000000e+00
   1.7000000e+00   5.5590897e-01   0.0000000e+00
   1.7200000e+00   5.5342314e-01   0.0000000e+00
   1.7400000e+00   5.5114617e-01   0.0000000e+00
   1.7600000e+00   5.4845217e-01   0.0000000e+00
   1.7800000e+00   5.4566362e-01   0.0000000e+00
   1.8000000e+00   5.4278052e-01   0.0000000e+00
   1.8200000e+00   5.4064301e-01   0.0000000e+00
   1.8400000e+00   5.3850550e-01   0.0000000e+00
   1.8600000e+00   5.3636799e-01   0.0000000e+00
   1.8800000e+00   5.3423048e-01   0.0000000e+00
   1.9000000e+00   5.3174701e-01   0.0000000e+00
   1.9200000e+00   5.2891758e-01   0.0000000e+00
   1.9400000e+00   5.2616991e-01   0.0000000e+00
   1.9600000e+00   5.2372733e-01   0.0000000e+00
   1.9800000e+00   5.2158982e-01   0.0000000e+00
   2.0000000e+00   5.1945231e-01   0.0000000e+00
   2.0200000e+00   5.1731480e-01   0.0000000e+00
   2.0400000e+00   5.1517729e-01   0.0000000e+00
   2.0600000e+00   5.1303978e-01   0.0000000e+00
   2.0800000e+00   5.1090228e-01   0.0000000e+00
   2.1000000e+00   5.0876477e-01   0.0000000e+00
   2.1200000e+00   5.0644691e-01   0.0000000e+00
   2.1400000e+00   5.0395203e-01   0.0000000e+00
   2.1600000e+00   5.0128015e-01   0.0000000e+00
   2.1800000e+00   4.9860826e-01   0.0000000e+00
   2.2000000e+00   4.9617708e-01   0.0000000e+00
   2.2200000e+00   4.9398660e-01   0.0000000e+00
   2.2400000e+00   4.9184909e-01   0.0000000e+00
   2.2600000e+00   4.8983561e-01   0.0000000e+00
   2.2800000e+00   4.8794618e-01   0.0000000e+00
   2.3000000e+00   4.8621164e-01   0.0000000e+00
   2.3200000e+00   4.8427562e-01   0.0000000e+00
   2.3400000e+00   4.8213811e-01   0.0000000e+00
   2.3600000e+00   4.8000060e-01   0.0000000e+00
   2.3800000e+00   4.7786309e-01   0.0000000e+00
   2.4000000e+00   4.7572558e-01   0.0000000e+00
   2.4200000e+00   4.7390387e-01   0.0000000e+00
   2.4400000e+00   4.7219144e-01   0.0000000e+00
   2.4600000e+00   4.7058831e-01   0.0000000e+00
   2.4800000e+00   4.6890272e-01   0.0000000e+00
   2.5000000e+00   4.6699117e-01   0.0000000e+00
   2.5200000e+00   4.6485366e-01   0.0000000e+00
   2.5400000e+00   4.6271615e-01   0.0000000e+00
   2.5600000e+00   4.6077040e-01   0.0000000e+00
   2.5800000e+00   4.5901640e-01   0.0000000e+00
   2.6000000e+00   4.5741327e-01   0.0000000e+00
   2.6200000e+00   4.5581014e-01   0.0000000e+00
   2.6400000e+00   4.5420700e-01   0.0000000e+00
   2.6600000e+00   4.5260387e-01   0.0000000e+00
   2.6800000e+00   4.5100074e-01   0.0000000e+00
   2.7000000e+00   4.4939761e-01   0.0000000e+00
   2.7200000e+00   4.4734325e-01   0.0000000e+00
   2.7400000e+00   4.4558188e-01   0.0000000e+00
   2.7600000e+00   4.4411350e-01   0.0000000e+00
   2.7800000e+00   4.4239105e-01   0.0000000e+00
   2.8000000e+00   4.4029512e-01   0.0000000e+00
   2.8200000e+00   4.3782570e-01   0.0000000e+00
   2.8400000e+00   4.3622257e-01   0.0000000e+00
   2.8600000e+00   4.3410049e-01   0.0000000e+00
   2.8800000e+00   4.3145947e-01   0.0000000e+00
   2.9000000e+00   4.2959215e-01   0.0000000e+00
   2.9200000e+00   4.2785692e-01   0.0000000e+00
   2.9400000e+00   4.2625379e-01   0.0000000e+00
   2.9600000e+00   4.2448171e-01   0.0000000e+00
   2.9800000e+00   4.2257920e-01   0.0000000e+00
   3.0000000e+00   4.2054626e-01   0.0000000e+00
   3.0200000e+00   4.1947751e-01   0.0000000e+00
   3.0400000e+00   4.1840875e-01   0.0000000e+00
   3.0600000e+00   4.1734000e-01   0.0000000e+00
   3.0800000e+00   4.1591791e-01   0.0000000e+00
   3.1000000e+00   4.1464197e-01   0.0000000e+00
   3.1200000e+00   4.1351218e-01   0.0000000e+00
   3.1400000e+00   4.1273779e-01   0.0000000e+00
   3.1600000e+00   4.1155070e-01   0.0000000e+00
   3.1800000e+00   4.0995091e-01   0.0000000e+00
   3.2000000e+00   4.0888216e-01   0.0000000e+00
   3.2200000e+00   4.0760288e-01   0.0000000e+00
   3.2400000e+00   4.0611307e-01   0.0000000e+00
   3.2600000e+00   4.0481433e-01   0.0000000e+00
   3.2800000e+00   4.0363058e-01   0.0000000e+00
   3.3000000e+00   4.0256183e-01   0.0000000e+00
   3.3200000e+00   4.0142201e-01   0.0000000e+00
   3.3400000e+00   4.0005054e-01   0.0000000e+00
   3.3600000e+00   3.9844741e-01   0.0000000e+00
   3.3800000e+00   3.9733305e-01   0.0000000e+00
   3.4000000e+00   3.9624149e-01   0.0000000e+00
   3.4200000e+00   3.9517274e-01   0.0000000e+00
   3.4400000e+00   3.9410399e-01   0.0000000e+00
   3.4600000e+00   3.9310462e-01   0.0000000e+00
   3.4800000e+00   3.9217464e-01   0.0000000e+00
   3.5000000e+00   3.9164027e-01   0.0000000e+00
   3.5200000e+00   3.9110589e-01   0.0000000e+00
   3.5400000e+00   3.9057151e-01   0.0000000e+00
   3.5600000e+00   3.8959731e-01   0.0000000e+00
   3.5800000e+00   3.8857583e-01   0.0000000e+00
   3.6000000e+00   3.8750708e-01   0.0000000e+00
   3.6200000e+00   3.8643832e-01   0.0000000e+00
   3.6400000e+00   3.8545940e-01   0.0000000e+00
   3.6600000e+00   3.8457031e-01   0.0000000e+00
   3.6800000e+00   3.8457031e-01   0.0000000e+00
   3.7000000e+00   3.8406277e-01   0.0000000e+00
   3.7200000e+00   3.8304768e-01   0.0000000e+00
   3.7400000e+00   3.8236981e-01   0.0000000e+00
   3.7600000e+00   3.8162657e-01   0.0000000e+00
   3.7800000e+00   3.8081798e-01   0.0000000e+00
   2.0000000e+00   7.6218628e-01   1.0000000e+00
   2.0200000e+00   7.5898001e-01   1.0000000e+00
   2.0400000e+00   7.5577375e-01   1.0000000e+00
   2.0600000e+00   7.5298117e-01   1.0000000e+00
   2.0800000e+00   7.5010043e-01   1.0000000e+00
   2.1000000e+00   7.4713153e-01   1.0000000e+00
   2.1200000e+00   7.4374491e-01   1.0000000e+00
   2.1400000e+00   7.4024497e-01   1.0000000e+00
   2.1600000e+00   7.3663171e-01   1.0000000e+00
   2.1800000e+00   7.3395983e-01   1.0000000e+00
   2.2000000e+00   7.3128794e-01   1.0000000e+00
   2.2200000e+00   7.2861606e-01   1.0000000e+00
   2.2400000e+00   7.2594417e-01   1.0000000e+00
   2.2600000e+00   7.2327229e-01   1.0000000e+00
   2.2800000e+00   7.2060040e-01   1.0000000e+00
   2.3000000e+00   7.1805992e-01   1.0000000e+00
   2.3200000e+00   7.1572093e-01   1.0000000e+00
   2.3400000e+00   7.1358342e-01   1.0000000e+00
   2.3600000e+00   7.1144591e-01   1.0000000e+00
   2.3800000e+00   7.0930841e-01   1.0000000e+00
   2.4000000e+00   7.0717090e-01   1.0000000e+00
   2.4200000e+00   7.0503339e-01   1.0000000e+00
   2.4400000e+00   7.0299544e-01   1.0000000e+00
   2.4600000e+00   7.0105706e-01   1.0000000e+00
   2.4800000e+00   6.9937147e-01   1.0000000e+00
   2.5000000e+00   6.9745992e-01   1.0000000e+00
   2.5200000e+00   6.9532241e-01   1.0000000e+00
   2.5400000e+00   6.9368508e-01   1.0000000e+00
   2.5600000e+00   6.9206484e-01   1.0000000e+00
   2.5800000e+00   6.9046171e-01   1.0000000e+00
   2.6000000e+00   6.8885858e-01   1.0000000e+00
   2.6200000e+00   6.8718036e-01   1.0000000e+00
   2.6400000e+00   6.8542705e-01   1.0000000e+00
   2.6600000e+00   6.8335657e-01   1.0000000e+00
   2.6800000e+00   6.8178695e-01   1.0000000e+00
   2.7000000e+00   6.8071820e-01   1.0000000e+00
   2.7200000e+00   6.7964945e-01   1.0000000e+00
   2.7400000e+00   6.7858069e-01   1.0000000e+00
   2.7600000e+00   6.7751194e-01   1.0000000e+00
   2.7800000e+00   6.7644318e-01   1.0000000e+00
   2.8000000e+00   6.7532381e-01   1.0000000e+00
   2.8200000e+00   6.7415382e-01   1.0000000e+00
   2.8400000e+00   6.7255069e-01   1.0000000e+00
   2.8600000e+00   6.7094756e-01   1.0000000e+00
   2.8800000e+00   6.6934443e-01   1.0000000e+00
   2.9000000e+00   6.6814358e-01   1.0000000e+00
   2.9200000e+00   6.6686597e-01   1.0000000e+00
   2.9400000e+00   6.6551160e-01   1.0000000e+00
   2.9600000e+00   6.6357057e-01   1.0000000e+00
   2.9800000e+00   6.6129025e-01   1.0000000e+00
   3.0000000e+00   6.5867065e-01   1.0000000e+00
   3.0200000e+00   6.5653314e-01   1.0000000e+00
   3.0400000e+00   6.5392564e-01   1.0000000e+00
   3.0600000e+00   6.5084813e-01   1.0000000e+00
   3.0800000e+00   6.4834854e-01   1.0000000e+00
   3.1000000e+00   6.4591165e-01   1.0000000e+00
   3.1200000e+00   6.4353747e-01   1.0000000e+00
   3.1400000e+00   6.4086559e-01   1.0000000e+00
   3.1600000e+00   6.3819203e-01   1.0000000e+00
   3.1800000e+00   6.3551680e-01   1.0000000e+00
   3.2000000e+00   6.3231054e-01   1.0000000e+00
   3.2200000e+00   6.2952533e-01   1.0000000e+00
   3.2400000e+00   6.2716118e-01   1.0000000e+00
   3.2600000e+00   6.2502367e-01   1.0000000e+00
   3.2800000e+00   6.2298003e-01   1.0000000e+00
   3.3000000e+00   6.2103024e-01   1.0000000e+00
   3.3200000e+00   6.1949817e-01   1.0000000e+00
   3.3400000e+00   6.1819776e-01   1.0000000e+00
   3.3600000e+00   6.1712900e-01   1.0000000e+00
   3.3800000e+00   6.1703779e-01   1.0000000e+00
