   6.1000000e-01   9.6002417e-01   0.0000000e+00
   6.3000000e-01   9.4863733e-01   0.0000000e+00
   6.5000000e-01   9.3360843e-01   0.0000000e+00
   6.7000000e-01   9.1460488e-01   0.0000000e+00
   6.9000000e-01   8.9162666e-01   0.0000000e+00
   7.1000000e-01   8.6955896e-01   0.0000000e+00
   7.3000000e-01   8.4807828e-01   0.0000000e+00
   7.5000000e-01   8.2718459e-01   0.0000000e+00
   7.7000000e-01   8.0976333e-01   0.0000000e+00
   7.9000000e-01   7.9426772e-01   0.0000000e+00
   8.1000000e-01   7.8069777e-01   0.0000000e+00
   8.3000000e-01   7.6626959e-01   0.0000000e+00
   8.5000000e-01   7.5210290e-01   0.0000000e+00
   8.7000000e-01   7.3819769e-01   0.0000000e+00
   8.9000000e-01   7.2471020e-01   0.0000000e+00
   9.1000000e-01   7.1230051e-01   0.0000000e+00
   9.3000000e-01   7.0096861e-01   0.0000000e+00
   9.5000000e-01   6.9169578e-01   0.0000000e+00
   9.7000000e-01   6.8284067e-01   0.0000000e+00
   9.9000000e-01   6.7440327e-01   0.0000000e+00
   1.0100000e+00   6.6692200e-01   0.0000000e+00
   1.0300000e+00   6.6015176e-01   0.0000000e+00
   1.0500000e+00   6.5409257e-01   0.0000000e+00
   1.0700000e+00   6.4821443e-01   0.0000000e+00
   1.0900000e+00   6.4257698e-01   0.0000000e+00
   1.1100000e+00   6.3718023e-01   0.0000000e+00
   1.1300000e+00   6.3224680e-01   0.0000000e+00
   1.1500000e+00   6.2710820e-01   0.0000000e+00
   1.1700000e+00   6.2176443e-01   0.0000000e+00
   1.1900000e+00   6.1642066e-01   0.0000000e+00
   1.2100000e+00   6.1128943e-01   0.0000000e+00
   1.2300000e+00   6.0637075e-01   0.0000000e+00
   1.2500000e+00   6.0094452e-01   0.0000000e+00
   1.2700000e+00   5.9548408e-01   0.0000000e+00
   1.2900000e+00   5.8998944e-01   0.0000000e+00
   1.3100000e+00   5.8502987e-01   0.0000000e+00
   1.3300000e+00   5.7961101e-01   0.0000000e+00
   1.3500000e+00   5.7373286e-01   0.0000000e+00
   1.3700000e+00   5.6785471e-01   0.0000000e+00
   1.3900000e+00   5.6197657e-01   0.0000000e+00
   1.4100000e+00   5.5609842e-01   0.0000000e+00
   1.4300000e+00   5.5073922e-01   0.0000000e+00
   1.4500000e+00   5.4551211e-01   0.0000000e+00
   1.4700000e+00   5.4041710e-01   0.0000000e+00
   1.4900000e+00   5.3464353e-01   0.0000000e+00
   1.5100000e+00   5.2988642e-01   0.0000000e+00
   1.5300000e+00   5.2614578e-01   0.0000000e+00
   1.5500000e+00   5.2196129e-01   0.0000000e+00
   1.5700000e+00   5.1822232e-01   0.0000000e+00
   1.5900000e+00   5.1492888e-01   0.0000000e+00
   1.6100000e+00   5.1267805e-01   0.0000000e+00
   1.6300000e+00   5.1070413e-01   0.0000000e+00
   1.6500000e+00   5.0900714e-01   0.0000000e+00
   1.6700000e+00   5.0686963e-01   0.0000000e+00
   1.6900000e+00   5.0498791e-01   0.0000000e+00
   1.7100000e+00   5.0336198e-01   0.0000000e+00
   1.7300000e+00   5.0175885e-01   0.0000000e+00
   1.7500000e+00   5.0015571e-01   0.0000000e+00
   1.7700000e+00   4.9855258e-01   0.0000000e+00
   1.7900000e+00   4.9711103e-01   0.0000000e+00
   1.8100000e+00   4.9585588e-01   0.0000000e+00
   1.8300000e+00   4.9478713e-01   0.0000000e+00
   1.8500000e+00   4.9371837e-01   0.0000000e+00
   1.8700000e+00   4.9264962e-01   0.0000000e+00
   1.8900000e+00   4.9158086e-01   0.0000000e+00
   1.9100000e+00   4.9120404e-01   0.0000000e+00
   1.9300000e+00   4.9101563e-01   0.0000000e+00
   1.9500000e+00   4.9101563e-01   0.0000000e+00
   1.9700000e+00   4.9124089e-01   0.0000000e+00
   1.9900000e+00   4.9188791e-01   0.0000000e+00
   2.0100000e+00   4.9295666e-01   0.0000000e+00
   2.0300000e+00   4.9296472e-01   0.0000000e+00
   2.0500000e+00   4.9317559e-01   0.0000000e+00
   2.0700000e+00   4.9358927e-01   0.0000000e+00
   2.0900000e+00   4.9412365e-01   0.0000000e+00
   2.1100000e+00   4.9474820e-01   0.0000000e+00
   2.1300000e+00   4.9546293e-01   0.0000000e+00
   2.1500000e+00   4.9640431e-01   0.0000000e+00
   2.1700000e+00   4.9687500e-01   0.0000000e+00
   2.1900000e+00   4.9687500e-01   0.0000000e+00
   2.2100000e+00   4.9735640e-01   0.0000000e+00
   2.2300000e+00   4.9749955e-01   0.0000000e+00
   2.2500000e+00   4.9730446e-01   0.0000000e+00
   2.2700000e+00   4.9677008e-01   0.0000000e+00
   2.2900000e+00   4.9617000e-01   0.0000000e+00
   2.3100000e+00   4.9550422e-01   0.0000000e+00
   2.3300000e+00   4.9443546e-01   0.0000000e+00
   2.3500000e+00   4.9336671e-01   0.0000000e+00
   2.3700000e+00   4.9229795e-01   0.0000000e+00
   2.3900000e+00   4.9122920e-01   0.0000000e+00
   2.4100000e+00   4.9000255e-01   0.0000000e+00
   2.4300000e+00   4.8861801e-01   0.0000000e+00
   2.4500000e+00   4.8721400e-01   0.0000000e+00
   2.4700000e+00   4.8597762e-01   0.0000000e+00
   2.4900000e+00   4.8490887e-01   0.0000000e+00
   2.5100000e+00   4.8384011e-01   0.0000000e+00
   2.5300000e+00   4.8277136e-01   0.0000000e+00
   2.5500000e+00   4.8170261e-01   0.0000000e+00
   2.5700000e+00   4.8063385e-01   0.0000000e+00
   2.5900000e+00   4.7943167e-01   0.0000000e+00
   2.6100000e+00   4.7809608e-01   0.0000000e+00
   2.6300000e+00   4.7679330e-01   0.0000000e+00
   2.6500000e+00   4.7584121e-01   0.0000000e+00
   2.6700000e+00   4.7523981e-01   0.0000000e+00
   2.6900000e+00   4.7363668e-01   0.0000000e+00
   2.7100000e+00   4.7248477e-01   0.0000000e+00
   2.7300000e+00   4.7178410e-01   0.0000000e+00
   2.7500000e+00   4.7091516e-01   0.0000000e+00
   2.7700000e+00   4.6983736e-01   0.0000000e+00
   2.7900000e+00   4.6855071e-01   0.0000000e+00
   2.8100000e+00   4.6704881e-01   0.0000000e+00
   2.8300000e+00   4.6576349e-01   0.0000000e+00
   2.8500000e+00   4.6469473e-01   0.0000000e+00
   2.8700000e+00   4.6362598e-01   0.0000000e+00
   2.8900000e+00   4.6255722e-01   0.0000000e+00
   2.9100000e+00   4.6148847e-01   0.0000000e+00
   2.9300000e+00   4.6041971e-01   0.0000000e+00
   2.9500000e+00   4.5926649e-01   0.0000000e+00
   2.9700000e+00   4.5802878e-01   0.0000000e+00
   2.9900000e+00   4.5653022e-01   0.0000000e+00
   3.0100000e+00   4.5551376e-01   0.0000000e+00
   3.0300000e+00   4.5497938e-01   0.0000000e+00
   3.0500000e+00   4.5350500e-01   0.0000000e+00
   3.0700000e+00   4.5231958e-01   0.0000000e+00
   3.0900000e+00   4.5142312e-01   0.0000000e+00
   3.1100000e+00   4.5065207e-01   0.0000000e+00
   3.1300000e+00   4.4973217e-01   0.0000000e+00
   3.1500000e+00   4.4866342e-01   0.0000000e+00
   3.1700000e+00   4.4760135e-01   0.0000000e+00
   3.1900000e+00   4.4707031e-01   0.0000000e+00
   3.2100000e+00   4.4707031e-01   0.0000000e+00
   3.2300000e+00   4.4622821e-01   0.0000000e+00
   3.2500000e+00   4.4527277e-01   0.0000000e+00
   3.2700000e+00   4.4420402e-01   0.0000000e+00
   3.2900000e+00   4.4332299e-01   0.0000000e+00
   3.3100000e+00   4.4261529e-01   0.0000000e+00
   3.3300000e+00   4.4208091e-01   0.0000000e+00
   3.3500000e+00   4.4154653e-01   0.0000000e+00
   3.3700000e+00   4.4101216e-01   0.0000000e+00
   3.3900000e+00   4.4047778e-01   0.0000000e+00
   3.4100000e+00   4.3957130e-01   0.0000000e+00
   3.4300000e+00   4.3871140e-01   0.0000000e+00
   3.4500000e+00   4.3789809e-01   0.0000000e+00
   3.4700000e+00   4.3736371e-01   0.0000000e+00
   3.4900000e+00   4.3682933e-01   0.0000000e+00
   3.5100000e+00   4.3629496e-01   0.0000000e+00
   3.5300000e+00   4.3576058e-01   0.0000000e+00
   3.5500000e+00   4.3500629e-01   0.0000000e+00
   3.5700000e+00   4.3403209e-01   0.0000000e+00
   3.5900000e+00   4.3360965e-01   0.0000000e+00
   3.6100000e+00   4.3319194e-01   0.0000000e+00
   3.6300000e+00   4.3277895e-01   0.0000000e+00
   3.6500000e+00   4.3180003e-01   0.0000000e+00
   3.6700000e+00   4.3104338e-01   0.0000000e+00
   3.6900000e+00   4.3050900e-01   0.0000000e+00
   3.7100000e+00   4.3048217e-01   0.0000000e+00
   3.7300000e+00   4.2988243e-01   0.0000000e+00
   3.7500000e+00   4.2870979e-01   0.0000000e+00
   3.7700000e+00   4.2765509e-01   0.0000000e+00
   3.7900000e+00   4.2686055e-01   0.0000000e+00
   2.0700000e+00   7.5522665e-01   1.0000000e+00
   2.0900000e+00   7.5118899e-01   1.0000000e+00
   2.1100000e+00   7.4730318e-01   1.0000000e+00
   2.1300000e+00   7.4356923e-01   1.0000000e+00
   2.1500000e+00   7.4089734e-01   1.0000000e+00
   2.1700000e+00   7.3822546e-01   1.0000000e+00
   2.1900000e+00   7.3555357e-01   1.0000000e+00
   2.2100000e+00   7.3288169e-01   1.0000000e+00
   2.2300000e+00   7.2984507e-01   1.0000000e+00
   2.2500000e+00   7.2644371e-01   1.0000000e+00
   2.2700000e+00   7.2319921e-01   1.0000000e+00
   2.2900000e+00   7.2017532e-01   1.0000000e+00
   2.3100000e+00   7.1737203e-01   1.0000000e+00
   2.3300000e+00   7.1416576e-01   1.0000000e+00
   2.3500000e+00   7.1095950e-01   1.0000000e+00
   2.3700000e+00   7.0775324e-01   1.0000000e+00
   2.3900000e+00   7.0497943e-01   1.0000000e+00
   2.4100000e+00   7.0241448e-01   1.0000000e+00
   2.4300000e+00   7.0005838e-01   1.0000000e+00
   2.4500000e+00   6.9792088e-01   1.0000000e+00
   2.4700000e+00   6.9578337e-01   1.0000000e+00
   2.4900000e+00   6.9364586e-01   1.0000000e+00
   2.5100000e+00   6.9150835e-01   1.0000000e+00
   2.5300000e+00   6.8887067e-01   1.0000000e+00
   2.5500000e+00   6.8573282e-01   1.0000000e+00
   2.5700000e+00   6.8406059e-01   1.0000000e+00
   2.5900000e+00   6.8255668e-01   1.0000000e+00
   2.6100000e+00   6.8122108e-01   1.0000000e+00
   2.6300000e+00   6.7916741e-01   1.0000000e+00
   2.6500000e+00   6.7652068e-01   1.0000000e+00
   2.6700000e+00   6.7328091e-01   1.0000000e+00
   2.6900000e+00   6.6954027e-01   1.0000000e+00
