   6.0000000e-01   9.7336615e-01   0.0000000e+00
   6.2000000e-01   9.6289385e-01   0.0000000e+00
   6.4000000e-01   9.5046676e-01   0.0000000e+00
   6.6000000e-01   9.3608488e-01   0.0000000e+00
   6.8000000e-01   9.1524417e-01   0.0000000e+00
   7.0000000e-01   8.9394821e-01   0.0000000e+00
   7.2000000e-01   8.7219699e-01   0.0000000e+00
   7.4000000e-01   8.5096472e-01   0.0000000e+00
   7.6000000e-01   8.3170365e-01   0.0000000e+00
   7.8000000e-01   8.1441380e-01   0.0000000e+00
   8.0000000e-01   8.0138628e-01   0.0000000e+00
   8.2000000e-01   7.8685687e-01   0.0000000e+00
   8.4000000e-01   7.7082556e-01   0.0000000e+00
   8.6000000e-01   7.5740912e-01   0.0000000e+00
   8.8000000e-01   7.4381804e-01   0.0000000e+00
   9.0000000e-01   7.3005230e-01   0.0000000e+00
   9.2000000e-01   7.1789638e-01   0.0000000e+00
   9.4000000e-01   7.0673412e-01   0.0000000e+00
   9.6000000e-01   6.9656552e-01   0.0000000e+00
   9.8000000e-01   6.8753743e-01   0.0000000e+00
   1.0000000e+00   6.7874837e-01   0.0000000e+00
   1.0200000e+00   6.7019834e-01   0.0000000e+00
   1.0400000e+00   6.6307039e-01   0.0000000e+00
   1.0600000e+00   6.5639034e-01   0.0000000e+00
   1.0800000e+00   6.5015816e-01   0.0000000e+00
   1.1000000e+00   6.4428002e-01   0.0000000e+00
   1.1200000e+00   6.3852590e-01   0.0000000e+00
   1.1400000e+00   6.3289583e-01   0.0000000e+00
   1.1600000e+00   6.2807906e-01   0.0000000e+00
   1.1800000e+00   6.2299880e-01   0.0000000e+00
   1.2000000e+00   6.1765503e-01   0.0000000e+00
   1.2200000e+00   6.1188617e-01   0.0000000e+00
   1.2400000e+00   6.0606267e-01   0.0000000e+00
   1.2600000e+00   6.0018452e-01   0.0000000e+00
   1.2800000e+00   5.9430638e-01   0.0000000e+00
   1.3000000e+00   5.8835314e-01   0.0000000e+00
   1.3200000e+00   5.8232481e-01   0.0000000e+00
   1.3400000e+00   5.7537791e-01   0.0000000e+00
   1.3600000e+00   5.6843101e-01   0.0000000e+00
   1.3800000e+00   5.6148411e-01   0.0000000e+00
   1.4000000e+00   5.5528948e-01   0.0000000e+00
   1.4200000e+00   5.4925310e-01   0.0000000e+00
   1.4400000e+00   5.4337495e-01   0.0000000e+00
   1.4600000e+00   5.3721118e-01   0.0000000e+00
   1.4800000e+00   5.3070814e-01   0.0000000e+00
   1.5000000e+00   5.2386581e-01   0.0000000e+00
   1.5200000e+00   5.1905642e-01   0.0000000e+00
   1.5400000e+00   5.1469088e-01   0.0000000e+00
   1.5600000e+00   5.1076920e-01   0.0000000e+00
   1.5800000e+00   5.0702856e-01   0.0000000e+00
   1.6000000e+00   5.0360371e-01   0.0000000e+00
   1.6200000e+00   5.0049465e-01   0.0000000e+00
   1.6400000e+00   4.9835714e-01   0.0000000e+00
   1.6600000e+00   4.9621964e-01   0.0000000e+00
   1.6800000e+00   4.9408213e-01   0.0000000e+00
   1.7000000e+00   4.9245619e-01   0.0000000e+00
   1.7200000e+00   4.9064421e-01   0.0000000e+00
   1.7400000e+00   4.8864617e-01   0.0000000e+00
   1.7600000e+00   4.8650866e-01   0.0000000e+00
   1.7800000e+00   4.8445194e-01   0.0000000e+00
   1.8000000e+00   4.8247601e-01   0.0000000e+00
   1.8200000e+00   4.8087288e-01   0.0000000e+00
   1.8400000e+00   4.7926975e-01   0.0000000e+00
   1.8600000e+00   4.7766662e-01   0.0000000e+00
   1.8800000e+00   4.7652612e-01   0.0000000e+00
   1.9000000e+00   4.7559447e-01   0.0000000e+00
   1.9200000e+00   4.7487168e-01   0.0000000e+00
   1.9400000e+00   4.7410800e-01   0.0000000e+00
   1.9600000e+00   4.7319179e-01   0.0000000e+00
   1.9800000e+00   4.7212303e-01   0.0000000e+00
   2.0000000e+00   4.7105428e-01   0.0000000e+00
   2.0200000e+00   4.7025070e-01   0.0000000e+00
   2.0400000e+00   4.6971229e-01   0.0000000e+00
   2.0600000e+00   4.7110843e-01   0.0000000e+00
   2.0800000e+00   4.7278619e-01   0.0000000e+00
   2.1000000e+00   4.7474558e-01   0.0000000e+00
   2.1200000e+00   4.7670496e-01   0.0000000e+00
   2.1400000e+00   4.7866434e-01   0.0000000e+00
   2.1600000e+00   4.8062372e-01   0.0000000e+00
   2.1800000e+00   4.8258311e-01   0.0000000e+00
   2.2000000e+00   4.8454249e-01   0.0000000e+00
   2.2200000e+00   4.8650187e-01   0.0000000e+00
   2.2400000e+00   4.8846125e-01   0.0000000e+00
   2.2600000e+00   4.9008987e-01   0.0000000e+00
   2.2800000e+00   4.9138773e-01   0.0000000e+00
   2.3000000e+00   4.9192211e-01   0.0000000e+00
   2.3200000e+00   4.9243437e-01   0.0000000e+00
   2.3400000e+00   4.9292452e-01   0.0000000e+00
   2.3600000e+00   4.9185577e-01   0.0000000e+00
   2.3800000e+00   4.9100324e-01   0.0000000e+00
   2.4000000e+00   4.9036694e-01   0.0000000e+00
   2.4200000e+00   4.8951678e-01   0.0000000e+00
   2.4400000e+00   4.8855731e-01   0.0000000e+00
   2.4600000e+00   4.8748856e-01   0.0000000e+00
   2.4800000e+00   4.8641981e-01   0.0000000e+00
   2.5000000e+00   4.8535105e-01   0.0000000e+00
   2.5200000e+00   4.8428230e-01   0.0000000e+00
   2.5400000e+00   4.8321355e-01   0.0000000e+00
   2.5600000e+00   4.8214479e-01   0.0000000e+00
   2.5800000e+00   4.8107604e-01   0.0000000e+00
   2.6000000e+00   4.8000728e-01   0.0000000e+00
   2.6200000e+00   4.7893853e-01   0.0000000e+00
   2.6400000e+00   4.7786977e-01   0.0000000e+00
   2.6600000e+00   4.7680102e-01   0.0000000e+00
   2.6800000e+00   4.7573227e-01   0.0000000e+00
   2.7000000e+00   4.7466351e-01   0.0000000e+00
   2.7200000e+00   4.7359476e-01   0.0000000e+00
   2.7400000e+00   4.7269329e-01   0.0000000e+00
   2.7600000e+00   4.7195909e-01   0.0000000e+00
   2.7800000e+00   4.7098892e-01   0.0000000e+00
   2.8000000e+00   4.6980350e-01   0.0000000e+00
   2.8200000e+00   4.6840284e-01   0.0000000e+00
   2.8400000e+00   4.6786846e-01   0.0000000e+00
   2.8600000e+00   4.6707461e-01   0.0000000e+00
   2.8800000e+00   4.6602129e-01   0.0000000e+00
   2.9000000e+00   4.6495253e-01   0.0000000e+00
   2.9200000e+00   4.6388378e-01   0.0000000e+00
   2.9400000e+00   4.6281503e-01   0.0000000e+00
   2.9600000e+00   4.6174627e-01   0.0000000e+00
   2.9800000e+00   4.6067752e-01   0.0000000e+00
   3.0000000e+00   4.5960876e-01   0.0000000e+00
   3.0200000e+00   4.5854001e-01   0.0000000e+00
   3.0400000e+00   4.5747125e-01   0.0000000e+00
   3.0600000e+00   4.5640250e-01   0.0000000e+00
   3.0800000e+00   4.5568708e-01   0.0000000e+00
   3.1000000e+00   4.5494385e-01   0.0000000e+00
   3.1200000e+00   4.5417280e-01   0.0000000e+00
   3.1400000e+00   4.5310405e-01   0.0000000e+00
   3.1600000e+00   4.5203529e-01   0.0000000e+00
   3.1800000e+00   4.5096654e-01   0.0000000e+00
   3.2000000e+00   4.4989778e-01   0.0000000e+00
   3.2200000e+00   4.4925008e-01   0.0000000e+00
   3.2400000e+00   4.4902344e-01   0.0000000e+00
   3.2600000e+00   4.4841466e-01   0.0000000e+00
   3.2800000e+00   4.4766976e-01   0.0000000e+00
   3.3000000e+00   4.4678873e-01   0.0000000e+00
   3.3200000e+00   4.4625435e-01   0.0000000e+00
   3.3400000e+00   4.4571997e-01   0.0000000e+00
   3.3600000e+00   4.4518559e-01   0.0000000e+00
   3.3800000e+00   4.4416245e-01   0.0000000e+00
   3.4000000e+00   4.4311649e-01   0.0000000e+00
   3.4200000e+00   4.4204774e-01   0.0000000e+00
   3.4400000e+00   4.4123443e-01   0.0000000e+00
   3.4600000e+00   4.4056058e-01   0.0000000e+00
   3.4800000e+00   4.4002621e-01   0.0000000e+00
   3.5000000e+00   4.3951394e-01   0.0000000e+00
   3.5200000e+00   4.3925781e-01   0.0000000e+00
   3.5400000e+00   4.3925781e-01   0.0000000e+00
   3.5600000e+00   4.3837816e-01   0.0000000e+00
   3.5800000e+00   4.3756554e-01   0.0000000e+00
   3.6000000e+00   4.3681995e-01   0.0000000e+00
   3.6200000e+00   4.3628557e-01   0.0000000e+00
   3.6400000e+00   4.3579611e-01   0.0000000e+00
   3.6600000e+00   4.3535156e-01   0.0000000e+00
   3.6800000e+00   4.3535156e-01   0.0000000e+00
   3.7000000e+00   4.3484402e-01   0.0000000e+00
   3.7200000e+00   4.3382893e-01   0.0000000e+00
   3.7400000e+00   4.3276017e-01   0.0000000e+00
   3.7600000e+00   4.3169142e-01   0.0000000e+00
   3.7800000e+00   4.3062267e-01   0.0000000e+00
   3.8000000e+00   4.2955391e-01   0.0000000e+00
   2.0000000e+00   7.4378845e-01   1.0000000e+00
   2.0200000e+00   7.4245049e-01   1.0000000e+00
   2.0400000e+00   7.4137771e-01   1.0000000e+00
   2.0600000e+00   7.4030895e-01   1.0000000e+00
   2.0800000e+00   7.3909169e-01   1.0000000e+00
   2.1000000e+00   7.3772592e-01   1.0000000e+00
   2.1200000e+00   7.3594244e-01   1.0000000e+00
   2.1400000e+00   7.3391825e-01   1.0000000e+00
   2.1600000e+00   7.3165337e-01   1.0000000e+00
   2.1800000e+00   7.2844710e-01   1.0000000e+00
   2.2000000e+00   7.2475944e-01   1.0000000e+00
   2.2200000e+00   7.2059038e-01   1.0000000e+00
   2.2400000e+00   7.1704483e-01   1.0000000e+00
   2.2600000e+00   7.1354490e-01   1.0000000e+00
   2.2800000e+00   7.1009056e-01   1.0000000e+00
   2.3000000e+00   7.0648133e-01   1.0000000e+00
   2.3200000e+00   7.0308832e-01   1.0000000e+00
   2.3400000e+00   6.9991155e-01   1.0000000e+00
   2.3600000e+00   6.9777404e-01   1.0000000e+00
   2.3800000e+00   6.9585276e-01   1.0000000e+00
   2.4000000e+00   6.9414770e-01   1.0000000e+00
   2.4200000e+00   6.9191299e-01   1.0000000e+00
   2.4400000e+00   6.8955926e-01   1.0000000e+00
   2.4600000e+00   6.8708650e-01   1.0000000e+00
