   6.0000000e-01   9.7938946e-01   0.0000000e+00
   6.2000000e-01   9.6846525e-01   0.0000000e+00
   6.4000000e-01   9.5632781e-01   0.0000000e+00
   6.6000000e-01   9.4297713e-01   0.0000000e+00
   6.8000000e-01   9.2267080e-01   0.0000000e+00
   7.0000000e-01   9.0236448e-01   0.0000000e+00
   7.2000000e-01   8.8205815e-01   0.0000000e+00
   7.4000000e-01   8.6209041e-01   0.0000000e+00
   7.6000000e-01   8.4388503e-01   0.0000000e+00
   7.8000000e-01   8.2744200e-01   0.0000000e+00
   8.0000000e-01   8.1463307e-01   0.0000000e+00
   8.2000000e-01   7.9967858e-01   0.0000000e+00
   8.4000000e-01   7.8257851e-01   0.0000000e+00
   8.6000000e-01   7.6913928e-01   0.0000000e+00
   8.8000000e-01   7.5594310e-01   0.0000000e+00
   9.0000000e-01   7.4298999e-01   0.0000000e+00
   9.2000000e-01   7.3190282e-01   0.0000000e+00
   9.4000000e-01   7.2154984e-01   0.0000000e+00
   9.6000000e-01   7.1193105e-01   0.0000000e+00
   9.8000000e-01   7.0236858e-01   0.0000000e+00
   1.0000000e+00   6.9304514e-01   0.0000000e+00
   1.0200000e+00   6.8396073e-01   0.0000000e+00
   1.0400000e+00   6.7535035e-01   0.0000000e+00
   1.0600000e+00   6.6784224e-01   0.0000000e+00
   1.0800000e+00   6.6143640e-01   0.0000000e+00
   1.1000000e+00   6.5585193e-01   0.0000000e+00
   1.1200000e+00   6.5024466e-01   0.0000000e+00
   1.1400000e+00   6.4461458e-01   0.0000000e+00
   1.1600000e+00   6.3980519e-01   0.0000000e+00
   1.1800000e+00   6.3499579e-01   0.0000000e+00
   1.2000000e+00   6.3018640e-01   0.0000000e+00
   1.2200000e+00   6.2537701e-01   0.0000000e+00
   1.2400000e+00   6.2056761e-01   0.0000000e+00
   1.2600000e+00   6.1575822e-01   0.0000000e+00
   1.2800000e+00   6.1114058e-01   0.0000000e+00
   1.3000000e+00   6.0661916e-01   0.0000000e+00
   1.3200000e+00   6.0219397e-01   0.0000000e+00
   1.3400000e+00   5.9685020e-01   0.0000000e+00
   1.3600000e+00   5.9150643e-01   0.0000000e+00
   1.3800000e+00   5.8616266e-01   0.0000000e+00
   1.4000000e+00   5.8006661e-01   0.0000000e+00
   1.4200000e+00   5.7368259e-01   0.0000000e+00
   1.4400000e+00   5.6701059e-01   0.0000000e+00
   1.4600000e+00   5.6020650e-01   0.0000000e+00
   1.4800000e+00   5.5365048e-01   0.0000000e+00
   1.5000000e+00   5.4734253e-01   0.0000000e+00
   1.5200000e+00   5.4306751e-01   0.0000000e+00
   1.5400000e+00   5.3768285e-01   0.0000000e+00
   1.5600000e+00   5.3118856e-01   0.0000000e+00
   1.5800000e+00   5.2522323e-01   0.0000000e+00
   1.6000000e+00   5.1988447e-01   0.0000000e+00
   1.6200000e+00   5.1517228e-01   0.0000000e+00
   1.6400000e+00   5.1161937e-01   0.0000000e+00
   1.6600000e+00   5.0850697e-01   0.0000000e+00
   1.6800000e+00   5.0583508e-01   0.0000000e+00
   1.7000000e+00   5.0316320e-01   0.0000000e+00
   1.7200000e+00   5.0088622e-01   0.0000000e+00
   1.7400000e+00   4.9900415e-01   0.0000000e+00
   1.7600000e+00   4.9823576e-01   0.0000000e+00
   1.7800000e+00   4.9807374e-01   0.0000000e+00
   1.8000000e+00   4.9851808e-01   0.0000000e+00
   1.8200000e+00   4.9998762e-01   0.0000000e+00
   1.8400000e+00   5.0145716e-01   0.0000000e+00
   1.8600000e+00   5.0292669e-01   0.0000000e+00
   1.8800000e+00   5.0439623e-01   0.0000000e+00
   1.9000000e+00   5.0586577e-01   0.0000000e+00
   1.9200000e+00   5.0733530e-01   0.0000000e+00
   1.9400000e+00   5.0880484e-01   0.0000000e+00
   1.9600000e+00   5.1027438e-01   0.0000000e+00
   1.9800000e+00   5.1174391e-01   0.0000000e+00
   2.0000000e+00   5.1321345e-01   0.0000000e+00
   2.0200000e+00   5.1468299e-01   0.0000000e+00
   2.0400000e+00   5.1615252e-01   0.0000000e+00
   2.0600000e+00   5.1762206e-01   0.0000000e+00
   2.0800000e+00   5.1868320e-01   0.0000000e+00
   2.1000000e+00   5.1933594e-01   0.0000000e+00
   2.1200000e+00   5.1897523e-01   0.0000000e+00
   2.1400000e+00   5.1829235e-01   0.0000000e+00
   2.1600000e+00   5.1728728e-01   0.0000000e+00
   2.1800000e+00   5.1675290e-01   0.0000000e+00
   2.2000000e+00   5.1597783e-01   0.0000000e+00
   2.2200000e+00   5.1496205e-01   0.0000000e+00
   2.2400000e+00   5.1352856e-01   0.0000000e+00
   2.2600000e+00   5.1213428e-01   0.0000000e+00
   2.2800000e+00   5.1077922e-01   0.0000000e+00
   2.3000000e+00   5.0971047e-01   0.0000000e+00
   2.3200000e+00   5.0864171e-01   0.0000000e+00
   2.3400000e+00   5.0757296e-01   0.0000000e+00
   2.3600000e+00   5.0650421e-01   0.0000000e+00
   2.3800000e+00   5.0521922e-01   0.0000000e+00
   2.4000000e+00   5.0371802e-01   0.0000000e+00
   2.4200000e+00   5.0274647e-01   0.0000000e+00
   2.4400000e+00   5.0179438e-01   0.0000000e+00
   2.4600000e+00   5.0086175e-01   0.0000000e+00
   2.4800000e+00   4.9934108e-01   0.0000000e+00
   2.5000000e+00   4.9804636e-01   0.0000000e+00
   2.5200000e+00   4.9697761e-01   0.0000000e+00
   2.5400000e+00   4.9590886e-01   0.0000000e+00
   2.5600000e+00   4.9464835e-01   0.0000000e+00
   2.5800000e+00   4.9319609e-01   0.0000000e+00
   2.6000000e+00   4.9185980e-01   0.0000000e+00
   2.6200000e+00   4.9058219e-01   0.0000000e+00
   2.6400000e+00   4.8936325e-01   0.0000000e+00
   2.6600000e+00   4.8782715e-01   0.0000000e+00
   2.6800000e+00   4.8679191e-01   0.0000000e+00
   2.7000000e+00   4.8625754e-01   0.0000000e+00
   2.7200000e+00   4.8482071e-01   0.0000000e+00
   2.7400000e+00   4.8346801e-01   0.0000000e+00
   2.7600000e+00   4.8219944e-01   0.0000000e+00
   2.7800000e+00   4.8113068e-01   0.0000000e+00
   2.8000000e+00   4.8006193e-01   0.0000000e+00
   2.8200000e+00   4.7899317e-01   0.0000000e+00
   2.8400000e+00   4.7792442e-01   0.0000000e+00
   2.8600000e+00   4.7685567e-01   0.0000000e+00
   2.8800000e+00   4.7578691e-01   0.0000000e+00
   2.9000000e+00   4.7471816e-01   0.0000000e+00
   2.9200000e+00   4.7364940e-01   0.0000000e+00
   2.9400000e+00   4.7258065e-01   0.0000000e+00
   2.9600000e+00   4.7151190e-01   0.0000000e+00
   2.9800000e+00   4.7044314e-01   0.0000000e+00
   3.0000000e+00   4.6937439e-01   0.0000000e+00
   3.0200000e+00   4.6830563e-01   0.0000000e+00
   3.0400000e+00   4.6723688e-01   0.0000000e+00
   3.0600000e+00   4.6616813e-01   0.0000000e+00
   3.0800000e+00   4.6509937e-01   0.0000000e+00
   3.1000000e+00   4.6403062e-01   0.0000000e+00
   3.1200000e+00   4.6296186e-01   0.0000000e+00
   3.1400000e+00   4.6189311e-01   0.0000000e+00
   3.1600000e+00   4.6082603e-01   0.0000000e+00
   3.1800000e+00   4.5976061e-01   0.0000000e+00
   3.2000000e+00   4.5922624e-01   0.0000000e+00
   3.2200000e+00   4.5848133e-01   0.0000000e+00
   3.2400000e+00   4.5752590e-01   0.0000000e+00
   3.2600000e+00   4.5645715e-01   0.0000000e+00
   3.2800000e+00   4.5557612e-01   0.0000000e+00
   3.3000000e+00   4.5488281e-01   0.0000000e+00
   3.3200000e+00   4.5466963e-01   0.0000000e+00
   3.3400000e+00   4.5376148e-01   0.0000000e+00
   3.3600000e+00   4.5215835e-01   0.0000000e+00
   3.3800000e+00   4.5104399e-01   0.0000000e+00
   3.4000000e+00   4.4995243e-01   0.0000000e+00
   3.4200000e+00   4.4888368e-01   0.0000000e+00
   3.4400000e+00   4.4807037e-01   0.0000000e+00
   3.4600000e+00   4.4732713e-01   0.0000000e+00
   3.4800000e+00   4.4665398e-01   0.0000000e+00
   3.5000000e+00   4.4560734e-01   0.0000000e+00
   3.5200000e+00   4.4481683e-01   0.0000000e+00
   3.5400000e+00   4.4428245e-01   0.0000000e+00
   3.5600000e+00   4.4374807e-01   0.0000000e+00
   3.5800000e+00   4.4305212e-01   0.0000000e+00
   3.6000000e+00   4.4219458e-01   0.0000000e+00
   3.6200000e+00   4.4133232e-01   0.0000000e+00
   3.6400000e+00   4.4063400e-01   0.0000000e+00
   3.6600000e+00   4.4009963e-01   0.0000000e+00
   3.6800000e+00   4.3956525e-01   0.0000000e+00
   3.7000000e+00   4.3903087e-01   0.0000000e+00
   3.7200000e+00   4.3849650e-01   0.0000000e+00
   3.7400000e+00   4.3796212e-01   0.0000000e+00
   3.7600000e+00   4.3756485e-01   0.0000000e+00
   3.7800000e+00   4.3730469e-01   0.0000000e+00
