   6.0000000e-01   9.9501446e-01   0.0000000e+00
   6.2000000e-01   9.8393604e-01   0.0000000e+00
   6.4000000e-01   9.7137922e-01   0.0000000e+00
   6.6000000e-01   9.5734398e-01   0.0000000e+00
   6.8000000e-01   9.3436577e-01   0.0000000e+00
   7.0000000e-01   9.1252570e-01   0.0000000e+00
   7.2000000e-01   8.9182377e-01   0.0000000e+00
   7.4000000e-01   8.7321041e-01   0.0000000e+00
   7.6000000e-01   8.5575229e-01   0.0000000e+00
   7.8000000e-01   8.3944942e-01   0.0000000e+00
   8.0000000e-01   8.2481071e-01   0.0000000e+00
   8.2000000e-01   8.0974289e-01   0.0000000e+00
   8.4000000e-01   7.9424595e-01   0.0000000e+00
   8.6000000e-01   7.8084092e-01   0.0000000e+00
   8.8000000e-01   7.6786501e-01   0.0000000e+00
   9.0000000e-01   7.5531820e-01   0.0000000e+00
   9.2000000e-01   7.4505506e-01   0.0000000e+00
   9.4000000e-01   7.3573496e-01   0.0000000e+00
   9.6000000e-01   7.2735791e-01   0.0000000e+00
   9.8000000e-01   7.1939857e-01   0.0000000e+00
   1.0000000e+00   7.1167826e-01   0.0000000e+00
   1.0200000e+00   7.0419698e-01   0.0000000e+00
   1.0400000e+00   6.9671570e-01   0.0000000e+00
   1.0600000e+00   6.8977047e-01   0.0000000e+00
   1.0800000e+00   6.8336129e-01   0.0000000e+00
   1.1000000e+00   6.7796454e-01   0.0000000e+00
   1.1200000e+00   6.7279945e-01   0.0000000e+00
   1.1400000e+00   6.6786603e-01   0.0000000e+00
   1.1600000e+00   6.6252963e-01   0.0000000e+00
   1.1800000e+00   6.5745673e-01   0.0000000e+00
   1.2000000e+00   6.5264734e-01   0.0000000e+00
   1.2200000e+00   6.4826303e-01   0.0000000e+00
   1.2400000e+00   6.4362495e-01   0.0000000e+00
   1.2600000e+00   6.3873309e-01   0.0000000e+00
   1.2800000e+00   6.3358108e-01   0.0000000e+00
   1.3000000e+00   6.2860037e-01   0.0000000e+00
   1.3200000e+00   6.2379098e-01   0.0000000e+00
   1.3400000e+00   6.1898158e-01   0.0000000e+00
   1.3600000e+00   6.1417219e-01   0.0000000e+00
   1.3800000e+00   6.0936280e-01   0.0000000e+00
   1.4000000e+00   6.0455340e-01   0.0000000e+00
   1.4200000e+00   5.9974401e-01   0.0000000e+00
   1.4400000e+00   5.9493462e-01   0.0000000e+00
   1.4600000e+00   5.9012522e-01   0.0000000e+00
   1.4800000e+00   5.8532890e-01   0.0000000e+00
   1.5000000e+00   5.8054565e-01   0.0000000e+00
   1.5200000e+00   5.7627064e-01   0.0000000e+00
   1.5400000e+00   5.7221755e-01   0.0000000e+00
   1.5600000e+00   5.6838639e-01   0.0000000e+00
   1.5800000e+00   5.6497294e-01   0.0000000e+00
   1.6000000e+00   5.6166308e-01   0.0000000e+00
   1.6200000e+00   5.5845682e-01   0.0000000e+00
   1.6400000e+00   5.5534442e-01   0.0000000e+00
   1.6600000e+00   5.5245228e-01   0.0000000e+00
   1.6800000e+00   5.4978039e-01   0.0000000e+00
   1.7000000e+00   5.4762008e-01   0.0000000e+00
   1.7200000e+00   5.4527372e-01   0.0000000e+00
   1.7400000e+00   5.4274130e-01   0.0000000e+00
   1.7600000e+00   5.4006942e-01   0.0000000e+00
   1.7800000e+00   5.3747832e-01   0.0000000e+00
   1.8000000e+00   5.3496802e-01   0.0000000e+00
   1.8200000e+00   5.3283051e-01   0.0000000e+00
   1.8400000e+00   5.3069300e-01   0.0000000e+00
   1.8600000e+00   5.2855549e-01   0.0000000e+00
   1.8800000e+00   5.2641798e-01   0.0000000e+00
   1.9000000e+00   5.2428048e-01   0.0000000e+00
   1.9200000e+00   5.2214297e-01   0.0000000e+00
   1.9400000e+00   5.1977616e-01   0.0000000e+00
   1.9600000e+00   5.1736945e-01   0.0000000e+00
   1.9800000e+00   5.1492283e-01   0.0000000e+00
   2.0000000e+00   5.1331970e-01   0.0000000e+00
   2.0200000e+00   5.1198174e-01   0.0000000e+00
   2.0400000e+00   5.1090896e-01   0.0000000e+00
   2.0600000e+00   5.0901284e-01   0.0000000e+00
   2.0800000e+00   5.0714454e-01   0.0000000e+00
   2.1000000e+00   5.0530404e-01   0.0000000e+00
   2.1200000e+00   5.0370091e-01   0.0000000e+00
   2.1400000e+00   5.0212963e-01   0.0000000e+00
   2.1600000e+00   5.0059018e-01   0.0000000e+00
   2.1800000e+00   4.9952143e-01   0.0000000e+00
   2.2000000e+00   4.9845268e-01   0.0000000e+00
   2.2200000e+00   4.9738392e-01   0.0000000e+00
   2.2400000e+00   4.9558570e-01   0.0000000e+00
   2.2600000e+00   4.9386590e-01   0.0000000e+00
   2.2800000e+00   4.9222454e-01   0.0000000e+00
   2.3000000e+00   4.9115578e-01   0.0000000e+00
   2.3200000e+00   4.9008703e-01   0.0000000e+00
   2.3400000e+00   4.8901827e-01   0.0000000e+00
   2.3600000e+00   4.8794952e-01   0.0000000e+00
   2.3800000e+00   4.8666454e-01   0.0000000e+00
   2.4000000e+00   4.8516333e-01   0.0000000e+00
   2.4200000e+00   4.8387599e-01   0.0000000e+00
   2.4400000e+00   4.8269794e-01   0.0000000e+00
   2.4600000e+00   4.8162919e-01   0.0000000e+00
   2.4800000e+00   4.8064289e-01   0.0000000e+00
   2.5000000e+00   4.7988256e-01   0.0000000e+00
   2.5200000e+00   4.7934818e-01   0.0000000e+00
   2.5400000e+00   4.7781346e-01   0.0000000e+00
   2.5600000e+00   4.7643628e-01   0.0000000e+00
   2.5800000e+00   4.7521666e-01   0.0000000e+00
   2.6000000e+00   4.7388106e-01   0.0000000e+00
   2.6200000e+00   4.7248679e-01   0.0000000e+00
   2.6400000e+00   4.7103384e-01   0.0000000e+00
   2.6600000e+00   4.6996508e-01   0.0000000e+00
   2.6800000e+00   4.6889633e-01   0.0000000e+00
   2.7000000e+00   4.6782758e-01   0.0000000e+00
   2.7200000e+00   4.6630759e-01   0.0000000e+00
   2.7400000e+00   4.6474604e-01   0.0000000e+00
   2.7600000e+00   4.6314291e-01   0.0000000e+00
   2.7800000e+00   4.6175767e-01   0.0000000e+00
   2.8000000e+00   4.6042945e-01   0.0000000e+00
   2.8200000e+00   4.5915823e-01   0.0000000e+00
   2.8400000e+00   4.5702072e-01   0.0000000e+00
   2.8600000e+00   4.5566163e-01   0.0000000e+00
   2.8800000e+00   4.5508096e-01   0.0000000e+00
   2.9000000e+00   4.5374202e-01   0.0000000e+00
   2.9200000e+00   4.5241379e-01   0.0000000e+00
   2.9400000e+00   4.5109628e-01   0.0000000e+00
   2.9600000e+00   4.5002752e-01   0.0000000e+00
   2.9800000e+00   4.4895877e-01   0.0000000e+00
   3.0000000e+00   4.4789001e-01   0.0000000e+00
   3.0200000e+00   4.4682126e-01   0.0000000e+00
   3.0400000e+00   4.4575250e-01   0.0000000e+00
   3.0600000e+00   4.4468375e-01   0.0000000e+00
   3.0800000e+00   4.4361500e-01   0.0000000e+00
   3.1000000e+00   4.4254624e-01   0.0000000e+00
   3.1200000e+00   4.4147749e-01   0.0000000e+00
   3.1400000e+00   4.4040873e-01   0.0000000e+00
   3.1600000e+00   4.3933998e-01   0.0000000e+00
   3.1800000e+00   4.3827123e-01   0.0000000e+00
   3.2000000e+00   4.3720247e-01   0.0000000e+00
   3.2200000e+00   4.3592319e-01   0.0000000e+00
   3.2400000e+00   4.3443338e-01   0.0000000e+00
   3.2600000e+00   4.3313464e-01   0.0000000e+00
   3.2800000e+00   4.3195089e-01   0.0000000e+00
   3.3000000e+00   4.3088214e-01   0.0000000e+00
   3.3200000e+00   4.2988445e-01   0.0000000e+00
   3.3400000e+00   4.2911841e-01   0.0000000e+00
   3.3600000e+00   4.2858403e-01   0.0000000e+00
   3.3800000e+00   4.2707211e-01   0.0000000e+00
   3.4000000e+00   4.2588669e-01   0.0000000e+00
   3.4200000e+00   4.2502778e-01   0.0000000e+00
   3.4400000e+00   4.2449340e-01   0.0000000e+00
   3.4600000e+00   4.2388963e-01   0.0000000e+00
   3.4800000e+00   4.2321648e-01   0.0000000e+00
   3.5000000e+00   4.2214772e-01   0.0000000e+00
   3.5200000e+00   4.2107897e-01   0.0000000e+00
   3.5400000e+00   4.2001022e-01   0.0000000e+00
   3.5600000e+00   4.1894146e-01   0.0000000e+00
   3.5800000e+00   4.1787271e-01   0.0000000e+00
   3.6000000e+00   4.1680395e-01   0.0000000e+00
   3.6200000e+00   4.1573520e-01   0.0000000e+00
   3.6400000e+00   4.1471136e-01   0.0000000e+00
   3.6600000e+00   4.1373244e-01   0.0000000e+00
   3.6800000e+00   4.1319806e-01   0.0000000e+00
   3.7000000e+00   4.1215614e-01   0.0000000e+00
   3.7200000e+00   4.1060667e-01   0.0000000e+00
   3.7400000e+00   4.0861266e-01   0.0000000e+00
   3.7600000e+00   4.0627269e-01   0.0000000e+00
   3.7800000e+00   4.0358675e-01   0.0000000e+00
   2.2500000e+00   7.7105377e-01   1.0000000e+00
   2.2700000e+00   7.6891626e-01   1.0000000e+00
   2.2900000e+00   7.6677875e-01   1.0000000e+00
   2.3100000e+00   7.6464125e-01   1.0000000e+00
   2.3300000e+00   7.6251848e-01   1.0000000e+00
   2.3500000e+00   7.6065553e-01   1.0000000e+00
   2.3700000e+00   7.5905240e-01   1.0000000e+00
   2.3900000e+00   7.5701681e-01   1.0000000e+00
   2.4100000e+00   7.5493027e-01   1.0000000e+00
   2.4300000e+00   7.5279276e-01   1.0000000e+00
   2.4500000e+00   7.5085438e-01   1.0000000e+00
   2.4700000e+00   7.4908362e-01   1.0000000e+00
   2.4900000e+00   7.4748049e-01   1.0000000e+00
   2.5100000e+00   7.4587736e-01   1.0000000e+00
   2.5300000e+00   7.4402414e-01   1.0000000e+00
   2.5500000e+00   7.4192084e-01   1.0000000e+00
   2.5700000e+00   7.4093385e-01   1.0000000e+00
   2.5900000e+00   7.3977291e-01   1.0000000e+00
   2.6100000e+00   7.3843800e-01   1.0000000e+00
   2.6300000e+00   7.3645067e-01   1.0000000e+00
   2.6500000e+00   7.3462192e-01   1.0000000e+00
   2.6700000e+00   7.3295176e-01   1.0000000e+00
   2.6900000e+00   7.3027988e-01   1.0000000e+00
   2.7100000e+00   7.2783361e-01   1.0000000e+00
   2.7300000e+00   7.2561295e-01   1.0000000e+00
   2.7500000e+00   7.2314088e-01   1.0000000e+00
   2.7700000e+00   7.2056890e-01   1.0000000e+00
   2.7900000e+00   7.1789702e-01   1.0000000e+00
   2.8100000e+00   7.1542760e-01   1.0000000e+00
   2.8300000e+00   7.1339132e-01   1.0000000e+00
   2.8500000e+00   7.1178819e-01   1.0000000e+00
   2.8700000e+00   7.1018506e-01   1.0000000e+00
   2.8900000e+00   7.0878307e-01   1.0000000e+00
   2.9100000e+00   7.0758222e-01   1.0000000e+00
   2.9300000e+00   7.0708470e-01   1.0000000e+00
   2.9500000e+00   7.0675146e-01   1.0000000e+00
   2.9700000e+00   7.0658251e-01   1.0000000e+00
   2.9900000e+00   7.0604813e-01   1.0000000e+00
   3.0100000e+00   7.0551376e-01   1.0000000e+00
   3.0300000e+00   7.0497938e-01   1.0000000e+00
   3.0500000e+00   7.0444500e-01   1.0000000e+00
   3.0700000e+00   7.0355729e-01   1.0000000e+00
   3.0900000e+00   7.0231624e-01   1.0000000e+00
   3.1100000e+00   7.0071311e-01   1.0000000e+00
   3.1300000e+00   6.9910998e-01   1.0000000e+00
   3.1500000e+00   6.9750685e-01   1.0000000e+00
   3.1700000e+00   6.9590038e-01   1.0000000e+00
   3.1900000e+00   6.9402839e-01   1.0000000e+00
   3.2100000e+00   6.9189088e-01   1.0000000e+00
   3.2300000e+00   6.8975337e-01   1.0000000e+00
   3.2500000e+00   6.8731147e-01   1.0000000e+00
   3.2700000e+00   6.8456519e-01   1.0000000e+00
   3.2900000e+00   6.8173437e-01   1.0000000e+00
   3.3100000e+00   6.7928574e-01   1.0000000e+00
   3.3300000e+00   6.7721929e-01   1.0000000e+00
   3.3500000e+00   6.7561616e-01   1.0000000e+00
   3.3700000e+00   6.7425742e-01   1.0000000e+00
   3.3900000e+00   6.7314306e-01   1.0000000e+00
