   6.1000000e-01   9.8744502e-01   0.0000000e+00
   6.3000000e-01   9.7621239e-01   0.0000000e+00
   6.5000000e-01   9.6164278e-01   0.0000000e+00
   6.7000000e-01   9.4260168e-01   0.0000000e+00
   6.9000000e-01   9.1908909e-01   0.0000000e+00
   7.1000000e-01   8.9830805e-01   0.0000000e+00
   7.3000000e-01   8.7861084e-01   0.0000000e+00
   7.5000000e-01   8.5999748e-01   0.0000000e+00
   7.7000000e-01   8.4391653e-01   0.0000000e+00
   7.9000000e-01   8.2871863e-01   0.0000000e+00
   8.1000000e-01   8.1440377e-01   0.0000000e+00
   8.3000000e-01   7.9837246e-01   0.0000000e+00
   8.5000000e-01   7.8391008e-01   0.0000000e+00
   8.7000000e-01   7.7101662e-01   0.0000000e+00
   8.9000000e-01   7.5859788e-01   0.0000000e+00
   9.1000000e-01   7.4725694e-01   0.0000000e+00
   9.3000000e-01   7.3699380e-01   0.0000000e+00
   9.5000000e-01   7.2844376e-01   0.0000000e+00
   9.7000000e-01   7.1995005e-01   0.0000000e+00
   9.9000000e-01   7.1151265e-01   0.0000000e+00
   1.0100000e+00   7.0403137e-01   0.0000000e+00
   1.0300000e+00   6.9702412e-01   0.0000000e+00
   1.0500000e+00   6.9049090e-01   0.0000000e+00
   1.0700000e+00   6.8479311e-01   0.0000000e+00
   1.0900000e+00   6.7927233e-01   0.0000000e+00
   1.1100000e+00   6.7392856e-01   0.0000000e+00
   1.1300000e+00   6.6858479e-01   0.0000000e+00
   1.1500000e+00   6.6324470e-01   0.0000000e+00
   1.1700000e+00   6.5790830e-01   0.0000000e+00
   1.1900000e+00   6.5309891e-01   0.0000000e+00
   1.2100000e+00   6.4850206e-01   0.0000000e+00
   1.2300000e+00   6.4411775e-01   0.0000000e+00
   1.2500000e+00   6.3953431e-01   0.0000000e+00
   1.2700000e+00   6.3483790e-01   0.0000000e+00
   1.2900000e+00   6.3002850e-01   0.0000000e+00
   1.3100000e+00   6.2529420e-01   0.0000000e+00
   1.3300000e+00   6.2078954e-01   0.0000000e+00
   1.3500000e+00   6.1651452e-01   0.0000000e+00
   1.3700000e+00   6.1223951e-01   0.0000000e+00
   1.3900000e+00   6.0758835e-01   0.0000000e+00
   1.4100000e+00   6.0256106e-01   0.0000000e+00
   1.4300000e+00   5.9773624e-01   0.0000000e+00
   1.4500000e+00   5.9318632e-01   0.0000000e+00
   1.4700000e+00   5.8891130e-01   0.0000000e+00
   1.4900000e+00   5.8463628e-01   0.0000000e+00
   1.5100000e+00   5.8036127e-01   0.0000000e+00
   1.5300000e+00   5.7608625e-01   0.0000000e+00
   1.5500000e+00   5.7269895e-01   0.0000000e+00
   1.5700000e+00   5.6923857e-01   0.0000000e+00
   1.5900000e+00   5.6570512e-01   0.0000000e+00
   1.6100000e+00   5.6217500e-01   0.0000000e+00
   1.6300000e+00   5.5885375e-01   0.0000000e+00
   1.6500000e+00   5.5574135e-01   0.0000000e+00
   1.6700000e+00   5.5306946e-01   0.0000000e+00
   1.6900000e+00   5.5065336e-01   0.0000000e+00
   1.7100000e+00   5.4849305e-01   0.0000000e+00
   1.7300000e+00   5.4596064e-01   0.0000000e+00
   1.7500000e+00   5.4335848e-01   0.0000000e+00
   1.7700000e+00   5.4068660e-01   0.0000000e+00
   1.7900000e+00   5.3817629e-01   0.0000000e+00
   1.8100000e+00   5.3585239e-01   0.0000000e+00
   1.8300000e+00   5.3371488e-01   0.0000000e+00
   1.8500000e+00   5.3157737e-01   0.0000000e+00
   1.8700000e+00   5.2897723e-01   0.0000000e+00
   1.8900000e+00   5.2591447e-01   0.0000000e+00
   1.9100000e+00   5.2374610e-01   0.0000000e+00
   1.9300000e+00   5.2174570e-01   0.0000000e+00
   1.9500000e+00   5.1991327e-01   0.0000000e+00
   1.9700000e+00   5.1788839e-01   0.0000000e+00
   1.9900000e+00   5.1607439e-01   0.0000000e+00
   2.0100000e+00   5.1447126e-01   0.0000000e+00
   2.0300000e+00   5.1233778e-01   0.0000000e+00
   2.0500000e+00   5.1061597e-01   0.0000000e+00
   2.0700000e+00   5.0930583e-01   0.0000000e+00
   2.0900000e+00   5.0764304e-01   0.0000000e+00
   2.1100000e+00   5.0592324e-01   0.0000000e+00
   2.1300000e+00   5.0414644e-01   0.0000000e+00
   2.1500000e+00   5.0301400e-01   0.0000000e+00
   2.1700000e+00   5.0164621e-01   0.0000000e+00
   2.1900000e+00   5.0004308e-01   0.0000000e+00
   2.2100000e+00   4.9843995e-01   0.0000000e+00
   2.2300000e+00   4.9665445e-01   0.0000000e+00
   2.2500000e+00   4.9468658e-01   0.0000000e+00
   2.2700000e+00   4.9304522e-01   0.0000000e+00
   2.2900000e+00   4.9162445e-01   0.0000000e+00
   2.3100000e+00   4.9042429e-01   0.0000000e+00
   2.3300000e+00   4.8883590e-01   0.0000000e+00
   2.3500000e+00   4.8750733e-01   0.0000000e+00
   2.3700000e+00   4.8643858e-01   0.0000000e+00
   2.3900000e+00   4.8493737e-01   0.0000000e+00
   2.4100000e+00   4.8354310e-01   0.0000000e+00
   2.4300000e+00   4.8225576e-01   0.0000000e+00
   2.4500000e+00   4.8118700e-01   0.0000000e+00
   2.4700000e+00   4.8011825e-01   0.0000000e+00
   2.4900000e+00   4.7904949e-01   0.0000000e+00
   2.5100000e+00   4.7798074e-01   0.0000000e+00
   2.5300000e+00   4.7691198e-01   0.0000000e+00
   2.5500000e+00   4.7584323e-01   0.0000000e+00
   2.5700000e+00   4.7477448e-01   0.0000000e+00
   2.5900000e+00   4.7370572e-01   0.0000000e+00
   2.6100000e+00   4.7263697e-01   0.0000000e+00
   2.6300000e+00   4.7126786e-01   0.0000000e+00
   2.6500000e+00   4.6954806e-01   0.0000000e+00
   2.6700000e+00   4.6747758e-01   0.0000000e+00
   2.6900000e+00   4.6640883e-01   0.0000000e+00
   2.7100000e+00   4.6534007e-01   0.0000000e+00
   2.7300000e+00   4.6427132e-01   0.0000000e+00
   2.7500000e+00   4.6286800e-01   0.0000000e+00
   2.7700000e+00   4.6147373e-01   0.0000000e+00
   2.7900000e+00   4.6008849e-01   0.0000000e+00
   2.8100000e+00   4.5891851e-01   0.0000000e+00
   2.8300000e+00   4.5753195e-01   0.0000000e+00
   2.8500000e+00   4.5592882e-01   0.0000000e+00
   2.8700000e+00   4.5484463e-01   0.0000000e+00
   2.8900000e+00   4.5376816e-01   0.0000000e+00
   2.9100000e+00   4.5269941e-01   0.0000000e+00
   2.9300000e+00   4.5163065e-01   0.0000000e+00
   2.9500000e+00   4.5047742e-01   0.0000000e+00
   2.9700000e+00   4.4923972e-01   0.0000000e+00
   2.9900000e+00   4.4768887e-01   0.0000000e+00
   3.0100000e+00   4.4637907e-01   0.0000000e+00
   3.0300000e+00   4.4531032e-01   0.0000000e+00
   3.0500000e+00   4.4377157e-01   0.0000000e+00
   3.0700000e+00   4.4237729e-01   0.0000000e+00
   3.0900000e+00   4.4112750e-01   0.0000000e+00
   3.1100000e+00   4.4005874e-01   0.0000000e+00
   3.1300000e+00   4.3898999e-01   0.0000000e+00
   3.1500000e+00   4.3792123e-01   0.0000000e+00
   3.1700000e+00   4.3685248e-01   0.0000000e+00
   3.1900000e+00   4.3578372e-01   0.0000000e+00
   3.2100000e+00   4.3471497e-01   0.0000000e+00
   3.2300000e+00   4.3322516e-01   0.0000000e+00
   3.2500000e+00   4.3183089e-01   0.0000000e+00
   3.2700000e+00   4.3053215e-01   0.0000000e+00
   3.2900000e+00   4.2946339e-01   0.0000000e+00
   3.3100000e+00   4.2839464e-01   0.0000000e+00
   3.3300000e+00   4.2732588e-01   0.0000000e+00
   3.3500000e+00   4.2625713e-01   0.0000000e+00
   3.3700000e+00   4.2543276e-01   0.0000000e+00
   3.3900000e+00   4.2485278e-01   0.0000000e+00
   3.4100000e+00   4.2394629e-01   0.0000000e+00
   3.4300000e+00   4.2295868e-01   0.0000000e+00
   3.4500000e+00   4.2188992e-01   0.0000000e+00
   3.4700000e+00   4.2095995e-01   0.0000000e+00
   3.4900000e+00   4.2021671e-01   0.0000000e+00
   3.5100000e+00   4.1966022e-01   0.0000000e+00
   3.5300000e+00   4.1859147e-01   0.0000000e+00
   3.5500000e+00   4.1752271e-01   0.0000000e+00
   3.5700000e+00   4.1645396e-01   0.0000000e+00
   3.5900000e+00   4.1538521e-01   0.0000000e+00
   3.6100000e+00   4.1441970e-01   0.0000000e+00
   3.6300000e+00   4.1355744e-01   0.0000000e+00
   3.6500000e+00   4.1293323e-01   0.0000000e+00
   3.6700000e+00   4.1208675e-01   0.0000000e+00
   3.6900000e+00   4.1101800e-01   0.0000000e+00
   3.7100000e+00   4.0994924e-01   0.0000000e+00
   3.7300000e+00   4.0888049e-01   0.0000000e+00
   3.7500000e+00   4.0781174e-01   0.0000000e+00
   3.7700000e+00   4.0674298e-01   0.0000000e+00
   3.7900000e+00   4.0551668e-01   0.0000000e+00
   2.1600000e+00   7.7824177e-01   1.0000000e+00
   2.1800000e+00   7.7343238e-01   1.0000000e+00
   2.2000000e+00   7.7127069e-01   1.0000000e+00
   2.2200000e+00   7.7175670e-01   1.0000000e+00
   2.2400000e+00   7.7063704e-01   1.0000000e+00
   2.2600000e+00   7.6900845e-01   1.0000000e+00
   2.2800000e+00   7.6687094e-01   1.0000000e+00
   2.3000000e+00   7.6460203e-01   1.0000000e+00
   2.3200000e+00   7.6215374e-01   1.0000000e+00
   2.3400000e+00   7.5952608e-01   1.0000000e+00
   2.3600000e+00   7.5845733e-01   1.0000000e+00
   2.3800000e+00   7.5673989e-01   1.0000000e+00
   2.4000000e+00   7.5437378e-01   1.0000000e+00
   2.4200000e+00   7.5201768e-01   1.0000000e+00
   2.4400000e+00   7.4987044e-01   1.0000000e+00
   2.4600000e+00   7.4793206e-01   1.0000000e+00
   2.4800000e+00   7.4641139e-01   1.0000000e+00
   2.5000000e+00   7.4511668e-01   1.0000000e+00
   2.5200000e+00   7.4404792e-01   1.0000000e+00
   2.5400000e+00   7.4247900e-01   1.0000000e+00
   2.5600000e+00   7.4089297e-01   1.0000000e+00
   2.5800000e+00   7.3928984e-01   1.0000000e+00
   2.6000000e+00   7.3768670e-01   1.0000000e+00
   2.6200000e+00   7.3600848e-01   1.0000000e+00
   2.6400000e+00   7.3425517e-01   1.0000000e+00
   2.6600000e+00   7.3208415e-01   1.0000000e+00
   2.6800000e+00   7.2966270e-01   1.0000000e+00
   2.7000000e+00   7.2699081e-01   1.0000000e+00
   2.7200000e+00   7.2431893e-01   1.0000000e+00
   2.7400000e+00   7.2164704e-01   1.0000000e+00
   2.7600000e+00   7.1897516e-01   1.0000000e+00
   2.7800000e+00   7.1652117e-01   1.0000000e+00
   2.8000000e+00   7.1417480e-01   1.0000000e+00
   2.8200000e+00   7.1193606e-01   1.0000000e+00
   2.8400000e+00   7.0926418e-01   1.0000000e+00
   2.8600000e+00   7.0737071e-01   1.0000000e+00
   2.8800000e+00   7.0625566e-01   1.0000000e+00
   2.9000000e+00   7.0518691e-01   1.0000000e+00
   2.9200000e+00   7.0440377e-01   1.0000000e+00
   2.9400000e+00   7.0390625e-01   1.0000000e+00
   2.9600000e+00   7.0373730e-01   1.0000000e+00
   2.9800000e+00   7.0338563e-01   1.0000000e+00
   3.0000000e+00   7.0285126e-01   1.0000000e+00
   3.0200000e+00   7.0231688e-01   1.0000000e+00
   3.0400000e+00   7.0178250e-01   1.0000000e+00
   3.0600000e+00   7.0124813e-01   1.0000000e+00
   3.0800000e+00   7.0036041e-01   1.0000000e+00
   3.1000000e+00   6.9950052e-01   1.0000000e+00
   3.1200000e+00   6.9866843e-01   1.0000000e+00
   3.1400000e+00   6.9777404e-01   1.0000000e+00
   3.1600000e+00   6.9625642e-01   1.0000000e+00
   3.1800000e+00   6.9411557e-01   1.0000000e+00
   3.2000000e+00   6.9144368e-01   1.0000000e+00
   3.2200000e+00   6.8898232e-01   1.0000000e+00
   3.2400000e+00   6.8673149e-01   1.0000000e+00
   3.2600000e+00   6.8428959e-01   1.0000000e+00
   3.2800000e+00   6.8201429e-01   1.0000000e+00
   3.3000000e+00   6.7990558e-01   1.0000000e+00
   3.3200000e+00   6.7869470e-01   1.0000000e+00
   3.3400000e+00   6.7702051e-01   1.0000000e+00
   3.3600000e+00   6.7488300e-01   1.0000000e+00
   3.3800000e+00   6.7421181e-01   1.0000000e+00
