   6.0000000e-01   9.5433380e-01   0.0000000e+00
   6.2000000e-01   9.3408851e-01   0.0000000e+00
   6.4000000e-01   9.1209256e-01   0.0000000e+00
   6.6000000e-01   8.8834595e-01   0.0000000e+00
   6.8000000e-01   8.6857400e-01   0.0000000e+00
   7.0000000e-01   8.4789153e-01   0.0000000e+00
   7.2000000e-01   8.2629855e-01   0.0000000e+00
   7.4000000e-01   8.0574347e-01   0.0000000e+00
   7.6000000e-01   7.8713344e-01   0.0000000e+00
   7.8000000e-01   7.7046848e-01   0.0000000e+00
   8.0000000e-01   7.5817781e-01   0.0000000e+00
   8.2000000e-01   7.4588714e-01   0.0000000e+00
   8.4000000e-01   7.3359647e-01   0.0000000e+00
   8.6000000e-01   7.2496663e-01   0.0000000e+00
   8.8000000e-01   7.1678300e-01   0.0000000e+00
   9.0000000e-01   7.0904559e-01   0.0000000e+00
   9.2000000e-01   7.0272290e-01   0.0000000e+00
   9.4000000e-01   6.9697616e-01   0.0000000e+00
   9.6000000e-01   6.9180537e-01   0.0000000e+00
   9.8000000e-01   6.8716493e-01   0.0000000e+00
   1.0000000e+00   6.8324158e-01   0.0000000e+00
   1.0200000e+00   6.8003531e-01   0.0000000e+00
   1.0400000e+00   6.7682905e-01   0.0000000e+00
   1.0600000e+00   6.7344411e-01   0.0000000e+00
   1.0800000e+00   6.6988048e-01   0.0000000e+00
   1.1000000e+00   6.6638054e-01   0.0000000e+00
   1.1200000e+00   6.6296542e-01   0.0000000e+00
   1.1400000e+00   6.5963512e-01   0.0000000e+00
   1.1600000e+00   6.5590186e-01   0.0000000e+00
   1.1800000e+00   6.5243209e-01   0.0000000e+00
   1.2000000e+00   6.4922583e-01   0.0000000e+00
   1.2200000e+00   6.4559448e-01   0.0000000e+00
   1.2400000e+00   6.4190849e-01   0.0000000e+00
   1.2600000e+00   6.3816785e-01   0.0000000e+00
   1.2800000e+00   6.3423546e-01   0.0000000e+00
   1.3000000e+00   6.3016930e-01   0.0000000e+00
   1.3200000e+00   6.2596937e-01   0.0000000e+00
   1.3400000e+00   6.2222873e-01   0.0000000e+00
   1.3600000e+00   6.1824169e-01   0.0000000e+00
   1.3800000e+00   6.1400825e-01   0.0000000e+00
   1.4000000e+00   6.1048551e-01   0.0000000e+00
   1.4200000e+00   6.0699127e-01   0.0000000e+00
   1.4400000e+00   6.0352553e-01   0.0000000e+00
   1.4600000e+00   5.9949928e-01   0.0000000e+00
   1.4800000e+00   5.9512067e-01   0.0000000e+00
   1.5000000e+00   5.9038971e-01   0.0000000e+00
   1.5200000e+00   5.8718345e-01   0.0000000e+00
   1.5400000e+00   5.8353333e-01   0.0000000e+00
   1.5600000e+00   5.7943935e-01   0.0000000e+00
   1.5800000e+00   5.7581872e-01   0.0000000e+00
   1.6000000e+00   5.7251054e-01   0.0000000e+00
   1.6200000e+00   5.6951480e-01   0.0000000e+00
   1.6400000e+00   5.6674905e-01   0.0000000e+00
   1.6600000e+00   5.6376305e-01   0.0000000e+00
   1.6800000e+00   5.6055678e-01   0.0000000e+00
   1.7000000e+00   5.5837367e-01   0.0000000e+00
   1.7200000e+00   5.5581845e-01   0.0000000e+00
   1.7400000e+00   5.5289112e-01   0.0000000e+00
   1.7600000e+00   5.4996311e-01   0.0000000e+00
   1.7800000e+00   5.4724395e-01   0.0000000e+00
   1.8000000e+00   5.4473364e-01   0.0000000e+00
   1.8200000e+00   5.4255122e-01   0.0000000e+00
   1.8400000e+00   5.4012406e-01   0.0000000e+00
   1.8600000e+00   5.3745218e-01   0.0000000e+00
   1.8800000e+00   5.3570555e-01   0.0000000e+00
   1.9000000e+00   5.3368471e-01   0.0000000e+00
   1.9200000e+00   5.3138965e-01   0.0000000e+00
   1.9400000e+00   5.2894706e-01   0.0000000e+00
   1.9600000e+00   5.2665701e-01   0.0000000e+00
   1.9800000e+00   5.2451950e-01   0.0000000e+00
   2.0000000e+00   5.2238200e-01   0.0000000e+00
   2.0200000e+00   5.2024449e-01   0.0000000e+00
   2.0400000e+00   5.1810698e-01   0.0000000e+00
   2.0600000e+00   5.1596947e-01   0.0000000e+00
   2.0800000e+00   5.1383196e-01   0.0000000e+00
   2.1000000e+00   5.1169446e-01   0.0000000e+00
   2.1200000e+00   5.0937660e-01   0.0000000e+00
   2.1400000e+00   5.0691357e-01   0.0000000e+00
   2.1600000e+00   5.0430537e-01   0.0000000e+00
   2.1800000e+00   5.0216786e-01   0.0000000e+00
   2.2000000e+00   5.0003035e-01   0.0000000e+00
   2.2200000e+00   4.9789285e-01   0.0000000e+00
   2.2400000e+00   4.9575534e-01   0.0000000e+00
   2.2600000e+00   4.9361783e-01   0.0000000e+00
   2.2800000e+00   4.9148032e-01   0.0000000e+00
   2.3000000e+00   4.8934281e-01   0.0000000e+00
   2.3200000e+00   4.8721267e-01   0.0000000e+00
   2.3400000e+00   4.8508991e-01   0.0000000e+00
   2.3600000e+00   4.8348678e-01   0.0000000e+00
   2.3800000e+00   4.8166742e-01   0.0000000e+00
   2.4000000e+00   4.7963183e-01   0.0000000e+00
   2.4200000e+00   4.7781012e-01   0.0000000e+00
   2.4400000e+00   4.7609769e-01   0.0000000e+00
   2.4600000e+00   4.7449456e-01   0.0000000e+00
   2.4800000e+00   4.7289143e-01   0.0000000e+00
   2.5000000e+00   4.7128830e-01   0.0000000e+00
   2.5200000e+00   4.6968517e-01   0.0000000e+00
   2.5400000e+00   4.6758186e-01   0.0000000e+00
   2.5600000e+00   4.6584496e-01   0.0000000e+00
   2.5800000e+00   4.6447447e-01   0.0000000e+00
   2.6000000e+00   4.6340572e-01   0.0000000e+00
   2.6200000e+00   4.6233697e-01   0.0000000e+00
   2.6400000e+00   4.6126821e-01   0.0000000e+00
   2.6600000e+00   4.6019946e-01   0.0000000e+00
   2.6800000e+00   4.5913070e-01   0.0000000e+00
   2.7000000e+00   4.5806195e-01   0.0000000e+00
   2.7200000e+00   4.5699320e-01   0.0000000e+00
   2.7400000e+00   4.5676085e-01   0.0000000e+00
   2.7600000e+00   4.5736491e-01   0.0000000e+00
   2.7800000e+00   4.5875014e-01   0.0000000e+00
   2.8000000e+00   4.5992652e-01   0.0000000e+00
   2.8200000e+00   4.6089404e-01   0.0000000e+00
   2.8400000e+00   4.6142841e-01   0.0000000e+00
   2.8600000e+00   4.6222226e-01   0.0000000e+00
   2.8800000e+00   4.6327559e-01   0.0000000e+00
   2.9000000e+00   4.6337887e-01   0.0000000e+00
   2.9200000e+00   4.6332363e-01   0.0000000e+00
   2.9400000e+00   4.6310988e-01   0.0000000e+00
   2.9600000e+00   4.6289613e-01   0.0000000e+00
   2.9800000e+00   4.6268238e-01   0.0000000e+00
   3.0000000e+00   4.6246863e-01   0.0000000e+00
   3.0200000e+00   4.6225488e-01   0.0000000e+00
   3.0400000e+00   4.6204113e-01   0.0000000e+00
   3.0600000e+00   4.6182738e-01   0.0000000e+00
   3.0800000e+00   4.6122496e-01   0.0000000e+00
   3.1000000e+00   4.6052296e-01   0.0000000e+00
   3.1200000e+00   4.5972140e-01   0.0000000e+00
   3.1400000e+00   4.5837981e-01   0.0000000e+00
   3.1600000e+00   4.5611423e-01   0.0000000e+00
   3.1800000e+00   4.5292468e-01   0.0000000e+00
   3.2000000e+00   4.5239030e-01   0.0000000e+00
   3.2200000e+00   4.5185592e-01   0.0000000e+00
   3.2400000e+00   4.5132154e-01   0.0000000e+00
   3.2600000e+00   4.5109156e-01   0.0000000e+00
   2.1000000e+00   7.5209985e-01   1.0000000e+00
   2.1200000e+00   7.4818554e-01   1.0000000e+00
   2.1400000e+00   7.4478448e-01   1.0000000e+00
   2.1600000e+00   7.4189666e-01   1.0000000e+00
   2.1800000e+00   7.4136228e-01   1.0000000e+00
   2.2000000e+00   7.4034650e-01   1.0000000e+00
   2.2200000e+00   7.3884932e-01   1.0000000e+00
   2.2400000e+00   7.3615198e-01   1.0000000e+00
   2.2600000e+00   7.3357229e-01   1.0000000e+00
   2.2800000e+00   7.3111024e-01   1.0000000e+00
   2.3000000e+00   7.2911289e-01   1.0000000e+00
   2.3200000e+00   7.2652582e-01   1.0000000e+00
   2.3400000e+00   7.2334905e-01   1.0000000e+00
   2.3600000e+00   7.2121154e-01   1.0000000e+00
   2.3800000e+00   7.1885780e-01   1.0000000e+00
   2.4000000e+00   7.1628784e-01   1.0000000e+00
   2.4200000e+00   7.1393174e-01   1.0000000e+00
   2.4400000e+00   7.1168494e-01   1.0000000e+00
   2.4600000e+00   7.0954743e-01   1.0000000e+00
   2.4800000e+00   7.0740993e-01   1.0000000e+00
   2.5000000e+00   7.0527242e-01   1.0000000e+00
   2.5200000e+00   7.0313491e-01   1.0000000e+00
   2.5400000e+00   7.0149758e-01   1.0000000e+00
   2.5600000e+00   6.9987734e-01   1.0000000e+00
   2.5800000e+00   6.9827421e-01   1.0000000e+00
   2.6000000e+00   6.9693792e-01   1.0000000e+00
   2.6200000e+00   6.9573540e-01   1.0000000e+00
   2.6400000e+00   6.9466665e-01   1.0000000e+00
   2.6600000e+00   6.9353087e-01   1.0000000e+00
   2.6800000e+00   6.9189422e-01   1.0000000e+00
   2.7000000e+00   6.8975671e-01   1.0000000e+00
   2.7200000e+00   6.8716798e-01   1.0000000e+00
   2.7400000e+00   6.8487223e-01   1.0000000e+00
   2.7600000e+00   6.8286947e-01   1.0000000e+00
   2.7800000e+00   6.8104844e-01   1.0000000e+00
   2.8000000e+00   6.7911979e-01   1.0000000e+00
   2.8200000e+00   6.7708351e-01   1.0000000e+00
   2.8400000e+00   6.7548038e-01   1.0000000e+00
   2.8600000e+00   6.7361778e-01   1.0000000e+00
   2.8800000e+00   6.7149570e-01   1.0000000e+00
   2.9000000e+00   6.7016275e-01   1.0000000e+00
   2.9200000e+00   6.6881910e-01   1.0000000e+00
   2.9400000e+00   6.6746473e-01   1.0000000e+00
   2.9600000e+00   6.6586159e-01   1.0000000e+00
   2.9800000e+00   6.6428461e-01   1.0000000e+00
   3.0000000e+00   6.6273376e-01   1.0000000e+00
   3.0200000e+00   6.6166501e-01   1.0000000e+00
   3.0400000e+00   6.5989126e-01   1.0000000e+00
   3.0600000e+00   6.5741250e-01   1.0000000e+00
   3.0800000e+00   6.5474062e-01   1.0000000e+00
   3.1000000e+00   6.5195040e-01   1.0000000e+00
   3.1200000e+00   6.4904184e-01   1.0000000e+00
   3.1400000e+00   6.4607559e-01   1.0000000e+00
   3.1600000e+00   6.4352204e-01   1.0000000e+00
   3.1800000e+00   6.4138119e-01   1.0000000e+00
   3.2000000e+00   6.3870931e-01   1.0000000e+00
   3.2200000e+00   6.3582689e-01   1.0000000e+00
   3.2400000e+00   6.3273396e-01   1.0000000e+00
   3.2600000e+00   6.2952769e-01   1.0000000e+00
   3.2800000e+00   6.2622757e-01   1.0000000e+00
   3.3000000e+00   6.2283358e-01   1.0000000e+00
