   6.0000000e-01   9.9989728e-01   0.0000000e+00
   6.2000000e-01   9.8912727e-01   0.0000000e+00
   6.4000000e-01   9.7729658e-01   0.0000000e+00
   6.6000000e-01   9.6440519e-01   0.0000000e+00
   6.8000000e-01   9.4356448e-01   0.0000000e+00
   7.0000000e-01   9.2249615e-01   0.0000000e+00
   7.2000000e-01   9.0120019e-01   0.0000000e+00
   7.4000000e-01   8.8219526e-01   0.0000000e+00
   7.6000000e-01   8.6443039e-01   0.0000000e+00
   7.8000000e-01   8.4790559e-01   0.0000000e+00
   8.0000000e-01   8.3273250e-01   0.0000000e+00
   8.2000000e-01   8.1713031e-01   0.0000000e+00
   8.4000000e-01   8.0109899e-01   0.0000000e+00
   8.6000000e-01   7.8768256e-01   0.0000000e+00
   8.8000000e-01   7.7470094e-01   0.0000000e+00
   9.0000000e-01   7.6215414e-01   0.0000000e+00
   9.2000000e-01   7.5160135e-01   0.0000000e+00
   9.4000000e-01   7.4178275e-01   0.0000000e+00
   9.6000000e-01   7.3269834e-01   0.0000000e+00
   9.8000000e-01   7.2378288e-01   0.0000000e+00
   1.0000000e+00   7.1558451e-01   0.0000000e+00
   1.0200000e+00   7.0810323e-01   0.0000000e+00
   1.0400000e+00   7.0014792e-01   0.0000000e+00
   1.0600000e+00   6.9287717e-01   0.0000000e+00
   1.0800000e+00   6.8629098e-01   0.0000000e+00
   1.1000000e+00   6.8065353e-01   0.0000000e+00
   1.1200000e+00   6.7522494e-01   0.0000000e+00
   1.1400000e+00   6.7000520e-01   0.0000000e+00
   1.1600000e+00   6.6518107e-01   0.0000000e+00
   1.1800000e+00   6.5982993e-01   0.0000000e+00
   1.2000000e+00   6.5395178e-01   0.0000000e+00
   1.2200000e+00   6.4934888e-01   0.0000000e+00
   1.2400000e+00   6.4444730e-01   0.0000000e+00
   1.2600000e+00   6.3924702e-01   0.0000000e+00
   1.2800000e+00   6.3356063e-01   0.0000000e+00
   1.3000000e+00   6.2808309e-01   0.0000000e+00
   1.3200000e+00   6.2281441e-01   0.0000000e+00
   1.3400000e+00   6.1800502e-01   0.0000000e+00
   1.3600000e+00   6.1294923e-01   0.0000000e+00
   1.3800000e+00   6.0764703e-01   0.0000000e+00
   1.4000000e+00   6.0267940e-01   0.0000000e+00
   1.4200000e+00   5.9766115e-01   0.0000000e+00
   1.4400000e+00   5.9259228e-01   0.0000000e+00
   1.4600000e+00   5.8724851e-01   0.0000000e+00
   1.4800000e+00   5.8194396e-01   0.0000000e+00
   1.5000000e+00   5.7667862e-01   0.0000000e+00
   1.5200000e+00   5.7293798e-01   0.0000000e+00
   1.5400000e+00   5.6897541e-01   0.0000000e+00
   1.5600000e+00   5.6479092e-01   0.0000000e+00
   1.5800000e+00   5.6084309e-01   0.0000000e+00
   1.6000000e+00   5.5720939e-01   0.0000000e+00
   1.6200000e+00   5.5388980e-01   0.0000000e+00
   1.6400000e+00   5.5112405e-01   0.0000000e+00
   1.6600000e+00   5.4813805e-01   0.0000000e+00
   1.6800000e+00   5.4493178e-01   0.0000000e+00
   1.7000000e+00   5.4274867e-01   0.0000000e+00
   1.7200000e+00   5.4039091e-01   0.0000000e+00
   1.7400000e+00   5.3785849e-01   0.0000000e+00
   1.7600000e+00   5.3546485e-01   0.0000000e+00
   1.7800000e+00   5.3319927e-01   0.0000000e+00
   1.8000000e+00   5.3106177e-01   0.0000000e+00
   1.8200000e+00   5.2887934e-01   0.0000000e+00
   1.8400000e+00   5.2645219e-01   0.0000000e+00
   1.8600000e+00   5.2378030e-01   0.0000000e+00
   1.8800000e+00   5.2110842e-01   0.0000000e+00
   1.9000000e+00   5.1860951e-01   0.0000000e+00
   1.9200000e+00   5.1628359e-01   0.0000000e+00
   1.9400000e+00   5.1437538e-01   0.0000000e+00
   1.9600000e+00   5.1256340e-01   0.0000000e+00
   1.9800000e+00   5.1084763e-01   0.0000000e+00
   2.0000000e+00   5.0871012e-01   0.0000000e+00
   2.0200000e+00   5.0683779e-01   0.0000000e+00
   2.0400000e+00   5.0523063e-01   0.0000000e+00
   2.0600000e+00   5.0404118e-01   0.0000000e+00
   2.0800000e+00   5.0261506e-01   0.0000000e+00
   2.1000000e+00   5.0095227e-01   0.0000000e+00
   2.1200000e+00   4.9917547e-01   0.0000000e+00
   2.1400000e+00   4.9775269e-01   0.0000000e+00
   2.1600000e+00   4.9668394e-01   0.0000000e+00
   2.1800000e+00   4.9561518e-01   0.0000000e+00
   2.2000000e+00   4.9406503e-01   0.0000000e+00
   2.2200000e+00   4.9203347e-01   0.0000000e+00
   2.2400000e+00   4.9062543e-01   0.0000000e+00
   2.2600000e+00   4.8938704e-01   0.0000000e+00
   2.2800000e+00   4.8831829e-01   0.0000000e+00
   2.3000000e+00   4.8738094e-01   0.0000000e+00
   2.3200000e+00   4.8663771e-01   0.0000000e+00
   2.3400000e+00   4.8608859e-01   0.0000000e+00
   2.3600000e+00   4.8501983e-01   0.0000000e+00
   2.3800000e+00   4.8395108e-01   0.0000000e+00
   2.4000000e+00   4.8288232e-01   0.0000000e+00
   2.4200000e+00   4.8181357e-01   0.0000000e+00
   2.4400000e+00   4.8084438e-01   0.0000000e+00
   2.4600000e+00   4.7997475e-01   0.0000000e+00
   2.4800000e+00   4.7944037e-01   0.0000000e+00
   2.5000000e+00   4.7890600e-01   0.0000000e+00
   2.5200000e+00   4.7837162e-01   0.0000000e+00
   2.5400000e+00   4.7733707e-01   0.0000000e+00
   2.5600000e+00   4.7647717e-01   0.0000000e+00
   2.5800000e+00   4.7579193e-01   0.0000000e+00
   2.6000000e+00   4.7472386e-01   0.0000000e+00
   2.6200000e+00   4.7353844e-01   0.0000000e+00
   2.6400000e+00   4.7223567e-01   0.0000000e+00
   2.6600000e+00   4.7160075e-01   0.0000000e+00
   2.6800000e+00   4.7021453e-01   0.0000000e+00
   2.7000000e+00   4.6807702e-01   0.0000000e+00
   2.7200000e+00   4.6684197e-01   0.0000000e+00
   2.7400000e+00   4.6569007e-01   0.0000000e+00
   2.7600000e+00   4.6462131e-01   0.0000000e+00
   2.7800000e+00   4.6333466e-01   0.0000000e+00
   2.8000000e+00   4.6194039e-01   0.0000000e+00
   2.8200000e+00   4.6043849e-01   0.0000000e+00
   2.8400000e+00   4.5936973e-01   0.0000000e+00
   2.8600000e+00   4.5804151e-01   0.0000000e+00
   2.8800000e+00   4.5645381e-01   0.0000000e+00
   2.9000000e+00   4.5525296e-01   0.0000000e+00
   2.9200000e+00   4.5411815e-01   0.0000000e+00
   2.9400000e+00   4.5304940e-01   0.0000000e+00
   2.9600000e+00   4.5214960e-01   0.0000000e+00
   2.9800000e+00   4.5138022e-01   0.0000000e+00
   3.0000000e+00   4.5074127e-01   0.0000000e+00
   3.0200000e+00   4.4913814e-01   0.0000000e+00
   3.0400000e+00   4.4777001e-01   0.0000000e+00
   3.0600000e+00   4.4663688e-01   0.0000000e+00
   3.0800000e+00   4.4521479e-01   0.0000000e+00
   3.1000000e+00   4.4370218e-01   0.0000000e+00
   3.1200000e+00   4.4209905e-01   0.0000000e+00
   3.1400000e+00   4.4140453e-01   0.0000000e+00
   3.1600000e+00   4.4227870e-01   0.0000000e+00
   3.1800000e+00   4.4472157e-01   0.0000000e+00
   3.2000000e+00   4.4716444e-01   0.0000000e+00
   3.2200000e+00   4.4960730e-01   0.0000000e+00
   3.2400000e+00   4.5205017e-01   0.0000000e+00
   3.2600000e+00   4.5449304e-01   0.0000000e+00
   3.2800000e+00   4.5693590e-01   0.0000000e+00
   3.3000000e+00   4.5937877e-01   0.0000000e+00
   3.3200000e+00   4.6182164e-01   0.0000000e+00
   3.3400000e+00   4.6426450e-01   0.0000000e+00
   3.3600000e+00   4.6670737e-01   0.0000000e+00
   3.3800000e+00   4.6915024e-01   0.0000000e+00
   3.4000000e+00   4.7055652e-01   0.0000000e+00
   3.4200000e+00   4.7092621e-01   0.0000000e+00
   3.4400000e+00   4.7039184e-01   0.0000000e+00
   3.4600000e+00   4.6985746e-01   0.0000000e+00
   3.4800000e+00   4.6932308e-01   0.0000000e+00
   3.5000000e+00   4.6881082e-01   0.0000000e+00
   3.5200000e+00   4.6855469e-01   0.0000000e+00
   3.5400000e+00   4.6855469e-01   0.0000000e+00
   3.5600000e+00   4.6943434e-01   0.0000000e+00
   2.2800000e+00   7.6012760e-01   1.0000000e+00
   2.3000000e+00   7.5597524e-01   1.0000000e+00
   2.3200000e+00   7.5285242e-01   1.0000000e+00
   2.3400000e+00   7.5075914e-01   1.0000000e+00
   2.3600000e+00   7.5022476e-01   1.0000000e+00
   2.3800000e+00   7.4882547e-01   1.0000000e+00
   2.4000000e+00   7.4656128e-01   1.0000000e+00
   2.4200000e+00   7.4483676e-01   1.0000000e+00
   2.4400000e+00   7.4334057e-01   1.0000000e+00
   2.4600000e+00   7.4207269e-01   1.0000000e+00
   2.4800000e+00   7.4046955e-01   1.0000000e+00
   2.5000000e+00   7.3886642e-01   1.0000000e+00
   2.5200000e+00   7.3726329e-01   1.0000000e+00
   2.5400000e+00   7.3666051e-01   1.0000000e+00
   2.5600000e+00   7.3590017e-01   1.0000000e+00
   2.5800000e+00   7.3498229e-01   1.0000000e+00
   2.6000000e+00   7.3418038e-01   1.0000000e+00
   2.6200000e+00   7.3336205e-01   1.0000000e+00
   2.6400000e+00   7.3252732e-01   1.0000000e+00
   2.6600000e+00   7.3085716e-01   1.0000000e+00
   2.6800000e+00   7.2868613e-01   1.0000000e+00
   2.7000000e+00   7.2601425e-01   1.0000000e+00
   2.7200000e+00   7.2379359e-01   1.0000000e+00
   2.7400000e+00   7.2178179e-01   1.0000000e+00
   2.7600000e+00   7.1997884e-01   1.0000000e+00
   2.7800000e+00   7.1793992e-01   1.0000000e+00
   2.8000000e+00   7.1553389e-01   1.0000000e+00
   2.8200000e+00   7.1276078e-01   1.0000000e+00
   2.8400000e+00   7.0955451e-01   1.0000000e+00
   2.8600000e+00   7.0712667e-01   1.0000000e+00
   2.8800000e+00   7.0547724e-01   1.0000000e+00
   2.9000000e+00   7.0387411e-01   1.0000000e+00
   2.9200000e+00   7.0227098e-01   1.0000000e+00
   2.9400000e+00   7.0066785e-01   1.0000000e+00
   2.9600000e+00   6.9906472e-01   1.0000000e+00
