   6.1000000e-01   9.6507530e-01   0.0000000e+00
   6.3000000e-01   9.4994782e-01   0.0000000e+00
   6.5000000e-01   9.3129091e-01   0.0000000e+00
   6.7000000e-01   9.0940460e-01   0.0000000e+00
   6.9000000e-01   8.8428888e-01   0.0000000e+00
   7.1000000e-01   8.6281522e-01   0.0000000e+00
   7.3000000e-01   8.4216592e-01   0.0000000e+00
   7.5000000e-01   8.2234100e-01   0.0000000e+00
   7.7000000e-01   8.0510078e-01   0.0000000e+00
   7.9000000e-01   7.8916131e-01   0.0000000e+00
   8.1000000e-01   7.7452261e-01   0.0000000e+00
   8.3000000e-01   7.5902567e-01   0.0000000e+00
   8.5000000e-01   7.4562064e-01   0.0000000e+00
   8.7000000e-01   7.3430751e-01   0.0000000e+00
   8.9000000e-01   7.2349191e-01   0.0000000e+00
   9.1000000e-01   7.1360927e-01   0.0000000e+00
   9.3000000e-01   7.0465961e-01   0.0000000e+00
   9.5000000e-01   6.9787026e-01   0.0000000e+00
   9.7000000e-01   6.9183186e-01   0.0000000e+00
   9.9000000e-01   6.8654440e-01   0.0000000e+00
   1.0100000e+00   6.8173501e-01   0.0000000e+00
   1.0300000e+00   6.7716263e-01   0.0000000e+00
   1.0500000e+00   6.7282727e-01   0.0000000e+00
   1.0700000e+00   6.6890962e-01   0.0000000e+00
   1.0900000e+00   6.6508047e-01   0.0000000e+00
   1.1100000e+00   6.6133983e-01   0.0000000e+00
   1.1300000e+00   6.5759919e-01   0.0000000e+00
   1.1500000e+00   6.5385487e-01   0.0000000e+00
   1.1700000e+00   6.5010686e-01   0.0000000e+00
   1.1900000e+00   6.4583184e-01   0.0000000e+00
   1.2100000e+00   6.4198191e-01   0.0000000e+00
   1.2300000e+00   6.3855706e-01   0.0000000e+00
   1.2500000e+00   6.3473396e-01   0.0000000e+00
   1.2700000e+00   6.3078078e-01   0.0000000e+00
   1.2900000e+00   6.2669752e-01   0.0000000e+00
   1.3100000e+00   6.2295688e-01   0.0000000e+00
   1.3300000e+00   6.1921624e-01   0.0000000e+00
   1.3500000e+00   6.1547560e-01   0.0000000e+00
   1.3700000e+00   6.1173496e-01   0.0000000e+00
   1.3900000e+00   6.0818239e-01   0.0000000e+00
   1.4100000e+00   6.0481789e-01   0.0000000e+00
   1.4300000e+00   6.0135215e-01   0.0000000e+00
   1.4500000e+00   5.9774897e-01   0.0000000e+00
   1.4700000e+00   5.9400833e-01   0.0000000e+00
   1.4900000e+00   5.9026769e-01   0.0000000e+00
   1.5100000e+00   5.8652705e-01   0.0000000e+00
   1.5300000e+00   5.8278641e-01   0.0000000e+00
   1.5500000e+00   5.7904577e-01   0.0000000e+00
   1.5700000e+00   5.7546873e-01   0.0000000e+00
   1.5900000e+00   5.7205528e-01   0.0000000e+00
   1.6100000e+00   5.6884902e-01   0.0000000e+00
   1.6300000e+00   5.6564275e-01   0.0000000e+00
   1.6500000e+00   5.6243649e-01   0.0000000e+00
   1.6700000e+00   5.5923023e-01   0.0000000e+00
   1.6900000e+00   5.5602397e-01   0.0000000e+00
   1.7100000e+00   5.5281770e-01   0.0000000e+00
   1.7300000e+00   5.5000635e-01   0.0000000e+00
   1.7500000e+00   5.4712561e-01   0.0000000e+00
   1.7700000e+00   5.4417548e-01   0.0000000e+00
   1.7900000e+00   5.4129238e-01   0.0000000e+00
   1.8100000e+00   5.3875962e-01   0.0000000e+00
   1.8300000e+00   5.3657719e-01   0.0000000e+00
   1.8500000e+00   5.3390531e-01   0.0000000e+00
   1.8700000e+00   5.3146474e-01   0.0000000e+00
   1.8900000e+00   5.2925548e-01   0.0000000e+00
   1.9100000e+00   5.2711797e-01   0.0000000e+00
   1.9300000e+00   5.2498046e-01   0.0000000e+00
   1.9500000e+00   5.2284295e-01   0.0000000e+00
   1.9700000e+00   5.2081808e-01   0.0000000e+00
   1.9900000e+00   5.1900408e-01   0.0000000e+00
   2.0100000e+00   5.1740095e-01   0.0000000e+00
   2.0300000e+00   5.1579782e-01   0.0000000e+00
   2.0500000e+00   5.1398784e-01   0.0000000e+00
   2.0700000e+00   5.1197103e-01   0.0000000e+00
   2.0900000e+00   5.1042756e-01   0.0000000e+00
   2.1100000e+00   5.0912145e-01   0.0000000e+00
   2.1300000e+00   5.0805269e-01   0.0000000e+00
   2.1500000e+00   5.0698394e-01   0.0000000e+00
   2.1700000e+00   5.0591518e-01   0.0000000e+00
   2.1900000e+00   5.0484643e-01   0.0000000e+00
   2.2100000e+00   5.0377767e-01   0.0000000e+00
   2.2300000e+00   5.0270892e-01   0.0000000e+00
   2.2500000e+00   5.0164017e-01   0.0000000e+00
   2.2700000e+00   5.0057141e-01   0.0000000e+00
   2.2900000e+00   4.9956836e-01   0.0000000e+00
   2.3100000e+00   4.9863102e-01   0.0000000e+00
   2.3300000e+00   4.9806715e-01   0.0000000e+00
   2.3500000e+00   4.9698366e-01   0.0000000e+00
   2.3700000e+00   4.9538052e-01   0.0000000e+00
   2.3900000e+00   4.9420985e-01   0.0000000e+00
   2.4100000e+00   4.9309013e-01   0.0000000e+00
   2.4300000e+00   4.9202138e-01   0.0000000e+00
   2.4500000e+00   4.9055437e-01   0.0000000e+00
   2.4700000e+00   4.8883458e-01   0.0000000e+00
   2.4900000e+00   4.8686199e-01   0.0000000e+00
   2.5100000e+00   4.8579324e-01   0.0000000e+00
   2.5300000e+00   4.8472448e-01   0.0000000e+00
   2.5500000e+00   4.8365573e-01   0.0000000e+00
   2.5700000e+00   4.8258698e-01   0.0000000e+00
   2.5900000e+00   4.8151822e-01   0.0000000e+00
   2.6100000e+00   4.8044947e-01   0.0000000e+00
   2.6300000e+00   4.7938071e-01   0.0000000e+00
   2.6500000e+00   4.7829520e-01   0.0000000e+00
   2.6700000e+00   4.7719293e-01   0.0000000e+00
   2.6900000e+00   4.7558980e-01   0.0000000e+00
   2.7100000e+00   4.7398667e-01   0.0000000e+00
   2.7300000e+00   4.7238354e-01   0.0000000e+00
   2.7500000e+00   4.7078041e-01   0.0000000e+00
   2.7700000e+00   4.6917728e-01   0.0000000e+00
   2.7900000e+00   4.6757415e-01   0.0000000e+00
   2.8100000e+00   4.6597102e-01   0.0000000e+00
   2.8300000e+00   4.6436788e-01   0.0000000e+00
   2.8500000e+00   4.6276475e-01   0.0000000e+00
   2.8700000e+00   4.6116162e-01   0.0000000e+00
   2.8900000e+00   4.5975963e-01   0.0000000e+00
   2.9100000e+00   4.5855878e-01   0.0000000e+00
   2.9300000e+00   4.5749003e-01   0.0000000e+00
   2.9500000e+00   4.5633680e-01   0.0000000e+00
   2.9700000e+00   4.5509909e-01   0.0000000e+00
   2.9900000e+00   4.5360054e-01   0.0000000e+00
   3.0100000e+00   4.5258407e-01   0.0000000e+00
   3.0300000e+00   4.5204969e-01   0.0000000e+00
   3.0500000e+00   4.5104531e-01   0.0000000e+00
   3.0700000e+00   4.5000875e-01   0.0000000e+00
   3.0900000e+00   4.4894000e-01   0.0000000e+00
   3.1100000e+00   4.4787124e-01   0.0000000e+00
   3.1300000e+00   4.4680249e-01   0.0000000e+00
   3.1500000e+00   4.4573373e-01   0.0000000e+00
   3.1700000e+00   4.4466832e-01   0.0000000e+00
   3.1900000e+00   4.4386842e-01   0.0000000e+00
   3.2100000e+00   4.4333405e-01   0.0000000e+00
   3.2300000e+00   4.4237862e-01   0.0000000e+00
   3.2500000e+00   4.4136652e-01   0.0000000e+00
   3.2700000e+00   4.4029777e-01   0.0000000e+00
   3.2900000e+00   4.3960447e-01   0.0000000e+00
   3.3100000e+00   4.3918675e-01   0.0000000e+00
   3.3300000e+00   4.3904463e-01   0.0000000e+00
   3.3500000e+00   4.3797588e-01   0.0000000e+00
   3.3700000e+00   4.3715151e-01   0.0000000e+00
   3.3900000e+00   4.3657153e-01   0.0000000e+00
   3.4100000e+00   4.3603715e-01   0.0000000e+00
   3.4300000e+00   4.3537505e-01   0.0000000e+00
   3.4500000e+00   4.3458523e-01   0.0000000e+00
   3.4700000e+00   4.3379404e-01   0.0000000e+00
   3.4900000e+00   4.3337632e-01   0.0000000e+00
   3.5100000e+00   4.3333210e-01   0.0000000e+00
   3.5300000e+00   4.3226334e-01   0.0000000e+00
   3.5500000e+00   4.3119459e-01   0.0000000e+00
   3.5700000e+00   4.3012584e-01   0.0000000e+00
   3.5900000e+00   4.2970340e-01   0.0000000e+00
   3.6100000e+00   4.2938894e-01   0.0000000e+00
   3.6300000e+00   4.2918244e-01   0.0000000e+00
   3.6500000e+00   4.2900739e-01   0.0000000e+00
   3.6700000e+00   4.2972143e-01   0.0000000e+00
   3.6900000e+00   4.3132457e-01   0.0000000e+00
   3.7100000e+00   4.3191261e-01   0.0000000e+00
   2.1600000e+00   7.4766050e-01   1.0000000e+00
   2.1800000e+00   7.4659174e-01   1.0000000e+00
   2.2000000e+00   7.4552299e-01   1.0000000e+00
   2.2200000e+00   7.4445424e-01   1.0000000e+00
   2.2400000e+00   7.4083233e-01   1.0000000e+00
   2.2600000e+00   7.3711282e-01   1.0000000e+00
   2.2800000e+00   7.3329571e-01   1.0000000e+00
   2.3000000e+00   7.3088664e-01   1.0000000e+00
   2.3200000e+00   7.2887317e-01   1.0000000e+00
   2.3400000e+00   7.2725530e-01   1.0000000e+00
   2.3600000e+00   7.2511779e-01   1.0000000e+00
   2.3800000e+00   7.2298028e-01   1.0000000e+00
   2.4000000e+00   7.2084277e-01   1.0000000e+00
   2.4200000e+00   7.1870526e-01   1.0000000e+00
   2.4400000e+00   7.1656776e-01   1.0000000e+00
   2.4600000e+00   7.1443025e-01   1.0000000e+00
   2.4800000e+00   7.1229274e-01   1.0000000e+00
   2.5000000e+00   7.1015523e-01   1.0000000e+00
   2.5200000e+00   7.0801772e-01   1.0000000e+00
   2.5400000e+00   7.0538004e-01   1.0000000e+00
   2.5600000e+00   7.0291701e-01   1.0000000e+00
   2.5800000e+00   7.0062864e-01   1.0000000e+00
   2.6000000e+00   6.9902482e-01   1.0000000e+00
   2.6200000e+00   6.9761344e-01   1.0000000e+00
   2.6400000e+00   6.9639450e-01   1.0000000e+00
   2.6600000e+00   6.9482489e-01   1.0000000e+00
   2.6800000e+00   6.9350570e-01   1.0000000e+00
   2.7000000e+00   6.9243695e-01   1.0000000e+00
   2.7200000e+00   6.9136820e-01   1.0000000e+00
   2.7400000e+00   6.9029944e-01   1.0000000e+00
   2.7600000e+00   6.8923069e-01   1.0000000e+00
   2.7800000e+00   6.8816193e-01   1.0000000e+00
   2.8000000e+00   6.8709318e-01   1.0000000e+00
   2.8200000e+00   6.8602442e-01   1.0000000e+00
   2.8400000e+00   6.8495567e-01   1.0000000e+00
   2.8600000e+00   6.8388692e-01   1.0000000e+00
   2.8800000e+00   6.8281816e-01   1.0000000e+00
   2.9000000e+00   6.8134713e-01   1.0000000e+00
   2.9200000e+00   6.7981004e-01   1.0000000e+00
   2.9400000e+00   6.7820691e-01   1.0000000e+00
   2.9600000e+00   6.7643483e-01   1.0000000e+00
   2.9800000e+00   6.7450618e-01   1.0000000e+00
   3.0000000e+00   6.7242096e-01   1.0000000e+00
   3.0200000e+00   6.7081783e-01   1.0000000e+00
   3.0400000e+00   6.6897970e-01   1.0000000e+00
   3.0600000e+00   6.6690657e-01   1.0000000e+00
   3.0800000e+00   6.6512239e-01   1.0000000e+00
   3.1000000e+00   6.6354707e-01   1.0000000e+00
   3.1200000e+00   6.6218061e-01   1.0000000e+00
   3.1400000e+00   6.6111186e-01   1.0000000e+00
   3.1600000e+00   6.6004144e-01   1.0000000e+00
   3.1800000e+00   6.5896934e-01   1.0000000e+00
   3.2000000e+00   6.5736621e-01   1.0000000e+00
   3.2200000e+00   6.5597360e-01   1.0000000e+00
   3.2400000e+00   6.5479153e-01   1.0000000e+00
   3.2600000e+00   6.5341838e-01   1.0000000e+00
   3.2800000e+00   6.5193025e-01   1.0000000e+00
   3.3000000e+00   6.5032712e-01   1.0000000e+00
   3.3200000e+00   6.4865293e-01   1.0000000e+00
   3.3400000e+00   6.4674708e-01   1.0000000e+00
   3.3600000e+00   6.4460957e-01   1.0000000e+00
   3.3800000e+00   6.4198329e-01   1.0000000e+00
   3.4000000e+00   6.3933420e-01   1.0000000e+00
   3.4200000e+00   6.3666232e-01   1.0000000e+00
   3.4400000e+00   6.3526765e-01   1.0000000e+00
