   6.0000000e-01   9.5352117e-01   0.0000000e+00
   6.2000000e-01   9.3313239e-01   0.0000000e+00
   6.4000000e-01   9.1198326e-01   0.0000000e+00
   6.6000000e-01   8.9007380e-01   0.0000000e+00
   6.8000000e-01   8.6816435e-01   0.0000000e+00
   7.0000000e-01   8.4693777e-01   0.0000000e+00
   7.2000000e-01   8.2639409e-01   0.0000000e+00
   7.4000000e-01   8.0507198e-01   0.0000000e+00
   7.6000000e-01   7.8545355e-01   0.0000000e+00
   7.8000000e-01   7.6753880e-01   0.0000000e+00
   8.0000000e-01   7.5514286e-01   0.0000000e+00
   8.2000000e-01   7.4253237e-01   0.0000000e+00
   8.4000000e-01   7.2970732e-01   0.0000000e+00
   8.6000000e-01   7.2054310e-01   0.0000000e+00
   8.8000000e-01   7.1162194e-01   0.0000000e+00
   9.0000000e-01   7.0294384e-01   0.0000000e+00
   9.2000000e-01   6.9613169e-01   0.0000000e+00
   9.4000000e-01   6.9022671e-01   0.0000000e+00
   9.6000000e-01   6.8522890e-01   0.0000000e+00
   9.8000000e-01   6.8095389e-01   0.0000000e+00
   1.0000000e+00   6.7667887e-01   0.0000000e+00
   1.0200000e+00   6.7240386e-01   0.0000000e+00
   1.0400000e+00   6.6955093e-01   0.0000000e+00
   1.0600000e+00   6.6643116e-01   0.0000000e+00
   1.0800000e+00   6.6304454e-01   0.0000000e+00
   1.1000000e+00   6.5954460e-01   0.0000000e+00
   1.1200000e+00   6.5612948e-01   0.0000000e+00
   1.1400000e+00   6.5279919e-01   0.0000000e+00
   1.1600000e+00   6.4906592e-01   0.0000000e+00
   1.1800000e+00   6.4559615e-01   0.0000000e+00
   1.2000000e+00   6.4238989e-01   0.0000000e+00
   1.2200000e+00   6.3918363e-01   0.0000000e+00
   1.2400000e+00   6.3582316e-01   0.0000000e+00
   1.2600000e+00   6.3230848e-01   0.0000000e+00
   1.2800000e+00   6.2837608e-01   0.0000000e+00
   1.3000000e+00   6.2434747e-01   0.0000000e+00
   1.3200000e+00   6.2022263e-01   0.0000000e+00
   1.3400000e+00   6.1701637e-01   0.0000000e+00
   1.3600000e+00   6.1356370e-01   0.0000000e+00
   1.3800000e+00   6.0986464e-01   0.0000000e+00
   1.4000000e+00   6.0612400e-01   0.0000000e+00
   1.4200000e+00   6.0251310e-01   0.0000000e+00
   1.4400000e+00   5.9903193e-01   0.0000000e+00
   1.4600000e+00   5.9554005e-01   0.0000000e+00
   1.4800000e+00   5.9168275e-01   0.0000000e+00
   1.5000000e+00   5.8746002e-01   0.0000000e+00
   1.5200000e+00   5.8425376e-01   0.0000000e+00
   1.5400000e+00   5.8104750e-01   0.0000000e+00
   1.5600000e+00   5.7784123e-01   0.0000000e+00
   1.5800000e+00   5.7496216e-01   0.0000000e+00
   1.6000000e+00   5.7208142e-01   0.0000000e+00
   1.6200000e+00   5.6919901e-01   0.0000000e+00
   1.6400000e+00   5.6599275e-01   0.0000000e+00
   1.6600000e+00   5.6278648e-01   0.0000000e+00
   1.6800000e+00   5.5958022e-01   0.0000000e+00
   1.7000000e+00   5.5637396e-01   0.0000000e+00
   1.7200000e+00   5.5336515e-01   0.0000000e+00
   1.7400000e+00   5.5055380e-01   0.0000000e+00
   1.7600000e+00   5.4760367e-01   0.0000000e+00
   1.7800000e+00   5.4468705e-01   0.0000000e+00
   1.8000000e+00   5.4180395e-01   0.0000000e+00
   1.8200000e+00   5.3957661e-01   0.0000000e+00
   1.8400000e+00   5.3685981e-01   0.0000000e+00
   1.8600000e+00   5.3365355e-01   0.0000000e+00
   1.8800000e+00   5.3137254e-01   0.0000000e+00
   1.9000000e+00   5.2899031e-01   0.0000000e+00
   1.9200000e+00   5.2650683e-01   0.0000000e+00
   1.9400000e+00   5.2406425e-01   0.0000000e+00
   1.9600000e+00   5.2183052e-01   0.0000000e+00
   1.9800000e+00   5.1980565e-01   0.0000000e+00
   2.0000000e+00   5.1820251e-01   0.0000000e+00
   2.0200000e+00   5.1633421e-01   0.0000000e+00
   2.0400000e+00   5.1420073e-01   0.0000000e+00
   2.0600000e+00   5.1247690e-01   0.0000000e+00
   2.0800000e+00   5.1066492e-01   0.0000000e+00
   2.1000000e+00   5.0876477e-01   0.0000000e+00
   2.1200000e+00   5.0680761e-01   0.0000000e+00
   2.1400000e+00   5.0505931e-01   0.0000000e+00
   2.1600000e+00   5.0351987e-01   0.0000000e+00
   2.1800000e+00   5.0245112e-01   0.0000000e+00
   2.2000000e+00   5.0114166e-01   0.0000000e+00
   2.2200000e+00   4.9959151e-01   0.0000000e+00
   2.2400000e+00   4.9835311e-01   0.0000000e+00
   2.2600000e+00   4.9719954e-01   0.0000000e+00
   2.2800000e+00   4.9613079e-01   0.0000000e+00
   2.3000000e+00   4.9506203e-01   0.0000000e+00
   2.3200000e+00   4.9399328e-01   0.0000000e+00
   2.3400000e+00   4.9292452e-01   0.0000000e+00
   2.3600000e+00   4.9185577e-01   0.0000000e+00
   2.3800000e+00   4.9078701e-01   0.0000000e+00
   2.4000000e+00   4.8971826e-01   0.0000000e+00
   2.4200000e+00   4.8864951e-01   0.0000000e+00
   2.4400000e+00   4.8748119e-01   0.0000000e+00
   2.4600000e+00   4.8621331e-01   0.0000000e+00
   2.4800000e+00   4.8477510e-01   0.0000000e+00
   2.5000000e+00   4.8378881e-01   0.0000000e+00
   2.5200000e+00   4.8325443e-01   0.0000000e+00
   2.5400000e+00   4.8221988e-01   0.0000000e+00
   2.5600000e+00   4.8135998e-01   0.0000000e+00
   2.5800000e+00   4.8067474e-01   0.0000000e+00
   2.6000000e+00   4.8014036e-01   0.0000000e+00
   2.6200000e+00   4.7960598e-01   0.0000000e+00
   2.6400000e+00   4.7907161e-01   0.0000000e+00
   2.6600000e+00   4.7847020e-01   0.0000000e+00
   2.6800000e+00   4.7736793e-01   0.0000000e+00
   2.7000000e+00   4.7576480e-01   0.0000000e+00
   2.7200000e+00   4.7461290e-01   0.0000000e+00
   2.7400000e+00   4.7350257e-01   0.0000000e+00
   2.7600000e+00   4.7243381e-01   0.0000000e+00
   2.7800000e+00   4.7092926e-01   0.0000000e+00
   2.8000000e+00   4.6920947e-01   0.0000000e+00
   2.8200000e+00   4.6727442e-01   0.0000000e+00
   2.8400000e+00   4.6620567e-01   0.0000000e+00
   2.8600000e+00   4.6487744e-01   0.0000000e+00
   2.8800000e+00   4.6328974e-01   0.0000000e+00
   2.9000000e+00   4.6168661e-01   0.0000000e+00
   2.9200000e+00   4.6022629e-01   0.0000000e+00
   2.9400000e+00   4.5890878e-01   0.0000000e+00
   2.9600000e+00   4.5784002e-01   0.0000000e+00
   2.9800000e+00   4.5677127e-01   0.0000000e+00
   3.0000000e+00   4.5570251e-01   0.0000000e+00
   3.0200000e+00   4.5463376e-01   0.0000000e+00
   3.0400000e+00   4.5356500e-01   0.0000000e+00
   3.0600000e+00   4.5249625e-01   0.0000000e+00
   3.0800000e+00   4.5072083e-01   0.0000000e+00
   3.1000000e+00   4.4911937e-01   0.0000000e+00
   3.1200000e+00   4.4769187e-01   0.0000000e+00
   3.1400000e+00   4.4703749e-01   0.0000000e+00
   3.1600000e+00   4.4617759e-01   0.0000000e+00
   3.1800000e+00   4.4511218e-01   0.0000000e+00
   3.2000000e+00   4.4457780e-01   0.0000000e+00
   3.2200000e+00   4.4362237e-01   0.0000000e+00
   3.2400000e+00   4.4224588e-01   0.0000000e+00
   3.2600000e+00   4.4125153e-01   0.0000000e+00
   3.2800000e+00   4.4048717e-01   0.0000000e+00
   3.3000000e+00   4.3995279e-01   0.0000000e+00
   3.3200000e+00   4.3941841e-01   0.0000000e+00
   3.3400000e+00   4.3888403e-01   0.0000000e+00
   3.3600000e+00   4.3834966e-01   0.0000000e+00
   3.3800000e+00   4.3830405e-01   0.0000000e+00
   3.4000000e+00   4.3828125e-01   0.0000000e+00
   3.4200000e+00   4.3828125e-01   0.0000000e+00
   3.4400000e+00   4.3955846e-01   0.0000000e+00
   2.1600000e+00   7.4689624e-01   1.0000000e+00
   2.1800000e+00   7.4155247e-01   1.0000000e+00
   2.2000000e+00   7.3837500e-01   1.0000000e+00
   2.2200000e+00   7.3736384e-01   1.0000000e+00
   2.2400000e+00   7.3974353e-01   1.0000000e+00
   2.2600000e+00   7.3798452e-01   1.0000000e+00
   2.2800000e+00   7.3208680e-01   1.0000000e+00
   2.3000000e+00   7.3035227e-01   1.0000000e+00
   2.3200000e+00   7.2840887e-01   1.0000000e+00
   2.3400000e+00   7.2625662e-01   1.0000000e+00
   2.3600000e+00   7.2358473e-01   1.0000000e+00
   2.3800000e+00   7.2091285e-01   1.0000000e+00
   2.4000000e+00   7.1824096e-01   1.0000000e+00
   2.4200000e+00   7.1556908e-01   1.0000000e+00
   2.4400000e+00   7.1289719e-01   1.0000000e+00
   2.4600000e+00   7.1022531e-01   1.0000000e+00
   2.4800000e+00   7.0771835e-01   1.0000000e+00
   2.5000000e+00   7.0566330e-01   1.0000000e+00
   2.5200000e+00   7.0406017e-01   1.0000000e+00
   2.5400000e+00   7.0195686e-01   1.0000000e+00
   2.5600000e+00   7.0021996e-01   1.0000000e+00
   2.5800000e+00   6.9884947e-01   1.0000000e+00
   2.6000000e+00   6.9751388e-01   1.0000000e+00
   2.6200000e+00   6.9619469e-01   1.0000000e+00
   2.6400000e+00   6.9489192e-01   1.0000000e+00
   2.6600000e+00   6.9425700e-01   1.0000000e+00
   2.6800000e+00   6.9287078e-01   1.0000000e+00
   2.7000000e+00   6.9073327e-01   1.0000000e+00
   2.7200000e+00   6.8904699e-01   1.0000000e+00
   2.7400000e+00   6.8723501e-01   1.0000000e+00
   2.7600000e+00   6.8529731e-01   1.0000000e+00
   2.7800000e+00   6.8315980e-01   1.0000000e+00
   2.8000000e+00   6.8102230e-01   1.0000000e+00
   2.8200000e+00   6.7888479e-01   1.0000000e+00
   2.8400000e+00   6.7674728e-01   1.0000000e+00
   2.8600000e+00   6.7512872e-01   1.0000000e+00
   2.8800000e+00   6.7402910e-01   1.0000000e+00
   2.9000000e+00   6.7255807e-01   1.0000000e+00
   2.9200000e+00   6.7116379e-01   1.0000000e+00
   2.9400000e+00   6.6984628e-01   1.0000000e+00
   2.9600000e+00   6.6877752e-01   1.0000000e+00
   2.9800000e+00   6.6768262e-01   1.0000000e+00
   3.0000000e+00   6.6656158e-01   1.0000000e+00
   3.0200000e+00   6.6495845e-01   1.0000000e+00
   3.0400000e+00   6.6335532e-01   1.0000000e+00
   3.0600000e+00   6.6175219e-01   1.0000000e+00
   3.0800000e+00   6.5944239e-01   1.0000000e+00
   3.1000000e+00   6.5695155e-01   1.0000000e+00
   3.1200000e+00   6.5427966e-01   1.0000000e+00
   3.1400000e+00   6.5172778e-01   1.0000000e+00
   3.1600000e+00   6.4937975e-01   1.0000000e+00
   3.1800000e+00   6.4723555e-01   1.0000000e+00
   3.2000000e+00   6.4402929e-01   1.0000000e+00
   3.2200000e+00   6.4124408e-01   1.0000000e+00
   3.2400000e+00   6.3887993e-01   1.0000000e+00
   3.2600000e+00   6.3674242e-01   1.0000000e+00
   3.2800000e+00   6.3460491e-01   1.0000000e+00
   3.3000000e+00   6.3246740e-01   1.0000000e+00
   3.3200000e+00   6.3040096e-01   1.0000000e+00
   3.3400000e+00   6.2856617e-01   1.0000000e+00
   3.3600000e+00   6.2696303e-01   1.0000000e+00
   3.3800000e+00   6.2535990e-01   1.0000000e+00
   3.4000000e+00   6.2375677e-01   1.0000000e+00
   3.4200000e+00   6.2215364e-01   1.0000000e+00
   3.4400000e+00   6.2080595e-01   1.0000000e+00
   3.4600000e+00   6.1959773e-01   1.0000000e+00
   3.4800000e+00   6.1852898e-01   1.0000000e+00
   3.5000000e+00   6.1743811e-01   1.0000000e+00
   3.5200000e+00   6.1609111e-01   1.0000000e+00
   3.5400000e+00   6.1448798e-01   1.0000000e+00
   3.5600000e+00   6.1376450e-01   1.0000000e+00
   3.5800000e+00   6.1297399e-01   1.0000000e+00
   3.6000000e+00   6.1211645e-01   1.0000000e+00
   3.6200000e+00   6.1084120e-01   1.0000000e+00
   3.6400000e+00   6.0931218e-01   1.0000000e+00
   3.6600000e+00   6.0752939e-01   1.0000000e+00
   3.6800000e+00   6.0485750e-01   1.0000000e+00
   3.7000000e+00   6.0218561e-01   1.0000000e+00
   3.7200000e+00   5.9951373e-01   1.0000000e+00
   3.7400000e+00   5.9762360e-01   1.0000000e+00
