   6.1000000e-01   9.5940733e-01   0.0000000e+00
   6.3000000e-01   9.4678682e-01   0.0000000e+00
   6.5000000e-01   9.2752045e-01   0.0000000e+00
   6.7000000e-01   9.0452784e-01   0.0000000e+00
   6.9000000e-01   8.7780898e-01   0.0000000e+00
   7.1000000e-01   8.5609796e-01   0.0000000e+00
   7.3000000e-01   8.3566858e-01   0.0000000e+00
   7.5000000e-01   8.1652084e-01   0.0000000e+00
   7.7000000e-01   8.0012744e-01   0.0000000e+00
   7.9000000e-01   7.8482595e-01   0.0000000e+00
   8.1000000e-01   7.7061636e-01   0.0000000e+00
   8.3000000e-01   7.5511942e-01   0.0000000e+00
   8.5000000e-01   7.4040695e-01   0.0000000e+00
   8.7000000e-01   7.2647894e-01   0.0000000e+00
   8.9000000e-01   7.1380407e-01   0.0000000e+00
   9.1000000e-01   7.0233507e-01   0.0000000e+00
   9.3000000e-01   6.9207192e-01   0.0000000e+00
   9.5000000e-01   6.8369487e-01   0.0000000e+00
   9.7000000e-01   6.7552668e-01   0.0000000e+00
   9.9000000e-01   6.6756734e-01   0.0000000e+00
   1.0100000e+00   6.6008606e-01   0.0000000e+00
   1.0300000e+00   6.5307881e-01   0.0000000e+00
   1.0500000e+00   6.4654559e-01   0.0000000e+00
   1.0700000e+00   6.4084780e-01   0.0000000e+00
   1.0900000e+00   6.3556771e-01   0.0000000e+00
   1.1100000e+00   6.3070535e-01   0.0000000e+00
   1.1300000e+00   6.2630629e-01   0.0000000e+00
   1.1500000e+00   6.2170207e-01   0.0000000e+00
   1.1700000e+00   6.1689268e-01   0.0000000e+00
   1.1900000e+00   6.1208328e-01   0.0000000e+00
   1.2100000e+00   6.0748643e-01   0.0000000e+00
   1.2300000e+00   6.0310212e-01   0.0000000e+00
   1.2500000e+00   5.9882711e-01   0.0000000e+00
   1.2700000e+00   5.9445621e-01   0.0000000e+00
   1.2900000e+00   5.8998944e-01   0.0000000e+00
   1.3100000e+00   5.8525514e-01   0.0000000e+00
   1.3300000e+00   5.8075048e-01   0.0000000e+00
   1.3500000e+00   5.7647546e-01   0.0000000e+00
   1.3700000e+00   5.7318605e-01   0.0000000e+00
   1.3900000e+00   5.6937401e-01   0.0000000e+00
   1.4100000e+00   5.6503933e-01   0.0000000e+00
   1.4300000e+00   5.6048941e-01   0.0000000e+00
   1.4500000e+00   5.5607694e-01   0.0000000e+00
   1.4700000e+00   5.5180193e-01   0.0000000e+00
   1.4900000e+00   5.4757920e-01   0.0000000e+00
   1.5100000e+00   5.4386470e-01   0.0000000e+00
   1.5300000e+00   5.4065844e-01   0.0000000e+00
   1.5500000e+00   5.3700832e-01   0.0000000e+00
   1.5700000e+00   5.3331294e-01   0.0000000e+00
   1.5900000e+00   5.2957230e-01   0.0000000e+00
   1.6100000e+00   5.2625272e-01   0.0000000e+00
   1.6300000e+00   5.2321005e-01   0.0000000e+00
   1.6500000e+00   5.2044430e-01   0.0000000e+00
   1.6700000e+00   5.1723804e-01   0.0000000e+00
   1.6900000e+00   5.1428757e-01   0.0000000e+00
   1.7100000e+00   5.1159288e-01   0.0000000e+00
   1.7300000e+00   5.0971081e-01   0.0000000e+00
   1.7500000e+00   5.0782909e-01   0.0000000e+00
   1.7700000e+00   5.0594772e-01   0.0000000e+00
   1.7900000e+00   5.0397179e-01   0.0000000e+00
   1.8100000e+00   5.0220472e-01   0.0000000e+00
   1.8300000e+00   5.0064650e-01   0.0000000e+00
   1.8500000e+00   4.9957775e-01   0.0000000e+00
   1.8700000e+00   4.9827768e-01   0.0000000e+00
   1.8900000e+00   4.9674630e-01   0.0000000e+00
   1.9100000e+00   4.9618106e-01   0.0000000e+00
   1.9300000e+00   4.9566914e-01   0.0000000e+00
   1.9500000e+00   4.9521054e-01   0.0000000e+00
   1.9700000e+00   4.9414179e-01   0.0000000e+00
   1.9900000e+00   4.9307303e-01   0.0000000e+00
   2.0100000e+00   4.9200428e-01   0.0000000e+00
   2.0300000e+00   4.9093552e-01   0.0000000e+00
   2.0500000e+00   4.8986677e-01   0.0000000e+00
   2.0700000e+00   4.8879802e-01   0.0000000e+00
   2.0900000e+00   4.8832330e-01   0.0000000e+00
   2.1100000e+00   4.8790558e-01   0.0000000e+00
   2.1300000e+00   4.8754488e-01   0.0000000e+00
   2.1500000e+00   4.8653981e-01   0.0000000e+00
   2.1700000e+00   4.8577009e-01   0.0000000e+00
   2.1900000e+00   4.8523571e-01   0.0000000e+00
   2.2100000e+00   4.8470134e-01   0.0000000e+00
   2.2300000e+00   4.8416696e-01   0.0000000e+00
   2.2500000e+00   4.8363258e-01   0.0000000e+00
   2.2700000e+00   4.8309821e-01   0.0000000e+00
   2.2900000e+00   4.8262953e-01   0.0000000e+00
   2.3100000e+00   4.8222656e-01   0.0000000e+00
   2.3300000e+00   4.8221182e-01   0.0000000e+00
   2.3500000e+00   4.8193726e-01   0.0000000e+00
   2.3700000e+00   4.8140288e-01   0.0000000e+00
   2.3900000e+00   4.8130096e-01   0.0000000e+00
   2.4100000e+00   4.8109210e-01   0.0000000e+00
   2.4300000e+00   4.8077632e-01   0.0000000e+00
   2.4500000e+00   4.8044106e-01   0.0000000e+00
   2.4700000e+00   4.8023221e-01   0.0000000e+00
   2.4900000e+00   4.8014975e-01   0.0000000e+00
   2.5100000e+00   4.7961537e-01   0.0000000e+00
   2.5300000e+00   4.7908099e-01   0.0000000e+00
   2.5500000e+00   4.7854661e-01   0.0000000e+00
   2.5700000e+00   4.7762873e-01   0.0000000e+00
   2.5900000e+00   4.7690225e-01   0.0000000e+00
   2.6100000e+00   4.7636719e-01   0.0000000e+00
   2.6300000e+00   4.7606683e-01   0.0000000e+00
   2.6500000e+00   4.7538227e-01   0.0000000e+00
   2.6700000e+00   4.7431352e-01   0.0000000e+00
   2.6900000e+00   4.7324476e-01   0.0000000e+00
   2.7100000e+00   4.7240162e-01   0.0000000e+00
   2.7300000e+00   4.7178410e-01   0.0000000e+00
   2.7500000e+00   4.7124972e-01   0.0000000e+00
   2.7700000e+00   4.7049744e-01   0.0000000e+00
   2.7900000e+00   4.6952727e-01   0.0000000e+00
   2.8100000e+00   4.6812661e-01   0.0000000e+00
   2.8300000e+00   4.6715909e-01   0.0000000e+00
   2.8500000e+00   4.6662471e-01   0.0000000e+00
   2.8700000e+00   4.6557139e-01   0.0000000e+00
   2.8900000e+00   4.6471149e-01   0.0000000e+00
   2.9100000e+00   4.6404502e-01   0.0000000e+00
   2.9300000e+00   4.6293941e-01   0.0000000e+00
   2.9500000e+00   4.6175399e-01   0.0000000e+00
   2.9700000e+00   4.6048876e-01   0.0000000e+00
   2.9900000e+00   4.5990210e-01   0.0000000e+00
   3.0100000e+00   4.5907439e-01   0.0000000e+00
   3.0300000e+00   4.5800563e-01   0.0000000e+00
   3.0500000e+00   4.5693688e-01   0.0000000e+00
   3.0700000e+00   4.5604479e-01   0.0000000e+00
   3.0900000e+00   4.5532937e-01   0.0000000e+00
   3.1100000e+00   4.5455833e-01   0.0000000e+00
   3.1300000e+00   4.5363842e-01   0.0000000e+00
   3.1500000e+00   4.5256967e-01   0.0000000e+00
   3.1700000e+00   4.5150092e-01   0.0000000e+00
   3.1900000e+00   4.5043216e-01   0.0000000e+00
   3.2100000e+00   4.4936341e-01   0.0000000e+00
   3.2300000e+00   4.4829465e-01   0.0000000e+00
   3.2500000e+00   4.4753029e-01   0.0000000e+00
   3.2700000e+00   4.4707031e-01   0.0000000e+00
   3.2900000e+00   4.4669486e-01   0.0000000e+00
   3.3100000e+00   4.4600829e-01   0.0000000e+00
   3.3300000e+00   4.4501060e-01   0.0000000e+00
   3.3500000e+00   4.4447622e-01   0.0000000e+00
   3.3700000e+00   4.4394184e-01   0.0000000e+00
   3.3900000e+00   4.4340747e-01   0.0000000e+00
   3.4100000e+00   4.4250098e-01   0.0000000e+00
   3.4300000e+00   4.4164108e-01   0.0000000e+00
   3.4500000e+00   4.4082777e-01   0.0000000e+00
   3.4700000e+00   4.4029340e-01   0.0000000e+00
   3.4900000e+00   4.3974796e-01   0.0000000e+00
   3.5100000e+00   4.3919147e-01   0.0000000e+00
   3.5300000e+00   4.3812272e-01   0.0000000e+00
   3.5500000e+00   4.3727388e-01   0.0000000e+00
   3.5700000e+00   4.3664495e-01   0.0000000e+00
   3.5900000e+00   4.3611057e-01   0.0000000e+00
   3.6100000e+00   4.3557619e-01   0.0000000e+00
   3.6300000e+00   4.3504182e-01   0.0000000e+00
   3.6500000e+00   4.3450744e-01   0.0000000e+00
   3.6700000e+00   4.3397306e-01   0.0000000e+00
   3.6900000e+00   4.3343869e-01   0.0000000e+00
   3.7100000e+00   4.3341185e-01   0.0000000e+00
   3.7300000e+00   4.3320300e-01   0.0000000e+00
   3.7500000e+00   4.3281212e-01   0.0000000e+00
   2.1600000e+00   7.4923149e-01   1.0000000e+00
   2.1800000e+00   7.4602523e-01   1.0000000e+00
   2.2000000e+00   7.4257827e-01   1.0000000e+00
   2.2200000e+00   7.3889060e-01   1.0000000e+00
   2.2400000e+00   7.3624417e-01   1.0000000e+00
   2.2600000e+00   7.3385220e-01   1.0000000e+00
   2.2800000e+00   7.3171469e-01   1.0000000e+00
   2.3000000e+00   7.2944578e-01   1.0000000e+00
   2.3200000e+00   7.2697538e-01   1.0000000e+00
   2.3400000e+00   7.2430350e-01   1.0000000e+00
   2.3600000e+00   7.2163161e-01   1.0000000e+00
   2.3800000e+00   7.1895972e-01   1.0000000e+00
   2.4000000e+00   7.1628784e-01   1.0000000e+00
   2.4200000e+00   7.1330016e-01   1.0000000e+00
   2.4400000e+00   7.1030276e-01   1.0000000e+00
   2.4600000e+00   7.0729562e-01   1.0000000e+00
   2.4800000e+00   7.0454127e-01   1.0000000e+00
   2.5000000e+00   7.0156097e-01   1.0000000e+00
   2.5200000e+00   6.9835471e-01   1.0000000e+00
   2.5400000e+00   6.9614879e-01   1.0000000e+00
   2.5600000e+00   6.9397708e-01   1.0000000e+00
   2.5800000e+00   6.9183957e-01   1.0000000e+00
   2.6000000e+00   6.8916838e-01   1.0000000e+00
   2.6200000e+00   6.8637983e-01   1.0000000e+00
   2.6400000e+00   6.8347392e-01   1.0000000e+00
   2.6600000e+00   6.8130290e-01   1.0000000e+00
   2.6800000e+00   6.7888145e-01   1.0000000e+00
   2.7000000e+00   6.7620956e-01   1.0000000e+00
   2.7200000e+00   6.7398890e-01   1.0000000e+00
   2.7400000e+00   6.7164254e-01   1.0000000e+00
   2.7600000e+00   6.6917047e-01   1.0000000e+00
   2.7800000e+00   6.6671648e-01   1.0000000e+00
   2.8000000e+00   6.6442073e-01   1.0000000e+00
   2.8200000e+00   6.6228323e-01   1.0000000e+00
   2.8400000e+00   6.6014572e-01   1.0000000e+00
   2.8600000e+00   6.5852715e-01   1.0000000e+00
   2.8800000e+00   6.5742754e-01   1.0000000e+00
   2.9000000e+00   6.5595650e-01   1.0000000e+00
