   6.0000000e-01   9.9460815e-01   0.0000000e+00
   6.2000000e-01   9.8376640e-01   0.0000000e+00
   6.4000000e-01   9.7245298e-01   0.0000000e+00
   6.6000000e-01   9.6066789e-01   0.0000000e+00
   6.8000000e-01   9.4143032e-01   0.0000000e+00
   7.0000000e-01   9.2105460e-01   0.0000000e+00
   7.2000000e-01   8.9954074e-01   0.0000000e+00
   7.4000000e-01   8.7932425e-01   0.0000000e+00
   7.6000000e-01   8.6070685e-01   0.0000000e+00
   7.8000000e-01   8.4368856e-01   0.0000000e+00
   8.0000000e-01   8.2958423e-01   0.0000000e+00
   8.2000000e-01   8.1505078e-01   0.0000000e+00
   8.4000000e-01   8.0008823e-01   0.0000000e+00
   8.6000000e-01   7.8564865e-01   0.0000000e+00
   8.8000000e-01   7.7202739e-01   0.0000000e+00
   9.0000000e-01   7.5922445e-01   0.0000000e+00
   9.2000000e-01   7.4809237e-01   0.0000000e+00
   9.4000000e-01   7.3753623e-01   0.0000000e+00
   9.6000000e-01   7.2755605e-01   0.0000000e+00
   9.8000000e-01   7.1810622e-01   0.0000000e+00
   1.0000000e+00   7.0937347e-01   0.0000000e+00
   1.0200000e+00   7.0135782e-01   0.0000000e+00
   1.0400000e+00   6.9429022e-01   0.0000000e+00
   1.0600000e+00   6.8746165e-01   0.0000000e+00
   1.0800000e+00   6.8087212e-01   0.0000000e+00
   1.1000000e+00   6.7445959e-01   0.0000000e+00
   1.1200000e+00   6.6817110e-01   0.0000000e+00
   1.1400000e+00   6.6200665e-01   0.0000000e+00
   1.1600000e+00   6.5666288e-01   0.0000000e+00
   1.1800000e+00   6.5131911e-01   0.0000000e+00
   1.2000000e+00   6.4597534e-01   0.0000000e+00
   1.2200000e+00   6.4105665e-01   0.0000000e+00
   1.2400000e+00   6.3603840e-01   0.0000000e+00
   1.2600000e+00   6.3092059e-01   0.0000000e+00
   1.2800000e+00   6.2576857e-01   0.0000000e+00
   1.3000000e+00   6.2075033e-01   0.0000000e+00
   1.3200000e+00   6.1586584e-01   0.0000000e+00
   1.3400000e+00   6.1052207e-01   0.0000000e+00
   1.3600000e+00   6.0542470e-01   0.0000000e+00
   1.3800000e+00   6.0057373e-01   0.0000000e+00
   1.4000000e+00   5.9614048e-01   0.0000000e+00
   1.4200000e+00   5.9152687e-01   0.0000000e+00
   1.4400000e+00   5.8673291e-01   0.0000000e+00
   1.4600000e+00   5.8153194e-01   0.0000000e+00
   1.4800000e+00   5.7653984e-01   0.0000000e+00
   1.5000000e+00   5.7175659e-01   0.0000000e+00
   1.5200000e+00   5.6748157e-01   0.0000000e+00
   1.5400000e+00   5.6320656e-01   0.0000000e+00
   1.5600000e+00   5.5893154e-01   0.0000000e+00
   1.5800000e+00   5.5432933e-01   0.0000000e+00
   1.6000000e+00   5.4993932e-01   0.0000000e+00
   1.6200000e+00   5.4576151e-01   0.0000000e+00
   1.6400000e+00   5.4246138e-01   0.0000000e+00
   1.6600000e+00   5.3894100e-01   0.0000000e+00
   1.6800000e+00   5.3520036e-01   0.0000000e+00
   1.7000000e+00   5.3299445e-01   0.0000000e+00
   1.7200000e+00   5.3042783e-01   0.0000000e+00
   1.7400000e+00   5.2750050e-01   0.0000000e+00
   1.7600000e+00   5.2485073e-01   0.0000000e+00
   1.7800000e+00   5.2245709e-01   0.0000000e+00
   1.8000000e+00   5.2031958e-01   0.0000000e+00
   1.8200000e+00   5.1818207e-01   0.0000000e+00
   1.8400000e+00   5.1604456e-01   0.0000000e+00
   1.8600000e+00   5.1390705e-01   0.0000000e+00
   1.8800000e+00   5.1223217e-01   0.0000000e+00
   1.9000000e+00   5.1024721e-01   0.0000000e+00
   1.9200000e+00   5.0795215e-01   0.0000000e+00
   1.9400000e+00   5.0550956e-01   0.0000000e+00
   1.9600000e+00   5.0316320e-01   0.0000000e+00
   1.9800000e+00   5.0091305e-01   0.0000000e+00
   2.0000000e+00   4.9824117e-01   0.0000000e+00
   2.0200000e+00   4.9609963e-01   0.0000000e+00
   2.0400000e+00   4.9448844e-01   0.0000000e+00
   2.0600000e+00   4.9329899e-01   0.0000000e+00
   2.0800000e+00   4.9231840e-01   0.0000000e+00
   2.1000000e+00   4.9154666e-01   0.0000000e+00
   2.1200000e+00   4.9101228e-01   0.0000000e+00
   2.1400000e+00   4.9047791e-01   0.0000000e+00
   2.1600000e+00   4.8994353e-01   0.0000000e+00
   2.1800000e+00   4.8940915e-01   0.0000000e+00
   2.2000000e+00   4.8935618e-01   0.0000000e+00
   2.2200000e+00   4.8978460e-01   0.0000000e+00
   2.2400000e+00   4.9068371e-01   0.0000000e+00
   2.2600000e+00   4.9154361e-01   0.0000000e+00
   2.2800000e+00   4.9236430e-01   0.0000000e+00
   2.3000000e+00   4.9289867e-01   0.0000000e+00
   2.3200000e+00   4.9342568e-01   0.0000000e+00
   2.3400000e+00   4.9394531e-01   0.0000000e+00
   2.3600000e+00   4.9394531e-01   0.0000000e+00
   2.3800000e+00   4.9394531e-01   0.0000000e+00
   2.4000000e+00   4.9394531e-01   0.0000000e+00
   2.4200000e+00   4.9394531e-01   0.0000000e+00
   2.4400000e+00   4.9384575e-01   0.0000000e+00
   2.4600000e+00   4.9364662e-01   0.0000000e+00
   2.4800000e+00   4.9311225e-01   0.0000000e+00
   2.5000000e+00   4.9257787e-01   0.0000000e+00
   2.5200000e+00   4.9204349e-01   0.0000000e+00
   2.5400000e+00   4.9150912e-01   0.0000000e+00
   2.5600000e+00   4.9097474e-01   0.0000000e+00
   2.5800000e+00   4.9044036e-01   0.0000000e+00
   2.6000000e+00   4.8990598e-01   0.0000000e+00
   2.6200000e+00   4.8929652e-01   0.0000000e+00
   2.6400000e+00   4.8861196e-01   0.0000000e+00
   2.6600000e+00   4.8761024e-01   0.0000000e+00
   2.6800000e+00   4.8710938e-01   0.0000000e+00
   2.7000000e+00   4.8710938e-01   0.0000000e+00
   2.7200000e+00   4.8710938e-01   0.0000000e+00
   2.7400000e+00   4.8677481e-01   0.0000000e+00
   2.7600000e+00   4.8610569e-01   0.0000000e+00
   2.7800000e+00   4.8525483e-01   0.0000000e+00
   2.8000000e+00   4.8451160e-01   0.0000000e+00
   2.8200000e+00   4.8387599e-01   0.0000000e+00
   2.8400000e+00   4.8280723e-01   0.0000000e+00
   2.8600000e+00   4.8199795e-01   0.0000000e+00
   2.8800000e+00   4.8144814e-01   0.0000000e+00
   2.9000000e+00   4.8051149e-01   0.0000000e+00
   2.9200000e+00   4.7965159e-01   0.0000000e+00
   2.9400000e+00   4.7886845e-01   0.0000000e+00
   2.9600000e+00   4.7833407e-01   0.0000000e+00
   2.9800000e+00   4.7779970e-01   0.0000000e+00
   3.0000000e+00   4.7726532e-01   0.0000000e+00
   3.0200000e+00   4.7673094e-01   0.0000000e+00
   3.0400000e+00   4.7619657e-01   0.0000000e+00
   3.0600000e+00   4.7566219e-01   0.0000000e+00
   3.0800000e+00   4.7477448e-01   0.0000000e+00
   3.1000000e+00   4.7379624e-01   0.0000000e+00
   3.1200000e+00   4.7272749e-01   0.0000000e+00
   3.1400000e+00   4.7165873e-01   0.0000000e+00
   3.1600000e+00   4.7058998e-01   0.0000000e+00
   3.1800000e+00   4.6952123e-01   0.0000000e+00
   3.2000000e+00   4.6845247e-01   0.0000000e+00
   3.2200000e+00   4.6759425e-01   0.0000000e+00
   3.2400000e+00   4.6694654e-01   0.0000000e+00
   3.2600000e+00   4.6610778e-01   0.0000000e+00
   3.2800000e+00   4.6534174e-01   0.0000000e+00
   3.3000000e+00   4.6464844e-01   0.0000000e+00
   3.3200000e+00   4.6450632e-01   0.0000000e+00
   3.3400000e+00   4.6390088e-01   0.0000000e+00
   3.3600000e+00   4.6283213e-01   0.0000000e+00
   3.3800000e+00   4.6274092e-01   0.0000000e+00
   3.4000000e+00   4.6232320e-01   0.0000000e+00
   3.4200000e+00   4.6157899e-01   0.0000000e+00
   3.4400000e+00   4.6051024e-01   0.0000000e+00
   3.4600000e+00   4.5937209e-01   0.0000000e+00
   3.4800000e+00   4.5816456e-01   0.0000000e+00
   3.5000000e+00   4.5658354e-01   0.0000000e+00
   3.5200000e+00   4.5525866e-01   0.0000000e+00
   3.5400000e+00   4.5418990e-01   0.0000000e+00
   3.5600000e+00   4.5356098e-01   0.0000000e+00
   3.5800000e+00   4.5297932e-01   0.0000000e+00
   3.6000000e+00   4.5244495e-01   0.0000000e+00
   3.6200000e+00   4.5170407e-01   0.0000000e+00
   2.1000000e+00   7.8708508e-01   1.0000000e+00
   2.1200000e+00   7.8476722e-01   1.0000000e+00
   2.1400000e+00   7.8233604e-01   1.0000000e+00
   2.1600000e+00   7.7979153e-01   1.0000000e+00
   2.1800000e+00   7.7818840e-01   1.0000000e+00
   2.2000000e+00   7.7634456e-01   1.0000000e+00
   2.2200000e+00   7.7426003e-01   1.0000000e+00
   2.2400000e+00   7.6993411e-01   1.0000000e+00
   2.2600000e+00   7.6534733e-01   1.0000000e+00
   2.2800000e+00   7.6049970e-01   1.0000000e+00
   2.3000000e+00   7.4997708e-01   1.0000000e+00
   2.3200000e+00   7.4312739e-01   1.0000000e+00
   2.3400000e+00   7.3995061e-01   1.0000000e+00
   2.3600000e+00   7.3781310e-01   1.0000000e+00
   2.3800000e+00   7.3567559e-01   1.0000000e+00
   2.4000000e+00   7.3353808e-01   1.0000000e+00
   2.4200000e+00   7.3108479e-01   1.0000000e+00
   2.4400000e+00   7.2872132e-01   1.0000000e+00
   2.4600000e+00   7.2644769e-01   1.0000000e+00
   2.4800000e+00   7.2484455e-01   1.0000000e+00
   2.5000000e+00   7.2324142e-01   1.0000000e+00
   2.5200000e+00   7.2163829e-01   1.0000000e+00
   2.5400000e+00   7.2003516e-01   1.0000000e+00
   2.5600000e+00   7.1862378e-01   1.0000000e+00
   2.5800000e+00   7.1740416e-01   1.0000000e+00
   2.6000000e+00   7.1553488e-01   1.0000000e+00
   2.6200000e+00   7.1326429e-01   1.0000000e+00
   2.6400000e+00   7.1059240e-01   1.0000000e+00
   2.6600000e+00   7.0792052e-01   1.0000000e+00
   2.6800000e+00   7.0524863e-01   1.0000000e+00
   2.7000000e+00   7.0257675e-01   1.0000000e+00
   2.7200000e+00   6.9900241e-01   1.0000000e+00
   2.7400000e+00   6.9584676e-01   1.0000000e+00
   2.7600000e+00   6.9310981e-01   1.0000000e+00
   2.7800000e+00   6.9119020e-01   1.0000000e+00
