   6.0000000e-01   9.9501446e-01   0.0000000e+00
   6.2000000e-01   9.8439867e-01   0.0000000e+00
   6.4000000e-01   9.7294981e-01   0.0000000e+00
   6.6000000e-01   9.6066789e-01   0.0000000e+00
   6.8000000e-01   9.4143032e-01   0.0000000e+00
   7.0000000e-01   9.2128223e-01   0.0000000e+00
   7.2000000e-01   9.0022363e-01   0.0000000e+00
   7.4000000e-01   8.7986432e-01   0.0000000e+00
   7.6000000e-01   8.6101930e-01   0.0000000e+00
   7.8000000e-01   8.4368856e-01   0.0000000e+00
   8.0000000e-01   8.2958423e-01   0.0000000e+00
   8.2000000e-01   8.1505078e-01   0.0000000e+00
   8.4000000e-01   8.0008823e-01   0.0000000e+00
   8.6000000e-01   7.8564865e-01   0.0000000e+00
   8.8000000e-01   7.7182423e-01   0.0000000e+00
   9.0000000e-01   7.5861499e-01   0.0000000e+00
   9.2000000e-01   7.4781746e-01   0.0000000e+00
   9.4000000e-01   7.3787650e-01   0.0000000e+00
   9.6000000e-01   7.2879209e-01   0.0000000e+00
   9.8000000e-01   7.1982031e-01   0.0000000e+00
   1.0000000e+00   7.1132660e-01   0.0000000e+00
   1.0200000e+00   7.0331094e-01   0.0000000e+00
   1.0400000e+00   6.9576931e-01   0.0000000e+00
   1.0600000e+00   6.8861523e-01   0.0000000e+00
   1.0800000e+00   6.8184868e-01   0.0000000e+00
   1.1000000e+00   6.7567685e-01   0.0000000e+00
   1.1200000e+00   6.6977590e-01   0.0000000e+00
   1.1400000e+00   6.6414583e-01   0.0000000e+00
   1.1600000e+00   6.5932906e-01   0.0000000e+00
   1.1800000e+00   6.5424880e-01   0.0000000e+00
   1.2000000e+00   6.4890503e-01   0.0000000e+00
   1.2200000e+00   6.4398634e-01   0.0000000e+00
   1.2400000e+00   6.3896809e-01   0.0000000e+00
   1.2600000e+00   6.3385028e-01   0.0000000e+00
   1.2800000e+00   6.2850651e-01   0.0000000e+00
   1.3000000e+00   6.2316274e-01   0.0000000e+00
   1.3200000e+00   6.1781897e-01   0.0000000e+00
   1.3400000e+00   6.1247520e-01   0.0000000e+00
   1.3600000e+00   6.0762423e-01   0.0000000e+00
   1.3800000e+00   6.0326606e-01   0.0000000e+00
   1.4000000e+00   5.9861491e-01   0.0000000e+00
   1.4200000e+00   5.9375490e-01   0.0000000e+00
   1.4400000e+00   5.8868603e-01   0.0000000e+00
   1.4600000e+00   5.8348507e-01   0.0000000e+00
   1.4800000e+00   5.7849296e-01   0.0000000e+00
   1.5000000e+00   5.7370971e-01   0.0000000e+00
   1.5200000e+00   5.6943470e-01   0.0000000e+00
   1.5400000e+00   5.6515968e-01   0.0000000e+00
   1.5600000e+00   5.6088467e-01   0.0000000e+00
   1.5800000e+00   5.5660965e-01   0.0000000e+00
   1.6000000e+00   5.5254516e-01   0.0000000e+00
   1.6200000e+00   5.4869120e-01   0.0000000e+00
   1.6400000e+00   5.4557880e-01   0.0000000e+00
   1.6600000e+00   5.4268665e-01   0.0000000e+00
   1.6800000e+00   5.4001477e-01   0.0000000e+00
   1.7000000e+00   5.3734288e-01   0.0000000e+00
   1.7200000e+00   5.3486845e-01   0.0000000e+00
   1.7400000e+00   5.3259148e-01   0.0000000e+00
   1.7600000e+00   5.3017572e-01   0.0000000e+00
   1.7800000e+00   5.2771270e-01   0.0000000e+00
   1.8000000e+00   5.2520239e-01   0.0000000e+00
   1.8200000e+00   5.2301997e-01   0.0000000e+00
   1.8400000e+00   5.2059281e-01   0.0000000e+00
   1.8600000e+00   5.1792093e-01   0.0000000e+00
   1.8800000e+00   5.1571167e-01   0.0000000e+00
   1.9000000e+00   5.1353829e-01   0.0000000e+00
   1.9200000e+00   5.1140078e-01   0.0000000e+00
   1.9400000e+00   5.0926327e-01   0.0000000e+00
   1.9600000e+00   5.0712576e-01   0.0000000e+00
   1.9800000e+00   5.0498825e-01   0.0000000e+00
   2.0000000e+00   5.0285075e-01   0.0000000e+00
   2.0200000e+00   5.0097841e-01   0.0000000e+00
   2.0400000e+00   4.9937125e-01   0.0000000e+00
   2.0600000e+00   4.9776812e-01   0.0000000e+00
   2.0800000e+00   4.9646201e-01   0.0000000e+00
   2.1000000e+00   4.9545291e-01   0.0000000e+00
   2.1200000e+00   4.9473818e-01   0.0000000e+00
   2.1400000e+00   4.9387828e-01   0.0000000e+00
   2.1600000e+00   4.9287322e-01   0.0000000e+00
   2.1800000e+00   4.9233884e-01   0.0000000e+00
   2.2000000e+00   4.9180446e-01   0.0000000e+00
   2.2200000e+00   4.9127009e-01   0.0000000e+00
   2.2400000e+00   4.9073571e-01   0.0000000e+00
   2.2600000e+00   4.9044940e-01   0.0000000e+00
   2.2800000e+00   4.9041117e-01   0.0000000e+00
   2.3000000e+00   4.9081414e-01   0.0000000e+00
   2.3200000e+00   4.9101563e-01   0.0000000e+00
   2.3400000e+00   4.9101563e-01   0.0000000e+00
   2.3600000e+00   4.9101563e-01   0.0000000e+00
   2.3800000e+00   4.9101563e-01   0.0000000e+00
   2.4000000e+00   4.9101563e-01   0.0000000e+00
   2.4200000e+00   4.9101563e-01   0.0000000e+00
   2.4400000e+00   4.9081650e-01   0.0000000e+00
   2.4600000e+00   4.9041825e-01   0.0000000e+00
   2.4800000e+00   4.8943196e-01   0.0000000e+00
   2.5000000e+00   4.8867162e-01   0.0000000e+00
   2.5200000e+00   4.8813724e-01   0.0000000e+00
   2.5400000e+00   4.8710269e-01   0.0000000e+00
   2.5600000e+00   4.8605104e-01   0.0000000e+00
   2.5800000e+00   4.8498229e-01   0.0000000e+00
   2.6000000e+00   4.8444722e-01   0.0000000e+00
   2.6200000e+00   4.8402951e-01   0.0000000e+00
   2.6400000e+00   4.8372915e-01   0.0000000e+00
   2.6600000e+00   4.8266040e-01   0.0000000e+00
   2.6800000e+00   4.8159164e-01   0.0000000e+00
   2.7000000e+00   4.8052289e-01   0.0000000e+00
   2.7200000e+00   4.8035659e-01   0.0000000e+00
   2.7400000e+00   4.7993888e-01   0.0000000e+00
   2.7600000e+00   4.7926975e-01   0.0000000e+00
   2.7800000e+00   4.7841889e-01   0.0000000e+00
   2.8000000e+00   4.7767566e-01   0.0000000e+00
   2.8200000e+00   4.7704005e-01   0.0000000e+00
   2.8400000e+00   4.7597130e-01   0.0000000e+00
   2.8600000e+00   4.7542149e-01   0.0000000e+00
   2.8800000e+00   4.7539063e-01   0.0000000e+00
   2.9000000e+00   4.7458606e-01   0.0000000e+00
   2.3400000e+00   7.3706515e-01   1.0000000e+00
   2.3600000e+00   7.3599639e-01   1.0000000e+00
   2.3800000e+00   7.3514387e-01   1.0000000e+00
   2.4000000e+00   7.3450757e-01   1.0000000e+00
   2.4200000e+00   7.3302582e-01   1.0000000e+00
   2.4400000e+00   7.3121619e-01   1.0000000e+00
   2.4600000e+00   7.2907868e-01   1.0000000e+00
   2.4800000e+00   7.2718856e-01   1.0000000e+00
   2.5000000e+00   7.2597631e-01   1.0000000e+00
   2.5200000e+00   7.2544193e-01   1.0000000e+00
   2.5400000e+00   7.2390721e-01   1.0000000e+00
   2.5600000e+00   7.2253003e-01   1.0000000e+00
   2.5800000e+00   7.2131041e-01   1.0000000e+00
   2.6000000e+00   7.2024166e-01   1.0000000e+00
   2.6200000e+00   7.1909781e-01   1.0000000e+00
   2.6400000e+00   7.1787888e-01   1.0000000e+00
   2.6600000e+00   7.1620872e-01   1.0000000e+00
   2.6800000e+00   7.1403770e-01   1.0000000e+00
   2.7000000e+00   7.1136581e-01   1.0000000e+00
   2.7200000e+00   7.0824270e-01   1.0000000e+00
   2.7400000e+00   7.0524529e-01   1.0000000e+00
   2.7600000e+00   7.0237359e-01   1.0000000e+00
   2.7800000e+00   6.9861222e-01   1.0000000e+00
   2.8000000e+00   6.9826262e-01   1.0000000e+00
   2.8200000e+00   7.0132480e-01   1.0000000e+00
   2.8400000e+00   6.9224039e-01   1.0000000e+00
