   6.0000000e-01   9.8915509e-01   0.0000000e+00
   6.2000000e-01   9.7776825e-01   0.0000000e+00
   6.4000000e-01   9.6456038e-01   0.0000000e+00
   6.6000000e-01   9.4953148e-01   0.0000000e+00
   6.8000000e-01   9.2655327e-01   0.0000000e+00
   7.0000000e-01   9.0403031e-01   0.0000000e+00
   7.2000000e-01   8.8196262e-01   0.0000000e+00
   7.4000000e-01   8.6276190e-01   0.0000000e+00
   7.6000000e-01   8.4501010e-01   0.0000000e+00
   7.8000000e-01   8.2870723e-01   0.0000000e+00
   8.0000000e-01   8.1396326e-01   0.0000000e+00
   8.2000000e-01   7.9857562e-01   0.0000000e+00
   8.4000000e-01   7.8254431e-01   0.0000000e+00
   8.6000000e-01   7.6912787e-01   0.0000000e+00
   8.8000000e-01   7.5614626e-01   0.0000000e+00
   9.0000000e-01   7.4359945e-01   0.0000000e+00
   9.2000000e-01   7.3304666e-01   0.0000000e+00
   9.4000000e-01   7.2331455e-01   0.0000000e+00
   9.6000000e-01   7.1440312e-01   0.0000000e+00
   9.8000000e-01   7.0607836e-01   0.0000000e+00
   1.0000000e+00   6.9870971e-01   0.0000000e+00
   1.0200000e+00   6.9229719e-01   0.0000000e+00
   1.0400000e+00   6.8541064e-01   0.0000000e+00
   1.0600000e+00   6.7902996e-01   0.0000000e+00
   1.0800000e+00   6.7315515e-01   0.0000000e+00
   1.1000000e+00   6.6805208e-01   0.0000000e+00
   1.1200000e+00   6.6315787e-01   0.0000000e+00
   1.1400000e+00   6.5847251e-01   0.0000000e+00
   1.1600000e+00   6.5419012e-01   0.0000000e+00
   1.1800000e+00   6.4964423e-01   0.0000000e+00
   1.2000000e+00   6.4483484e-01   0.0000000e+00
   1.2200000e+00   6.4045053e-01   0.0000000e+00
   1.2400000e+00   6.3612086e-01   0.0000000e+00
   1.2600000e+00   6.3184585e-01   0.0000000e+00
   1.2800000e+00   6.2776259e-01   0.0000000e+00
   1.3000000e+00   6.2381309e-01   0.0000000e+00
   1.3200000e+00   6.1999736e-01   0.0000000e+00
   1.3400000e+00   6.1572235e-01   0.0000000e+00
   1.3600000e+00   6.1144733e-01   0.0000000e+00
   1.3800000e+00   6.0717231e-01   0.0000000e+00
   1.4000000e+00   6.0327343e-01   0.0000000e+00
   1.4200000e+00   5.9932394e-01   0.0000000e+00
   1.4400000e+00   5.9532383e-01   0.0000000e+00
   1.4600000e+00   5.9119162e-01   0.0000000e+00
   1.4800000e+00   5.8725519e-01   0.0000000e+00
   1.5000000e+00   5.8351455e-01   0.0000000e+00
   1.5200000e+00   5.7977392e-01   0.0000000e+00
   1.5400000e+00   5.7625520e-01   0.0000000e+00
   1.5600000e+00   5.7295842e-01   0.0000000e+00
   1.5800000e+00   5.6975216e-01   0.0000000e+00
   1.6000000e+00   5.6665116e-01   0.0000000e+00
   1.6200000e+00   5.6365542e-01   0.0000000e+00
   1.6400000e+00   5.6088968e-01   0.0000000e+00
   1.6600000e+00   5.5790367e-01   0.0000000e+00
   1.6800000e+00   5.5469741e-01   0.0000000e+00
   1.7000000e+00   5.5149115e-01   0.0000000e+00
   1.7200000e+00   5.4867980e-01   0.0000000e+00
   1.7400000e+00   5.4626335e-01   0.0000000e+00
   1.7600000e+00   5.4384760e-01   0.0000000e+00
   1.7800000e+00   5.4130378e-01   0.0000000e+00
   1.8000000e+00   5.3863189e-01   0.0000000e+00
   1.8200000e+00   5.3600493e-01   0.0000000e+00
   1.8400000e+00   5.3362269e-01   0.0000000e+00
   1.8600000e+00   5.3148518e-01   0.0000000e+00
   1.8800000e+00   5.2888504e-01   0.0000000e+00
   1.9000000e+00   5.2659500e-01   0.0000000e+00
   1.9200000e+00   5.2461504e-01   0.0000000e+00
   1.9400000e+00   5.2278261e-01   0.0000000e+00
   1.9600000e+00   5.2079764e-01   0.0000000e+00
   1.9800000e+00   5.1866013e-01   0.0000000e+00
   2.0000000e+00   5.1652262e-01   0.0000000e+00
   2.0200000e+00   5.1465029e-01   0.0000000e+00
   2.0400000e+00   5.1304313e-01   0.0000000e+00
   2.0600000e+00   5.1185368e-01   0.0000000e+00
   2.0800000e+00   5.1042756e-01   0.0000000e+00
   2.1000000e+00   5.0876477e-01   0.0000000e+00
   2.1200000e+00   5.0680761e-01   0.0000000e+00
   2.1400000e+00   5.0505931e-01   0.0000000e+00
   2.1600000e+00   5.0351987e-01   0.0000000e+00
   2.1800000e+00   5.0245112e-01   0.0000000e+00
   2.2000000e+00   5.0114166e-01   0.0000000e+00
   2.2200000e+00   4.9959151e-01   0.0000000e+00
   2.2400000e+00   4.9762364e-01   0.0000000e+00
   2.2600000e+00   4.9569499e-01   0.0000000e+00
   2.2800000e+00   4.9380555e-01   0.0000000e+00
   2.3000000e+00   4.9220242e-01   0.0000000e+00
   2.3200000e+00   4.9060666e-01   0.0000000e+00
   2.3400000e+00   4.8901827e-01   0.0000000e+00
   2.3600000e+00   4.8794952e-01   0.0000000e+00
   2.3800000e+00   4.8644831e-01   0.0000000e+00
   2.4000000e+00   4.8451465e-01   0.0000000e+00
   2.4200000e+00   4.8300872e-01   0.0000000e+00
   2.4400000e+00   4.8172138e-01   0.0000000e+00
   2.4600000e+00   4.8065262e-01   0.0000000e+00
   2.4800000e+00   4.7950141e-01   0.0000000e+00
   2.5000000e+00   4.7812424e-01   0.0000000e+00
   2.5200000e+00   4.7652110e-01   0.0000000e+00
   2.5400000e+00   4.7491797e-01   0.0000000e+00
   2.5600000e+00   4.7350660e-01   0.0000000e+00
   2.5800000e+00   4.7228697e-01   0.0000000e+00
   2.6000000e+00   4.7121822e-01   0.0000000e+00
   2.6200000e+00   4.6999929e-01   0.0000000e+00
   2.6400000e+00   4.6863017e-01   0.0000000e+00
   2.6600000e+00   4.6655970e-01   0.0000000e+00
   2.6800000e+00   4.6499008e-01   0.0000000e+00
   2.7000000e+00   4.6392133e-01   0.0000000e+00
   2.7200000e+00   4.6285257e-01   0.0000000e+00
   2.7400000e+00   4.6178382e-01   0.0000000e+00
   2.7600000e+00   4.6071506e-01   0.0000000e+00
   2.7800000e+00   4.5921051e-01   0.0000000e+00
   2.8000000e+00   4.5749072e-01   0.0000000e+00
   2.8200000e+00   4.5555567e-01   0.0000000e+00
   2.8400000e+00   4.5448692e-01   0.0000000e+00
   2.8600000e+00   4.5341817e-01   0.0000000e+00
   2.8800000e+00   4.5234941e-01   0.0000000e+00
   2.9000000e+00   4.5128066e-01   0.0000000e+00
   2.9200000e+00   4.5021190e-01   0.0000000e+00
   2.9400000e+00   4.4914315e-01   0.0000000e+00
   2.9600000e+00   4.4807440e-01   0.0000000e+00
   2.9800000e+00   4.4700564e-01   0.0000000e+00
   3.0000000e+00   4.4593689e-01   0.0000000e+00
   3.0200000e+00   4.4486813e-01   0.0000000e+00
   3.0400000e+00   4.4332938e-01   0.0000000e+00
   3.0600000e+00   4.4132063e-01   0.0000000e+00
   3.0800000e+00   4.3988979e-01   0.0000000e+00
   3.1000000e+00   4.3863999e-01   0.0000000e+00
   3.1200000e+00   4.3757124e-01   0.0000000e+00
   3.1400000e+00   4.3650248e-01   0.0000000e+00
   3.1600000e+00   4.3543373e-01   0.0000000e+00
   3.1800000e+00   4.3436498e-01   0.0000000e+00
   3.2000000e+00   4.3329622e-01   0.0000000e+00
   3.2200000e+00   4.3201694e-01   0.0000000e+00
   3.2400000e+00   4.3052713e-01   0.0000000e+00
   3.2600000e+00   4.2922839e-01   0.0000000e+00
   3.2800000e+00   4.2804464e-01   0.0000000e+00
   3.3000000e+00   4.2697589e-01   0.0000000e+00
   3.3200000e+00   4.2597820e-01   0.0000000e+00
   3.3400000e+00   4.2521216e-01   0.0000000e+00
   3.3600000e+00   4.2467778e-01   0.0000000e+00
   3.3800000e+00   4.2316586e-01   0.0000000e+00
   3.4000000e+00   4.2198044e-01   0.0000000e+00
   3.4200000e+00   4.2112153e-01   0.0000000e+00
   3.4400000e+00   4.2058715e-01   0.0000000e+00
   3.4600000e+00   4.1998338e-01   0.0000000e+00
   3.4800000e+00   4.1931023e-01   0.0000000e+00
   3.5000000e+00   4.1824147e-01   0.0000000e+00
   3.5200000e+00   4.1717272e-01   0.0000000e+00
   3.5400000e+00   4.1610397e-01   0.0000000e+00
   3.5600000e+00   4.1503521e-01   0.0000000e+00
   3.5800000e+00   4.1396646e-01   0.0000000e+00
   3.6000000e+00   4.1289770e-01   0.0000000e+00
   3.6200000e+00   4.1182895e-01   0.0000000e+00
   3.6400000e+00   4.1076020e-01   0.0000000e+00
   3.6600000e+00   4.0969144e-01   0.0000000e+00
   3.6800000e+00   4.0862269e-01   0.0000000e+00
   3.7000000e+00   4.0730016e-01   0.0000000e+00
   3.7200000e+00   4.0572386e-01   0.0000000e+00
   3.7400000e+00   4.0529337e-01   0.0000000e+00
   3.7600000e+00   4.0480391e-01   0.0000000e+00
   3.7800000e+00   4.0425548e-01   0.0000000e+00
   2.1300000e+00   7.6603016e-01   1.0000000e+00
   2.1500000e+00   7.6335828e-01   1.0000000e+00
   2.1700000e+00   7.6068639e-01   1.0000000e+00
   2.1900000e+00   7.5801451e-01   1.0000000e+00
   2.2100000e+00   7.5582402e-01   1.0000000e+00
   2.2300000e+00   7.5347766e-01   1.0000000e+00
   2.2500000e+00   7.5097542e-01   1.0000000e+00
   2.2700000e+00   7.4855160e-01   1.0000000e+00
   2.2900000e+00   7.4640235e-01   1.0000000e+00
   2.3100000e+00   7.4452765e-01   1.0000000e+00
   2.3300000e+00   7.4344416e-01   1.0000000e+00
   2.3500000e+00   7.4210084e-01   1.0000000e+00
   2.3700000e+00   7.4049771e-01   1.0000000e+00
   2.3900000e+00   7.3889458e-01   1.0000000e+00
   2.4100000e+00   7.3744935e-01   1.0000000e+00
   2.4300000e+00   7.3616201e-01   1.0000000e+00
   2.4500000e+00   7.3509325e-01   1.0000000e+00
   2.4700000e+00   7.3398327e-01   1.0000000e+00
   2.4900000e+00   7.3283205e-01   1.0000000e+00
   2.5100000e+00   7.3122892e-01   1.0000000e+00
   2.5300000e+00   7.2987588e-01   1.0000000e+00
   2.5500000e+00   7.2877292e-01   1.0000000e+00
   2.5700000e+00   7.2770416e-01   1.0000000e+00
   2.5900000e+00   7.2676883e-01   1.0000000e+00
   2.6100000e+00   7.2596692e-01   1.0000000e+00
   2.6300000e+00   7.2498201e-01   1.0000000e+00
   2.6500000e+00   7.2340404e-01   1.0000000e+00
   2.6700000e+00   7.2123301e-01   1.0000000e+00
   2.6900000e+00   7.1856113e-01   1.0000000e+00
   2.7100000e+00   7.1611486e-01   1.0000000e+00
   2.7300000e+00   7.1389420e-01   1.0000000e+00
   2.7500000e+00   7.1142213e-01   1.0000000e+00
   2.7700000e+00   7.0895910e-01   1.0000000e+00
   2.7900000e+00   7.0650511e-01   1.0000000e+00
   2.8100000e+00   7.0446884e-01   1.0000000e+00
   2.8300000e+00   7.0264913e-01   1.0000000e+00
   2.8500000e+00   7.0104600e-01   1.0000000e+00
   2.8700000e+00   6.9944287e-01   1.0000000e+00
   2.8900000e+00   6.9763860e-01   1.0000000e+00
   2.9100000e+00   6.9563319e-01   1.0000000e+00
   2.9300000e+00   6.9463815e-01   1.0000000e+00
   2.9500000e+00   6.9397167e-01   1.0000000e+00
   2.9700000e+00   6.9363377e-01   1.0000000e+00
   2.9900000e+00   6.9256502e-01   1.0000000e+00
   3.0100000e+00   6.9149626e-01   1.0000000e+00
   3.0300000e+00   6.9042751e-01   1.0000000e+00
   3.0500000e+00   6.9029875e-01   1.0000000e+00
   3.0700000e+00   6.8970437e-01   1.0000000e+00
   3.0900000e+00   6.8864437e-01   1.0000000e+00
   3.1100000e+00   6.8727791e-01   1.0000000e+00
   3.1300000e+00   6.8600030e-01   1.0000000e+00
   3.1500000e+00   6.8481154e-01   1.0000000e+00
   3.1700000e+00   6.8320507e-01   1.0000000e+00
   3.1900000e+00   6.8133307e-01   1.0000000e+00
   3.2100000e+00   6.7919557e-01   1.0000000e+00
   3.2300000e+00   6.7705806e-01   1.0000000e+00
   3.2500000e+00   6.7492055e-01   1.0000000e+00
   3.2700000e+00   6.7278304e-01   1.0000000e+00
   3.2900000e+00   6.7064553e-01   1.0000000e+00
   3.3100000e+00   6.6857909e-01   1.0000000e+00
   3.3300000e+00   6.6658370e-01   1.0000000e+00
   3.3500000e+00   6.6551494e-01   1.0000000e+00
   3.3700000e+00   6.6395742e-01   1.0000000e+00
   3.3900000e+00   6.6191112e-01   1.0000000e+00
