   6.0000000e-01   9.6279498e-01   0.0000000e+00
   6.2000000e-01   9.4514982e-01   0.0000000e+00
   6.4000000e-01   9.2604268e-01   0.0000000e+00
   6.6000000e-01   9.0547353e-01   0.0000000e+00
   6.8000000e-01   8.8142657e-01   0.0000000e+00
   7.0000000e-01   8.5874537e-01   0.0000000e+00
   7.2000000e-01   8.3742995e-01   0.0000000e+00
   7.4000000e-01   8.1794362e-01   0.0000000e+00
   7.6000000e-01   7.9973656e-01   0.0000000e+00
   7.8000000e-01   7.8280879e-01   0.0000000e+00
   8.0000000e-01   7.6848587e-01   0.0000000e+00
   8.2000000e-01   7.5437751e-01   0.0000000e+00
   8.4000000e-01   7.4048371e-01   0.0000000e+00
   8.6000000e-01   7.2920479e-01   0.0000000e+00
   8.8000000e-01   7.1876699e-01   0.0000000e+00
   9.0000000e-01   7.0917032e-01   0.0000000e+00
   9.2000000e-01   7.0153414e-01   0.0000000e+00
   9.4000000e-01   6.9476926e-01   0.0000000e+00
   9.6000000e-01   6.8887568e-01   0.0000000e+00
   9.8000000e-01   6.8412261e-01   0.0000000e+00
   1.0000000e+00   6.7960856e-01   0.0000000e+00
   1.0200000e+00   6.7533354e-01   0.0000000e+00
   1.0400000e+00   6.7200659e-01   0.0000000e+00
   1.0600000e+00   6.6873998e-01   0.0000000e+00
   1.0800000e+00   6.6553372e-01   0.0000000e+00
   1.1000000e+00   6.6232745e-01   0.0000000e+00
   1.1200000e+00   6.5912119e-01   0.0000000e+00
   1.1400000e+00   6.5591493e-01   0.0000000e+00
   1.1600000e+00   6.5269392e-01   0.0000000e+00
   1.1800000e+00   6.4894591e-01   0.0000000e+00
   1.2000000e+00   6.4467090e-01   0.0000000e+00
   1.2200000e+00   6.4167113e-01   0.0000000e+00
   1.2400000e+00   6.3852689e-01   0.0000000e+00
   1.2600000e+00   6.3523816e-01   0.0000000e+00
   1.2800000e+00   6.3149752e-01   0.0000000e+00
   1.3000000e+00   6.2779443e-01   0.0000000e+00
   1.3200000e+00   6.2412888e-01   0.0000000e+00
   1.3400000e+00   6.2092262e-01   0.0000000e+00
   1.3600000e+00   6.1722355e-01   0.0000000e+00
   1.3800000e+00   6.1303169e-01   0.0000000e+00
   1.4000000e+00   6.0950895e-01   0.0000000e+00
   1.4200000e+00   6.0601471e-01   0.0000000e+00
   1.4400000e+00   6.0254897e-01   0.0000000e+00
   1.4600000e+00   5.9880833e-01   0.0000000e+00
   1.4800000e+00   5.9506769e-01   0.0000000e+00
   1.5000000e+00   5.9132705e-01   0.0000000e+00
   1.5200000e+00   5.8758642e-01   0.0000000e+00
   1.5400000e+00   5.8384578e-01   0.0000000e+00
   1.5600000e+00   5.8010514e-01   0.0000000e+00
   1.5800000e+00   5.7701888e-01   0.0000000e+00
   1.6000000e+00   5.7403455e-01   0.0000000e+00
   1.6200000e+00   5.7115213e-01   0.0000000e+00
   1.6400000e+00   5.6794587e-01   0.0000000e+00
   1.6600000e+00   5.6473961e-01   0.0000000e+00
   1.6800000e+00   5.6153335e-01   0.0000000e+00
   1.7000000e+00   5.5883866e-01   0.0000000e+00
   1.7200000e+00   5.5595792e-01   0.0000000e+00
   1.7400000e+00   5.5289112e-01   0.0000000e+00
   1.7600000e+00   5.4996311e-01   0.0000000e+00
   1.7800000e+00   5.4724395e-01   0.0000000e+00
   1.8000000e+00   5.4473364e-01   0.0000000e+00
   1.8200000e+00   5.4255122e-01   0.0000000e+00
   1.8400000e+00   5.4012406e-01   0.0000000e+00
   1.8600000e+00   5.3745218e-01   0.0000000e+00
   1.8800000e+00   5.3570555e-01   0.0000000e+00
   1.9000000e+00   5.3368471e-01   0.0000000e+00
   1.9200000e+00   5.3138965e-01   0.0000000e+00
   1.9400000e+00   5.2894706e-01   0.0000000e+00
   1.9600000e+00   5.2665701e-01   0.0000000e+00
   1.9800000e+00   5.2451950e-01   0.0000000e+00
   2.0000000e+00   5.2238200e-01   0.0000000e+00
   2.0200000e+00   5.2024449e-01   0.0000000e+00
   2.0400000e+00   5.1810698e-01   0.0000000e+00
   2.0600000e+00   5.1638315e-01   0.0000000e+00
   2.0800000e+00   5.1457117e-01   0.0000000e+00
   2.1000000e+00   5.1267102e-01   0.0000000e+00
   2.1200000e+00   5.1089422e-01   0.0000000e+00
   2.1400000e+00   5.0947144e-01   0.0000000e+00
   2.1600000e+00   5.0840268e-01   0.0000000e+00
   2.1800000e+00   5.0733393e-01   0.0000000e+00
   2.2000000e+00   5.0602448e-01   0.0000000e+00
   2.2200000e+00   5.0447432e-01   0.0000000e+00
   2.2400000e+00   5.0323593e-01   0.0000000e+00
   2.2600000e+00   5.0208235e-01   0.0000000e+00
   2.2800000e+00   5.0101360e-01   0.0000000e+00
   2.3000000e+00   4.9994484e-01   0.0000000e+00
   2.3200000e+00   4.9887609e-01   0.0000000e+00
   2.3400000e+00   4.9780734e-01   0.0000000e+00
   2.3600000e+00   4.9673858e-01   0.0000000e+00
   2.3800000e+00   4.9566983e-01   0.0000000e+00
   2.4000000e+00   4.9460107e-01   0.0000000e+00
   2.4200000e+00   4.9321653e-01   0.0000000e+00
   2.4400000e+00   4.9172269e-01   0.0000000e+00
   2.4600000e+00   4.9011956e-01   0.0000000e+00
   2.4800000e+00   4.8851643e-01   0.0000000e+00
   2.5000000e+00   4.8691330e-01   0.0000000e+00
   2.5200000e+00   4.8531017e-01   0.0000000e+00
   2.5400000e+00   4.8420721e-01   0.0000000e+00
   2.5600000e+00   4.8312135e-01   0.0000000e+00
   2.5800000e+00   4.8205260e-01   0.0000000e+00
   2.6000000e+00   4.8098385e-01   0.0000000e+00
   2.6200000e+00   4.7976491e-01   0.0000000e+00
   2.6400000e+00   4.7839580e-01   0.0000000e+00
   2.6600000e+00   4.7629181e-01   0.0000000e+00
   2.6800000e+00   4.7443824e-01   0.0000000e+00
   2.7000000e+00   4.7283511e-01   0.0000000e+00
   2.7200000e+00   4.7123198e-01   0.0000000e+00
   2.7400000e+00   4.6962885e-01   0.0000000e+00
   2.7600000e+00   4.6802572e-01   0.0000000e+00
   2.7800000e+00   4.6620469e-01   0.0000000e+00
   2.8000000e+00   4.6427604e-01   0.0000000e+00
   2.8200000e+00   4.6223976e-01   0.0000000e+00
   2.8400000e+00   4.6063663e-01   0.0000000e+00
   2.8600000e+00   4.5929297e-01   0.0000000e+00
   2.8800000e+00   4.5820879e-01   0.0000000e+00
   2.9000000e+00   4.5714003e-01   0.0000000e+00
   2.9200000e+00   4.5592847e-01   0.0000000e+00
   2.9400000e+00   4.5457410e-01   0.0000000e+00
   2.9600000e+00   4.5330887e-01   0.0000000e+00
   2.9800000e+00   4.5238293e-01   0.0000000e+00
   3.0000000e+00   4.5179626e-01   0.0000000e+00
   3.0200000e+00   4.5072751e-01   0.0000000e+00
   3.0400000e+00   4.4965875e-01   0.0000000e+00
   3.0600000e+00   4.4859000e-01   0.0000000e+00
   3.0800000e+00   4.4787458e-01   0.0000000e+00
   3.1000000e+00   4.4713135e-01   0.0000000e+00
   3.1200000e+00   4.4636030e-01   0.0000000e+00
   3.1400000e+00   4.4541155e-01   0.0000000e+00
   3.1600000e+00   4.4466832e-01   0.0000000e+00
   3.1800000e+00   4.4413060e-01   0.0000000e+00
   3.2000000e+00   4.4306185e-01   0.0000000e+00
   3.2200000e+00   4.4220362e-01   0.0000000e+00
   3.2400000e+00   4.4155592e-01   0.0000000e+00
   3.2600000e+00   4.4071715e-01   0.0000000e+00
   3.2800000e+00   4.3995112e-01   0.0000000e+00
   3.3000000e+00   4.3925781e-01   0.0000000e+00
   3.3200000e+00   4.3911569e-01   0.0000000e+00
   3.3400000e+00   4.3851026e-01   0.0000000e+00
   3.3600000e+00   4.3744150e-01   0.0000000e+00
   3.3800000e+00   4.3735029e-01   0.0000000e+00
   3.4000000e+00   4.3693258e-01   0.0000000e+00
   3.4200000e+00   4.3618836e-01   0.0000000e+00
   3.4400000e+00   4.3563050e-01   0.0000000e+00
   3.4600000e+00   4.3528217e-01   0.0000000e+00
   3.4800000e+00   4.3514339e-01   0.0000000e+00
   3.5000000e+00   4.3463113e-01   0.0000000e+00
   3.5200000e+00   4.3437500e-01   0.0000000e+00
   3.5400000e+00   4.3437500e-01   0.0000000e+00
   3.5600000e+00   4.3349535e-01   0.0000000e+00
   3.5800000e+00   4.3268273e-01   0.0000000e+00
   3.6000000e+00   4.3193713e-01   0.0000000e+00
   3.6200000e+00   4.3140276e-01   0.0000000e+00
   3.6400000e+00   4.3100313e-01   0.0000000e+00
   3.6600000e+00   4.3073825e-01   0.0000000e+00
   3.6800000e+00   4.3180700e-01   0.0000000e+00
   2.1600000e+00   7.4835046e-01   1.0000000e+00
   2.1800000e+00   7.4567858e-01   1.0000000e+00
   2.2000000e+00   7.4613580e-01   1.0000000e+00
   2.2200000e+00   7.4972212e-01   1.0000000e+00
   2.2400000e+00   7.4225097e-01   1.0000000e+00
   2.2600000e+00   7.3775206e-01   1.0000000e+00
   2.2800000e+00   7.3622540e-01   1.0000000e+00
   2.3000000e+00   7.3368492e-01   1.0000000e+00
   2.3200000e+00   7.3133856e-01   1.0000000e+00
   2.3400000e+00   7.2918631e-01   1.0000000e+00
   2.3600000e+00   7.2651442e-01   1.0000000e+00
   2.3800000e+00   7.2384254e-01   1.0000000e+00
   2.4000000e+00   7.2117065e-01   1.0000000e+00
   2.4200000e+00   7.1881456e-01   1.0000000e+00
   2.4400000e+00   7.1646819e-01   1.0000000e+00
   2.4600000e+00   7.1413156e-01   1.0000000e+00
   2.4800000e+00   7.1154213e-01   1.0000000e+00
   2.5000000e+00   7.0917867e-01   1.0000000e+00
   2.5200000e+00   7.0704116e-01   1.0000000e+00
   2.5400000e+00   7.0490365e-01   1.0000000e+00
   2.5600000e+00   7.0295790e-01   1.0000000e+00
   2.5800000e+00   7.0120390e-01   1.0000000e+00
   2.6000000e+00   6.9986761e-01   1.0000000e+00
   2.6200000e+00   6.9866509e-01   1.0000000e+00
   2.6400000e+00   6.9759634e-01   1.0000000e+00
   2.6600000e+00   6.9652758e-01   1.0000000e+00
   2.6800000e+00   6.9545883e-01   1.0000000e+00
   2.7000000e+00   6.9439008e-01   1.0000000e+00
   2.7200000e+00   6.9287009e-01   1.0000000e+00
   2.7400000e+00   6.9147582e-01   1.0000000e+00
   2.7600000e+00   6.9020725e-01   1.0000000e+00
   2.7800000e+00   6.8870270e-01   1.0000000e+00
   2.8000000e+00   6.8693229e-01   1.0000000e+00
   2.8200000e+00   6.8489601e-01   1.0000000e+00
   2.8400000e+00   6.8329288e-01   1.0000000e+00
   2.8600000e+00   6.8168975e-01   1.0000000e+00
   2.8800000e+00   6.8008662e-01   1.0000000e+00
   2.9000000e+00   6.7848349e-01   1.0000000e+00
   2.9200000e+00   6.7688036e-01   1.0000000e+00
   2.9400000e+00   6.7527723e-01   1.0000000e+00
   2.9600000e+00   6.7367409e-01   1.0000000e+00
   2.9800000e+00   6.7207096e-01   1.0000000e+00
   3.0000000e+00   6.7046783e-01   1.0000000e+00
   3.0200000e+00   6.6886470e-01   1.0000000e+00
   3.0400000e+00   6.6773157e-01   1.0000000e+00
   3.0600000e+00   6.6706844e-01   1.0000000e+00
   3.0800000e+00   6.6653406e-01   1.0000000e+00
   3.1000000e+00   6.6576301e-01   1.0000000e+00
   3.1200000e+00   6.6475530e-01   1.0000000e+00
   3.1400000e+00   6.6339218e-01   1.0000000e+00
   3.1600000e+00   6.6244009e-01   1.0000000e+00
   3.1800000e+00   6.6189903e-01   1.0000000e+00
   3.2000000e+00   6.6029590e-01   1.0000000e+00
   3.2200000e+00   6.5869277e-01   1.0000000e+00
   3.2400000e+00   6.5708963e-01   1.0000000e+00
   3.2600000e+00   6.5487773e-01   1.0000000e+00
   3.2800000e+00   6.5252969e-01   1.0000000e+00
   3.3000000e+00   6.5004553e-01   1.0000000e+00
   3.3200000e+00   6.4790802e-01   1.0000000e+00
   3.3400000e+00   6.4577051e-01   1.0000000e+00
   3.3600000e+00   6.4363300e-01   1.0000000e+00
   3.3800000e+00   6.4198427e-01   1.0000000e+00
   3.4000000e+00   6.4054439e-01   1.0000000e+00
   3.4200000e+00   6.3931337e-01   1.0000000e+00
   3.4400000e+00   6.3824461e-01   1.0000000e+00
   3.4600000e+00   6.3731464e-01   1.0000000e+00
   3.4800000e+00   6.3652344e-01   1.0000000e+00
   3.5000000e+00   6.3647921e-01   1.0000000e+00
   3.5200000e+00   6.3592272e-01   1.0000000e+00
   3.5400000e+00   6.3485397e-01   1.0000000e+00
   3.5600000e+00   6.3422504e-01   1.0000000e+00
   3.5800000e+00   6.3348180e-01   1.0000000e+00
   3.6000000e+00   6.3262427e-01   1.0000000e+00
   3.6200000e+00   6.3155551e-01   1.0000000e+00
   3.6400000e+00   6.3035201e-01   1.0000000e+00
   3.6600000e+00   6.2901376e-01   1.0000000e+00
   3.6800000e+00   6.2634187e-01   1.0000000e+00
   3.7000000e+00   6.2417753e-01   1.0000000e+00
   3.7200000e+00   6.2252074e-01   1.0000000e+00
