   6.0000000e-01   9.1071636e-01   0.0000000e+00
   6.2000000e-01   8.8972145e-01   0.0000000e+00
   6.4000000e-01   8.6853645e-01   0.0000000e+00
   6.6000000e-01   8.4716137e-01   0.0000000e+00
   6.8000000e-01   8.2578629e-01   0.0000000e+00
   7.0000000e-01   8.0737038e-01   0.0000000e+00
   7.2000000e-01   7.9191364e-01   0.0000000e+00
   7.4000000e-01   7.7917843e-01   0.0000000e+00
   7.6000000e-01   7.6770942e-01   0.0000000e+00
   7.8000000e-01   7.5750662e-01   0.0000000e+00
   8.0000000e-01   7.4970149e-01   0.0000000e+00
   8.2000000e-01   7.4232548e-01   0.0000000e+00
   8.4000000e-01   7.3537857e-01   0.0000000e+00
   8.6000000e-01   7.2843167e-01   0.0000000e+00
   8.8000000e-01   7.2209424e-01   0.0000000e+00
   9.0000000e-01   7.1636627e-01   0.0000000e+00
   9.2000000e-01   7.1131215e-01   0.0000000e+00
   9.4000000e-01   7.0655337e-01   0.0000000e+00
   9.6000000e-01   7.0208994e-01   0.0000000e+00
   9.8000000e-01   6.9829298e-01   0.0000000e+00
   1.0000000e+00   6.9425700e-01   0.0000000e+00
   1.0200000e+00   6.8998198e-01   0.0000000e+00
   1.0400000e+00   6.8665502e-01   0.0000000e+00
   1.0600000e+00   6.8303105e-01   0.0000000e+00
   1.0800000e+00   6.7911006e-01   0.0000000e+00
   1.1000000e+00   6.7531644e-01   0.0000000e+00
   1.1200000e+00   6.7181650e-01   0.0000000e+00
   1.1400000e+00   6.6861024e-01   0.0000000e+00
   1.1600000e+00   6.6538924e-01   0.0000000e+00
   1.1800000e+00   6.6164122e-01   0.0000000e+00
   1.2000000e+00   6.5736621e-01   0.0000000e+00
   1.2200000e+00   6.5351628e-01   0.0000000e+00
   1.2400000e+00   6.4972099e-01   0.0000000e+00
   1.2600000e+00   6.4598035e-01   0.0000000e+00
   1.2800000e+00   6.4204796e-01   0.0000000e+00
   1.3000000e+00   6.3790671e-01   0.0000000e+00
   1.3200000e+00   6.3355660e-01   0.0000000e+00
   1.3400000e+00   6.2874721e-01   0.0000000e+00
   1.3600000e+00   6.2418422e-01   0.0000000e+00
   1.3800000e+00   6.1986762e-01   0.0000000e+00
   1.4000000e+00   6.1521647e-01   0.0000000e+00
   1.4200000e+00   6.1074567e-01   0.0000000e+00
   1.4400000e+00   6.0645522e-01   0.0000000e+00
   1.4600000e+00   6.0228616e-01   0.0000000e+00
   1.4800000e+00   5.9756896e-01   0.0000000e+00
   1.5000000e+00   5.9230362e-01   0.0000000e+00
   1.5200000e+00   5.8856298e-01   0.0000000e+00
   1.5400000e+00   5.8482234e-01   0.0000000e+00
   1.5600000e+00   5.8108170e-01   0.0000000e+00
   1.5800000e+00   5.7799544e-01   0.0000000e+00
   1.6000000e+00   5.7501111e-01   0.0000000e+00
   1.6200000e+00   5.7212870e-01   0.0000000e+00
   1.6400000e+00   5.6911016e-01   0.0000000e+00
   1.6600000e+00   5.6653214e-01   0.0000000e+00
   1.6800000e+00   5.6439463e-01   0.0000000e+00
   1.7000000e+00   5.6174555e-01   0.0000000e+00
   1.7200000e+00   5.5928252e-01   0.0000000e+00
   1.7400000e+00   5.5700554e-01   0.0000000e+00
   1.7600000e+00   5.5486803e-01   0.0000000e+00
   1.7800000e+00   5.5273052e-01   0.0000000e+00
   1.8000000e+00   5.5059302e-01   0.0000000e+00
   1.8200000e+00   5.4841059e-01   0.0000000e+00
   1.8400000e+00   5.4598344e-01   0.0000000e+00
   1.8600000e+00   5.4331155e-01   0.0000000e+00
   1.8800000e+00   5.4063967e-01   0.0000000e+00
   1.9000000e+00   5.3814076e-01   0.0000000e+00
   1.9200000e+00   5.3581484e-01   0.0000000e+00
   1.9400000e+00   5.3344803e-01   0.0000000e+00
   1.9600000e+00   5.3092869e-01   0.0000000e+00
   1.9800000e+00   5.2825680e-01   0.0000000e+00
   2.0000000e+00   5.2558492e-01   0.0000000e+00
   2.0200000e+00   5.2291303e-01   0.0000000e+00
   2.0400000e+00   5.2024115e-01   0.0000000e+00
   2.0600000e+00   5.1798295e-01   0.0000000e+00
   2.0800000e+00   5.1563658e-01   0.0000000e+00
   2.1000000e+00   5.1320205e-01   0.0000000e+00
   2.1200000e+00   5.1071052e-01   0.0000000e+00
   2.1400000e+00   5.0839600e-01   0.0000000e+00
   2.1600000e+00   5.0625849e-01   0.0000000e+00
   2.1800000e+00   5.0412099e-01   0.0000000e+00
   2.2000000e+00   5.0174278e-01   0.0000000e+00
   2.2200000e+00   4.9912387e-01   0.0000000e+00
   2.2400000e+00   4.9681672e-01   0.0000000e+00
   2.2600000e+00   4.9459439e-01   0.0000000e+00
   2.2800000e+00   4.9245688e-01   0.0000000e+00
   2.3000000e+00   4.9031938e-01   0.0000000e+00
   2.3200000e+00   4.8818187e-01   0.0000000e+00
   2.3400000e+00   4.8604436e-01   0.0000000e+00
   2.3600000e+00   4.8390685e-01   0.0000000e+00
   2.3800000e+00   4.8176934e-01   0.0000000e+00
   2.4000000e+00   4.7963183e-01   0.0000000e+00
   2.4200000e+00   4.7781012e-01   0.0000000e+00
   2.4400000e+00   4.7599813e-01   0.0000000e+00
   2.4600000e+00   4.7419587e-01   0.0000000e+00
   2.4800000e+00   4.7214082e-01   0.0000000e+00
   2.5000000e+00   4.7031174e-01   0.0000000e+00
   2.5200000e+00   4.6870860e-01   0.0000000e+00
   2.5400000e+00   4.6660530e-01   0.0000000e+00
   2.5600000e+00   4.6486840e-01   0.0000000e+00
   2.5800000e+00   4.6349791e-01   0.0000000e+00
   2.6000000e+00   4.6242916e-01   0.0000000e+00
   2.6200000e+00   4.6121022e-01   0.0000000e+00
   2.6400000e+00   4.5984111e-01   0.0000000e+00
   2.6600000e+00   4.5777063e-01   0.0000000e+00
   2.6800000e+00   4.5620102e-01   0.0000000e+00
   2.7000000e+00   4.5513226e-01   0.0000000e+00
   2.7200000e+00   4.5316105e-01   0.0000000e+00
   2.7400000e+00   4.5144126e-01   0.0000000e+00
   2.7600000e+00   4.4997287e-01   0.0000000e+00
   2.7800000e+00   4.4868622e-01   0.0000000e+00
   2.8000000e+00   4.4719071e-01   0.0000000e+00
   2.8200000e+00   4.4548635e-01   0.0000000e+00
   2.8400000e+00   4.4334884e-01   0.0000000e+00
   2.8600000e+00   4.4147081e-01   0.0000000e+00
   2.8800000e+00   4.3985224e-01   0.0000000e+00
   2.9000000e+00   4.3865139e-01   0.0000000e+00
   2.9200000e+00   4.3765940e-01   0.0000000e+00
   2.9400000e+00   4.3687626e-01   0.0000000e+00
   2.9600000e+00   4.3667979e-01   0.0000000e+00
   2.9800000e+00   4.3684874e-01   0.0000000e+00
   3.0000000e+00   4.3738312e-01   0.0000000e+00
   3.0200000e+00   4.3791750e-01   0.0000000e+00
   3.0400000e+00   4.3730298e-01   0.0000000e+00
   3.0600000e+00   4.3553959e-01   0.0000000e+00
   3.0800000e+00   4.3346145e-01   0.0000000e+00
   3.1000000e+00   4.3138332e-01   0.0000000e+00
   3.1200000e+00   4.2930519e-01   0.0000000e+00
   3.1400000e+00   4.2722705e-01   0.0000000e+00
   3.1600000e+00   4.2514892e-01   0.0000000e+00
   3.1800000e+00   4.2307079e-01   0.0000000e+00
   3.2000000e+00   4.2099266e-01   0.0000000e+00
   3.2200000e+00   4.1891452e-01   0.0000000e+00
   3.2400000e+00   4.1683639e-01   0.0000000e+00
   3.2600000e+00   4.1475826e-01   0.0000000e+00
   3.2800000e+00   4.1268012e-01   0.0000000e+00
   3.3000000e+00   4.1060199e-01   0.0000000e+00
   3.3200000e+00   4.0852386e-01   0.0000000e+00
   3.3400000e+00   4.0644572e-01   0.0000000e+00
   3.3600000e+00   4.0436759e-01   0.0000000e+00
   3.3800000e+00   4.0321269e-01   0.0000000e+00
   3.4000000e+00   4.0191482e-01   0.0000000e+00
   3.4200000e+00   4.0047395e-01   0.0000000e+00
   3.4400000e+00   3.9887082e-01   0.0000000e+00
   3.4600000e+00   3.9740647e-01   0.0000000e+00
   3.4800000e+00   3.9608089e-01   0.0000000e+00
   3.5000000e+00   3.9550229e-01   0.0000000e+00
   3.5200000e+00   3.9441142e-01   0.0000000e+00
   3.5400000e+00   3.9280829e-01   0.0000000e+00
   3.5600000e+00   3.9208481e-01   0.0000000e+00
   3.5800000e+00   3.9113272e-01   0.0000000e+00
   3.6000000e+00   3.8995202e-01   0.0000000e+00
   3.6200000e+00   3.8876189e-01   0.0000000e+00
   3.6400000e+00   3.8780980e-01   0.0000000e+00
   3.6600000e+00   3.8709576e-01   0.0000000e+00
   3.6800000e+00   3.8549262e-01   0.0000000e+00
   3.7000000e+00   3.8414327e-01   0.0000000e+00
   3.7200000e+00   3.8304768e-01   0.0000000e+00
   2.0100000e+00   7.6447731e-01   1.0000000e+00
   2.0300000e+00   7.6180945e-01   1.0000000e+00
   2.0500000e+00   7.5893274e-01   1.0000000e+00
   2.0700000e+00   7.5584717e-01   1.0000000e+00
   2.0900000e+00   7.5264091e-01   1.0000000e+00
   2.1100000e+00   7.4943465e-01   1.0000000e+00
   2.1300000e+00   7.4622838e-01   1.0000000e+00
   2.1500000e+00   7.4314950e-01   1.0000000e+00
   2.1700000e+00   7.4054130e-01   1.0000000e+00
   2.1900000e+00   7.3840379e-01   1.0000000e+00
   2.2100000e+00   7.3530348e-01   1.0000000e+00
   2.2300000e+00   7.3251493e-01   1.0000000e+00
   2.2500000e+00   7.3003814e-01   1.0000000e+00
   2.2700000e+00   7.2765257e-01   1.0000000e+00
   2.2900000e+00   7.2518954e-01   1.0000000e+00
   2.3100000e+00   7.2264906e-01   1.0000000e+00
   2.3300000e+00   7.2051155e-01   1.0000000e+00
   2.3500000e+00   7.1837404e-01   1.0000000e+00
   2.3700000e+00   7.1623653e-01   1.0000000e+00
   2.3900000e+00   7.1409903e-01   1.0000000e+00
   2.4100000e+00   7.1211941e-01   1.0000000e+00
   2.4300000e+00   7.1029769e-01   1.0000000e+00
   2.4500000e+00   7.0849544e-01   1.0000000e+00
   2.4700000e+00   7.0656679e-01   1.0000000e+00
   2.4900000e+00   7.0451174e-01   1.0000000e+00
   2.5100000e+00   7.0290861e-01   1.0000000e+00
   2.5300000e+00   7.0105539e-01   1.0000000e+00
   2.5500000e+00   6.9895209e-01   1.0000000e+00
   2.5700000e+00   6.9758159e-01   1.0000000e+00
   2.5900000e+00   6.9622855e-01   1.0000000e+00
   2.6100000e+00   6.9489295e-01   1.0000000e+00
   2.6300000e+00   6.9344000e-01   1.0000000e+00
   2.6500000e+00   6.9214563e-01   1.0000000e+00
   2.6700000e+00   6.9100985e-01   1.0000000e+00
   2.6900000e+00   6.8887234e-01   1.0000000e+00
   2.7100000e+00   6.8696045e-01   1.0000000e+00
   2.7300000e+00   6.8527417e-01   1.0000000e+00
   2.7500000e+00   6.8400560e-01   1.0000000e+00
   2.7700000e+00   6.8261904e-01   1.0000000e+00
   2.7900000e+00   6.8111449e-01   1.0000000e+00
   2.8100000e+00   6.7907821e-01   1.0000000e+00
   2.8300000e+00   6.7725851e-01   1.0000000e+00
   2.8500000e+00   6.7565538e-01   1.0000000e+00
   2.8700000e+00   6.7353330e-01   1.0000000e+00
   2.8900000e+00   6.7160465e-01   1.0000000e+00
   2.9100000e+00   6.6986942e-01   1.0000000e+00
   2.9300000e+00   6.6798067e-01   1.0000000e+00
   2.9500000e+00   6.6588307e-01   1.0000000e+00
   2.9700000e+00   6.6357661e-01   1.0000000e+00
   2.9900000e+00   6.6090473e-01   1.0000000e+00
   3.0100000e+00   6.5823284e-01   1.0000000e+00
   3.0300000e+00   6.5556096e-01   1.0000000e+00
   3.0500000e+00   6.5241907e-01   1.0000000e+00
   3.0700000e+00   6.4924500e-01   1.0000000e+00
   3.0900000e+00   6.4603873e-01   1.0000000e+00
   3.1100000e+00   6.4283247e-01   1.0000000e+00
   3.1300000e+00   6.3962621e-01   1.0000000e+00
   3.1500000e+00   6.3641995e-01   1.0000000e+00
   3.1700000e+00   6.3322037e-01   1.0000000e+00
   3.1900000e+00   6.3055182e-01   1.0000000e+00
   3.2100000e+00   6.2841432e-01   1.0000000e+00
   3.2300000e+00   6.2627681e-01   1.0000000e+00
   3.2500000e+00   6.2429149e-01   1.0000000e+00
   3.2700000e+00   6.2245838e-01   1.0000000e+00
   3.2900000e+00   6.2085524e-01   1.0000000e+00
   3.3100000e+00   6.1928764e-01   1.0000000e+00
   3.3300000e+00   6.1775557e-01   1.0000000e+00
   3.3500000e+00   6.1668682e-01   1.0000000e+00
   3.3700000e+00   6.1561806e-01   1.0000000e+00
   3.3900000e+00   6.1454931e-01   1.0000000e+00
   3.4100000e+00   6.1348055e-01   1.0000000e+00
   3.4300000e+00   6.1228408e-01   1.0000000e+00
   3.4500000e+00   6.1095988e-01   1.0000000e+00
   3.4700000e+00   6.0949553e-01   1.0000000e+00
   3.4900000e+00   6.0824003e-01   1.0000000e+00
   3.5100000e+00   6.0719339e-01   1.0000000e+00
   3.5300000e+00   6.0665902e-01   1.0000000e+00
   3.5500000e+00   6.0568481e-01   1.0000000e+00
   3.5700000e+00   6.0427078e-01   1.0000000e+00
   3.5900000e+00   6.0331397e-01   1.0000000e+00
   3.6100000e+00   6.0236189e-01   1.0000000e+00
   3.6300000e+00   6.0141452e-01   1.0000000e+00
   3.6500000e+00   5.9972155e-01   1.0000000e+00
   3.6700000e+00   5.9780632e-01   1.0000000e+00
   3.6900000e+00   5.9566881e-01   1.0000000e+00
   3.7100000e+00   5.9353130e-01   1.0000000e+00
   3.7300000e+00   5.9139379e-01   1.0000000e+00
   3.7500000e+00   5.8925628e-01   1.0000000e+00
   3.7700000e+00   5.8684456e-01   1.0000000e+00
   3.7900000e+00   5.8453908e-01   1.0000000e+00
