   6.1000000e-01   9.4529327e-01   0.0000000e+00
   6.3000000e-01   9.3260101e-01   0.0000000e+00
   6.5000000e-01   9.1444094e-01   0.0000000e+00
   6.7000000e-01   8.9280304e-01   0.0000000e+00
   6.9000000e-01   8.6768732e-01   0.0000000e+00
   7.1000000e-01   8.4712417e-01   0.0000000e+00
   7.3000000e-01   8.2678733e-01   0.0000000e+00
   7.5000000e-01   8.0667678e-01   0.0000000e+00
   7.7000000e-01   7.8903359e-01   0.0000000e+00
   7.9000000e-01   7.7321246e-01   0.0000000e+00
   8.1000000e-01   7.5921340e-01   0.0000000e+00
   8.3000000e-01   7.4478522e-01   0.0000000e+00
   8.5000000e-01   7.3114150e-01   0.0000000e+00
   8.7000000e-01   7.1828225e-01   0.0000000e+00
   8.9000000e-01   7.0545720e-01   0.0000000e+00
   9.1000000e-01   6.9321144e-01   0.0000000e+00
   9.3000000e-01   6.8154498e-01   0.0000000e+00
   9.5000000e-01   6.7189533e-01   0.0000000e+00
   9.7000000e-01   6.6338618e-01   0.0000000e+00
   9.9000000e-01   6.5601754e-01   0.0000000e+00
   1.0100000e+00   6.4960501e-01   0.0000000e+00
   1.0300000e+00   6.4319249e-01   0.0000000e+00
   1.0500000e+00   6.3677997e-01   0.0000000e+00
   1.0700000e+00   6.3143954e-01   0.0000000e+00
   1.0900000e+00   6.2624428e-01   0.0000000e+00
   1.1100000e+00   6.2119418e-01   0.0000000e+00
   1.1300000e+00   6.1609848e-01   0.0000000e+00
   1.1500000e+00   6.1141312e-01   0.0000000e+00
   1.1700000e+00   6.0713811e-01   0.0000000e+00
   1.1900000e+00   6.0286309e-01   0.0000000e+00
   1.2100000e+00   5.9816299e-01   0.0000000e+00
   1.2300000e+00   5.9303781e-01   0.0000000e+00
   1.2500000e+00   5.8800246e-01   0.0000000e+00
   1.2700000e+00   5.8317596e-01   0.0000000e+00
   1.2900000e+00   5.7855832e-01   0.0000000e+00
   1.3100000e+00   5.7428331e-01   0.0000000e+00
   1.3300000e+00   5.7000829e-01   0.0000000e+00
   1.3500000e+00   5.6573327e-01   0.0000000e+00
   1.3700000e+00   5.6145826e-01   0.0000000e+00
   1.3900000e+00   5.5718324e-01   0.0000000e+00
   1.4100000e+00   5.5290823e-01   0.0000000e+00
   1.4300000e+00   5.4889268e-01   0.0000000e+00
   1.4500000e+00   5.4494319e-01   0.0000000e+00
   1.4700000e+00   5.4105974e-01   0.0000000e+00
   1.4900000e+00   5.3683701e-01   0.0000000e+00
   1.5100000e+00   5.3312251e-01   0.0000000e+00
   1.5300000e+00   5.2991625e-01   0.0000000e+00
   1.5500000e+00   5.2626613e-01   0.0000000e+00
   1.5700000e+00   5.2289795e-01   0.0000000e+00
   1.5900000e+00   5.1981169e-01   0.0000000e+00
   1.6100000e+00   5.1713980e-01   0.0000000e+00
   1.6300000e+00   5.1446792e-01   0.0000000e+00
   1.6500000e+00   5.1179603e-01   0.0000000e+00
   1.6700000e+00   5.0912415e-01   0.0000000e+00
   1.6900000e+00   5.0670805e-01   0.0000000e+00
   1.7100000e+00   5.0454774e-01   0.0000000e+00
   1.7300000e+00   5.0320005e-01   0.0000000e+00
   1.7500000e+00   5.0185271e-01   0.0000000e+00
   1.7700000e+00   5.0050571e-01   0.0000000e+00
   1.7900000e+00   4.9906416e-01   0.0000000e+00
   1.8100000e+00   4.9780901e-01   0.0000000e+00
   1.8300000e+00   4.9674025e-01   0.0000000e+00
   1.8500000e+00   4.9567150e-01   0.0000000e+00
   1.8700000e+00   4.9437143e-01   0.0000000e+00
   1.8900000e+00   4.9284005e-01   0.0000000e+00
   1.9100000e+00   4.9158288e-01   0.0000000e+00
   1.9300000e+00   4.9041992e-01   0.0000000e+00
   1.9500000e+00   4.8935116e-01   0.0000000e+00
   1.9700000e+00   4.8828241e-01   0.0000000e+00
   1.9900000e+00   4.8721366e-01   0.0000000e+00
   2.0100000e+00   4.8614490e-01   0.0000000e+00
   2.0300000e+00   4.8507615e-01   0.0000000e+00
   2.0500000e+00   4.8421424e-01   0.0000000e+00
   2.0700000e+00   4.8355916e-01   0.0000000e+00
   2.0900000e+00   4.8272777e-01   0.0000000e+00
   2.1100000e+00   4.8186787e-01   0.0000000e+00
   2.1300000e+00   4.8097947e-01   0.0000000e+00
   2.1500000e+00   4.8038140e-01   0.0000000e+00
   2.1700000e+00   4.7954800e-01   0.0000000e+00
   2.1900000e+00   4.7847924e-01   0.0000000e+00
   2.2100000e+00   4.7741049e-01   0.0000000e+00
   2.2300000e+00   4.7670647e-01   0.0000000e+00
   2.2500000e+00   4.7636719e-01   0.0000000e+00
   2.2700000e+00   4.7636719e-01   0.0000000e+00
   2.2900000e+00   4.7630148e-01   0.0000000e+00
   2.3100000e+00   4.7617008e-01   0.0000000e+00
   2.3300000e+00   4.7565044e-01   0.0000000e+00
   2.3500000e+00   4.7539063e-01   0.0000000e+00
   2.3700000e+00   4.7539063e-01   0.0000000e+00
   2.3900000e+00   4.7582308e-01   0.0000000e+00
   2.4100000e+00   4.7614860e-01   0.0000000e+00
   2.4300000e+00   4.7636719e-01   0.0000000e+00
   2.4500000e+00   4.7656631e-01   0.0000000e+00
   2.4700000e+00   4.7693306e-01   0.0000000e+00
   2.4900000e+00   4.7746744e-01   0.0000000e+00
   2.5100000e+00   4.7800182e-01   0.0000000e+00
   2.5300000e+00   4.7828611e-01   0.0000000e+00
   2.5500000e+00   4.7832031e-01   0.0000000e+00
   2.5700000e+00   4.7832031e-01   0.0000000e+00
   2.5900000e+00   4.7832031e-01   0.0000000e+00
   2.6100000e+00   4.7832031e-01   0.0000000e+00
   2.6300000e+00   4.7801995e-01   0.0000000e+00
   2.6500000e+00   4.7736891e-01   0.0000000e+00
   2.6700000e+00   4.7636719e-01   0.0000000e+00
   2.6900000e+00   4.7636719e-01   0.0000000e+00
   2.7100000e+00   4.7591596e-01   0.0000000e+00
   2.7300000e+00   4.7501351e-01   0.0000000e+00
   2.7500000e+00   4.7394475e-01   0.0000000e+00
   2.7700000e+00   4.7298495e-01   0.0000000e+00
   2.7900000e+00   4.7213409e-01   0.0000000e+00
   2.8100000e+00   4.7139725e-01   0.0000000e+00
   2.8300000e+00   4.7022726e-01   0.0000000e+00
   2.8500000e+00   4.6862413e-01   0.0000000e+00
   2.8700000e+00   4.6753994e-01   0.0000000e+00
   2.8900000e+00   4.6646347e-01   0.0000000e+00
   2.9100000e+00   4.6539472e-01   0.0000000e+00
   2.9300000e+00   4.6432596e-01   0.0000000e+00
   2.9500000e+00   4.6317274e-01   0.0000000e+00
   2.9700000e+00   4.6193503e-01   0.0000000e+00
   2.9900000e+00   4.6043647e-01   0.0000000e+00
   3.0100000e+00   4.5942001e-01   0.0000000e+00
   3.0300000e+00   4.5888563e-01   0.0000000e+00
   3.0500000e+00   4.5741125e-01   0.0000000e+00
   3.0700000e+00   4.5622583e-01   0.0000000e+00
   3.0900000e+00   4.5532937e-01   0.0000000e+00
   3.1100000e+00   4.5432165e-01   0.0000000e+00
   3.1300000e+00   4.5313624e-01   0.0000000e+00
   3.1500000e+00   4.5177312e-01   0.0000000e+00
   3.1700000e+00   4.5123540e-01   0.0000000e+00
   3.1900000e+00   4.5043216e-01   0.0000000e+00
   3.2100000e+00   4.4936341e-01   0.0000000e+00
   3.2300000e+00   4.4829465e-01   0.0000000e+00
   3.2500000e+00   4.4722590e-01   0.0000000e+00
   3.2700000e+00   4.4615715e-01   0.0000000e+00
   3.2900000e+00   4.4546384e-01   0.0000000e+00
   3.3100000e+00   4.4504613e-01   0.0000000e+00
   3.3300000e+00   4.4490401e-01   0.0000000e+00
   3.3500000e+00   4.4383525e-01   0.0000000e+00
   3.3700000e+00   4.4276650e-01   0.0000000e+00
   3.3900000e+00   4.4169775e-01   0.0000000e+00
   3.4100000e+00   4.4100110e-01   0.0000000e+00
   3.4300000e+00   4.4038559e-01   0.0000000e+00
   3.4500000e+00   4.3985121e-01   0.0000000e+00
   3.4700000e+00   4.3931683e-01   0.0000000e+00
   3.4900000e+00   4.3877140e-01   0.0000000e+00
   3.5100000e+00   4.3821491e-01   0.0000000e+00
   3.5300000e+00   4.3714615e-01   0.0000000e+00
   3.5500000e+00   4.3629731e-01   0.0000000e+00
   3.5700000e+00   4.3566839e-01   0.0000000e+00
   3.5900000e+00   4.3481085e-01   0.0000000e+00
   3.6100000e+00   4.3395095e-01   0.0000000e+00
   3.6300000e+00   4.3308869e-01   0.0000000e+00
   3.6500000e+00   4.3246448e-01   0.0000000e+00
   3.6700000e+00   4.3161800e-01   0.0000000e+00
   3.6900000e+00   4.3054925e-01   0.0000000e+00
   3.7100000e+00   4.2998804e-01   0.0000000e+00
   3.7300000e+00   4.2944024e-01   0.0000000e+00
   3.7500000e+00   4.2890587e-01   0.0000000e+00
   3.7700000e+00   4.2809728e-01   0.0000000e+00
   2.1600000e+00   7.3184443e-01   1.0000000e+00
   2.1800000e+00   7.2970692e-01   1.0000000e+00
   2.2000000e+00   7.2805082e-01   1.0000000e+00
   2.2200000e+00   7.2687611e-01   1.0000000e+00
   2.2400000e+00   7.2507788e-01   1.0000000e+00
   2.2600000e+00   7.2311002e-01   1.0000000e+00
   2.2800000e+00   7.2097251e-01   1.0000000e+00
   2.3000000e+00   7.1857219e-01   1.0000000e+00
   2.3200000e+00   7.1577626e-01   1.0000000e+00
   2.3400000e+00   7.1258474e-01   1.0000000e+00
   2.3600000e+00   7.0991286e-01   1.0000000e+00
   2.3800000e+00   7.0702475e-01   1.0000000e+00
   2.4000000e+00   7.0392041e-01   1.0000000e+00
   2.4200000e+00   7.0102993e-01   1.0000000e+00
   2.4400000e+00   6.9824876e-01   1.0000000e+00
   2.4600000e+00   6.9557687e-01   1.0000000e+00
   2.4800000e+00   6.9290499e-01   1.0000000e+00
   2.5000000e+00   6.9023310e-01   1.0000000e+00
   2.5200000e+00   6.8756122e-01   1.0000000e+00
   2.5400000e+00   6.8438916e-01   1.0000000e+00
   2.5600000e+00   6.8139175e-01   1.0000000e+00
   2.5800000e+00   6.7856900e-01   1.0000000e+00
   2.6000000e+00   6.7616396e-01   1.0000000e+00
   2.6200000e+00   6.7381759e-01   1.0000000e+00
   2.6400000e+00   6.7152990e-01   1.0000000e+00
   2.6600000e+00   6.6889153e-01   1.0000000e+00
   2.6800000e+00   6.6650360e-01   1.0000000e+00
   2.7000000e+00   6.6436609e-01   1.0000000e+00
   2.7200000e+00   6.6267981e-01   1.0000000e+00
   2.7400000e+00   6.6086782e-01   1.0000000e+00
   2.7600000e+00   6.5893012e-01   1.0000000e+00
   2.7800000e+00   6.5679262e-01   1.0000000e+00
   2.8000000e+00   6.5470573e-01   1.0000000e+00
   2.8200000e+00   6.5266945e-01   1.0000000e+00
   2.8400000e+00   6.5106632e-01   1.0000000e+00
   2.8600000e+00   6.4946319e-01   1.0000000e+00
   2.8800000e+00   6.4786006e-01   1.0000000e+00
   2.9000000e+00   6.4625693e-01   1.0000000e+00
   2.9200000e+00   6.4465379e-01   1.0000000e+00
   2.9400000e+00   6.4305066e-01   1.0000000e+00
   2.9600000e+00   6.4144753e-01   1.0000000e+00
   2.9800000e+00   6.3984440e-01   1.0000000e+00
   3.0000000e+00   6.3824127e-01   1.0000000e+00
   3.0200000e+00   6.3663814e-01   1.0000000e+00
   3.0400000e+00   6.3503501e-01   1.0000000e+00
   3.0600000e+00   6.3343188e-01   1.0000000e+00
   3.0800000e+00   6.3182875e-01   1.0000000e+00
