   6.1000000e-01   9.6331894e-01   0.0000000e+00
   6.3000000e-01   9.5184964e-01   0.0000000e+00
   6.5000000e-01   9.3514252e-01   0.0000000e+00
   6.7000000e-01   9.1396391e-01   0.0000000e+00
   6.9000000e-01   8.8831381e-01   0.0000000e+00
   7.1000000e-01   8.6630577e-01   0.0000000e+00
   7.3000000e-01   8.4529140e-01   0.0000000e+00
   7.5000000e-01   8.2527069e-01   0.0000000e+00
   7.7000000e-01   8.0825239e-01   0.0000000e+00
   7.9000000e-01   7.9274371e-01   0.0000000e+00
   8.1000000e-01   7.7874465e-01   0.0000000e+00
   8.3000000e-01   7.6431647e-01   0.0000000e+00
   8.5000000e-01   7.5014977e-01   0.0000000e+00
   8.7000000e-01   7.3624457e-01   0.0000000e+00
   8.9000000e-01   7.2275708e-01   0.0000000e+00
   9.1000000e-01   7.1049220e-01   0.0000000e+00
   9.3000000e-01   6.9944995e-01   0.0000000e+00
   9.5000000e-01   6.9053852e-01   0.0000000e+00
   9.7000000e-01   6.8186411e-01   0.0000000e+00
   9.9000000e-01   6.7342671e-01   0.0000000e+00
   1.0100000e+00   6.6594543e-01   0.0000000e+00
   1.0300000e+00   6.5893819e-01   0.0000000e+00
   1.0500000e+00   6.5240497e-01   0.0000000e+00
   1.0700000e+00   6.4634981e-01   0.0000000e+00
   1.0900000e+00   6.4062385e-01   0.0000000e+00
   1.1100000e+00   6.3522711e-01   0.0000000e+00
   1.1300000e+00   6.3041771e-01   0.0000000e+00
   1.1500000e+00   6.2560463e-01   0.0000000e+00
   1.1700000e+00   6.2078787e-01   0.0000000e+00
   1.1900000e+00   6.1544410e-01   0.0000000e+00
   1.2100000e+00   6.1031287e-01   0.0000000e+00
   1.2300000e+00   6.0539418e-01   0.0000000e+00
   1.2500000e+00   6.0058479e-01   0.0000000e+00
   1.2700000e+00   5.9567952e-01   0.0000000e+00
   1.2900000e+00   5.9067837e-01   0.0000000e+00
   1.3100000e+00   5.8525951e-01   0.0000000e+00
   1.3300000e+00   5.7961101e-01   0.0000000e+00
   1.3500000e+00   5.7373286e-01   0.0000000e+00
   1.3700000e+00   5.6933312e-01   0.0000000e+00
   1.3900000e+00   5.6424347e-01   0.0000000e+00
   1.4100000e+00   5.5846390e-01   0.0000000e+00
   1.4300000e+00   5.5282979e-01   0.0000000e+00
   1.4500000e+00   5.4753664e-01   0.0000000e+00
   1.4700000e+00   5.4258444e-01   0.0000000e+00
   1.4900000e+00   5.3726681e-01   0.0000000e+00
   1.5100000e+00   5.3220330e-01   0.0000000e+00
   1.5300000e+00   5.2739391e-01   0.0000000e+00
   1.5500000e+00   5.2302837e-01   0.0000000e+00
   1.5700000e+00   5.1903529e-01   0.0000000e+00
   1.5900000e+00   5.1541465e-01   0.0000000e+00
   1.6100000e+00   5.1241892e-01   0.0000000e+00
   1.6300000e+00   5.0963204e-01   0.0000000e+00
   1.6500000e+00   5.0705402e-01   0.0000000e+00
   1.6700000e+00   5.0491651e-01   0.0000000e+00
   1.6900000e+00   5.0277900e-01   0.0000000e+00
   1.7100000e+00   5.0064149e-01   0.0000000e+00
   1.7300000e+00   4.9850398e-01   0.0000000e+00
   1.7500000e+00   4.9664472e-01   0.0000000e+00
   1.7700000e+00   4.9506370e-01   0.0000000e+00
   1.7900000e+00   4.9383337e-01   0.0000000e+00
   1.8100000e+00   4.9246155e-01   0.0000000e+00
   1.8300000e+00   4.9094825e-01   0.0000000e+00
   1.8500000e+00   4.9041387e-01   0.0000000e+00
   1.8700000e+00   4.8964818e-01   0.0000000e+00
   1.8900000e+00   4.8865118e-01   0.0000000e+00
   1.9100000e+00   4.8827435e-01   0.0000000e+00
   1.9300000e+00   4.8797129e-01   0.0000000e+00
   1.9500000e+00   4.8774199e-01   0.0000000e+00
   1.9700000e+00   4.8732025e-01   0.0000000e+00
   1.9900000e+00   4.8710938e-01   0.0000000e+00
   2.0100000e+00   4.8710938e-01   0.0000000e+00
   2.0300000e+00   4.8710938e-01   0.0000000e+00
   2.0500000e+00   4.8731622e-01   0.0000000e+00
   2.0700000e+00   4.8772990e-01   0.0000000e+00
   2.0900000e+00   4.8796726e-01   0.0000000e+00
   2.1100000e+00   4.8808594e-01   0.0000000e+00
   2.1300000e+00   4.8808594e-01   0.0000000e+00
   2.1500000e+00   4.8808594e-01   0.0000000e+00
   2.1700000e+00   4.8808594e-01   0.0000000e+00
   2.1900000e+00   4.8808594e-01   0.0000000e+00
   2.2100000e+00   4.8808594e-01   0.0000000e+00
   2.2300000e+00   4.8808594e-01   0.0000000e+00
   2.2500000e+00   4.8808594e-01   0.0000000e+00
   2.2700000e+00   4.8808594e-01   0.0000000e+00
   2.2900000e+00   4.8802023e-01   0.0000000e+00
   2.3100000e+00   4.8788883e-01   0.0000000e+00
   2.3300000e+00   4.8735445e-01   0.0000000e+00
   2.3500000e+00   4.8682007e-01   0.0000000e+00
   2.3700000e+00   4.8628570e-01   0.0000000e+00
   2.3900000e+00   4.8531886e-01   0.0000000e+00
   2.4100000e+00   4.8445897e-01   0.0000000e+00
   2.4300000e+00   4.8370600e-01   0.0000000e+00
   2.4500000e+00   4.8317163e-01   0.0000000e+00
   2.4700000e+00   4.8259602e-01   0.0000000e+00
   2.4900000e+00   4.8197918e-01   0.0000000e+00
   2.5100000e+00   4.8091043e-01   0.0000000e+00
   2.5300000e+00   4.7984167e-01   0.0000000e+00
   2.5500000e+00   4.7877292e-01   0.0000000e+00
   2.5700000e+00   4.7808767e-01   0.0000000e+00
   2.5900000e+00   4.7734444e-01   0.0000000e+00
   2.6100000e+00   4.7654322e-01   0.0000000e+00
   2.6300000e+00   4.7562464e-01   0.0000000e+00
   2.6500000e+00   4.7488141e-01   0.0000000e+00
   2.6700000e+00   4.7431352e-01   0.0000000e+00
   2.6900000e+00   4.7324476e-01   0.0000000e+00
   2.7100000e+00   4.7217601e-01   0.0000000e+00
   2.7300000e+00   4.7110726e-01   0.0000000e+00
   2.7500000e+00   4.7037306e-01   0.0000000e+00
   2.7700000e+00   4.6962983e-01   0.0000000e+00
   2.7900000e+00   4.6887756e-01   0.0000000e+00
   2.8100000e+00   4.6780880e-01   0.0000000e+00
   2.8300000e+00   4.6674005e-01   0.0000000e+00
   2.8500000e+00   4.6567129e-01   0.0000000e+00
   2.8700000e+00   4.6460254e-01   0.0000000e+00
   2.8900000e+00   4.6353379e-01   0.0000000e+00
   2.9100000e+00   4.6246503e-01   0.0000000e+00
   2.9300000e+00   4.6139628e-01   0.0000000e+00
   2.9500000e+00   4.6032752e-01   0.0000000e+00
   2.9700000e+00   4.5925877e-01   0.0000000e+00
   2.9900000e+00   4.5819002e-01   0.0000000e+00
   3.0100000e+00   4.5712126e-01   0.0000000e+00
   3.0300000e+00   4.5605251e-01   0.0000000e+00
   3.0500000e+00   4.5545375e-01   0.0000000e+00
   3.0700000e+00   4.5471052e-01   0.0000000e+00
   3.0900000e+00   4.5382281e-01   0.0000000e+00
   3.1100000e+00   4.5275405e-01   0.0000000e+00
   3.1300000e+00   4.5180530e-01   0.0000000e+00
   3.1500000e+00   4.5097656e-01   0.0000000e+00
   3.1700000e+00   4.5096988e-01   0.0000000e+00
   3.1900000e+00   4.5043216e-01   0.0000000e+00
   3.2100000e+00   4.4936341e-01   0.0000000e+00
   3.2300000e+00   4.4829465e-01   0.0000000e+00
   3.2500000e+00   4.4753029e-01   0.0000000e+00
   3.2700000e+00   4.4707031e-01   0.0000000e+00
   3.2900000e+00   4.4669486e-01   0.0000000e+00
   3.3100000e+00   4.4600829e-01   0.0000000e+00
   3.3300000e+00   4.4501060e-01   0.0000000e+00
   3.3500000e+00   4.4447622e-01   0.0000000e+00
   3.3700000e+00   4.4394184e-01   0.0000000e+00
   3.3900000e+00   4.4340747e-01   0.0000000e+00
   3.4100000e+00   4.4250098e-01   0.0000000e+00
   3.4300000e+00   4.4164108e-01   0.0000000e+00
   3.4500000e+00   4.4082777e-01   0.0000000e+00
   3.4700000e+00   4.4029340e-01   0.0000000e+00
   3.4900000e+00   4.3974796e-01   0.0000000e+00
   3.5100000e+00   4.3919147e-01   0.0000000e+00
   3.5300000e+00   4.3812272e-01   0.0000000e+00
   3.5500000e+00   4.3749379e-01   0.0000000e+00
   3.5700000e+00   4.3730469e-01   0.0000000e+00
   3.5900000e+00   4.3730469e-01   0.0000000e+00
   3.6100000e+00   4.3720144e-01   0.0000000e+00
   3.6300000e+00   4.3699494e-01   0.0000000e+00
   3.6500000e+00   4.3655040e-01   0.0000000e+00
   3.6700000e+00   4.3632813e-01   0.0000000e+00
   3.6900000e+00   4.3632813e-01   0.0000000e+00
   3.7100000e+00   4.3582058e-01   0.0000000e+00
   3.7300000e+00   4.3549506e-01   0.0000000e+00
   3.7500000e+00   4.3535156e-01   0.0000000e+00
   3.7700000e+00   4.3535156e-01   0.0000000e+00
   2.1000000e+00   7.4411633e-01   1.0000000e+00
   2.1200000e+00   7.4197882e-01   1.0000000e+00
   2.1400000e+00   7.3980947e-01   1.0000000e+00
   2.1600000e+00   7.3760827e-01   1.0000000e+00
   2.1800000e+00   7.3493639e-01   1.0000000e+00
   2.2000000e+00   7.3226450e-01   1.0000000e+00
   2.2200000e+00   7.2959262e-01   1.0000000e+00
   2.2400000e+00   7.2619126e-01   1.0000000e+00
   2.2600000e+00   7.2286833e-01   1.0000000e+00
   2.2800000e+00   7.1962384e-01   1.0000000e+00
   2.3000000e+00   7.1682055e-01   1.0000000e+00
   2.3200000e+00   7.1381577e-01   1.0000000e+00
   2.3400000e+00   7.1060951e-01   1.0000000e+00
   2.3600000e+00   7.0740324e-01   1.0000000e+00
   2.3800000e+00   7.0441321e-01   1.0000000e+00
   2.4000000e+00   7.0163940e-01   1.0000000e+00
   2.4200000e+00   6.9928331e-01   1.0000000e+00
   2.4400000e+00   6.9703651e-01   1.0000000e+00
   2.4600000e+00   6.9489900e-01   1.0000000e+00
   2.4800000e+00   6.9276149e-01   1.0000000e+00
   2.5000000e+00   6.9062398e-01   1.0000000e+00
   2.5200000e+00   6.8848647e-01   1.0000000e+00
   2.5400000e+00   6.8534862e-01   1.0000000e+00
   2.5600000e+00   6.8294358e-01   1.0000000e+00
   2.5800000e+00   6.8127135e-01   1.0000000e+00
   2.6000000e+00   6.7940206e-01   1.0000000e+00
   2.6200000e+00   6.7705639e-01   1.0000000e+00
   2.6400000e+00   6.7423432e-01   1.0000000e+00
   2.6600000e+00   6.7102806e-01   1.0000000e+00
   2.6800000e+00   6.6782180e-01   1.0000000e+00
   2.7000000e+00   6.6461554e-01   1.0000000e+00
   2.7200000e+00   6.6276296e-01   1.0000000e+00
   2.7400000e+00   6.6120238e-01   1.0000000e+00
   2.7600000e+00   6.5993381e-01   1.0000000e+00
   2.7800000e+00   6.5951875e-01   1.0000000e+00
