   6.1000000e-01   9.6444971e-01   0.0000000e+00
   6.3000000e-01   9.5328883e-01   0.0000000e+00
   6.5000000e-01   9.3787573e-01   0.0000000e+00
   6.7000000e-01   9.1948164e-01   0.0000000e+00
   6.9000000e-01   8.9810656e-01   0.0000000e+00
   7.1000000e-01   8.7627622e-01   0.0000000e+00
   7.3000000e-01   8.5474492e-01   0.0000000e+00
   7.5000000e-01   8.3351264e-01   0.0000000e+00
   7.7000000e-01   8.1600086e-01   0.0000000e+00
   7.9000000e-01   8.0067455e-01   0.0000000e+00
   8.1000000e-01   7.8753371e-01   0.0000000e+00
   8.3000000e-01   7.7310553e-01   0.0000000e+00
   8.5000000e-01   7.5867735e-01   0.0000000e+00
   8.7000000e-01   7.4424917e-01   0.0000000e+00
   8.9000000e-01   7.3022730e-01   0.0000000e+00
   9.1000000e-01   7.1742805e-01   0.0000000e+00
   9.3000000e-01   7.0585142e-01   0.0000000e+00
   9.5000000e-01   6.9640561e-01   0.0000000e+00
   9.7000000e-01   6.8716867e-01   0.0000000e+00
   9.9000000e-01   6.7814057e-01   0.0000000e+00
   1.0100000e+00   6.6959054e-01   0.0000000e+00
   1.0300000e+00   6.6175155e-01   0.0000000e+00
   1.0500000e+00   6.5462361e-01   0.0000000e+00
   1.0700000e+00   6.4874880e-01   0.0000000e+00
   1.0900000e+00   6.4301916e-01   0.0000000e+00
   1.1100000e+00   6.3743469e-01   0.0000000e+00
   1.1300000e+00   6.3180462e-01   0.0000000e+00
   1.1500000e+00   6.2657751e-01   0.0000000e+00
   1.1700000e+00   6.2175338e-01   0.0000000e+00
   1.1900000e+00   6.1587523e-01   0.0000000e+00
   1.2100000e+00   6.1020962e-01   0.0000000e+00
   1.2300000e+00   6.0475656e-01   0.0000000e+00
   1.2500000e+00   5.9941279e-01   0.0000000e+00
   1.2700000e+00   5.9397314e-01   0.0000000e+00
   1.2900000e+00   5.8843762e-01   0.0000000e+00
   1.3100000e+00   5.8248438e-01   0.0000000e+00
   1.3300000e+00   5.7630150e-01   0.0000000e+00
   1.3500000e+00   5.6988897e-01   0.0000000e+00
   1.3700000e+00   5.6396925e-01   0.0000000e+00
   1.3900000e+00   5.5788225e-01   0.0000000e+00
   1.4100000e+00   5.5162796e-01   0.0000000e+00
   1.4300000e+00   5.4547491e-01   0.0000000e+00
   1.4500000e+00   5.3945931e-01   0.0000000e+00
   1.4700000e+00   5.3358116e-01   0.0000000e+00
   1.4900000e+00   5.2775530e-01   0.0000000e+00
   1.5100000e+00   5.2243768e-01   0.0000000e+00
   1.5300000e+00   5.1762828e-01   0.0000000e+00
   1.5500000e+00   5.1326275e-01   0.0000000e+00
   1.5700000e+00   5.0943326e-01   0.0000000e+00
   1.5900000e+00   5.0613982e-01   0.0000000e+00
   1.6100000e+00   5.0325740e-01   0.0000000e+00
   1.6300000e+00   5.0035386e-01   0.0000000e+00
   1.6500000e+00   4.9742918e-01   0.0000000e+00
   1.6700000e+00   4.9582605e-01   0.0000000e+00
   1.6900000e+00   4.9422292e-01   0.0000000e+00
   1.7100000e+00   4.9261979e-01   0.0000000e+00
   1.7300000e+00   4.9062175e-01   0.0000000e+00
   1.7500000e+00   4.8883222e-01   0.0000000e+00
   1.7700000e+00   4.8725120e-01   0.0000000e+00
   1.7900000e+00   4.8602087e-01   0.0000000e+00
   1.8100000e+00   4.8462659e-01   0.0000000e+00
   1.8300000e+00   4.8306838e-01   0.0000000e+00
   1.8500000e+00   4.8199962e-01   0.0000000e+00
   1.8700000e+00   4.8116218e-01   0.0000000e+00
   1.8900000e+00   4.8055606e-01   0.0000000e+00
   1.9100000e+00   4.7967572e-01   0.0000000e+00
   1.9300000e+00   4.7893047e-01   0.0000000e+00
   1.9500000e+00   4.7832031e-01   0.0000000e+00
   1.9700000e+00   4.7820768e-01   0.0000000e+00
   1.9900000e+00   4.7788417e-01   0.0000000e+00
   2.0100000e+00   4.7734979e-01   0.0000000e+00
   2.0300000e+00   4.7734577e-01   0.0000000e+00
   2.0500000e+00   4.7755059e-01   0.0000000e+00
   2.0700000e+00   4.7796427e-01   0.0000000e+00
   2.0900000e+00   4.7849865e-01   0.0000000e+00
   2.1100000e+00   4.7912320e-01   0.0000000e+00
   2.1300000e+00   4.7983793e-01   0.0000000e+00
   2.1500000e+00   4.8090669e-01   0.0000000e+00
   2.1700000e+00   4.8197544e-01   0.0000000e+00
   2.1900000e+00   4.8304420e-01   0.0000000e+00
   2.2100000e+00   4.8411295e-01   0.0000000e+00
   2.2300000e+00   4.8481697e-01   0.0000000e+00
   2.2500000e+00   4.8515625e-01   0.0000000e+00
   2.2700000e+00   4.8540432e-01   0.0000000e+00
   2.2900000e+00   4.8572984e-01   0.0000000e+00
   2.3100000e+00   4.8613281e-01   0.0000000e+00
   2.3300000e+00   4.8613281e-01   0.0000000e+00
   2.3500000e+00   4.8613281e-01   0.0000000e+00
   2.3700000e+00   4.8613281e-01   0.0000000e+00
   2.3900000e+00   4.8526790e-01   0.0000000e+00
   2.4100000e+00   4.8445897e-01   0.0000000e+00
   2.4300000e+00   4.8370600e-01   0.0000000e+00
   2.4500000e+00   4.8317163e-01   0.0000000e+00
   2.4700000e+00   4.8259602e-01   0.0000000e+00
   2.4900000e+00   4.8197918e-01   0.0000000e+00
   2.5100000e+00   4.8091043e-01   0.0000000e+00
   2.5300000e+00   4.7984167e-01   0.0000000e+00
   2.5500000e+00   4.7877292e-01   0.0000000e+00
   2.5700000e+00   4.7770416e-01   0.0000000e+00
   2.5900000e+00   4.7676883e-01   0.0000000e+00
   2.6100000e+00   4.7596692e-01   0.0000000e+00
   2.6300000e+00   4.7528237e-01   0.0000000e+00
   2.6500000e+00   4.7440571e-01   0.0000000e+00
   2.6700000e+00   4.7333696e-01   0.0000000e+00
   2.6900000e+00   4.7226820e-01   0.0000000e+00
   2.7100000e+00   4.7142506e-01   0.0000000e+00
   2.7300000e+00   4.7080753e-01   0.0000000e+00
   2.7500000e+00   4.6993859e-01   0.0000000e+00
   2.7700000e+00   4.6896975e-01   0.0000000e+00
   2.7900000e+00   4.6790099e-01   0.0000000e+00
   2.8100000e+00   4.6693347e-01   0.0000000e+00
   2.8300000e+00   4.6618252e-01   0.0000000e+00
   2.8500000e+00   4.6564815e-01   0.0000000e+00
   2.8700000e+00   4.6459482e-01   0.0000000e+00
   2.8900000e+00   4.6353379e-01   0.0000000e+00
   2.9100000e+00   4.6246503e-01   0.0000000e+00
   2.9300000e+00   4.6139628e-01   0.0000000e+00
   2.9500000e+00   4.6032752e-01   0.0000000e+00
   2.9700000e+00   4.5925877e-01   0.0000000e+00
   2.9900000e+00   4.5819002e-01   0.0000000e+00
   3.0100000e+00   4.5712126e-01   0.0000000e+00
   3.0300000e+00   4.5605251e-01   0.0000000e+00
   3.0500000e+00   4.5545375e-01   0.0000000e+00
   3.0700000e+00   4.5471052e-01   0.0000000e+00
   3.0900000e+00   4.5382281e-01   0.0000000e+00
   3.1100000e+00   4.5275405e-01   0.0000000e+00
   3.1300000e+00   4.5174530e-01   0.0000000e+00
   3.1500000e+00   4.5079655e-01   0.0000000e+00
   3.1700000e+00   4.5026218e-01   0.0000000e+00
   3.1900000e+00   4.4972780e-01   0.0000000e+00
   3.2100000e+00   4.4919342e-01   0.0000000e+00
   3.2300000e+00   4.4823799e-01   0.0000000e+00
   3.2500000e+00   4.4753029e-01   0.0000000e+00
   3.2700000e+00   4.4707031e-01   0.0000000e+00
   3.2900000e+00   4.4688259e-01   0.0000000e+00
   3.3100000e+00   4.4652154e-01   0.0000000e+00
   3.3300000e+00   4.4598716e-01   0.0000000e+00
   3.3500000e+00   4.4545278e-01   0.0000000e+00
   3.3700000e+00   4.4491841e-01   0.0000000e+00
   3.3900000e+00   4.4438403e-01   0.0000000e+00
   3.4100000e+00   4.4384965e-01   0.0000000e+00
   3.4300000e+00   4.4318755e-01   0.0000000e+00
   3.4500000e+00   4.4239773e-01   0.0000000e+00
   3.4700000e+00   4.4160654e-01   0.0000000e+00
   3.4900000e+00   4.4118882e-01   0.0000000e+00
   3.5100000e+00   4.4114460e-01   0.0000000e+00
   3.5300000e+00   4.4007584e-01   0.0000000e+00
   3.5500000e+00   4.3944691e-01   0.0000000e+00
   3.5700000e+00   4.3925781e-01   0.0000000e+00
   3.5900000e+00   4.3893465e-01   0.0000000e+00
   3.6100000e+00   4.3850588e-01   0.0000000e+00
   3.6300000e+00   4.3797150e-01   0.0000000e+00
   3.6500000e+00   4.3752696e-01   0.0000000e+00
   3.6700000e+00   4.3730469e-01   0.0000000e+00
   3.6900000e+00   4.3730469e-01   0.0000000e+00
   3.7100000e+00   4.3628960e-01   0.0000000e+00
   3.7300000e+00   4.3544312e-01   0.0000000e+00
   3.7500000e+00   4.3476524e-01   0.0000000e+00
   3.7700000e+00   4.3423087e-01   0.0000000e+00
   3.7900000e+00   4.3369649e-01   0.0000000e+00
   2.1000000e+00   7.3621832e-01   1.0000000e+00
   2.1200000e+00   7.3460851e-01   1.0000000e+00
   2.1400000e+00   7.3246766e-01   1.0000000e+00
   2.1600000e+00   7.2979577e-01   1.0000000e+00
   2.1800000e+00   7.2712389e-01   1.0000000e+00
   2.2000000e+00   7.2421130e-01   1.0000000e+00
   2.2200000e+00   7.2105802e-01   1.0000000e+00
   2.2400000e+00   7.1748702e-01   1.0000000e+00
   2.2600000e+00   7.1395524e-01   1.0000000e+00
   2.2800000e+00   7.1046267e-01   1.0000000e+00
   2.3000000e+00   7.0725641e-01   1.0000000e+00
   2.3200000e+00   7.0406489e-01   1.0000000e+00
   2.3400000e+00   7.0088811e-01   1.0000000e+00
   2.3600000e+00   6.9875060e-01   1.0000000e+00
   2.3800000e+00   6.9682932e-01   1.0000000e+00
   2.4000000e+00   6.9512427e-01   1.0000000e+00
   2.4200000e+00   6.9320534e-01   1.0000000e+00
   2.4400000e+00   6.9127669e-01   1.0000000e+00
   2.4600000e+00   6.8933831e-01   1.0000000e+00
   2.4800000e+00   6.8748780e-01   1.0000000e+00
   2.5000000e+00   6.8495941e-01   1.0000000e+00
   2.5200000e+00   6.8175315e-01   1.0000000e+00
   2.5400000e+00   6.7754654e-01   1.0000000e+00
   2.5600000e+00   6.7388099e-01   1.0000000e+00
   2.5800000e+00   6.7075650e-01   1.0000000e+00
   2.6000000e+00   6.6835146e-01   1.0000000e+00
   2.6200000e+00   6.6608018e-01   1.0000000e+00
   2.6400000e+00   6.6394267e-01   1.0000000e+00
   2.6600000e+00   6.6183868e-01   1.0000000e+00
   2.6800000e+00   6.5998512e-01   1.0000000e+00
   2.7000000e+00   6.5838199e-01   1.0000000e+00
   2.7200000e+00   6.5723008e-01   1.0000000e+00
