   6.0000000e-01   9.8695959e-01   0.0000000e+00
   6.2000000e-01   9.7504909e-01   0.0000000e+00
   6.4000000e-01   9.6262937e-01   0.0000000e+00
   6.6000000e-01   9.4970043e-01   0.0000000e+00
   6.8000000e-01   9.2832535e-01   0.0000000e+00
   7.0000000e-01   9.0717790e-01   0.0000000e+00
   7.2000000e-01   8.8625807e-01   0.0000000e+00
   7.4000000e-01   8.6609456e-01   0.0000000e+00
   7.6000000e-01   8.4734743e-01   0.0000000e+00
   7.8000000e-01   8.3001668e-01   0.0000000e+00
   8.0000000e-01   8.1601762e-01   0.0000000e+00
   8.2000000e-01   8.0180399e-01   0.0000000e+00
   8.4000000e-01   7.8737581e-01   0.0000000e+00
   8.6000000e-01   7.7294763e-01   0.0000000e+00
   8.8000000e-01   7.5912892e-01   0.0000000e+00
   9.0000000e-01   7.4591967e-01   0.0000000e+00
   9.2000000e-01   7.3512215e-01   0.0000000e+00
   9.4000000e-01   7.2518118e-01   0.0000000e+00
   9.6000000e-01   7.1609677e-01   0.0000000e+00
   9.8000000e-01   7.0706868e-01   0.0000000e+00
   1.0000000e+00   6.9827962e-01   0.0000000e+00
   1.0200000e+00   6.8972959e-01   0.0000000e+00
   1.0400000e+00   6.8212761e-01   0.0000000e+00
   1.0600000e+00   6.7512204e-01   0.0000000e+00
   1.0800000e+00   6.6871285e-01   0.0000000e+00
   1.1000000e+00   6.6331611e-01   0.0000000e+00
   1.1200000e+00   6.5815102e-01   0.0000000e+00
   1.1400000e+00   6.5321759e-01   0.0000000e+00
   1.1600000e+00   6.4788119e-01   0.0000000e+00
   1.1800000e+00   6.4280829e-01   0.0000000e+00
   1.2000000e+00   6.3799890e-01   0.0000000e+00
   1.2200000e+00   6.3361459e-01   0.0000000e+00
   1.2400000e+00   6.2913072e-01   0.0000000e+00
   1.2600000e+00   6.2454728e-01   0.0000000e+00
   1.2800000e+00   6.1992964e-01   0.0000000e+00
   1.3000000e+00   6.1544577e-01   0.0000000e+00
   1.3200000e+00   6.1109566e-01   0.0000000e+00
   1.3400000e+00   6.0628627e-01   0.0000000e+00
   1.3600000e+00   6.0123048e-01   0.0000000e+00
   1.3800000e+00   5.9592828e-01   0.0000000e+00
   1.4000000e+00   5.9133679e-01   0.0000000e+00
   1.4200000e+00   5.8664406e-01   0.0000000e+00
   1.4400000e+00   5.8185009e-01   0.0000000e+00
   1.4600000e+00   5.7693475e-01   0.0000000e+00
   1.4800000e+00   5.7258061e-01   0.0000000e+00
   1.5000000e+00   5.6878769e-01   0.0000000e+00
   1.5200000e+00   5.6397829e-01   0.0000000e+00
   1.5400000e+00   5.5894697e-01   0.0000000e+00
   1.5600000e+00   5.5369372e-01   0.0000000e+00
   1.5800000e+00   5.4933153e-01   0.0000000e+00
   1.6000000e+00   5.4559590e-01   0.0000000e+00
   1.6200000e+00   5.4248684e-01   0.0000000e+00
   1.6400000e+00   5.4025547e-01   0.0000000e+00
   1.6600000e+00   5.3780384e-01   0.0000000e+00
   1.6800000e+00   5.3513196e-01   0.0000000e+00
   1.7000000e+00   5.3348322e-01   0.0000000e+00
   1.7200000e+00   5.3185729e-01   0.0000000e+00
   1.7400000e+00   5.3025415e-01   0.0000000e+00
   1.7600000e+00   5.2865102e-01   0.0000000e+00
   1.7800000e+00   5.2704789e-01   0.0000000e+00
   1.8000000e+00   5.2544476e-01   0.0000000e+00
   1.8200000e+00   5.2384163e-01   0.0000000e+00
   1.8400000e+00   5.2223850e-01   0.0000000e+00
   1.8600000e+00   5.2063537e-01   0.0000000e+00
   1.8800000e+00   5.1949487e-01   0.0000000e+00
   1.9000000e+00   5.1839024e-01   0.0000000e+00
   1.9200000e+00   5.1732148e-01   0.0000000e+00
   1.9400000e+00   5.1602343e-01   0.0000000e+00
   1.9600000e+00   5.1468547e-01   0.0000000e+00
   1.9800000e+00   5.1330761e-01   0.0000000e+00
   2.0000000e+00   5.1277323e-01   0.0000000e+00
   2.0200000e+00   5.1197368e-01   0.0000000e+00
   2.0400000e+00   5.1090896e-01   0.0000000e+00
   2.0600000e+00   5.1066757e-01   0.0000000e+00
   2.0800000e+00   5.1039837e-01   0.0000000e+00
   2.1000000e+00   5.1010135e-01   0.0000000e+00
   2.1200000e+00   5.0974732e-01   0.0000000e+00
   2.1400000e+00   5.0957031e-01   0.0000000e+00
   2.1600000e+00   5.0957031e-01   0.0000000e+00
   2.1800000e+00   5.0957031e-01   0.0000000e+00
   2.2000000e+00   5.0932961e-01   0.0000000e+00
   2.2200000e+00   5.0884821e-01   0.0000000e+00
   2.2400000e+00   5.0831383e-01   0.0000000e+00
   2.2600000e+00   5.0765542e-01   0.0000000e+00
   2.2800000e+00   5.0687297e-01   0.0000000e+00
   2.3000000e+00   5.0606703e-01   0.0000000e+00
   2.3200000e+00   5.0564195e-01   0.0000000e+00
   2.3400000e+00   5.0559772e-01   0.0000000e+00
   2.3600000e+00   5.0399459e-01   0.0000000e+00
   2.3800000e+00   5.0260769e-01   0.0000000e+00
   2.4000000e+00   5.0143701e-01   0.0000000e+00
   2.4200000e+00   5.0036826e-01   0.0000000e+00
   2.4400000e+00   4.9929950e-01   0.0000000e+00
   2.4600000e+00   4.9823075e-01   0.0000000e+00
   2.4800000e+00   4.9699707e-01   0.0000000e+00
   2.5000000e+00   4.9531148e-01   0.0000000e+00
   2.5200000e+00   4.9317397e-01   0.0000000e+00
   2.5400000e+00   4.9203681e-01   0.0000000e+00
   2.5600000e+00   4.9093385e-01   0.0000000e+00
   2.5800000e+00   4.8986510e-01   0.0000000e+00
   2.6000000e+00   4.8879635e-01   0.0000000e+00
   2.6200000e+00   4.8765250e-01   0.0000000e+00
   2.6400000e+00   4.8643357e-01   0.0000000e+00
   2.6600000e+00   4.8486395e-01   0.0000000e+00
   2.6800000e+00   4.8354477e-01   0.0000000e+00
   2.7000000e+00   4.8247601e-01   0.0000000e+00
   2.7200000e+00   4.8140726e-01   0.0000000e+00
   2.7400000e+00   4.8050579e-01   0.0000000e+00
   2.7600000e+00   4.7977159e-01   0.0000000e+00
   2.7800000e+00   4.7880142e-01   0.0000000e+00
   2.8000000e+00   4.7761600e-01   0.0000000e+00
   2.8200000e+00   4.7621534e-01   0.0000000e+00
   2.8400000e+00   4.7568096e-01   0.0000000e+00
   2.8600000e+00   4.7462764e-01   0.0000000e+00
   2.8800000e+00   4.7305537e-01   0.0000000e+00
   2.9000000e+00   4.7225680e-01   0.0000000e+00
   2.9200000e+00   4.7159033e-01   0.0000000e+00
   2.9400000e+00   4.7105595e-01   0.0000000e+00
   2.9600000e+00   4.7018367e-01   0.0000000e+00
   2.9800000e+00   4.6899825e-01   0.0000000e+00
   3.0000000e+00   4.6749969e-01   0.0000000e+00
   3.0200000e+00   4.6696532e-01   0.0000000e+00
   3.0400000e+00   4.6596094e-01   0.0000000e+00
   3.0600000e+00   4.6448656e-01   0.0000000e+00
   3.0800000e+00   4.6323677e-01   0.0000000e+00
   3.1000000e+00   4.6207749e-01   0.0000000e+00
   3.1200000e+00   4.6100874e-01   0.0000000e+00
   3.1400000e+00   4.5993998e-01   0.0000000e+00
   3.1600000e+00   4.5887123e-01   0.0000000e+00
   3.1800000e+00   4.5780248e-01   0.0000000e+00
   3.2000000e+00   4.5673372e-01   0.0000000e+00
   3.2200000e+00   4.5587550e-01   0.0000000e+00
   3.2400000e+00   4.5522779e-01   0.0000000e+00
   3.2600000e+00   4.5438903e-01   0.0000000e+00
   3.2800000e+00   4.5343527e-01   0.0000000e+00
   3.3000000e+00   4.5236651e-01   0.0000000e+00
   3.3200000e+00   4.5129776e-01   0.0000000e+00
   3.3400000e+00   4.5022901e-01   0.0000000e+00
   3.3600000e+00   4.4916025e-01   0.0000000e+00
   3.3800000e+00   4.4858027e-01   0.0000000e+00
   3.4000000e+00   4.4765098e-01   0.0000000e+00
   3.4200000e+00   4.4637239e-01   0.0000000e+00
   3.4400000e+00   4.4528015e-01   0.0000000e+00
   3.4600000e+00   4.4432806e-01   0.0000000e+00
   3.4800000e+00   4.4351612e-01   0.0000000e+00
   3.5000000e+00   4.4195722e-01   0.0000000e+00
   3.5200000e+00   4.4091058e-01   0.0000000e+00
   3.5400000e+00   4.4037620e-01   0.0000000e+00
   3.5600000e+00   4.3984182e-01   0.0000000e+00
   3.5800000e+00   4.3946903e-01   0.0000000e+00
   3.6000000e+00   4.3925781e-01   0.0000000e+00
   3.6200000e+00   4.3884482e-01   0.0000000e+00
   3.6400000e+00   4.3823869e-01   0.0000000e+00
   3.6600000e+00   4.3743944e-01   0.0000000e+00
   3.6800000e+00   4.3797381e-01   0.0000000e+00
   3.7000000e+00   4.3800064e-01   0.0000000e+00
   3.7200000e+00   4.3751993e-01   0.0000000e+00
   3.7400000e+00   4.3737644e-01   0.0000000e+00
   3.7600000e+00   4.3703047e-01   0.0000000e+00
   3.7800000e+00   4.3648204e-01   0.0000000e+00
   2.1000000e+00   7.6649176e-01   1.0000000e+00
   2.1200000e+00   7.6542300e-01   1.0000000e+00
   2.1400000e+00   7.6435425e-01   1.0000000e+00
   2.1600000e+00   7.6328550e-01   1.0000000e+00
   2.1800000e+00   7.6221674e-01   1.0000000e+00
   2.2000000e+00   7.6042589e-01   1.0000000e+00
   2.2200000e+00   7.5791293e-01   1.0000000e+00
   2.2400000e+00   7.5487631e-01   1.0000000e+00
   2.2600000e+00   7.5163083e-01   1.0000000e+00
   2.2800000e+00   7.4817650e-01   1.0000000e+00
   2.3000000e+00   7.4443586e-01   1.0000000e+00
   2.3200000e+00   7.4070996e-01   1.0000000e+00
   2.3400000e+00   7.3699881e-01   1.0000000e+00
   2.3600000e+00   7.3432692e-01   1.0000000e+00
   2.3800000e+00   7.3165504e-01   1.0000000e+00
   2.4000000e+00   7.2898315e-01   1.0000000e+00
   2.4200000e+00   7.2662706e-01   1.0000000e+00
   2.4400000e+00   7.2447982e-01   1.0000000e+00
   2.4600000e+00   7.2254144e-01   1.0000000e+00
   2.4800000e+00   7.2118569e-01   1.0000000e+00
   2.5000000e+00   7.2050781e-01   1.0000000e+00
   2.5200000e+00   7.2050781e-01   1.0000000e+00
   2.5400000e+00   7.1900729e-01   1.0000000e+00
   2.5600000e+00   7.1783898e-01   1.0000000e+00
   2.5800000e+00   7.1700286e-01   1.0000000e+00
