   6.1000000e-01   9.5986460e-01   0.0000000e+00
   6.3000000e-01   9.4701813e-01   0.0000000e+00
   6.5000000e-01   9.2821105e-01   0.0000000e+00
   6.7000000e-01   9.0518089e-01   0.0000000e+00
   6.9000000e-01   8.7792766e-01   0.0000000e+00
   7.1000000e-01   8.5659278e-01   0.0000000e+00
   7.3000000e-01   8.3628006e-01   0.0000000e+00
   7.5000000e-01   8.1698951e-01   0.0000000e+00
   7.7000000e-01   8.0050560e-01   0.0000000e+00
   7.9000000e-01   7.8532077e-01   0.0000000e+00
   8.1000000e-01   7.7143502e-01   0.0000000e+00
   8.3000000e-01   7.5540371e-01   0.0000000e+00
   8.5000000e-01   7.4067984e-01   0.0000000e+00
   8.7000000e-01   7.2726341e-01   0.0000000e+00
   8.9000000e-01   7.1512292e-01   0.0000000e+00
   9.1000000e-01   7.0389864e-01   0.0000000e+00
   9.3000000e-01   6.9359058e-01   0.0000000e+00
   9.5000000e-01   6.8467915e-01   0.0000000e+00
   9.7000000e-01   6.7606105e-01   0.0000000e+00
   9.9000000e-01   6.6773629e-01   0.0000000e+00
   1.0100000e+00   6.6132376e-01   0.0000000e+00
   1.0300000e+00   6.5491124e-01   0.0000000e+00
   1.0500000e+00   6.4849872e-01   0.0000000e+00
   1.0700000e+00   6.4280092e-01   0.0000000e+00
   1.0900000e+00   6.3740049e-01   0.0000000e+00
   1.1100000e+00   6.3229742e-01   0.0000000e+00
   1.1300000e+00   6.2748803e-01   0.0000000e+00
   1.1500000e+00   6.2267863e-01   0.0000000e+00
   1.1700000e+00   6.1786924e-01   0.0000000e+00
   1.1900000e+00   6.1305985e-01   0.0000000e+00
   1.2100000e+00   6.0846299e-01   0.0000000e+00
   1.2300000e+00   6.0407868e-01   0.0000000e+00
   1.2500000e+00   5.9949525e-01   0.0000000e+00
   1.2700000e+00   5.9479884e-01   0.0000000e+00
   1.2900000e+00   5.8998944e-01   0.0000000e+00
   1.3100000e+00   5.8510496e-01   0.0000000e+00
   1.3300000e+00   5.7999083e-01   0.0000000e+00
   1.3500000e+00   5.7464706e-01   0.0000000e+00
   1.3700000e+00   5.7028890e-01   0.0000000e+00
   1.3900000e+00   5.6578424e-01   0.0000000e+00
   1.4100000e+00   5.6113308e-01   0.0000000e+00
   1.4300000e+00   5.5606422e-01   0.0000000e+00
   1.4500000e+00   5.5092930e-01   0.0000000e+00
   1.4700000e+00   5.4572834e-01   0.0000000e+00
   1.4900000e+00   5.4094509e-01   0.0000000e+00
   1.5100000e+00   5.3641596e-01   0.0000000e+00
   1.5300000e+00   5.3214094e-01   0.0000000e+00
   1.5500000e+00   5.2786592e-01   0.0000000e+00
   1.5700000e+00   5.2375450e-01   0.0000000e+00
   1.5900000e+00   5.1980668e-01   0.0000000e+00
   1.6100000e+00   5.1648709e-01   0.0000000e+00
   1.6300000e+00   5.1344443e-01   0.0000000e+00
   1.6500000e+00   5.1067868e-01   0.0000000e+00
   1.6700000e+00   5.0747242e-01   0.0000000e+00
   1.6900000e+00   5.0477773e-01   0.0000000e+00
   1.7100000e+00   5.0259462e-01   0.0000000e+00
   1.7300000e+00   5.0085202e-01   0.0000000e+00
   1.7500000e+00   4.9904003e-01   0.0000000e+00
   1.7700000e+00   4.9715865e-01   0.0000000e+00
   1.7900000e+00   4.9534431e-01   0.0000000e+00
   1.8100000e+00   4.9390276e-01   0.0000000e+00
   1.8300000e+00   4.9283400e-01   0.0000000e+00
   1.8500000e+00   4.9176525e-01   0.0000000e+00
   1.8700000e+00   4.9115912e-01   0.0000000e+00
   1.8900000e+00   4.9101562e-01   0.0000000e+00
   1.9100000e+00   4.9066966e-01   0.0000000e+00
   1.9300000e+00   4.9022949e-01   0.0000000e+00
   1.9500000e+00   4.8969511e-01   0.0000000e+00
   1.9700000e+00   4.8927337e-01   0.0000000e+00
   1.9900000e+00   4.8906250e-01   0.0000000e+00
   2.0100000e+00   4.8906250e-01   0.0000000e+00
   2.0300000e+00   4.8906250e-01   0.0000000e+00
   2.0500000e+00   4.8906250e-01   0.0000000e+00
   2.0700000e+00   4.8906250e-01   0.0000000e+00
   2.0900000e+00   4.8935952e-01   0.0000000e+00
   2.1100000e+00   4.8968504e-01   0.0000000e+00
   2.1300000e+00   4.9003906e-01   0.0000000e+00
   2.1500000e+00   4.9003906e-01   0.0000000e+00
   2.1700000e+00   4.9003906e-01   0.0000000e+00
   2.1900000e+00   4.9003906e-01   0.0000000e+00
   2.2100000e+00   4.8955766e-01   0.0000000e+00
   2.2300000e+00   4.8904977e-01   0.0000000e+00
   2.2500000e+00   4.8851540e-01   0.0000000e+00
   2.2700000e+00   4.8822909e-01   0.0000000e+00
   2.2900000e+00   4.8802023e-01   0.0000000e+00
   2.3100000e+00   4.8788883e-01   0.0000000e+00
   2.3300000e+00   4.8735445e-01   0.0000000e+00
   2.3500000e+00   4.8682007e-01   0.0000000e+00
   2.3700000e+00   4.8628570e-01   0.0000000e+00
   2.3900000e+00   4.8531886e-01   0.0000000e+00
   2.4100000e+00   4.8445897e-01   0.0000000e+00
   2.4300000e+00   4.8370600e-01   0.0000000e+00
   2.4500000e+00   4.8317163e-01   0.0000000e+00
   2.4700000e+00   4.8259602e-01   0.0000000e+00
   2.4900000e+00   4.8197918e-01   0.0000000e+00
   2.5100000e+00   4.8091043e-01   0.0000000e+00
   2.5300000e+00   4.7984167e-01   0.0000000e+00
   2.5500000e+00   4.7877292e-01   0.0000000e+00
   2.5700000e+00   4.7808767e-01   0.0000000e+00
   2.5900000e+00   4.7747786e-01   0.0000000e+00
   2.6100000e+00   4.7694348e-01   0.0000000e+00
   2.6300000e+00   4.7625893e-01   0.0000000e+00
   2.6500000e+00   4.7538227e-01   0.0000000e+00
   2.6700000e+00   4.7431352e-01   0.0000000e+00
   2.6900000e+00   4.7324476e-01   0.0000000e+00
   2.7100000e+00   4.7240162e-01   0.0000000e+00
   2.7300000e+00   4.7178410e-01   0.0000000e+00
   2.7500000e+00   4.7091516e-01   0.0000000e+00
   2.7700000e+00   4.6994631e-01   0.0000000e+00
   2.7900000e+00   4.6887756e-01   0.0000000e+00
   2.8100000e+00   4.6780880e-01   0.0000000e+00
   2.8300000e+00   4.6674005e-01   0.0000000e+00
   2.8500000e+00   4.6567129e-01   0.0000000e+00
   2.8700000e+00   4.6460254e-01   0.0000000e+00
   2.8900000e+00   4.6373493e-01   0.0000000e+00
   2.9100000e+00   4.6306845e-01   0.0000000e+00
   2.9300000e+00   4.6224846e-01   0.0000000e+00
   2.9500000e+00   4.6130409e-01   0.0000000e+00
   2.9700000e+00   4.6023533e-01   0.0000000e+00
   2.9900000e+00   4.5916658e-01   0.0000000e+00
   3.0100000e+00   4.5809782e-01   0.0000000e+00
   3.0300000e+00   4.5702907e-01   0.0000000e+00
   3.0500000e+00   4.5643032e-01   0.0000000e+00
   3.0700000e+00   4.5586375e-01   0.0000000e+00
   3.0900000e+00   4.5532937e-01   0.0000000e+00
   3.1100000e+00   4.5455833e-01   0.0000000e+00
   3.1300000e+00   4.5363842e-01   0.0000000e+00
   3.1500000e+00   4.5256967e-01   0.0000000e+00
   3.1700000e+00   4.5150092e-01   0.0000000e+00
   3.1900000e+00   4.5043216e-01   0.0000000e+00
   3.2100000e+00   4.4936341e-01   0.0000000e+00
   3.2300000e+00   4.4913676e-01   0.0000000e+00
   3.2500000e+00   4.4871905e-01   0.0000000e+00
   3.2700000e+00   4.4811027e-01   0.0000000e+00
   3.2900000e+00   4.4722924e-01   0.0000000e+00
   3.3100000e+00   4.4652154e-01   0.0000000e+00
   3.3300000e+00   4.4598716e-01   0.0000000e+00
   3.3500000e+00   4.4545278e-01   0.0000000e+00
   3.3700000e+00   4.4467402e-01   0.0000000e+00
   3.3900000e+00   4.4365087e-01   0.0000000e+00
   3.4100000e+00   4.4258212e-01   0.0000000e+00
   3.4300000e+00   4.4164108e-01   0.0000000e+00
   3.4500000e+00   4.4082777e-01   0.0000000e+00
   3.4700000e+00   4.4029340e-01   0.0000000e+00
   3.4900000e+00   4.3975902e-01   0.0000000e+00
   3.5100000e+00   4.3922464e-01   0.0000000e+00
   3.5300000e+00   4.3869027e-01   0.0000000e+00
   3.5500000e+00   4.3815589e-01   0.0000000e+00
   3.5700000e+00   4.3762151e-01   0.0000000e+00
   3.5900000e+00   4.3708713e-01   0.0000000e+00
   3.6100000e+00   4.3655276e-01   0.0000000e+00
   3.6300000e+00   4.3601838e-01   0.0000000e+00
   3.6500000e+00   4.3548400e-01   0.0000000e+00
   3.6700000e+00   4.3494963e-01   0.0000000e+00
   3.6900000e+00   4.3441525e-01   0.0000000e+00
   3.7100000e+00   4.3438842e-01   0.0000000e+00
   3.7300000e+00   4.3398412e-01   0.0000000e+00
   3.7500000e+00   4.3320236e-01   0.0000000e+00
   3.7700000e+00   4.3240782e-01   0.0000000e+00
   3.7900000e+00   4.3174336e-01   0.0000000e+00
   2.1000000e+00   7.4704602e-01   1.0000000e+00
   2.1200000e+00   7.4472816e-01   1.0000000e+00
   2.1400000e+00   7.4226513e-01   1.0000000e+00
   2.1600000e+00   7.3965693e-01   1.0000000e+00
   2.1800000e+00   7.3751942e-01   1.0000000e+00
   2.2000000e+00   7.3490051e-01   1.0000000e+00
   2.2200000e+00   7.3180020e-01   1.0000000e+00
   2.2400000e+00   7.2859394e-01   1.0000000e+00
   2.2600000e+00   7.2538768e-01   1.0000000e+00
   2.2800000e+00   7.2218142e-01   1.0000000e+00
   2.3000000e+00   7.1897516e-01   1.0000000e+00
   2.3200000e+00   7.1577626e-01   1.0000000e+00
   2.3400000e+00   7.1258475e-01   1.0000000e+00
   2.3600000e+00   7.0991286e-01   1.0000000e+00
   2.3800000e+00   7.0724097e-01   1.0000000e+00
   2.4000000e+00   7.0456909e-01   1.0000000e+00
   2.4200000e+00   7.0221299e-01   1.0000000e+00
   2.4400000e+00   6.9986663e-01   1.0000000e+00
   2.4600000e+00   6.9753000e-01   1.0000000e+00
   2.4800000e+00   6.9494057e-01   1.0000000e+00
   2.5000000e+00   6.9257711e-01   1.0000000e+00
   2.5200000e+00   6.9043960e-01   1.0000000e+00
   2.5400000e+00   6.8830209e-01   1.0000000e+00
   2.5600000e+00   6.8635634e-01   1.0000000e+00
   2.5800000e+00   6.8460234e-01   1.0000000e+00
   2.6000000e+00   6.8246552e-01   1.0000000e+00
   2.6200000e+00   6.8013625e-01   1.0000000e+00
   2.6400000e+00   6.7761455e-01   1.0000000e+00
   2.6600000e+00   6.7544353e-01   1.0000000e+00
   2.6800000e+00   6.7302207e-01   1.0000000e+00
   2.7000000e+00   6.7035019e-01   1.0000000e+00
   2.7200000e+00   6.6858076e-01   1.0000000e+00
   2.7400000e+00   6.6672719e-01   1.0000000e+00
   2.7600000e+00   6.6478950e-01   1.0000000e+00
   2.7800000e+00   6.6352358e-01   1.0000000e+00
   2.8000000e+00   6.6289062e-01   1.0000000e+00
   2.8200000e+00   6.6289062e-01   1.0000000e+00
   2.8400000e+00   6.6289062e-01   1.0000000e+00
