   6.0000000e-01   9.8972534e-01   0.0000000e+00
   6.2000000e-01   9.7872938e-01   0.0000000e+00
   6.4000000e-01   9.6703412e-01   0.0000000e+00
   6.6000000e-01   9.5463956e-01   0.0000000e+00
   6.8000000e-01   9.3379886e-01   0.0000000e+00
   7.0000000e-01   9.1273053e-01   0.0000000e+00
   7.2000000e-01   8.9143457e-01   0.0000000e+00
   7.4000000e-01   8.7175245e-01   0.0000000e+00
   7.6000000e-01   8.5366943e-01   0.0000000e+00
   7.8000000e-01   8.3718551e-01   0.0000000e+00
   8.0000000e-01   8.2329977e-01   0.0000000e+00
   8.2000000e-01   8.0834124e-01   0.0000000e+00
   8.4000000e-01   7.9230993e-01   0.0000000e+00
   8.6000000e-01   7.7837052e-01   0.0000000e+00
   8.8000000e-01   7.6506338e-01   0.0000000e+00
   9.0000000e-01   7.5238852e-01   0.0000000e+00
   9.2000000e-01   7.4125643e-01   0.0000000e+00
   9.4000000e-01   7.3087328e-01   0.0000000e+00
   9.6000000e-01   7.2123906e-01   0.0000000e+00
   9.8000000e-01   7.1274534e-01   0.0000000e+00
   1.0000000e+00   7.0449066e-01   0.0000000e+00
   1.0200000e+00   6.9647500e-01   0.0000000e+00
   1.0400000e+00   6.8988144e-01   0.0000000e+00
   1.0600000e+00   6.8337839e-01   0.0000000e+00
   1.0800000e+00   6.7696587e-01   0.0000000e+00
   1.1000000e+00   6.7127544e-01   0.0000000e+00
   1.1200000e+00   6.6602554e-01   0.0000000e+00
   1.1400000e+00   6.6121614e-01   0.0000000e+00
   1.1600000e+00   6.5639201e-01   0.0000000e+00
   1.1800000e+00   6.5104086e-01   0.0000000e+00
   1.2000000e+00   6.4516272e-01   0.0000000e+00
   1.2200000e+00   6.4098490e-01   0.0000000e+00
   1.2400000e+00   6.3656305e-01   0.0000000e+00
   1.2600000e+00   6.3189715e-01   0.0000000e+00
   1.2800000e+00   6.2693689e-01   0.0000000e+00
   1.3000000e+00   6.2228171e-01   0.0000000e+00
   1.3200000e+00   6.1793160e-01   0.0000000e+00
   1.3400000e+00   6.1312221e-01   0.0000000e+00
   1.3600000e+00   6.0855922e-01   0.0000000e+00
   1.3800000e+00   6.0424262e-01   0.0000000e+00
   1.4000000e+00   5.9996761e-01   0.0000000e+00
   1.4200000e+00   5.9556286e-01   0.0000000e+00
   1.4400000e+00   5.9102837e-01   0.0000000e+00
   1.4600000e+00   5.8636178e-01   0.0000000e+00
   1.4800000e+00   5.8190405e-01   0.0000000e+00
   1.5000000e+00   5.7765518e-01   0.0000000e+00
   1.5200000e+00   5.7391454e-01   0.0000000e+00
   1.5400000e+00   5.7017390e-01   0.0000000e+00
   1.5600000e+00   5.6643326e-01   0.0000000e+00
   1.5800000e+00   5.6269262e-01   0.0000000e+00
   1.6000000e+00   5.5916251e-01   0.0000000e+00
   1.6200000e+00   5.5584292e-01   0.0000000e+00
   1.6400000e+00   5.5307718e-01   0.0000000e+00
   1.6600000e+00   5.5009117e-01   0.0000000e+00
   1.6800000e+00   5.4688491e-01   0.0000000e+00
   1.7000000e+00   5.4419022e-01   0.0000000e+00
   1.7200000e+00   5.4170439e-01   0.0000000e+00
   1.7400000e+00   5.3942742e-01   0.0000000e+00
   1.7600000e+00   5.3701166e-01   0.0000000e+00
   1.7800000e+00   5.3446784e-01   0.0000000e+00
   1.8000000e+00   5.3179596e-01   0.0000000e+00
   1.8200000e+00   5.2916899e-01   0.0000000e+00
   1.8400000e+00   5.2678675e-01   0.0000000e+00
   1.8600000e+00   5.2464924e-01   0.0000000e+00
   1.8800000e+00   5.2251173e-01   0.0000000e+00
   1.9000000e+00   5.2020124e-01   0.0000000e+00
   1.9200000e+00   5.1771777e-01   0.0000000e+00
   1.9400000e+00   5.1550448e-01   0.0000000e+00
   1.9600000e+00   5.1365259e-01   0.0000000e+00
   1.9800000e+00   5.1216210e-01   0.0000000e+00
   2.0000000e+00   5.1109334e-01   0.0000000e+00
   2.0200000e+00   5.0949424e-01   0.0000000e+00
   2.0400000e+00   5.0736479e-01   0.0000000e+00
   2.0600000e+00   5.0605465e-01   0.0000000e+00
   2.0800000e+00   5.0486520e-01   0.0000000e+00
   2.1000000e+00   5.0379645e-01   0.0000000e+00
   2.1200000e+00   5.0236699e-01   0.0000000e+00
   2.1400000e+00   5.0064719e-01   0.0000000e+00
   2.1600000e+00   4.9863706e-01   0.0000000e+00
   2.1800000e+00   4.9756831e-01   0.0000000e+00
   2.2000000e+00   4.9649955e-01   0.0000000e+00
   2.2200000e+00   4.9543080e-01   0.0000000e+00
   2.2400000e+00   4.9436204e-01   0.0000000e+00
   2.2600000e+00   4.9329329e-01   0.0000000e+00
   2.2800000e+00   4.9222454e-01   0.0000000e+00
   2.3000000e+00   4.9115578e-01   0.0000000e+00
   2.3200000e+00   4.9008703e-01   0.0000000e+00
   2.3400000e+00   4.8901827e-01   0.0000000e+00
   2.3600000e+00   4.8794952e-01   0.0000000e+00
   2.3800000e+00   4.8666454e-01   0.0000000e+00
   2.4000000e+00   4.8516333e-01   0.0000000e+00
   2.4200000e+00   4.8387599e-01   0.0000000e+00
   2.4400000e+00   4.8269794e-01   0.0000000e+00
   2.4600000e+00   4.8162919e-01   0.0000000e+00
   2.4800000e+00   4.8064289e-01   0.0000000e+00
   2.5000000e+00   4.7988256e-01   0.0000000e+00
   2.5200000e+00   4.7934818e-01   0.0000000e+00
   2.5400000e+00   4.7731328e-01   0.0000000e+00
   2.5600000e+00   4.7561059e-01   0.0000000e+00
   2.5800000e+00   4.7424010e-01   0.0000000e+00
   2.6000000e+00   4.7317134e-01   0.0000000e+00
   2.6200000e+00   4.7202750e-01   0.0000000e+00
   2.6400000e+00   4.7080857e-01   0.0000000e+00
   2.6600000e+00   4.6920544e-01   0.0000000e+00
   2.6800000e+00   4.6760231e-01   0.0000000e+00
   2.7000000e+00   4.6599917e-01   0.0000000e+00
   2.7200000e+00   4.6439604e-01   0.0000000e+00
   2.7400000e+00   4.6279291e-01   0.0000000e+00
   2.7600000e+00   4.6118978e-01   0.0000000e+00
   2.7800000e+00   4.5958665e-01   0.0000000e+00
   2.8000000e+00   4.5798352e-01   0.0000000e+00
   2.8200000e+00   4.5638039e-01   0.0000000e+00
   2.8400000e+00   4.5477726e-01   0.0000000e+00
   2.8600000e+00   4.5343360e-01   0.0000000e+00
   2.8800000e+00   4.5234941e-01   0.0000000e+00
   2.9000000e+00   4.5128066e-01   0.0000000e+00
   2.9200000e+00   4.5021190e-01   0.0000000e+00
   2.9400000e+00   4.4914315e-01   0.0000000e+00
   2.9600000e+00   4.4824335e-01   0.0000000e+00
   2.9800000e+00   4.4750011e-01   0.0000000e+00
   3.0000000e+00   4.4691345e-01   0.0000000e+00
   3.0200000e+00   4.4584470e-01   0.0000000e+00
   3.0400000e+00   4.4524594e-01   0.0000000e+00
   3.0600000e+00   4.4511719e-01   0.0000000e+00
   3.0800000e+00   4.4441052e-01   0.0000000e+00
   3.1000000e+00   4.4364114e-01   0.0000000e+00
   3.1200000e+00   4.4280906e-01   0.0000000e+00
   3.1400000e+00   4.4203467e-01   0.0000000e+00
   3.1600000e+00   4.4084591e-01   0.0000000e+00
   3.1800000e+00   4.3924278e-01   0.0000000e+00
   3.2000000e+00   4.3763965e-01   0.0000000e+00
   3.2200000e+00   4.3603652e-01   0.0000000e+00
   3.2400000e+00   4.3443338e-01   0.0000000e+00
   3.2600000e+00   4.3283025e-01   0.0000000e+00
   3.2800000e+00   4.3132098e-01   0.0000000e+00
   3.3000000e+00   4.2990558e-01   0.0000000e+00
   3.3200000e+00   4.2876576e-01   0.0000000e+00
   3.3400000e+00   4.2739429e-01   0.0000000e+00
   3.3600000e+00   4.2579116e-01   0.0000000e+00
   3.3800000e+00   4.2614312e-01   0.0000000e+00
   2.2200000e+00   7.5421986e-01   1.0000000e+00
   2.2400000e+00   7.5242163e-01   1.0000000e+00
   2.2600000e+00   7.5020569e-01   1.0000000e+00
   2.2800000e+00   7.4757204e-01   1.0000000e+00
   2.3000000e+00   7.4462860e-01   1.0000000e+00
   2.3200000e+00   7.4209549e-01   1.0000000e+00
   2.3400000e+00   7.3997272e-01   1.0000000e+00
   2.3600000e+00   7.3836959e-01   1.0000000e+00
   2.3800000e+00   7.3655023e-01   1.0000000e+00
   2.4000000e+00   7.3451465e-01   1.0000000e+00
   2.4200000e+00   7.3237714e-01   1.0000000e+00
   2.4400000e+00   7.3023963e-01   1.0000000e+00
   2.4600000e+00   7.2810212e-01   1.0000000e+00
   2.4800000e+00   7.2621200e-01   1.0000000e+00
   2.5000000e+00   7.2499975e-01   1.0000000e+00
   2.5200000e+00   7.2446537e-01   1.0000000e+00
   2.5400000e+00   7.2293064e-01   1.0000000e+00
   2.5600000e+00   7.2136172e-01   1.0000000e+00
   2.5800000e+00   7.1975859e-01   1.0000000e+00
   2.6000000e+00   7.1815545e-01   1.0000000e+00
   2.6200000e+00   7.1655232e-01   1.0000000e+00
   2.6400000e+00   7.1494919e-01   1.0000000e+00
   2.6600000e+00   7.1331255e-01   1.0000000e+00
   2.6800000e+00   7.1142547e-01   1.0000000e+00
   2.7000000e+00   7.0928796e-01   1.0000000e+00
   2.7200000e+00   7.0715045e-01   1.0000000e+00
   2.7400000e+00   7.0484566e-01   1.0000000e+00
   2.7600000e+00   7.0237359e-01   1.0000000e+00
   2.7800000e+00   6.9991961e-01   1.0000000e+00
   2.8000000e+00   6.9767448e-01   1.0000000e+00
   2.8200000e+00   6.9563820e-01   1.0000000e+00
   2.8400000e+00   6.9403507e-01   1.0000000e+00
   2.8600000e+00   6.9243194e-01   1.0000000e+00
   2.8800000e+00   6.9082881e-01   1.0000000e+00
   2.9000000e+00   6.8962796e-01   1.0000000e+00
   2.9200000e+00   6.8849315e-01   1.0000000e+00
   2.9400000e+00   6.8742440e-01   1.0000000e+00
   2.9600000e+00   6.8635565e-01   1.0000000e+00
   2.9800000e+00   6.8528689e-01   1.0000000e+00
   3.0000000e+00   6.8421814e-01   1.0000000e+00
   3.0200000e+00   6.8314938e-01   1.0000000e+00
   3.0400000e+00   6.8161063e-01   1.0000000e+00
   3.0600000e+00   6.7960188e-01   1.0000000e+00
   3.0800000e+00   6.7746437e-01   1.0000000e+00
   3.1000000e+00   6.7532686e-01   1.0000000e+00
   3.1200000e+00   6.7318935e-01   1.0000000e+00
   3.1400000e+00   6.7117185e-01   1.0000000e+00
   3.1600000e+00   6.6935819e-01   1.0000000e+00
   3.1800000e+00   6.6774838e-01   1.0000000e+00
   3.2000000e+00   6.6507649e-01   1.0000000e+00
   3.2200000e+00   6.6303619e-01   1.0000000e+00
   3.2400000e+00   6.6162747e-01   1.0000000e+00
   3.2600000e+00   6.5994993e-01   1.0000000e+00
