   6.0000000e-01   9.8110022e-01   0.0000000e+00
   6.2000000e-01   9.6934392e-01   0.0000000e+00
   6.4000000e-01   9.5726850e-01   0.0000000e+00
   6.6000000e-01   9.4487394e-01   0.0000000e+00
   6.8000000e-01   9.2403323e-01   0.0000000e+00
   7.0000000e-01   9.0296490e-01   0.0000000e+00
   7.2000000e-01   8.8166894e-01   0.0000000e+00
   7.4000000e-01   8.6232541e-01   0.0000000e+00
   7.6000000e-01   8.4445695e-01   0.0000000e+00
   7.8000000e-01   8.2806356e-01   0.0000000e+00
   8.0000000e-01   8.1364344e-01   0.0000000e+00
   8.2000000e-01   7.9815053e-01   0.0000000e+00
   8.4000000e-01   7.8158485e-01   0.0000000e+00
   8.6000000e-01   7.6815701e-01   0.0000000e+00
   8.8000000e-01   7.5537285e-01   0.0000000e+00
   9.0000000e-01   7.4323236e-01   0.0000000e+00
   9.2000000e-01   7.3234500e-01   0.0000000e+00
   9.4000000e-01   7.2217071e-01   0.0000000e+00
   9.6000000e-01   7.1270947e-01   0.0000000e+00
   9.8000000e-01   7.0475013e-01   0.0000000e+00
   1.0000000e+00   6.9702982e-01   0.0000000e+00
   1.0200000e+00   6.8954854e-01   0.0000000e+00
   1.0400000e+00   6.8254130e-01   0.0000000e+00
   1.0600000e+00   6.7610027e-01   0.0000000e+00
   1.0800000e+00   6.7022546e-01   0.0000000e+00
   1.1000000e+00   6.6512239e-01   0.0000000e+00
   1.1200000e+00   6.6022818e-01   0.0000000e+00
   1.1400000e+00   6.5554282e-01   0.0000000e+00
   1.1600000e+00   6.5126043e-01   0.0000000e+00
   1.1800000e+00   6.4671454e-01   0.0000000e+00
   1.2000000e+00   6.4190515e-01   0.0000000e+00
   1.2200000e+00   6.3794592e-01   0.0000000e+00
   1.2400000e+00   6.3394178e-01   0.0000000e+00
   1.2600000e+00   6.2989272e-01   0.0000000e+00
   1.2800000e+00   6.2580946e-01   0.0000000e+00
   1.3000000e+00   6.2185997e-01   0.0000000e+00
   1.3200000e+00   6.1804424e-01   0.0000000e+00
   1.3400000e+00   6.1376922e-01   0.0000000e+00
   1.3600000e+00   6.0949420e-01   0.0000000e+00
   1.3800000e+00   6.0521919e-01   0.0000000e+00
   1.4000000e+00   6.0169645e-01   0.0000000e+00
   1.4200000e+00   5.9807247e-01   0.0000000e+00
   1.4400000e+00   5.9434726e-01   0.0000000e+00
   1.4600000e+00   5.9007225e-01   0.0000000e+00
   1.4800000e+00   5.8582337e-01   0.0000000e+00
   1.5000000e+00   5.8160064e-01   0.0000000e+00
   1.5200000e+00   5.7839438e-01   0.0000000e+00
   1.5400000e+00   5.7496619e-01   0.0000000e+00
   1.5600000e+00   5.7131607e-01   0.0000000e+00
   1.5800000e+00   5.6790263e-01   0.0000000e+00
   1.6000000e+00   5.6459277e-01   0.0000000e+00
   1.6200000e+00   5.6138651e-01   0.0000000e+00
   1.6400000e+00   5.5827411e-01   0.0000000e+00
   1.6600000e+00   5.5538197e-01   0.0000000e+00
   1.6800000e+00   5.5271008e-01   0.0000000e+00
   1.7000000e+00   5.4952662e-01   0.0000000e+00
   1.7200000e+00   5.4652922e-01   0.0000000e+00
   1.7400000e+00   5.4371786e-01   0.0000000e+00
   1.7600000e+00   5.4104598e-01   0.0000000e+00
   1.7800000e+00   5.3837409e-01   0.0000000e+00
   1.8000000e+00   5.3570221e-01   0.0000000e+00
   1.8200000e+00   5.3307524e-01   0.0000000e+00
   1.8400000e+00   5.3069300e-01   0.0000000e+00
   1.8600000e+00   5.2855549e-01   0.0000000e+00
   1.8800000e+00   5.2641798e-01   0.0000000e+00
   1.9000000e+00   5.2410749e-01   0.0000000e+00
   1.9200000e+00   5.2162402e-01   0.0000000e+00
   1.9400000e+00   5.1918144e-01   0.0000000e+00
   1.9600000e+00   5.1694771e-01   0.0000000e+00
   1.9800000e+00   5.1492283e-01   0.0000000e+00
   2.0000000e+00   5.1331970e-01   0.0000000e+00
   2.0200000e+00   5.1198174e-01   0.0000000e+00
   2.0400000e+00   5.1090896e-01   0.0000000e+00
   2.0600000e+00   5.0942652e-01   0.0000000e+00
   2.0800000e+00   5.0788374e-01   0.0000000e+00
   2.1000000e+00   5.0628061e-01   0.0000000e+00
   2.1200000e+00   5.0485783e-01   0.0000000e+00
   2.1400000e+00   5.0361206e-01   0.0000000e+00
   2.1600000e+00   5.0254331e-01   0.0000000e+00
   2.1800000e+00   5.0147456e-01   0.0000000e+00
   2.2000000e+00   5.0016510e-01   0.0000000e+00
   2.2200000e+00   4.9861495e-01   0.0000000e+00
   2.2400000e+00   4.9701182e-01   0.0000000e+00
   2.2600000e+00   4.9540868e-01   0.0000000e+00
   2.2800000e+00   4.9380555e-01   0.0000000e+00
   2.3000000e+00   4.9246524e-01   0.0000000e+00
   2.3200000e+00   4.9150577e-01   0.0000000e+00
   2.3400000e+00   4.9092717e-01   0.0000000e+00
   2.3600000e+00   4.8878966e-01   0.0000000e+00
   2.3800000e+00   4.8708461e-01   0.0000000e+00
   2.4000000e+00   4.8581201e-01   0.0000000e+00
   2.4200000e+00   4.8474326e-01   0.0000000e+00
   2.4400000e+00   4.8347538e-01   0.0000000e+00
   2.4600000e+00   4.8200837e-01   0.0000000e+00
   2.4800000e+00   4.8003579e-01   0.0000000e+00
   2.5000000e+00   4.7851511e-01   0.0000000e+00
   2.5200000e+00   4.7744636e-01   0.0000000e+00
   2.5400000e+00   4.7587743e-01   0.0000000e+00
   2.5600000e+00   4.7429140e-01   0.0000000e+00
   2.5800000e+00   4.7268827e-01   0.0000000e+00
   2.6000000e+00   4.7108514e-01   0.0000000e+00
   2.6200000e+00   4.6948201e-01   0.0000000e+00
   2.6400000e+00   4.6787888e-01   0.0000000e+00
   2.6600000e+00   4.6627575e-01   0.0000000e+00
   2.6800000e+00   4.6467262e-01   0.0000000e+00
   2.7000000e+00   4.6306949e-01   0.0000000e+00
   2.7200000e+00   4.6146636e-01   0.0000000e+00
   2.7400000e+00   4.6003051e-01   0.0000000e+00
   2.7600000e+00   4.5876194e-01   0.0000000e+00
   2.7800000e+00   4.5769318e-01   0.0000000e+00
   2.8000000e+00   4.5652320e-01   0.0000000e+00
   2.8200000e+00   4.5525198e-01   0.0000000e+00
   2.8400000e+00   4.5311447e-01   0.0000000e+00
   2.8600000e+00   4.5175538e-01   0.0000000e+00
   2.8800000e+00   4.5117471e-01   0.0000000e+00
   2.9000000e+00   4.4983577e-01   0.0000000e+00
   2.9200000e+00   4.4865035e-01   0.0000000e+00
   2.9400000e+00   4.4761845e-01   0.0000000e+00
   2.9600000e+00   4.4691512e-01   0.0000000e+00
   2.9800000e+00   4.4605522e-01   0.0000000e+00
   3.0000000e+00   4.4503876e-01   0.0000000e+00
   3.0200000e+00   4.4450438e-01   0.0000000e+00
   3.0400000e+00   4.4373500e-01   0.0000000e+00
   3.0600000e+00   4.4273063e-01   0.0000000e+00
   3.0800000e+00   4.4166187e-01   0.0000000e+00
   3.1000000e+00   4.4059312e-01   0.0000000e+00
   3.1200000e+00   4.3952436e-01   0.0000000e+00
   3.1400000e+00   4.3845561e-01   0.0000000e+00
   3.1600000e+00   4.3738686e-01   0.0000000e+00
   3.1800000e+00   4.3631810e-01   0.0000000e+00
   3.2000000e+00   4.3524935e-01   0.0000000e+00
   3.2200000e+00   4.3397007e-01   0.0000000e+00
   3.2400000e+00   4.3248026e-01   0.0000000e+00
   3.2600000e+00   4.3087713e-01   0.0000000e+00
   3.2800000e+00   4.2936786e-01   0.0000000e+00
   3.3000000e+00   4.2795245e-01   0.0000000e+00
   3.3200000e+00   4.2688370e-01   0.0000000e+00
   3.3400000e+00   4.2581494e-01   0.0000000e+00
   3.3600000e+00   4.2474619e-01   0.0000000e+00
   3.3800000e+00   4.2367744e-01   0.0000000e+00
   3.4000000e+00   4.2260868e-01   0.0000000e+00
   3.4200000e+00   4.2153993e-01   0.0000000e+00
   3.4400000e+00   4.2072662e-01   0.0000000e+00
   3.4600000e+00   4.1998338e-01   0.0000000e+00
   3.4800000e+00   4.1931023e-01   0.0000000e+00
   3.5000000e+00   4.1821936e-01   0.0000000e+00
   3.5200000e+00   4.1687236e-01   0.0000000e+00
   3.5400000e+00   4.1526923e-01   0.0000000e+00
   3.5600000e+00   4.1498558e-01   0.0000000e+00
   3.5800000e+00   4.1452059e-01   0.0000000e+00
   3.6000000e+00   4.1387427e-01   0.0000000e+00
   3.6200000e+00   4.1280551e-01   0.0000000e+00
   2.1300000e+00   7.6239444e-01   1.0000000e+00
   2.1500000e+00   7.6032062e-01   1.0000000e+00
   2.1700000e+00   7.5848215e-01   1.0000000e+00
   2.1900000e+00   7.5687902e-01   1.0000000e+00
   2.2100000e+00   7.5479449e-01   1.0000000e+00
   2.2300000e+00   7.5231873e-01   1.0000000e+00
   2.2500000e+00   7.4945175e-01   1.0000000e+00
   2.2700000e+00   7.4624549e-01   1.0000000e+00
   2.2900000e+00   7.4310493e-01   1.0000000e+00
   2.3100000e+00   7.4003007e-01   1.0000000e+00
   2.3300000e+00   7.3737293e-01   1.0000000e+00
   2.3500000e+00   7.3497560e-01   1.0000000e+00
   2.3700000e+00   7.3283810e-01   1.0000000e+00
   2.3900000e+00   7.3070059e-01   1.0000000e+00
   2.4100000e+00   7.2887887e-01   1.0000000e+00
   2.4300000e+00   7.2737294e-01   1.0000000e+00
   2.4500000e+00   7.2590594e-01   1.0000000e+00
   2.4700000e+00   7.2418614e-01   1.0000000e+00
   2.4900000e+00   7.2221356e-01   1.0000000e+00
   2.5100000e+00   7.2114480e-01   1.0000000e+00
   2.5300000e+00   7.1982596e-01   1.0000000e+00
   2.5500000e+00   7.1825703e-01   1.0000000e+00
   2.5700000e+00   7.1703741e-01   1.0000000e+00
   2.5900000e+00   7.1562638e-01   1.0000000e+00
   2.6100000e+00   7.1402394e-01   1.0000000e+00
   2.6300000e+00   7.1188643e-01   1.0000000e+00
   2.6500000e+00   7.0973216e-01   1.0000000e+00
   2.6700000e+00   7.0756114e-01   1.0000000e+00
   2.6900000e+00   7.0488925e-01   1.0000000e+00
   2.7100000e+00   7.0244298e-01   1.0000000e+00
   2.7300000e+00   7.0022232e-01   1.0000000e+00
   2.7500000e+00   6.9775025e-01   1.0000000e+00
   2.7700000e+00   6.9517828e-01   1.0000000e+00
   2.7900000e+00   6.9250639e-01   1.0000000e+00
   2.8100000e+00   6.8993574e-01   1.0000000e+00
   2.8300000e+00   6.8758166e-01   1.0000000e+00
   2.8500000e+00   6.8544415e-01   1.0000000e+00
   2.8700000e+00   6.8382559e-01   1.0000000e+00
   2.8900000e+00   6.8221474e-01   1.0000000e+00
   2.9100000e+00   6.8061161e-01   1.0000000e+00
   2.9300000e+00   6.7929410e-01   1.0000000e+00
   2.9500000e+00   6.7801649e-01   1.0000000e+00
   2.9700000e+00   6.7677878e-01   1.0000000e+00
   2.9900000e+00   6.7522793e-01   1.0000000e+00
   3.0100000e+00   6.7391814e-01   1.0000000e+00
   3.0300000e+00   6.7284938e-01   1.0000000e+00
   3.0500000e+00   6.7131063e-01   1.0000000e+00
   3.0700000e+00   6.6973969e-01   1.0000000e+00
   3.0900000e+00   6.6813656e-01   1.0000000e+00
   3.1100000e+00   6.6653342e-01   1.0000000e+00
   3.1300000e+00   6.6487029e-01   1.0000000e+00
   3.1500000e+00   6.6314715e-01   1.0000000e+00
   3.1700000e+00   6.6101633e-01   1.0000000e+00
   3.1900000e+00   6.5941654e-01   1.0000000e+00
   3.2100000e+00   6.5834778e-01   1.0000000e+00
   3.2300000e+00   6.5685798e-01   1.0000000e+00
   3.2500000e+00   6.5531151e-01   1.0000000e+00
   3.2700000e+00   6.5370838e-01   1.0000000e+00
   3.2900000e+00   6.5229297e-01   1.0000000e+00
   3.3100000e+00   6.5105089e-01   1.0000000e+00
   3.3300000e+00   6.4998213e-01   1.0000000e+00
   3.3500000e+00   6.4891338e-01   1.0000000e+00
   3.3700000e+00   6.4784463e-01   1.0000000e+00
   3.3900000e+00   6.4677587e-01   1.0000000e+00
   3.4100000e+00   6.4533501e-01   1.0000000e+00
   3.4300000e+00   6.4381301e-01   1.0000000e+00
   3.4500000e+00   6.4220988e-01   1.0000000e+00
   3.4700000e+00   6.4046797e-01   1.0000000e+00
   3.4900000e+00   6.3852826e-01   1.0000000e+00
   3.5100000e+00   6.3639076e-01   1.0000000e+00
   3.5300000e+00   6.3425325e-01   1.0000000e+00
   3.5500000e+00   6.3211574e-01   1.0000000e+00
   3.5700000e+00   6.2997823e-01   1.0000000e+00
   3.5900000e+00   6.2751756e-01   1.0000000e+00
   3.6100000e+00   6.2515778e-01   1.0000000e+00
   3.6300000e+00   6.2289889e-01   1.0000000e+00
   3.6500000e+00   6.2129576e-01   1.0000000e+00
   3.6700000e+00   6.1969263e-01   1.0000000e+00
   3.6900000e+00   6.1808950e-01   1.0000000e+00
   3.7100000e+00   6.1648637e-01   1.0000000e+00
   3.7300000e+00   6.1507867e-01   1.0000000e+00
   3.7500000e+00   6.1386642e-01   1.0000000e+00
