   6.1000000e-01   9.7534075e-01   0.0000000e+00
   6.3000000e-01   9.6333707e-01   0.0000000e+00
   6.5000000e-01   9.4628330e-01   0.0000000e+00
   6.7000000e-01   9.2600012e-01   0.0000000e+00
   6.9000000e-01   9.0248753e-01   0.0000000e+00
   7.1000000e-01   8.8079597e-01   0.0000000e+00
   7.3000000e-01   8.6044772e-01   0.0000000e+00
   7.5000000e-01   8.4144279e-01   0.0000000e+00
   7.7000000e-01   8.2513992e-01   0.0000000e+00
   7.9000000e-01   8.0951123e-01   0.0000000e+00
   8.1000000e-01   7.9455673e-01   0.0000000e+00
   8.3000000e-01   7.7745667e-01   0.0000000e+00
   8.5000000e-01   7.6323297e-01   0.0000000e+00
   8.7000000e-01   7.5188564e-01   0.0000000e+00
   8.9000000e-01   7.4066372e-01   0.0000000e+00
   9.1000000e-01   7.2987627e-01   0.0000000e+00
   9.3000000e-01   7.1952329e-01   0.0000000e+00
   9.5000000e-01   7.1076942e-01   0.0000000e+00
   9.7000000e-01   7.0297534e-01   0.0000000e+00
   9.9000000e-01   6.9614108e-01   0.0000000e+00
   1.0100000e+00   6.9026293e-01   0.0000000e+00
   1.0300000e+00   6.8438478e-01   0.0000000e+00
   1.0500000e+00   6.7850664e-01   0.0000000e+00
   1.0700000e+00   6.7334322e-01   0.0000000e+00
   1.0900000e+00   6.6859751e-01   0.0000000e+00
   1.1100000e+00   6.6426952e-01   0.0000000e+00
   1.1300000e+00   6.6040485e-01   0.0000000e+00
   1.1500000e+00   6.5633500e-01   0.0000000e+00
   1.1700000e+00   6.5205998e-01   0.0000000e+00
   1.1900000e+00   6.4778497e-01   0.0000000e+00
   1.2100000e+00   6.4350995e-01   0.0000000e+00
   1.2300000e+00   6.3923493e-01   0.0000000e+00
   1.2500000e+00   6.3526834e-01   0.0000000e+00
   1.2700000e+00   6.3131884e-01   0.0000000e+00
   1.2900000e+00   6.2738645e-01   0.0000000e+00
   1.3100000e+00   6.2318652e-01   0.0000000e+00
   1.3300000e+00   6.1921624e-01   0.0000000e+00
   1.3500000e+00   6.1547560e-01   0.0000000e+00
   1.3700000e+00   6.1124216e-01   0.0000000e+00
   1.3900000e+00   6.0717600e-01   0.0000000e+00
   1.4100000e+00   6.0327712e-01   0.0000000e+00
   1.4300000e+00   5.9979595e-01   0.0000000e+00
   1.4500000e+00   5.9630943e-01   0.0000000e+00
   1.4700000e+00   5.9281755e-01   0.0000000e+00
   1.4900000e+00   5.8856868e-01   0.0000000e+00
   1.5100000e+00   5.8457392e-01   0.0000000e+00
   1.5300000e+00   5.8083328e-01   0.0000000e+00
   1.5500000e+00   5.7753650e-01   0.0000000e+00
   1.5700000e+00   5.7412138e-01   0.0000000e+00
   1.5900000e+00   5.7058793e-01   0.0000000e+00
   1.6100000e+00   5.6726834e-01   0.0000000e+00
   1.6300000e+00   5.6422568e-01   0.0000000e+00
   1.6500000e+00   5.6145993e-01   0.0000000e+00
   1.6700000e+00   5.5825367e-01   0.0000000e+00
   1.6900000e+00   5.5504740e-01   0.0000000e+00
   1.7100000e+00   5.5184114e-01   0.0000000e+00
   1.7300000e+00   5.4942470e-01   0.0000000e+00
   1.7500000e+00   5.4700860e-01   0.0000000e+00
   1.7700000e+00   5.4459285e-01   0.0000000e+00
   1.7900000e+00   5.4208254e-01   0.0000000e+00
   1.8100000e+00   5.3971372e-01   0.0000000e+00
   1.8300000e+00   5.3748638e-01   0.0000000e+00
   1.8500000e+00   5.3428012e-01   0.0000000e+00
   1.8700000e+00   5.3176780e-01   0.0000000e+00
   1.8900000e+00   5.2994942e-01   0.0000000e+00
   1.9100000e+00   5.2800033e-01   0.0000000e+00
   1.9300000e+00   5.2595703e-01   0.0000000e+00
   1.9500000e+00   5.2381952e-01   0.0000000e+00
   1.9700000e+00   5.2168201e-01   0.0000000e+00
   1.9900000e+00   5.1954450e-01   0.0000000e+00
   2.0100000e+00   5.1740699e-01   0.0000000e+00
   2.0300000e+00   5.1579983e-01   0.0000000e+00
   2.0500000e+00   5.1398784e-01   0.0000000e+00
   2.0700000e+00   5.1197103e-01   0.0000000e+00
   2.0900000e+00   5.1042756e-01   0.0000000e+00
   2.1100000e+00   5.0912145e-01   0.0000000e+00
   2.1300000e+00   5.0805269e-01   0.0000000e+00
   2.1500000e+00   5.0685656e-01   0.0000000e+00
   2.1700000e+00   5.0518974e-01   0.0000000e+00
   2.1900000e+00   5.0305223e-01   0.0000000e+00
   2.2100000e+00   5.0187753e-01   0.0000000e+00
   2.2300000e+00   5.0039106e-01   0.0000000e+00
   2.2500000e+00   4.9859283e-01   0.0000000e+00
   2.2700000e+00   4.9695147e-01   0.0000000e+00
   2.2900000e+00   4.9546500e-01   0.0000000e+00
   2.3100000e+00   4.9413343e-01   0.0000000e+00
   2.3300000e+00   4.9202541e-01   0.0000000e+00
   2.3500000e+00   4.9043702e-01   0.0000000e+00
   2.3700000e+00   4.8936827e-01   0.0000000e+00
   2.3900000e+00   4.8743460e-01   0.0000000e+00
   2.4100000e+00   4.8571481e-01   0.0000000e+00
   2.4300000e+00   4.8420888e-01   0.0000000e+00
   2.4500000e+00   4.8294100e-01   0.0000000e+00
   2.4700000e+00   4.8150549e-01   0.0000000e+00
   2.4900000e+00   4.7990236e-01   0.0000000e+00
   2.5100000e+00   4.7829923e-01   0.0000000e+00
   2.5300000e+00   4.7669610e-01   0.0000000e+00
   2.5500000e+00   4.7509297e-01   0.0000000e+00
   2.5700000e+00   4.7348984e-01   0.0000000e+00
   2.5900000e+00   4.7188671e-01   0.0000000e+00
   2.6100000e+00   4.7028358e-01   0.0000000e+00
   2.6300000e+00   4.6868045e-01   0.0000000e+00
   2.6500000e+00   4.6707731e-01   0.0000000e+00
   2.6700000e+00   4.6547418e-01   0.0000000e+00
   2.6900000e+00   4.6387105e-01   0.0000000e+00
   2.7100000e+00   4.6226792e-01   0.0000000e+00
   2.7300000e+00   4.6066479e-01   0.0000000e+00
   2.7500000e+00   4.5939622e-01   0.0000000e+00
   2.7700000e+00   4.5822756e-01   0.0000000e+00
   2.7900000e+00   4.5715881e-01   0.0000000e+00
   2.8100000e+00   4.5598882e-01   0.0000000e+00
   2.8300000e+00   4.5460226e-01   0.0000000e+00
   2.8500000e+00   4.5299913e-01   0.0000000e+00
   2.8700000e+00   4.5191494e-01   0.0000000e+00
   2.8900000e+00   4.5083847e-01   0.0000000e+00
   2.9100000e+00   4.4976972e-01   0.0000000e+00
   2.9300000e+00   4.4870097e-01   0.0000000e+00
   2.9500000e+00   4.4763221e-01   0.0000000e+00
   2.9700000e+00   4.4656346e-01   0.0000000e+00
   2.9900000e+00   4.4549470e-01   0.0000000e+00
   3.0100000e+00   4.4442595e-01   0.0000000e+00
   3.0300000e+00   4.4335719e-01   0.0000000e+00
   3.0500000e+00   4.4181844e-01   0.0000000e+00
   3.0700000e+00   4.4042417e-01   0.0000000e+00
   3.0900000e+00   4.3917437e-01   0.0000000e+00
   3.1100000e+00   4.3810562e-01   0.0000000e+00
   3.1300000e+00   4.3691686e-01   0.0000000e+00
   3.1500000e+00   4.3560809e-01   0.0000000e+00
   3.1700000e+00   4.3347726e-01   0.0000000e+00
   3.1900000e+00   4.3187748e-01   0.0000000e+00
   3.2100000e+00   4.3080872e-01   0.0000000e+00
   3.2300000e+00   4.2973997e-01   0.0000000e+00
   3.2500000e+00   4.2867121e-01   0.0000000e+00
   3.2700000e+00   4.2760246e-01   0.0000000e+00
   3.2900000e+00   4.2653370e-01   0.0000000e+00
   3.3100000e+00   4.2546495e-01   0.0000000e+00
   3.3300000e+00   4.2439620e-01   0.0000000e+00
   3.3500000e+00   4.2332744e-01   0.0000000e+00
   3.3700000e+00   4.2225869e-01   0.0000000e+00
   3.3900000e+00   4.2118993e-01   0.0000000e+00
   3.4100000e+00   4.1974907e-01   0.0000000e+00
   3.4300000e+00   4.1848252e-01   0.0000000e+00
   3.4500000e+00   4.1739027e-01   0.0000000e+00
   3.4700000e+00   4.1657834e-01   0.0000000e+00
   3.4900000e+00   4.1539292e-01   0.0000000e+00
   3.5100000e+00   4.1383402e-01   0.0000000e+00
   3.5300000e+00   4.1329964e-01   0.0000000e+00
   3.5500000e+00   4.1254535e-01   0.0000000e+00
   3.5700000e+00   4.1157115e-01   0.0000000e+00
   3.5900000e+00   4.1050239e-01   0.0000000e+00
   3.6100000e+00   4.0953689e-01   0.0000000e+00
   3.6300000e+00   4.0867463e-01   0.0000000e+00
   3.6500000e+00   4.0814025e-01   0.0000000e+00
   3.6700000e+00   4.0760588e-01   0.0000000e+00
   3.6900000e+00   4.0707150e-01   0.0000000e+00
   3.7100000e+00   4.0653712e-01   0.0000000e+00
   3.7300000e+00   4.0600274e-01   0.0000000e+00
   3.7500000e+00   4.0546837e-01   0.0000000e+00
   3.7700000e+00   4.0465978e-01   0.0000000e+00
   3.7900000e+00   4.0372110e-01   0.0000000e+00
   2.1300000e+00   7.6185338e-01   1.0000000e+00
   2.1500000e+00   7.5877450e-01   1.0000000e+00
   2.1700000e+00   7.5616630e-01   1.0000000e+00
   2.1900000e+00   7.5402879e-01   1.0000000e+00
   2.2100000e+00   7.5189129e-01   1.0000000e+00
   2.2300000e+00   7.4902431e-01   1.0000000e+00
   2.2500000e+00   7.4542785e-01   1.0000000e+00
   2.2700000e+00   7.4189705e-01   1.0000000e+00
   2.2900000e+00   7.3892712e-01   1.0000000e+00
   2.3100000e+00   7.3651804e-01   1.0000000e+00
   2.3300000e+00   7.3491491e-01   1.0000000e+00
   2.3500000e+00   7.3331178e-01   1.0000000e+00
   2.3700000e+00   7.3170865e-01   1.0000000e+00
   2.3900000e+00   7.3010552e-01   1.0000000e+00
   2.4100000e+00   7.2881818e-01   1.0000000e+00
   2.4300000e+00   7.2784663e-01   1.0000000e+00
   2.4500000e+00   7.2711313e-01   1.0000000e+00
   2.4700000e+00   7.2617077e-01   1.0000000e+00
   2.4900000e+00   7.2501955e-01   1.0000000e+00
   2.5100000e+00   7.2341642e-01   1.0000000e+00
   2.5300000e+00   7.2181329e-01   1.0000000e+00
   2.5500000e+00   7.2021016e-01   1.0000000e+00
   2.5700000e+00   7.1860703e-01   1.0000000e+00
   2.5900000e+00   7.1673705e-01   1.0000000e+00
   2.6100000e+00   7.1460023e-01   1.0000000e+00
   2.6300000e+00   7.1207853e-01   1.0000000e+00
   2.6500000e+00   7.0971541e-01   1.0000000e+00
   2.6700000e+00   7.0751087e-01   1.0000000e+00
   2.6900000e+00   7.0430461e-01   1.0000000e+00
   2.7100000e+00   7.0177518e-01   1.0000000e+00
   2.7300000e+00   6.9992260e-01   1.0000000e+00
   2.7500000e+00   6.9798491e-01   1.0000000e+00
   2.7700000e+00   6.9594731e-01   1.0000000e+00
   2.7900000e+00   6.9380980e-01   1.0000000e+00
   2.8100000e+00   6.9177353e-01   1.0000000e+00
   2.8300000e+00   6.8995382e-01   1.0000000e+00
   2.8500000e+00   6.8835069e-01   1.0000000e+00
   2.8700000e+00   6.8726651e-01   1.0000000e+00
   2.8900000e+00   6.8598890e-01   1.0000000e+00
   2.9100000e+00   6.8451786e-01   1.0000000e+00
   2.9300000e+00   6.8262911e-01   1.0000000e+00
   2.9500000e+00   6.8078494e-01   1.0000000e+00
   2.9700000e+00   6.7898533e-01   1.0000000e+00
   2.9900000e+00   6.7781200e-01   1.0000000e+00
   3.0100000e+00   6.7615658e-01   1.0000000e+00
   3.0300000e+00   6.7401908e-01   1.0000000e+00
   3.0500000e+00   6.7188157e-01   1.0000000e+00
   3.0700000e+00   6.7009740e-01   1.0000000e+00
   3.0900000e+00   6.6866656e-01   1.0000000e+00
   3.1100000e+00   6.6736113e-01   1.0000000e+00
   3.1300000e+00   6.6596686e-01   1.0000000e+00
   3.1500000e+00   6.6448373e-01   1.0000000e+00
   3.1700000e+00   6.6341498e-01   1.0000000e+00
   3.1900000e+00   6.6234622e-01   1.0000000e+00
   3.2100000e+00   6.6127747e-01   1.0000000e+00
   3.2300000e+00   6.6020872e-01   1.0000000e+00
   3.2500000e+00   6.5913996e-01   1.0000000e+00
   3.2700000e+00   6.5807121e-01   1.0000000e+00
   3.2900000e+00   6.5700245e-01   1.0000000e+00
   3.3100000e+00   6.5589817e-01   1.0000000e+00
   3.3300000e+00   6.5475836e-01   1.0000000e+00
   3.3500000e+00   6.5315523e-01   1.0000000e+00
   3.3700000e+00   6.5130771e-01   1.0000000e+00
   3.3900000e+00   6.4921581e-01   1.0000000e+00
   3.4100000e+00   6.4745040e-01   1.0000000e+00
   3.4300000e+00   6.4538297e-01   1.0000000e+00
   3.4500000e+00   6.4301352e-01   1.0000000e+00
   3.4700000e+00   6.4008481e-01   1.0000000e+00
   3.4900000e+00   6.3756276e-01   1.0000000e+00
   3.5100000e+00   6.3544736e-01   1.0000000e+00
   3.5300000e+00   6.3384423e-01   1.0000000e+00
   3.5500000e+00   6.3202119e-01   1.0000000e+00
   3.5700000e+00   6.2997823e-01   1.0000000e+00
   3.5900000e+00   6.2816389e-01   1.0000000e+00
   3.6100000e+00   6.2645515e-01   1.0000000e+00
   3.6300000e+00   6.2485202e-01   1.0000000e+00
   3.6500000e+00   6.2333872e-01   1.0000000e+00
   3.6700000e+00   6.2204769e-01   1.0000000e+00
   3.6900000e+00   6.2097894e-01   1.0000000e+00
   3.7100000e+00   6.2041773e-01   1.0000000e+00
   3.7300000e+00   6.1986993e-01   1.0000000e+00
   3.7500000e+00   6.1933556e-01   1.0000000e+00
   3.7700000e+00   6.1880118e-01   1.0000000e+00
   3.7900000e+00   6.1818803e-01   1.0000000e+00
