   6.1000000e-01   9.3004308e-01   0.0000000e+00
   6.3000000e-01   9.1581944e-01   0.0000000e+00
   6.5000000e-01   8.9506257e-01   0.0000000e+00
   6.7000000e-01   8.7132471e-01   0.0000000e+00
   6.9000000e-01   8.4460586e-01   0.0000000e+00
   7.1000000e-01   8.2289484e-01   0.0000000e+00
   7.3000000e-01   8.0229616e-01   0.0000000e+00
   7.5000000e-01   7.8280982e-01   0.0000000e+00
   7.7000000e-01   7.6721362e-01   0.0000000e+00
   7.9000000e-01   7.5327824e-01   0.0000000e+00
   8.1000000e-01   7.4100369e-01   0.0000000e+00
   8.3000000e-01   7.2443800e-01   0.0000000e+00
   8.5000000e-01   7.1022571e-01   0.0000000e+00
   8.7000000e-01   6.9836680e-01   0.0000000e+00
   8.9000000e-01   6.8661050e-01   0.0000000e+00
   9.1000000e-01   6.7601280e-01   0.0000000e+00
   9.3000000e-01   6.6657367e-01   0.0000000e+00
   9.5000000e-01   6.5943836e-01   0.0000000e+00
   9.7000000e-01   6.5263628e-01   0.0000000e+00
   9.9000000e-01   6.4616744e-01   0.0000000e+00
   1.0100000e+00   6.3922054e-01   0.0000000e+00
   1.0300000e+00   6.3274767e-01   0.0000000e+00
   1.0500000e+00   6.2674882e-01   0.0000000e+00
   1.0700000e+00   6.2122804e-01   0.0000000e+00
   1.0900000e+00   6.1591611e-01   0.0000000e+00
   1.1100000e+00   6.1081304e-01   0.0000000e+00
   1.1300000e+00   6.0587962e-01   0.0000000e+00
   1.1500000e+00   6.0074470e-01   0.0000000e+00
   1.1700000e+00   5.9540830e-01   0.0000000e+00
   1.1900000e+00   5.9059891e-01   0.0000000e+00
   1.2100000e+00   5.8578952e-01   0.0000000e+00
   1.2300000e+00   5.8098012e-01   0.0000000e+00
   1.2500000e+00   5.7617073e-01   0.0000000e+00
   1.2700000e+00   5.7136134e-01   0.0000000e+00
   1.2900000e+00   5.6655194e-01   0.0000000e+00
   1.3100000e+00   5.6174255e-01   0.0000000e+00
   1.3300000e+00   5.5693316e-01   0.0000000e+00
   1.3500000e+00   5.5212376e-01   0.0000000e+00
   1.3700000e+00   5.4731437e-01   0.0000000e+00
   1.3900000e+00   5.4288111e-01   0.0000000e+00
   1.4100000e+00   5.3882399e-01   0.0000000e+00
   1.4300000e+00   5.3482388e-01   0.0000000e+00
   1.4500000e+00   5.3082913e-01   0.0000000e+00
   1.4700000e+00   5.2683973e-01   0.0000000e+00
   1.4900000e+00   5.2360732e-01   0.0000000e+00
   1.5100000e+00   5.2012080e-01   0.0000000e+00
   1.5300000e+00   5.1638016e-01   0.0000000e+00
   1.5500000e+00   5.1352723e-01   0.0000000e+00
   1.5700000e+00   5.1092842e-01   0.0000000e+00
   1.5900000e+00   5.0858373e-01   0.0000000e+00
   1.6100000e+00   5.0623569e-01   0.0000000e+00
   1.6300000e+00   5.0381959e-01   0.0000000e+00
   1.6500000e+00   5.0133543e-01   0.0000000e+00
   1.6700000e+00   4.9973230e-01   0.0000000e+00
   1.6900000e+00   4.9812917e-01   0.0000000e+00
   1.7100000e+00   4.9652604e-01   0.0000000e+00
   1.7300000e+00   4.9492291e-01   0.0000000e+00
   1.7500000e+00   4.9345890e-01   0.0000000e+00
   1.7700000e+00   4.9213401e-01   0.0000000e+00
   1.7900000e+00   4.9090368e-01   0.0000000e+00
   1.8100000e+00   4.8950940e-01   0.0000000e+00
   1.8300000e+00   4.8795119e-01   0.0000000e+00
   1.8500000e+00   4.8688243e-01   0.0000000e+00
   1.8700000e+00   4.8581368e-01   0.0000000e+00
   1.8900000e+00   4.8474493e-01   0.0000000e+00
   1.9100000e+00   4.8367617e-01   0.0000000e+00
   1.9300000e+00   4.8260742e-01   0.0000000e+00
   1.9500000e+00   4.8153866e-01   0.0000000e+00
   1.9700000e+00   4.8058255e-01   0.0000000e+00
   1.9900000e+00   4.7983730e-01   0.0000000e+00
   2.0100000e+00   4.7930292e-01   0.0000000e+00
   2.0300000e+00   4.7823820e-01   0.0000000e+00
   2.0500000e+00   4.7717146e-01   0.0000000e+00
   2.0700000e+00   4.7610270e-01   0.0000000e+00
   2.0900000e+00   4.7473693e-01   0.0000000e+00
   2.1100000e+00   4.7334266e-01   0.0000000e+00
   2.1300000e+00   4.7191988e-01   0.0000000e+00
   2.1500000e+00   4.7078744e-01   0.0000000e+00
   2.1700000e+00   4.6941965e-01   0.0000000e+00
   2.1900000e+00   4.6781652e-01   0.0000000e+00
   2.2100000e+00   4.6669479e-01   0.0000000e+00
   2.2300000e+00   4.6541718e-01   0.0000000e+00
   2.2500000e+00   4.6398369e-01   0.0000000e+00
   2.2700000e+00   4.6262863e-01   0.0000000e+00
   2.2900000e+00   4.6148242e-01   0.0000000e+00
   2.3100000e+00   4.6054508e-01   0.0000000e+00
   2.3300000e+00   4.6001070e-01   0.0000000e+00
   2.3500000e+00   4.5947632e-01   0.0000000e+00
   2.3700000e+00   4.5894195e-01   0.0000000e+00
   2.3900000e+00   4.5840757e-01   0.0000000e+00
   2.4100000e+00   4.5850477e-01   0.0000000e+00
   2.4300000e+00   4.5923356e-01   0.0000000e+00
   2.4500000e+00   4.6083669e-01   0.0000000e+00
   2.4700000e+00   4.6243982e-01   0.0000000e+00
   2.4900000e+00   4.6404295e-01   0.0000000e+00
   2.5100000e+00   4.6564608e-01   0.0000000e+00
   2.5300000e+00   4.6724921e-01   0.0000000e+00
   2.5500000e+00   4.6885234e-01   0.0000000e+00
   2.5700000e+00   4.7045547e-01   0.0000000e+00
   2.5900000e+00   4.7192518e-01   0.0000000e+00
   2.6100000e+00   4.7326147e-01   0.0000000e+00
   2.6300000e+00   4.7433022e-01   0.0000000e+00
   2.6500000e+00   4.7534871e-01   0.0000000e+00
   2.6700000e+00   4.7631692e-01   0.0000000e+00
   2.6900000e+00   4.7578254e-01   0.0000000e+00
   2.7100000e+00   4.7524816e-01   0.0000000e+00
   2.7300000e+00   4.7471378e-01   0.0000000e+00
   2.7500000e+00   4.7351028e-01   0.0000000e+00
   2.7700000e+00   4.7221591e-01   0.0000000e+00
   2.7900000e+00   4.7083068e-01   0.0000000e+00
   2.8100000e+00   4.6966069e-01   0.0000000e+00
   2.8300000e+00   4.6827413e-01   0.0000000e+00
   2.8500000e+00   4.6667100e-01   0.0000000e+00
   2.8700000e+00   4.6506787e-01   0.0000000e+00
   2.8900000e+00   4.6366588e-01   0.0000000e+00
   2.9100000e+00   4.6246503e-01   0.0000000e+00
   2.9300000e+00   4.6139628e-01   0.0000000e+00
   2.9500000e+00   4.6032752e-01   0.0000000e+00
   2.9700000e+00   4.5925877e-01   0.0000000e+00
   2.9900000e+00   4.5819002e-01   0.0000000e+00
   3.0100000e+00   4.5712126e-01   0.0000000e+00
   3.0300000e+00   4.5605251e-01   0.0000000e+00
   3.0500000e+00   4.5545375e-01   0.0000000e+00
   3.0700000e+00   4.5471052e-01   0.0000000e+00
   3.0900000e+00   4.5382281e-01   0.0000000e+00
   3.1100000e+00   4.5275405e-01   0.0000000e+00
   3.1300000e+00   4.5168530e-01   0.0000000e+00
   3.1500000e+00   4.5061654e-01   0.0000000e+00
   3.1700000e+00   4.4954779e-01   0.0000000e+00
   3.1900000e+00   4.4847904e-01   0.0000000e+00
   3.2100000e+00   4.4741028e-01   0.0000000e+00
   3.2300000e+00   4.4718364e-01   0.0000000e+00
   3.2500000e+00   4.4691812e-01   0.0000000e+00
   3.2700000e+00   4.4661373e-01   0.0000000e+00
   3.2900000e+00   4.4607935e-01   0.0000000e+00
   3.3100000e+00   4.4550945e-01   0.0000000e+00
   3.3300000e+00   4.4490401e-01   0.0000000e+00
   3.3500000e+00   4.4383525e-01   0.0000000e+00
   3.3700000e+00   4.4301089e-01   0.0000000e+00
   3.3900000e+00   4.4243090e-01   0.0000000e+00
   3.4100000e+00   4.4189653e-01   0.0000000e+00
   3.4300000e+00   4.4148987e-01   0.0000000e+00
   3.4500000e+00   4.4121094e-01   0.0000000e+00
   3.4700000e+00   4.4093338e-01   0.0000000e+00
   3.4900000e+00   4.4028234e-01   0.0000000e+00
   3.5100000e+00   4.3925781e-01   0.0000000e+00
   3.5300000e+00   4.3925781e-01   0.0000000e+00
   3.5500000e+00   4.3903790e-01   0.0000000e+00
   3.5700000e+00   4.3859807e-01   0.0000000e+00
   3.5900000e+00   4.3838686e-01   0.0000000e+00
   3.6100000e+00   4.3828125e-01   0.0000000e+00
   3.6300000e+00   4.3828125e-01   0.0000000e+00
   3.6500000e+00   4.3846091e-01   0.0000000e+00
   3.6700000e+00   4.3908512e-01   0.0000000e+00
   3.6900000e+00   4.4015388e-01   0.0000000e+00
   3.7100000e+00   4.4122263e-01   0.0000000e+00
   3.7300000e+00   4.4268226e-01   0.0000000e+00
   3.7500000e+00   4.4453278e-01   0.0000000e+00
   2.0400000e+00   7.3240761e-01   1.0000000e+00
   2.0600000e+00   7.3021850e-01   1.0000000e+00
   2.0800000e+00   7.2778800e-01   1.0000000e+00
   2.1000000e+00   7.2511612e-01   1.0000000e+00
   2.1200000e+00   7.2280494e-01   1.0000000e+00
   2.1400000e+00   7.2078409e-01   1.0000000e+00
   2.1600000e+00   7.1905359e-01   1.0000000e+00
   2.1800000e+00   7.1638170e-01   1.0000000e+00
   2.2000000e+00   7.1370982e-01   1.0000000e+00
   2.2200000e+00   7.1103793e-01   1.0000000e+00
   2.2400000e+00   7.0836605e-01   1.0000000e+00
   2.2600000e+00   7.0557012e-01   1.0000000e+00
   2.2800000e+00   7.0265017e-01   1.0000000e+00
   2.3000000e+00   6.9957531e-01   1.0000000e+00
   2.3200000e+00   6.9670931e-01   1.0000000e+00
   2.3400000e+00   6.9405217e-01   1.0000000e+00
   2.3600000e+00   6.9191466e-01   1.0000000e+00
   2.3800000e+00   6.8956093e-01   1.0000000e+00
   2.4000000e+00   6.8699096e-01   1.0000000e+00
   2.4200000e+00   6.8463487e-01   1.0000000e+00
   2.4400000e+00   6.8238807e-01   1.0000000e+00
   2.4600000e+00   6.8025056e-01   1.0000000e+00
   2.4800000e+00   6.7811305e-01   1.0000000e+00
   2.5000000e+00   6.7597554e-01   1.0000000e+00
   2.5200000e+00   6.7383803e-01   1.0000000e+00
   2.5400000e+00   6.7220070e-01   1.0000000e+00
   2.5600000e+00   6.7038871e-01   1.0000000e+00
   2.5800000e+00   6.6840207e-01   1.0000000e+00
   2.6000000e+00   6.6679825e-01   1.0000000e+00
   2.6200000e+00   6.6531179e-01   1.0000000e+00
   2.6400000e+00   6.6394267e-01   1.0000000e+00
   2.6600000e+00   6.6180517e-01   1.0000000e+00
   2.6800000e+00   6.5966766e-01   1.0000000e+00
   2.7000000e+00   6.5753015e-01   1.0000000e+00
   2.7200000e+00   6.5584387e-01   1.0000000e+00
   2.7400000e+00   6.5403188e-01   1.0000000e+00
   2.7600000e+00   6.5209419e-01   1.0000000e+00
   2.7800000e+00   6.5017458e-01   1.0000000e+00
   2.8000000e+00   6.4836259e-01   1.0000000e+00
   2.8200000e+00   6.4665823e-01   1.0000000e+00
   2.8400000e+00   6.4452072e-01   1.0000000e+00
   2.8600000e+00   6.4290215e-01   1.0000000e+00
   2.8800000e+00   6.4180254e-01   1.0000000e+00
   2.9000000e+00   6.3992922e-01   1.0000000e+00
   2.9200000e+00   6.3820943e-01   1.0000000e+00
   2.9400000e+00   6.3664315e-01   1.0000000e+00
   2.9600000e+00   6.3540545e-01   1.0000000e+00
   2.9800000e+00   6.3401117e-01   1.0000000e+00
   3.0000000e+00   6.3246033e-01   1.0000000e+00
   3.0200000e+00   6.3139157e-01   1.0000000e+00
   3.0400000e+00   6.3008782e-01   1.0000000e+00
   3.0600000e+00   6.2854906e-01   1.0000000e+00
   3.0800000e+00   6.2729927e-01   1.0000000e+00
   3.1000000e+00   6.2613999e-01   1.0000000e+00
   3.1200000e+00   6.2507124e-01   1.0000000e+00
   3.1400000e+00   6.2400249e-01   1.0000000e+00
   3.1600000e+00   6.2293373e-01   1.0000000e+00
   3.1800000e+00   6.2186498e-01   1.0000000e+00
   3.2000000e+00   6.2079622e-01   1.0000000e+00
   3.2200000e+00   6.1972747e-01   1.0000000e+00
   3.2400000e+00   6.1865872e-01   1.0000000e+00
   3.2600000e+00   6.1789435e-01   1.0000000e+00
   3.2800000e+00   6.1733884e-01   1.0000000e+00
   3.3000000e+00   6.1699219e-01   1.0000000e+00
   3.3200000e+00   6.1706325e-01   1.0000000e+00
   3.3400000e+00   6.1736597e-01   1.0000000e+00
   3.3600000e+00   6.1790034e-01   1.0000000e+00
