   6.0000000e-01   9.7800659e-01   0.0000000e+00
   6.2000000e-01   9.6608537e-01   0.0000000e+00
   6.4000000e-01   9.5243699e-01   0.0000000e+00
   6.6000000e-01   9.3706144e-01   0.0000000e+00
   6.8000000e-01   9.1622073e-01   0.0000000e+00
   7.0000000e-01   8.9515240e-01   0.0000000e+00
   7.2000000e-01   8.7385644e-01   0.0000000e+00
   7.4000000e-01   8.5349714e-01   0.0000000e+00
   7.6000000e-01   8.3476308e-01   0.0000000e+00
   7.8000000e-01   8.1765426e-01   0.0000000e+00
   8.0000000e-01   8.0376852e-01   0.0000000e+00
   8.2000000e-01   7.8880999e-01   0.0000000e+00
   8.4000000e-01   7.7277868e-01   0.0000000e+00
   8.6000000e-01   7.5988523e-01   0.0000000e+00
   8.8000000e-01   7.4702597e-01   0.0000000e+00
   9.0000000e-01   7.3420092e-01   0.0000000e+00
   9.2000000e-01   7.2282411e-01   0.0000000e+00
   9.4000000e-01   7.1231859e-01   0.0000000e+00
   9.6000000e-01   7.0268437e-01   0.0000000e+00
   9.8000000e-01   6.9430329e-01   0.0000000e+00
   1.0000000e+00   6.8663930e-01   0.0000000e+00
   1.0200000e+00   6.7969240e-01   0.0000000e+00
   1.0400000e+00   6.7274550e-01   0.0000000e+00
   1.0600000e+00   6.6633464e-01   0.0000000e+00
   1.0800000e+00   6.6045984e-01   0.0000000e+00
   1.1000000e+00   6.5535677e-01   0.0000000e+00
   1.1200000e+00   6.5040054e-01   0.0000000e+00
   1.1400000e+00   6.4559114e-01   0.0000000e+00
   1.1600000e+00   6.4078912e-01   0.0000000e+00
   1.1800000e+00   6.3625060e-01   0.0000000e+00
   1.2000000e+00   6.3197558e-01   0.0000000e+00
   1.2200000e+00   6.2770057e-01   0.0000000e+00
   1.2400000e+00   6.2342555e-01   0.0000000e+00
   1.2600000e+00   6.1915053e-01   0.0000000e+00
   1.2800000e+00   6.1468376e-01   0.0000000e+00
   1.3000000e+00   6.1004568e-01   0.0000000e+00
   1.3200000e+00   6.0523629e-01   0.0000000e+00
   1.3400000e+00   6.0042690e-01   0.0000000e+00
   1.3600000e+00   5.9586390e-01   0.0000000e+00
   1.3800000e+00   5.9154731e-01   0.0000000e+00
   1.4000000e+00   5.8727230e-01   0.0000000e+00
   1.4200000e+00   5.8286754e-01   0.0000000e+00
   1.4400000e+00   5.7833305e-01   0.0000000e+00
   1.4600000e+00   5.7380928e-01   0.0000000e+00
   1.4800000e+00   5.6965093e-01   0.0000000e+00
   1.5000000e+00   5.6585800e-01   0.0000000e+00
   1.5200000e+00   5.6104861e-01   0.0000000e+00
   1.5400000e+00   5.5623921e-01   0.0000000e+00
   1.5600000e+00   5.5142982e-01   0.0000000e+00
   1.5800000e+00   5.4727481e-01   0.0000000e+00
   1.6000000e+00   5.4343225e-01   0.0000000e+00
   1.6200000e+00   5.3990213e-01   0.0000000e+00
   1.6400000e+00   5.3678973e-01   0.0000000e+00
   1.6600000e+00   5.3389759e-01   0.0000000e+00
   1.6800000e+00   5.3122571e-01   0.0000000e+00
   1.7000000e+00   5.2957697e-01   0.0000000e+00
   1.7200000e+00   5.2795104e-01   0.0000000e+00
   1.7400000e+00   5.2634790e-01   0.0000000e+00
   1.7600000e+00   5.2474477e-01   0.0000000e+00
   1.7800000e+00   5.2306085e-01   0.0000000e+00
   1.8000000e+00   5.2129614e-01   0.0000000e+00
   1.8200000e+00   5.1920355e-01   0.0000000e+00
   1.8400000e+00   5.1735569e-01   0.0000000e+00
   1.8600000e+00   5.1575256e-01   0.0000000e+00
   1.8800000e+00   5.1414943e-01   0.0000000e+00
   1.9000000e+00   5.1271928e-01   0.0000000e+00
   1.9200000e+00   5.1146211e-01   0.0000000e+00
   1.9400000e+00   5.1039335e-01   0.0000000e+00
   1.9600000e+00   5.0932460e-01   0.0000000e+00
   1.9800000e+00   5.0825585e-01   0.0000000e+00
   2.0000000e+00   5.0718709e-01   0.0000000e+00
   2.0200000e+00   5.0585316e-01   0.0000000e+00
   2.0400000e+00   5.0425406e-01   0.0000000e+00
   2.0600000e+00   5.0347830e-01   0.0000000e+00
   2.0800000e+00   5.0267472e-01   0.0000000e+00
   2.1000000e+00   5.0184332e-01   0.0000000e+00
   2.1200000e+00   5.0095492e-01   0.0000000e+00
   2.1400000e+00   5.0024353e-01   0.0000000e+00
   2.1600000e+00   4.9970916e-01   0.0000000e+00
   2.1800000e+00   4.9917478e-01   0.0000000e+00
   2.2000000e+00   4.9888110e-01   0.0000000e+00
   2.2200000e+00   4.9882813e-01   0.0000000e+00
   2.2400000e+00   4.9882813e-01   0.0000000e+00
   2.2600000e+00   4.9870409e-01   0.0000000e+00
   2.2800000e+00   4.9845602e-01   0.0000000e+00
   2.3000000e+00   4.9805305e-01   0.0000000e+00
   2.3200000e+00   4.9784419e-01   0.0000000e+00
   2.3400000e+00   4.9782945e-01   0.0000000e+00
   2.3600000e+00   4.9729507e-01   0.0000000e+00
   2.3800000e+00   4.9676069e-01   0.0000000e+00
   2.4000000e+00   4.9622632e-01   0.0000000e+00
   2.4200000e+00   4.9600773e-01   0.0000000e+00
   2.4400000e+00   4.9559975e-01   0.0000000e+00
   2.4600000e+00   4.9500237e-01   0.0000000e+00
   2.4800000e+00   4.9348170e-01   0.0000000e+00
   2.5000000e+00   4.9218699e-01   0.0000000e+00
   2.5200000e+00   4.9111824e-01   0.0000000e+00
   2.5400000e+00   4.8954931e-01   0.0000000e+00
   2.5600000e+00   4.8815503e-01   0.0000000e+00
   2.5800000e+00   4.8693541e-01   0.0000000e+00
   2.6000000e+00   4.8586666e-01   0.0000000e+00
   2.6200000e+00   4.8479790e-01   0.0000000e+00
   2.6400000e+00   4.8372915e-01   0.0000000e+00
   2.6600000e+00   4.8262688e-01   0.0000000e+00
   2.6800000e+00   4.8127418e-01   0.0000000e+00
   2.7000000e+00   4.7967105e-01   0.0000000e+00
   2.7200000e+00   4.7897037e-01   0.0000000e+00
   2.7400000e+00   4.7818556e-01   0.0000000e+00
   2.7600000e+00   4.7731662e-01   0.0000000e+00
   2.7800000e+00   4.7624787e-01   0.0000000e+00
   2.8000000e+00   4.7517912e-01   0.0000000e+00
   2.8200000e+00   4.7411036e-01   0.0000000e+00
   2.8400000e+00   4.7304161e-01   0.0000000e+00
   2.8600000e+00   4.7197285e-01   0.0000000e+00
   2.8800000e+00   4.7090410e-01   0.0000000e+00
   2.9000000e+00   4.6983535e-01   0.0000000e+00
   2.9200000e+00   4.6890940e-01   0.0000000e+00
   2.9400000e+00   4.6812626e-01   0.0000000e+00
   2.9600000e+00   4.6742293e-01   0.0000000e+00
   2.9800000e+00   4.6653689e-01   0.0000000e+00
   3.0000000e+00   4.6546814e-01   0.0000000e+00
   3.0200000e+00   4.6439938e-01   0.0000000e+00
   3.0400000e+00   4.6333063e-01   0.0000000e+00
   3.0600000e+00   4.6226188e-01   0.0000000e+00
   3.0800000e+00   4.6119312e-01   0.0000000e+00
   3.1000000e+00   4.6012437e-01   0.0000000e+00
   3.1200000e+00   4.5905561e-01   0.0000000e+00
   3.1400000e+00   4.5798686e-01   0.0000000e+00
   3.1600000e+00   4.5691978e-01   0.0000000e+00
   3.1800000e+00   4.5585436e-01   0.0000000e+00
   3.2000000e+00   4.5531999e-01   0.0000000e+00
   3.2200000e+00   4.5436456e-01   0.0000000e+00
   3.2400000e+00   4.5298807e-01   0.0000000e+00
   3.2600000e+00   4.5199372e-01   0.0000000e+00
   3.2800000e+00   4.5113549e-01   0.0000000e+00
   3.3000000e+00   4.5041339e-01   0.0000000e+00
   3.3200000e+00   4.4934464e-01   0.0000000e+00
   3.3400000e+00   4.4827588e-01   0.0000000e+00
   3.3600000e+00   4.4720713e-01   0.0000000e+00
   3.3800000e+00   4.4613837e-01   0.0000000e+00
   3.4000000e+00   4.4525567e-01   0.0000000e+00
   3.4200000e+00   4.4455903e-01   0.0000000e+00
   3.4400000e+00   4.4376921e-01   0.0000000e+00
   3.4600000e+00   4.4290931e-01   0.0000000e+00
   3.4800000e+00   4.4197933e-01   0.0000000e+00
   3.5000000e+00   4.4142284e-01   0.0000000e+00
   3.5200000e+00   4.4061022e-01   0.0000000e+00
   3.5400000e+00   4.3954147e-01   0.0000000e+00
   3.5600000e+00   4.3935236e-01   0.0000000e+00
   3.5800000e+00   4.3909623e-01   0.0000000e+00
   3.6000000e+00   4.3877307e-01   0.0000000e+00
   3.6200000e+00   4.3823869e-01   0.0000000e+00
   3.6400000e+00   4.3770432e-01   0.0000000e+00
   3.6600000e+00   4.3716994e-01   0.0000000e+00
   3.6800000e+00   4.3663556e-01   0.0000000e+00
   3.7000000e+00   4.3610119e-01   0.0000000e+00
   3.7200000e+00   4.3556681e-01   0.0000000e+00
   3.7400000e+00   4.3503243e-01   0.0000000e+00
   3.7600000e+00   4.3449805e-01   0.0000000e+00
   3.7800000e+00   4.3396368e-01   0.0000000e+00
   3.8000000e+00   4.3342930e-01   0.0000000e+00
   2.0700000e+00   7.7004802e-01   1.0000000e+00
   2.0900000e+00   7.6808821e-01   1.0000000e+00
   2.1100000e+00   7.6604289e-01   1.0000000e+00
   2.1300000e+00   7.6391207e-01   1.0000000e+00
   2.1500000e+00   7.6265225e-01   1.0000000e+00
   2.1700000e+00   7.6068639e-01   1.0000000e+00
   2.1900000e+00   7.5801451e-01   1.0000000e+00
   2.2100000e+00   7.5726823e-01   1.0000000e+00
   2.2300000e+00   7.5237062e-01   1.0000000e+00
   2.2500000e+00   7.4332169e-01   1.0000000e+00
   2.2700000e+00   7.4305495e-01   1.0000000e+00
   2.2900000e+00   7.4084977e-01   1.0000000e+00
   2.3100000e+00   7.3670616e-01   1.0000000e+00
   2.3300000e+00   7.3302449e-01   1.0000000e+00
   2.3500000e+00   7.3038209e-01   1.0000000e+00
   2.3700000e+00   7.2877896e-01   1.0000000e+00
   2.3900000e+00   7.2631092e-01   1.0000000e+00
   2.4100000e+00   7.2374096e-01   1.0000000e+00
   2.4300000e+00   7.2106907e-01   1.0000000e+00
   2.4500000e+00   7.1839719e-01   1.0000000e+00
   2.4700000e+00   7.1580776e-01   1.0000000e+00
   2.4900000e+00   7.1330080e-01   1.0000000e+00
   2.5100000e+00   7.1169767e-01   1.0000000e+00
   2.5300000e+00   7.1009454e-01   1.0000000e+00
   2.5500000e+00   7.0849141e-01   1.0000000e+00
   2.5700000e+00   7.0727179e-01   1.0000000e+00
   2.5900000e+00   7.0612760e-01   1.0000000e+00
   2.6100000e+00   7.0505884e-01   1.0000000e+00
   2.6300000e+00   7.0429045e-01   1.0000000e+00
   2.6500000e+00   7.0388949e-01   1.0000000e+00
   2.6700000e+00   7.0385598e-01   1.0000000e+00
   2.6900000e+00   7.0332160e-01   1.0000000e+00
   2.7100000e+00   7.0278722e-01   1.0000000e+00
   2.7300000e+00   7.0225285e-01   1.0000000e+00
   2.7500000e+00   7.0104935e-01   1.0000000e+00
