   6.0000000e-01   9.8460016e-01   0.0000000e+00
   6.2000000e-01   9.7246369e-01   0.0000000e+00
   6.4000000e-01   9.6019818e-01   0.0000000e+00
   6.6000000e-01   9.4780363e-01   0.0000000e+00
   6.8000000e-01   9.2696292e-01   0.0000000e+00
   7.0000000e-01   9.0612222e-01   0.0000000e+00
   7.2000000e-01   8.8528151e-01   0.0000000e+00
   7.4000000e-01   8.6410222e-01   0.0000000e+00
   7.6000000e-01   8.4471141e-01   0.0000000e+00
   7.8000000e-01   8.2710911e-01   0.0000000e+00
   8.0000000e-01   8.1397633e-01   0.0000000e+00
   8.2000000e-01   7.9912710e-01   0.0000000e+00
   8.4000000e-01   7.8256141e-01   0.0000000e+00
   8.6000000e-01   7.6861060e-01   0.0000000e+00
   8.8000000e-01   7.5529776e-01   0.0000000e+00
   9.0000000e-01   7.4262289e-01   0.0000000e+00
   9.2000000e-01   7.3207010e-01   0.0000000e+00
   9.4000000e-01   7.2225150e-01   0.0000000e+00
   9.6000000e-01   7.1316709e-01   0.0000000e+00
   9.8000000e-01   7.0413899e-01   0.0000000e+00
   1.0000000e+00   6.9534993e-01   0.0000000e+00
   1.0200000e+00   6.8679990e-01   0.0000000e+00
   1.0400000e+00   6.8014599e-01   0.0000000e+00
   1.0600000e+00   6.7361277e-01   0.0000000e+00
   1.0800000e+00   6.6720024e-01   0.0000000e+00
   1.1000000e+00   6.6126912e-01   0.0000000e+00
   1.1200000e+00   6.5569369e-01   0.0000000e+00
   1.1400000e+00   6.5047395e-01   0.0000000e+00
   1.1600000e+00   6.4566456e-01   0.0000000e+00
   1.1800000e+00   6.4085517e-01   0.0000000e+00
   1.2000000e+00   6.3604577e-01   0.0000000e+00
   1.2200000e+00   6.3123638e-01   0.0000000e+00
   1.2400000e+00   6.2642699e-01   0.0000000e+00
   1.2600000e+00   6.2161759e-01   0.0000000e+00
   1.2800000e+00   6.1680820e-01   0.0000000e+00
   1.3000000e+00   6.1199881e-01   0.0000000e+00
   1.3200000e+00   6.0718941e-01   0.0000000e+00
   1.3400000e+00   6.0238002e-01   0.0000000e+00
   1.3600000e+00   5.9781703e-01   0.0000000e+00
   1.3800000e+00   5.9350044e-01   0.0000000e+00
   1.4000000e+00   5.8884928e-01   0.0000000e+00
   1.4200000e+00   5.8437848e-01   0.0000000e+00
   1.4400000e+00   5.8008803e-01   0.0000000e+00
   1.4600000e+00   5.7634740e-01   0.0000000e+00
   1.4800000e+00   5.7258061e-01   0.0000000e+00
   1.5000000e+00   5.6878769e-01   0.0000000e+00
   1.5200000e+00   5.6397829e-01   0.0000000e+00
   1.5400000e+00   5.5983468e-01   0.0000000e+00
   1.5600000e+00   5.5635686e-01   0.0000000e+00
   1.5800000e+00   5.5249621e-01   0.0000000e+00
   1.6000000e+00   5.4874417e-01   0.0000000e+00
   1.6200000e+00   5.4510074e-01   0.0000000e+00
   1.6400000e+00   5.4233499e-01   0.0000000e+00
   1.6600000e+00   5.3934898e-01   0.0000000e+00
   1.6800000e+00   5.3614272e-01   0.0000000e+00
   1.7000000e+00   5.3395961e-01   0.0000000e+00
   1.7200000e+00   5.3160184e-01   0.0000000e+00
   1.7400000e+00   5.2906943e-01   0.0000000e+00
   1.7600000e+00   5.2639754e-01   0.0000000e+00
   1.7800000e+00   5.2380645e-01   0.0000000e+00
   1.8000000e+00   5.2129614e-01   0.0000000e+00
   1.8200000e+00   5.1911372e-01   0.0000000e+00
   1.8400000e+00   5.1668656e-01   0.0000000e+00
   1.8600000e+00   5.1401468e-01   0.0000000e+00
   1.8800000e+00   5.1226805e-01   0.0000000e+00
   1.9000000e+00   5.1059317e-01   0.0000000e+00
   1.9200000e+00   5.0899004e-01   0.0000000e+00
   1.9400000e+00   5.0738691e-01   0.0000000e+00
   1.9600000e+00   5.0584009e-01   0.0000000e+00
   1.9800000e+00   5.0434960e-01   0.0000000e+00
   2.0000000e+00   5.0328084e-01   0.0000000e+00
   2.0200000e+00   5.0168174e-01   0.0000000e+00
   2.0400000e+00   4.9955229e-01   0.0000000e+00
   2.0600000e+00   4.9865583e-01   0.0000000e+00
   2.0800000e+00   4.9779190e-01   0.0000000e+00
   2.1000000e+00   4.9696051e-01   0.0000000e+00
   2.1200000e+00   4.9625246e-01   0.0000000e+00
   2.1400000e+00   4.9586659e-01   0.0000000e+00
   2.1600000e+00   4.9580291e-01   0.0000000e+00
   2.1800000e+00   4.9526853e-01   0.0000000e+00
   2.2000000e+00   4.9497485e-01   0.0000000e+00
   2.2200000e+00   4.9492188e-01   0.0000000e+00
   2.2400000e+00   4.9492188e-01   0.0000000e+00
   2.2600000e+00   4.9479784e-01   0.0000000e+00
   2.2800000e+00   4.9454977e-01   0.0000000e+00
   2.3000000e+00   4.9388398e-01   0.0000000e+00
   2.3200000e+00   4.9302409e-01   0.0000000e+00
   2.3400000e+00   4.9197007e-01   0.0000000e+00
   2.3600000e+00   4.9143570e-01   0.0000000e+00
   2.3800000e+00   4.9068509e-01   0.0000000e+00
   2.4000000e+00   4.8971826e-01   0.0000000e+00
   2.4200000e+00   4.8864951e-01   0.0000000e+00
   2.4400000e+00   4.8758075e-01   0.0000000e+00
   2.4600000e+00   4.8651200e-01   0.0000000e+00
   2.4800000e+00   4.8536078e-01   0.0000000e+00
   2.5000000e+00   4.8398361e-01   0.0000000e+00
   2.5200000e+00   4.8238048e-01   0.0000000e+00
   2.5400000e+00   4.8127752e-01   0.0000000e+00
   2.5600000e+00   4.8019167e-01   0.0000000e+00
   2.5800000e+00   4.7912291e-01   0.0000000e+00
   2.6000000e+00   4.7805416e-01   0.0000000e+00
   2.6200000e+00   4.7706049e-01   0.0000000e+00
   2.6400000e+00   4.7614192e-01   0.0000000e+00
   2.6600000e+00   4.7550700e-01   0.0000000e+00
   2.6800000e+00   4.7412078e-01   0.0000000e+00
   2.7000000e+00   4.7198327e-01   0.0000000e+00
   2.7200000e+00   4.7074822e-01   0.0000000e+00
   2.7400000e+00   4.6959632e-01   0.0000000e+00
   2.7600000e+00   4.6852756e-01   0.0000000e+00
   2.7800000e+00   4.6745881e-01   0.0000000e+00
   2.8000000e+00   4.6628882e-01   0.0000000e+00
   2.8200000e+00   4.6501760e-01   0.0000000e+00
   2.8400000e+00   4.6288009e-01   0.0000000e+00
   2.8600000e+00   4.6126153e-01   0.0000000e+00
   2.8800000e+00   4.6016191e-01   0.0000000e+00
   2.9000000e+00   4.5909316e-01   0.0000000e+00
   2.9200000e+00   4.5802440e-01   0.0000000e+00
   2.9400000e+00   4.5695565e-01   0.0000000e+00
   2.9600000e+00   4.5588690e-01   0.0000000e+00
   2.9800000e+00   4.5481814e-01   0.0000000e+00
   3.0000000e+00   4.5374939e-01   0.0000000e+00
   3.0200000e+00   4.5268063e-01   0.0000000e+00
   3.0400000e+00   4.5161188e-01   0.0000000e+00
   3.0600000e+00   4.5054313e-01   0.0000000e+00
   3.0800000e+00   4.4735436e-01   0.0000000e+00
   3.1000000e+00   4.4374081e-01   0.0000000e+00
   3.1200000e+00   4.3970246e-01   0.0000000e+00
   2.1600000e+00   7.6045134e-01   1.0000000e+00
   2.1800000e+00   7.5991697e-01   1.0000000e+00
   2.2000000e+00   7.5866049e-01   1.0000000e+00
   2.2200000e+00   7.5668191e-01   1.0000000e+00
   2.2400000e+00   7.4761441e-01   1.0000000e+00
   2.2600000e+00   7.3916797e-01   1.0000000e+00
   2.2800000e+00   7.3134259e-01   1.0000000e+00
   2.3000000e+00   7.2880211e-01   1.0000000e+00
   2.3200000e+00   7.2646312e-01   1.0000000e+00
   2.3400000e+00   7.2432561e-01   1.0000000e+00
   2.3600000e+00   7.2218810e-01   1.0000000e+00
   2.3800000e+00   7.2005059e-01   1.0000000e+00
   2.4000000e+00   7.1791308e-01   1.0000000e+00
   2.4200000e+00   7.1577558e-01   1.0000000e+00
   2.4400000e+00   7.1363807e-01   1.0000000e+00
   2.4600000e+00   7.1150056e-01   1.0000000e+00
   2.4800000e+00   7.0936305e-01   1.0000000e+00
   2.5000000e+00   7.0722554e-01   1.0000000e+00
   2.5200000e+00   7.0508803e-01   1.0000000e+00
   2.5400000e+00   7.0295053e-01   1.0000000e+00
   2.5600000e+00   7.0081302e-01   1.0000000e+00
   2.5800000e+00   6.9867551e-01   1.0000000e+00
   2.6000000e+00   6.9627116e-01   1.0000000e+00
   2.6200000e+00   6.9380813e-01   1.0000000e+00
   2.6400000e+00   6.9128642e-01   1.0000000e+00
   2.6600000e+00   6.8914892e-01   1.0000000e+00
   2.6800000e+00   6.8701141e-01   1.0000000e+00
   2.7000000e+00   6.8487390e-01   1.0000000e+00
   2.7200000e+00   6.8318762e-01   1.0000000e+00
   2.7400000e+00   6.8154291e-01   1.0000000e+00
   2.7600000e+00   6.7993978e-01   1.0000000e+00
   2.7800000e+00   6.7855455e-01   1.0000000e+00
   2.8000000e+00   6.7732755e-01   1.0000000e+00
   2.8200000e+00   6.7625880e-01   1.0000000e+00
   2.8400000e+00   6.7519005e-01   1.0000000e+00
   2.8600000e+00   6.7438076e-01   1.0000000e+00
   2.8800000e+00   6.7383096e-01   1.0000000e+00
   2.9000000e+00   6.7329658e-01   1.0000000e+00
   2.9200000e+00   6.7276220e-01   1.0000000e+00
   2.9400000e+00   6.7222783e-01   1.0000000e+00
   2.9600000e+00   6.7253821e-01   1.0000000e+00
