   6.1000000e-01   9.7233396e-01   0.0000000e+00
   6.3000000e-01   9.6017607e-01   0.0000000e+00
   6.5000000e-01   9.4255038e-01   0.0000000e+00
   6.7000000e-01   9.2144686e-01   0.0000000e+00
   6.9000000e-01   8.9686552e-01   0.0000000e+00
   7.1000000e-01   8.7547097e-01   0.0000000e+00
   7.3000000e-01   8.5536913e-01   0.0000000e+00
   7.5000000e-01   8.3655998e-01   0.0000000e+00
   7.7000000e-01   8.2025710e-01   0.0000000e+00
   7.9000000e-01   8.0468105e-01   0.0000000e+00
   8.1000000e-01   7.8983182e-01   0.0000000e+00
   8.3000000e-01   7.7326613e-01   0.0000000e+00
   8.5000000e-01   7.5957681e-01   0.0000000e+00
   8.7000000e-01   7.4876385e-01   0.0000000e+00
   8.9000000e-01   7.3767000e-01   0.0000000e+00
   9.1000000e-01   7.2709141e-01   0.0000000e+00
   9.3000000e-01   7.1702808e-01   0.0000000e+00
   9.5000000e-01   7.0880858e-01   0.0000000e+00
   9.7000000e-01   7.0152072e-01   0.0000000e+00
   9.9000000e-01   6.9516452e-01   0.0000000e+00
   1.0100000e+00   6.8928637e-01   0.0000000e+00
   1.0300000e+00   6.8364524e-01   0.0000000e+00
   1.0500000e+00   6.7824112e-01   0.0000000e+00
   1.0700000e+00   6.7361208e-01   0.0000000e+00
   1.0900000e+00   6.6916005e-01   0.0000000e+00
   1.1100000e+00   6.6488503e-01   0.0000000e+00
   1.1300000e+00   6.6073405e-01   0.0000000e+00
   1.1500000e+00   6.5678087e-01   0.0000000e+00
   1.1700000e+00   6.5302549e-01   0.0000000e+00
   1.1900000e+00   6.4821610e-01   0.0000000e+00
   1.2100000e+00   6.4383179e-01   0.0000000e+00
   1.2300000e+00   6.3987256e-01   0.0000000e+00
   1.2500000e+00   6.3582350e-01   0.0000000e+00
   1.2700000e+00   6.3175734e-01   0.0000000e+00
   1.2900000e+00   6.2767408e-01   0.0000000e+00
   1.3100000e+00   6.2393344e-01   0.0000000e+00
   1.3300000e+00   6.2019280e-01   0.0000000e+00
   1.3500000e+00   6.1645216e-01   0.0000000e+00
   1.3700000e+00   6.1221872e-01   0.0000000e+00
   1.3900000e+00   6.0834063e-01   0.0000000e+00
   1.4100000e+00   6.0481789e-01   0.0000000e+00
   1.4300000e+00   6.0109268e-01   0.0000000e+00
   1.4500000e+00   5.9709257e-01   0.0000000e+00
   1.4700000e+00   5.9281755e-01   0.0000000e+00
   1.4900000e+00   5.8859482e-01   0.0000000e+00
   1.5100000e+00   5.8488033e-01   0.0000000e+00
   1.5300000e+00   5.8167406e-01   0.0000000e+00
   1.5500000e+00   5.7802395e-01   0.0000000e+00
   1.5700000e+00   5.7432857e-01   0.0000000e+00
   1.5900000e+00   5.7058793e-01   0.0000000e+00
   1.6100000e+00   5.6726834e-01   0.0000000e+00
   1.6300000e+00   5.6422568e-01   0.0000000e+00
   1.6500000e+00   5.6145993e-01   0.0000000e+00
   1.6700000e+00   5.5825367e-01   0.0000000e+00
   1.6900000e+00   5.5504740e-01   0.0000000e+00
   1.7100000e+00   5.5184114e-01   0.0000000e+00
   1.7300000e+00   5.4942470e-01   0.0000000e+00
   1.7500000e+00   5.4700860e-01   0.0000000e+00
   1.7700000e+00   5.4459285e-01   0.0000000e+00
   1.7900000e+00   5.4208254e-01   0.0000000e+00
   1.8100000e+00   5.3975864e-01   0.0000000e+00
   1.8300000e+00   5.3762113e-01   0.0000000e+00
   1.8500000e+00   5.3548362e-01   0.0000000e+00
   1.8700000e+00   5.3334611e-01   0.0000000e+00
   1.8900000e+00   5.3120860e-01   0.0000000e+00
   1.9100000e+00   5.2907110e-01   0.0000000e+00
   1.9300000e+00   5.2693359e-01   0.0000000e+00
   1.9500000e+00   5.2479608e-01   0.0000000e+00
   1.9700000e+00   5.2277121e-01   0.0000000e+00
   1.9900000e+00   5.2095720e-01   0.0000000e+00
   2.0100000e+00   5.1935407e-01   0.0000000e+00
   2.0300000e+00   5.1722059e-01   0.0000000e+00
   2.0500000e+00   5.1508510e-01   0.0000000e+00
   2.0700000e+00   5.1294759e-01   0.0000000e+00
   2.0900000e+00   5.1110710e-01   0.0000000e+00
   2.1100000e+00   5.0947547e-01   0.0000000e+00
   2.1300000e+00   5.0805269e-01   0.0000000e+00
   2.1500000e+00   5.0685656e-01   0.0000000e+00
   2.1700000e+00   5.0518974e-01   0.0000000e+00
   2.1900000e+00   5.0305223e-01   0.0000000e+00
   2.2100000e+00   5.0187753e-01   0.0000000e+00
   2.2300000e+00   5.0039106e-01   0.0000000e+00
   2.2500000e+00   4.9859283e-01   0.0000000e+00
   2.2700000e+00   4.9695147e-01   0.0000000e+00
   2.2900000e+00   4.9553070e-01   0.0000000e+00
   2.3100000e+00   4.9433054e-01   0.0000000e+00
   2.3300000e+00   4.9272741e-01   0.0000000e+00
   2.3500000e+00   4.9112428e-01   0.0000000e+00
   2.3700000e+00   4.8952115e-01   0.0000000e+00
   2.3900000e+00   4.8748556e-01   0.0000000e+00
   2.4100000e+00   4.8571481e-01   0.0000000e+00
   2.4300000e+00   4.8420888e-01   0.0000000e+00
   2.4500000e+00   4.8294100e-01   0.0000000e+00
   2.4700000e+00   4.8150549e-01   0.0000000e+00
   2.4900000e+00   4.7990236e-01   0.0000000e+00
   2.5100000e+00   4.7829923e-01   0.0000000e+00
   2.5300000e+00   4.7669610e-01   0.0000000e+00
   2.5500000e+00   4.7509297e-01   0.0000000e+00
   2.5700000e+00   4.7348984e-01   0.0000000e+00
   2.5900000e+00   4.7202013e-01   0.0000000e+00
   2.6100000e+00   4.7068384e-01   0.0000000e+00
   2.6300000e+00   4.6931473e-01   0.0000000e+00
   2.6500000e+00   4.6759493e-01   0.0000000e+00
   2.6700000e+00   4.6552446e-01   0.0000000e+00
   2.6900000e+00   4.6445570e-01   0.0000000e+00
   2.7100000e+00   4.6338695e-01   0.0000000e+00
   2.7300000e+00   4.6231819e-01   0.0000000e+00
   2.7500000e+00   4.6091488e-01   0.0000000e+00
   2.7700000e+00   4.5941165e-01   0.0000000e+00
   2.7900000e+00   4.5780852e-01   0.0000000e+00
   2.8100000e+00   4.5630662e-01   0.0000000e+00
   2.8300000e+00   4.5502130e-01   0.0000000e+00
   2.8500000e+00   4.5395254e-01   0.0000000e+00
   2.8700000e+00   4.5288379e-01   0.0000000e+00
   2.8900000e+00   4.5181504e-01   0.0000000e+00
   2.9100000e+00   4.5074628e-01   0.0000000e+00
   2.9300000e+00   4.4967753e-01   0.0000000e+00
   2.9500000e+00   4.4843982e-01   0.0000000e+00
   2.9700000e+00   4.4703316e-01   0.0000000e+00
   2.9900000e+00   4.4500023e-01   0.0000000e+00
   3.0100000e+00   4.4344939e-01   0.0000000e+00
   3.0300000e+00   4.4238063e-01   0.0000000e+00
   3.0500000e+00   4.4084188e-01   0.0000000e+00
   3.0700000e+00   4.3944760e-01   0.0000000e+00
   3.0900000e+00   4.3819781e-01   0.0000000e+00
   3.1100000e+00   4.3689238e-01   0.0000000e+00
   3.1300000e+00   4.3549811e-01   0.0000000e+00
   3.1500000e+00   4.3401498e-01   0.0000000e+00
   3.1700000e+00   4.3293955e-01   0.0000000e+00
   3.1900000e+00   4.3133307e-01   0.0000000e+00
   3.2100000e+00   4.2919557e-01   0.0000000e+00
   3.2300000e+00   4.2790017e-01   0.0000000e+00
   3.2500000e+00   4.2671809e-01   0.0000000e+00
   3.2700000e+00   4.2564933e-01   0.0000000e+00
   3.2900000e+00   4.2458058e-01   0.0000000e+00
   3.3100000e+00   4.2351182e-01   0.0000000e+00
   3.3300000e+00   4.2244307e-01   0.0000000e+00
   3.3500000e+00   4.2137432e-01   0.0000000e+00
   3.3700000e+00   4.2030556e-01   0.0000000e+00
   3.3900000e+00   4.1923681e-01   0.0000000e+00
   3.4100000e+00   4.1816805e-01   0.0000000e+00
   3.4300000e+00   4.1722702e-01   0.0000000e+00
   3.4500000e+00   4.1641371e-01   0.0000000e+00
   3.4700000e+00   4.1574056e-01   0.0000000e+00
   3.4900000e+00   4.1486960e-01   0.0000000e+00
   3.5100000e+00   4.1380085e-01   0.0000000e+00
   3.5300000e+00   4.1273209e-01   0.0000000e+00
   3.5500000e+00   4.1166334e-01   0.0000000e+00
   3.5700000e+00   4.1059459e-01   0.0000000e+00
   3.5900000e+00   4.0984899e-01   0.0000000e+00
   3.6100000e+00   4.0920901e-01   0.0000000e+00
   3.6300000e+00   4.0867463e-01   0.0000000e+00
   3.6500000e+00   4.0814025e-01   0.0000000e+00
   3.6700000e+00   4.0760588e-01   0.0000000e+00
   3.6900000e+00   4.0707150e-01   0.0000000e+00
   3.7100000e+00   4.0704467e-01   0.0000000e+00
   3.7300000e+00   4.0683581e-01   0.0000000e+00
   3.7500000e+00   4.0644493e-01   0.0000000e+00
   3.7700000e+00   4.0591055e-01   0.0000000e+00
   3.7900000e+00   4.0506108e-01   0.0000000e+00
   2.1300000e+00   7.5485247e-01   1.0000000e+00
   2.1500000e+00   7.5318565e-01   1.0000000e+00
   2.1700000e+00   7.5128349e-01   1.0000000e+00
   2.1900000e+00   7.4914598e-01   1.0000000e+00
   2.2100000e+00   7.4797128e-01   1.0000000e+00
   2.2300000e+00   7.4612007e-01   1.0000000e+00
   2.2500000e+00   7.4359237e-01   1.0000000e+00
   2.2700000e+00   7.4063418e-01   1.0000000e+00
   2.2900000e+00   7.3801626e-01   1.0000000e+00
   2.3100000e+00   7.3573859e-01   1.0000000e+00
   2.3300000e+00   7.3465510e-01   1.0000000e+00
   2.3500000e+00   7.3331178e-01   1.0000000e+00
   2.3700000e+00   7.3170865e-01   1.0000000e+00
   2.3900000e+00   7.3053797e-01   1.0000000e+00
   2.4100000e+00   7.2941826e-01   1.0000000e+00
   2.4300000e+00   7.2834951e-01   1.0000000e+00
   2.4500000e+00   7.2708163e-01   1.0000000e+00
   2.4700000e+00   7.2560489e-01   1.0000000e+00
   2.4900000e+00   7.2391930e-01   1.0000000e+00
   2.5100000e+00   7.2178179e-01   1.0000000e+00
   2.5300000e+00   7.1964428e-01   1.0000000e+00
   2.5500000e+00   7.1750677e-01   1.0000000e+00
   2.5700000e+00   7.1498576e-01   1.0000000e+00
   2.5900000e+00   7.1252273e-01   1.0000000e+00
   2.6100000e+00   7.1011769e-01   1.0000000e+00
   2.6300000e+00   7.0767982e-01   1.0000000e+00
   2.6500000e+00   7.0489127e-01   1.0000000e+00
   2.6700000e+00   7.0175204e-01   1.0000000e+00
   2.6900000e+00   6.9961453e-01   1.0000000e+00
   2.7100000e+00   6.9770263e-01   1.0000000e+00
   2.7300000e+00   6.9601635e-01   1.0000000e+00
   2.7500000e+00   6.9407866e-01   1.0000000e+00
   2.7700000e+00   6.9215001e-01   1.0000000e+00
   2.7900000e+00   6.9023040e-01   1.0000000e+00
   2.8100000e+00   6.8852603e-01   1.0000000e+00
   2.8300000e+00   6.8660510e-01   1.0000000e+00
   2.8500000e+00   6.8446759e-01   1.0000000e+00
   2.8700000e+00   6.8336797e-01   1.0000000e+00
   2.8900000e+00   6.8208265e-01   1.0000000e+00
   2.9100000e+00   6.8061161e-01   1.0000000e+00
   2.9300000e+00   6.7900848e-01   1.0000000e+00
   2.9500000e+00   6.7740535e-01   1.0000000e+00
   2.9700000e+00   6.7580222e-01   1.0000000e+00
   2.9900000e+00   6.7419909e-01   1.0000000e+00
   3.0100000e+00   6.7259595e-01   1.0000000e+00
   3.0300000e+00   6.7099282e-01   1.0000000e+00
   3.0500000e+00   6.6938969e-01   1.0000000e+00
   3.0700000e+00   6.6778656e-01   1.0000000e+00
   3.0900000e+00   6.6618343e-01   1.0000000e+00
   3.1100000e+00   6.6481697e-01   1.0000000e+00
   3.1300000e+00   6.6359936e-01   1.0000000e+00
   3.1500000e+00   6.6253061e-01   1.0000000e+00
   3.1700000e+00   6.6146185e-01   1.0000000e+00
   3.1900000e+00   6.6039310e-01   1.0000000e+00
   3.2100000e+00   6.5932435e-01   1.0000000e+00
   3.2300000e+00   6.5741348e-01   1.0000000e+00
   3.2500000e+00   6.5554149e-01   1.0000000e+00
   3.2700000e+00   6.5370838e-01   1.0000000e+00
   3.2900000e+00   6.5210524e-01   1.0000000e+00
   3.3100000e+00   6.5046658e-01   1.0000000e+00
   3.3300000e+00   6.4879239e-01   1.0000000e+00
   3.3500000e+00   6.4665488e-01   1.0000000e+00
   3.3700000e+00   6.4427299e-01   1.0000000e+00
   3.3900000e+00   6.4164671e-01   1.0000000e+00
   3.4100000e+00   6.3934693e-01   1.0000000e+00
   3.4300000e+00   6.3725601e-01   1.0000000e+00
   3.4500000e+00   6.3537394e-01   1.0000000e+00
   3.4700000e+00   6.3390959e-01   1.0000000e+00
   3.4900000e+00   6.3263198e-01   1.0000000e+00
   3.5100000e+00   6.3154111e-01   1.0000000e+00
   3.5300000e+00   6.2993798e-01   1.0000000e+00
   3.5500000e+00   6.2855477e-01   1.0000000e+00
   3.5700000e+00   6.2739146e-01   1.0000000e+00
   3.5900000e+00   6.2632271e-01   1.0000000e+00
   3.6100000e+00   6.2525395e-01   1.0000000e+00
   3.6300000e+00   6.2418520e-01   1.0000000e+00
   3.6500000e+00   6.2302661e-01   1.0000000e+00
   3.6700000e+00   6.2164575e-01   1.0000000e+00
   3.6900000e+00   6.2004262e-01   1.0000000e+00
   3.7100000e+00   6.1894704e-01   1.0000000e+00
   3.7300000e+00   6.1786487e-01   1.0000000e+00
   3.7500000e+00   6.1679611e-01   1.0000000e+00
   3.7700000e+00   6.1517893e-01   1.0000000e+00
   3.7900000e+00   6.1345913e-01   1.0000000e+00
