   6.0000000e-01   9.7532635e-01   0.0000000e+00
   6.2000000e-01   9.5874995e-01   0.0000000e+00
   6.4000000e-01   9.4067401e-01   0.0000000e+00
   6.6000000e-01   9.2109853e-01   0.0000000e+00
   6.8000000e-01   8.9705157e-01   0.0000000e+00
   7.0000000e-01   8.7459800e-01   0.0000000e+00
   7.2000000e-01   8.5373784e-01   0.0000000e+00
   7.4000000e-01   8.3343151e-01   0.0000000e+00
   7.6000000e-01   8.1478964e-01   0.0000000e+00
   7.8000000e-01   7.9781223e-01   0.0000000e+00
   8.0000000e-01   7.8510051e-01   0.0000000e+00
   8.2000000e-01   7.7153056e-01   0.0000000e+00
   8.4000000e-01   7.5710238e-01   0.0000000e+00
   8.6000000e-01   7.4633503e-01   0.0000000e+00
   8.8000000e-01   7.3581074e-01   0.0000000e+00
   9.0000000e-01   7.2552951e-01   0.0000000e+00
   9.2000000e-01   7.1769352e-01   0.0000000e+00
   9.4000000e-01   7.1083645e-01   0.0000000e+00
   9.6000000e-01   7.0495830e-01   0.0000000e+00
   9.8000000e-01   6.9913647e-01   0.0000000e+00
   1.0000000e+00   6.9355367e-01   0.0000000e+00
   1.0200000e+00   6.8820990e-01   0.0000000e+00
   1.0400000e+00   6.8334016e-01   0.0000000e+00
   1.0600000e+00   6.7885796e-01   0.0000000e+00
   1.0800000e+00   6.7476329e-01   0.0000000e+00
   1.1000000e+00   6.7078195e-01   0.0000000e+00
   1.1200000e+00   6.6665377e-01   0.0000000e+00
   1.1400000e+00   6.6237876e-01   0.0000000e+00
   1.1600000e+00   6.5810374e-01   0.0000000e+00
   1.1800000e+00   6.5382872e-01   0.0000000e+00
   1.2000000e+00   6.4955371e-01   0.0000000e+00
   1.2200000e+00   6.4570378e-01   0.0000000e+00
   1.2400000e+00   6.4190849e-01   0.0000000e+00
   1.2600000e+00   6.3816785e-01   0.0000000e+00
   1.2800000e+00   6.3404370e-01   0.0000000e+00
   1.3000000e+00   6.2965202e-01   0.0000000e+00
   1.3200000e+00   6.2499281e-01   0.0000000e+00
   1.3400000e+00   6.2125217e-01   0.0000000e+00
   1.3600000e+00   6.1726513e-01   0.0000000e+00
   1.3800000e+00   6.1303169e-01   0.0000000e+00
   1.4000000e+00   6.0913281e-01   0.0000000e+00
   1.4200000e+00   6.0531305e-01   0.0000000e+00
   1.4400000e+00   6.0157241e-01   0.0000000e+00
   1.4600000e+00   5.9783177e-01   0.0000000e+00
   1.4800000e+00   5.9407806e-01   0.0000000e+00
   1.5000000e+00   5.9031128e-01   0.0000000e+00
   1.5200000e+00   5.8603626e-01   0.0000000e+00
   1.5400000e+00   5.8198317e-01   0.0000000e+00
   1.5600000e+00   5.7815201e-01   0.0000000e+00
   1.5800000e+00   5.7473856e-01   0.0000000e+00
   1.6000000e+00   5.7132345e-01   0.0000000e+00
   1.6200000e+00   5.6790666e-01   0.0000000e+00
   1.6400000e+00   5.6435374e-01   0.0000000e+00
   1.6600000e+00   5.6124134e-01   0.0000000e+00
   1.6800000e+00   5.5856946e-01   0.0000000e+00
   1.7000000e+00   5.5538600e-01   0.0000000e+00
   1.7200000e+00   5.5258605e-01   0.0000000e+00
   1.7400000e+00   5.5016960e-01   0.0000000e+00
   1.7600000e+00   5.4775385e-01   0.0000000e+00
   1.7800000e+00   5.4529082e-01   0.0000000e+00
   1.8000000e+00   5.4278052e-01   0.0000000e+00
   1.8200000e+00   5.4068792e-01   0.0000000e+00
   1.8400000e+00   5.3884006e-01   0.0000000e+00
   1.8600000e+00   5.3723693e-01   0.0000000e+00
   1.8800000e+00   5.3517117e-01   0.0000000e+00
   1.9000000e+00   5.3306954e-01   0.0000000e+00
   1.9200000e+00   5.3093203e-01   0.0000000e+00
   1.9400000e+00   5.2879452e-01   0.0000000e+00
   1.9600000e+00   5.2665701e-01   0.0000000e+00
   1.9800000e+00   5.2451950e-01   0.0000000e+00
   2.0000000e+00   5.2238200e-01   0.0000000e+00
   2.0200000e+00   5.2024449e-01   0.0000000e+00
   2.0400000e+00   5.1810698e-01   0.0000000e+00
   2.0600000e+00   5.1596947e-01   0.0000000e+00
   2.0800000e+00   5.1412898e-01   0.0000000e+00
   2.1000000e+00   5.1258551e-01   0.0000000e+00
   2.1200000e+00   5.1115605e-01   0.0000000e+00
   2.1400000e+00   5.0940441e-01   0.0000000e+00
   2.1600000e+00   5.0733059e-01   0.0000000e+00
   2.1800000e+00   5.0572746e-01   0.0000000e+00
   2.2000000e+00   5.0388363e-01   0.0000000e+00
   2.2200000e+00   5.0179909e-01   0.0000000e+00
   2.2400000e+00   5.0002632e-01   0.0000000e+00
   2.2600000e+00   4.9833837e-01   0.0000000e+00
   2.2800000e+00   4.9673524e-01   0.0000000e+00
   2.3000000e+00   4.9513211e-01   0.0000000e+00
   2.3200000e+00   4.9352161e-01   0.0000000e+00
   2.3400000e+00   4.9190373e-01   0.0000000e+00
   2.3600000e+00   4.8976622e-01   0.0000000e+00
   2.3800000e+00   4.8784494e-01   0.0000000e+00
   2.4000000e+00   4.8613989e-01   0.0000000e+00
   2.4200000e+00   4.8453676e-01   0.0000000e+00
   2.4400000e+00   4.8293363e-01   0.0000000e+00
   2.4600000e+00   4.8133050e-01   0.0000000e+00
   2.4800000e+00   4.7980983e-01   0.0000000e+00
   2.5000000e+00   4.7851511e-01   0.0000000e+00
   2.5200000e+00   4.7744636e-01   0.0000000e+00
   2.5400000e+00   4.7587743e-01   0.0000000e+00
   2.5600000e+00   4.7429140e-01   0.0000000e+00
   2.5800000e+00   4.7268827e-01   0.0000000e+00
   2.6000000e+00   4.7108514e-01   0.0000000e+00
   2.6200000e+00   4.6948201e-01   0.0000000e+00
   2.6400000e+00   4.6787888e-01   0.0000000e+00
   2.6600000e+00   4.6630926e-01   0.0000000e+00
   2.6800000e+00   4.6499008e-01   0.0000000e+00
   2.7000000e+00   4.6392133e-01   0.0000000e+00
   2.7200000e+00   4.6240134e-01   0.0000000e+00
   2.7400000e+00   4.6083979e-01   0.0000000e+00
   2.7600000e+00   4.5923666e-01   0.0000000e+00
   2.7800000e+00   4.5785142e-01   0.0000000e+00
   2.8000000e+00   4.5662443e-01   0.0000000e+00
   2.8200000e+00   4.5555567e-01   0.0000000e+00
   2.8400000e+00   4.5448692e-01   0.0000000e+00
   2.8600000e+00   4.5341817e-01   0.0000000e+00
   2.8800000e+00   4.5234941e-01   0.0000000e+00
   2.9000000e+00   4.5128066e-01   0.0000000e+00
   2.9200000e+00   4.5021190e-01   0.0000000e+00
   2.9400000e+00   4.4914315e-01   0.0000000e+00
   2.9600000e+00   4.4790544e-01   0.0000000e+00
   2.9800000e+00   4.4651117e-01   0.0000000e+00
   3.0000000e+00   4.4496033e-01   0.0000000e+00
   3.0200000e+00   4.4389157e-01   0.0000000e+00
   3.0400000e+00   4.4258782e-01   0.0000000e+00
   3.0600000e+00   4.4104906e-01   0.0000000e+00
   3.0800000e+00   4.3944593e-01   0.0000000e+00
   3.1000000e+00   4.3784280e-01   0.0000000e+00
   3.1200000e+00   4.3623967e-01   0.0000000e+00
   3.1400000e+00   4.3463654e-01   0.0000000e+00
   3.1600000e+00   4.3303341e-01   0.0000000e+00
   3.1800000e+00   4.3143028e-01   0.0000000e+00
   3.2000000e+00   4.2982715e-01   0.0000000e+00
   3.2200000e+00   4.2822402e-01   0.0000000e+00
   3.2400000e+00   4.2662088e-01   0.0000000e+00
   3.2600000e+00   4.2532214e-01   0.0000000e+00
   3.2800000e+00   4.2413839e-01   0.0000000e+00
   3.3000000e+00   4.2306964e-01   0.0000000e+00
   3.3200000e+00   4.2200089e-01   0.0000000e+00
   3.3400000e+00   4.2093213e-01   0.0000000e+00
   3.3600000e+00   4.1986338e-01   0.0000000e+00
   3.3800000e+00   4.1879462e-01   0.0000000e+00
   3.4000000e+00   4.1772587e-01   0.0000000e+00
   3.4200000e+00   4.1665711e-01   0.0000000e+00
   3.4400000e+00   4.1558836e-01   0.0000000e+00
   3.4600000e+00   4.1458900e-01   0.0000000e+00
   3.4800000e+00   4.1365902e-01   0.0000000e+00
   3.5000000e+00   4.1310253e-01   0.0000000e+00
   3.5200000e+00   4.1228991e-01   0.0000000e+00
   3.5400000e+00   4.1122115e-01   0.0000000e+00
   3.5600000e+00   4.1103205e-01   0.0000000e+00
   3.5800000e+00   4.1077592e-01   0.0000000e+00
   3.6000000e+00   4.1045276e-01   0.0000000e+00
   3.6200000e+00   4.1012488e-01   0.0000000e+00
   3.6400000e+00   4.1023043e-01   0.0000000e+00
   3.6600000e+00   4.1076943e-01   0.0000000e+00
   3.6800000e+00   4.1397569e-01   0.0000000e+00
   2.1600000e+00   7.5147122e-01   1.0000000e+00
   2.1800000e+00   7.4986808e-01   1.0000000e+00
   2.2000000e+00   7.4898705e-01   1.0000000e+00
   2.2200000e+00   7.4882812e-01   1.0000000e+00
   2.2400000e+00   7.4700444e-01   1.0000000e+00
   2.2600000e+00   7.4500473e-01   1.0000000e+00
   2.2800000e+00   7.4282899e-01   1.0000000e+00
   2.3000000e+00   7.4109445e-01   1.0000000e+00
   2.3200000e+00   7.3915106e-01   1.0000000e+00
   2.3400000e+00   7.3699881e-01   1.0000000e+00
   2.3600000e+00   7.3432692e-01   1.0000000e+00
   2.3800000e+00   7.3187126e-01   1.0000000e+00
   2.4000000e+00   7.2963183e-01   1.0000000e+00
   2.4200000e+00   7.2749433e-01   1.0000000e+00
   2.4400000e+00   7.2535682e-01   1.0000000e+00
   2.4600000e+00   7.2321931e-01   1.0000000e+00
   2.4800000e+00   7.2108180e-01   1.0000000e+00
   2.5000000e+00   7.1894429e-01   1.0000000e+00
   2.5200000e+00   7.1680678e-01   1.0000000e+00
   2.5400000e+00   7.1416910e-01   1.0000000e+00
   2.5600000e+00   7.1189783e-01   1.0000000e+00
   2.5800000e+00   7.0999296e-01   1.0000000e+00
   2.6000000e+00   7.0812299e-01   1.0000000e+00
   2.6200000e+00   7.0604415e-01   1.0000000e+00
   2.6400000e+00   7.0375647e-01   1.0000000e+00
   2.6600000e+00   7.0115161e-01   1.0000000e+00
   2.6800000e+00   6.9904762e-01   1.0000000e+00
   2.7000000e+00   6.9744449e-01   1.0000000e+00
   2.7200000e+00   6.9584136e-01   1.0000000e+00
   2.7400000e+00   6.9423822e-01   1.0000000e+00
   2.7600000e+00   6.9263509e-01   1.0000000e+00
   2.7800000e+00   6.9103196e-01   1.0000000e+00
   2.8000000e+00   6.8942883e-01   1.0000000e+00
   2.8200000e+00   6.8782570e-01   1.0000000e+00
   2.8400000e+00   6.8622257e-01   1.0000000e+00
   2.8600000e+00   6.8461944e-01   1.0000000e+00
   2.8800000e+00   6.8301631e-01   1.0000000e+00
   2.9000000e+00   6.8141318e-01   1.0000000e+00
   2.9200000e+00   6.7995285e-01   1.0000000e+00
   2.9400000e+00   6.7863534e-01   1.0000000e+00
   2.9600000e+00   6.7739763e-01   1.0000000e+00
   2.9800000e+00   6.7597721e-01   1.0000000e+00
   3.0000000e+00   6.7437408e-01   1.0000000e+00
   3.0200000e+00   6.7277095e-01   1.0000000e+00
   3.0400000e+00   6.7116782e-01   1.0000000e+00
   3.0600000e+00   6.6956469e-01   1.0000000e+00
   3.0800000e+00   6.6831489e-01   1.0000000e+00
   3.1000000e+00   6.6703728e-01   1.0000000e+00
   3.1200000e+00   6.6573186e-01   1.0000000e+00
   3.1400000e+00   6.6412873e-01   1.0000000e+00
   3.1600000e+00   6.6252560e-01   1.0000000e+00
   3.1800000e+00   6.6092246e-01   1.0000000e+00
   3.2000000e+00   6.5931933e-01   1.0000000e+00
   3.2200000e+00   6.5750568e-01   1.0000000e+00
   3.2400000e+00   6.5548149e-01   1.0000000e+00
   3.2600000e+00   6.5334398e-01   1.0000000e+00
   3.2800000e+00   6.5130034e-01   1.0000000e+00
   3.3000000e+00   6.4935055e-01   1.0000000e+00
   3.3200000e+00   6.4767636e-01   1.0000000e+00
   3.3400000e+00   6.4577051e-01   1.0000000e+00
   3.3600000e+00   6.4363300e-01   1.0000000e+00
   3.3800000e+00   6.4247304e-01   1.0000000e+00
   3.4000000e+00   6.4135868e-01   1.0000000e+00
   3.4200000e+00   6.4028993e-01   1.0000000e+00
   3.4400000e+00   6.3922117e-01   1.0000000e+00
   3.4600000e+00   6.3815242e-01   1.0000000e+00
   3.4800000e+00   6.3708367e-01   1.0000000e+00
   3.5000000e+00   6.3601491e-01   1.0000000e+00
   3.5200000e+00   6.3494616e-01   1.0000000e+00
   3.5400000e+00   6.3387740e-01   1.0000000e+00
   3.5600000e+00   6.3236882e-01   1.0000000e+00
   3.5800000e+00   6.3081297e-01   1.0000000e+00
   3.6000000e+00   6.2920984e-01   1.0000000e+00
   3.6200000e+00   6.2740021e-01   1.0000000e+00
   3.6400000e+00   6.2547156e-01   1.0000000e+00
   3.6600000e+00   6.2342388e-01   1.0000000e+00
   3.6800000e+00   6.2182075e-01   1.0000000e+00
   3.7000000e+00   6.1996385e-01   1.0000000e+00
   3.7200000e+00   6.1785317e-01   1.0000000e+00
   3.7400000e+00   6.1688830e-01   1.0000000e+00
   3.7600000e+00   6.1572736e-01   1.0000000e+00
   3.7800000e+00   6.1437033e-01   1.0000000e+00
   3.8000000e+00   6.1270548e-01   1.0000000e+00
