   6.0000000e-01   9.2031805e-01   0.0000000e+00
   6.2000000e-01   9.0070031e-01   0.0000000e+00
   6.4000000e-01   8.8117879e-01   0.0000000e+00
   6.6000000e-01   8.6175349e-01   0.0000000e+00
   6.8000000e-01   8.3984403e-01   0.0000000e+00
   7.0000000e-01   8.1952797e-01   0.0000000e+00
   7.2000000e-01   8.0080532e-01   0.0000000e+00
   7.4000000e-01   7.8534524e-01   0.0000000e+00
   7.6000000e-01   7.7177794e-01   0.0000000e+00
   7.8000000e-01   7.6010342e-01   0.0000000e+00
   8.0000000e-01   7.5144812e-01   0.0000000e+00
   8.2000000e-01   7.4257827e-01   0.0000000e+00
   8.4000000e-01   7.3349386e-01   0.0000000e+00
   8.6000000e-01   7.2650135e-01   0.0000000e+00
   8.8000000e-01   7.2014111e-01   0.0000000e+00
   9.0000000e-01   7.1441314e-01   0.0000000e+00
   9.2000000e-01   7.0964867e-01   0.0000000e+00
   9.4000000e-01   7.0521541e-01   0.0000000e+00
   9.6000000e-01   7.0111338e-01   0.0000000e+00
   9.8000000e-01   6.9731642e-01   0.0000000e+00
   1.0000000e+00   6.9328043e-01   0.0000000e+00
   1.0200000e+00   6.8900542e-01   0.0000000e+00
   1.0400000e+00   6.8520443e-01   0.0000000e+00
   1.0600000e+00   6.8143362e-01   0.0000000e+00
   1.0800000e+00   6.7769298e-01   0.0000000e+00
   1.1000000e+00   6.7419304e-01   0.0000000e+00
   1.1200000e+00   6.7083994e-01   0.0000000e+00
   1.1400000e+00   6.6763368e-01   0.0000000e+00
   1.1600000e+00   6.6442004e-01   0.0000000e+00
   1.1800000e+00   6.6094291e-01   0.0000000e+00
   1.2000000e+00   6.5720227e-01   0.0000000e+00
   1.2200000e+00   6.5388671e-01   0.0000000e+00
   1.2400000e+00   6.5031738e-01   0.0000000e+00
   1.2600000e+00   6.4649428e-01   0.0000000e+00
   1.2800000e+00   6.4221927e-01   0.0000000e+00
   1.3000000e+00   6.3794425e-01   0.0000000e+00
   1.3200000e+00   6.3366924e-01   0.0000000e+00
   1.3400000e+00   6.2939422e-01   0.0000000e+00
   1.3600000e+00   6.2487280e-01   0.0000000e+00
   1.3800000e+00   6.2010498e-01   0.0000000e+00
   1.4000000e+00   6.1567173e-01   0.0000000e+00
   1.4200000e+00   6.1131759e-01   0.0000000e+00
   1.4400000e+00   6.0704258e-01   0.0000000e+00
   1.4600000e+00   6.0276756e-01   0.0000000e+00
   1.4800000e+00   5.9849254e-01   0.0000000e+00
   1.5000000e+00   5.9421753e-01   0.0000000e+00
   1.5200000e+00   5.8994251e-01   0.0000000e+00
   1.5400000e+00   5.8611135e-01   0.0000000e+00
   1.5600000e+00   5.8272405e-01   0.0000000e+00
   1.5800000e+00   5.7951778e-01   0.0000000e+00
   1.6000000e+00   5.7641679e-01   0.0000000e+00
   1.6200000e+00   5.7342105e-01   0.0000000e+00
   1.6400000e+00   5.7065530e-01   0.0000000e+00
   1.6600000e+00   5.6766930e-01   0.0000000e+00
   1.6800000e+00   5.6446303e-01   0.0000000e+00
   1.7000000e+00   5.6227992e-01   0.0000000e+00
   1.7200000e+00   5.5992216e-01   0.0000000e+00
   1.7400000e+00   5.5738974e-01   0.0000000e+00
   1.7600000e+00   5.5499610e-01   0.0000000e+00
   1.7800000e+00   5.5273052e-01   0.0000000e+00
   1.8000000e+00   5.5059302e-01   0.0000000e+00
   1.8200000e+00   5.4845551e-01   0.0000000e+00
   1.8400000e+00   5.4631800e-01   0.0000000e+00
   1.8600000e+00   5.4418049e-01   0.0000000e+00
   1.8800000e+00   5.4158036e-01   0.0000000e+00
   1.9000000e+00   5.3911733e-01   0.0000000e+00
   1.9200000e+00   5.3679140e-01   0.0000000e+00
   1.9400000e+00   5.3488320e-01   0.0000000e+00
   1.9600000e+00   5.3301489e-01   0.0000000e+00
   1.9800000e+00   5.3118649e-01   0.0000000e+00
   2.0000000e+00   5.2851461e-01   0.0000000e+00
   2.0200000e+00   5.2637307e-01   0.0000000e+00
   2.0400000e+00   5.2476188e-01   0.0000000e+00
   2.0600000e+00   5.2233138e-01   0.0000000e+00
   2.0800000e+00   5.1978019e-01   0.0000000e+00
   2.1000000e+00   5.1710830e-01   0.0000000e+00
   2.1200000e+00   5.1479713e-01   0.0000000e+00
   2.1400000e+00   5.1280813e-01   0.0000000e+00
   2.1600000e+00   5.1114131e-01   0.0000000e+00
   2.1800000e+00   5.0900380e-01   0.0000000e+00
   2.2000000e+00   5.0686629e-01   0.0000000e+00
   2.2200000e+00   5.0472878e-01   0.0000000e+00
   2.2400000e+00   5.0259127e-01   0.0000000e+00
   2.2600000e+00   5.0045377e-01   0.0000000e+00
   2.2800000e+00   4.9831626e-01   0.0000000e+00
   2.3000000e+00   4.9644156e-01   0.0000000e+00
   2.3200000e+00   4.9496247e-01   0.0000000e+00
   2.3400000e+00   4.9387897e-01   0.0000000e+00
   2.3600000e+00   4.9227584e-01   0.0000000e+00
   2.3800000e+00   4.9045648e-01   0.0000000e+00
   2.4000000e+00   4.8842090e-01   0.0000000e+00
   2.4200000e+00   4.8691497e-01   0.0000000e+00
   2.4400000e+00   4.8562763e-01   0.0000000e+00
   2.4600000e+00   4.8455887e-01   0.0000000e+00
   2.4800000e+00   4.8340766e-01   0.0000000e+00
   2.5000000e+00   4.8203049e-01   0.0000000e+00
   2.5200000e+00   4.8042735e-01   0.0000000e+00
   2.5400000e+00   4.7932440e-01   0.0000000e+00
   2.5600000e+00   4.7823854e-01   0.0000000e+00
   2.5800000e+00   4.7716979e-01   0.0000000e+00
   2.6000000e+00   4.7610103e-01   0.0000000e+00
   2.6200000e+00   4.7495719e-01   0.0000000e+00
   2.6400000e+00   4.7373825e-01   0.0000000e+00
   2.6600000e+00   4.7216864e-01   0.0000000e+00
   2.6800000e+00   4.7084945e-01   0.0000000e+00
   2.7000000e+00   4.6978070e-01   0.0000000e+00
   2.7200000e+00   4.6871195e-01   0.0000000e+00
   2.7400000e+00   4.6747591e-01   0.0000000e+00
   2.7600000e+00   4.6607259e-01   0.0000000e+00
   2.7800000e+00   4.6468736e-01   0.0000000e+00
   2.8000000e+00   4.6340975e-01   0.0000000e+00
   2.8200000e+00   4.6223976e-01   0.0000000e+00
   2.8400000e+00   4.6063663e-01   0.0000000e+00
   2.8600000e+00   4.5877403e-01   0.0000000e+00
   2.8800000e+00   4.5665195e-01   0.0000000e+00
   2.9000000e+00   4.5572129e-01   0.0000000e+00
   2.9200000e+00   4.5470315e-01   0.0000000e+00
   2.9400000e+00   4.5359754e-01   0.0000000e+00
   2.9600000e+00   4.5216336e-01   0.0000000e+00
   2.9800000e+00   4.5091189e-01   0.0000000e+00
   3.0000000e+00   4.4984314e-01   0.0000000e+00
   3.0200000e+00   4.4877438e-01   0.0000000e+00
   3.0400000e+00   4.4794063e-01   0.0000000e+00
   3.0600000e+00   4.4734188e-01   0.0000000e+00
   3.0800000e+00   4.4645416e-01   0.0000000e+00
   3.1000000e+00   4.4547593e-01   0.0000000e+00
   3.1200000e+00   4.4440718e-01   0.0000000e+00
   3.1400000e+00   4.4333842e-01   0.0000000e+00
   3.1600000e+00   4.4227301e-01   0.0000000e+00
   3.1800000e+00   4.4121094e-01   0.0000000e+00
   3.2000000e+00   4.4121094e-01   0.0000000e+00
   3.2200000e+00   4.4078988e-01   0.0000000e+00
   3.2400000e+00   4.3994778e-01   0.0000000e+00
   3.2600000e+00   4.3948780e-01   0.0000000e+00
   3.2800000e+00   4.3907009e-01   0.0000000e+00
   3.3000000e+00   4.3869464e-01   0.0000000e+00
   3.3200000e+00   4.3776801e-01   0.0000000e+00
   3.3400000e+00   4.3730469e-01   0.0000000e+00
   3.3600000e+00   4.3730469e-01   0.0000000e+00
   3.3800000e+00   4.3632714e-01   0.0000000e+00
   3.4000000e+00   4.3549005e-01   0.0000000e+00
   3.4200000e+00   4.3479340e-01   0.0000000e+00
   3.4400000e+00   4.3425902e-01   0.0000000e+00
   3.4600000e+00   4.3372465e-01   0.0000000e+00
   3.4800000e+00   4.3319027e-01   0.0000000e+00
   3.5000000e+00   4.3263378e-01   0.0000000e+00
   3.5200000e+00   4.3182116e-01   0.0000000e+00
   3.5400000e+00   4.3075240e-01   0.0000000e+00
   3.5600000e+00   4.2968365e-01   0.0000000e+00
   3.5800000e+00   4.2861489e-01   0.0000000e+00
   3.6000000e+00   4.2754614e-01   0.0000000e+00
   3.6200000e+00   4.2771637e-01   0.0000000e+00
   2.1300000e+00   7.5512300e-01   1.0000000e+00
   2.1500000e+00   7.5418163e-01   1.0000000e+00
   2.1700000e+00   7.5371094e-01   1.0000000e+00
   2.1900000e+00   7.5371094e-01   1.0000000e+00
   2.2100000e+00   7.5178533e-01   1.0000000e+00
   2.2300000e+00   7.4920667e-01   1.0000000e+00
   2.2500000e+00   7.4597496e-01   1.0000000e+00
   2.2700000e+00   7.4248239e-01   1.0000000e+00
   2.2900000e+00   7.3919868e-01   1.0000000e+00
   2.3100000e+00   7.3612382e-01   1.0000000e+00
   2.3300000e+00   7.3345194e-01   1.0000000e+00
   2.3500000e+00   7.3078005e-01   1.0000000e+00
   2.3700000e+00   7.2810817e-01   1.0000000e+00
   2.3900000e+00   7.2500383e-01   1.0000000e+00
   2.4100000e+00   7.2200642e-01   1.0000000e+00
   2.4300000e+00   7.1911595e-01   1.0000000e+00
   2.4500000e+00   7.1664319e-01   1.0000000e+00
   2.4700000e+00   7.1433806e-01   1.0000000e+00
   2.4900000e+00   7.1220055e-01   1.0000000e+00
   2.5100000e+00   7.1006304e-01   1.0000000e+00
   2.5300000e+00   7.0817562e-01   1.0000000e+00
   2.5500000e+00   7.0653828e-01   1.0000000e+00
   2.5700000e+00   7.0455164e-01   1.0000000e+00
   2.5900000e+00   7.0262299e-01   1.0000000e+00
   2.6100000e+00   7.0075233e-01   1.0000000e+00
   2.6300000e+00   6.9929937e-01   1.0000000e+00
   2.6500000e+00   6.9802176e-01   1.0000000e+00
   2.6700000e+00   6.9691950e-01   1.0000000e+00
   2.6900000e+00   6.9531636e-01   1.0000000e+00
   2.7100000e+00   6.9371323e-01   1.0000000e+00
   2.7300000e+00   6.9211010e-01   1.0000000e+00
   2.7500000e+00   6.9050697e-01   1.0000000e+00
   2.7700000e+00   6.8868594e-01   1.0000000e+00
   2.7900000e+00   6.8664702e-01   1.0000000e+00
   2.8100000e+00   6.8407636e-01   1.0000000e+00
   2.8300000e+00   6.8172228e-01   1.0000000e+00
   2.8500000e+00   6.7958478e-01   1.0000000e+00
   2.8700000e+00   6.7848516e-01   1.0000000e+00
   2.8900000e+00   6.7719983e-01   1.0000000e+00
   2.9100000e+00   6.7572880e-01   1.0000000e+00
   2.9300000e+00   6.7384005e-01   1.0000000e+00
   2.9500000e+00   6.7199587e-01   1.0000000e+00
   2.9700000e+00   6.7019627e-01   1.0000000e+00
   2.9900000e+00   6.6912752e-01   1.0000000e+00
   3.0100000e+00   6.6805876e-01   1.0000000e+00
   3.0300000e+00   6.6699001e-01   1.0000000e+00
   3.0500000e+00   6.6592125e-01   1.0000000e+00
   3.0700000e+00   6.6467583e-01   1.0000000e+00
   3.0900000e+00   6.6325374e-01   1.0000000e+00
   3.1100000e+00   6.6188728e-01   1.0000000e+00
   3.1300000e+00   6.6054967e-01   1.0000000e+00
   3.1500000e+00   6.5924090e-01   1.0000000e+00
   3.1700000e+00   6.5711008e-01   1.0000000e+00
   3.1900000e+00   6.5551029e-01   1.0000000e+00
   3.2100000e+00   6.5444153e-01   1.0000000e+00
   3.2300000e+00   6.5253067e-01   1.0000000e+00
   3.2500000e+00   6.5065868e-01   1.0000000e+00
   3.2700000e+00   6.4882556e-01   1.0000000e+00
   3.2900000e+00   6.4722243e-01   1.0000000e+00
   3.3100000e+00   6.4558377e-01   1.0000000e+00
   3.3300000e+00   6.4390958e-01   1.0000000e+00
   3.3500000e+00   6.4177207e-01   1.0000000e+00
   3.3700000e+00   6.3963456e-01   1.0000000e+00
   3.3900000e+00   6.3749706e-01   1.0000000e+00
   3.4100000e+00   6.3610376e-01   1.0000000e+00
   3.4300000e+00   6.3474502e-01   1.0000000e+00
   3.4500000e+00   6.3342082e-01   1.0000000e+00
   3.4700000e+00   6.3181769e-01   1.0000000e+00
   3.4900000e+00   6.3023667e-01   1.0000000e+00
   3.5100000e+00   6.2867777e-01   1.0000000e+00
   3.5300000e+00   6.2814339e-01   1.0000000e+00
   3.5500000e+00   6.2716919e-01   1.0000000e+00
   3.5700000e+00   6.2575516e-01   1.0000000e+00
   3.5900000e+00   6.2512151e-01   1.0000000e+00
   3.6100000e+00   6.2470144e-01   1.0000000e+00
   3.6300000e+00   6.2449494e-01   1.0000000e+00
