   6.1000000e-01   9.6159177e-01   0.0000000e+00
   6.3000000e-01   9.4943388e-01   0.0000000e+00
   6.5000000e-01   9.3165801e-01   0.0000000e+00
   6.7000000e-01   9.0941065e-01   0.0000000e+00
   6.9000000e-01   8.8269180e-01   0.0000000e+00
   7.1000000e-01   8.6098077e-01   0.0000000e+00
   7.3000000e-01   8.3987421e-01   0.0000000e+00
   7.5000000e-01   8.1937209e-01   0.0000000e+00
   7.7000000e-01   8.0195083e-01   0.0000000e+00
   7.9000000e-01   7.8629733e-01   0.0000000e+00
   8.1000000e-01   7.7241159e-01   0.0000000e+00
   8.3000000e-01   7.5638027e-01   0.0000000e+00
   8.5000000e-01   7.4165640e-01   0.0000000e+00
   8.7000000e-01   7.2823997e-01   0.0000000e+00
   8.9000000e-01   7.1528686e-01   0.0000000e+00
   9.1000000e-01   7.0341154e-01   0.0000000e+00
   9.3000000e-01   6.9261401e-01   0.0000000e+00
   9.5000000e-01   6.8370259e-01   0.0000000e+00
   9.7000000e-01   6.7505633e-01   0.0000000e+00
   9.9000000e-01   6.6667525e-01   0.0000000e+00
   1.0100000e+00   6.5972835e-01   0.0000000e+00
   1.0300000e+00   6.5301846e-01   0.0000000e+00
   1.0500000e+00   6.4654559e-01   0.0000000e+00
   1.0700000e+00   6.4084780e-01   0.0000000e+00
   1.0900000e+00   6.3544736e-01   0.0000000e+00
   1.1100000e+00   6.3034429e-01   0.0000000e+00
   1.1300000e+00   6.2553490e-01   0.0000000e+00
   1.1500000e+00   6.2072551e-01   0.0000000e+00
   1.1700000e+00   6.1591611e-01   0.0000000e+00
   1.1900000e+00   6.1110672e-01   0.0000000e+00
   1.2100000e+00   6.0650987e-01   0.0000000e+00
   1.2300000e+00   6.0212556e-01   0.0000000e+00
   1.2500000e+00   5.9723371e-01   0.0000000e+00
   1.2700000e+00   5.9221177e-01   0.0000000e+00
   1.2900000e+00   5.8705975e-01   0.0000000e+00
   1.3100000e+00   5.8225036e-01   0.0000000e+00
   1.3300000e+00   5.7744097e-01   0.0000000e+00
   1.3500000e+00   5.7263157e-01   0.0000000e+00
   1.3700000e+00   5.6732938e-01   0.0000000e+00
   1.3900000e+00   5.6181833e-01   0.0000000e+00
   1.4100000e+00   5.5609842e-01   0.0000000e+00
   1.4300000e+00   5.5047974e-01   0.0000000e+00
   1.4500000e+00   5.4499852e-01   0.0000000e+00
   1.4700000e+00   5.3965475e-01   0.0000000e+00
   1.4900000e+00   5.3436327e-01   0.0000000e+00
   1.5100000e+00   5.2958002e-01   0.0000000e+00
   1.5300000e+00   5.2530500e-01   0.0000000e+00
   1.5500000e+00   5.2058613e-01   0.0000000e+00
   1.5700000e+00   5.1614919e-01   0.0000000e+00
   1.5900000e+00   5.1199418e-01   0.0000000e+00
   1.6100000e+00   5.0867459e-01   0.0000000e+00
   1.6300000e+00   5.0567886e-01   0.0000000e+00
   1.6500000e+00   5.0300697e-01   0.0000000e+00
   1.6700000e+00   5.0033509e-01   0.0000000e+00
   1.6900000e+00   4.9791899e-01   0.0000000e+00
   1.7100000e+00   4.9575868e-01   0.0000000e+00
   1.7300000e+00   4.9401608e-01   0.0000000e+00
   1.7500000e+00   4.9234321e-01   0.0000000e+00
   1.7700000e+00   4.9074008e-01   0.0000000e+00
   1.7900000e+00   4.8929853e-01   0.0000000e+00
   1.8100000e+00   4.8806584e-01   0.0000000e+00
   1.8300000e+00   4.8704200e-01   0.0000000e+00
   1.8500000e+00   4.8650762e-01   0.0000000e+00
   1.8700000e+00   4.8574193e-01   0.0000000e+00
   1.8900000e+00   4.8474493e-01   0.0000000e+00
   1.9100000e+00   4.8436810e-01   0.0000000e+00
   1.9300000e+00   4.8417969e-01   0.0000000e+00
   1.9500000e+00   4.8417969e-01   0.0000000e+00
   1.9700000e+00   4.8417969e-01   0.0000000e+00
   1.9900000e+00   4.8417969e-01   0.0000000e+00
   2.0100000e+00   4.8417969e-01   0.0000000e+00
   2.0300000e+00   4.8417969e-01   0.0000000e+00
   2.0500000e+00   4.8417969e-01   0.0000000e+00
   2.0700000e+00   4.8417969e-01   0.0000000e+00
   2.0900000e+00   4.8417969e-01   0.0000000e+00
   2.1100000e+00   4.8417969e-01   0.0000000e+00
   2.1300000e+00   4.8417969e-01   0.0000000e+00
   2.1500000e+00   4.8417969e-01   0.0000000e+00
   2.1700000e+00   4.8417969e-01   0.0000000e+00
   2.1900000e+00   4.8417969e-01   0.0000000e+00
   2.2100000e+00   4.8417969e-01   0.0000000e+00
   2.2300000e+00   4.8399732e-01   0.0000000e+00
   2.2500000e+00   4.8363258e-01   0.0000000e+00
   2.2700000e+00   4.8334628e-01   0.0000000e+00
   2.2900000e+00   4.8313742e-01   0.0000000e+00
   2.3100000e+00   4.8300602e-01   0.0000000e+00
   2.3300000e+00   4.8247164e-01   0.0000000e+00
   2.3500000e+00   4.8193726e-01   0.0000000e+00
   2.3700000e+00   4.8140288e-01   0.0000000e+00
   2.3900000e+00   4.8086851e-01   0.0000000e+00
   2.4100000e+00   4.8017623e-01   0.0000000e+00
   2.4300000e+00   4.7932607e-01   0.0000000e+00
   2.4500000e+00   4.7825731e-01   0.0000000e+00
   2.4700000e+00   4.7722979e-01   0.0000000e+00
   2.4900000e+00   4.7624350e-01   0.0000000e+00
   2.5100000e+00   4.7570912e-01   0.0000000e+00
   2.5300000e+00   4.7517474e-01   0.0000000e+00
   2.5500000e+00   4.7464036e-01   0.0000000e+00
   2.5700000e+00   4.7372248e-01   0.0000000e+00
   2.5900000e+00   4.7286258e-01   0.0000000e+00
   2.6100000e+00   4.7206067e-01   0.0000000e+00
   2.6300000e+00   4.7152629e-01   0.0000000e+00
   2.6500000e+00   4.7097516e-01   0.0000000e+00
   2.6700000e+00   4.7040727e-01   0.0000000e+00
   2.6900000e+00   4.6933851e-01   0.0000000e+00
   2.7100000e+00   4.6826976e-01   0.0000000e+00
   2.7300000e+00   4.6720101e-01   0.0000000e+00
   2.7500000e+00   4.6680138e-01   0.0000000e+00
   2.7700000e+00   4.6638366e-01   0.0000000e+00
   2.7900000e+00   4.6594787e-01   0.0000000e+00
   2.8100000e+00   4.6498035e-01   0.0000000e+00
   2.8300000e+00   4.6422940e-01   0.0000000e+00
   2.8500000e+00   4.6369502e-01   0.0000000e+00
   2.8700000e+00   4.6316064e-01   0.0000000e+00
   2.8900000e+00   4.6242513e-01   0.0000000e+00
   2.9100000e+00   4.6148847e-01   0.0000000e+00
   2.9300000e+00   4.6041971e-01   0.0000000e+00
   2.9500000e+00   4.5935096e-01   0.0000000e+00
   2.9700000e+00   4.5828221e-01   0.0000000e+00
   2.9900000e+00   4.5726574e-01   0.0000000e+00
   3.0100000e+00   4.5649032e-01   0.0000000e+00
   3.0300000e+00   4.5595594e-01   0.0000000e+00
   3.0500000e+00   4.5542156e-01   0.0000000e+00
   3.0700000e+00   4.5471052e-01   0.0000000e+00
   3.0900000e+00   4.5382281e-01   0.0000000e+00
   3.1100000e+00   4.5322739e-01   0.0000000e+00
   3.1300000e+00   4.5286969e-01   0.0000000e+00
   3.1500000e+00   4.5274968e-01   0.0000000e+00
   3.1700000e+00   4.5221530e-01   0.0000000e+00
   3.1900000e+00   4.5168092e-01   0.0000000e+00
   3.2100000e+00   4.5114655e-01   0.0000000e+00
   3.2300000e+00   4.5061217e-01   0.0000000e+00
   3.2500000e+00   4.5007779e-01   0.0000000e+00
   3.2700000e+00   4.4954342e-01   0.0000000e+00
   3.2900000e+00   4.4900904e-01   0.0000000e+00
   3.3100000e+00   4.4847466e-01   0.0000000e+00
   3.3300000e+00   4.4794029e-01   0.0000000e+00
   3.3500000e+00   4.4740591e-01   0.0000000e+00
   3.3700000e+00   4.4687153e-01   0.0000000e+00
   3.3900000e+00   4.4633715e-01   0.0000000e+00
   3.4100000e+00   4.4543067e-01   0.0000000e+00
   3.4300000e+00   4.4469849e-01   0.0000000e+00
   3.4500000e+00   4.4414063e-01   0.0000000e+00
   3.4700000e+00   4.4400185e-01   0.0000000e+00
   3.4900000e+00   4.4365421e-01   0.0000000e+00
   3.5100000e+00   4.4309772e-01   0.0000000e+00
   3.5300000e+00   4.4202897e-01   0.0000000e+00
   3.5500000e+00   4.4140004e-01   0.0000000e+00
   3.5700000e+00   4.4121094e-01   0.0000000e+00
   3.5900000e+00   4.4088778e-01   0.0000000e+00
   3.6100000e+00   4.4056226e-01   0.0000000e+00
   3.6300000e+00   4.4023438e-01   0.0000000e+00
   3.6500000e+00   4.4023438e-01   0.0000000e+00
   3.6700000e+00   4.4023438e-01   0.0000000e+00
   3.6900000e+00   4.4023438e-01   0.0000000e+00
   3.7100000e+00   4.3972683e-01   0.0000000e+00
   3.7300000e+00   4.3959675e-01   0.0000000e+00
   3.7500000e+00   4.3984413e-01   0.0000000e+00
   3.7700000e+00   4.4092694e-01   0.0000000e+00
   2.0000000e+00   7.5300761e-01   1.0000000e+00
   2.0200000e+00   7.5194288e-01   1.0000000e+00
   2.0400000e+00   7.5034781e-01   1.0000000e+00
   2.0600000e+00   7.4750364e-01   1.0000000e+00
   2.0800000e+00   7.4432991e-01   1.0000000e+00
   2.1000000e+00   7.4082663e-01   1.0000000e+00
   2.1200000e+00   7.3708599e-01   1.0000000e+00
   2.1400000e+00   7.3340904e-01   1.0000000e+00
   2.1600000e+00   7.2979577e-01   1.0000000e+00
   2.1800000e+00   7.2712389e-01   1.0000000e+00
   2.2000000e+00   7.2397060e-01   1.0000000e+00
   2.2200000e+00   7.2033592e-01   1.0000000e+00
   2.2400000e+00   7.1659528e-01   1.0000000e+00
   2.2600000e+00   7.1322674e-01   1.0000000e+00
   2.2800000e+00   7.1023032e-01   1.0000000e+00
   2.3000000e+00   7.0796141e-01   1.0000000e+00
   2.3200000e+00   7.0550575e-01   1.0000000e+00
   2.3400000e+00   7.0286335e-01   1.0000000e+00
   2.3600000e+00   7.0126022e-01   1.0000000e+00
   2.3800000e+00   6.9965708e-01   1.0000000e+00
   2.4000000e+00   6.9805395e-01   1.0000000e+00
   2.4200000e+00   6.9676661e-01   1.0000000e+00
   2.4400000e+00   6.9558856e-01   1.0000000e+00
   2.4600000e+00   6.9451981e-01   1.0000000e+00
