   6.0000000e-01   9.5799060e-01   0.0000000e+00
   6.2000000e-01   9.4132102e-01   0.0000000e+00
   6.4000000e-01   9.2109854e-01   0.0000000e+00
   6.6000000e-01   8.9732313e-01   0.0000000e+00
   6.8000000e-01   8.7006990e-01   0.0000000e+00
   7.0000000e-01   8.4600347e-01   0.0000000e+00
   7.2000000e-01   8.2512385e-01   0.0000000e+00
   7.4000000e-01   8.0602908e-01   0.0000000e+00
   7.6000000e-01   7.8801781e-01   0.0000000e+00
   7.8000000e-01   7.7109004e-01   0.0000000e+00
   8.0000000e-01   7.5676712e-01   0.0000000e+00
   8.2000000e-01   7.4265876e-01   0.0000000e+00
   8.4000000e-01   7.2876496e-01   0.0000000e+00
   8.6000000e-01   7.1748604e-01   0.0000000e+00
   8.8000000e-01   7.0582930e-01   0.0000000e+00
   9.0000000e-01   6.9379477e-01   0.0000000e+00
   9.2000000e-01   6.8324197e-01   0.0000000e+00
   9.4000000e-01   6.7385583e-01   0.0000000e+00
   9.6000000e-01   6.6563633e-01   0.0000000e+00
   9.8000000e-01   6.5916748e-01   0.0000000e+00
   1.0000000e+00   6.5245961e-01   0.0000000e+00
   1.0200000e+00   6.4551271e-01   0.0000000e+00
   1.0400000e+00   6.3951387e-01   0.0000000e+00
   1.0600000e+00   6.3375406e-01   0.0000000e+00
   1.0800000e+00   6.2823327e-01   0.0000000e+00
   1.1000000e+00   6.2361161e-01   0.0000000e+00
   1.1200000e+00   6.1930642e-01   0.0000000e+00
   1.1400000e+00   6.1531770e-01   0.0000000e+00
   1.1600000e+00   6.1052305e-01   0.0000000e+00
   1.1800000e+00   6.0625541e-01   0.0000000e+00
   1.2000000e+00   6.0251477e-01   0.0000000e+00
   1.2200000e+00   5.9877413e-01   0.0000000e+00
   1.2400000e+00   5.9457086e-01   0.0000000e+00
   1.2600000e+00   5.8990497e-01   0.0000000e+00
   1.2800000e+00   5.8494470e-01   0.0000000e+00
   1.3000000e+00   5.8036461e-01   0.0000000e+00
   1.3200000e+00   5.7616468e-01   0.0000000e+00
   1.3400000e+00   5.7242404e-01   0.0000000e+00
   1.3600000e+00   5.6843700e-01   0.0000000e+00
   1.3800000e+00   5.6420356e-01   0.0000000e+00
   1.4000000e+00   5.6030468e-01   0.0000000e+00
   1.4200000e+00   5.5661466e-01   0.0000000e+00
   1.4400000e+00   5.5313349e-01   0.0000000e+00
   1.4600000e+00   5.4978442e-01   0.0000000e+00
   1.4800000e+00   5.4626571e-01   0.0000000e+00
   1.5000000e+00   5.4257736e-01   0.0000000e+00
   1.5200000e+00   5.3990548e-01   0.0000000e+00
   1.5400000e+00   5.3745552e-01   0.0000000e+00
   1.5600000e+00   5.3522749e-01   0.0000000e+00
   1.5800000e+00   5.3308998e-01   0.0000000e+00
   1.6000000e+00   5.3084721e-01   0.0000000e+00
   1.6200000e+00   5.2849917e-01   0.0000000e+00
   1.6400000e+00   5.2601501e-01   0.0000000e+00
   1.6600000e+00   5.2397137e-01   0.0000000e+00
   1.6800000e+00   5.2236824e-01   0.0000000e+00
   1.7000000e+00   5.2076511e-01   0.0000000e+00
   1.7200000e+00   5.1916197e-01   0.0000000e+00
   1.7400000e+00   5.1755884e-01   0.0000000e+00
   1.7600000e+00   5.1595571e-01   0.0000000e+00
   1.7800000e+00   5.1443337e-01   0.0000000e+00
   1.8000000e+00   5.1299182e-01   0.0000000e+00
   1.8200000e+00   5.1192307e-01   0.0000000e+00
   1.8400000e+00   5.1085431e-01   0.0000000e+00
   1.8600000e+00   5.0978556e-01   0.0000000e+00
   1.8800000e+00   5.0871680e-01   0.0000000e+00
   1.9000000e+00   5.0747507e-01   0.0000000e+00
   1.9200000e+00   5.0606035e-01   0.0000000e+00
   1.9400000e+00   5.0468652e-01   0.0000000e+00
   1.9600000e+00   5.0340891e-01   0.0000000e+00
   1.9800000e+00   5.0222752e-01   0.0000000e+00
   2.0000000e+00   5.0062439e-01   0.0000000e+00
   2.0200000e+00   4.9902126e-01   0.0000000e+00
   2.0400000e+00   4.9741813e-01   0.0000000e+00
   2.0600000e+00   4.9540131e-01   0.0000000e+00
   2.0800000e+00   4.9347266e-01   0.0000000e+00
   2.1000000e+00   4.9163217e-01   0.0000000e+00
   2.1200000e+00   4.9002904e-01   0.0000000e+00
   2.1400000e+00   4.8842591e-01   0.0000000e+00
   2.1600000e+00   4.8682278e-01   0.0000000e+00
   2.1800000e+00   4.8521965e-01   0.0000000e+00
   2.2000000e+00   4.8361651e-01   0.0000000e+00
   2.2200000e+00   4.8201338e-01   0.0000000e+00
   2.2400000e+00   4.8041025e-01   0.0000000e+00
   2.2600000e+00   4.7880712e-01   0.0000000e+00
   2.2800000e+00   4.7720399e-01   0.0000000e+00
   2.3000000e+00   4.7573227e-01   0.0000000e+00
   2.3200000e+00   4.7446203e-01   0.0000000e+00
   2.3400000e+00   4.7339327e-01   0.0000000e+00
   2.3600000e+00   4.7232452e-01   0.0000000e+00
   2.3800000e+00   4.7103954e-01   0.0000000e+00
   2.4000000e+00   4.6953833e-01   0.0000000e+00
   2.4200000e+00   4.6825099e-01   0.0000000e+00
   2.4400000e+00   4.6697338e-01   0.0000000e+00
   2.4600000e+00   4.6570550e-01   0.0000000e+00
   2.4800000e+00   4.6418483e-01   0.0000000e+00
   2.5000000e+00   4.6289011e-01   0.0000000e+00
   2.5200000e+00   4.6182136e-01   0.0000000e+00
   2.5400000e+00   4.6075261e-01   0.0000000e+00
   2.5600000e+00   4.5987561e-01   0.0000000e+00
   2.5800000e+00   4.5919036e-01   0.0000000e+00
   2.6000000e+00   4.5838914e-01   0.0000000e+00
   2.6200000e+00   4.5745415e-01   0.0000000e+00
   2.6400000e+00   4.5638540e-01   0.0000000e+00
   2.6600000e+00   4.5531665e-01   0.0000000e+00
   2.6800000e+00   4.5424789e-01   0.0000000e+00
   2.7000000e+00   4.5317914e-01   0.0000000e+00
   2.7200000e+00   4.5256161e-01   0.0000000e+00
   2.7400000e+00   4.5181838e-01   0.0000000e+00
   2.7600000e+00   4.5094944e-01   0.0000000e+00
   2.7800000e+00   4.4988068e-01   0.0000000e+00
   2.8000000e+00   4.4881193e-01   0.0000000e+00
   2.8200000e+00   4.4774317e-01   0.0000000e+00
   2.8400000e+00   4.4667442e-01   0.0000000e+00
   2.8600000e+00   4.4560567e-01   0.0000000e+00
   2.8800000e+00   4.4453691e-01   0.0000000e+00
   2.9000000e+00   4.4306588e-01   0.0000000e+00
   2.9200000e+00   4.4181441e-01   0.0000000e+00
   2.9400000e+00   4.4078251e-01   0.0000000e+00
   2.9600000e+00   4.4007918e-01   0.0000000e+00
   2.9800000e+00   4.3919314e-01   0.0000000e+00
   3.0000000e+00   4.3812439e-01   0.0000000e+00
   3.0200000e+00   4.3705563e-01   0.0000000e+00
   3.0400000e+00   4.3598688e-01   0.0000000e+00
   3.0600000e+00   4.3491813e-01   0.0000000e+00
   3.0800000e+00   4.3420271e-01   0.0000000e+00
   3.1000000e+00   4.3345947e-01   0.0000000e+00
   3.1200000e+00   4.3268843e-01   0.0000000e+00
   3.1400000e+00   4.3185968e-01   0.0000000e+00
   3.1600000e+00   4.3144197e-01   0.0000000e+00
   3.1800000e+00   4.3143529e-01   0.0000000e+00
   3.2000000e+00   4.3036653e-01   0.0000000e+00
   3.2200000e+00   4.2950831e-01   0.0000000e+00
   3.2400000e+00   4.2886061e-01   0.0000000e+00
   3.2600000e+00   4.2832623e-01   0.0000000e+00
   3.2800000e+00   4.2769799e-01   0.0000000e+00
   3.3000000e+00   4.2697589e-01   0.0000000e+00
   3.3200000e+00   4.2597820e-01   0.0000000e+00
   3.3400000e+00   4.2521216e-01   0.0000000e+00
   3.3600000e+00   4.2467778e-01   0.0000000e+00
   3.3800000e+00   4.2414341e-01   0.0000000e+00
   3.4000000e+00   4.2342297e-01   0.0000000e+00
   3.4200000e+00   4.2251649e-01   0.0000000e+00
   3.4400000e+00   4.2195862e-01   0.0000000e+00
   3.4600000e+00   4.2154091e-01   0.0000000e+00
   3.4800000e+00   4.2126335e-01   0.0000000e+00
   3.5000000e+00   4.2023883e-01   0.0000000e+00
   3.5200000e+00   4.1972656e-01   0.0000000e+00
   3.5400000e+00   4.1972656e-01   0.0000000e+00
   3.5600000e+00   4.1884691e-01   0.0000000e+00
   3.5800000e+00   4.1819587e-01   0.0000000e+00
   3.6000000e+00   4.1777344e-01   0.0000000e+00
   3.6200000e+00   4.1756694e-01   0.0000000e+00
   3.6400000e+00   4.1724142e-01   0.0000000e+00
   3.6600000e+00   4.1679688e-01   0.0000000e+00
   3.6800000e+00   4.1679688e-01   0.0000000e+00
   3.7000000e+00   4.1654310e-01   0.0000000e+00
   3.7200000e+00   4.1603556e-01   0.0000000e+00
   3.7400000e+00   4.1667382e-01   0.0000000e+00
   2.0100000e+00   7.7716657e-01   1.0000000e+00
   2.0300000e+00   7.7450275e-01   1.0000000e+00
   2.0500000e+00   7.7121437e-01   1.0000000e+00
   2.0700000e+00   7.6730144e-01   1.0000000e+00
   2.0900000e+00   7.6183835e-01   1.0000000e+00
   2.1100000e+00   7.5671213e-01   1.0000000e+00
   2.1300000e+00   7.5192279e-01   1.0000000e+00
   2.1500000e+00   7.5031966e-01   1.0000000e+00
   2.1700000e+00   7.4871652e-01   1.0000000e+00
   2.1900000e+00   7.4711339e-01   1.0000000e+00
   2.2100000e+00   7.4599166e-01   1.0000000e+00
   2.2300000e+00   7.4453168e-01   1.0000000e+00
   2.2500000e+00   7.4273346e-01   1.0000000e+00
   2.2700000e+00   7.4059595e-01   1.0000000e+00
   2.2900000e+00   7.3852414e-01   1.0000000e+00
   2.3100000e+00   7.3651804e-01   1.0000000e+00
   2.3300000e+00   7.3491491e-01   1.0000000e+00
   2.3500000e+00   7.3331178e-01   1.0000000e+00
   2.3700000e+00   7.3170865e-01   1.0000000e+00
   2.3900000e+00   7.3010552e-01   1.0000000e+00
   2.4100000e+00   7.2866028e-01   1.0000000e+00
   2.4300000e+00   7.2737294e-01   1.0000000e+00
   2.4500000e+00   7.2630419e-01   1.0000000e+00
   2.4700000e+00   7.2515297e-01   1.0000000e+00
   2.4900000e+00   7.2391930e-01   1.0000000e+00
   2.5100000e+00   7.2178179e-01   1.0000000e+00
   2.5300000e+00   7.1989437e-01   1.0000000e+00
   2.5500000e+00   7.1825703e-01   1.0000000e+00
   2.5700000e+00   7.1627039e-01   1.0000000e+00
   2.5900000e+00   7.1434174e-01   1.0000000e+00
   2.6100000e+00   7.1247108e-01   1.0000000e+00
   2.6300000e+00   7.1101812e-01   1.0000000e+00
   2.6500000e+00   7.0974051e-01   1.0000000e+00
   2.6700000e+00   7.0863825e-01   1.0000000e+00
   2.6900000e+00   7.0703511e-01   1.0000000e+00
   2.7100000e+00   7.0588321e-01   1.0000000e+00
   2.7300000e+00   7.0518253e-01   1.0000000e+00
   2.7500000e+00   7.0498272e-01   1.0000000e+00
   2.7700000e+00   7.0477386e-01   1.0000000e+00
   2.7900000e+00   7.0455597e-01   1.0000000e+00
   2.8100000e+00   7.0412282e-01   1.0000000e+00
   2.8300000e+00   7.0390625e-01   1.0000000e+00
   2.8500000e+00   7.0390625e-01   1.0000000e+00
   2.8700000e+00   7.0338730e-01   1.0000000e+00
   2.8900000e+00   7.0265950e-01   1.0000000e+00
   2.9100000e+00   7.0172284e-01   1.0000000e+00
   2.9300000e+00   7.0036847e-01   1.0000000e+00
   2.9500000e+00   6.9888972e-01   1.0000000e+00
   2.9700000e+00   6.9728659e-01   1.0000000e+00
   2.9900000e+00   6.9568346e-01   1.0000000e+00
   3.0100000e+00   6.9408033e-01   1.0000000e+00
   3.0300000e+00   6.9247720e-01   1.0000000e+00
   3.0500000e+00   6.9087407e-01   1.0000000e+00
   3.0700000e+00   6.8874093e-01   1.0000000e+00
   3.0900000e+00   6.8607780e-01   1.0000000e+00
   3.1100000e+00   6.8358155e-01   1.0000000e+00
   3.1300000e+00   6.8153186e-01   1.0000000e+00
   3.1500000e+00   6.7992872e-01   1.0000000e+00
   3.1700000e+00   6.7832225e-01   1.0000000e+00
   3.1900000e+00   6.7645026e-01   1.0000000e+00
   3.2100000e+00   6.7431275e-01   1.0000000e+00
   3.2300000e+00   6.7133314e-01   1.0000000e+00
