   6.0000000e-01   9.4058349e-01   0.0000000e+00
   6.2000000e-01   9.1997946e-01   0.0000000e+00
   6.4000000e-01   9.0025075e-01   0.0000000e+00
   6.6000000e-01   8.8139738e-01   0.0000000e+00
   6.8000000e-01   8.6055667e-01   0.0000000e+00
   7.0000000e-01   8.3971597e-01   0.0000000e+00
   7.2000000e-01   8.1887526e-01   0.0000000e+00
   7.4000000e-01   8.0175908e-01   0.0000000e+00
   7.6000000e-01   7.8682935e-01   0.0000000e+00
   7.8000000e-01   7.7408607e-01   0.0000000e+00
   8.0000000e-01   7.6415149e-01   0.0000000e+00
   8.2000000e-01   7.5357324e-01   0.0000000e+00
   8.4000000e-01   7.4235133e-01   0.0000000e+00
   8.6000000e-01   7.3479024e-01   0.0000000e+00
   8.8000000e-01   7.2787852e-01   0.0000000e+00
   9.0000000e-01   7.2161618e-01   0.0000000e+00
   9.2000000e-01   7.1660697e-01   0.0000000e+00
   9.4000000e-01   7.1187837e-01   0.0000000e+00
   9.6000000e-01   7.0743037e-01   0.0000000e+00
   9.8000000e-01   7.0273361e-01   0.0000000e+00
   1.0000000e+00   6.9851491e-01   0.0000000e+00
   1.0200000e+00   6.9477427e-01   0.0000000e+00
   1.0400000e+00   6.9055960e-01   0.0000000e+00
   1.0600000e+00   6.8631476e-01   0.0000000e+00
   1.0800000e+00   6.8203974e-01   0.0000000e+00
   1.1000000e+00   6.7776473e-01   0.0000000e+00
   1.1200000e+00   6.7355173e-01   0.0000000e+00
   1.1400000e+00   6.6940075e-01   0.0000000e+00
   1.1600000e+00   6.6564537e-01   0.0000000e+00
   1.1800000e+00   6.6136298e-01   0.0000000e+00
   1.2000000e+00   6.5655359e-01   0.0000000e+00
   1.2200000e+00   6.5301944e-01   0.0000000e+00
   1.2400000e+00   6.4934082e-01   0.0000000e+00
   1.2600000e+00   6.4551772e-01   0.0000000e+00
   1.2800000e+00   6.4105095e-01   0.0000000e+00
   1.3000000e+00   6.3645041e-01   0.0000000e+00
   1.3200000e+00   6.3171611e-01   0.0000000e+00
   1.3400000e+00   6.2744110e-01   0.0000000e+00
   1.3600000e+00   6.2316608e-01   0.0000000e+00
   1.3800000e+00   6.1889106e-01   0.0000000e+00
   1.4000000e+00   6.1423991e-01   0.0000000e+00
   1.4200000e+00   6.0963937e-01   0.0000000e+00
   1.4400000e+00   6.0508945e-01   0.0000000e+00
   1.4600000e+00   6.0067163e-01   0.0000000e+00
   1.4800000e+00   5.9608416e-01   0.0000000e+00
   1.5000000e+00   5.9132705e-01   0.0000000e+00
   1.5200000e+00   5.8758642e-01   0.0000000e+00
   1.5400000e+00   5.8406770e-01   0.0000000e+00
   1.5600000e+00   5.8077092e-01   0.0000000e+00
   1.5800000e+00   5.7723747e-01   0.0000000e+00
   1.6000000e+00   5.7391621e-01   0.0000000e+00
   1.6200000e+00   5.7080715e-01   0.0000000e+00
   1.6400000e+00   5.6857578e-01   0.0000000e+00
   1.6600000e+00   5.6612415e-01   0.0000000e+00
   1.6800000e+00   5.6345227e-01   0.0000000e+00
   1.7000000e+00   5.6078038e-01   0.0000000e+00
   1.7200000e+00   5.5810850e-01   0.0000000e+00
   1.7400000e+00   5.5543661e-01   0.0000000e+00
   1.7600000e+00   5.5304297e-01   0.0000000e+00
   1.7800000e+00   5.5077740e-01   0.0000000e+00
   1.8000000e+00   5.4863989e-01   0.0000000e+00
   1.8200000e+00   5.4654730e-01   0.0000000e+00
   1.8400000e+00   5.4469944e-01   0.0000000e+00
   1.8600000e+00   5.4309631e-01   0.0000000e+00
   1.8800000e+00   5.4103055e-01   0.0000000e+00
   1.9000000e+00   5.3892891e-01   0.0000000e+00
   1.9200000e+00   5.3679140e-01   0.0000000e+00
   1.9400000e+00   5.3465390e-01   0.0000000e+00
   1.9600000e+00   5.3251639e-01   0.0000000e+00
   1.9800000e+00   5.3037888e-01   0.0000000e+00
   2.0000000e+00   5.2824137e-01   0.0000000e+00
   2.0200000e+00   5.2636904e-01   0.0000000e+00
   2.0400000e+00   5.2476188e-01   0.0000000e+00
   2.0600000e+00   5.2191770e-01   0.0000000e+00
   2.0800000e+00   5.1918950e-01   0.0000000e+00
   2.1000000e+00   5.1657727e-01   0.0000000e+00
   2.1200000e+00   5.1462011e-01   0.0000000e+00
   2.1400000e+00   5.1280813e-01   0.0000000e+00
   2.1600000e+00   5.1114131e-01   0.0000000e+00
   2.1800000e+00   5.0900380e-01   0.0000000e+00
   2.2000000e+00   5.0686629e-01   0.0000000e+00
   2.2200000e+00   5.0472878e-01   0.0000000e+00
   2.2400000e+00   5.0259127e-01   0.0000000e+00
   2.2600000e+00   5.0045377e-01   0.0000000e+00
   2.2800000e+00   4.9831626e-01   0.0000000e+00
   2.3000000e+00   4.9644156e-01   0.0000000e+00
   2.3200000e+00   4.9495510e-01   0.0000000e+00
   2.3400000e+00   4.9385686e-01   0.0000000e+00
   2.3600000e+00   4.9171935e-01   0.0000000e+00
   2.3800000e+00   4.8979807e-01   0.0000000e+00
   2.4000000e+00   4.8809302e-01   0.0000000e+00
   2.4200000e+00   4.8648988e-01   0.0000000e+00
   2.4400000e+00   4.8488675e-01   0.0000000e+00
   2.4600000e+00   4.8328362e-01   0.0000000e+00
   2.4800000e+00   4.8176295e-01   0.0000000e+00
   2.5000000e+00   4.8046824e-01   0.0000000e+00
   2.5200000e+00   4.7939949e-01   0.0000000e+00
   2.5400000e+00   4.7783056e-01   0.0000000e+00
   2.5600000e+00   4.7624453e-01   0.0000000e+00
   2.5800000e+00   4.7464140e-01   0.0000000e+00
   2.6000000e+00   4.7330511e-01   0.0000000e+00
   2.6200000e+00   4.7195241e-01   0.0000000e+00
   2.6400000e+00   4.7058330e-01   0.0000000e+00
   2.6600000e+00   4.6847931e-01   0.0000000e+00
   2.6800000e+00   4.6662574e-01   0.0000000e+00
   2.7000000e+00   4.6502261e-01   0.0000000e+00
   2.7200000e+00   4.6341948e-01   0.0000000e+00
   2.7400000e+00   4.6198363e-01   0.0000000e+00
   2.7600000e+00   4.6071506e-01   0.0000000e+00
   2.7800000e+00   4.5921051e-01   0.0000000e+00
   2.8000000e+00   4.5749072e-01   0.0000000e+00
   2.8200000e+00   4.5555567e-01   0.0000000e+00
   2.8400000e+00   4.5448692e-01   0.0000000e+00
   2.8600000e+00   4.5341817e-01   0.0000000e+00
   2.8800000e+00   4.5234941e-01   0.0000000e+00
   2.9000000e+00   4.5128066e-01   0.0000000e+00
   2.9200000e+00   4.5021190e-01   0.0000000e+00
   2.9400000e+00   4.4914315e-01   0.0000000e+00
   2.9600000e+00   4.4790544e-01   0.0000000e+00
   2.9800000e+00   4.4653731e-01   0.0000000e+00
   3.0000000e+00   4.4503876e-01   0.0000000e+00
   3.0200000e+00   4.4450438e-01   0.0000000e+00
   3.0400000e+00   4.4326500e-01   0.0000000e+00
   3.0600000e+00   4.4132063e-01   0.0000000e+00
   3.0800000e+00   4.3988979e-01   0.0000000e+00
   3.1000000e+00   4.3863999e-01   0.0000000e+00
   3.1200000e+00   4.3757124e-01   0.0000000e+00
   3.1400000e+00   4.3650248e-01   0.0000000e+00
   3.1600000e+00   4.3543373e-01   0.0000000e+00
   3.1800000e+00   4.3436498e-01   0.0000000e+00
   3.2000000e+00   4.3329622e-01   0.0000000e+00
   3.2200000e+00   4.3243800e-01   0.0000000e+00
   3.2400000e+00   4.3179029e-01   0.0000000e+00
   3.2600000e+00   4.3125592e-01   0.0000000e+00
   3.2800000e+00   4.3081540e-01   0.0000000e+00
   3.3000000e+00   4.3046875e-01   0.0000000e+00
   3.3200000e+00   4.3039769e-01   0.0000000e+00
   3.3400000e+00   4.3009497e-01   0.0000000e+00
   3.3600000e+00   4.2956059e-01   0.0000000e+00
   3.3800000e+00   4.2951499e-01   0.0000000e+00
   3.4000000e+00   4.2967824e-01   0.0000000e+00
   3.4200000e+00   4.3005035e-01   0.0000000e+00
   2.1600000e+00   7.5566406e-01   1.0000000e+00
   2.1800000e+00   7.5566406e-01   1.0000000e+00
   2.2000000e+00   7.5446056e-01   1.0000000e+00
   2.2200000e+00   7.5205356e-01   1.0000000e+00
   2.2400000e+00   7.4901693e-01   1.0000000e+00
   2.2600000e+00   7.4589549e-01   1.0000000e+00
   2.2800000e+00   7.4268923e-01   1.0000000e+00
   2.3000000e+00   7.3935156e-01   1.0000000e+00
   2.3200000e+00   7.3582715e-01   1.0000000e+00
   2.3400000e+00   7.3211600e-01   1.0000000e+00
   2.3600000e+00   7.2944411e-01   1.0000000e+00
   2.3800000e+00   7.2677222e-01   1.0000000e+00
   2.4000000e+00   7.2410034e-01   1.0000000e+00
   2.4200000e+00   7.2174424e-01   1.0000000e+00
   2.4400000e+00   7.1939788e-01   1.0000000e+00
   2.4600000e+00   7.1706125e-01   1.0000000e+00
   2.4800000e+00   7.1455428e-01   1.0000000e+00
   2.5000000e+00   7.1249924e-01   1.0000000e+00
   2.5200000e+00   7.1089610e-01   1.0000000e+00
   2.5400000e+00   7.0879280e-01   1.0000000e+00
   2.5600000e+00   7.0648064e-01   1.0000000e+00
   2.5800000e+00   7.0395962e-01   1.0000000e+00
   2.6000000e+00   7.0182143e-01   1.0000000e+00
   2.6200000e+00   6.9995076e-01   1.0000000e+00
   2.6400000e+00   6.9834763e-01   1.0000000e+00
   2.6600000e+00   6.9677801e-01   1.0000000e+00
   2.6800000e+00   6.9545883e-01   1.0000000e+00
   2.7000000e+00   6.9439008e-01   1.0000000e+00
   2.7200000e+00   6.9287009e-01   1.0000000e+00
   2.7400000e+00   6.9114126e-01   1.0000000e+00
   2.7600000e+00   6.8920356e-01   1.0000000e+00
   2.7800000e+00   6.8728395e-01   1.0000000e+00
   2.8000000e+00   6.8547196e-01   1.0000000e+00
   2.8200000e+00   6.8376760e-01   1.0000000e+00
   2.8400000e+00   6.8163009e-01   1.0000000e+00
   2.8600000e+00   6.7949258e-01   1.0000000e+00
   2.8800000e+00   6.7735508e-01   1.0000000e+00
   2.9000000e+00   6.7561985e-01   1.0000000e+00
   2.9200000e+00   6.7395067e-01   1.0000000e+00
   2.9400000e+00   6.7234754e-01   1.0000000e+00
   2.9600000e+00   6.7074441e-01   1.0000000e+00
   2.9800000e+00   6.6916742e-01   1.0000000e+00
   3.0000000e+00   6.6761658e-01   1.0000000e+00
   3.0200000e+00   6.6654782e-01   1.0000000e+00
   3.0400000e+00   6.6547907e-01   1.0000000e+00
   3.0600000e+00   6.6441031e-01   1.0000000e+00
   3.0800000e+00   6.6334156e-01   1.0000000e+00
   3.1000000e+00   6.6215447e-01   1.0000000e+00
   3.1200000e+00   6.6084905e-01   1.0000000e+00
   3.1400000e+00   6.5924591e-01   1.0000000e+00
   3.1600000e+00   6.5764445e-01   1.0000000e+00
   3.1800000e+00   6.5604466e-01   1.0000000e+00
   3.2000000e+00   6.5497591e-01   1.0000000e+00
   3.2200000e+00   6.5348610e-01   1.0000000e+00
   3.2400000e+00   6.5157524e-01   1.0000000e+00
   3.2600000e+00   6.4974212e-01   1.0000000e+00
   3.2800000e+00   6.4793014e-01   1.0000000e+00
   3.3000000e+00   6.4613928e-01   1.0000000e+00
   3.3200000e+00   6.4414389e-01   1.0000000e+00
   3.3400000e+00   6.4261182e-01   1.0000000e+00
   3.3600000e+00   6.4154306e-01   1.0000000e+00
   3.3800000e+00   6.4047431e-01   1.0000000e+00
   3.4000000e+00   6.3940556e-01   1.0000000e+00
   3.4200000e+00   6.3833680e-01   1.0000000e+00
   3.4400000e+00   6.3726805e-01   1.0000000e+00
   3.4600000e+00   6.3612991e-01   1.0000000e+00
   3.4800000e+00   6.3492237e-01   1.0000000e+00
   3.5000000e+00   6.3331924e-01   1.0000000e+00
   3.5200000e+00   6.3171611e-01   1.0000000e+00
   3.5400000e+00   6.3011298e-01   1.0000000e+00
   3.5600000e+00   6.2850985e-01   1.0000000e+00
   3.5800000e+00   6.2674514e-01   1.0000000e+00
   3.6000000e+00   6.2481884e-01   1.0000000e+00
   3.6200000e+00   6.2288783e-01   1.0000000e+00
   3.6400000e+00   6.2116568e-01   1.0000000e+00
   3.6600000e+00   6.1965238e-01   1.0000000e+00
   3.6800000e+00   6.1858363e-01   1.0000000e+00
   3.7000000e+00   6.1751487e-01   1.0000000e+00
   3.7200000e+00   6.1644612e-01   1.0000000e+00
   3.7400000e+00   6.1576824e-01   1.0000000e+00
   3.7600000e+00   6.1502501e-01   1.0000000e+00
   3.7800000e+00   6.1421642e-01   1.0000000e+00
   3.8000000e+00   6.1330521e-01   1.0000000e+00
