   6.1000000e-01   9.6511785e-01   0.0000000e+00
   6.3000000e-01   9.5334013e-01   0.0000000e+00
   6.5000000e-01   9.3575198e-01   0.0000000e+00
   6.7000000e-01   9.1493443e-01   0.0000000e+00
   6.9000000e-01   8.9088746e-01   0.0000000e+00
   7.1000000e-01   8.6866152e-01   0.0000000e+00
   7.3000000e-01   8.4760960e-01   0.0000000e+00
   7.5000000e-01   8.2773170e-01   0.0000000e+00
   7.7000000e-01   8.1102586e-01   0.0000000e+00
   7.9000000e-01   7.9567340e-01   0.0000000e+00
   8.1000000e-01   7.8167433e-01   0.0000000e+00
   8.3000000e-01   7.6724615e-01   0.0000000e+00
   8.5000000e-01   7.5360244e-01   0.0000000e+00
   8.7000000e-01   7.4074318e-01   0.0000000e+00
   8.9000000e-01   7.2751182e-01   0.0000000e+00
   9.1000000e-01   7.1537502e-01   0.0000000e+00
   9.3000000e-01   7.0433276e-01   0.0000000e+00
   9.5000000e-01   6.9576730e-01   0.0000000e+00
   9.7000000e-01   6.8774393e-01   0.0000000e+00
   9.9000000e-01   6.8026265e-01   0.0000000e+00
   1.0100000e+00   6.7278137e-01   0.0000000e+00
   1.0300000e+00   6.6577412e-01   0.0000000e+00
   1.0500000e+00   6.5924090e-01   0.0000000e+00
   1.0700000e+00   6.5354311e-01   0.0000000e+00
   1.0900000e+00   6.4802233e-01   0.0000000e+00
   1.1100000e+00   6.4267856e-01   0.0000000e+00
   1.1300000e+00   6.3745882e-01   0.0000000e+00
   1.1500000e+00   6.3244426e-01   0.0000000e+00
   1.1700000e+00   6.2763486e-01   0.0000000e+00
   1.1900000e+00   6.2282547e-01   0.0000000e+00
   1.2100000e+00   6.1844116e-01   0.0000000e+00
   1.2300000e+00   6.1448194e-01   0.0000000e+00
   1.2500000e+00   6.1043288e-01   0.0000000e+00
   1.2700000e+00   6.0627084e-01   0.0000000e+00
   1.2900000e+00   6.0199582e-01   0.0000000e+00
   1.3100000e+00   5.9757063e-01   0.0000000e+00
   1.3300000e+00   5.9268614e-01   0.0000000e+00
   1.3500000e+00   5.8734237e-01   0.0000000e+00
   1.3700000e+00   5.8298421e-01   0.0000000e+00
   1.3900000e+00   5.7866762e-01   0.0000000e+00
   1.4100000e+00   5.7439260e-01   0.0000000e+00
   1.4300000e+00   5.7011758e-01   0.0000000e+00
   1.4500000e+00   5.6577116e-01   0.0000000e+00
   1.4700000e+00   5.6135334e-01   0.0000000e+00
   1.4900000e+00   5.5657009e-01   0.0000000e+00
   1.5100000e+00   5.5204096e-01   0.0000000e+00
   1.5300000e+00   5.4776594e-01   0.0000000e+00
   1.5500000e+00   5.4393478e-01   0.0000000e+00
   1.5700000e+00   5.4014888e-01   0.0000000e+00
   1.5900000e+00   5.3640824e-01   0.0000000e+00
   1.6100000e+00   5.3308866e-01   0.0000000e+00
   1.6300000e+00   5.3009292e-01   0.0000000e+00
   1.6500000e+00   5.2742103e-01   0.0000000e+00
   1.6700000e+00   5.2474915e-01   0.0000000e+00
   1.6900000e+00   5.2233305e-01   0.0000000e+00
   1.7100000e+00   5.2017274e-01   0.0000000e+00
   1.7300000e+00   5.1803523e-01   0.0000000e+00
   1.7500000e+00   5.1603685e-01   0.0000000e+00
   1.7700000e+00   5.1417758e-01   0.0000000e+00
   1.7900000e+00   5.1273603e-01   0.0000000e+00
   1.8100000e+00   5.1145842e-01   0.0000000e+00
   1.8300000e+00   5.1034475e-01   0.0000000e+00
   1.8500000e+00   5.0874162e-01   0.0000000e+00
   1.8700000e+00   5.0736980e-01   0.0000000e+00
   1.8900000e+00   5.0622930e-01   0.0000000e+00
   1.9100000e+00   5.0516055e-01   0.0000000e+00
   1.9300000e+00   5.0409179e-01   0.0000000e+00
   1.9500000e+00   5.0302304e-01   0.0000000e+00
   1.9700000e+00   5.0195429e-01   0.0000000e+00
   1.9900000e+00   5.0088553e-01   0.0000000e+00
   2.0100000e+00   4.9981678e-01   0.0000000e+00
   2.0300000e+00   4.9874802e-01   0.0000000e+00
   2.0500000e+00   4.9767927e-01   0.0000000e+00
   2.0700000e+00   4.9661052e-01   0.0000000e+00
   2.0900000e+00   4.9554176e-01   0.0000000e+00
   2.1100000e+00   4.9447301e-01   0.0000000e+00
   2.1300000e+00   4.9340425e-01   0.0000000e+00
   2.1500000e+00   4.9239919e-01   0.0000000e+00
   2.1700000e+00   4.9162947e-01   0.0000000e+00
   2.1900000e+00   4.9109509e-01   0.0000000e+00
   2.2100000e+00   4.9056071e-01   0.0000000e+00
   2.2300000e+00   4.8984397e-01   0.0000000e+00
   2.2500000e+00   4.8894485e-01   0.0000000e+00
   2.2700000e+00   4.8812417e-01   0.0000000e+00
   2.2900000e+00   4.8744664e-01   0.0000000e+00
   2.3100000e+00   4.8691227e-01   0.0000000e+00
   2.3300000e+00   4.8636314e-01   0.0000000e+00
   2.3500000e+00   4.8555421e-01   0.0000000e+00
   2.3700000e+00   4.8448545e-01   0.0000000e+00
   2.3900000e+00   4.8384915e-01   0.0000000e+00
   2.4100000e+00   4.8326382e-01   0.0000000e+00
   2.4300000e+00   4.8272944e-01   0.0000000e+00
   2.4500000e+00   4.8199594e-01   0.0000000e+00
   2.4700000e+00   4.8109481e-01   0.0000000e+00
   2.4900000e+00   4.8002606e-01   0.0000000e+00
   2.5100000e+00   4.7895730e-01   0.0000000e+00
   2.5300000e+00   4.7788855e-01   0.0000000e+00
   2.5500000e+00   4.7681979e-01   0.0000000e+00
   2.5700000e+00   4.7613455e-01   0.0000000e+00
   2.5900000e+00   4.7539131e-01   0.0000000e+00
   2.6100000e+00   4.7459009e-01   0.0000000e+00
   2.6300000e+00   4.7352134e-01   0.0000000e+00
   2.6500000e+00   4.7245258e-01   0.0000000e+00
   2.6700000e+00   4.7138383e-01   0.0000000e+00
   2.6900000e+00   4.7031508e-01   0.0000000e+00
   2.7100000e+00   4.6924632e-01   0.0000000e+00
   2.7300000e+00   4.6817757e-01   0.0000000e+00
   2.7500000e+00   4.6744338e-01   0.0000000e+00
   2.7700000e+00   4.6670014e-01   0.0000000e+00
   2.7900000e+00   4.6594787e-01   0.0000000e+00
   2.8100000e+00   4.6487912e-01   0.0000000e+00
   2.8300000e+00   4.6381036e-01   0.0000000e+00
   2.8500000e+00   4.6274161e-01   0.0000000e+00
   2.8700000e+00   4.6167285e-01   0.0000000e+00
   2.8900000e+00   4.6080524e-01   0.0000000e+00
   2.9100000e+00   4.6013877e-01   0.0000000e+00
   2.9300000e+00   4.5931877e-01   0.0000000e+00
   2.9500000e+00   4.5837440e-01   0.0000000e+00
   2.9700000e+00   4.5730565e-01   0.0000000e+00
   2.9900000e+00   4.5628918e-01   0.0000000e+00
   3.0100000e+00   4.5551376e-01   0.0000000e+00
   3.0300000e+00   4.5497938e-01   0.0000000e+00
   3.0500000e+00   4.5397500e-01   0.0000000e+00
   3.0700000e+00   4.5311510e-01   0.0000000e+00
   3.0900000e+00   4.5239968e-01   0.0000000e+00
   3.1100000e+00   4.5162864e-01   0.0000000e+00
   3.1300000e+00   4.5076874e-01   0.0000000e+00
   3.1500000e+00   4.4981999e-01   0.0000000e+00
   3.1700000e+00   4.4928227e-01   0.0000000e+00
   3.1900000e+00   4.4847904e-01   0.0000000e+00
   3.2100000e+00   4.4741028e-01   0.0000000e+00
   3.2300000e+00   4.4718364e-01   0.0000000e+00
   3.2500000e+00   4.4676592e-01   0.0000000e+00
   3.2700000e+00   4.4615715e-01   0.0000000e+00
   3.2900000e+00   4.4527612e-01   0.0000000e+00
   3.3100000e+00   4.4456841e-01   0.0000000e+00
   3.3300000e+00   4.4403404e-01   0.0000000e+00
   3.3500000e+00   4.4349966e-01   0.0000000e+00
   3.3700000e+00   4.4272090e-01   0.0000000e+00
   3.3900000e+00   4.4169775e-01   0.0000000e+00
   3.4100000e+00   4.4100110e-01   0.0000000e+00
   3.4300000e+00   4.4038559e-01   0.0000000e+00
   3.4500000e+00   4.3985121e-01   0.0000000e+00
   3.4700000e+00   4.3931683e-01   0.0000000e+00
   3.4900000e+00   4.3878246e-01   0.0000000e+00
   3.5100000e+00   4.3824808e-01   0.0000000e+00
   3.5300000e+00   4.3771370e-01   0.0000000e+00
   3.5500000e+00   4.3739924e-01   0.0000000e+00
   3.5700000e+00   4.3730469e-01   0.0000000e+00
   3.5900000e+00   4.3698153e-01   0.0000000e+00
   3.6100000e+00   4.3675925e-01   0.0000000e+00
   3.6300000e+00   4.3663787e-01   0.0000000e+00
   3.6500000e+00   4.3699258e-01   0.0000000e+00
   3.6700000e+00   4.3690275e-01   0.0000000e+00
   3.6900000e+00   4.3636837e-01   0.0000000e+00
   3.7100000e+00   4.3583400e-01   0.0000000e+00
   3.7300000e+00   4.3529962e-01   0.0000000e+00
   3.7500000e+00   4.3476524e-01   0.0000000e+00
   3.7700000e+00   4.3395665e-01   0.0000000e+00
   3.7900000e+00   4.3301798e-01   0.0000000e+00
   2.1300000e+00   7.4030959e-01   1.0000000e+00
   2.1500000e+00   7.4052553e-01   1.0000000e+00
   2.1700000e+00   7.3956474e-01   1.0000000e+00
   2.1900000e+00   7.3742723e-01   1.0000000e+00
   2.2100000e+00   7.3528972e-01   1.0000000e+00
   2.2300000e+00   7.3296985e-01   1.0000000e+00
   2.2500000e+00   7.3046760e-01   1.0000000e+00
   2.2700000e+00   7.2804379e-01   1.0000000e+00
   2.2900000e+00   7.2569743e-01   1.0000000e+00
   2.3100000e+00   7.2342851e-01   1.0000000e+00
   2.3300000e+00   7.2078611e-01   1.0000000e+00
   2.3500000e+00   7.1866334e-01   1.0000000e+00
   2.3700000e+00   7.1706021e-01   1.0000000e+00
   2.3900000e+00   7.1545708e-01   1.0000000e+00
   2.4100000e+00   7.1369606e-01   1.0000000e+00
   2.4300000e+00   7.1177713e-01   1.0000000e+00
   2.4500000e+00   7.0983875e-01   1.0000000e+00
   2.4700000e+00   7.0815046e-01   1.0000000e+00
   2.4900000e+00   7.0671225e-01   1.0000000e+00
   2.5100000e+00   7.0617787e-01   1.0000000e+00
   2.5300000e+00   7.0514332e-01   1.0000000e+00
   2.5500000e+00   7.0360859e-01   1.0000000e+00
   2.5700000e+00   7.0200546e-01   1.0000000e+00
   2.5900000e+00   7.0040233e-01   1.0000000e+00
   2.6100000e+00   6.9879920e-01   1.0000000e+00
   2.6300000e+00   6.9719607e-01   1.0000000e+00
   2.6500000e+00   6.9557618e-01   1.0000000e+00
   2.6700000e+00   6.9393954e-01   1.0000000e+00
   2.6900000e+00   6.9180203e-01   1.0000000e+00
   2.7100000e+00   6.8966452e-01   1.0000000e+00
   2.7300000e+00   6.8752701e-01   1.0000000e+00
   2.7500000e+00   6.8572407e-01   1.0000000e+00
   2.7700000e+00   6.8402103e-01   1.0000000e+00
   2.7900000e+00   6.8241790e-01   1.0000000e+00
   2.8100000e+00   6.8081477e-01   1.0000000e+00
   2.8300000e+00   6.7921163e-01   1.0000000e+00
   2.8500000e+00   6.7760850e-01   1.0000000e+00
   2.8700000e+00   6.7860010e-01   1.0000000e+00
   2.8900000e+00   6.7942914e-01   1.0000000e+00
   2.9100000e+00   6.8009561e-01   1.0000000e+00
