   6.0000000e-01   9.7703003e-01   0.0000000e+00
   6.2000000e-01   9.6557144e-01   0.0000000e+00
   6.4000000e-01   9.5293716e-01   0.0000000e+00
   6.6000000e-01   9.3912720e-01   0.0000000e+00
   6.8000000e-01   9.1935525e-01   0.0000000e+00
   7.0000000e-01   8.9867278e-01   0.0000000e+00
   7.2000000e-01   8.7707980e-01   0.0000000e+00
   7.4000000e-01   8.5618612e-01   0.0000000e+00
   7.6000000e-01   8.3713962e-01   0.0000000e+00
   7.8000000e-01   8.1994028e-01   0.0000000e+00
   8.0000000e-01   8.0637839e-01   0.0000000e+00
   8.2000000e-01   7.9131460e-01   0.0000000e+00
   8.4000000e-01   7.7474891e-01   0.0000000e+00
   8.6000000e-01   7.6132107e-01   0.0000000e+00
   8.8000000e-01   7.4813060e-01   0.0000000e+00
   9.0000000e-01   7.3517749e-01   0.0000000e+00
   9.2000000e-01   7.2351102e-01   0.0000000e+00
   9.4000000e-01   7.1276648e-01   0.0000000e+00
   9.6000000e-01   7.0294384e-01   0.0000000e+00
   9.8000000e-01   6.9498451e-01   0.0000000e+00
   1.0000000e+00   6.8726420e-01   0.0000000e+00
   1.0200000e+00   6.7978292e-01   0.0000000e+00
   1.0400000e+00   6.7324970e-01   0.0000000e+00
   1.0600000e+00   6.6713419e-01   0.0000000e+00
   1.0800000e+00   6.6143640e-01   0.0000000e+00
   1.1000000e+00   6.5633333e-01   0.0000000e+00
   1.1200000e+00   6.5137710e-01   0.0000000e+00
   1.1400000e+00   6.4656770e-01   0.0000000e+00
   1.1600000e+00   6.4175831e-01   0.0000000e+00
   1.1800000e+00   6.3694892e-01   0.0000000e+00
   1.2000000e+00   6.3213952e-01   0.0000000e+00
   1.2200000e+00   6.2818030e-01   0.0000000e+00
   1.2400000e+00   6.2402195e-01   0.0000000e+00
   1.2600000e+00   6.1966447e-01   0.0000000e+00
   1.2800000e+00   6.1485508e-01   0.0000000e+00
   1.3000000e+00   6.1008323e-01   0.0000000e+00
   1.3200000e+00   6.0534892e-01   0.0000000e+00
   1.3400000e+00   6.0107391e-01   0.0000000e+00
   1.3600000e+00   5.9679889e-01   0.0000000e+00
   1.3800000e+00   5.9252387e-01   0.0000000e+00
   1.4000000e+00   5.8862500e-01   0.0000000e+00
   1.4200000e+00   5.8467550e-01   0.0000000e+00
   1.4400000e+00   5.8067539e-01   0.0000000e+00
   1.4600000e+00   5.7654318e-01   0.0000000e+00
   1.4800000e+00   5.7260676e-01   0.0000000e+00
   1.5000000e+00   5.6886612e-01   0.0000000e+00
   1.5200000e+00   5.6512548e-01   0.0000000e+00
   1.5400000e+00   5.6160677e-01   0.0000000e+00
   1.5600000e+00   5.5830998e-01   0.0000000e+00
   1.5800000e+00   5.5477653e-01   0.0000000e+00
   1.6000000e+00   5.5124475e-01   0.0000000e+00
   1.6200000e+00   5.4771463e-01   0.0000000e+00
   1.6400000e+00   5.4460223e-01   0.0000000e+00
   1.6600000e+00   5.4171009e-01   0.0000000e+00
   1.6800000e+00   5.3903821e-01   0.0000000e+00
   1.7000000e+00   5.3636632e-01   0.0000000e+00
   1.7200000e+00   5.3389189e-01   0.0000000e+00
   1.7400000e+00   5.3161492e-01   0.0000000e+00
   1.7600000e+00   5.2947741e-01   0.0000000e+00
   1.7800000e+00   5.2733990e-01   0.0000000e+00
   1.8000000e+00   5.2520239e-01   0.0000000e+00
   1.8200000e+00   5.2297505e-01   0.0000000e+00
   1.8400000e+00   5.2025825e-01   0.0000000e+00
   1.8600000e+00   5.1705199e-01   0.0000000e+00
   1.8800000e+00   5.1477098e-01   0.0000000e+00
   1.9000000e+00   5.1273471e-01   0.0000000e+00
   1.9200000e+00   5.1094316e-01   0.0000000e+00
   1.9400000e+00   5.0934003e-01   0.0000000e+00
   1.9600000e+00   5.0768058e-01   0.0000000e+00
   1.9800000e+00   5.0596482e-01   0.0000000e+00
   2.0000000e+00   5.0382731e-01   0.0000000e+00
   2.0200000e+00   5.0222015e-01   0.0000000e+00
   2.0400000e+00   5.0114333e-01   0.0000000e+00
   2.0600000e+00   5.0007458e-01   0.0000000e+00
   2.0800000e+00   4.9900583e-01   0.0000000e+00
   2.1000000e+00   4.9793707e-01   0.0000000e+00
   2.1200000e+00   4.9704867e-01   0.0000000e+00
   2.1400000e+00   4.9630544e-01   0.0000000e+00
   2.1600000e+00   4.9570737e-01   0.0000000e+00
   2.1800000e+00   4.9463862e-01   0.0000000e+00
   2.2000000e+00   4.9381056e-01   0.0000000e+00
   2.2200000e+00   4.9322321e-01   0.0000000e+00
   2.2400000e+00   4.9268883e-01   0.0000000e+00
   2.2600000e+00   4.9203042e-01   0.0000000e+00
   2.2800000e+00   4.9124797e-01   0.0000000e+00
   2.3000000e+00   4.9044203e-01   0.0000000e+00
   2.3200000e+00   4.9002432e-01   0.0000000e+00
   2.3400000e+00   4.8999484e-01   0.0000000e+00
   2.3600000e+00   4.8892608e-01   0.0000000e+00
   2.3800000e+00   4.8785733e-01   0.0000000e+00
   2.4000000e+00   4.8678857e-01   0.0000000e+00
   2.4200000e+00   4.8603561e-01   0.0000000e+00
   2.4400000e+00   4.8529238e-01   0.0000000e+00
   2.4600000e+00   4.8455887e-01   0.0000000e+00
   2.4800000e+00   4.8357258e-01   0.0000000e+00
   2.5000000e+00   4.8281225e-01   0.0000000e+00
   2.5200000e+00   4.8227787e-01   0.0000000e+00
   2.5400000e+00   4.8124332e-01   0.0000000e+00
   2.5600000e+00   4.8019167e-01   0.0000000e+00
   2.5800000e+00   4.7912291e-01   0.0000000e+00
   2.6000000e+00   4.7805416e-01   0.0000000e+00
   2.6200000e+00   4.7706049e-01   0.0000000e+00
   2.6400000e+00   4.7614192e-01   0.0000000e+00
   2.6600000e+00   4.7550700e-01   0.0000000e+00
   2.6800000e+00   4.7412078e-01   0.0000000e+00
   2.7000000e+00   4.7198327e-01   0.0000000e+00
   2.7200000e+00   4.7074822e-01   0.0000000e+00
   2.7400000e+00   4.6959632e-01   0.0000000e+00
   2.7600000e+00   4.6852756e-01   0.0000000e+00
   2.7800000e+00   4.6745881e-01   0.0000000e+00
   2.8000000e+00   4.6628882e-01   0.0000000e+00
   2.8200000e+00   4.6501760e-01   0.0000000e+00
   2.8400000e+00   4.6288009e-01   0.0000000e+00
   2.8600000e+00   4.6126153e-01   0.0000000e+00
   2.8800000e+00   4.6016191e-01   0.0000000e+00
   2.9000000e+00   4.5909316e-01   0.0000000e+00
   2.9200000e+00   4.5802440e-01   0.0000000e+00
   2.9400000e+00   4.5695565e-01   0.0000000e+00
   2.9600000e+00   4.5588690e-01   0.0000000e+00
   2.9800000e+00   4.5481814e-01   0.0000000e+00
   3.0000000e+00   4.5374939e-01   0.0000000e+00
   3.0200000e+00   4.5268063e-01   0.0000000e+00
   3.0400000e+00   4.5161188e-01   0.0000000e+00
   3.0600000e+00   4.5054313e-01   0.0000000e+00
   3.0800000e+00   4.4947437e-01   0.0000000e+00
   3.1000000e+00   4.4840562e-01   0.0000000e+00
   3.1200000e+00   4.4733686e-01   0.0000000e+00
   3.1400000e+00   4.4626811e-01   0.0000000e+00
   3.1600000e+00   4.4520103e-01   0.0000000e+00
   3.1800000e+00   4.4413561e-01   0.0000000e+00
   3.2000000e+00   4.4360124e-01   0.0000000e+00
   3.2200000e+00   4.4285633e-01   0.0000000e+00
   3.2400000e+00   4.4190090e-01   0.0000000e+00
   3.2600000e+00   4.4113654e-01   0.0000000e+00
   3.2800000e+00   4.4048717e-01   0.0000000e+00
   3.3000000e+00   4.3995279e-01   0.0000000e+00
   3.3200000e+00   4.3934735e-01   0.0000000e+00
   3.3400000e+00   4.3851026e-01   0.0000000e+00
   3.3600000e+00   4.3744150e-01   0.0000000e+00
   3.3800000e+00   4.3686152e-01   0.0000000e+00
   3.4000000e+00   4.3630434e-01   0.0000000e+00
   3.4200000e+00   4.3576996e-01   0.0000000e+00
   3.4400000e+00   4.3523559e-01   0.0000000e+00
   3.4600000e+00   4.3483999e-01   0.0000000e+00
   3.4800000e+00   4.3458317e-01   0.0000000e+00
   3.5000000e+00   4.3509543e-01   0.0000000e+00
   3.5200000e+00   4.3535156e-01   0.0000000e+00
   3.5400000e+00   4.3535156e-01   0.0000000e+00
   2.2800000e+00   7.2645978e-01   1.0000000e+00
   2.3000000e+00   7.2391930e-01   1.0000000e+00
   2.3200000e+00   7.2159505e-01   1.0000000e+00
   2.3400000e+00   7.1948702e-01   1.0000000e+00
   2.3600000e+00   7.1841827e-01   1.0000000e+00
   2.3800000e+00   7.1691706e-01   1.0000000e+00
   2.4000000e+00   7.1498340e-01   1.0000000e+00
   2.4200000e+00   7.1284589e-01   1.0000000e+00
   2.4400000e+00   7.1080794e-01   1.0000000e+00
   2.4600000e+00   7.0886956e-01   1.0000000e+00
   2.4800000e+00   7.0718397e-01   1.0000000e+00
   2.5000000e+00   7.0527242e-01   1.0000000e+00
   2.5200000e+00   7.0313491e-01   1.0000000e+00
   2.5400000e+00   7.0099740e-01   1.0000000e+00
   2.5600000e+00   6.9885989e-01   1.0000000e+00
   2.5800000e+00   6.9672239e-01   1.0000000e+00
   2.6000000e+00   6.9458488e-01   1.0000000e+00
   2.6200000e+00   6.9237228e-01   1.0000000e+00
   2.6400000e+00   6.9008459e-01   1.0000000e+00
   2.6600000e+00   6.8744622e-01   1.0000000e+00
   2.6800000e+00   6.8505828e-01   1.0000000e+00
   2.7000000e+00   6.8292077e-01   1.0000000e+00
   2.7200000e+00   6.8078327e-01   1.0000000e+00
   2.7400000e+00   6.7881304e-01   1.0000000e+00
   2.7600000e+00   6.7701009e-01   1.0000000e+00
   2.7800000e+00   6.7540696e-01   1.0000000e+00
   2.8000000e+00   6.7385445e-01   1.0000000e+00
   2.8200000e+00   6.7235255e-01   1.0000000e+00
   2.8400000e+00   6.7128380e-01   1.0000000e+00
   2.8600000e+00   6.7021504e-01   1.0000000e+00
   2.8800000e+00   6.6914629e-01   1.0000000e+00
   2.9000000e+00   6.6847981e-01   1.0000000e+00
   2.9200000e+00   6.6787939e-01   1.0000000e+00
   2.9400000e+00   6.6734501e-01   1.0000000e+00
   2.9600000e+00   6.6664168e-01   1.0000000e+00
   2.9800000e+00   6.6578179e-01   1.0000000e+00
   3.0000000e+00   6.6476532e-01   1.0000000e+00
   3.0200000e+00   6.6423094e-01   1.0000000e+00
   3.0400000e+00   6.6346157e-01   1.0000000e+00
   3.0600000e+00   6.6245719e-01   1.0000000e+00
   3.0800000e+00   6.6068176e-01   1.0000000e+00
   3.1000000e+00   6.5860696e-01   1.0000000e+00
   3.1200000e+00   6.5623279e-01   1.0000000e+00
   3.1400000e+00   6.5368091e-01   1.0000000e+00
