   6.1000000e-01   9.5730000e-01   0.0000000e+00
   6.3000000e-01   9.4437106e-01   0.0000000e+00
   6.5000000e-01   9.2407348e-01   0.0000000e+00
   6.7000000e-01   9.0029808e-01   0.0000000e+00
   6.9000000e-01   8.7304485e-01   0.0000000e+00
   7.1000000e-01   8.5079945e-01   0.0000000e+00
   7.3000000e-01   8.2949710e-01   0.0000000e+00
   7.5000000e-01   8.0913780e-01   0.0000000e+00
   7.7000000e-01   7.9180705e-01   0.0000000e+00
   7.9000000e-01   7.7603689e-01   0.0000000e+00
   8.1000000e-01   7.6182729e-01   0.0000000e+00
   8.3000000e-01   7.4633036e-01   0.0000000e+00
   8.5000000e-01   7.3240235e-01   0.0000000e+00
   8.7000000e-01   7.2004327e-01   0.0000000e+00
   8.9000000e-01   7.0734629e-01   0.0000000e+00
   9.1000000e-01   6.9545421e-01   0.0000000e+00
   9.3000000e-01   6.8436704e-01   0.0000000e+00
   9.5000000e-01   6.7544018e-01   0.0000000e+00
   9.7000000e-01   6.6726427e-01   0.0000000e+00
   9.9000000e-01   6.5983931e-01   0.0000000e+00
   1.0100000e+00   6.5289241e-01   0.0000000e+00
   1.0300000e+00   6.4641954e-01   0.0000000e+00
   1.0500000e+00   6.4042070e-01   0.0000000e+00
   1.0700000e+00   6.3525728e-01   0.0000000e+00
   1.0900000e+00   6.3015053e-01   0.0000000e+00
   1.1100000e+00   6.2510043e-01   0.0000000e+00
   1.1300000e+00   6.2000473e-01   0.0000000e+00
   1.1500000e+00   6.1531937e-01   0.0000000e+00
   1.1700000e+00   6.1104436e-01   0.0000000e+00
   1.1900000e+00   6.0676934e-01   0.0000000e+00
   1.2100000e+00   6.0228178e-01   0.0000000e+00
   1.2300000e+00   5.9758168e-01   0.0000000e+00
   1.2500000e+00   5.9277229e-01   0.0000000e+00
   1.2700000e+00   5.8786702e-01   0.0000000e+00
   1.2900000e+00   5.8286587e-01   0.0000000e+00
   1.3100000e+00   5.7759719e-01   0.0000000e+00
   1.3300000e+00   5.7255816e-01   0.0000000e+00
   1.3500000e+00   5.6774876e-01   0.0000000e+00
   1.3700000e+00   5.6293937e-01   0.0000000e+00
   1.3900000e+00   5.5794191e-01   0.0000000e+00
   1.4100000e+00   5.5275638e-01   0.0000000e+00
   1.4300000e+00   5.4741260e-01   0.0000000e+00
   1.4500000e+00   5.4206883e-01   0.0000000e+00
   1.4700000e+00   5.3672506e-01   0.0000000e+00
   1.4900000e+00   5.3145972e-01   0.0000000e+00
   1.5100000e+00   5.2695674e-01   0.0000000e+00
   1.5300000e+00   5.2321610e-01   0.0000000e+00
   1.5500000e+00   5.1858774e-01   0.0000000e+00
   1.5700000e+00   5.1435966e-01   0.0000000e+00
   1.5900000e+00   5.1053184e-01   0.0000000e+00
   1.6100000e+00   5.0732558e-01   0.0000000e+00
   1.6300000e+00   5.0416625e-01   0.0000000e+00
   1.6500000e+00   5.0105385e-01   0.0000000e+00
   1.6700000e+00   4.9838196e-01   0.0000000e+00
   1.6900000e+00   4.9596586e-01   0.0000000e+00
   1.7100000e+00   4.9380555e-01   0.0000000e+00
   1.7300000e+00   4.9206295e-01   0.0000000e+00
   1.7500000e+00   4.9025097e-01   0.0000000e+00
   1.7700000e+00   4.8836959e-01   0.0000000e+00
   1.7900000e+00   4.8639366e-01   0.0000000e+00
   1.8100000e+00   4.8464905e-01   0.0000000e+00
   1.8300000e+00   4.8313575e-01   0.0000000e+00
   1.8500000e+00   4.8260137e-01   0.0000000e+00
   1.8700000e+00   4.8183568e-01   0.0000000e+00
   1.8900000e+00   4.8083868e-01   0.0000000e+00
   1.9100000e+00   4.8046185e-01   0.0000000e+00
   1.9300000e+00   4.8004414e-01   0.0000000e+00
   1.9500000e+00   4.7958554e-01   0.0000000e+00
   1.9700000e+00   4.7874205e-01   0.0000000e+00
   1.9900000e+00   4.7832031e-01   0.0000000e+00
   2.0100000e+00   4.7832031e-01   0.0000000e+00
   2.0300000e+00   4.7832031e-01   0.0000000e+00
   2.0500000e+00   4.7832031e-01   0.0000000e+00
   2.0700000e+00   4.7832031e-01   0.0000000e+00
   2.0900000e+00   4.7832031e-01   0.0000000e+00
   2.1100000e+00   4.7832031e-01   0.0000000e+00
   2.1300000e+00   4.7832031e-01   0.0000000e+00
   2.1500000e+00   4.7832031e-01   0.0000000e+00
   2.1700000e+00   4.7832031e-01   0.0000000e+00
   2.1900000e+00   4.7832031e-01   0.0000000e+00
   2.2100000e+00   4.7832031e-01   0.0000000e+00
   2.2300000e+00   4.7850268e-01   0.0000000e+00
   2.2500000e+00   4.7886742e-01   0.0000000e+00
   2.2700000e+00   4.7915372e-01   0.0000000e+00
   2.2900000e+00   4.7929688e-01   0.0000000e+00
   2.3100000e+00   4.7929688e-01   0.0000000e+00
   2.3300000e+00   4.7929688e-01   0.0000000e+00
   2.3500000e+00   4.7929688e-01   0.0000000e+00
   2.3700000e+00   4.7929688e-01   0.0000000e+00
   2.3900000e+00   4.7886442e-01   0.0000000e+00
   2.4100000e+00   4.7853890e-01   0.0000000e+00
   2.4300000e+00   4.7832031e-01   0.0000000e+00
   2.4500000e+00   4.7792206e-01   0.0000000e+00
   2.4700000e+00   4.7722979e-01   0.0000000e+00
   2.4900000e+00   4.7624350e-01   0.0000000e+00
   2.5100000e+00   4.7570912e-01   0.0000000e+00
   2.5300000e+00   4.7517474e-01   0.0000000e+00
   2.5500000e+00   4.7464036e-01   0.0000000e+00
   2.5700000e+00   4.7372248e-01   0.0000000e+00
   2.5900000e+00   4.7286258e-01   0.0000000e+00
   2.6100000e+00   4.7206067e-01   0.0000000e+00
   2.6300000e+00   4.7137611e-01   0.0000000e+00
   2.6500000e+00   4.7049946e-01   0.0000000e+00
   2.6700000e+00   4.6943071e-01   0.0000000e+00
   2.6900000e+00   4.6836195e-01   0.0000000e+00
   2.7100000e+00   4.6751881e-01   0.0000000e+00
   2.7300000e+00   4.6690128e-01   0.0000000e+00
   2.7500000e+00   4.6603234e-01   0.0000000e+00
   2.7700000e+00   4.6506350e-01   0.0000000e+00
   2.7900000e+00   4.6399474e-01   0.0000000e+00
   2.8100000e+00   4.6312846e-01   0.0000000e+00
   2.8300000e+00   4.6269531e-01   0.0000000e+00
   2.8500000e+00   4.6269531e-01   0.0000000e+00
   2.8700000e+00   4.6165742e-01   0.0000000e+00
   2.8900000e+00   4.6060410e-01   0.0000000e+00
   2.9100000e+00   4.5953534e-01   0.0000000e+00
   2.9300000e+00   4.5875221e-01   0.0000000e+00
   2.9500000e+00   4.5809345e-01   0.0000000e+00
   2.9700000e+00   4.5755907e-01   0.0000000e+00
   2.9900000e+00   4.5697241e-01   0.0000000e+00
   3.0100000e+00   4.5614470e-01   0.0000000e+00
   3.0300000e+00   4.5507594e-01   0.0000000e+00
   3.0500000e+00   4.5447719e-01   0.0000000e+00
   3.0700000e+00   4.5391062e-01   0.0000000e+00
   3.0900000e+00   4.5337625e-01   0.0000000e+00
   3.1100000e+00   4.5260520e-01   0.0000000e+00
   3.1300000e+00   4.5180530e-01   0.0000000e+00
   3.1500000e+00   4.5097656e-01   0.0000000e+00
   3.1700000e+00   4.5096988e-01   0.0000000e+00
   3.1900000e+00   4.5043216e-01   0.0000000e+00
   3.2100000e+00   4.4936341e-01   0.0000000e+00
   3.2300000e+00   4.4913676e-01   0.0000000e+00
   3.2500000e+00   4.4887124e-01   0.0000000e+00
   3.2700000e+00   4.4856685e-01   0.0000000e+00
   3.2900000e+00   4.4803248e-01   0.0000000e+00
   3.3100000e+00   4.4749810e-01   0.0000000e+00
   3.3300000e+00   4.4696372e-01   0.0000000e+00
   3.3500000e+00   4.4642935e-01   0.0000000e+00
   3.3700000e+00   4.4565058e-01   0.0000000e+00
   3.3900000e+00   4.4462743e-01   0.0000000e+00
   3.4100000e+00   4.4430289e-01   0.0000000e+00
   3.4300000e+00   4.4388518e-01   0.0000000e+00
   3.4500000e+00   4.4337430e-01   0.0000000e+00
   3.4700000e+00   4.4244432e-01   0.0000000e+00
   3.4900000e+00   4.4171214e-01   0.0000000e+00
   3.5100000e+00   4.4117777e-01   0.0000000e+00
   3.5300000e+00   4.4064339e-01   0.0000000e+00
   3.5500000e+00   4.4010901e-01   0.0000000e+00
   3.5700000e+00   4.3957464e-01   0.0000000e+00
   3.5900000e+00   4.4000974e-01   0.0000000e+00
   3.6100000e+00   4.4086492e-01   0.0000000e+00
   3.6300000e+00   4.4214017e-01   0.0000000e+00
   2.0000000e+00   7.4671814e-01   1.0000000e+00
   2.0200000e+00   7.4511501e-01   1.0000000e+00
   2.0400000e+00   7.4351188e-01   1.0000000e+00
   2.0600000e+00   7.4066770e-01   1.0000000e+00
   2.0800000e+00   7.3764248e-01   1.0000000e+00
   2.1000000e+00   7.3443622e-01   1.0000000e+00
   2.1200000e+00   7.3122995e-01   1.0000000e+00
   2.1400000e+00   7.2799185e-01   1.0000000e+00
   2.1600000e+00   7.2472190e-01   1.0000000e+00
   2.1800000e+00   7.2098126e-01   1.0000000e+00
   2.2000000e+00   7.1772202e-01   1.0000000e+00
   2.2200000e+00   7.1494418e-01   1.0000000e+00
   2.2400000e+00   7.1154282e-01   1.0000000e+00
   2.2600000e+00   7.0834393e-01   1.0000000e+00
   2.2800000e+00   7.0534751e-01   1.0000000e+00
   2.3000000e+00   7.0321000e-01   1.0000000e+00
   2.3200000e+00   7.0107986e-01   1.0000000e+00
   2.3400000e+00   6.9895710e-01   1.0000000e+00
   2.3600000e+00   6.9735397e-01   1.0000000e+00
   2.3800000e+00   6.9596706e-01   1.0000000e+00
   2.4000000e+00   6.9479639e-01   1.0000000e+00
   2.4200000e+00   6.9341184e-01   1.0000000e+00
   2.4400000e+00   6.9221669e-01   1.0000000e+00
   2.4600000e+00   6.9121094e-01   1.0000000e+00
