   6.1000000e-01   9.6293341e-01   0.0000000e+00
   6.3000000e-01   9.5069307e-01   0.0000000e+00
   6.5000000e-01   9.3157688e-01   0.0000000e+00
   6.7000000e-01   9.0972811e-01   0.0000000e+00
   6.9000000e-01   8.8514677e-01   0.0000000e+00
   7.1000000e-01   8.6375222e-01   0.0000000e+00
   7.3000000e-01   8.4331178e-01   0.0000000e+00
   7.5000000e-01   8.2382545e-01   0.0000000e+00
   7.7000000e-01   8.0689768e-01   0.0000000e+00
   7.9000000e-01   7.9127233e-01   0.0000000e+00
   8.1000000e-01   7.7694942e-01   0.0000000e+00
   8.3000000e-01   7.6305561e-01   0.0000000e+00
   8.5000000e-01   7.4968479e-01   0.0000000e+00
   8.7000000e-01   7.3683693e-01   0.0000000e+00
   8.9000000e-01   7.2401189e-01   0.0000000e+00
   9.1000000e-01   7.1220060e-01   0.0000000e+00
   9.3000000e-01   7.0140308e-01   0.0000000e+00
   9.5000000e-01   6.9301059e-01   0.0000000e+00
   9.7000000e-01   6.8531274e-01   0.0000000e+00
   9.9000000e-01   6.7830952e-01   0.0000000e+00
   1.0100000e+00   6.7082825e-01   0.0000000e+00
   1.0300000e+00   6.6405801e-01   0.0000000e+00
   1.0500000e+00   6.5799882e-01   0.0000000e+00
   1.0700000e+00   6.5212068e-01   0.0000000e+00
   1.0900000e+00   6.4648323e-01   0.0000000e+00
   1.1100000e+00   6.4108648e-01   0.0000000e+00
   1.1300000e+00   6.3627709e-01   0.0000000e+00
   1.1500000e+00   6.3147138e-01   0.0000000e+00
   1.1700000e+00   6.2666936e-01   0.0000000e+00
   1.1900000e+00   6.2239434e-01   0.0000000e+00
   1.2100000e+00   6.1811933e-01   0.0000000e+00
   1.2300000e+00   6.1384431e-01   0.0000000e+00
   1.2500000e+00   6.0956929e-01   0.0000000e+00
   1.2700000e+00   6.0519840e-01   0.0000000e+00
   1.2900000e+00   6.0073163e-01   0.0000000e+00
   1.3100000e+00   5.9599733e-01   0.0000000e+00
   1.3300000e+00   5.9149267e-01   0.0000000e+00
   1.3500000e+00   5.8721765e-01   0.0000000e+00
   1.3700000e+00   5.8195703e-01   0.0000000e+00
   1.3900000e+00   5.7703097e-01   0.0000000e+00
   1.4100000e+00   5.7243948e-01   0.0000000e+00
   1.4300000e+00   5.6816446e-01   0.0000000e+00
   1.4500000e+00   5.6381804e-01   0.0000000e+00
   1.4700000e+00   5.5940021e-01   0.0000000e+00
   1.4900000e+00   5.5464311e-01   0.0000000e+00
   1.5100000e+00   5.5039424e-01   0.0000000e+00
   1.5300000e+00   5.4665360e-01   0.0000000e+00
   1.5500000e+00   5.4291296e-01   0.0000000e+00
   1.5700000e+00   5.3917232e-01   0.0000000e+00
   1.5900000e+00   5.3543168e-01   0.0000000e+00
   1.6100000e+00   5.3190157e-01   0.0000000e+00
   1.6300000e+00   5.2862724e-01   0.0000000e+00
   1.6500000e+00   5.2560870e-01   0.0000000e+00
   1.6700000e+00   5.2347119e-01   0.0000000e+00
   1.6900000e+00   5.2133369e-01   0.0000000e+00
   1.7100000e+00   5.1919618e-01   0.0000000e+00
   1.7300000e+00   5.1705867e-01   0.0000000e+00
   1.7500000e+00   5.1519941e-01   0.0000000e+00
   1.7700000e+00   5.1361839e-01   0.0000000e+00
   1.7900000e+00   5.1238805e-01   0.0000000e+00
   1.8100000e+00   5.1099378e-01   0.0000000e+00
   1.8300000e+00   5.0943556e-01   0.0000000e+00
   1.8500000e+00   5.0836681e-01   0.0000000e+00
   1.8700000e+00   5.0729806e-01   0.0000000e+00
   1.8900000e+00   5.0622930e-01   0.0000000e+00
   1.9100000e+00   5.0516055e-01   0.0000000e+00
   1.9300000e+00   5.0409179e-01   0.0000000e+00
   1.9500000e+00   5.0302304e-01   0.0000000e+00
   1.9700000e+00   5.0195429e-01   0.0000000e+00
   1.9900000e+00   5.0088553e-01   0.0000000e+00
   2.0100000e+00   4.9981678e-01   0.0000000e+00
   2.0300000e+00   4.9874802e-01   0.0000000e+00
   2.0500000e+00   4.9767927e-01   0.0000000e+00
   2.0700000e+00   4.9661052e-01   0.0000000e+00
   2.0900000e+00   4.9613580e-01   0.0000000e+00
   2.1100000e+00   4.9571808e-01   0.0000000e+00
   2.1300000e+00   4.9535738e-01   0.0000000e+00
   2.1500000e+00   4.9428862e-01   0.0000000e+00
   2.1700000e+00   4.9321987e-01   0.0000000e+00
   2.1900000e+00   4.9215112e-01   0.0000000e+00
   2.2100000e+00   4.9108236e-01   0.0000000e+00
   2.2300000e+00   4.9001361e-01   0.0000000e+00
   2.2500000e+00   4.8894485e-01   0.0000000e+00
   2.2700000e+00   4.8812417e-01   0.0000000e+00
   2.2900000e+00   4.8744664e-01   0.0000000e+00
   2.3100000e+00   4.8691227e-01   0.0000000e+00
   2.3300000e+00   4.8636314e-01   0.0000000e+00
   2.3500000e+00   4.8555421e-01   0.0000000e+00
   2.3700000e+00   4.8448545e-01   0.0000000e+00
   2.3900000e+00   4.8341670e-01   0.0000000e+00
   2.4100000e+00   4.8234795e-01   0.0000000e+00
   2.4300000e+00   4.8127919e-01   0.0000000e+00
   2.4500000e+00   4.8040956e-01   0.0000000e+00
   2.4700000e+00   4.7966633e-01   0.0000000e+00
   2.4900000e+00   4.7904949e-01   0.0000000e+00
   2.5100000e+00   4.7798074e-01   0.0000000e+00
   2.5300000e+00   4.7691198e-01   0.0000000e+00
   2.5500000e+00   4.7584323e-01   0.0000000e+00
   2.5700000e+00   4.7515798e-01   0.0000000e+00
   2.5900000e+00   4.7441475e-01   0.0000000e+00
   2.6100000e+00   4.7361353e-01   0.0000000e+00
   2.6300000e+00   4.7254478e-01   0.0000000e+00
   2.6500000e+00   4.7147602e-01   0.0000000e+00
   2.6700000e+00   4.7040727e-01   0.0000000e+00
   2.6900000e+00   4.6933851e-01   0.0000000e+00
   2.7100000e+00   4.6849537e-01   0.0000000e+00
   2.7300000e+00   4.6787785e-01   0.0000000e+00
   2.7500000e+00   4.6700891e-01   0.0000000e+00
   2.7700000e+00   4.6614901e-01   0.0000000e+00
   2.7900000e+00   4.6529815e-01   0.0000000e+00
   2.8100000e+00   4.6466254e-01   0.0000000e+00
   2.8300000e+00   4.6381036e-01   0.0000000e+00
   2.8500000e+00   4.6274161e-01   0.0000000e+00
   2.8700000e+00   4.6167285e-01   0.0000000e+00
   2.8900000e+00   4.6060410e-01   0.0000000e+00
   2.9100000e+00   4.5953534e-01   0.0000000e+00
   2.9300000e+00   4.5846659e-01   0.0000000e+00
   2.9500000e+00   4.5748231e-01   0.0000000e+00
   2.9700000e+00   4.5658251e-01   0.0000000e+00
   2.9900000e+00   4.5599585e-01   0.0000000e+00
   3.0100000e+00   4.5516814e-01   0.0000000e+00
   3.0300000e+00   4.5409938e-01   0.0000000e+00
   3.0500000e+00   4.5303063e-01   0.0000000e+00
   3.0700000e+00   4.5213854e-01   0.0000000e+00
   3.0900000e+00   4.5142312e-01   0.0000000e+00
   3.1100000e+00   4.5065207e-01   0.0000000e+00
   3.1300000e+00   4.4985218e-01   0.0000000e+00
   3.1500000e+00   4.4902344e-01   0.0000000e+00
   3.1700000e+00   4.4901676e-01   0.0000000e+00
   3.1900000e+00   4.4847904e-01   0.0000000e+00
   3.2100000e+00   4.4741028e-01   0.0000000e+00
   3.2300000e+00   4.4718364e-01   0.0000000e+00
   3.2500000e+00   4.4676592e-01   0.0000000e+00
   3.2700000e+00   4.4615715e-01   0.0000000e+00
   3.2900000e+00   4.4527612e-01   0.0000000e+00
   3.3100000e+00   4.4453288e-01   0.0000000e+00
   3.3300000e+00   4.4392745e-01   0.0000000e+00
   3.3500000e+00   4.4285869e-01   0.0000000e+00
   3.3700000e+00   4.4178994e-01   0.0000000e+00
   3.3900000e+00   4.4072118e-01   0.0000000e+00
   3.4100000e+00   4.4039664e-01   0.0000000e+00
   3.4300000e+00   4.3997893e-01   0.0000000e+00
   3.4500000e+00   4.3946805e-01   0.0000000e+00
   3.4700000e+00   4.3853807e-01   0.0000000e+00
   3.4900000e+00   4.3780589e-01   0.0000000e+00
   3.5100000e+00   4.3727152e-01   0.0000000e+00
   3.5300000e+00   4.3673714e-01   0.0000000e+00
   3.5500000e+00   4.3664259e-01   0.0000000e+00
   3.5700000e+00   4.3698786e-01   0.0000000e+00
   3.5900000e+00   4.3687592e-01   0.0000000e+00
   3.6100000e+00   4.3665601e-01   0.0000000e+00
   3.6300000e+00   4.3632813e-01   0.0000000e+00
   3.6500000e+00   4.3623829e-01   0.0000000e+00
   3.6700000e+00   4.3592619e-01   0.0000000e+00
   3.6900000e+00   4.3539181e-01   0.0000000e+00
   3.7100000e+00   4.3485743e-01   0.0000000e+00
   3.7300000e+00   4.3432306e-01   0.0000000e+00
   3.7500000e+00   4.3378868e-01   0.0000000e+00
   3.7700000e+00   4.3298009e-01   0.0000000e+00
   3.7900000e+00   4.3204141e-01   0.0000000e+00
   2.1300000e+00   7.3895694e-01   1.0000000e+00
   2.1500000e+00   7.3688312e-01   1.0000000e+00
   2.1700000e+00   7.3504465e-01   1.0000000e+00
   2.1900000e+00   7.3344152e-01   1.0000000e+00
   2.2100000e+00   7.3135699e-01   1.0000000e+00
   2.2300000e+00   7.2906360e-01   1.0000000e+00
   2.2500000e+00   7.2656135e-01   1.0000000e+00
   2.2700000e+00   7.2413754e-01   1.0000000e+00
   2.2900000e+00   7.2179118e-01   1.0000000e+00
   2.3100000e+00   7.1952226e-01   1.0000000e+00
   2.3300000e+00   7.1687986e-01   1.0000000e+00
   2.3500000e+00   7.1475709e-01   1.0000000e+00
   2.3700000e+00   7.1315396e-01   1.0000000e+00
   2.3900000e+00   7.1155083e-01   1.0000000e+00
   2.4100000e+00   7.1010560e-01   1.0000000e+00
   2.4300000e+00   7.0881826e-01   1.0000000e+00
   2.4500000e+00   7.0774950e-01   1.0000000e+00
   2.4700000e+00   7.0668075e-01   1.0000000e+00
   2.4900000e+00   7.0561199e-01   1.0000000e+00
   2.5100000e+00   7.0454324e-01   1.0000000e+00
   2.5300000e+00   7.0347448e-01   1.0000000e+00
   2.5500000e+00   7.0240573e-01   1.0000000e+00
   2.5700000e+00   7.0133698e-01   1.0000000e+00
   2.5900000e+00   7.0000138e-01   1.0000000e+00
   2.6100000e+00   6.9839894e-01   1.0000000e+00
   2.6300000e+00   6.9656179e-01   1.0000000e+00
   2.6500000e+00   6.9507532e-01   1.0000000e+00
   2.6700000e+00   6.9393954e-01   1.0000000e+00
   2.6900000e+00   6.9180203e-01   1.0000000e+00
   2.7100000e+00   6.8989013e-01   1.0000000e+00
   2.7300000e+00   6.8820385e-01   1.0000000e+00
   2.7500000e+00   6.8660072e-01   1.0000000e+00
   2.7700000e+00   6.8510654e-01   1.0000000e+00
   2.7900000e+00   6.8372131e-01   1.0000000e+00
   2.8100000e+00   6.8275379e-01   1.0000000e+00
   2.8300000e+00   6.8200284e-01   1.0000000e+00
   2.8500000e+00   6.8146846e-01   1.0000000e+00
   2.8700000e+00   6.8145303e-01   1.0000000e+00
