   6.0000000e-01   9.7663079e-01   0.0000000e+00
   6.2000000e-01   9.5652900e-01   0.0000000e+00
   6.4000000e-01   9.3331078e-01   0.0000000e+00
   6.6000000e-01   9.0697612e-01   0.0000000e+00
   6.8000000e-01   8.7865414e-01   0.0000000e+00
   7.0000000e-01   8.5283607e-01   0.0000000e+00
   7.2000000e-01   8.2952192e-01   0.0000000e+00
   7.4000000e-01   8.0877105e-01   0.0000000e+00
   7.6000000e-01   7.8950831e-01   0.0000000e+00
   7.8000000e-01   7.7173371e-01   0.0000000e+00
   8.0000000e-01   7.5677115e-01   0.0000000e+00
   8.2000000e-01   7.4180860e-01   0.0000000e+00
   8.4000000e-01   7.2684604e-01   0.0000000e+00
   8.6000000e-01   7.1659027e-01   0.0000000e+00
   8.8000000e-01   7.0699526e-01   0.0000000e+00
   9.0000000e-01   6.9806103e-01   0.0000000e+00
   9.2000000e-01   6.9037994e-01   0.0000000e+00
   9.4000000e-01   6.8315243e-01   0.0000000e+00
   9.6000000e-01   6.7637851e-01   0.0000000e+00
   9.8000000e-01   6.7007862e-01   0.0000000e+00
   1.0000000e+00   6.6425679e-01   0.0000000e+00
   1.0200000e+00   6.5891302e-01   0.0000000e+00
   1.0400000e+00   6.5356925e-01   0.0000000e+00
   1.0600000e+00   6.4822548e-01   0.0000000e+00
   1.0800000e+00   6.4288171e-01   0.0000000e+00
   1.1000000e+00   6.3801934e-01   0.0000000e+00
   1.1200000e+00   6.3338863e-01   0.0000000e+00
   1.1400000e+00   6.2898958e-01   0.0000000e+00
   1.1600000e+00   6.2418756e-01   0.0000000e+00
   1.1800000e+00   6.1964904e-01   0.0000000e+00
   1.2000000e+00   6.1537402e-01   0.0000000e+00
   1.2200000e+00   6.1109901e-01   0.0000000e+00
   1.2400000e+00   6.0713241e-01   0.0000000e+00
   1.2600000e+00   6.0347423e-01   0.0000000e+00
   1.2800000e+00   6.0007621e-01   0.0000000e+00
   1.3000000e+00   5.9646934e-01   0.0000000e+00
   1.3200000e+00   5.9265361e-01   0.0000000e+00
   1.3400000e+00   5.8837860e-01   0.0000000e+00
   1.3600000e+00   5.8459638e-01   0.0000000e+00
   1.3800000e+00   5.8130697e-01   0.0000000e+00
   1.4000000e+00   5.7810071e-01   0.0000000e+00
   1.4200000e+00   5.7502418e-01   0.0000000e+00
   1.4400000e+00   5.7207739e-01   0.0000000e+00
   1.4600000e+00   5.6940551e-01   0.0000000e+00
   1.4800000e+00   5.6673362e-01   0.0000000e+00
   1.5000000e+00   5.6406174e-01   0.0000000e+00
   1.5200000e+00   5.6138985e-01   0.0000000e+00
   1.5400000e+00   5.5893989e-01   0.0000000e+00
   1.5600000e+00   5.5671186e-01   0.0000000e+00
   1.5800000e+00   5.5457436e-01   0.0000000e+00
   1.6000000e+00   5.5254211e-01   0.0000000e+00
   1.6200000e+00   5.5061513e-01   0.0000000e+00
   1.6400000e+00   5.4891814e-01   0.0000000e+00
   1.6600000e+00   5.4700089e-01   0.0000000e+00
   1.6800000e+00   5.4486338e-01   0.0000000e+00
   1.7000000e+00   5.4272587e-01   0.0000000e+00
   1.7200000e+00   5.4078582e-01   0.0000000e+00
   1.7400000e+00   5.3904322e-01   0.0000000e+00
   1.7600000e+00   5.3744009e-01   0.0000000e+00
   1.7800000e+00   5.3575617e-01   0.0000000e+00
   1.8000000e+00   5.3399145e-01   0.0000000e+00
   1.8200000e+00   5.3185395e-01   0.0000000e+00
   1.8400000e+00   5.2971644e-01   0.0000000e+00
   1.8600000e+00   5.2757893e-01   0.0000000e+00
   1.8800000e+00   5.2497879e-01   0.0000000e+00
   1.9000000e+00   5.2251576e-01   0.0000000e+00
   1.9200000e+00   5.2018984e-01   0.0000000e+00
   1.9400000e+00   5.1828163e-01   0.0000000e+00
   1.9600000e+00   5.1646965e-01   0.0000000e+00
   1.9800000e+00   5.1475388e-01   0.0000000e+00
   2.0000000e+00   5.1261637e-01   0.0000000e+00
   2.0200000e+00   5.1047886e-01   0.0000000e+00
   2.0400000e+00   5.0834136e-01   0.0000000e+00
   2.0600000e+00   5.0661753e-01   0.0000000e+00
   2.0800000e+00   5.0480554e-01   0.0000000e+00
   2.1000000e+00   5.0290539e-01   0.0000000e+00
   2.1200000e+00   5.0112859e-01   0.0000000e+00
   2.1400000e+00   4.9964213e-01   0.0000000e+00
   2.1600000e+00   4.9844599e-01   0.0000000e+00
   2.1800000e+00   4.9630849e-01   0.0000000e+00
   2.2000000e+00   4.9441168e-01   0.0000000e+00
   2.2200000e+00   4.9275557e-01   0.0000000e+00
   2.2400000e+00   4.9115244e-01   0.0000000e+00
   2.2600000e+00   4.8954931e-01   0.0000000e+00
   2.2800000e+00   4.8794618e-01   0.0000000e+00
   2.3000000e+00   4.8647445e-01   0.0000000e+00
   2.3200000e+00   4.8519684e-01   0.0000000e+00
   2.3400000e+00   4.8411335e-01   0.0000000e+00
   2.3600000e+00   4.8251022e-01   0.0000000e+00
   2.3800000e+00   4.8112331e-01   0.0000000e+00
   2.4000000e+00   4.7995264e-01   0.0000000e+00
   2.4200000e+00   4.7856809e-01   0.0000000e+00
   2.4400000e+00   4.7697469e-01   0.0000000e+00
   2.4600000e+00   4.7517244e-01   0.0000000e+00
   2.4800000e+00   4.7311739e-01   0.0000000e+00
   2.5000000e+00   4.7128830e-01   0.0000000e+00
   2.5200000e+00   4.6968517e-01   0.0000000e+00
   2.5400000e+00   4.6858221e-01   0.0000000e+00
   2.5600000e+00   4.6711284e-01   0.0000000e+00
   2.5800000e+00   4.6527707e-01   0.0000000e+00
   2.6000000e+00   4.6367325e-01   0.0000000e+00
   2.6200000e+00   4.6233697e-01   0.0000000e+00
   2.6400000e+00   4.6126821e-01   0.0000000e+00
   2.6600000e+00   4.6016594e-01   0.0000000e+00
   2.6800000e+00   4.5881324e-01   0.0000000e+00
   2.7000000e+00   4.5721011e-01   0.0000000e+00
   2.7200000e+00   4.5605821e-01   0.0000000e+00
   2.7400000e+00   4.5494788e-01   0.0000000e+00
   2.7600000e+00   4.5387912e-01   0.0000000e+00
   2.7800000e+00   4.5281037e-01   0.0000000e+00
   2.8000000e+00   4.5174162e-01   0.0000000e+00
   2.8200000e+00   4.5067286e-01   0.0000000e+00
   2.8400000e+00   4.4960411e-01   0.0000000e+00
   2.8600000e+00   4.4879483e-01   0.0000000e+00
   2.8800000e+00   4.4824502e-01   0.0000000e+00
   2.9000000e+00   4.4771064e-01   0.0000000e+00
   2.9200000e+00   4.4703346e-01   0.0000000e+00
   2.9400000e+00   4.4621346e-01   0.0000000e+00
   2.9600000e+00   4.4514471e-01   0.0000000e+00
   2.9800000e+00   4.4407596e-01   0.0000000e+00
   3.0000000e+00   4.4300720e-01   0.0000000e+00
   3.0200000e+00   4.4193845e-01   0.0000000e+00
   3.0400000e+00   4.4086969e-01   0.0000000e+00
   3.0600000e+00   4.3980094e-01   0.0000000e+00
   3.0800000e+00   4.3873218e-01   0.0000000e+00
   3.1000000e+00   4.3778177e-01   0.0000000e+00
   3.1200000e+00   4.3694968e-01   0.0000000e+00
   3.1400000e+00   4.3617529e-01   0.0000000e+00
   3.1600000e+00   4.3498987e-01   0.0000000e+00
   3.1800000e+00   4.3339343e-01   0.0000000e+00
   3.2000000e+00   4.3285905e-01   0.0000000e+00
   3.2200000e+00   4.3190362e-01   0.0000000e+00
   3.2400000e+00   4.3052713e-01   0.0000000e+00
   3.2600000e+00   4.2953278e-01   0.0000000e+00
   3.2800000e+00   4.2867455e-01   0.0000000e+00
   3.3000000e+00   4.2795245e-01   0.0000000e+00
   3.3200000e+00   4.2688370e-01   0.0000000e+00
   3.3400000e+00   4.2581494e-01   0.0000000e+00
   3.3600000e+00   4.2474619e-01   0.0000000e+00
   3.3800000e+00   4.2416621e-01   0.0000000e+00
   3.4000000e+00   4.2342297e-01   0.0000000e+00
   3.4200000e+00   4.2251649e-01   0.0000000e+00
   3.4400000e+00   4.2195862e-01   0.0000000e+00
   3.4600000e+00   4.2154091e-01   0.0000000e+00
   3.4800000e+00   4.2126335e-01   0.0000000e+00
   3.5000000e+00   4.2021671e-01   0.0000000e+00
   3.5200000e+00   4.1942620e-01   0.0000000e+00
   3.5400000e+00   4.1889183e-01   0.0000000e+00
   3.5600000e+00   4.1791762e-01   0.0000000e+00
   3.5800000e+00   4.1705773e-01   0.0000000e+00
   3.6000000e+00   4.1631213e-01   0.0000000e+00
   3.6200000e+00   4.1557126e-01   0.0000000e+00
   3.6400000e+00   4.1471136e-01   0.0000000e+00
   3.6600000e+00   4.1373244e-01   0.0000000e+00
   3.6800000e+00   4.1319806e-01   0.0000000e+00
   3.7000000e+00   4.1266369e-01   0.0000000e+00
   3.7200000e+00   4.1212931e-01   0.0000000e+00
   3.7400000e+00   4.1315845e-01   0.0000000e+00
   2.0100000e+00   7.8790271e-01   1.0000000e+00
   2.0300000e+00   7.8577327e-01   1.0000000e+00
   2.0500000e+00   7.8384663e-01   1.0000000e+00
   2.0700000e+00   7.8212280e-01   1.0000000e+00
   2.0900000e+00   7.7962862e-01   1.0000000e+00
   2.1100000e+00   7.7695875e-01   1.0000000e+00
   2.1300000e+00   7.7411319e-01   1.0000000e+00
   2.1500000e+00   7.7197569e-01   1.0000000e+00
   2.1700000e+00   7.6983818e-01   1.0000000e+00
   2.1900000e+00   7.6770067e-01   1.0000000e+00
   2.2100000e+00   7.6508176e-01   1.0000000e+00
   2.2300000e+00   7.6261873e-01   1.0000000e+00
   2.2500000e+00   7.6031158e-01   1.0000000e+00
   2.2700000e+00   7.5867022e-01   1.0000000e+00
   2.2900000e+00   7.5724945e-01   1.0000000e+00
   2.3100000e+00   7.5604929e-01   1.0000000e+00
   2.3300000e+00   7.5443142e-01   1.0000000e+00
   2.3500000e+00   7.5255373e-01   1.0000000e+00
   2.3700000e+00   7.5041622e-01   1.0000000e+00
   2.3900000e+00   7.4827871e-01   1.0000000e+00
   2.4100000e+00   7.4629910e-01   1.0000000e+00
   2.4300000e+00   7.4447738e-01   1.0000000e+00
   2.4500000e+00   7.4267513e-01   1.0000000e+00
   2.4700000e+00   7.4070524e-01   1.0000000e+00
   2.4900000e+00   7.3856773e-01   1.0000000e+00
   2.5100000e+00   7.3643023e-01   1.0000000e+00
   2.5300000e+00   7.3404263e-01   1.0000000e+00
   2.5500000e+00   7.3140495e-01   1.0000000e+00
   2.5700000e+00   7.2950008e-01   1.0000000e+00
   2.5900000e+00   7.2787951e-01   1.0000000e+00
   2.6100000e+00   7.2654322e-01   1.0000000e+00
   2.6300000e+00   7.2517411e-01   1.0000000e+00
   2.6500000e+00   7.2347107e-01   1.0000000e+00
   2.6700000e+00   7.2143410e-01   1.0000000e+00
   2.6900000e+00   7.2089973e-01   1.0000000e+00
   2.7100000e+00   7.1991412e-01   1.0000000e+00
   2.7300000e+00   7.1847729e-01   1.0000000e+00
   2.7500000e+00   7.1687416e-01   1.0000000e+00
   2.7700000e+00   7.1516208e-01   1.0000000e+00
   2.7900000e+00   7.1334105e-01   1.0000000e+00
   2.8100000e+00   7.1130478e-01   1.0000000e+00
   2.8300000e+00   7.0948507e-01   1.0000000e+00
   2.8500000e+00   7.0788194e-01   1.0000000e+00
   2.8700000e+00   7.0524092e-01   1.0000000e+00
   2.8900000e+00   7.0298675e-01   1.0000000e+00
   2.9100000e+00   7.0111942e-01   1.0000000e+00
   2.9300000e+00   6.9980191e-01   1.0000000e+00
   2.9500000e+00   6.9852430e-01   1.0000000e+00
   2.9700000e+00   6.9728659e-01   1.0000000e+00
   2.9900000e+00   6.9573575e-01   1.0000000e+00
   3.0100000e+00   6.9442595e-01   1.0000000e+00
   3.0300000e+00   6.9335720e-01   1.0000000e+00
   3.0500000e+00   6.9181844e-01   1.0000000e+00
   3.0700000e+00   6.9042417e-01   1.0000000e+00
   3.0900000e+00   6.8917437e-01   1.0000000e+00
   3.1100000e+00   6.8786895e-01   1.0000000e+00
   3.1300000e+00   6.8635466e-01   1.0000000e+00
   3.1500000e+00   6.8463153e-01   1.0000000e+00
   3.1700000e+00   6.8249402e-01   1.0000000e+00
   3.1900000e+00   6.8035651e-01   1.0000000e+00
   3.2100000e+00   6.7821900e-01   1.0000000e+00
   3.2300000e+00   6.7566044e-01   1.0000000e+00
   3.2500000e+00   6.7334961e-01   1.0000000e+00
   3.2700000e+00   6.7128650e-01   1.0000000e+00
   3.2900000e+00   6.6968337e-01   1.0000000e+00
