   6.0000000e-01   9.2405328e-01   0.0000000e+00
   6.2000000e-01   9.0867842e-01   0.0000000e+00
   6.4000000e-01   8.8937048e-01   0.0000000e+00
   6.6000000e-01   8.6612945e-01   0.0000000e+00
   6.8000000e-01   8.3941060e-01   0.0000000e+00
   7.0000000e-01   8.1451277e-01   0.0000000e+00
   7.2000000e-01   7.9143598e-01   0.0000000e+00
   7.4000000e-01   7.7203948e-01   0.0000000e+00
   7.6000000e-01   7.5452268e-01   0.0000000e+00
   7.8000000e-01   7.3888559e-01   0.0000000e+00
   8.0000000e-01   7.2553423e-01   0.0000000e+00
   8.2000000e-01   7.1111008e-01   0.0000000e+00
   8.4000000e-01   6.9561314e-01   0.0000000e+00
   8.6000000e-01   6.8325406e-01   0.0000000e+00
   8.8000000e-01   6.7174181e-01   0.0000000e+00
   9.0000000e-01   6.6107638e-01   0.0000000e+00
   9.2000000e-01   6.5266110e-01   0.0000000e+00
   9.4000000e-01   6.4506650e-01   0.0000000e+00
   9.6000000e-01   6.3829258e-01   0.0000000e+00
   9.8000000e-01   6.3193637e-01   0.0000000e+00
   1.0000000e+00   6.2581919e-01   0.0000000e+00
   1.0200000e+00   6.1994104e-01   0.0000000e+00
   1.0400000e+00   6.1453693e-01   0.0000000e+00
   1.0600000e+00   6.0916298e-01   0.0000000e+00
   1.0800000e+00   6.0381921e-01   0.0000000e+00
   1.1000000e+00   5.9895684e-01   0.0000000e+00
   1.1200000e+00   5.9432613e-01   0.0000000e+00
   1.1400000e+00   5.8992708e-01   0.0000000e+00
   1.1600000e+00   5.8511031e-01   0.0000000e+00
   1.1800000e+00   5.8003005e-01   0.0000000e+00
   1.2000000e+00   5.7468628e-01   0.0000000e+00
   1.2200000e+00   5.7061776e-01   0.0000000e+00
   1.2400000e+00   5.6625055e-01   0.0000000e+00
   1.2600000e+00   5.6158465e-01   0.0000000e+00
   1.2800000e+00   5.5624088e-01   0.0000000e+00
   1.3000000e+00   5.5097220e-01   0.0000000e+00
   1.3200000e+00   5.4577861e-01   0.0000000e+00
   1.3400000e+00   5.4150360e-01   0.0000000e+00
   1.3600000e+00   5.3722858e-01   0.0000000e+00
   1.3800000e+00   5.3295356e-01   0.0000000e+00
   1.4000000e+00   5.2867855e-01   0.0000000e+00
   1.4200000e+00   5.2453327e-01   0.0000000e+00
   1.4400000e+00   5.2051772e-01   0.0000000e+00
   1.4600000e+00   5.1691989e-01   0.0000000e+00
   1.4800000e+00   5.1353092e-01   0.0000000e+00
   1.5000000e+00   5.1035080e-01   0.0000000e+00
   1.5200000e+00   5.0767891e-01   0.0000000e+00
   1.5400000e+00   5.0478510e-01   0.0000000e+00
   1.5600000e+00   5.0166936e-01   0.0000000e+00
   1.5800000e+00   4.9879029e-01   0.0000000e+00
   1.6000000e+00   4.9622534e-01   0.0000000e+00
   1.6200000e+00   4.9397451e-01   0.0000000e+00
   1.6400000e+00   4.9227751e-01   0.0000000e+00
   1.6600000e+00   4.9036026e-01   0.0000000e+00
   1.6800000e+00   4.8822275e-01   0.0000000e+00
   1.7000000e+00   4.8608524e-01   0.0000000e+00
   1.7200000e+00   4.8414519e-01   0.0000000e+00
   1.7400000e+00   4.8240259e-01   0.0000000e+00
   1.7600000e+00   4.8107771e-01   0.0000000e+00
   1.7800000e+00   4.7980010e-01   0.0000000e+00
   1.8000000e+00   4.7856976e-01   0.0000000e+00
   1.8200000e+00   4.7701155e-01   0.0000000e+00
   1.8400000e+00   4.7569806e-01   0.0000000e+00
   1.8600000e+00   4.7462931e-01   0.0000000e+00
   1.8800000e+00   4.7309793e-01   0.0000000e+00
   1.9000000e+00   4.7170365e-01   0.0000000e+00
   1.9200000e+00   4.7044648e-01   0.0000000e+00
   1.9400000e+00   4.6937773e-01   0.0000000e+00
   1.9600000e+00   4.6825266e-01   0.0000000e+00
   1.9800000e+00   4.6707127e-01   0.0000000e+00
   2.0000000e+00   4.6546814e-01   0.0000000e+00
   2.0200000e+00   4.6413018e-01   0.0000000e+00
   2.0400000e+00   4.6305740e-01   0.0000000e+00
   2.0600000e+00   4.6157496e-01   0.0000000e+00
   2.0800000e+00   4.6003218e-01   0.0000000e+00
   2.1000000e+00   4.5842904e-01   0.0000000e+00
   2.1200000e+00   4.5700627e-01   0.0000000e+00
   2.1400000e+00   4.5576050e-01   0.0000000e+00
   2.1600000e+00   4.5469175e-01   0.0000000e+00
   2.1800000e+00   4.5362299e-01   0.0000000e+00
   2.2000000e+00   4.5255424e-01   0.0000000e+00
   2.2200000e+00   4.5148549e-01   0.0000000e+00
   2.2400000e+00   4.5041673e-01   0.0000000e+00
   2.2600000e+00   4.4934798e-01   0.0000000e+00
   2.2800000e+00   4.4827922e-01   0.0000000e+00
   2.3000000e+00   4.4734188e-01   0.0000000e+00
   2.3200000e+00   4.4660601e-01   0.0000000e+00
   2.3400000e+00   4.4607164e-01   0.0000000e+00
   2.3600000e+00   4.4553726e-01   0.0000000e+00
   2.3800000e+00   4.4500288e-01   0.0000000e+00
   2.4000000e+00   4.4446851e-01   0.0000000e+00
   2.4200000e+00   4.4393413e-01   0.0000000e+00
   2.4400000e+00   4.4349931e-01   0.0000000e+00
   2.4600000e+00   4.4316406e-01   0.0000000e+00
   2.4800000e+00   4.4308160e-01   0.0000000e+00
   2.5000000e+00   4.4277318e-01   0.0000000e+00
   2.5200000e+00   4.4223881e-01   0.0000000e+00
   2.5400000e+00   4.4120426e-01   0.0000000e+00
   2.5600000e+00   4.4099153e-01   0.0000000e+00
   2.5800000e+00   4.4160062e-01   0.0000000e+00
   2.6000000e+00   4.4286977e-01   0.0000000e+00
   2.6200000e+00   4.4413892e-01   0.0000000e+00
   2.6400000e+00   4.4540806e-01   0.0000000e+00
   2.6600000e+00   4.4667721e-01   0.0000000e+00
   2.6800000e+00   4.4794635e-01   0.0000000e+00
   2.7000000e+00   4.4921550e-01   0.0000000e+00
   2.7200000e+00   4.5048464e-01   0.0000000e+00
   2.7400000e+00   4.5175379e-01   0.0000000e+00
   2.7600000e+00   4.5302293e-01   0.0000000e+00
   2.7800000e+00   4.5429208e-01   0.0000000e+00
   2.8000000e+00   4.5556122e-01   0.0000000e+00
   2.8200000e+00   4.5683037e-01   0.0000000e+00
   2.8400000e+00   4.5809952e-01   0.0000000e+00
   2.8600000e+00   4.5927136e-01   0.0000000e+00
   2.8800000e+00   4.6034590e-01   0.0000000e+00
   2.9000000e+00   4.6020781e-01   0.0000000e+00
   2.9200000e+00   4.5987158e-01   0.0000000e+00
   2.9400000e+00   4.5933720e-01   0.0000000e+00
   2.9600000e+00   4.5880282e-01   0.0000000e+00
   2.9800000e+00   4.5824230e-01   0.0000000e+00
   3.0000000e+00   4.5765564e-01   0.0000000e+00
   3.0200000e+00   4.5658688e-01   0.0000000e+00
   3.0400000e+00   4.5598813e-01   0.0000000e+00
   3.0600000e+00   4.5585938e-01   0.0000000e+00
   3.0800000e+00   4.5550604e-01   0.0000000e+00
   3.1000000e+00   4.5506218e-01   0.0000000e+00
   3.1200000e+00   4.5452781e-01   0.0000000e+00
   3.1400000e+00   4.5411344e-01   0.0000000e+00
   3.1600000e+00   4.5390625e-01   0.0000000e+00
   3.1800000e+00   4.5390625e-01   0.0000000e+00
   3.2000000e+00   4.5390625e-01   0.0000000e+00
   3.2200000e+00   4.5369572e-01   0.0000000e+00
   3.2400000e+00   4.5327467e-01   0.0000000e+00
   3.2600000e+00   4.5243590e-01   0.0000000e+00
   3.2800000e+00   4.5166987e-01   0.0000000e+00
   3.3000000e+00   4.5097656e-01   0.0000000e+00
   3.3200000e+00   4.5083444e-01   0.0000000e+00
   3.3400000e+00   4.5022901e-01   0.0000000e+00
   3.3600000e+00   4.4916025e-01   0.0000000e+00
   3.3800000e+00   4.4858027e-01   0.0000000e+00
   3.4000000e+00   4.4802309e-01   0.0000000e+00
   3.4200000e+00   4.4748871e-01   0.0000000e+00
   3.4400000e+00   4.4720978e-01   0.0000000e+00
   3.4600000e+00   4.4713970e-01   0.0000000e+00
   3.4800000e+00   4.4727848e-01   0.0000000e+00
   3.5000000e+00   4.4779074e-01   0.0000000e+00
   3.5200000e+00   4.4804688e-01   0.0000000e+00
   3.5400000e+00   4.4804688e-01   0.0000000e+00
   3.5600000e+00   4.4848670e-01   0.0000000e+00
   2.0400000e+00   7.1537261e-01   1.0000000e+00
   2.0600000e+00   7.1199405e-01   1.0000000e+00
   2.0800000e+00   7.0873147e-01   1.0000000e+00
   2.1000000e+00   7.0558487e-01   1.0000000e+00
   2.1200000e+00   7.0273263e-01   1.0000000e+00
   2.1400000e+00   6.9973522e-01   1.0000000e+00
   2.1600000e+00   6.9659265e-01   1.0000000e+00
   2.1800000e+00   6.9392076e-01   1.0000000e+00
   2.2000000e+00   6.9148958e-01   1.0000000e+00
   2.2200000e+00   6.8929909e-01   1.0000000e+00
   2.2400000e+00   6.8679685e-01   1.0000000e+00
   2.2600000e+00   6.8433382e-01   1.0000000e+00
   2.2800000e+00   6.8191001e-01   1.0000000e+00
   2.3000000e+00   6.7990391e-01   1.0000000e+00
   2.3200000e+00   6.7810666e-01   1.0000000e+00
   2.3400000e+00   6.7651827e-01   1.0000000e+00
   2.3600000e+00   6.7544952e-01   1.0000000e+00
   2.3800000e+00   6.7394831e-01   1.0000000e+00
   2.4000000e+00   6.7201465e-01   1.0000000e+00
   2.4200000e+00   6.7019293e-01   1.0000000e+00
   2.4400000e+00   6.6858007e-01   1.0000000e+00
   2.4600000e+00   6.6717606e-01   1.0000000e+00
   2.4800000e+00   6.6602485e-01   1.0000000e+00
   2.5000000e+00   6.6464767e-01   1.0000000e+00
   2.5200000e+00   6.6304454e-01   1.0000000e+00
   2.5400000e+00   6.6194158e-01   1.0000000e+00
   2.5600000e+00   6.6047222e-01   1.0000000e+00
   2.5800000e+00   6.5863645e-01   1.0000000e+00
   2.6000000e+00   6.5676578e-01   1.0000000e+00
   2.6200000e+00   6.5495380e-01   1.0000000e+00
   2.6400000e+00   6.5320049e-01   1.0000000e+00
   2.6600000e+00   6.5102946e-01   1.0000000e+00
   2.6800000e+00   6.4860801e-01   1.0000000e+00
   2.7000000e+00   6.4593612e-01   1.0000000e+00
   2.7200000e+00   6.4416669e-01   1.0000000e+00
   2.7400000e+00   6.4231313e-01   1.0000000e+00
   2.7600000e+00   6.4037544e-01   1.0000000e+00
   2.7800000e+00   6.3823793e-01   1.0000000e+00
   2.8000000e+00   6.3615104e-01   1.0000000e+00
   2.8200000e+00   6.3411476e-01   1.0000000e+00
   2.8400000e+00   6.3251163e-01   1.0000000e+00
   2.8600000e+00   6.3064903e-01   1.0000000e+00
   2.8800000e+00   6.2852695e-01   1.0000000e+00
   2.9000000e+00   6.2679172e-01   1.0000000e+00
   2.9200000e+00   6.2526535e-01   1.0000000e+00
   2.9400000e+00   6.2394784e-01   1.0000000e+00
   2.9600000e+00   6.2271013e-01   1.0000000e+00
   2.9800000e+00   6.2131586e-01   1.0000000e+00
   3.0000000e+00   6.1976501e-01   1.0000000e+00
   3.0200000e+00   6.1869626e-01   1.0000000e+00
   3.0400000e+00   6.1786250e-01   1.0000000e+00
   3.0600000e+00   6.1726375e-01   1.0000000e+00
   3.0800000e+00   6.1637604e-01   1.0000000e+00
   3.1000000e+00   6.1527947e-01   1.0000000e+00
   3.1200000e+00   6.1397405e-01   1.0000000e+00
   3.1400000e+00   6.1261093e-01   1.0000000e+00
   2.7900000e+00   7.4719389e-01   2.0000000e+00
   2.8100000e+00   7.4452201e-01   2.0000000e+00
   2.8300000e+00   7.4185012e-01   2.0000000e+00
   2.8500000e+00   7.3917824e-01   2.0000000e+00
   2.8700000e+00   7.3806319e-01   2.0000000e+00
   2.8900000e+00   7.3656900e-01   2.0000000e+00
   2.9100000e+00   7.3469569e-01   2.0000000e+00
   2.9300000e+00   7.3170133e-01   2.0000000e+00
   2.9500000e+00   7.2858726e-01   2.0000000e+00
   2.9700000e+00   7.2535348e-01   2.0000000e+00
   2.9900000e+00   7.2316368e-01   2.0000000e+00
   3.0100000e+00   7.2073284e-01   2.0000000e+00
   3.0300000e+00   7.1806096e-01   2.0000000e+00
   3.0500000e+00   7.1585907e-01   2.0000000e+00
   3.0700000e+00   7.1386604e-01   2.0000000e+00
   3.0900000e+00   7.1208187e-01   2.0000000e+00
   3.1100000e+00   7.1071541e-01   2.0000000e+00
