   6.1000000e-01   9.4949723e-01   0.0000000e+00
   6.3000000e-01   9.3511937e-01   0.0000000e+00
   6.5000000e-01   9.1390322e-01   0.0000000e+00
   6.7000000e-01   8.9020290e-01   0.0000000e+00
   6.9000000e-01   8.6401843e-01   0.0000000e+00
   7.1000000e-01   8.4147601e-01   0.0000000e+00
   7.3000000e-01   8.2026585e-01   0.0000000e+00
   7.5000000e-01   8.0038795e-01   0.0000000e+00
   7.7000000e-01   7.8368211e-01   0.0000000e+00
   7.9000000e-01   7.6822439e-01   0.0000000e+00
   8.1000000e-01   7.5401479e-01   0.0000000e+00
   8.3000000e-01   7.3851786e-01   0.0000000e+00
   8.5000000e-01   7.2432836e-01   0.0000000e+00
   8.7000000e-01   7.1144631e-01   0.0000000e+00
   8.9000000e-01   6.9821495e-01   0.0000000e+00
   9.1000000e-01   6.8607814e-01   0.0000000e+00
   9.3000000e-01   6.7503589e-01   0.0000000e+00
   9.5000000e-01   6.6647042e-01   0.0000000e+00
   9.7000000e-01   6.5850337e-01   0.0000000e+00
   9.9000000e-01   6.5113473e-01   0.0000000e+00
   1.0100000e+00   6.4472220e-01   0.0000000e+00
   1.0300000e+00   6.3807266e-01   0.0000000e+00
   1.0500000e+00   6.3118611e-01   0.0000000e+00
   1.0700000e+00   6.2566867e-01   0.0000000e+00
   1.0900000e+00   6.2038490e-01   0.0000000e+00
   1.1100000e+00   6.1533481e-01   0.0000000e+00
   1.1300000e+00   6.1011507e-01   0.0000000e+00
   1.1500000e+00   6.0510051e-01   0.0000000e+00
   1.1700000e+00   6.0029111e-01   0.0000000e+00
   1.1900000e+00   5.9548172e-01   0.0000000e+00
   1.2100000e+00   5.9088487e-01   0.0000000e+00
   1.2300000e+00   5.8650056e-01   0.0000000e+00
   1.2500000e+00   5.8222554e-01   0.0000000e+00
   1.2700000e+00   5.7785465e-01   0.0000000e+00
   1.2900000e+00   5.7338788e-01   0.0000000e+00
   1.3100000e+00   5.6865358e-01   0.0000000e+00
   1.3300000e+00   5.6414892e-01   0.0000000e+00
   1.3500000e+00   5.5987390e-01   0.0000000e+00
   1.3700000e+00   5.5510608e-01   0.0000000e+00
   1.3900000e+00   5.5031748e-01   0.0000000e+00
   1.4100000e+00   5.4550808e-01   0.0000000e+00
   1.4300000e+00   5.4069869e-01   0.0000000e+00
   1.4500000e+00   5.3596070e-01   0.0000000e+00
   1.4700000e+00   5.3129411e-01   0.0000000e+00
   1.4900000e+00   5.2699295e-01   0.0000000e+00
   1.5100000e+00   5.2243768e-01   0.0000000e+00
   1.5300000e+00   5.1762828e-01   0.0000000e+00
   1.5500000e+00   5.1370660e-01   0.0000000e+00
   1.5700000e+00   5.0987544e-01   0.0000000e+00
   1.5900000e+00   5.0613480e-01   0.0000000e+00
   1.6100000e+00   5.0281522e-01   0.0000000e+00
   1.6300000e+00   4.9981948e-01   0.0000000e+00
   1.6500000e+00   4.9714760e-01   0.0000000e+00
   1.6700000e+00   4.9447571e-01   0.0000000e+00
   1.6900000e+00   4.9205961e-01   0.0000000e+00
   1.7100000e+00   4.8989930e-01   0.0000000e+00
   1.7300000e+00   4.8736689e-01   0.0000000e+00
   1.7500000e+00   4.8504298e-01   0.0000000e+00
   1.7700000e+00   4.8292758e-01   0.0000000e+00
   1.7900000e+00   4.8148603e-01   0.0000000e+00
   1.8100000e+00   4.8023088e-01   0.0000000e+00
   1.8300000e+00   4.7916213e-01   0.0000000e+00
   1.8500000e+00   4.7809337e-01   0.0000000e+00
   1.8700000e+00   4.7702462e-01   0.0000000e+00
   1.8900000e+00   4.7595586e-01   0.0000000e+00
   1.9100000e+00   4.7488711e-01   0.0000000e+00
   1.9300000e+00   4.7393301e-01   0.0000000e+00
   1.9500000e+00   4.7309355e-01   0.0000000e+00
   1.9700000e+00   4.7244654e-01   0.0000000e+00
   1.9900000e+00   4.7158866e-01   0.0000000e+00
   2.0100000e+00   4.7051990e-01   0.0000000e+00
   2.0300000e+00   4.6945115e-01   0.0000000e+00
   2.0500000e+00   4.6838240e-01   0.0000000e+00
   2.0700000e+00   4.6731364e-01   0.0000000e+00
   2.0900000e+00   4.6654190e-01   0.0000000e+00
   2.1100000e+00   4.6588885e-01   0.0000000e+00
   2.1300000e+00   4.6535447e-01   0.0000000e+00
   2.1500000e+00   4.6482009e-01   0.0000000e+00
   2.1700000e+00   4.6428572e-01   0.0000000e+00
   2.1900000e+00   4.6375134e-01   0.0000000e+00
   2.2100000e+00   4.6321696e-01   0.0000000e+00
   2.2300000e+00   4.6286495e-01   0.0000000e+00
   2.2500000e+00   4.6269531e-01   0.0000000e+00
   2.2700000e+00   4.6294338e-01   0.0000000e+00
   2.2900000e+00   4.6333461e-01   0.0000000e+00
   2.3100000e+00   4.6386899e-01   0.0000000e+00
   2.3300000e+00   4.6441810e-01   0.0000000e+00
   2.3500000e+00   4.6522704e-01   0.0000000e+00
   2.3700000e+00   4.6629580e-01   0.0000000e+00
   2.3900000e+00   4.6779700e-01   0.0000000e+00
   2.4100000e+00   4.6903338e-01   0.0000000e+00
   2.4300000e+00   4.7000494e-01   0.0000000e+00
   2.4500000e+00   4.7073844e-01   0.0000000e+00
   2.4700000e+00   4.7155711e-01   0.0000000e+00
   2.4900000e+00   4.7246094e-01   0.0000000e+00
   2.5100000e+00   4.7246094e-01   0.0000000e+00
   2.5300000e+00   4.7221085e-01   0.0000000e+00
   2.5500000e+00   4.7171068e-01   0.0000000e+00
   2.5700000e+00   4.7155981e-01   0.0000000e+00
   2.5900000e+00   4.7121753e-01   0.0000000e+00
   2.6100000e+00   4.7068384e-01   0.0000000e+00
   2.6300000e+00   4.6961509e-01   0.0000000e+00
   2.6500000e+00   4.6856309e-01   0.0000000e+00
   2.6700000e+00   4.6752785e-01   0.0000000e+00
   2.6900000e+00   4.6699348e-01   0.0000000e+00
   2.7100000e+00   4.6623349e-01   0.0000000e+00
   2.7300000e+00   4.6524788e-01   0.0000000e+00
   2.7500000e+00   4.6484825e-01   0.0000000e+00
   2.7700000e+00   4.6443054e-01   0.0000000e+00
   2.7900000e+00   4.6399474e-01   0.0000000e+00
   2.8100000e+00   4.6302722e-01   0.0000000e+00
   2.8300000e+00   4.6227627e-01   0.0000000e+00
   2.8500000e+00   4.6174190e-01   0.0000000e+00
   2.8700000e+00   4.6120752e-01   0.0000000e+00
   2.8900000e+00   4.6047200e-01   0.0000000e+00
   2.9100000e+00   4.5953534e-01   0.0000000e+00
   2.9300000e+00   4.5875221e-01   0.0000000e+00
   2.9500000e+00   4.5809345e-01   0.0000000e+00
   2.9700000e+00   4.5755907e-01   0.0000000e+00
   2.9900000e+00   4.5697241e-01   0.0000000e+00
   3.0100000e+00   4.5614470e-01   0.0000000e+00
   3.0300000e+00   4.5507594e-01   0.0000000e+00
   3.0500000e+00   4.5494719e-01   0.0000000e+00
   3.0700000e+00   4.5452948e-01   0.0000000e+00
   3.0900000e+00   4.5382281e-01   0.0000000e+00
   3.1100000e+00   4.5275405e-01   0.0000000e+00
   3.1300000e+00   4.5168530e-01   0.0000000e+00
   3.1500000e+00   4.5061654e-01   0.0000000e+00
   3.1700000e+00   4.4955113e-01   0.0000000e+00
   3.1900000e+00   4.4875124e-01   0.0000000e+00
   3.2100000e+00   4.4821686e-01   0.0000000e+00
   3.2300000e+00   4.4768248e-01   0.0000000e+00
   3.2500000e+00   4.4699591e-01   0.0000000e+00
   3.2700000e+00   4.4615715e-01   0.0000000e+00
   3.2900000e+00   4.4546384e-01   0.0000000e+00
   3.3100000e+00   4.4504613e-01   0.0000000e+00
   3.3300000e+00   4.4490401e-01   0.0000000e+00
   3.3500000e+00   4.4383526e-01   0.0000000e+00
   3.3700000e+00   4.4301089e-01   0.0000000e+00
   3.3900000e+00   4.4243090e-01   0.0000000e+00
   3.4100000e+00   4.4226863e-01   0.0000000e+00
   3.4300000e+00   4.4218750e-01   0.0000000e+00
   3.4500000e+00   4.4218750e-01   0.0000000e+00
   3.4700000e+00   4.4232628e-01   0.0000000e+00
   3.4900000e+00   4.4268497e-01   0.0000000e+00
   3.5100000e+00   4.4326357e-01   0.0000000e+00
   3.5300000e+00   4.4486670e-01   0.0000000e+00
   2.1000000e+00   7.2458508e-01   1.0000000e+00
   2.1200000e+00   7.2208687e-01   1.0000000e+00
   2.1400000e+00   7.1920278e-01   1.0000000e+00
   2.1600000e+00   7.1593283e-01   1.0000000e+00
   2.1800000e+00   7.1219219e-01   1.0000000e+00
   2.2000000e+00   7.0869226e-01   1.0000000e+00
   2.2200000e+00   7.0543302e-01   1.0000000e+00
   2.2400000e+00   7.0259149e-01   1.0000000e+00
   2.2600000e+00   6.9995882e-01   1.0000000e+00
   2.2800000e+00   6.9753501e-01   1.0000000e+00
   2.3000000e+00   6.9539750e-01   1.0000000e+00
   2.3200000e+00   6.9325999e-01   1.0000000e+00
   2.3400000e+00   6.9112248e-01   1.0000000e+00
   2.3600000e+00   6.8898497e-01   1.0000000e+00
   2.3800000e+00   6.8684747e-01   1.0000000e+00
   2.4000000e+00   6.8470996e-01   1.0000000e+00
   2.4200000e+00   6.8288824e-01   1.0000000e+00
   2.4400000e+00   6.8127538e-01   1.0000000e+00
   2.4600000e+00   6.7987137e-01   1.0000000e+00
   2.4800000e+00   6.7872016e-01   1.0000000e+00
   2.5000000e+00   6.7734299e-01   1.0000000e+00
   2.5200000e+00   6.7573985e-01   1.0000000e+00
   2.5400000e+00   6.7313638e-01   1.0000000e+00
   2.5600000e+00   6.7126571e-01   1.0000000e+00
   2.5800000e+00   6.7012786e-01   1.0000000e+00
   2.6000000e+00   6.6799242e-01   1.0000000e+00
