   6.0000000e-01   9.6637335e-01   0.0000000e+00
   6.2000000e-01   9.4947782e-01   0.0000000e+00
   6.4000000e-01   9.2955972e-01   0.0000000e+00
   6.6000000e-01   9.0661905e-01   0.0000000e+00
   6.8000000e-01   8.8417521e-01   0.0000000e+00
   7.0000000e-01   8.6241426e-01   0.0000000e+00
   7.2000000e-01   8.4133620e-01   0.0000000e+00
   7.4000000e-01   8.2252705e-01   0.0000000e+00
   7.6000000e-01   8.0541490e-01   0.0000000e+00
   7.8000000e-01   7.8999973e-01   0.0000000e+00
   8.0000000e-01   7.7739327e-01   0.0000000e+00
   8.2000000e-01   7.6414314e-01   0.0000000e+00
   8.4000000e-01   7.5024934e-01   0.0000000e+00
   8.6000000e-01   7.3897041e-01   0.0000000e+00
   8.8000000e-01   7.2893892e-01   0.0000000e+00
   9.0000000e-01   7.2015487e-01   0.0000000e+00
   9.2000000e-01   7.1329780e-01   0.0000000e+00
   9.4000000e-01   7.0693020e-01   0.0000000e+00
   9.6000000e-01   7.0105205e-01   0.0000000e+00
   9.8000000e-01   6.9523022e-01   0.0000000e+00
   1.0000000e+00   6.8964742e-01   0.0000000e+00
   1.0200000e+00   6.8430365e-01   0.0000000e+00
   1.0400000e+00   6.7943391e-01   0.0000000e+00
   1.0600000e+00   6.7477302e-01   0.0000000e+00
   1.0800000e+00   6.7032099e-01   0.0000000e+00
   1.1000000e+00   6.6628668e-01   0.0000000e+00
   1.1200000e+00   6.6233718e-01   0.0000000e+00
   1.1400000e+00   6.5847251e-01   0.0000000e+00
   1.1600000e+00   6.5419749e-01   0.0000000e+00
   1.1800000e+00   6.4992247e-01   0.0000000e+00
   1.2000000e+00   6.4564746e-01   0.0000000e+00
   1.2200000e+00   6.4137244e-01   0.0000000e+00
   1.2400000e+00   6.3709743e-01   0.0000000e+00
   1.2600000e+00   6.3282241e-01   0.0000000e+00
   1.2800000e+00   6.2854739e-01   0.0000000e+00
   1.3000000e+00   6.2427238e-01   0.0000000e+00
   1.3200000e+00   6.1999736e-01   0.0000000e+00
   1.3400000e+00   6.1572235e-01   0.0000000e+00
   1.3600000e+00   6.1169373e-01   0.0000000e+00
   1.3800000e+00   6.0791151e-01   0.0000000e+00
   1.4000000e+00   6.0417088e-01   0.0000000e+00
   1.4200000e+00   6.0017076e-01   0.0000000e+00
   1.4400000e+00   5.9591118e-01   0.0000000e+00
   1.4600000e+00   5.9124459e-01   0.0000000e+00
   1.4800000e+00   5.8679994e-01   0.0000000e+00
   1.5000000e+00   5.8257721e-01   0.0000000e+00
   1.5200000e+00   5.7937095e-01   0.0000000e+00
   1.5400000e+00   5.7594276e-01   0.0000000e+00
   1.5600000e+00   5.7229264e-01   0.0000000e+00
   1.5800000e+00   5.6855200e-01   0.0000000e+00
   1.6000000e+00   5.6491662e-01   0.0000000e+00
   1.6200000e+00   5.6138651e-01   0.0000000e+00
   1.6400000e+00   5.5818025e-01   0.0000000e+00
   1.6600000e+00   5.5497398e-01   0.0000000e+00
   1.6800000e+00   5.5176772e-01   0.0000000e+00
   1.7000000e+00   5.4907304e-01   0.0000000e+00
   1.7200000e+00   5.4658720e-01   0.0000000e+00
   1.7400000e+00   5.4431023e-01   0.0000000e+00
   1.7600000e+00   5.4217272e-01   0.0000000e+00
   1.7800000e+00   5.4003521e-01   0.0000000e+00
   1.8000000e+00   5.3789770e-01   0.0000000e+00
   1.8200000e+00   5.3580511e-01   0.0000000e+00
   1.8400000e+00   5.3395725e-01   0.0000000e+00
   1.8600000e+00   5.3235412e-01   0.0000000e+00
   1.8800000e+00   5.3075099e-01   0.0000000e+00
   1.9000000e+00   5.2914786e-01   0.0000000e+00
   1.9200000e+00   5.2754472e-01   0.0000000e+00
   1.9400000e+00   5.2594159e-01   0.0000000e+00
   1.9600000e+00   5.2428215e-01   0.0000000e+00
   1.9800000e+00   5.2256638e-01   0.0000000e+00
   2.0000000e+00   5.2042887e-01   0.0000000e+00
   2.0200000e+00   5.1882171e-01   0.0000000e+00
   2.0400000e+00   5.1774490e-01   0.0000000e+00
   2.0600000e+00   5.1584878e-01   0.0000000e+00
   2.0800000e+00   5.1383196e-01   0.0000000e+00
   2.1000000e+00   5.1169446e-01   0.0000000e+00
   2.1200000e+00   5.0973730e-01   0.0000000e+00
   2.1400000e+00   5.0792531e-01   0.0000000e+00
   2.1600000e+00   5.0625849e-01   0.0000000e+00
   2.1800000e+00   5.0412099e-01   0.0000000e+00
   2.2000000e+00   5.0198348e-01   0.0000000e+00
   2.2200000e+00   4.9984597e-01   0.0000000e+00
   2.2400000e+00   4.9734373e-01   0.0000000e+00
   2.2600000e+00   4.9488070e-01   0.0000000e+00
   2.2800000e+00   4.9245688e-01   0.0000000e+00
   2.3000000e+00   4.9031938e-01   0.0000000e+00
   2.3200000e+00   4.8818924e-01   0.0000000e+00
   2.3400000e+00   4.8606647e-01   0.0000000e+00
   2.3600000e+00   4.8446334e-01   0.0000000e+00
   2.3800000e+00   4.8286021e-01   0.0000000e+00
   2.4000000e+00   4.8125708e-01   0.0000000e+00
   2.4200000e+00   4.7965395e-01   0.0000000e+00
   2.4400000e+00   4.7815038e-01   0.0000000e+00
   2.4600000e+00   4.7674637e-01   0.0000000e+00
   2.4800000e+00   4.7551270e-01   0.0000000e+00
   2.5000000e+00   4.7382711e-01   0.0000000e+00
   2.5200000e+00   4.7168960e-01   0.0000000e+00
   2.5400000e+00   4.7055244e-01   0.0000000e+00
   2.5600000e+00   4.6944948e-01   0.0000000e+00
   2.5800000e+00   4.6838072e-01   0.0000000e+00
   2.6000000e+00   4.6704513e-01   0.0000000e+00
   2.6200000e+00   4.6557576e-01   0.0000000e+00
   2.6400000e+00   4.6397263e-01   0.0000000e+00
   2.6600000e+00   4.6240301e-01   0.0000000e+00
   2.6800000e+00   4.6108383e-01   0.0000000e+00
   2.7000000e+00   4.6001508e-01   0.0000000e+00
   2.7200000e+00   4.5849509e-01   0.0000000e+00
   2.7400000e+00   4.5710082e-01   0.0000000e+00
   2.7600000e+00   4.5583225e-01   0.0000000e+00
   2.7800000e+00   4.5454560e-01   0.0000000e+00
   2.8000000e+00   4.5315132e-01   0.0000000e+00
   2.8200000e+00   4.5164942e-01   0.0000000e+00
   2.8400000e+00   4.5058067e-01   0.0000000e+00
   2.8600000e+00   4.4925244e-01   0.0000000e+00
   2.8800000e+00   4.4766474e-01   0.0000000e+00
   2.9000000e+00   4.4606161e-01   0.0000000e+00
   2.9200000e+00   4.4460129e-01   0.0000000e+00
   2.9400000e+00   4.4328378e-01   0.0000000e+00
   2.9600000e+00   4.4221502e-01   0.0000000e+00
   2.9800000e+00   4.4109398e-01   0.0000000e+00
   3.0000000e+00   4.3992065e-01   0.0000000e+00
   3.0200000e+00   4.3778314e-01   0.0000000e+00
   3.0400000e+00   4.3611564e-01   0.0000000e+00
   3.0600000e+00   4.3491813e-01   0.0000000e+00
   3.0800000e+00   4.3384937e-01   0.0000000e+00
   3.1000000e+00   4.3278062e-01   0.0000000e+00
   3.1200000e+00   4.3171186e-01   0.0000000e+00
   3.1400000e+00   4.3052310e-01   0.0000000e+00
   3.1600000e+00   4.2912716e-01   0.0000000e+00
   3.1800000e+00   4.2752403e-01   0.0000000e+00
   3.2000000e+00   4.2592090e-01   0.0000000e+00
   3.2200000e+00   4.2473882e-01   0.0000000e+00
   3.2400000e+00   4.2397779e-01   0.0000000e+00
   3.2600000e+00   4.2313903e-01   0.0000000e+00
   3.2800000e+00   4.2218527e-01   0.0000000e+00
   3.3000000e+00   4.2111651e-01   0.0000000e+00
   3.3200000e+00   4.2004776e-01   0.0000000e+00
   3.3400000e+00   4.1897901e-01   0.0000000e+00
   3.3600000e+00   4.1791025e-01   0.0000000e+00
   3.3800000e+00   4.1684150e-01   0.0000000e+00
   3.4000000e+00   4.1577274e-01   0.0000000e+00
   3.4200000e+00   4.1470399e-01   0.0000000e+00
   3.4400000e+00   4.1414612e-01   0.0000000e+00
   3.4600000e+00   4.1372841e-01   0.0000000e+00
   3.4800000e+00   4.1345085e-01   0.0000000e+00
   3.5000000e+00   4.1238210e-01   0.0000000e+00
   3.5200000e+00   4.1131334e-01   0.0000000e+00
   3.5400000e+00   4.1024459e-01   0.0000000e+00
   3.5600000e+00   4.1005549e-01   0.0000000e+00
   3.5800000e+00   4.0996094e-01   0.0000000e+00
   3.6000000e+00   4.0996094e-01   0.0000000e+00
   2.0000000e+00   7.6527283e-01   1.0000000e+00
   2.0200000e+00   7.6313935e-01   1.0000000e+00
   2.0400000e+00   7.6047552e-01   1.0000000e+00
   2.0600000e+00   7.5863100e-01   1.0000000e+00
   2.0800000e+00   7.5690718e-01   1.0000000e+00
   2.1000000e+00   7.5530404e-01   1.0000000e+00
   2.1200000e+00   7.5370091e-01   1.0000000e+00
   2.1400000e+00   7.5203409e-01   1.0000000e+00
   2.1600000e+00   7.5030359e-01   1.0000000e+00
   2.1800000e+00   7.4763170e-01   1.0000000e+00
   2.2000000e+00   7.4495982e-01   1.0000000e+00
   2.2200000e+00   7.4228793e-01   1.0000000e+00
   2.2400000e+00   7.3961605e-01   1.0000000e+00
   2.2600000e+00   7.3694416e-01   1.0000000e+00
   2.2800000e+00   7.3427228e-01   1.0000000e+00
   2.3000000e+00   7.3173180e-01   1.0000000e+00
   2.3200000e+00   7.2938543e-01   1.0000000e+00
   2.3400000e+00   7.2723318e-01   1.0000000e+00
   2.3600000e+00   7.2456130e-01   1.0000000e+00
   2.3800000e+00   7.2167318e-01   1.0000000e+00
   2.4000000e+00   7.1856884e-01   1.0000000e+00
   2.4200000e+00   7.1599416e-01   1.0000000e+00
   2.4400000e+00   7.1353851e-01   1.0000000e+00
   2.4600000e+00   7.1120187e-01   1.0000000e+00
   2.4800000e+00   7.0861245e-01   1.0000000e+00
   2.5000000e+00   7.0624898e-01   1.0000000e+00
   2.5200000e+00   7.0411147e-01   1.0000000e+00
   2.5400000e+00   7.0247414e-01   1.0000000e+00
   2.5600000e+00   7.0066215e-01   1.0000000e+00
   2.5800000e+00   6.9867551e-01   1.0000000e+00
   2.6000000e+00   6.9680485e-01   1.0000000e+00
   2.6200000e+00   6.9499286e-01   1.0000000e+00
   2.6400000e+00   6.9323955e-01   1.0000000e+00
   2.6600000e+00   6.9113556e-01   1.0000000e+00
   2.6800000e+00   6.8928199e-01   1.0000000e+00
   2.7000000e+00   6.8767886e-01   1.0000000e+00
   2.7200000e+00   6.8607573e-01   1.0000000e+00
   2.7400000e+00   6.8447260e-01   1.0000000e+00
   2.7600000e+00   6.8286947e-01   1.0000000e+00
   2.7800000e+00   6.8126634e-01   1.0000000e+00
   2.8000000e+00   6.7966321e-01   1.0000000e+00
   2.8200000e+00   6.7806007e-01   1.0000000e+00
   2.8400000e+00   6.7645694e-01   1.0000000e+00
   2.8600000e+00   6.7459434e-01   1.0000000e+00
   2.8800000e+00   6.7247226e-01   1.0000000e+00
   2.9000000e+00   6.7073704e-01   1.0000000e+00
   2.9200000e+00   6.6906786e-01   1.0000000e+00
   2.9400000e+00   6.6746473e-01   1.0000000e+00
   2.9600000e+00   6.6586159e-01   1.0000000e+00
   2.9800000e+00   6.6423232e-01   1.0000000e+00
   3.0000000e+00   6.6257690e-01   1.0000000e+00
   3.0200000e+00   6.6043939e-01   1.0000000e+00
   3.0400000e+00   6.5877189e-01   1.0000000e+00
   3.0600000e+00   6.5757438e-01   1.0000000e+00
   3.0800000e+00   6.5615229e-01   1.0000000e+00
   3.1000000e+00   6.5475801e-01   1.0000000e+00
   3.1200000e+00   6.5339155e-01   1.0000000e+00
   3.1400000e+00   6.5220279e-01   1.0000000e+00
   3.1600000e+00   6.5080852e-01   1.0000000e+00
   3.1800000e+00   6.4920873e-01   1.0000000e+00
   3.2000000e+00   6.4813997e-01   1.0000000e+00
   3.2200000e+00   6.4665017e-01   1.0000000e+00
   3.2400000e+00   6.4473930e-01   1.0000000e+00
   3.2600000e+00   6.4290618e-01   1.0000000e+00
   3.2800000e+00   6.4118806e-01   1.0000000e+00
   3.3000000e+00   6.3958493e-01   1.0000000e+00
   3.3200000e+00   6.3798180e-01   1.0000000e+00
   3.3400000e+00   6.3637867e-01   1.0000000e+00
   3.3600000e+00   6.3477553e-01   1.0000000e+00
   3.3800000e+00   6.3317240e-01   1.0000000e+00
   3.4000000e+00   6.3175533e-01   1.0000000e+00
   3.4200000e+00   6.3052430e-01   1.0000000e+00
   3.4400000e+00   6.2945555e-01   1.0000000e+00
   3.4600000e+00   6.2845618e-01   1.0000000e+00
   3.4800000e+00   6.2752621e-01   1.0000000e+00
   3.5000000e+00   6.2694760e-01   1.0000000e+00
   3.5200000e+00   6.2585674e-01   1.0000000e+00
   3.5400000e+00   6.2425361e-01   1.0000000e+00
   3.5600000e+00   6.2353013e-01   1.0000000e+00
   3.5800000e+00   6.2257804e-01   1.0000000e+00
   3.6000000e+00   6.2139734e-01   1.0000000e+00
   3.6200000e+00   6.2000070e-01   1.0000000e+00
   3.6400000e+00   6.1876801e-01   1.0000000e+00
   3.6600000e+00   6.1769925e-01   1.0000000e+00
   3.6800000e+00   6.1663050e-01   1.0000000e+00
   3.7000000e+00   6.1556175e-01   1.0000000e+00
   3.7200000e+00   6.1449299e-01   1.0000000e+00
   3.7400000e+00   6.1303336e-01   1.0000000e+00
   3.7600000e+00   6.1163908e-01   1.0000000e+00
   3.7800000e+00   6.1031017e-01   1.0000000e+00
   3.8000000e+00   6.0924141e-01   1.0000000e+00
