   6.1000000e-01   9.3281856e-01   0.0000000e+00
   6.3000000e-01   9.1828649e-01   0.0000000e+00
   6.5000000e-01   8.9653596e-01   0.0000000e+00
   6.7000000e-01   8.7230127e-01   0.0000000e+00
   6.9000000e-01   8.4558242e-01   0.0000000e+00
   7.1000000e-01   8.2387140e-01   0.0000000e+00
   7.3000000e-01   8.0276483e-01   0.0000000e+00
   7.5000000e-01   7.8226272e-01   0.0000000e+00
   7.7000000e-01   7.6461953e-01   0.0000000e+00
   7.9000000e-01   7.4869314e-01   0.0000000e+00
   8.1000000e-01   7.3448354e-01   0.0000000e+00
   8.3000000e-01   7.1898661e-01   0.0000000e+00
   8.5000000e-01   7.0505860e-01   0.0000000e+00
   8.7000000e-01   6.9269952e-01   0.0000000e+00
   8.9000000e-01   6.8040885e-01   0.0000000e+00
   9.1000000e-01   6.6913194e-01   0.0000000e+00
   9.3000000e-01   6.5886880e-01   0.0000000e+00
   9.5000000e-01   6.5066473e-01   0.0000000e+00
   9.7000000e-01   6.4290653e-01   0.0000000e+00
   9.9000000e-01   6.3559420e-01   0.0000000e+00
   1.0100000e+00   6.2971606e-01   0.0000000e+00
   1.0300000e+00   6.2383791e-01   0.0000000e+00
   1.0500000e+00   6.1795976e-01   0.0000000e+00
   1.0700000e+00   6.1279634e-01   0.0000000e+00
   1.0900000e+00   6.0780994e-01   0.0000000e+00
   1.1100000e+00   6.0300054e-01   0.0000000e+00
   1.1300000e+00   5.9819115e-01   0.0000000e+00
   1.1500000e+00   5.9337807e-01   0.0000000e+00
   1.1700000e+00   5.8856131e-01   0.0000000e+00
   1.1900000e+00   5.8321754e-01   0.0000000e+00
   1.2100000e+00   5.7829885e-01   0.0000000e+00
   1.2300000e+00   5.7380525e-01   0.0000000e+00
   1.2500000e+00   5.6891339e-01   0.0000000e+00
   1.2700000e+00   5.6398733e-01   0.0000000e+00
   1.2900000e+00   5.5902707e-01   0.0000000e+00
   1.3100000e+00   5.5460188e-01   0.0000000e+00
   1.3300000e+00   5.4971739e-01   0.0000000e+00
   1.3500000e+00   5.4437362e-01   0.0000000e+00
   1.3700000e+00   5.4050826e-01   0.0000000e+00
   1.3900000e+00   5.3632912e-01   0.0000000e+00
   1.4100000e+00   5.3183621e-01   0.0000000e+00
   1.4300000e+00   5.2728629e-01   0.0000000e+00
   1.4500000e+00   5.2294522e-01   0.0000000e+00
   1.4700000e+00   5.1881301e-01   0.0000000e+00
   1.4900000e+00   5.1509852e-01   0.0000000e+00
   1.5100000e+00   5.1163814e-01   0.0000000e+00
   1.5300000e+00   5.0843188e-01   0.0000000e+00
   1.5500000e+00   5.0478176e-01   0.0000000e+00
   1.5700000e+00   5.0141357e-01   0.0000000e+00
   1.5900000e+00   4.9832731e-01   0.0000000e+00
   1.6100000e+00   4.9565543e-01   0.0000000e+00
   1.6300000e+00   4.9303048e-01   0.0000000e+00
   1.6500000e+00   4.9045245e-01   0.0000000e+00
   1.6700000e+00   4.8831494e-01   0.0000000e+00
   1.6900000e+00   4.8617744e-01   0.0000000e+00
   1.7100000e+00   4.8403993e-01   0.0000000e+00
   1.7300000e+00   4.8229733e-01   0.0000000e+00
   1.7500000e+00   4.8062446e-01   0.0000000e+00
   1.7700000e+00   4.7902133e-01   0.0000000e+00
   1.7900000e+00   4.7757978e-01   0.0000000e+00
   1.8100000e+00   4.7630217e-01   0.0000000e+00
   1.8300000e+00   4.7518850e-01   0.0000000e+00
   1.8500000e+00   4.7358537e-01   0.0000000e+00
   1.8700000e+00   4.7221355e-01   0.0000000e+00
   1.8900000e+00   4.7107305e-01   0.0000000e+00
   1.9100000e+00   4.7000430e-01   0.0000000e+00
   1.9300000e+00   4.6893554e-01   0.0000000e+00
   1.9500000e+00   4.6786679e-01   0.0000000e+00
   1.9700000e+00   4.6679804e-01   0.0000000e+00
   1.9900000e+00   4.6572928e-01   0.0000000e+00
   2.0100000e+00   4.6466053e-01   0.0000000e+00
   2.0300000e+00   4.6465247e-01   0.0000000e+00
   2.0500000e+00   4.6423476e-01   0.0000000e+00
   2.0700000e+00   4.6340739e-01   0.0000000e+00
   2.0900000e+00   4.6233864e-01   0.0000000e+00
   2.1100000e+00   4.6126988e-01   0.0000000e+00
   2.1300000e+00   4.6020113e-01   0.0000000e+00
   2.1500000e+00   4.5906869e-01   0.0000000e+00
   2.1700000e+00   4.5770090e-01   0.0000000e+00
   2.1900000e+00   4.5609777e-01   0.0000000e+00
   2.2100000e+00   4.5545744e-01   0.0000000e+00
   2.2300000e+00   4.5450535e-01   0.0000000e+00
   2.2500000e+00   4.5324150e-01   0.0000000e+00
   2.2700000e+00   4.5238258e-01   0.0000000e+00
   2.2900000e+00   4.5182172e-01   0.0000000e+00
   2.3100000e+00   4.5155890e-01   0.0000000e+00
   2.3300000e+00   4.5050489e-01   0.0000000e+00
   2.3500000e+00   4.4971070e-01   0.0000000e+00
   2.3700000e+00   4.4917632e-01   0.0000000e+00
   2.3900000e+00   4.4950685e-01   0.0000000e+00
   2.4100000e+00   4.5029457e-01   0.0000000e+00
   2.4300000e+00   4.5153948e-01   0.0000000e+00
   2.4500000e+00   4.5327620e-01   0.0000000e+00
   2.4700000e+00   4.5501293e-01   0.0000000e+00
   2.4900000e+00   4.5674965e-01   0.0000000e+00
   2.5100000e+00   4.5848638e-01   0.0000000e+00
   2.5300000e+00   4.6022310e-01   0.0000000e+00
   2.5500000e+00   4.6195983e-01   0.0000000e+00
   2.5700000e+00   4.6283366e-01   0.0000000e+00
   2.5900000e+00   4.6353776e-01   0.0000000e+00
   2.6100000e+00   4.6407214e-01   0.0000000e+00
   2.6300000e+00   4.6445634e-01   0.0000000e+00
   2.6500000e+00   4.6466520e-01   0.0000000e+00
   2.6700000e+00   4.6469871e-01   0.0000000e+00
   2.6900000e+00   4.6523309e-01   0.0000000e+00
   2.7100000e+00   4.6554185e-01   0.0000000e+00
   2.7300000e+00   4.6562500e-01   0.0000000e+00
   2.7500000e+00   4.6529044e-01   0.0000000e+00
   2.7700000e+00   4.6485597e-01   0.0000000e+00
   2.7900000e+00   4.6432159e-01   0.0000000e+00
   2.8100000e+00   4.6378721e-01   0.0000000e+00
   2.8300000e+00   4.6325284e-01   0.0000000e+00
   2.8500000e+00   4.6271846e-01   0.0000000e+00
   2.8700000e+00   4.6166514e-01   0.0000000e+00
   2.8900000e+00   4.6080524e-01   0.0000000e+00
   2.9100000e+00   4.6013877e-01   0.0000000e+00
   2.9300000e+00   4.5960439e-01   0.0000000e+00
   2.9500000e+00   4.5898554e-01   0.0000000e+00
   2.9700000e+00   4.5828221e-01   0.0000000e+00
   2.9900000e+00   4.5721345e-01   0.0000000e+00
   3.0100000e+00   4.5614470e-01   0.0000000e+00
   3.0300000e+00   4.5507594e-01   0.0000000e+00
   3.0500000e+00   4.5447719e-01   0.0000000e+00
   3.0700000e+00   4.5373396e-01   0.0000000e+00
   3.0900000e+00   4.5284625e-01   0.0000000e+00
   3.1100000e+00   4.5201416e-01   0.0000000e+00
   3.1300000e+00   4.5121093e-01   0.0000000e+00
   3.1500000e+00   4.5043654e-01   0.0000000e+00
   3.1700000e+00   4.4884009e-01   0.0000000e+00
   3.1900000e+00   4.4777467e-01   0.0000000e+00
   3.2100000e+00   4.4724030e-01   0.0000000e+00
   3.2300000e+00   4.4628487e-01   0.0000000e+00
   3.2500000e+00   4.4542497e-01   0.0000000e+00
   3.2700000e+00   4.4466060e-01   0.0000000e+00
   3.2900000e+00   4.4375078e-01   0.0000000e+00
   3.3100000e+00   4.4256536e-01   0.0000000e+00
   3.3300000e+00   4.4110435e-01   0.0000000e+00
   3.3500000e+00   4.4056997e-01   0.0000000e+00
   3.3700000e+00   4.4003559e-01   0.0000000e+00
   3.3900000e+00   4.3950122e-01   0.0000000e+00
   3.4100000e+00   4.3933895e-01   0.0000000e+00
   3.4300000e+00   4.3925781e-01   0.0000000e+00
   3.4500000e+00   4.3925781e-01   0.0000000e+00
   3.4700000e+00   4.3939659e-01   0.0000000e+00
   3.4900000e+00   4.3977740e-01   0.0000000e+00
   3.5100000e+00   4.4040023e-01   0.0000000e+00
   3.5300000e+00   4.4307211e-01   0.0000000e+00
   2.0700000e+00   7.0754802e-01   1.0000000e+00
   2.0900000e+00   7.0618224e-01   1.0000000e+00
   2.1100000e+00   7.0469779e-01   1.0000000e+00
   2.1300000e+00   7.0309466e-01   1.0000000e+00
   2.1500000e+00   7.0149153e-01   1.0000000e+00
   2.1700000e+00   6.9988840e-01   1.0000000e+00
   2.1900000e+00   6.9828527e-01   1.0000000e+00
   2.2100000e+00   6.9620074e-01   1.0000000e+00
   2.2300000e+00   6.9427208e-01   1.0000000e+00
   2.2500000e+00   6.9249931e-01   1.0000000e+00
   2.2700000e+00   6.9064811e-01   1.0000000e+00
   2.2900000e+00   6.8865375e-01   1.0000000e+00
   2.3100000e+00   6.8651625e-01   1.0000000e+00
   2.3300000e+00   6.8437874e-01   1.0000000e+00
   2.3500000e+00   6.8224123e-01   1.0000000e+00
   2.3700000e+00   6.8010372e-01   1.0000000e+00
   2.3900000e+00   6.7796621e-01   1.0000000e+00
   2.4100000e+00   6.7582871e-01   1.0000000e+00
   2.4300000e+00   6.7369120e-01   1.0000000e+00
   2.4500000e+00   6.7155369e-01   1.0000000e+00
   2.4700000e+00   6.6941618e-01   1.0000000e+00
   2.4900000e+00   6.6727867e-01   1.0000000e+00
   2.5100000e+00   6.6514116e-01   1.0000000e+00
   2.5300000e+00   6.6325374e-01   1.0000000e+00
   2.5500000e+00   6.6161641e-01   1.0000000e+00
   2.5700000e+00   6.6001328e-01   1.0000000e+00
   2.5900000e+00   6.5841015e-01   1.0000000e+00
   2.6100000e+00   6.5680701e-01   1.0000000e+00
   2.6300000e+00   6.5505370e-01   1.0000000e+00
   2.6500000e+00   6.5312505e-01   1.0000000e+00
   2.6700000e+00   6.5102106e-01   1.0000000e+00
   2.6900000e+00   6.4941793e-01   1.0000000e+00
   2.7100000e+00   6.4758918e-01   1.0000000e+00
   2.7300000e+00   6.4553482e-01   1.0000000e+00
   2.7500000e+00   6.4339732e-01   1.0000000e+00
