   6.0000000e-01   9.4594397e-01   0.0000000e+00
   6.2000000e-01   9.3141190e-01   0.0000000e+00
   6.4000000e-01   9.1327060e-01   0.0000000e+00
   6.6000000e-01   8.9152007e-01   0.0000000e+00
   6.8000000e-01   8.6480122e-01   0.0000000e+00
   7.0000000e-01   8.4035866e-01   0.0000000e+00
   7.2000000e-01   8.1819238e-01   0.0000000e+00
   7.4000000e-01   7.9817167e-01   0.0000000e+00
   7.6000000e-01   7.7965216e-01   0.0000000e+00
   7.8000000e-01   7.6263387e-01   0.0000000e+00
   8.0000000e-01   7.4831901e-01   0.0000000e+00
   8.2000000e-01   7.3314593e-01   0.0000000e+00
   8.4000000e-01   7.1711462e-01   0.0000000e+00
   8.6000000e-01   7.0422116e-01   0.0000000e+00
   8.8000000e-01   6.9176822e-01   0.0000000e+00
   9.0000000e-01   6.7975579e-01   0.0000000e+00
   9.2000000e-01   6.6944773e-01   0.0000000e+00
   9.4000000e-01   6.6009746e-01   0.0000000e+00
   9.6000000e-01   6.5170498e-01   0.0000000e+00
   9.8000000e-01   6.4481439e-01   0.0000000e+00
   1.0000000e+00   6.3816284e-01   0.0000000e+00
   1.0200000e+00   6.3175032e-01   0.0000000e+00
   1.0400000e+00   6.2628585e-01   0.0000000e+00
   1.0600000e+00   6.2088173e-01   0.0000000e+00
   1.0800000e+00   6.1553796e-01   0.0000000e+00
   1.1000000e+00   6.1019419e-01   0.0000000e+00
   1.1200000e+00   6.0497446e-01   0.0000000e+00
   1.1400000e+00   5.9987876e-01   0.0000000e+00
   1.1600000e+00   5.9558900e-01   0.0000000e+00
   1.1800000e+00   5.9077223e-01   0.0000000e+00
   1.2000000e+00   5.8542846e-01   0.0000000e+00
   1.2200000e+00   5.8050978e-01   0.0000000e+00
   1.2400000e+00   5.7579995e-01   0.0000000e+00
   1.2600000e+00   5.7129897e-01   0.0000000e+00
   1.2800000e+00   5.6664045e-01   0.0000000e+00
   1.3000000e+00   5.6167684e-01   0.0000000e+00
   1.3200000e+00   5.5640816e-01   0.0000000e+00
   1.3400000e+00   5.5159877e-01   0.0000000e+00
   1.3600000e+00   5.4703578e-01   0.0000000e+00
   1.3800000e+00   5.4271919e-01   0.0000000e+00
   1.4000000e+00   5.3844417e-01   0.0000000e+00
   1.4200000e+00   5.3416915e-01   0.0000000e+00
   1.4400000e+00   5.2989414e-01   0.0000000e+00
   1.4600000e+00   5.2547631e-01   0.0000000e+00
   1.4800000e+00   5.2090192e-01   0.0000000e+00
   1.5000000e+00   5.1617096e-01   0.0000000e+00
   1.5200000e+00   5.1296470e-01   0.0000000e+00
   1.5400000e+00   5.0931458e-01   0.0000000e+00
   1.5600000e+00   5.0522060e-01   0.0000000e+00
   1.5800000e+00   5.0159997e-01   0.0000000e+00
   1.6000000e+00   4.9839705e-01   0.0000000e+00
   1.6200000e+00   4.9561184e-01   0.0000000e+00
   1.6400000e+00   4.9328661e-01   0.0000000e+00
   1.6600000e+00   4.9052086e-01   0.0000000e+00
   1.6800000e+00   4.8731460e-01   0.0000000e+00
   1.7000000e+00   4.8564306e-01   0.0000000e+00
   1.7200000e+00   4.8380827e-01   0.0000000e+00
   1.7400000e+00   4.8181023e-01   0.0000000e+00
   1.7600000e+00   4.7995097e-01   0.0000000e+00
   1.7800000e+00   4.7830056e-01   0.0000000e+00
   1.8000000e+00   4.7685901e-01   0.0000000e+00
   1.8200000e+00   4.7574534e-01   0.0000000e+00
   1.8400000e+00   4.7438694e-01   0.0000000e+00
   1.8600000e+00   4.7278381e-01   0.0000000e+00
   1.8800000e+00   4.7164330e-01   0.0000000e+00
   1.9000000e+00   4.7053867e-01   0.0000000e+00
   1.9200000e+00   4.6946992e-01   0.0000000e+00
   1.9400000e+00   4.6840117e-01   0.0000000e+00
   1.9600000e+00   4.6733241e-01   0.0000000e+00
   1.9800000e+00   4.6626366e-01   0.0000000e+00
   2.0000000e+00   4.6519491e-01   0.0000000e+00
   2.0200000e+00   4.6465650e-01   0.0000000e+00
   2.0400000e+00   4.6464844e-01   0.0000000e+00
   2.0600000e+00   4.6382107e-01   0.0000000e+00
   2.0800000e+00   4.6272451e-01   0.0000000e+00
   2.1000000e+00   4.6135873e-01   0.0000000e+00
   2.1200000e+00   4.6011631e-01   0.0000000e+00
   2.1400000e+00   4.5919606e-01   0.0000000e+00
   2.1600000e+00   4.5859800e-01   0.0000000e+00
   2.1800000e+00   4.5752924e-01   0.0000000e+00
   2.2000000e+00   4.5646049e-01   0.0000000e+00
   2.2200000e+00   4.5539174e-01   0.0000000e+00
   2.2400000e+00   4.5432298e-01   0.0000000e+00
   2.2600000e+00   4.5350230e-01   0.0000000e+00
   2.2800000e+00   4.5292969e-01   0.0000000e+00
   2.3000000e+00   4.5279828e-01   0.0000000e+00
   2.3200000e+00   4.5248013e-01   0.0000000e+00
   2.3400000e+00   4.5197524e-01   0.0000000e+00
   2.3600000e+00   4.5250962e-01   0.0000000e+00
   2.3800000e+00   4.5369267e-01   0.0000000e+00
   2.4000000e+00   4.5552442e-01   0.0000000e+00
   2.4200000e+00   4.5766192e-01   0.0000000e+00
   2.4400000e+00   4.5960031e-01   0.0000000e+00
   2.4600000e+00   4.6133956e-01   0.0000000e+00
   2.4800000e+00   4.6224340e-01   0.0000000e+00
   2.5000000e+00   4.6269531e-01   0.0000000e+00
   2.5200000e+00   4.6269531e-01   0.0000000e+00
   2.5400000e+00   4.6319549e-01   0.0000000e+00
   2.5600000e+00   4.6352101e-01   0.0000000e+00
   2.5800000e+00   4.6367188e-01   0.0000000e+00
   2.6000000e+00   4.6420556e-01   0.0000000e+00
   2.6200000e+00   4.6485660e-01   0.0000000e+00
   2.6400000e+00   4.6562500e-01   0.0000000e+00
   2.6600000e+00   4.6565851e-01   0.0000000e+00
   2.6800000e+00   4.6594246e-01   0.0000000e+00
   2.7000000e+00   4.6647684e-01   0.0000000e+00
   2.7200000e+00   4.6610876e-01   0.0000000e+00
   2.7400000e+00   4.6565753e-01   0.0000000e+00
   2.7600000e+00   4.6512316e-01   0.0000000e+00
   2.7800000e+00   4.6437088e-01   0.0000000e+00
   2.8000000e+00   4.6356160e-01   0.0000000e+00
   2.8200000e+00   4.6269531e-01   0.0000000e+00
   2.8400000e+00   4.6269531e-01   0.0000000e+00
   2.8600000e+00   4.6217637e-01   0.0000000e+00
   2.8800000e+00   4.6113848e-01   0.0000000e+00
   2.9000000e+00   4.6047200e-01   0.0000000e+00
   2.9200000e+00   4.5987158e-01   0.0000000e+00
   2.9400000e+00   4.5933720e-01   0.0000000e+00
   2.9600000e+00   4.5863387e-01   0.0000000e+00
   2.9800000e+00   4.5774783e-01   0.0000000e+00
   3.0000000e+00   4.5667908e-01   0.0000000e+00
   3.0200000e+00   4.5561032e-01   0.0000000e+00
   3.0400000e+00   4.5477657e-01   0.0000000e+00
   3.0600000e+00   4.5417781e-01   0.0000000e+00
   3.0800000e+00   4.5364344e-01   0.0000000e+00
   3.1000000e+00   4.5299072e-01   0.0000000e+00
   3.1200000e+00   4.5221968e-01   0.0000000e+00
   3.1400000e+00   4.5115092e-01   0.0000000e+00
   3.1600000e+00   4.5008384e-01   0.0000000e+00
   3.1800000e+00   4.4901843e-01   0.0000000e+00
   3.2000000e+00   4.4848405e-01   0.0000000e+00
   3.2200000e+00   4.4794967e-01   0.0000000e+00
   3.2400000e+00   4.4741529e-01   0.0000000e+00
   3.2600000e+00   4.4657653e-01   0.0000000e+00
   3.2800000e+00   4.4581049e-01   0.0000000e+00
   3.3000000e+00   4.4511719e-01   0.0000000e+00
   3.3200000e+00   4.4497507e-01   0.0000000e+00
   3.3400000e+00   4.4436963e-01   0.0000000e+00
   3.3600000e+00   4.4330088e-01   0.0000000e+00
   3.3800000e+00   4.4223212e-01   0.0000000e+00
   3.4000000e+00   4.4134942e-01   0.0000000e+00
   3.4200000e+00   4.4065278e-01   0.0000000e+00
   3.4400000e+00   4.4011840e-01   0.0000000e+00
   3.4600000e+00   4.3972280e-01   0.0000000e+00
   3.4800000e+00   4.3946598e-01   0.0000000e+00
   3.5000000e+00   4.4006670e-01   0.0000000e+00
   3.5200000e+00   4.4143581e-01   0.0000000e+00
   3.5400000e+00   4.4357332e-01   0.0000000e+00
   3.5600000e+00   4.4527100e-01   0.0000000e+00
   2.1000000e+00   7.0594488e-01   1.0000000e+00
   2.1200000e+00   7.0469578e-01   1.0000000e+00
   2.1400000e+00   7.0323781e-01   1.0000000e+00
   2.1600000e+00   7.0157099e-01   1.0000000e+00
   2.1800000e+00   6.9943349e-01   1.0000000e+00
   2.2000000e+00   6.9777738e-01   1.0000000e+00
   2.2200000e+00   6.9660267e-01   1.0000000e+00
   2.2400000e+00   6.9480445e-01   1.0000000e+00
   2.2600000e+00   6.9296061e-01   1.0000000e+00
   2.2800000e+00   6.9107118e-01   1.0000000e+00
   2.3000000e+00   6.8933664e-01   1.0000000e+00
   2.3200000e+00   6.8740062e-01   1.0000000e+00
   2.3400000e+00   6.8526311e-01   1.0000000e+00
   2.3600000e+00   6.8312560e-01   1.0000000e+00
   2.3800000e+00   6.8098809e-01   1.0000000e+00
   2.4000000e+00   6.7885058e-01   1.0000000e+00
   2.4200000e+00   6.7702887e-01   1.0000000e+00
   2.4400000e+00   6.7531644e-01   1.0000000e+00
   2.4600000e+00   6.7371331e-01   1.0000000e+00
   2.4800000e+00   6.7194526e-01   1.0000000e+00
   2.5000000e+00   6.6972529e-01   1.0000000e+00
   2.5200000e+00   6.6705340e-01   1.0000000e+00
   2.5400000e+00   6.6538186e-01   1.0000000e+00
   2.5600000e+00   6.6336102e-01   1.0000000e+00
   2.5800000e+00   6.6099087e-01   1.0000000e+00
   2.6000000e+00   6.5858583e-01   1.0000000e+00
   2.6200000e+00   6.5638965e-01   1.0000000e+00
   2.6400000e+00   6.5440232e-01   1.0000000e+00
   2.6600000e+00   6.5283270e-01   1.0000000e+00
   2.6800000e+00   6.5151352e-01   1.0000000e+00
   2.7000000e+00   6.5044476e-01   1.0000000e+00
