   6.0000000e-01   9.7995971e-01   0.0000000e+00
   6.2000000e-01   9.6834692e-01   0.0000000e+00
   6.4000000e-01   9.5529326e-01   0.0000000e+00
   6.6000000e-01   9.4079874e-01   0.0000000e+00
   6.8000000e-01   9.1835490e-01   0.0000000e+00
   7.0000000e-01   8.9591107e-01   0.0000000e+00
   7.2000000e-01   8.7346723e-01   0.0000000e+00
   7.4000000e-01   8.5203917e-01   0.0000000e+00
   7.6000000e-01   8.3223636e-01   0.0000000e+00
   7.8000000e-01   8.1405879e-01   0.0000000e+00
   8.0000000e-01   7.9942008e-01   0.0000000e+00
   8.2000000e-01   7.8435226e-01   0.0000000e+00
   8.4000000e-01   7.6885533e-01   0.0000000e+00
   8.6000000e-01   7.5597327e-01   0.0000000e+00
   8.8000000e-01   7.4271341e-01   0.0000000e+00
   9.0000000e-01   7.2907574e-01   0.0000000e+00
   9.2000000e-01   7.1691982e-01   0.0000000e+00
   9.4000000e-01   7.0593054e-01   0.0000000e+00
   9.6000000e-01   6.9610791e-01   0.0000000e+00
   9.8000000e-01   6.8820489e-01   0.0000000e+00
   1.0000000e+00   6.8077993e-01   0.0000000e+00
   1.0200000e+00   6.7383302e-01   0.0000000e+00
   1.0400000e+00   6.6736015e-01   0.0000000e+00
   1.0600000e+00   6.6109614e-01   0.0000000e+00
   1.0800000e+00   6.5504098e-01   0.0000000e+00
   1.1000000e+00   6.4964423e-01   0.0000000e+00
   1.1200000e+00   6.4447914e-01   0.0000000e+00
   1.1400000e+00   6.3954571e-01   0.0000000e+00
   1.1600000e+00   6.3421668e-01   0.0000000e+00
   1.1800000e+00   6.2941466e-01   0.0000000e+00
   1.2000000e+00   6.2513965e-01   0.0000000e+00
   1.2200000e+00   6.2128971e-01   0.0000000e+00
   1.2400000e+00   6.1734022e-01   0.0000000e+00
   1.2600000e+00   6.1329116e-01   0.0000000e+00
   1.2800000e+00   6.0882439e-01   0.0000000e+00
   1.3000000e+00   6.0422385e-01   0.0000000e+00
   1.3200000e+00   5.9948955e-01   0.0000000e+00
   1.3400000e+00   5.9521453e-01   0.0000000e+00
   1.3600000e+00   5.9143232e-01   0.0000000e+00
   1.3800000e+00   5.8814291e-01   0.0000000e+00
   1.4000000e+00   5.8380823e-01   0.0000000e+00
   1.4200000e+00   5.7949567e-01   0.0000000e+00
   1.4400000e+00   5.7520522e-01   0.0000000e+00
   1.4600000e+00   5.7146458e-01   0.0000000e+00
   1.4800000e+00   5.6773702e-01   0.0000000e+00
   1.5000000e+00   5.6402252e-01   0.0000000e+00
   1.5200000e+00   5.6081626e-01   0.0000000e+00
   1.5400000e+00   5.5716614e-01   0.0000000e+00
   1.5600000e+00   5.5307217e-01   0.0000000e+00
   1.5800000e+00   5.4977872e-01   0.0000000e+00
   1.6000000e+00   5.4679606e-01   0.0000000e+00
   1.6200000e+00   5.4412417e-01   0.0000000e+00
   1.6400000e+00   5.4145229e-01   0.0000000e+00
   1.6600000e+00   5.3878040e-01   0.0000000e+00
   1.6800000e+00   5.3610852e-01   0.0000000e+00
   1.7000000e+00   5.3394821e-01   0.0000000e+00
   1.7200000e+00   5.3160184e-01   0.0000000e+00
   1.7400000e+00   5.2906943e-01   0.0000000e+00
   1.7600000e+00   5.2667579e-01   0.0000000e+00
   1.7800000e+00   5.2441021e-01   0.0000000e+00
   1.8000000e+00   5.2227270e-01   0.0000000e+00
   1.8200000e+00   5.2013520e-01   0.0000000e+00
   1.8400000e+00   5.1799769e-01   0.0000000e+00
   1.8600000e+00   5.1586018e-01   0.0000000e+00
   1.8800000e+00   5.1372267e-01   0.0000000e+00
   1.9000000e+00   5.1193113e-01   0.0000000e+00
   1.9200000e+00   5.1048555e-01   0.0000000e+00
   1.9400000e+00   5.0918749e-01   0.0000000e+00
   1.9600000e+00   5.0773690e-01   0.0000000e+00
   1.9800000e+00   5.0613377e-01   0.0000000e+00
   2.0000000e+00   5.0453064e-01   0.0000000e+00
   2.0200000e+00   5.0319268e-01   0.0000000e+00
   2.0400000e+00   5.0211990e-01   0.0000000e+00
   2.0600000e+00   5.0105114e-01   0.0000000e+00
   2.0800000e+00   4.9998239e-01   0.0000000e+00
   2.1000000e+00   4.9891363e-01   0.0000000e+00
   2.1200000e+00   4.9784488e-01   0.0000000e+00
   2.1400000e+00   4.9677613e-01   0.0000000e+00
   2.1600000e+00   4.9570737e-01   0.0000000e+00
   2.1800000e+00   4.9463862e-01   0.0000000e+00
   2.2000000e+00   4.9356986e-01   0.0000000e+00
   2.2200000e+00   4.9250111e-01   0.0000000e+00
   2.2400000e+00   4.9143236e-01   0.0000000e+00
   2.2600000e+00   4.9036360e-01   0.0000000e+00
   2.2800000e+00   4.8929485e-01   0.0000000e+00
   2.3000000e+00   4.8848891e-01   0.0000000e+00
   2.3200000e+00   4.8807120e-01   0.0000000e+00
   2.3400000e+00   4.8804171e-01   0.0000000e+00
   2.3600000e+00   4.8697296e-01   0.0000000e+00
   2.3800000e+00   4.8590420e-01   0.0000000e+00
   2.4000000e+00   4.8483545e-01   0.0000000e+00
   2.4200000e+00   4.8376669e-01   0.0000000e+00
   2.4400000e+00   4.8279750e-01   0.0000000e+00
   2.4600000e+00   4.8192787e-01   0.0000000e+00
   2.4800000e+00   4.8131104e-01   0.0000000e+00
   2.5000000e+00   4.8046824e-01   0.0000000e+00
   2.5200000e+00   4.7939949e-01   0.0000000e+00
   2.5400000e+00   4.7833073e-01   0.0000000e+00
   2.5600000e+00   4.7726198e-01   0.0000000e+00
   2.5800000e+00   4.7619322e-01   0.0000000e+00
   2.6000000e+00   4.7459078e-01   0.0000000e+00
   2.6200000e+00   4.7287099e-01   0.0000000e+00
   2.6400000e+00   4.7103384e-01   0.0000000e+00
   2.6600000e+00   4.6993157e-01   0.0000000e+00
   2.6800000e+00   4.6857887e-01   0.0000000e+00
   2.7000000e+00   4.6697574e-01   0.0000000e+00
   2.7200000e+00   4.6537261e-01   0.0000000e+00
   2.7400000e+00   4.6376947e-01   0.0000000e+00
   2.7600000e+00   4.6216634e-01   0.0000000e+00
   2.7800000e+00   4.6078111e-01   0.0000000e+00
   2.8000000e+00   4.5950350e-01   0.0000000e+00
   2.8200000e+00   4.5833351e-01   0.0000000e+00
   2.8400000e+00   4.5673038e-01   0.0000000e+00
   2.8600000e+00   4.5538672e-01   0.0000000e+00
   2.8800000e+00   4.5430254e-01   0.0000000e+00
   2.9000000e+00   4.5323378e-01   0.0000000e+00
   2.9200000e+00   4.5216503e-01   0.0000000e+00
   2.9400000e+00   4.5109628e-01   0.0000000e+00
   2.9600000e+00   4.5002752e-01   0.0000000e+00
   2.9800000e+00   4.4895877e-01   0.0000000e+00
   3.0000000e+00   4.4789001e-01   0.0000000e+00
   3.0200000e+00   4.4682126e-01   0.0000000e+00
   3.0400000e+00   4.4575250e-01   0.0000000e+00
   3.0600000e+00   4.4468375e-01   0.0000000e+00
   3.0800000e+00   4.4396833e-01   0.0000000e+00
   3.1000000e+00   4.4322510e-01   0.0000000e+00
   3.1200000e+00   4.4245405e-01   0.0000000e+00
   3.1400000e+00   4.4162531e-01   0.0000000e+00
   3.1600000e+00   4.4120760e-01   0.0000000e+00
   3.1800000e+00   4.4120091e-01   0.0000000e+00
   3.2000000e+00   4.4013216e-01   0.0000000e+00
   3.2200000e+00   4.3948446e-01   0.0000000e+00
   3.2400000e+00   4.3925781e-01   0.0000000e+00
   3.2600000e+00   4.3864903e-01   0.0000000e+00
   3.2800000e+00   4.3790413e-01   0.0000000e+00
   3.3000000e+00   4.3702310e-01   0.0000000e+00
   3.3200000e+00   4.3648872e-01   0.0000000e+00
   3.3400000e+00   4.3595435e-01   0.0000000e+00
   3.3600000e+00   4.3541997e-01   0.0000000e+00
   3.3800000e+00   4.3439682e-01   0.0000000e+00
   3.4000000e+00   4.3335087e-01   0.0000000e+00
   3.4200000e+00   4.3228211e-01   0.0000000e+00
   3.4400000e+00   4.3172425e-01   0.0000000e+00
   3.4600000e+00   4.3137592e-01   0.0000000e+00
   3.4800000e+00   4.3123714e-01   0.0000000e+00
   3.5000000e+00   4.3070277e-01   0.0000000e+00
   3.5200000e+00   4.3016839e-01   0.0000000e+00
   3.5400000e+00   4.2963401e-01   0.0000000e+00
   3.5600000e+00   4.2909964e-01   0.0000000e+00
   3.5800000e+00   4.2856526e-01   0.0000000e+00
   3.6000000e+00   4.2803088e-01   0.0000000e+00
   3.6200000e+00   4.2749651e-01   0.0000000e+00
   3.6400000e+00   4.2700705e-01   0.0000000e+00
   3.6600000e+00   4.2656250e-01   0.0000000e+00
   3.6800000e+00   4.2656250e-01   0.0000000e+00
   3.7000000e+00   4.2630873e-01   0.0000000e+00
   3.7200000e+00   4.2580118e-01   0.0000000e+00
   3.7400000e+00   4.2487593e-01   0.0000000e+00
   3.7600000e+00   4.2415314e-01   0.0000000e+00
   3.7800000e+00   4.2363281e-01   0.0000000e+00
   3.8000000e+00   4.2347526e-01   0.0000000e+00
   2.0000000e+00   7.5995992e-01   1.0000000e+00
   2.0200000e+00   7.5728803e-01   1.0000000e+00
   2.0400000e+00   7.5461615e-01   1.0000000e+00
   2.0600000e+00   7.5194426e-01   1.0000000e+00
   2.0800000e+00   7.4927238e-01   1.0000000e+00
   2.1000000e+00   7.4660049e-01   1.0000000e+00
   2.1200000e+00   7.4392861e-01   1.0000000e+00
   2.1400000e+00   7.4125672e-01   1.0000000e+00
   2.1600000e+00   7.3858484e-01   1.0000000e+00
   2.1800000e+00   7.3591295e-01   1.0000000e+00
   2.2000000e+00   7.3372247e-01   1.0000000e+00
   2.2200000e+00   7.3201338e-01   1.0000000e+00
   2.2400000e+00   7.3041025e-01   1.0000000e+00
   2.2600000e+00   7.2880712e-01   1.0000000e+00
   2.2800000e+00   7.2720399e-01   1.0000000e+00
   2.3000000e+00   7.2546945e-01   1.0000000e+00
   2.3200000e+00   7.2352606e-01   1.0000000e+00
   2.3400000e+00   7.2137381e-01   1.0000000e+00
   2.3600000e+00   7.1870192e-01   1.0000000e+00
   2.3800000e+00   7.1603004e-01   1.0000000e+00
   2.4000000e+00   7.1335815e-01   1.0000000e+00
   2.4200000e+00   7.1068627e-01   1.0000000e+00
   2.4400000e+00   7.0811394e-01   1.0000000e+00
   2.4600000e+00   7.0564118e-01   1.0000000e+00
   2.4800000e+00   7.0350368e-01   1.0000000e+00
   2.5000000e+00   7.0136617e-01   1.0000000e+00
   2.5200000e+00   6.9922866e-01   1.0000000e+00
   2.5400000e+00   6.9809150e-01   1.0000000e+00
   2.5600000e+00   6.9660503e-01   1.0000000e+00
   2.5800000e+00   6.9476926e-01   1.0000000e+00
   2.6000000e+00   6.9263175e-01   1.0000000e+00
   2.6200000e+00   6.9056933e-01   1.0000000e+00
   2.6400000e+00   6.8858200e-01   1.0000000e+00
   2.6600000e+00   6.8694536e-01   1.0000000e+00
   2.6800000e+00   6.8505828e-01   1.0000000e+00
   2.7000000e+00   6.8292077e-01   1.0000000e+00
   2.7200000e+00   6.8123449e-01   1.0000000e+00
   2.7400000e+00   6.7958979e-01   1.0000000e+00
   2.7600000e+00   6.7798666e-01   1.0000000e+00
   2.7800000e+00   6.7660142e-01   1.0000000e+00
   2.8000000e+00   6.7542505e-01   1.0000000e+00
   2.8200000e+00   6.7445753e-01   1.0000000e+00
   2.8400000e+00   6.7392315e-01   1.0000000e+00
   2.8600000e+00   6.7312930e-01   1.0000000e+00
   2.8800000e+00   6.7207597e-01   1.0000000e+00
   2.9000000e+00   6.7140950e-01   1.0000000e+00
   2.9200000e+00   6.7066627e-01   1.0000000e+00
   2.9400000e+00   6.6984628e-01   1.0000000e+00
   2.9600000e+00   6.6877752e-01   1.0000000e+00
   2.9800000e+00   6.6770877e-01   1.0000000e+00
   3.0000000e+00   6.6664001e-01   1.0000000e+00
   3.0200000e+00   6.6557126e-01   1.0000000e+00
   3.0400000e+00   6.6426751e-01   1.0000000e+00
   3.0600000e+00   6.6272875e-01   1.0000000e+00
   3.0800000e+00   6.6077229e-01   1.0000000e+00
   3.1000000e+00   6.5884363e-01   1.0000000e+00
   3.1200000e+00   6.5694280e-01   1.0000000e+00
   3.1400000e+00   6.5545967e-01   1.0000000e+00
