   6.0000000e-01   9.5522485e-01   0.0000000e+00
   6.2000000e-01   9.3764073e-01   0.0000000e+00
   6.4000000e-01   9.1691905e-01   0.0000000e+00
   6.6000000e-01   8.9305981e-01   0.0000000e+00
   6.8000000e-01   8.7168473e-01   0.0000000e+00
   7.0000000e-01   8.5099253e-01   0.0000000e+00
   7.2000000e-01   8.3098322e-01   0.0000000e+00
   7.4000000e-01   8.1290423e-01   0.0000000e+00
   7.6000000e-01   7.9664628e-01   0.0000000e+00
   7.8000000e-01   7.8220935e-01   0.0000000e+00
   8.0000000e-01   7.7099549e-01   0.0000000e+00
   8.2000000e-01   7.5870885e-01   0.0000000e+00
   8.4000000e-01   7.4534942e-01   0.0000000e+00
   8.6000000e-01   7.3617380e-01   0.0000000e+00
   8.8000000e-01   7.2765325e-01   0.0000000e+00
   9.0000000e-01   7.1978778e-01   0.0000000e+00
   9.2000000e-01   7.1346509e-01   0.0000000e+00
   9.4000000e-01   7.0754536e-01   0.0000000e+00
   9.6000000e-01   7.0202861e-01   0.0000000e+00
   9.8000000e-01   6.9626310e-01   0.0000000e+00
   1.0000000e+00   6.9097565e-01   0.0000000e+00
   1.0200000e+00   6.8616625e-01   0.0000000e+00
   1.0400000e+00   6.8135686e-01   0.0000000e+00
   1.0600000e+00   6.7654747e-01   0.0000000e+00
   1.0800000e+00   6.7173807e-01   0.0000000e+00
   1.1000000e+00   6.6716938e-01   0.0000000e+00
   1.1200000e+00   6.6274752e-01   0.0000000e+00
   1.1400000e+00   6.5847251e-01   0.0000000e+00
   1.1600000e+00   6.5419749e-01   0.0000000e+00
   1.1800000e+00   6.4992247e-01   0.0000000e+00
   1.2000000e+00   6.4564746e-01   0.0000000e+00
   1.2200000e+00   6.4137244e-01   0.0000000e+00
   1.2400000e+00   6.3709743e-01   0.0000000e+00
   1.2600000e+00   6.3282241e-01   0.0000000e+00
   1.2800000e+00   6.2854739e-01   0.0000000e+00
   1.3000000e+00   6.2419729e-01   0.0000000e+00
   1.3200000e+00   6.1977209e-01   0.0000000e+00
   1.3400000e+00   6.1442832e-01   0.0000000e+00
   1.3600000e+00   6.1007016e-01   0.0000000e+00
   1.3800000e+00   6.0669759e-01   0.0000000e+00
   1.4000000e+00   6.0273906e-01   0.0000000e+00
   1.4200000e+00   5.9875202e-01   0.0000000e+00
   1.4400000e+00   5.9473647e-01   0.0000000e+00
   1.4600000e+00   5.9071022e-01   0.0000000e+00
   1.4800000e+00   5.8633161e-01   0.0000000e+00
   1.5000000e+00   5.8160064e-01   0.0000000e+00
   1.5200000e+00   5.7839438e-01   0.0000000e+00
   1.5400000e+00   5.7496619e-01   0.0000000e+00
   1.5600000e+00   5.7131607e-01   0.0000000e+00
   1.5800000e+00   5.6790263e-01   0.0000000e+00
   1.6000000e+00   5.6469804e-01   0.0000000e+00
   1.6200000e+00   5.6170230e-01   0.0000000e+00
   1.6400000e+00   5.5903041e-01   0.0000000e+00
   1.6600000e+00   5.5635853e-01   0.0000000e+00
   1.6800000e+00   5.5368664e-01   0.0000000e+00
   1.7000000e+00   5.5101476e-01   0.0000000e+00
   1.7200000e+00   5.4854033e-01   0.0000000e+00
   1.7400000e+00   5.4626335e-01   0.0000000e+00
   1.7600000e+00   5.4412585e-01   0.0000000e+00
   1.7800000e+00   5.4206913e-01   0.0000000e+00
   1.8000000e+00   5.4009320e-01   0.0000000e+00
   1.8200000e+00   5.3849007e-01   0.0000000e+00
   1.8400000e+00   5.3688694e-01   0.0000000e+00
   1.8600000e+00   5.3528381e-01   0.0000000e+00
   1.8800000e+00   5.3321805e-01   0.0000000e+00
   1.9000000e+00   5.3111641e-01   0.0000000e+00
   1.9200000e+00   5.2897890e-01   0.0000000e+00
   1.9400000e+00   5.2707070e-01   0.0000000e+00
   1.9600000e+00   5.2525871e-01   0.0000000e+00
   1.9800000e+00   5.2354294e-01   0.0000000e+00
   2.0000000e+00   5.2140543e-01   0.0000000e+00
   2.0200000e+00   5.1926793e-01   0.0000000e+00
   2.0400000e+00   5.1713042e-01   0.0000000e+00
   2.0600000e+00   5.1499291e-01   0.0000000e+00
   2.0800000e+00   5.1285540e-01   0.0000000e+00
   2.1000000e+00   5.1071789e-01   0.0000000e+00
   2.1200000e+00   5.0858039e-01   0.0000000e+00
   2.1400000e+00   5.0644288e-01   0.0000000e+00
   2.1600000e+00   5.0430537e-01   0.0000000e+00
   2.1800000e+00   5.0216786e-01   0.0000000e+00
   2.2000000e+00   5.0003035e-01   0.0000000e+00
   2.2200000e+00   4.9789285e-01   0.0000000e+00
   2.2400000e+00   4.9539060e-01   0.0000000e+00
   2.2600000e+00   4.9305161e-01   0.0000000e+00
   2.2800000e+00   4.9087586e-01   0.0000000e+00
   2.3000000e+00   4.8927273e-01   0.0000000e+00
   2.3200000e+00   4.8766960e-01   0.0000000e+00
   2.3400000e+00   4.8606647e-01   0.0000000e+00
   2.3600000e+00   4.8446334e-01   0.0000000e+00
   2.3800000e+00   4.8264398e-01   0.0000000e+00
   2.4000000e+00   4.8060840e-01   0.0000000e+00
   2.4200000e+00   4.7910247e-01   0.0000000e+00
   2.4400000e+00   4.7781513e-01   0.0000000e+00
   2.4600000e+00   4.7674637e-01   0.0000000e+00
   2.4800000e+00   4.7559516e-01   0.0000000e+00
   2.5000000e+00   4.7421799e-01   0.0000000e+00
   2.5200000e+00   4.7261485e-01   0.0000000e+00
   2.5400000e+00   4.7101172e-01   0.0000000e+00
   2.5600000e+00   4.6960035e-01   0.0000000e+00
   2.5800000e+00   4.6838072e-01   0.0000000e+00
   2.6000000e+00   4.6731197e-01   0.0000000e+00
   2.6200000e+00   4.6609304e-01   0.0000000e+00
   2.6400000e+00   4.6472392e-01   0.0000000e+00
   2.6600000e+00   4.6265345e-01   0.0000000e+00
   2.6800000e+00   4.6108383e-01   0.0000000e+00
   2.7000000e+00   4.6001508e-01   0.0000000e+00
   2.7200000e+00   4.5804387e-01   0.0000000e+00
   2.7400000e+00   4.5632407e-01   0.0000000e+00
   2.7600000e+00   4.5485569e-01   0.0000000e+00
   2.7800000e+00   4.5356904e-01   0.0000000e+00
   2.8000000e+00   4.5212414e-01   0.0000000e+00
   2.8200000e+00   4.5052101e-01   0.0000000e+00
   2.8400000e+00   4.4891788e-01   0.0000000e+00
   2.8600000e+00   4.4757422e-01   0.0000000e+00
   2.8800000e+00   4.4649004e-01   0.0000000e+00
   2.9000000e+00   4.4542128e-01   0.0000000e+00
   2.9200000e+00   4.4406691e-01   0.0000000e+00
   2.9400000e+00   4.4242693e-01   0.0000000e+00
   2.9600000e+00   4.4062732e-01   0.0000000e+00
   2.9800000e+00   4.3919314e-01   0.0000000e+00
   3.0000000e+00   4.3812439e-01   0.0000000e+00
   3.0200000e+00   4.3705563e-01   0.0000000e+00
   3.0400000e+00   4.3575188e-01   0.0000000e+00
   3.0600000e+00   4.3421313e-01   0.0000000e+00
   3.0800000e+00   4.3331667e-01   0.0000000e+00
   3.1000000e+00   4.3224624e-01   0.0000000e+00
   3.1200000e+00   4.3100185e-01   0.0000000e+00
   3.1400000e+00   4.2910436e-01   0.0000000e+00
   3.1600000e+00   4.2762123e-01   0.0000000e+00
   3.1800000e+00   4.2655248e-01   0.0000000e+00
   3.2000000e+00   4.2548372e-01   0.0000000e+00
   3.2200000e+00   4.2441497e-01   0.0000000e+00
   3.2400000e+00   4.2334621e-01   0.0000000e+00
   3.2600000e+00   4.2227746e-01   0.0000000e+00
   3.2800000e+00   4.2111484e-01   0.0000000e+00
   3.3000000e+00   4.1985837e-01   0.0000000e+00
   3.3200000e+00   4.1839735e-01   0.0000000e+00
   3.3400000e+00   4.1739966e-01   0.0000000e+00
   3.3600000e+00   4.1686528e-01   0.0000000e+00
   3.3800000e+00   4.1535336e-01   0.0000000e+00
   3.4000000e+00   4.1398189e-01   0.0000000e+00
   3.4200000e+00   4.1275086e-01   0.0000000e+00
   3.4400000e+00   4.1142667e-01   0.0000000e+00
   3.4600000e+00   4.1003239e-01   0.0000000e+00
   3.4800000e+00   4.0856804e-01   0.0000000e+00
   3.5000000e+00   4.0749929e-01   0.0000000e+00
   3.5200000e+00   4.0643053e-01   0.0000000e+00
   3.5400000e+00   4.0536178e-01   0.0000000e+00
   3.5600000e+00   4.0473285e-01   0.0000000e+00
   3.5800000e+00   4.0415120e-01   0.0000000e+00
   3.6000000e+00   4.0361682e-01   0.0000000e+00
   3.6200000e+00   4.0287595e-01   0.0000000e+00
   3.6400000e+00   4.0201605e-01   0.0000000e+00
   3.6600000e+00   4.0103713e-01   0.0000000e+00
   3.6800000e+00   4.0050275e-01   0.0000000e+00
   3.7000000e+00   3.9971460e-01   0.0000000e+00
   3.7200000e+00   3.9867268e-01   0.0000000e+00
   3.7400000e+00   3.9799481e-01   0.0000000e+00
   3.7600000e+00   3.9725157e-01   0.0000000e+00
   3.7800000e+00   3.9644298e-01   0.0000000e+00
   2.0000000e+00   7.6597616e-01   1.0000000e+00
   2.0200000e+00   7.6490740e-01   1.0000000e+00
   2.0400000e+00   7.6383865e-01   1.0000000e+00
   2.0600000e+00   7.6194253e-01   1.0000000e+00
   2.0800000e+00   7.5948019e-01   1.0000000e+00
   2.1000000e+00   7.5645163e-01   1.0000000e+00
   2.1200000e+00   7.5289134e-01   1.0000000e+00
   2.1400000e+00   7.4953991e-01   1.0000000e+00
   2.1600000e+00   7.4639734e-01   1.0000000e+00
   2.1800000e+00   7.4372545e-01   1.0000000e+00
   2.2000000e+00   7.4105357e-01   1.0000000e+00
   2.2200000e+00   7.3838168e-01   1.0000000e+00
   2.2400000e+00   7.3534506e-01   1.0000000e+00
   2.2600000e+00   7.3247169e-01   1.0000000e+00
   2.2800000e+00   7.2976157e-01   1.0000000e+00
   2.3000000e+00   7.2749266e-01   1.0000000e+00
   2.3200000e+00   7.2502226e-01   1.0000000e+00
   2.3400000e+00   7.2235037e-01   1.0000000e+00
   2.3600000e+00   7.1967848e-01   1.0000000e+00
   2.3800000e+00   7.1679037e-01   1.0000000e+00
   2.4000000e+00   7.1368603e-01   1.0000000e+00
   2.4200000e+00   7.1111135e-01   1.0000000e+00
   2.4400000e+00   7.0865569e-01   1.0000000e+00
   2.4600000e+00   7.0631906e-01   1.0000000e+00
   2.4800000e+00   7.0372963e-01   1.0000000e+00
   2.5000000e+00   7.0136617e-01   1.0000000e+00
   2.5200000e+00   6.9922866e-01   1.0000000e+00
   2.5400000e+00   6.9759133e-01   1.0000000e+00
   2.5600000e+00   6.9616285e-01   1.0000000e+00
   2.5800000e+00   6.9494322e-01   1.0000000e+00
   2.6000000e+00   6.9334078e-01   1.0000000e+00
   2.6200000e+00   6.9154590e-01   1.0000000e+00
   2.6400000e+00   6.8955857e-01   1.0000000e+00
   2.6600000e+00   6.8798895e-01   1.0000000e+00
   2.6800000e+00   6.8666977e-01   1.0000000e+00
   2.7000000e+00   6.8560101e-01   1.0000000e+00
   2.7200000e+00   6.8317858e-01   1.0000000e+00
   2.7400000e+00   6.8079870e-01   1.0000000e+00
   2.7600000e+00   6.7846137e-01   1.0000000e+00
   2.7800000e+00   6.7632387e-01   1.0000000e+00
   2.8000000e+00   6.7423698e-01   1.0000000e+00
   2.8200000e+00   6.7220070e-01   1.0000000e+00
   2.8400000e+00   6.7059757e-01   1.0000000e+00
   2.8600000e+00   6.6899444e-01   1.0000000e+00
   2.8800000e+00   6.6739131e-01   1.0000000e+00
   2.9000000e+00   6.6578818e-01   1.0000000e+00
   2.9200000e+00   6.6432785e-01   1.0000000e+00
   2.9400000e+00   6.6301034e-01   1.0000000e+00
   2.9600000e+00   6.6177263e-01   1.0000000e+00
   2.9800000e+00   6.6037836e-01   1.0000000e+00
   3.0000000e+00   6.5882751e-01   1.0000000e+00
   3.0200000e+00   6.5775876e-01   1.0000000e+00
   3.0400000e+00   6.5669000e-01   1.0000000e+00
   3.0600000e+00   6.5562125e-01   1.0000000e+00
   3.0800000e+00   6.5384583e-01   1.0000000e+00
   3.1000000e+00   6.5212603e-01   1.0000000e+00
   3.1200000e+00   6.5046186e-01   1.0000000e+00
   3.1400000e+00   6.4939311e-01   1.0000000e+00
   3.1600000e+00   6.4832102e-01   1.0000000e+00
   3.1800000e+00   6.4724558e-01   1.0000000e+00
   3.2000000e+00   6.4510807e-01   1.0000000e+00
   3.2200000e+00   6.4318109e-01   1.0000000e+00
   3.2400000e+00   6.4146463e-01   1.0000000e+00
   3.2600000e+00   6.3986150e-01   1.0000000e+00
   3.2800000e+00   6.3835223e-01   1.0000000e+00
   3.3000000e+00   6.3693683e-01   1.0000000e+00
   3.3200000e+00   6.3579701e-01   1.0000000e+00
   3.3400000e+00   6.3442554e-01   1.0000000e+00
   3.3600000e+00   6.3282241e-01   1.0000000e+00
   3.3800000e+00   6.3121928e-01   1.0000000e+00
   3.4000000e+00   6.2980220e-01   1.0000000e+00
   3.4200000e+00   6.2857118e-01   1.0000000e+00
   3.4400000e+00   6.2724698e-01   1.0000000e+00
   3.4600000e+00   6.2585271e-01   1.0000000e+00
   3.4800000e+00   6.2438835e-01   1.0000000e+00
   3.5000000e+00   6.2331960e-01   1.0000000e+00
   3.5200000e+00   6.2225084e-01   1.0000000e+00
   3.5400000e+00   6.2118209e-01   1.0000000e+00
   3.5600000e+00   6.2055316e-01   1.0000000e+00
   3.5800000e+00   6.1997151e-01   1.0000000e+00
   3.6000000e+00   6.1943713e-01   1.0000000e+00
   3.6200000e+00   6.1869626e-01   1.0000000e+00
   3.6400000e+00   6.1779145e-01   1.0000000e+00
   3.6600000e+00   6.1672269e-01   1.0000000e+00
   3.6800000e+00   6.1565394e-01   1.0000000e+00
   3.7000000e+00   6.1433141e-01   1.0000000e+00
   3.7200000e+00   6.1275511e-01   1.0000000e+00
   3.7400000e+00   6.1193374e-01   1.0000000e+00
   3.7600000e+00   6.1111876e-01   1.0000000e+00
   3.7800000e+00   6.1031017e-01   1.0000000e+00
   3.8000000e+00   6.0924141e-01   1.0000000e+00
