   6.1000000e-01   9.7173756e-01   0.0000000e+00
   6.3000000e-01   9.5919951e-01   0.0000000e+00
   6.5000000e-01   9.4172399e-01   0.0000000e+00
   6.7000000e-01   9.2176432e-01   0.0000000e+00
   6.9000000e-01   8.9932048e-01   0.0000000e+00
   7.1000000e-01   8.7687665e-01   0.0000000e+00
   7.3000000e-01   8.5527929e-01   0.0000000e+00
   7.5000000e-01   8.3452842e-01   0.0000000e+00
   7.7000000e-01   8.1653190e-01   0.0000000e+00
   7.9000000e-01   7.9983780e-01   0.0000000e+00
   8.1000000e-01   7.8444613e-01   0.0000000e+00
   8.3000000e-01   7.6948357e-01   0.0000000e+00
   8.5000000e-01   7.5608994e-01   0.0000000e+00
   8.7000000e-01   7.4426524e-01   0.0000000e+00
   8.9000000e-01   7.3047739e-01   0.0000000e+00
   9.1000000e-01   7.1781760e-01   0.0000000e+00
   9.3000000e-01   7.0628589e-01   0.0000000e+00
   9.5000000e-01   6.9754744e-01   0.0000000e+00
   9.7000000e-01   6.8922671e-01   0.0000000e+00
   9.9000000e-01   6.8132369e-01   0.0000000e+00
   1.0100000e+00   6.7437679e-01   0.0000000e+00
   1.0300000e+00   6.6790392e-01   0.0000000e+00
   1.0500000e+00   6.6190507e-01   0.0000000e+00
   1.0700000e+00   6.5638429e-01   0.0000000e+00
   1.0900000e+00   6.5107236e-01   0.0000000e+00
   1.1100000e+00   6.4596929e-01   0.0000000e+00
   1.1300000e+00   6.4115990e-01   0.0000000e+00
   1.1500000e+00   6.3635051e-01   0.0000000e+00
   1.1700000e+00   6.3154111e-01   0.0000000e+00
   1.1900000e+00   6.2673172e-01   0.0000000e+00
   1.2100000e+00   6.2213487e-01   0.0000000e+00
   1.2300000e+00   6.1775056e-01   0.0000000e+00
   1.2500000e+00   6.1347554e-01   0.0000000e+00
   1.2700000e+00   6.0920053e-01   0.0000000e+00
   1.2900000e+00   6.0492551e-01   0.0000000e+00
   1.3100000e+00   6.0072558e-01   0.0000000e+00
   1.3300000e+00   5.9675530e-01   0.0000000e+00
   1.3500000e+00   5.9301466e-01   0.0000000e+00
   1.3700000e+00   5.8878122e-01   0.0000000e+00
   1.3900000e+00   5.8452699e-01   0.0000000e+00
   1.4100000e+00   5.8025198e-01   0.0000000e+00
   1.4300000e+00   5.7649590e-01   0.0000000e+00
   1.4500000e+00   5.7287193e-01   0.0000000e+00
   1.4700000e+00   5.6938005e-01   0.0000000e+00
   1.4900000e+00   5.6513118e-01   0.0000000e+00
   1.5100000e+00   5.6113642e-01   0.0000000e+00
   1.5300000e+00   5.5739578e-01   0.0000000e+00
   1.5500000e+00   5.5409900e-01   0.0000000e+00
   1.5700000e+00   5.5068388e-01   0.0000000e+00
   1.5900000e+00   5.4715043e-01   0.0000000e+00
   1.6100000e+00   5.4383084e-01   0.0000000e+00
   1.6300000e+00   5.4088204e-01   0.0000000e+00
   1.6500000e+00   5.3830402e-01   0.0000000e+00
   1.6700000e+00   5.3616651e-01   0.0000000e+00
   1.6900000e+00   5.3377321e-01   0.0000000e+00
   1.7100000e+00   5.3112413e-01   0.0000000e+00
   1.7300000e+00   5.2884715e-01   0.0000000e+00
   1.7500000e+00   5.2663991e-01   0.0000000e+00
   1.7700000e+00   5.2450240e-01   0.0000000e+00
   1.7900000e+00   5.2236489e-01   0.0000000e+00
   1.8100000e+00   5.2022739e-01   0.0000000e+00
   1.8300000e+00   5.1808988e-01   0.0000000e+00
   1.8500000e+00   5.1595237e-01   0.0000000e+00
   1.8700000e+00   5.1404618e-01   0.0000000e+00
   1.8900000e+00   5.1237130e-01   0.0000000e+00
   1.9100000e+00   5.1042220e-01   0.0000000e+00
   1.9300000e+00   5.0849355e-01   0.0000000e+00
   1.9500000e+00   5.0658534e-01   0.0000000e+00
   1.9700000e+00   5.0509484e-01   0.0000000e+00
   1.9900000e+00   5.0381522e-01   0.0000000e+00
   2.0100000e+00   5.0274646e-01   0.0000000e+00
   2.0300000e+00   5.0167771e-01   0.0000000e+00
   2.0500000e+00   5.0040212e-01   0.0000000e+00
   2.0700000e+00   4.9891968e-01   0.0000000e+00
   2.0900000e+00   4.9761357e-01   0.0000000e+00
   2.1100000e+00   4.9642613e-01   0.0000000e+00
   2.1300000e+00   4.9535738e-01   0.0000000e+00
   2.1500000e+00   4.9428862e-01   0.0000000e+00
   2.1700000e+00   4.9321987e-01   0.0000000e+00
   2.1900000e+00   4.9215112e-01   0.0000000e+00
   2.2100000e+00   4.9108236e-01   0.0000000e+00
   2.2300000e+00   4.9037834e-01   0.0000000e+00
   2.2500000e+00   4.9003906e-01   0.0000000e+00
   2.2700000e+00   4.8954292e-01   0.0000000e+00
   2.2900000e+00   4.8889188e-01   0.0000000e+00
   2.3100000e+00   4.8808594e-01   0.0000000e+00
   2.3300000e+00   4.8805645e-01   0.0000000e+00
   2.3500000e+00   4.8750733e-01   0.0000000e+00
   2.3700000e+00   4.8643858e-01   0.0000000e+00
   2.3900000e+00   4.8580228e-01   0.0000000e+00
   2.4100000e+00   4.8521694e-01   0.0000000e+00
   2.4300000e+00   4.8468257e-01   0.0000000e+00
   2.4500000e+00   4.8394906e-01   0.0000000e+00
   2.4700000e+00   4.8304793e-01   0.0000000e+00
   2.4900000e+00   4.8197918e-01   0.0000000e+00
   2.5100000e+00   4.8091043e-01   0.0000000e+00
   2.5300000e+00   4.8009176e-01   0.0000000e+00
   2.5500000e+00   4.7952318e-01   0.0000000e+00
   2.5700000e+00   4.7860529e-01   0.0000000e+00
   2.5900000e+00   4.7761197e-01   0.0000000e+00
   2.6100000e+00   4.7654322e-01   0.0000000e+00
   2.6300000e+00   4.7517411e-01   0.0000000e+00
   2.6500000e+00   4.7345431e-01   0.0000000e+00
   2.6700000e+00   4.7138383e-01   0.0000000e+00
   2.6900000e+00   4.7031508e-01   0.0000000e+00
   2.7100000e+00   4.6924632e-01   0.0000000e+00
   2.7300000e+00   4.6817757e-01   0.0000000e+00
   2.7500000e+00   4.6643969e-01   0.0000000e+00
   2.7700000e+00   4.6471989e-01   0.0000000e+00
   2.7900000e+00   4.6301818e-01   0.0000000e+00
   2.8100000e+00   4.6194943e-01   0.0000000e+00
   2.8300000e+00   4.6088067e-01   0.0000000e+00
   2.8500000e+00   4.5981192e-01   0.0000000e+00
   2.8700000e+00   4.5770527e-01   0.0000000e+00
   2.8900000e+00   4.5618662e-01   0.0000000e+00
   2.9100000e+00   4.5525595e-01   0.0000000e+00
   2.9300000e+00   4.5415034e-01   0.0000000e+00
   2.9500000e+00   4.5288045e-01   0.0000000e+00
   2.9700000e+00   4.5144627e-01   0.0000000e+00
   2.9900000e+00   4.5037752e-01   0.0000000e+00
   3.0100000e+00   4.4930876e-01   0.0000000e+00
   3.0300000e+00   4.4824001e-01   0.0000000e+00
   3.0500000e+00   4.4717125e-01   0.0000000e+00
   3.0700000e+00   4.4627917e-01   0.0000000e+00
   3.0900000e+00   4.4556375e-01   0.0000000e+00
   3.1100000e+00   4.4479270e-01   0.0000000e+00
   3.1300000e+00   4.4393280e-01   0.0000000e+00
   3.1500000e+00   4.4298405e-01   0.0000000e+00
   3.1700000e+00   4.4244968e-01   0.0000000e+00
   3.1900000e+00   4.4191530e-01   0.0000000e+00
   3.2100000e+00   4.4138092e-01   0.0000000e+00
   3.2300000e+00   4.4042549e-01   0.0000000e+00
   3.2500000e+00   4.3971779e-01   0.0000000e+00
   3.2700000e+00   4.3925781e-01   0.0000000e+00
   3.2900000e+00   4.3925781e-01   0.0000000e+00
   3.3100000e+00   4.3918675e-01   0.0000000e+00
   3.3300000e+00   4.3904463e-01   0.0000000e+00
   3.3500000e+00   4.3797588e-01   0.0000000e+00
   3.3700000e+00   4.3715151e-01   0.0000000e+00
   3.3900000e+00   4.3657153e-01   0.0000000e+00
   3.4100000e+00   4.3603715e-01   0.0000000e+00
   3.4300000e+00   4.3550278e-01   0.0000000e+00
   3.4500000e+00   4.3496840e-01   0.0000000e+00
   3.4700000e+00   4.3443402e-01   0.0000000e+00
   3.4900000e+00   4.3391070e-01   0.0000000e+00
   3.5100000e+00   4.3339844e-01   0.0000000e+00
   3.5300000e+00   4.3339844e-01   0.0000000e+00
   3.5500000e+00   4.3339844e-01   0.0000000e+00
   3.5700000e+00   4.3339844e-01   0.0000000e+00
   3.5900000e+00   4.3404476e-01   0.0000000e+00
   3.6100000e+00   4.3479905e-01   0.0000000e+00
   3.6300000e+00   4.3566131e-01   0.0000000e+00
   3.6500000e+00   4.3595613e-01   0.0000000e+00
   3.6700000e+00   4.3565823e-01   0.0000000e+00
   3.6900000e+00   4.3476760e-01   0.0000000e+00
   3.7100000e+00   4.3387697e-01   0.0000000e+00
   3.7300000e+00   4.3298635e-01   0.0000000e+00
   3.7500000e+00   4.3209572e-01   0.0000000e+00
   3.7700000e+00   4.3166211e-01   0.0000000e+00
   3.7900000e+00   4.3144531e-01   0.0000000e+00
   2.0000000e+00   7.5984270e-01   1.0000000e+00
   2.0200000e+00   7.5708175e-01   1.0000000e+00
   2.0400000e+00   7.5432080e-01   1.0000000e+00
   2.0600000e+00   7.5155985e-01   1.0000000e+00
   2.0800000e+00   7.4879891e-01   1.0000000e+00
   2.1000000e+00   7.4603796e-01   1.0000000e+00
   2.1200000e+00   7.4327701e-01   1.0000000e+00
   2.1400000e+00   7.4051606e-01   1.0000000e+00
   2.1600000e+00   7.3775511e-01   1.0000000e+00
   2.1800000e+00   7.3499416e-01   1.0000000e+00
   2.2000000e+00   7.3275473e-01   1.0000000e+00
   2.2200000e+00   7.3103682e-01   1.0000000e+00
   2.2400000e+00   7.2943369e-01   1.0000000e+00
   2.2600000e+00   7.2770652e-01   1.0000000e+00
   2.2800000e+00   7.2585532e-01   1.0000000e+00
   2.3000000e+00   7.2358641e-01   1.0000000e+00
   2.3200000e+00   7.2112338e-01   1.0000000e+00
   2.3400000e+00   7.1846623e-01   1.0000000e+00
   2.3600000e+00   7.1632872e-01   1.0000000e+00
   2.3800000e+00   7.1375876e-01   1.0000000e+00
   2.4000000e+00   7.1075634e-01   1.0000000e+00
   2.4200000e+00   7.0818166e-01   1.0000000e+00
   2.4400000e+00   7.0582557e-01   1.0000000e+00
   2.4600000e+00   7.0368806e-01   1.0000000e+00
   2.4800000e+00   7.0155055e-01   1.0000000e+00
   2.5000000e+00   6.9941304e-01   1.0000000e+00
   2.5200000e+00   6.9727553e-01   1.0000000e+00
   2.5400000e+00   6.9513803e-01   1.0000000e+00
   2.5600000e+00   6.9300052e-01   1.0000000e+00
   2.5800000e+00   6.9086301e-01   1.0000000e+00
   2.6000000e+00   6.8899235e-01   1.0000000e+00
   2.6200000e+00   6.8718036e-01   1.0000000e+00
   2.6400000e+00   6.8542705e-01   1.0000000e+00
   2.6600000e+00   6.8332306e-01   1.0000000e+00
   2.6800000e+00   6.8146949e-01   1.0000000e+00
   2.7000000e+00   6.7986636e-01   1.0000000e+00
   2.7200000e+00   6.7871446e-01   1.0000000e+00
   2.7400000e+00   6.7743685e-01   1.0000000e+00
   2.7600000e+00   6.7603353e-01   1.0000000e+00
   2.7800000e+00   6.7486620e-01   1.0000000e+00
   2.8000000e+00   6.7396472e-01   1.0000000e+00
   2.8200000e+00   6.7332911e-01   1.0000000e+00
   2.8400000e+00   6.7226036e-01   1.0000000e+00
   2.8600000e+00   6.7145108e-01   1.0000000e+00
   2.8800000e+00   6.7090127e-01   1.0000000e+00
   2.9000000e+00   6.7076917e-01   1.0000000e+00
   2.9200000e+00   6.7041751e-01   1.0000000e+00
   2.9400000e+00   6.6984628e-01   1.0000000e+00
   2.9600000e+00   6.6860857e-01   1.0000000e+00
   2.9800000e+00   6.6718815e-01   1.0000000e+00
   3.0000000e+00   6.6558502e-01   1.0000000e+00
   3.0200000e+00   6.6398189e-01   1.0000000e+00
   3.0400000e+00   6.6214376e-01   1.0000000e+00
   3.0600000e+00   6.6007063e-01   1.0000000e+00
   3.0800000e+00   6.5828645e-01   1.0000000e+00
   3.1000000e+00   6.5659280e-01   1.0000000e+00
   3.1200000e+00   6.5498967e-01   1.0000000e+00
   3.1400000e+00   6.5362655e-01   1.0000000e+00
