   6.1000000e-01   9.5085396e-01   0.0000000e+00
   6.3000000e-01   9.3609593e-01   0.0000000e+00
   6.5000000e-01   9.1472960e-01   0.0000000e+00
   6.7000000e-01   8.8988544e-01   0.0000000e+00
   6.9000000e-01   8.6156346e-01   0.0000000e+00
   7.1000000e-01   8.3915982e-01   0.0000000e+00
   7.3000000e-01   8.1777835e-01   0.0000000e+00
   7.5000000e-01   7.9741905e-01   0.0000000e+00
   7.7000000e-01   7.7986638e-01   0.0000000e+00
   7.9000000e-01   7.6377069e-01   0.0000000e+00
   8.1000000e-01   7.4913198e-01   0.0000000e+00
   8.3000000e-01   7.3363505e-01   0.0000000e+00
   8.5000000e-01   7.1970704e-01   0.0000000e+00
   8.7000000e-01   7.0734796e-01   0.0000000e+00
   8.9000000e-01   6.9424467e-01   0.0000000e+00
   9.1000000e-01   6.8246154e-01   0.0000000e+00
   9.3000000e-01   6.7199858e-01   0.0000000e+00
   9.5000000e-01   6.6450187e-01   0.0000000e+00
   9.7000000e-01   6.5751909e-01   0.0000000e+00
   9.9000000e-01   6.5105025e-01   0.0000000e+00
   1.0100000e+00   6.4410335e-01   0.0000000e+00
   1.0300000e+00   6.3763048e-01   0.0000000e+00
   1.0500000e+00   6.3163164e-01   0.0000000e+00
   1.0700000e+00   6.2646822e-01   0.0000000e+00
   1.0900000e+00   6.2148181e-01   0.0000000e+00
   1.1100000e+00   6.1667242e-01   0.0000000e+00
   1.1300000e+00   6.1186303e-01   0.0000000e+00
   1.1500000e+00   6.0705363e-01   0.0000000e+00
   1.1700000e+00   6.0224424e-01   0.0000000e+00
   1.1900000e+00   5.9743485e-01   0.0000000e+00
   1.2100000e+00   5.9283799e-01   0.0000000e+00
   1.2300000e+00   5.8845368e-01   0.0000000e+00
   1.2500000e+00   5.8417867e-01   0.0000000e+00
   1.2700000e+00   5.7980777e-01   0.0000000e+00
   1.2900000e+00   5.7534100e-01   0.0000000e+00
   1.3100000e+00   5.7053161e-01   0.0000000e+00
   1.3300000e+00   5.6572222e-01   0.0000000e+00
   1.3500000e+00   5.6091282e-01   0.0000000e+00
   1.3700000e+00   5.5610343e-01   0.0000000e+00
   1.3900000e+00   5.5129404e-01   0.0000000e+00
   1.4100000e+00   5.4648464e-01   0.0000000e+00
   1.4300000e+00   5.4193472e-01   0.0000000e+00
   1.4500000e+00   5.3737945e-01   0.0000000e+00
   1.4700000e+00   5.3281881e-01   0.0000000e+00
   1.4900000e+00   5.2752733e-01   0.0000000e+00
   1.5100000e+00   5.2274408e-01   0.0000000e+00
   1.5300000e+00   5.1846907e-01   0.0000000e+00
   1.5500000e+00   5.1463790e-01   0.0000000e+00
   1.5700000e+00   5.1101560e-01   0.0000000e+00
   1.5900000e+00   5.0760215e-01   0.0000000e+00
   1.6100000e+00   5.0481694e-01   0.0000000e+00
   1.6300000e+00   5.0226172e-01   0.0000000e+00
   1.6500000e+00   4.9993649e-01   0.0000000e+00
   1.6700000e+00   4.9673023e-01   0.0000000e+00
   1.6900000e+00   4.9429133e-01   0.0000000e+00
   1.7100000e+00   4.9261979e-01   0.0000000e+00
   1.7300000e+00   4.9062175e-01   0.0000000e+00
   1.7500000e+00   4.8855397e-01   0.0000000e+00
   1.7700000e+00   4.8641647e-01   0.0000000e+00
   1.7900000e+00   4.8444054e-01   0.0000000e+00
   1.8100000e+00   4.8267347e-01   0.0000000e+00
   1.8300000e+00   4.8111525e-01   0.0000000e+00
   1.8500000e+00   4.8004650e-01   0.0000000e+00
   1.8700000e+00   4.7897774e-01   0.0000000e+00
   1.8900000e+00   4.7790899e-01   0.0000000e+00
   1.9100000e+00   4.7684024e-01   0.0000000e+00
   1.9300000e+00   4.7588613e-01   0.0000000e+00
   1.9500000e+00   4.7504668e-01   0.0000000e+00
   1.9700000e+00   4.7439966e-01   0.0000000e+00
   1.9900000e+00   4.7354178e-01   0.0000000e+00
   2.0100000e+00   4.7247303e-01   0.0000000e+00
   2.0300000e+00   4.7140427e-01   0.0000000e+00
   2.0500000e+00   4.7054236e-01   0.0000000e+00
   2.0700000e+00   4.6988729e-01   0.0000000e+00
   2.0900000e+00   4.6905589e-01   0.0000000e+00
   2.1100000e+00   4.6819600e-01   0.0000000e+00
   2.1300000e+00   4.6730759e-01   0.0000000e+00
   2.1500000e+00   4.6683691e-01   0.0000000e+00
   2.1700000e+00   4.6660156e-01   0.0000000e+00
   2.1900000e+00   4.6660156e-01   0.0000000e+00
   2.2100000e+00   4.6660156e-01   0.0000000e+00
   2.2300000e+00   4.6678393e-01   0.0000000e+00
   2.2500000e+00   4.6714867e-01   0.0000000e+00
   2.2700000e+00   4.6768304e-01   0.0000000e+00
   2.2900000e+00   4.6815172e-01   0.0000000e+00
   2.3100000e+00   4.6855469e-01   0.0000000e+00
   2.3300000e+00   4.6856943e-01   0.0000000e+00
   2.3500000e+00   4.6884399e-01   0.0000000e+00
   2.3700000e+00   4.6937837e-01   0.0000000e+00
   2.3900000e+00   4.6948029e-01   0.0000000e+00
   2.4100000e+00   4.6953125e-01   0.0000000e+00
   2.4300000e+00   4.6953125e-01   0.0000000e+00
   2.4500000e+00   4.6953125e-01   0.0000000e+00
   2.4700000e+00   4.6953125e-01   0.0000000e+00
   2.4900000e+00   4.6953125e-01   0.0000000e+00
   2.5100000e+00   4.6953125e-01   0.0000000e+00
   2.5300000e+00   4.6928116e-01   0.0000000e+00
   2.5500000e+00   4.6878099e-01   0.0000000e+00
   2.5700000e+00   4.6786310e-01   0.0000000e+00
   2.5900000e+00   4.6713663e-01   0.0000000e+00
   2.6100000e+00   4.6660156e-01   0.0000000e+00
   2.6300000e+00   4.6630120e-01   0.0000000e+00
   2.6500000e+00   4.6561665e-01   0.0000000e+00
   2.6700000e+00   4.6454789e-01   0.0000000e+00
   2.6900000e+00   4.6347914e-01   0.0000000e+00
   2.7100000e+00   4.6241039e-01   0.0000000e+00
   2.7300000e+00   4.6134163e-01   0.0000000e+00
   2.7500000e+00   4.6027288e-01   0.0000000e+00
   2.7700000e+00   4.5920412e-01   0.0000000e+00
   2.7900000e+00   4.5813537e-01   0.0000000e+00
   2.8100000e+00   4.5716785e-01   0.0000000e+00
   2.8300000e+00   4.5641690e-01   0.0000000e+00
   2.8500000e+00   4.5588252e-01   0.0000000e+00
   2.8700000e+00   4.5534814e-01   0.0000000e+00
   2.8900000e+00   4.5461263e-01   0.0000000e+00
   2.9100000e+00   4.5367597e-01   0.0000000e+00
   2.9300000e+00   4.5260722e-01   0.0000000e+00
   2.9500000e+00   4.5162294e-01   0.0000000e+00
   2.9700000e+00   4.5072313e-01   0.0000000e+00
   2.9900000e+00   4.5013647e-01   0.0000000e+00
   3.0100000e+00   4.4930876e-01   0.0000000e+00
   3.0300000e+00   4.4824001e-01   0.0000000e+00
   3.0500000e+00   4.4717125e-01   0.0000000e+00
   3.0700000e+00   4.4627917e-01   0.0000000e+00
   3.0900000e+00   4.4556375e-01   0.0000000e+00
   3.1100000e+00   4.4502937e-01   0.0000000e+00
   3.1300000e+00   4.4449499e-01   0.0000000e+00
   3.1500000e+00   4.4396062e-01   0.0000000e+00
   3.1700000e+00   4.4342624e-01   0.0000000e+00
   3.1900000e+00   4.4289186e-01   0.0000000e+00
   3.2100000e+00   4.4235748e-01   0.0000000e+00
   3.2300000e+00   4.4224416e-01   0.0000000e+00
   3.2500000e+00   4.4218750e-01   0.0000000e+00
   3.2700000e+00   4.4218750e-01   0.0000000e+00
   3.2900000e+00   4.4181205e-01   0.0000000e+00
   3.3100000e+00   4.4112548e-01   0.0000000e+00
   3.3300000e+00   4.4012779e-01   0.0000000e+00
   3.3500000e+00   4.3959341e-01   0.0000000e+00
   3.3700000e+00   4.3905903e-01   0.0000000e+00
   3.3900000e+00   4.3852465e-01   0.0000000e+00
   3.4100000e+00   4.3985081e-01   0.0000000e+00
   2.0400000e+00   7.3295073e-01   1.0000000e+00
   2.0600000e+00   7.3164059e-01   1.0000000e+00
   2.0800000e+00   7.2985710e-01   1.0000000e+00
   2.1000000e+00   7.2760028e-01   1.0000000e+00
   2.1200000e+00   7.2457437e-01   1.0000000e+00
   2.1400000e+00   7.2172547e-01   1.0000000e+00
   2.1600000e+00   7.1905359e-01   1.0000000e+00
   2.1800000e+00   7.1638170e-01   1.0000000e+00
   2.2000000e+00   7.1346912e-01   1.0000000e+00
   2.2200000e+00   7.1031583e-01   1.0000000e+00
   2.2400000e+00   7.0747430e-01   1.0000000e+00
   2.2600000e+00   7.0471760e-01   1.0000000e+00
   2.2800000e+00   7.0204571e-01   1.0000000e+00
   2.3000000e+00   6.9950523e-01   1.0000000e+00
   2.3200000e+00   6.9717361e-01   1.0000000e+00
   2.3400000e+00   6.9505085e-01   1.0000000e+00
   2.3600000e+00   6.9344772e-01   1.0000000e+00
   2.3800000e+00   6.9184458e-01   1.0000000e+00
   2.4000000e+00   6.9024145e-01   1.0000000e+00
   2.4200000e+00   6.8863832e-01   1.0000000e+00
   2.4400000e+00   6.8713475e-01   1.0000000e+00
   2.4600000e+00   6.8573075e-01   1.0000000e+00
   2.4800000e+00   6.8441461e-01   1.0000000e+00
   2.5000000e+00   6.8242060e-01   1.0000000e+00
   2.5200000e+00   6.7974872e-01   1.0000000e+00
   2.5400000e+00   6.7757700e-01   1.0000000e+00
   2.5600000e+00   6.7542239e-01   1.0000000e+00
   2.5800000e+00   6.7328489e-01   1.0000000e+00
   2.6000000e+00   6.7114738e-01   1.0000000e+00
   2.6200000e+00   6.6900987e-01   1.0000000e+00
   2.6400000e+00   6.6687236e-01   1.0000000e+00
   2.6600000e+00   6.6476837e-01   1.0000000e+00
   2.6800000e+00   6.6291481e-01   1.0000000e+00
   2.7000000e+00   6.6131167e-01   1.0000000e+00
   2.7200000e+00   6.5970854e-01   1.0000000e+00
   2.7400000e+00   6.5843997e-01   1.0000000e+00
   2.7600000e+00   6.5750597e-01   1.0000000e+00
   2.7800000e+00   6.5762529e-01   1.0000000e+00
