   6.1000000e-01   9.5285234e-01   0.0000000e+00
   6.3000000e-01   9.3720120e-01   0.0000000e+00
   6.5000000e-01   9.2060672e-01   0.0000000e+00
   6.7000000e-01   9.0028599e-01   0.0000000e+00
   6.9000000e-01   8.7623902e-01   0.0000000e+00
   7.1000000e-01   8.5401309e-01   0.0000000e+00
   7.3000000e-01   8.3279187e-01   0.0000000e+00
   7.5000000e-01   8.1257537e-01   0.0000000e+00
   7.7000000e-01   7.9511322e-01   0.0000000e+00
   7.9000000e-01   7.7890087e-01   0.0000000e+00
   8.1000000e-01   7.6393831e-01   0.0000000e+00
   8.3000000e-01   7.4897576e-01   0.0000000e+00
   8.5000000e-01   7.3688957e-01   0.0000000e+00
   8.7000000e-01   7.2767974e-01   0.0000000e+00
   8.9000000e-01   7.1981427e-01   0.0000000e+00
   9.1000000e-01   7.1272018e-01   0.0000000e+00
   9.3000000e-01   7.0639749e-01   0.0000000e+00
   9.5000000e-01   7.0105372e-01   0.0000000e+00
   9.7000000e-01   6.9573811e-01   0.0000000e+00
   9.9000000e-01   6.9045065e-01   0.0000000e+00
   1.0100000e+00   6.8564126e-01   0.0000000e+00
   1.0300000e+00   6.8177993e-01   0.0000000e+00
   1.0500000e+00   6.7886665e-01   0.0000000e+00
   1.0700000e+00   6.7512267e-01   0.0000000e+00
   1.0900000e+00   6.7123352e-01   0.0000000e+00
   1.1100000e+00   6.6719921e-01   0.0000000e+00
   1.1300000e+00   6.6345857e-01   0.0000000e+00
   1.1500000e+00   6.5972162e-01   0.0000000e+00
   1.1700000e+00   6.5598835e-01   0.0000000e+00
   1.1900000e+00   6.5278208e-01   0.0000000e+00
   1.2100000e+00   6.4936328e-01   0.0000000e+00
   1.2300000e+00   6.4573194e-01   0.0000000e+00
   1.2500000e+00   6.4229971e-01   0.0000000e+00
   1.2700000e+00   6.3888460e-01   0.0000000e+00
   1.2900000e+00   6.3548658e-01   0.0000000e+00
   1.3100000e+00   6.3182103e-01   0.0000000e+00
   1.3300000e+00   6.2838512e-01   0.0000000e+00
   1.3500000e+00   6.2517886e-01   0.0000000e+00
   1.3700000e+00   6.2147980e-01   0.0000000e+00
   1.3900000e+00   6.1775995e-01   0.0000000e+00
   1.4100000e+00   6.1401931e-01   0.0000000e+00
   1.4300000e+00   6.1027867e-01   0.0000000e+00
   1.4500000e+00   6.0646662e-01   0.0000000e+00
   1.4700000e+00   6.0258318e-01   0.0000000e+00
   1.4900000e+00   5.9825587e-01   0.0000000e+00
   1.5100000e+00   5.9342034e-01   0.0000000e+00
   1.5300000e+00   5.8807657e-01   0.0000000e+00
   1.5500000e+00   5.8317665e-01   0.0000000e+00
   1.5700000e+00   5.7848559e-01   0.0000000e+00
   1.5900000e+00   5.7400339e-01   0.0000000e+00
   1.6100000e+00   5.6951785e-01   0.0000000e+00
   1.6300000e+00   5.6487038e-01   0.0000000e+00
   1.6500000e+00   5.6006099e-01   0.0000000e+00
   1.6700000e+00   5.5525159e-01   0.0000000e+00
   1.6900000e+00   5.5095377e-01   0.0000000e+00
   1.7100000e+00   5.4716753e-01   0.0000000e+00
   1.7300000e+00   5.4342689e-01   0.0000000e+00
   1.7500000e+00   5.3982537e-01   0.0000000e+00
   1.7700000e+00   5.3636298e-01   0.0000000e+00
   1.7900000e+00   5.3315672e-01   0.0000000e+00
   1.8100000e+00   5.2997291e-01   0.0000000e+00
   1.8300000e+00   5.2681157e-01   0.0000000e+00
   1.8500000e+00   5.2413968e-01   0.0000000e+00
   1.8700000e+00   5.2169911e-01   0.0000000e+00
   1.8900000e+00   5.1948985e-01   0.0000000e+00
   1.9100000e+00   5.1700638e-01   0.0000000e+00
   1.9300000e+00   5.1454335e-01   0.0000000e+00
   1.9500000e+00   5.1210077e-01   0.0000000e+00
   1.9700000e+00   5.0996326e-01   0.0000000e+00
   1.9900000e+00   5.0782575e-01   0.0000000e+00
   2.0100000e+00   5.0568824e-01   0.0000000e+00
   2.0300000e+00   5.0355073e-01   0.0000000e+00
   2.0500000e+00   5.0141323e-01   0.0000000e+00
   2.0700000e+00   4.9927572e-01   0.0000000e+00
   2.0900000e+00   4.9684119e-01   0.0000000e+00
   2.1100000e+00   4.9437816e-01   0.0000000e+00
   2.1300000e+00   4.9188663e-01   0.0000000e+00
   2.1500000e+00   4.8974912e-01   0.0000000e+00
   2.1700000e+00   4.8761162e-01   0.0000000e+00
   2.1900000e+00   4.8547411e-01   0.0000000e+00
   2.2100000e+00   4.8333660e-01   0.0000000e+00
   2.2300000e+00   4.8138146e-01   0.0000000e+00
   2.2500000e+00   4.7960869e-01   0.0000000e+00
   2.2700000e+00   4.7775748e-01   0.0000000e+00
   2.2900000e+00   4.7582883e-01   0.0000000e+00
   2.3100000e+00   4.7382273e-01   0.0000000e+00
   2.3300000e+00   4.7220486e-01   0.0000000e+00
   2.3500000e+00   4.7032717e-01   0.0000000e+00
   2.3700000e+00   4.6818966e-01   0.0000000e+00
   2.3900000e+00   4.6691706e-01   0.0000000e+00
   2.4100000e+00   4.6543059e-01   0.0000000e+00
   2.4300000e+00   4.6373026e-01   0.0000000e+00
   2.4500000e+00   4.6199100e-01   0.0000000e+00
   2.4700000e+00   4.6050454e-01   0.0000000e+00
   2.4900000e+00   4.5927086e-01   0.0000000e+00
   2.5100000e+00   4.5713335e-01   0.0000000e+00
   2.5300000e+00   4.5549602e-01   0.0000000e+00
   2.5500000e+00   4.5435886e-01   0.0000000e+00
   2.5700000e+00   4.5290659e-01   0.0000000e+00
   2.5900000e+00   4.5137890e-01   0.0000000e+00
   2.6100000e+00   4.4977576e-01   0.0000000e+00
   2.6300000e+00   4.4832281e-01   0.0000000e+00
   2.6500000e+00   4.4706196e-01   0.0000000e+00
   2.6700000e+00   4.4599321e-01   0.0000000e+00
   2.6900000e+00   4.4492445e-01   0.0000000e+00
   2.7100000e+00   4.4385570e-01   0.0000000e+00
   2.7300000e+00   4.4278694e-01   0.0000000e+00
   2.7500000e+00   4.4171819e-01   0.0000000e+00
   2.7700000e+00   4.4064943e-01   0.0000000e+00
   2.7900000e+00   4.3958068e-01   0.0000000e+00
   2.8100000e+00   4.3851193e-01   0.0000000e+00
   2.8300000e+00   4.3744317e-01   0.0000000e+00
   2.8500000e+00   4.3637442e-01   0.0000000e+00
   2.8700000e+00   4.3478672e-01   0.0000000e+00
   2.8900000e+00   4.3339244e-01   0.0000000e+00
   2.9100000e+00   4.3219159e-01   0.0000000e+00
   2.9300000e+00   4.3083722e-01   0.0000000e+00
   2.9500000e+00   4.2944295e-01   0.0000000e+00
   2.9700000e+00   4.2800877e-01   0.0000000e+00
   2.9900000e+00   4.2694002e-01   0.0000000e+00
   3.0100000e+00   4.2587126e-01   0.0000000e+00
   3.0300000e+00   4.2480251e-01   0.0000000e+00
   3.0500000e+00   4.2279375e-01   0.0000000e+00
   3.0700000e+00   4.2125063e-01   0.0000000e+00
   3.0900000e+00   4.2017312e-01   0.0000000e+00
   3.1100000e+00   4.1916540e-01   0.0000000e+00
   3.1300000e+00   4.1797999e-01   0.0000000e+00
   3.1500000e+00   4.1661687e-01   0.0000000e+00
   3.1700000e+00   4.1607915e-01   0.0000000e+00
   3.1900000e+00   4.1527591e-01   0.0000000e+00
   3.2100000e+00   4.1420716e-01   0.0000000e+00
   3.2300000e+00   4.1355946e-01   0.0000000e+00
   3.2500000e+00   4.1281622e-01   0.0000000e+00
   3.2700000e+00   4.1197746e-01   0.0000000e+00
   3.2900000e+00   4.1109643e-01   0.0000000e+00
   3.3100000e+00   4.1049531e-01   0.0000000e+00
   3.3300000e+00   4.1017412e-01   0.0000000e+00
   3.3500000e+00   4.1124287e-01   0.0000000e+00
   2.0100000e+00   7.6643043e-01   1.0000000e+00
   2.0300000e+00   7.6376258e-01   1.0000000e+00
   2.0500000e+00   7.6067902e-01   1.0000000e+00
   2.0700000e+00   7.5717977e-01   1.0000000e+00
   2.0900000e+00   7.5403317e-01   1.0000000e+00
   2.1100000e+00   7.5112392e-01   1.0000000e+00
   2.1300000e+00   7.4845204e-01   1.0000000e+00
   2.1500000e+00   7.4578015e-01   1.0000000e+00
   2.1700000e+00   7.4310827e-01   1.0000000e+00
   2.1900000e+00   7.4043638e-01   1.0000000e+00
   2.2100000e+00   7.3824590e-01   1.0000000e+00
   2.2300000e+00   7.3626427e-01   1.0000000e+00
   2.2500000e+00   7.3449150e-01   1.0000000e+00
   2.2700000e+00   7.3264030e-01   1.0000000e+00
   2.2900000e+00   7.3071164e-01   1.0000000e+00
   2.3100000e+00   7.2870554e-01   1.0000000e+00
   2.3300000e+00   7.2707293e-01   1.0000000e+00
   2.3500000e+00   7.2492068e-01   1.0000000e+00
   2.3700000e+00   7.2224879e-01   1.0000000e+00
   2.3900000e+00   7.1957691e-01   1.0000000e+00
   2.4100000e+00   7.1690502e-01   1.0000000e+00
   2.4300000e+00   7.1423314e-01   1.0000000e+00
   2.4500000e+00   7.1176038e-01   1.0000000e+00
   2.4700000e+00   7.0937278e-01   1.0000000e+00
   2.4900000e+00   7.0707035e-01   1.0000000e+00
   2.5100000e+00   7.0386409e-01   1.0000000e+00
   2.5300000e+00   7.0090791e-01   1.0000000e+00
   2.5500000e+00   6.9820182e-01   1.0000000e+00
   2.5700000e+00   6.9591345e-01   1.0000000e+00
   2.5900000e+00   6.9370051e-01   1.0000000e+00
   2.6100000e+00   6.9156300e-01   1.0000000e+00
   2.6300000e+00   6.8927531e-01   1.0000000e+00
   2.6500000e+00   6.8684580e-01   1.0000000e+00
   2.6700000e+00   6.8427446e-01   1.0000000e+00
   2.6900000e+00   6.8320570e-01   1.0000000e+00
   2.7100000e+00   6.8213695e-01   1.0000000e+00
   2.7300000e+00   6.8106819e-01   1.0000000e+00
   2.7500000e+00   6.7966488e-01   1.0000000e+00
   2.7700000e+00   6.7837955e-01   1.0000000e+00
   2.7900000e+00   6.7721222e-01   1.0000000e+00
   2.8100000e+00   6.7657661e-01   1.0000000e+00
   2.8300000e+00   6.7572442e-01   1.0000000e+00
   2.8500000e+00   6.7465567e-01   1.0000000e+00
   2.8700000e+00   6.7358692e-01   1.0000000e+00
   2.8900000e+00   6.7251816e-01   1.0000000e+00
   2.9100000e+00   6.7144941e-01   1.0000000e+00
   2.9300000e+00   6.7038065e-01   1.0000000e+00
   2.9500000e+00   6.6939637e-01   1.0000000e+00
   2.9700000e+00   6.6849657e-01   1.0000000e+00
   2.9900000e+00   6.6790991e-01   1.0000000e+00
   3.0100000e+00   6.6708220e-01   1.0000000e+00
   3.0300000e+00   6.6601345e-01   1.0000000e+00
   3.0500000e+00   6.6564969e-01   1.0000000e+00
   3.0700000e+00   6.6533422e-01   1.0000000e+00
   3.0900000e+00   6.6506703e-01   1.0000000e+00
   3.1100000e+00   6.6479984e-01   1.0000000e+00
   3.1300000e+00   6.6453265e-01   1.0000000e+00
   3.1500000e+00   6.6426546e-01   1.0000000e+00
   3.1700000e+00   6.6399828e-01   1.0000000e+00
   3.1900000e+00   6.6373109e-01   1.0000000e+00
   3.2100000e+00   6.6346390e-01   1.0000000e+00
   3.2300000e+00   6.6319671e-01   1.0000000e+00
   3.2500000e+00   6.6292952e-01   1.0000000e+00
   3.2700000e+00   6.6266233e-01   1.0000000e+00
   3.2900000e+00   6.6239515e-01   1.0000000e+00
   3.3100000e+00   6.6203913e-01   1.0000000e+00
   3.3300000e+00   6.6159429e-01   1.0000000e+00
   3.3500000e+00   6.5999116e-01   1.0000000e+00
   3.3700000e+00   6.5863242e-01   1.0000000e+00
   3.3900000e+00   6.5751806e-01   1.0000000e+00
   3.4100000e+00   6.5570509e-01   1.0000000e+00
   3.4300000e+00   6.5385757e-01   1.0000000e+00
   3.4500000e+00   6.5197551e-01   1.0000000e+00
   3.4700000e+00   6.5023360e-01   1.0000000e+00
   3.4900000e+00   6.4831600e-01   1.0000000e+00
   3.5100000e+00   6.4622272e-01   1.0000000e+00
   3.5300000e+00   6.4515397e-01   1.0000000e+00
   3.5500000e+00   6.4386530e-01   1.0000000e+00
   3.5700000e+00   6.4235672e-01   1.0000000e+00
   3.5900000e+00   6.4043043e-01   1.0000000e+00
   3.6100000e+00   6.3850178e-01   1.0000000e+00
   3.6300000e+00   6.3657077e-01   1.0000000e+00
   3.6500000e+00   6.3478797e-01   1.0000000e+00
   3.6700000e+00   6.3256063e-01   1.0000000e+00
   3.6900000e+00   6.2988874e-01   1.0000000e+00
   3.7100000e+00   6.2670931e-01   1.0000000e+00
