   6.0000000e-01   9.8500647e-01   0.0000000e+00
   6.2000000e-01   9.7278754e-01   0.0000000e+00
   6.4000000e-01   9.5966047e-01   0.0000000e+00
   6.6000000e-01   9.4562523e-01   0.0000000e+00
   6.8000000e-01   9.2264702e-01   0.0000000e+00
   7.0000000e-01   9.0035169e-01   0.0000000e+00
   7.2000000e-01   8.7873925e-01   0.0000000e+00
   7.4000000e-01   8.5702558e-01   0.0000000e+00
   7.6000000e-01   8.3687847e-01   0.0000000e+00
   7.8000000e-01   8.1829793e-01   0.0000000e+00
   8.0000000e-01   8.0387781e-01   0.0000000e+00
   8.2000000e-01   7.8838491e-01   0.0000000e+00
   8.4000000e-01   7.7181922e-01   0.0000000e+00
   8.6000000e-01   7.5839139e-01   0.0000000e+00
   8.8000000e-01   7.4479460e-01   0.0000000e+00
   9.0000000e-01   7.3102887e-01   0.0000000e+00
   9.2000000e-01   7.1887294e-01   0.0000000e+00
   9.4000000e-01   7.0788366e-01   0.0000000e+00
   9.6000000e-01   6.9806103e-01   0.0000000e+00
   9.8000000e-01   6.9015801e-01   0.0000000e+00
   1.0000000e+00   6.8273305e-01   0.0000000e+00
   1.0200000e+00   6.7578615e-01   0.0000000e+00
   1.0400000e+00   6.6883925e-01   0.0000000e+00
   1.0600000e+00   6.6260708e-01   0.0000000e+00
   1.0800000e+00   6.5708963e-01   0.0000000e+00
   1.1000000e+00   6.5203954e-01   0.0000000e+00
   1.1200000e+00   6.4690463e-01   0.0000000e+00
   1.1400000e+00   6.4168489e-01   0.0000000e+00
   1.1600000e+00   6.3687550e-01   0.0000000e+00
   1.1800000e+00   6.3206611e-01   0.0000000e+00
   1.2000000e+00   6.2725671e-01   0.0000000e+00
   1.2200000e+00   6.2329749e-01   0.0000000e+00
   1.2400000e+00   6.1929334e-01   0.0000000e+00
   1.2600000e+00   6.1524428e-01   0.0000000e+00
   1.2800000e+00   6.1077751e-01   0.0000000e+00
   1.3000000e+00   6.0617698e-01   0.0000000e+00
   1.3200000e+00   6.0144267e-01   0.0000000e+00
   1.3400000e+00   5.9716766e-01   0.0000000e+00
   1.3600000e+00   5.9289264e-01   0.0000000e+00
   1.3800000e+00   5.8861762e-01   0.0000000e+00
   1.4000000e+00   5.8471875e-01   0.0000000e+00
   1.4200000e+00   5.8089899e-01   0.0000000e+00
   1.4400000e+00   5.7715835e-01   0.0000000e+00
   1.4600000e+00   5.7341771e-01   0.0000000e+00
   1.4800000e+00   5.6966400e-01   0.0000000e+00
   1.5000000e+00   5.6589721e-01   0.0000000e+00
   1.5200000e+00   5.6162220e-01   0.0000000e+00
   1.5400000e+00   5.5779104e-01   0.0000000e+00
   1.5600000e+00   5.5440373e-01   0.0000000e+00
   1.5800000e+00   5.5152466e-01   0.0000000e+00
   1.6000000e+00   5.4864392e-01   0.0000000e+00
   1.6200000e+00   5.4576151e-01   0.0000000e+00
   1.6400000e+00   5.4274297e-01   0.0000000e+00
   1.6600000e+00   5.4016495e-01   0.0000000e+00
   1.6800000e+00   5.3802744e-01   0.0000000e+00
   1.7000000e+00   5.3537836e-01   0.0000000e+00
   1.7200000e+00   5.3311278e-01   0.0000000e+00
   1.7400000e+00   5.3123072e-01   0.0000000e+00
   1.7600000e+00   5.2934934e-01   0.0000000e+00
   1.7800000e+00   5.2742069e-01   0.0000000e+00
   1.8000000e+00   5.2544476e-01   0.0000000e+00
   1.8200000e+00   5.2379671e-01   0.0000000e+00
   1.8400000e+00   5.2190394e-01   0.0000000e+00
   1.8600000e+00   5.1976643e-01   0.0000000e+00
   1.8800000e+00   5.1762892e-01   0.0000000e+00
   1.9000000e+00   5.1566439e-01   0.0000000e+00
   1.9200000e+00   5.1387285e-01   0.0000000e+00
   1.9400000e+00   5.1249902e-01   0.0000000e+00
   1.9600000e+00   5.1122141e-01   0.0000000e+00
   1.9800000e+00   5.1004002e-01   0.0000000e+00
   2.0000000e+00   5.0843689e-01   0.0000000e+00
   2.0200000e+00   5.0709893e-01   0.0000000e+00
   2.0400000e+00   5.0602615e-01   0.0000000e+00
   2.0600000e+00   5.0495739e-01   0.0000000e+00
   2.0800000e+00   5.0388864e-01   0.0000000e+00
   2.1000000e+00   5.0281988e-01   0.0000000e+00
   2.1200000e+00   5.0193148e-01   0.0000000e+00
   2.1400000e+00   5.0118825e-01   0.0000000e+00
   2.1600000e+00   5.0059018e-01   0.0000000e+00
   2.1800000e+00   4.9952143e-01   0.0000000e+00
   2.2000000e+00   4.9821198e-01   0.0000000e+00
   2.2200000e+00   4.9666182e-01   0.0000000e+00
   2.2400000e+00   4.9542343e-01   0.0000000e+00
   2.2600000e+00   4.9414582e-01   0.0000000e+00
   2.2800000e+00   4.9282899e-01   0.0000000e+00
   2.3000000e+00   4.9135727e-01   0.0000000e+00
   2.3200000e+00   4.9008703e-01   0.0000000e+00
   2.3400000e+00   4.8901827e-01   0.0000000e+00
   2.3600000e+00   4.8794952e-01   0.0000000e+00
   2.3800000e+00   4.8688076e-01   0.0000000e+00
   2.4000000e+00   4.8581201e-01   0.0000000e+00
   2.4200000e+00   4.8474326e-01   0.0000000e+00
   2.4400000e+00   4.8357494e-01   0.0000000e+00
   2.4600000e+00   4.8230706e-01   0.0000000e+00
   2.4800000e+00   4.8078639e-01   0.0000000e+00
   2.5000000e+00   4.7949168e-01   0.0000000e+00
   2.5200000e+00   4.7842292e-01   0.0000000e+00
   2.5400000e+00   4.7685400e-01   0.0000000e+00
   2.5600000e+00   4.7545972e-01   0.0000000e+00
   2.5800000e+00   4.7424010e-01   0.0000000e+00
   2.6000000e+00   4.7317134e-01   0.0000000e+00
   2.6200000e+00   4.7202750e-01   0.0000000e+00
   2.6400000e+00   4.7080857e-01   0.0000000e+00
   2.6600000e+00   4.6917192e-01   0.0000000e+00
   2.6800000e+00   4.6728484e-01   0.0000000e+00
   2.7000000e+00   4.6514734e-01   0.0000000e+00
   2.7200000e+00   4.6346106e-01   0.0000000e+00
   2.7400000e+00   4.6198363e-01   0.0000000e+00
   2.7600000e+00   4.6071506e-01   0.0000000e+00
   2.7800000e+00   4.5921051e-01   0.0000000e+00
   2.8000000e+00   4.5749072e-01   0.0000000e+00
   2.8200000e+00   4.5555567e-01   0.0000000e+00
   2.8400000e+00   4.5448692e-01   0.0000000e+00
   2.8600000e+00   4.5341817e-01   0.0000000e+00
   2.8800000e+00   4.5234941e-01   0.0000000e+00
   2.9000000e+00   4.5128066e-01   0.0000000e+00
   2.9200000e+00   4.5021190e-01   0.0000000e+00
   2.9400000e+00   4.4914315e-01   0.0000000e+00
   2.9600000e+00   4.4807440e-01   0.0000000e+00
   2.9800000e+00   4.4700564e-01   0.0000000e+00
   3.0000000e+00   4.4593689e-01   0.0000000e+00
   3.0200000e+00   4.4486813e-01   0.0000000e+00
   3.0400000e+00   4.4379938e-01   0.0000000e+00
   3.0600000e+00   4.4273063e-01   0.0000000e+00
   3.0800000e+00   4.4166187e-01   0.0000000e+00
   3.1000000e+00   4.4059312e-01   0.0000000e+00
   3.1200000e+00   4.3952436e-01   0.0000000e+00
   3.1400000e+00   4.3857562e-01   0.0000000e+00
   3.1600000e+00   4.3783405e-01   0.0000000e+00
   3.1800000e+00   4.3729968e-01   0.0000000e+00
   3.2000000e+00   4.3676530e-01   0.0000000e+00
   3.2200000e+00   4.3623092e-01   0.0000000e+00
   3.2400000e+00   4.3569654e-01   0.0000000e+00
   3.2600000e+00   4.3516217e-01   0.0000000e+00
   3.2800000e+00   4.3472165e-01   0.0000000e+00
   3.3000000e+00   4.3437500e-01   0.0000000e+00
   3.3200000e+00   4.3430394e-01   0.0000000e+00
   3.3400000e+00   4.3400122e-01   0.0000000e+00
   3.3600000e+00   4.3346684e-01   0.0000000e+00
   3.3800000e+00   4.3293247e-01   0.0000000e+00
   3.4000000e+00   4.3258414e-01   0.0000000e+00
   3.4200000e+00   4.3242188e-01   0.0000000e+00
   3.4400000e+00   4.3242188e-01   0.0000000e+00
   3.4600000e+00   4.3249126e-01   0.0000000e+00
   3.4800000e+00   4.3263004e-01   0.0000000e+00
   3.5000000e+00   4.3316442e-01   0.0000000e+00
   3.5200000e+00   4.3369880e-01   0.0000000e+00
   3.5400000e+00   4.3423317e-01   0.0000000e+00
   3.5600000e+00   4.3432772e-01   0.0000000e+00
   3.5800000e+00   4.3453658e-01   0.0000000e+00
   3.6000000e+00   4.3485974e-01   0.0000000e+00
   3.6200000e+00   4.3518762e-01   0.0000000e+00
   3.6400000e+00   4.3530665e-01   0.0000000e+00
   3.6600000e+00   4.3521681e-01   0.0000000e+00
   3.6800000e+00   4.3468244e-01   0.0000000e+00
   3.7000000e+00   4.3389429e-01   0.0000000e+00
   3.7200000e+00   4.3285237e-01   0.0000000e+00
   3.7400000e+00   4.3139273e-01   0.0000000e+00
   3.7600000e+00   4.3013557e-01   0.0000000e+00
   3.7800000e+00   4.2908087e-01   0.0000000e+00
   2.1600000e+00   7.3272546e-01   1.0000000e+00
   2.1800000e+00   7.3005358e-01   1.0000000e+00
   2.2000000e+00   7.2714099e-01   1.0000000e+00
   2.2200000e+00   7.2398770e-01   1.0000000e+00
   2.2400000e+00   7.2151091e-01   1.0000000e+00
   2.2600000e+00   7.1945184e-01   1.0000000e+00
   2.2800000e+00   7.1781047e-01   1.0000000e+00
   2.3000000e+00   7.1634750e-01   1.0000000e+00
   2.3200000e+00   7.1428744e-01   1.0000000e+00
   2.3400000e+00   7.1163030e-01   1.0000000e+00
   2.3600000e+00   7.0949279e-01   1.0000000e+00
   2.3800000e+00   7.0735528e-01   1.0000000e+00
   2.4000000e+00   7.0521777e-01   1.0000000e+00
   2.4200000e+00   7.0308026e-01   1.0000000e+00
   2.4400000e+00   7.0114188e-01   1.0000000e+00
   2.4600000e+00   6.9940262e-01   1.0000000e+00
   2.4800000e+00   6.9825141e-01   1.0000000e+00
   2.5000000e+00   6.9687424e-01   1.0000000e+00
   2.5200000e+00   6.9527110e-01   1.0000000e+00
   2.5400000e+00   6.9316780e-01   1.0000000e+00
   2.5600000e+00   6.9104739e-01   1.0000000e+00
   2.5800000e+00   6.8890989e-01   1.0000000e+00
   2.6000000e+00   6.8677238e-01   1.0000000e+00
   2.6200000e+00   6.8470996e-01   1.0000000e+00
   2.6400000e+00   6.8272263e-01   1.0000000e+00
   2.6600000e+00   6.8111950e-01   1.0000000e+00
   2.6800000e+00   6.7951637e-01   1.0000000e+00
   2.7000000e+00   6.7791324e-01   1.0000000e+00
   2.7200000e+00   6.7631011e-01   1.0000000e+00
   2.7400000e+00   6.7487426e-01   1.0000000e+00
   2.7600000e+00   6.7360569e-01   1.0000000e+00
   2.7800000e+00   6.7253693e-01   1.0000000e+00
   2.8000000e+00   6.7151880e-01   1.0000000e+00
   2.8200000e+00   6.7055128e-01   1.0000000e+00
   2.8400000e+00   6.7001690e-01   1.0000000e+00
   2.8600000e+00   6.6922305e-01   1.0000000e+00
   2.8800000e+00   6.6816972e-01   1.0000000e+00
   2.9000000e+00   6.6710097e-01   1.0000000e+00
   2.9200000e+00   6.6603222e-01   1.0000000e+00
   2.9400000e+00   6.6496346e-01   1.0000000e+00
   2.9600000e+00   6.6389471e-01   1.0000000e+00
   2.9800000e+00   6.6277367e-01   1.0000000e+00
   3.0000000e+00   6.6160034e-01   1.0000000e+00
   3.0200000e+00   6.5946283e-01   1.0000000e+00
   3.0400000e+00   6.5756032e-01   1.0000000e+00
   3.0600000e+00   6.5589281e-01   1.0000000e+00
   3.0800000e+00   6.5393635e-01   1.0000000e+00
   3.1000000e+00   6.5200770e-01   1.0000000e+00
   3.1200000e+00   6.5010686e-01   1.0000000e+00
   3.1400000e+00   6.4862373e-01   1.0000000e+00
   3.1600000e+00   6.4735280e-01   1.0000000e+00
   3.1800000e+00   6.4629407e-01   1.0000000e+00
   3.2000000e+00   6.4682845e-01   1.0000000e+00
