   6.0000000e-01   9.1420922e-01   0.0000000e+00
   6.2000000e-01   8.9585406e-01   0.0000000e+00
   6.4000000e-01   8.7324196e-01   0.0000000e+00
   6.6000000e-01   8.4637293e-01   0.0000000e+00
   6.8000000e-01   8.1751657e-01   0.0000000e+00
   7.0000000e-01   7.9298515e-01   0.0000000e+00
   7.2000000e-01   7.7277868e-01   0.0000000e+00
   7.4000000e-01   7.5475267e-01   0.0000000e+00
   7.6000000e-01   7.3725534e-01   0.0000000e+00
   7.8000000e-01   7.2028668e-01   0.0000000e+00
   8.0000000e-01   7.0436063e-01   0.0000000e+00
   8.2000000e-01   6.8864914e-01   0.0000000e+00
   8.4000000e-01   6.7315220e-01   0.0000000e+00
   8.6000000e-01   6.6549991e-01   0.0000000e+00
   8.8000000e-01   6.5772996e-01   0.0000000e+00
   9.0000000e-01   6.4984237e-01   0.0000000e+00
   9.2000000e-01   6.4298530e-01   0.0000000e+00
   9.4000000e-01   6.3653121e-01   0.0000000e+00
   9.6000000e-01   6.3048008e-01   0.0000000e+00
   9.8000000e-01   6.2412387e-01   0.0000000e+00
   1.0000000e+00   6.1800669e-01   0.0000000e+00
   1.0200000e+00   6.1212854e-01   0.0000000e+00
   1.0400000e+00   6.0625040e-01   0.0000000e+00
   1.0600000e+00   6.0072961e-01   0.0000000e+00
   1.0800000e+00   5.9556620e-01   0.0000000e+00
   1.1000000e+00   5.9027540e-01   0.0000000e+00
   1.1200000e+00   5.8481497e-01   0.0000000e+00
   1.1400000e+00   5.7918489e-01   0.0000000e+00
   1.1600000e+00   5.7436076e-01   0.0000000e+00
   1.1800000e+00   5.6900961e-01   0.0000000e+00
   1.2000000e+00   5.6313147e-01   0.0000000e+00
   1.2200000e+00   5.5767840e-01   0.0000000e+00
   1.2400000e+00   5.5243420e-01   0.0000000e+00
   1.2600000e+00   5.4739884e-01   0.0000000e+00
   1.2800000e+00   5.4258945e-01   0.0000000e+00
   1.3000000e+00   5.3778006e-01   0.0000000e+00
   1.3200000e+00   5.3297066e-01   0.0000000e+00
   1.3400000e+00   5.2816127e-01   0.0000000e+00
   1.3600000e+00   5.2335188e-01   0.0000000e+00
   1.3800000e+00   5.1854248e-01   0.0000000e+00
   1.4000000e+00   5.1486150e-01   0.0000000e+00
   1.4200000e+00   5.1141788e-01   0.0000000e+00
   1.4400000e+00   5.0821162e-01   0.0000000e+00
   1.4600000e+00   5.0500536e-01   0.0000000e+00
   1.4800000e+00   5.0181217e-01   0.0000000e+00
   1.5000000e+00   4.9863205e-01   0.0000000e+00
   1.5200000e+00   4.9596016e-01   0.0000000e+00
   1.5400000e+00   4.9328828e-01   0.0000000e+00
   1.5600000e+00   4.9061639e-01   0.0000000e+00
   1.5800000e+00   4.8827170e-01   0.0000000e+00
   1.6000000e+00   4.8603060e-01   0.0000000e+00
   1.6200000e+00   4.8389309e-01   0.0000000e+00
   1.6400000e+00   4.8184944e-01   0.0000000e+00
   1.6600000e+00   4.8002605e-01   0.0000000e+00
   1.6800000e+00   4.7842292e-01   0.0000000e+00
   1.7000000e+00   4.7630822e-01   0.0000000e+00
   1.7200000e+00   4.7437957e-01   0.0000000e+00
   1.7400000e+00   4.7263697e-01   0.0000000e+00
   1.7600000e+00   4.7103384e-01   0.0000000e+00
   1.7800000e+00   4.6943071e-01   0.0000000e+00
   1.8000000e+00   4.6782758e-01   0.0000000e+00
   1.8200000e+00   4.6617953e-01   0.0000000e+00
   1.8400000e+00   4.6428675e-01   0.0000000e+00
   1.8600000e+00   4.6214924e-01   0.0000000e+00
   1.8800000e+00   4.6093699e-01   0.0000000e+00
   1.9000000e+00   4.5962351e-01   0.0000000e+00
   1.9200000e+00   4.5820879e-01   0.0000000e+00
   1.9400000e+00   4.5683496e-01   0.0000000e+00
   1.9600000e+00   4.5561366e-01   0.0000000e+00
   1.9800000e+00   4.5454491e-01   0.0000000e+00
   2.0000000e+00   4.5347616e-01   0.0000000e+00
   2.0200000e+00   4.5240740e-01   0.0000000e+00
   2.0400000e+00   4.5133865e-01   0.0000000e+00
   2.0600000e+00   4.5026989e-01   0.0000000e+00
   2.0800000e+00   4.4920114e-01   0.0000000e+00
   2.1000000e+00   4.4813238e-01   0.0000000e+00
   2.1200000e+00   4.4742434e-01   0.0000000e+00
   2.1400000e+00   4.4700662e-01   0.0000000e+00
   2.1600000e+00   4.4687925e-01   0.0000000e+00
   2.1800000e+00   4.4581049e-01   0.0000000e+00
   2.2000000e+00   4.4474174e-01   0.0000000e+00
   2.2200000e+00   4.4367298e-01   0.0000000e+00
   2.2400000e+00   4.4260423e-01   0.0000000e+00
   2.2600000e+00   4.4165951e-01   0.0000000e+00
   2.2800000e+00   4.4083883e-01   0.0000000e+00
   2.3000000e+00   4.4030445e-01   0.0000000e+00
   2.3200000e+00   4.3976271e-01   0.0000000e+00
   2.3400000e+00   4.3921359e-01   0.0000000e+00
   2.3600000e+00   4.3814483e-01   0.0000000e+00
   2.3800000e+00   4.3729230e-01   0.0000000e+00
   2.4000000e+00   4.3665601e-01   0.0000000e+00
   2.4200000e+00   4.3612163e-01   0.0000000e+00
   2.4400000e+00   4.3548769e-01   0.0000000e+00
   2.4600000e+00   4.3475419e-01   0.0000000e+00
   2.4800000e+00   4.3385035e-01   0.0000000e+00
   2.5000000e+00   4.3339844e-01   0.0000000e+00
   2.5200000e+00   4.3339844e-01   0.0000000e+00
   2.5400000e+00   4.3289826e-01   0.0000000e+00
   2.0000000e+00   6.9745992e-01   1.0000000e+00
   2.0200000e+00   6.9505321e-01   1.0000000e+00
   2.0400000e+00   6.9291167e-01   1.0000000e+00
   2.0600000e+00   6.9077416e-01   1.0000000e+00
   2.0800000e+00   6.8848814e-01   1.0000000e+00
   2.1000000e+00   6.8605362e-01   1.0000000e+00
   2.1200000e+00   6.8356209e-01   1.0000000e+00
   2.1400000e+00   6.8127941e-01   1.0000000e+00
   2.1600000e+00   6.7920559e-01   1.0000000e+00
   2.1800000e+00   6.7760246e-01   1.0000000e+00
   2.2000000e+00   6.7575863e-01   1.0000000e+00
   2.2200000e+00   6.7367409e-01   1.0000000e+00
   2.2400000e+00   6.7226606e-01   1.0000000e+00
   2.2600000e+00   6.7077959e-01   1.0000000e+00
   2.2800000e+00   6.6921469e-01   1.0000000e+00
   2.3000000e+00   6.6734000e-01   1.0000000e+00
   2.3200000e+00   6.6586828e-01   1.0000000e+00
   2.3400000e+00   6.6479952e-01   1.0000000e+00
   2.3600000e+00   6.6373077e-01   1.0000000e+00
   2.3800000e+00   6.6222956e-01   1.0000000e+00
   2.4000000e+00   6.6029590e-01   1.0000000e+00
   2.4200000e+00   6.5878997e-01   1.0000000e+00
   2.4400000e+00   6.5740307e-01   1.0000000e+00
   2.4600000e+00   6.5613519e-01   1.0000000e+00
   2.4800000e+00   6.5453205e-01   1.0000000e+00
   2.5000000e+00   6.5292892e-01   1.0000000e+00
   2.5200000e+00   6.5132579e-01   1.0000000e+00
   2.5400000e+00   6.4922249e-01   1.0000000e+00
   2.5600000e+00   6.4729384e-01   1.0000000e+00
   2.5800000e+00   6.4553984e-01   1.0000000e+00
   2.6000000e+00   6.4366986e-01   1.0000000e+00
   2.6200000e+00   6.4174121e-01   1.0000000e+00
   2.6400000e+00   6.3975388e-01   1.0000000e+00
   2.6600000e+00   6.3811723e-01   1.0000000e+00
   2.6800000e+00   6.3623016e-01   1.0000000e+00
   2.7000000e+00   6.3409265e-01   1.0000000e+00
   2.7200000e+00   6.3285760e-01   1.0000000e+00
   2.7400000e+00   6.3137113e-01   1.0000000e+00
   2.7600000e+00   6.2963325e-01   1.0000000e+00
   2.7800000e+00   6.2771364e-01   1.0000000e+00
   2.8000000e+00   6.2595227e-01   1.0000000e+00
   2.8200000e+00   6.2434914e-01   1.0000000e+00
   2.8400000e+00   6.2274601e-01   1.0000000e+00
   2.8600000e+00   6.2140235e-01   1.0000000e+00
   2.8800000e+00   6.2031816e-01   1.0000000e+00
   2.9000000e+00   6.1924941e-01   1.0000000e+00
   2.9200000e+00   6.1818065e-01   1.0000000e+00
   2.9400000e+00   6.1711190e-01   1.0000000e+00
   2.9600000e+00   6.1587420e-01   1.0000000e+00
   2.9800000e+00   6.1450606e-01   1.0000000e+00
   3.0000000e+00   6.1300751e-01   1.0000000e+00
   3.0200000e+00   6.1247313e-01   1.0000000e+00
   3.0400000e+00   6.1193875e-01   1.0000000e+00
   3.0600000e+00   6.1140438e-01   1.0000000e+00
   3.0800000e+00   6.1051666e-01   1.0000000e+00
   3.1000000e+00   6.0965677e-01   1.0000000e+00
   3.1200000e+00   6.0882468e-01   1.0000000e+00
   3.1400000e+00   6.0817030e-01   1.0000000e+00
   3.1600000e+00   6.0731040e-01   1.0000000e+00
   3.1800000e+00   6.0624499e-01   1.0000000e+00
   3.2000000e+00   6.0571061e-01   1.0000000e+00
   2.5000000e+00   7.7363179e-01   2.0000000e+00
   2.5200000e+00   7.7149428e-01   2.0000000e+00
   2.5400000e+00   7.6985695e-01   2.0000000e+00
   2.5600000e+00   7.6804496e-01   2.0000000e+00
   2.5800000e+00   7.6605832e-01   2.0000000e+00
