   6.0000000e-01   9.6613098e-01   0.0000000e+00
   6.2000000e-01   9.4840336e-01   0.0000000e+00
   6.4000000e-01   9.2854728e-01   0.0000000e+00
   6.6000000e-01   9.0656273e-01   0.0000000e+00
   6.8000000e-01   8.8358452e-01   0.0000000e+00
   7.0000000e-01   8.6174445e-01   0.0000000e+00
   7.2000000e-01   8.4104252e-01   0.0000000e+00
   7.4000000e-01   8.2209057e-01   0.0000000e+00
   7.6000000e-01   8.0486175e-01   0.0000000e+00
   7.8000000e-01   7.8935606e-01   0.0000000e+00
   8.0000000e-01   7.7696819e-01   0.0000000e+00
   8.2000000e-01   7.6329297e-01   0.0000000e+00
   8.4000000e-01   7.4833041e-01   0.0000000e+00
   8.6000000e-01   7.3702869e-01   0.0000000e+00
   8.8000000e-01   7.2698580e-01   0.0000000e+00
   9.0000000e-01   7.1820175e-01   0.0000000e+00
   9.2000000e-01   7.1105503e-01   0.0000000e+00
   9.4000000e-01   7.0436190e-01   0.0000000e+00
   9.6000000e-01   6.9812236e-01   0.0000000e+00
   9.8000000e-01   6.9230053e-01   0.0000000e+00
   1.0000000e+00   6.8671773e-01   0.0000000e+00
   1.0200000e+00   6.8137396e-01   0.0000000e+00
   1.0400000e+00   6.7603019e-01   0.0000000e+00
   1.0600000e+00   6.7122247e-01   0.0000000e+00
   1.0800000e+00   6.6695079e-01   0.0000000e+00
   1.1000000e+00   6.6272875e-01   0.0000000e+00
   1.1200000e+00   6.5833707e-01   0.0000000e+00
   1.1400000e+00   6.5377575e-01   0.0000000e+00
   1.1600000e+00   6.5002037e-01   0.0000000e+00
   1.1800000e+00   6.4573798e-01   0.0000000e+00
   1.2000000e+00   6.4092859e-01   0.0000000e+00
   1.2200000e+00   6.3654428e-01   0.0000000e+00
   1.2400000e+00   6.3221461e-01   0.0000000e+00
   1.2600000e+00   6.2793960e-01   0.0000000e+00
   1.2800000e+00   6.2328107e-01   0.0000000e+00
   1.3000000e+00   6.1831747e-01   0.0000000e+00
   1.3200000e+00   6.1304879e-01   0.0000000e+00
   1.3400000e+00   6.0823940e-01   0.0000000e+00
   1.3600000e+00   6.0367640e-01   0.0000000e+00
   1.3800000e+00   5.9935981e-01   0.0000000e+00
   1.4000000e+00   5.9470866e-01   0.0000000e+00
   1.4200000e+00   5.9010812e-01   0.0000000e+00
   1.4400000e+00   5.8555820e-01   0.0000000e+00
   1.4600000e+00   5.8142599e-01   0.0000000e+00
   1.4800000e+00   5.7748957e-01   0.0000000e+00
   1.5000000e+00   5.7374893e-01   0.0000000e+00
   1.5200000e+00   5.7000829e-01   0.0000000e+00
   1.5400000e+00   5.6648958e-01   0.0000000e+00
   1.5600000e+00   5.6319280e-01   0.0000000e+00
   1.5800000e+00   5.6031373e-01   0.0000000e+00
   1.6000000e+00   5.5753825e-01   0.0000000e+00
   1.6200000e+00   5.5486636e-01   0.0000000e+00
   1.6400000e+00   5.5219448e-01   0.0000000e+00
   1.6600000e+00   5.4952259e-01   0.0000000e+00
   1.6800000e+00   5.4685071e-01   0.0000000e+00
   1.7000000e+00   5.4520197e-01   0.0000000e+00
   1.7200000e+00   5.4337858e-01   0.0000000e+00
   1.7400000e+00   5.4138054e-01   0.0000000e+00
   1.7600000e+00   5.3979952e-01   0.0000000e+00
   1.7800000e+00   5.3831306e-01   0.0000000e+00
   1.8000000e+00   5.3692114e-01   0.0000000e+00
   1.8200000e+00   5.3482855e-01   0.0000000e+00
   1.8400000e+00   5.3298069e-01   0.0000000e+00
   1.8600000e+00   5.3137756e-01   0.0000000e+00
   1.8800000e+00   5.2977443e-01   0.0000000e+00
   1.9000000e+00   5.2817129e-01   0.0000000e+00
   1.9200000e+00   5.2656816e-01   0.0000000e+00
   1.9400000e+00   5.2496503e-01   0.0000000e+00
   1.9600000e+00   5.2330558e-01   0.0000000e+00
   1.9800000e+00   5.2158982e-01   0.0000000e+00
   2.0000000e+00   5.1945231e-01   0.0000000e+00
   2.0200000e+00   5.1757998e-01   0.0000000e+00
   2.0400000e+00   5.1597281e-01   0.0000000e+00
   2.0600000e+00   5.1478337e-01   0.0000000e+00
   2.0800000e+00   5.1335725e-01   0.0000000e+00
   2.1000000e+00   5.1169446e-01   0.0000000e+00
   2.1200000e+00   5.0955695e-01   0.0000000e+00
   2.1400000e+00   5.0741944e-01   0.0000000e+00
   2.1600000e+00   5.0528193e-01   0.0000000e+00
   2.1800000e+00   5.0314442e-01   0.0000000e+00
   2.2000000e+00   5.0076622e-01   0.0000000e+00
   2.2200000e+00   4.9814731e-01   0.0000000e+00
   2.2400000e+00   4.9584016e-01   0.0000000e+00
   2.2600000e+00   4.9361783e-01   0.0000000e+00
   2.2800000e+00   4.9148032e-01   0.0000000e+00
   2.3000000e+00   4.8947422e-01   0.0000000e+00
   2.3200000e+00   4.8766960e-01   0.0000000e+00
   2.3400000e+00   4.8606647e-01   0.0000000e+00
   2.3600000e+00   4.8446334e-01   0.0000000e+00
   2.3800000e+00   4.8264398e-01   0.0000000e+00
   2.4000000e+00   4.8060840e-01   0.0000000e+00
   2.4200000e+00   4.7910247e-01   0.0000000e+00
   2.4400000e+00   4.7761600e-01   0.0000000e+00
   2.4600000e+00   4.7614900e-01   0.0000000e+00
   2.4800000e+00   4.7417641e-01   0.0000000e+00
   2.5000000e+00   4.7265574e-01   0.0000000e+00
   2.5200000e+00   4.7158699e-01   0.0000000e+00
   2.5400000e+00   4.7001806e-01   0.0000000e+00
   2.5600000e+00   4.6862378e-01   0.0000000e+00
   2.5800000e+00   4.6740416e-01   0.0000000e+00
   2.6000000e+00   4.6606856e-01   0.0000000e+00
   2.6200000e+00   4.6459920e-01   0.0000000e+00
   2.6400000e+00   4.6299607e-01   0.0000000e+00
   2.6600000e+00   4.6142645e-01   0.0000000e+00
   2.6800000e+00   4.6010727e-01   0.0000000e+00
   2.7000000e+00   4.5903851e-01   0.0000000e+00
   2.7200000e+00   4.5751853e-01   0.0000000e+00
   2.7400000e+00   4.5612426e-01   0.0000000e+00
   2.7600000e+00   4.5485569e-01   0.0000000e+00
   2.7800000e+00   4.5378693e-01   0.0000000e+00
   2.8000000e+00   4.5271818e-01   0.0000000e+00
   2.8200000e+00   4.5164942e-01   0.0000000e+00
   2.8400000e+00   4.5058067e-01   0.0000000e+00
   2.8600000e+00   4.4951192e-01   0.0000000e+00
   2.8800000e+00   4.4844316e-01   0.0000000e+00
   2.9000000e+00   4.4777669e-01   0.0000000e+00
   2.9200000e+00   4.4703346e-01   0.0000000e+00
   2.9400000e+00   4.4621346e-01   0.0000000e+00
   2.9600000e+00   4.4531366e-01   0.0000000e+00
   2.9800000e+00   4.4457043e-01   0.0000000e+00
   3.0000000e+00   4.4398376e-01   0.0000000e+00
   3.0200000e+00   4.4291501e-01   0.0000000e+00
   3.0400000e+00   4.4208125e-01   0.0000000e+00
   3.0600000e+00   4.4148250e-01   0.0000000e+00
   3.0800000e+00   4.4094812e-01   0.0000000e+00
   3.1000000e+00   4.4029541e-01   0.0000000e+00
   3.1200000e+00   4.3952436e-01   0.0000000e+00
   3.1400000e+00   4.3845561e-01   0.0000000e+00
   3.1600000e+00   4.3738853e-01   0.0000000e+00
   3.1800000e+00   4.3632311e-01   0.0000000e+00
   3.2000000e+00   4.3578874e-01   0.0000000e+00
   3.2200000e+00   4.3483331e-01   0.0000000e+00
   3.2400000e+00   4.3345682e-01   0.0000000e+00
   3.2600000e+00   4.3246247e-01   0.0000000e+00
   3.2800000e+00   4.3151038e-01   0.0000000e+00
   3.3000000e+00   4.3060055e-01   0.0000000e+00
   3.3200000e+00   4.2906848e-01   0.0000000e+00
   3.3400000e+00   4.2776807e-01   0.0000000e+00
   3.3600000e+00   4.2669931e-01   0.0000000e+00
   3.3800000e+00   4.2563056e-01   0.0000000e+00
   3.4000000e+00   4.2474786e-01   0.0000000e+00
   3.4200000e+00   4.2405121e-01   0.0000000e+00
   3.4400000e+00   4.2351684e-01   0.0000000e+00
   3.4600000e+00   4.2298246e-01   0.0000000e+00
   3.4800000e+00   4.2244808e-01   0.0000000e+00
   3.5000000e+00   4.2193582e-01   0.0000000e+00
   3.5200000e+00   4.2167969e-01   0.0000000e+00
   3.5400000e+00   4.2167969e-01   0.0000000e+00
   3.5600000e+00   4.2123986e-01   0.0000000e+00
   3.5800000e+00   4.2075276e-01   0.0000000e+00
   3.6000000e+00   4.2021838e-01   0.0000000e+00
   3.6200000e+00   4.1989050e-01   0.0000000e+00
   3.6400000e+00   4.1972656e-01   0.0000000e+00
   3.6600000e+00   4.1972656e-01   0.0000000e+00
   3.6800000e+00   4.1972656e-01   0.0000000e+00
   3.7000000e+00   4.2074165e-01   0.0000000e+00
   3.7200000e+00   4.2277183e-01   0.0000000e+00
   2.0700000e+00   7.4794312e-01   1.0000000e+00
   2.0900000e+00   7.4663700e-01   1.0000000e+00
   2.1100000e+00   7.4535939e-01   1.0000000e+00
   2.1300000e+00   7.4411029e-01   1.0000000e+00
   2.1500000e+00   7.4244347e-01   1.0000000e+00
   2.1700000e+00   7.4054130e-01   1.0000000e+00
   2.1900000e+00   7.3840379e-01   1.0000000e+00
   2.2100000e+00   7.3626629e-01   1.0000000e+00
   2.2300000e+00   7.3412878e-01   1.0000000e+00
   2.2500000e+00   7.3199127e-01   1.0000000e+00
   2.2700000e+00   7.2960569e-01   1.0000000e+00
   2.2900000e+00   7.2707696e-01   1.0000000e+00
   2.3100000e+00   7.2440507e-01   1.0000000e+00
   2.3300000e+00   7.2174793e-01   1.0000000e+00
   2.3500000e+00   7.1935060e-01   1.0000000e+00
   2.3700000e+00   7.1721310e-01   1.0000000e+00
   2.3900000e+00   7.1464313e-01   1.0000000e+00
   2.4100000e+00   7.1202221e-01   1.0000000e+00
   2.4300000e+00   7.0935032e-01   1.0000000e+00
   2.4500000e+00   7.0667844e-01   1.0000000e+00
   2.4700000e+00   7.0404778e-01   1.0000000e+00
   2.4900000e+00   7.0145836e-01   1.0000000e+00
   2.5100000e+00   6.9932085e-01   1.0000000e+00
   2.5300000e+00   6.9718334e-01   1.0000000e+00
   2.5500000e+00   6.9504584e-01   1.0000000e+00
   2.5700000e+00   6.9329184e-01   1.0000000e+00
   2.5900000e+00   6.9147985e-01   1.0000000e+00
   2.6100000e+00   6.8960987e-01   1.0000000e+00
   2.6300000e+00   6.8747236e-01   1.0000000e+00
   2.6500000e+00   6.8535161e-01   1.0000000e+00
   2.6700000e+00   6.8324762e-01   1.0000000e+00
   2.6900000e+00   6.8164449e-01   1.0000000e+00
   2.7100000e+00   6.8026697e-01   1.0000000e+00
   2.7300000e+00   6.7911507e-01   1.0000000e+00
   2.7500000e+00   6.7737719e-01   1.0000000e+00
   2.7700000e+00   6.7543950e-01   1.0000000e+00
   2.7900000e+00   6.7330199e-01   1.0000000e+00
   2.8100000e+00   6.7136695e-01   1.0000000e+00
   2.8300000e+00   6.6986505e-01   1.0000000e+00
   2.8500000e+00   6.6879629e-01   1.0000000e+00
   2.8700000e+00   6.6772754e-01   1.0000000e+00
   2.8900000e+00   6.6645765e-01   1.0000000e+00
   2.9100000e+00   6.6498661e-01   1.0000000e+00
   2.9300000e+00   6.6338348e-01   1.0000000e+00
   2.9500000e+00   6.6186482e-01   1.0000000e+00
   2.9700000e+00   6.6043065e-01   1.0000000e+00
   2.9900000e+00   6.5941418e-01   1.0000000e+00
   3.0100000e+00   6.5863876e-01   1.0000000e+00
   3.0300000e+00   6.5810438e-01   1.0000000e+00
   3.0500000e+00   6.5757000e-01   1.0000000e+00
   3.0700000e+00   6.5703562e-01   1.0000000e+00
   3.0900000e+00   6.5650125e-01   1.0000000e+00
   3.1100000e+00   6.5596687e-01   1.0000000e+00
   3.1300000e+00   6.5537249e-01   1.0000000e+00
   3.1500000e+00   6.5471811e-01   1.0000000e+00
   3.1700000e+00   6.5364935e-01   1.0000000e+00
   3.1900000e+00   6.5258060e-01   1.0000000e+00
   3.2100000e+00   6.5151185e-01   1.0000000e+00
   3.2300000e+00   6.5002204e-01   1.0000000e+00
   3.2500000e+00   6.4862776e-01   1.0000000e+00
   3.2700000e+00   6.4732902e-01   1.0000000e+00
   3.2900000e+00   6.4588482e-01   1.0000000e+00
   3.3100000e+00   6.4412949e-01   1.0000000e+00
   3.3300000e+00   6.4206304e-01   1.0000000e+00
   3.3500000e+00   6.4045991e-01   1.0000000e+00
   3.3700000e+00   6.3885678e-01   1.0000000e+00
   3.3900000e+00   6.3725365e-01   1.0000000e+00
   3.4100000e+00   6.3602263e-01   1.0000000e+00
   3.4300000e+00   6.3500046e-01   1.0000000e+00
   3.4500000e+00   6.3418715e-01   1.0000000e+00
   3.4700000e+00   6.3365277e-01   1.0000000e+00
   3.4900000e+00   6.3311839e-01   1.0000000e+00
   3.5100000e+00   6.3258402e-01   1.0000000e+00
   3.5300000e+00   6.3204964e-01   1.0000000e+00
   3.5500000e+00   6.3129535e-01   1.0000000e+00
   3.5700000e+00   6.3032115e-01   1.0000000e+00
   3.5900000e+00   6.2860607e-01   1.0000000e+00
   3.6100000e+00   6.2688627e-01   1.0000000e+00
   3.6300000e+00   6.2516176e-01   1.0000000e+00
   3.6500000e+00   6.2391334e-01   1.0000000e+00
   3.6700000e+00   6.2222038e-01   1.0000000e+00
   3.6900000e+00   6.2008287e-01   1.0000000e+00
   3.7100000e+00   6.1794536e-01   1.0000000e+00
