   6.0000000e-01   9.1673260e-01   0.0000000e+00
   6.2000000e-01   8.9799727e-01   0.0000000e+00
   6.4000000e-01   8.7519509e-01   0.0000000e+00
   6.6000000e-01   8.4832606e-01   0.0000000e+00
   6.8000000e-01   8.1946969e-01   0.0000000e+00
   7.0000000e-01   7.9493828e-01   0.0000000e+00
   7.2000000e-01   7.7473181e-01   0.0000000e+00
   7.4000000e-01   7.5636720e-01   0.0000000e+00
   7.6000000e-01   7.3865531e-01   0.0000000e+00
   7.8000000e-01   7.2159613e-01   0.0000000e+00
   8.0000000e-01   7.0588867e-01   0.0000000e+00
   8.2000000e-01   6.8975210e-01   0.0000000e+00
   8.4000000e-01   6.7318641e-01   0.0000000e+00
   8.6000000e-01   6.6446536e-01   0.0000000e+00
   8.8000000e-01   6.5643928e-01   0.0000000e+00
   9.0000000e-01   6.4910818e-01   0.0000000e+00
   9.2000000e-01   6.4216128e-01   0.0000000e+00
   9.4000000e-01   6.3538736e-01   0.0000000e+00
   9.6000000e-01   6.2878642e-01   0.0000000e+00
   9.8000000e-01   6.2290828e-01   0.0000000e+00
   1.0000000e+00   6.1703013e-01   0.0000000e+00
   1.0200000e+00   6.1115198e-01   0.0000000e+00
   1.0400000e+00   6.0527383e-01   0.0000000e+00
   1.0600000e+00   5.9957437e-01   0.0000000e+00
   1.0800000e+00   5.9405359e-01   0.0000000e+00
   1.1000000e+00   5.8870982e-01   0.0000000e+00
   1.1200000e+00   5.8336605e-01   0.0000000e+00
   1.1400000e+00   5.7802228e-01   0.0000000e+00
   1.1600000e+00   5.7267113e-01   0.0000000e+00
   1.1800000e+00   5.6705649e-01   0.0000000e+00
   1.2000000e+00   5.6117834e-01   0.0000000e+00
   1.2200000e+00   5.5615036e-01   0.0000000e+00
   1.2400000e+00   5.5107747e-01   0.0000000e+00
   1.2600000e+00   5.4595965e-01   0.0000000e+00
   1.2800000e+00   5.4080764e-01   0.0000000e+00
   1.3000000e+00   5.3578939e-01   0.0000000e+00
   1.3200000e+00   5.3090490e-01   0.0000000e+00
   1.3400000e+00   5.2556113e-01   0.0000000e+00
   1.3600000e+00   5.2071017e-01   0.0000000e+00
   1.3800000e+00   5.1635200e-01   0.0000000e+00
   1.4000000e+00   5.1282926e-01   0.0000000e+00
   1.4200000e+00   5.0946476e-01   0.0000000e+00
   1.4400000e+00   5.0625849e-01   0.0000000e+00
   1.4600000e+00   5.0305223e-01   0.0000000e+00
   1.4800000e+00   4.9984597e-01   0.0000000e+00
   1.5000000e+00   4.9663971e-01   0.0000000e+00
   1.5200000e+00   4.9343345e-01   0.0000000e+00
   1.5400000e+00   4.9067104e-01   0.0000000e+00
   1.5600000e+00   4.8835249e-01   0.0000000e+00
   1.5800000e+00   4.8621498e-01   0.0000000e+00
   1.6000000e+00   4.8407747e-01   0.0000000e+00
   1.6200000e+00   4.8193996e-01   0.0000000e+00
   1.6400000e+00   4.7980246e-01   0.0000000e+00
   1.6600000e+00   4.7766495e-01   0.0000000e+00
   1.6800000e+00   4.7552744e-01   0.0000000e+00
   1.7000000e+00   4.7390151e-01   0.0000000e+00
   1.7200000e+00   4.7208952e-01   0.0000000e+00
   1.7400000e+00   4.7009148e-01   0.0000000e+00
   1.7600000e+00   4.6823222e-01   0.0000000e+00
   1.7800000e+00   4.6642023e-01   0.0000000e+00
   1.8000000e+00   4.6465552e-01   0.0000000e+00
   1.8200000e+00   4.6260784e-01   0.0000000e+00
   1.8400000e+00   4.6104963e-01   0.0000000e+00
   1.8600000e+00   4.5998087e-01   0.0000000e+00
   1.8800000e+00   4.5798686e-01   0.0000000e+00
   1.9000000e+00   4.5644005e-01   0.0000000e+00
   1.9200000e+00   4.5534043e-01   0.0000000e+00
   1.9400000e+00   4.5457675e-01   0.0000000e+00
   1.9600000e+00   4.5366054e-01   0.0000000e+00
   1.9800000e+00   4.5259178e-01   0.0000000e+00
   2.0000000e+00   4.5152303e-01   0.0000000e+00
   2.0200000e+00   4.5045428e-01   0.0000000e+00
   2.0400000e+00   4.4938552e-01   0.0000000e+00
   2.0600000e+00   4.4831677e-01   0.0000000e+00
   2.0800000e+00   4.4724801e-01   0.0000000e+00
   2.1000000e+00   4.4617926e-01   0.0000000e+00
   2.1200000e+00   4.4529086e-01   0.0000000e+00
   2.1400000e+00   4.4454763e-01   0.0000000e+00
   2.1600000e+00   4.4394956e-01   0.0000000e+00
   2.1800000e+00   4.4288081e-01   0.0000000e+00
   2.2000000e+00   4.4205275e-01   0.0000000e+00
   2.2200000e+00   4.4146540e-01   0.0000000e+00
   2.2400000e+00   4.4056629e-01   0.0000000e+00
   2.2600000e+00   4.3958235e-01   0.0000000e+00
   2.2800000e+00   4.3851360e-01   0.0000000e+00
   2.3000000e+00   4.3770766e-01   0.0000000e+00
   2.3200000e+00   4.3729732e-01   0.0000000e+00
   2.3400000e+00   4.3728257e-01   0.0000000e+00
   2.3600000e+00   4.3674820e-01   0.0000000e+00
   2.3800000e+00   4.3599759e-01   0.0000000e+00
   2.4000000e+00   4.3503076e-01   0.0000000e+00
   2.4200000e+00   4.3459359e-01   0.0000000e+00
   2.4400000e+00   4.3427544e-01   0.0000000e+00
   2.4600000e+00   4.3407631e-01   0.0000000e+00
   2.4800000e+00   4.3362440e-01   0.0000000e+00
   2.5000000e+00   4.3339844e-01   0.0000000e+00
   2.5200000e+00   4.3339844e-01   0.0000000e+00
   2.5400000e+00   4.3389861e-01   0.0000000e+00
   2.0100000e+00   6.9416481e-01   1.0000000e+00
   2.0300000e+00   6.9149695e-01   1.0000000e+00
   2.0500000e+00   6.8903392e-01   1.0000000e+00
   2.0700000e+00   6.8677572e-01   1.0000000e+00
   2.0900000e+00   6.8463821e-01   1.0000000e+00
   2.1100000e+00   6.8250070e-01   1.0000000e+00
   2.1300000e+00   6.8036319e-01   1.0000000e+00
   2.1500000e+00   6.7828937e-01   1.0000000e+00
   2.1700000e+00   6.7645090e-01   1.0000000e+00
   2.1900000e+00   6.7484777e-01   1.0000000e+00
   2.2100000e+00   6.7276324e-01   1.0000000e+00
   2.2300000e+00   6.7101695e-01   1.0000000e+00
   2.2500000e+00   6.6960892e-01   1.0000000e+00
   2.2700000e+00   6.6829209e-01   1.0000000e+00
   2.2900000e+00   6.6683211e-01   1.0000000e+00
   2.3100000e+00   6.6522898e-01   1.0000000e+00
   2.3300000e+00   6.6362585e-01   1.0000000e+00
   2.3500000e+00   6.6202272e-01   1.0000000e+00
   2.3700000e+00   6.6041959e-01   1.0000000e+00
   2.3900000e+00   6.5881646e-01   1.0000000e+00
   2.4100000e+00   6.5737122e-01   1.0000000e+00
   2.4300000e+00   6.5608388e-01   1.0000000e+00
   2.4500000e+00   6.5461687e-01   1.0000000e+00
   2.4700000e+00   6.5285585e-01   1.0000000e+00
   2.4900000e+00   6.5080080e-01   1.0000000e+00
   2.5100000e+00   6.4919767e-01   1.0000000e+00
   2.5300000e+00   6.4734445e-01   1.0000000e+00
   2.5500000e+00   6.4524115e-01   1.0000000e+00
   2.5700000e+00   6.4348715e-01   1.0000000e+00
   2.5900000e+00   6.4180858e-01   1.0000000e+00
   2.6100000e+00   6.4020545e-01   1.0000000e+00
   2.6300000e+00   6.3860232e-01   1.0000000e+00
   2.6500000e+00   6.3698243e-01   1.0000000e+00
   2.6700000e+00   6.3534579e-01   1.0000000e+00
   2.6900000e+00   6.3320828e-01   1.0000000e+00
   2.7100000e+00   6.3152200e-01   1.0000000e+00
   2.7300000e+00   6.3028694e-01   1.0000000e+00
   2.7500000e+00   6.2888363e-01   1.0000000e+00
   2.7700000e+00   6.2738040e-01   1.0000000e+00
   2.7900000e+00   6.2577727e-01   1.0000000e+00
   2.8100000e+00   6.2417414e-01   1.0000000e+00
   2.8300000e+00   6.2257101e-01   1.0000000e+00
   2.8500000e+00   6.2096788e-01   1.0000000e+00
   2.8700000e+00   6.1988369e-01   1.0000000e+00
   2.8900000e+00   6.1880722e-01   1.0000000e+00
   2.9100000e+00   6.1773847e-01   1.0000000e+00
   2.9300000e+00   6.1666972e-01   1.0000000e+00
   2.9500000e+00   6.1560096e-01   1.0000000e+00
   2.9700000e+00   6.1453221e-01   1.0000000e+00
   2.9900000e+00   6.1346345e-01   1.0000000e+00
   3.0100000e+00   6.1239470e-01   1.0000000e+00
   3.0300000e+00   6.1132595e-01   1.0000000e+00
   3.0500000e+00   6.1072719e-01   1.0000000e+00
   3.0700000e+00   6.1016062e-01   1.0000000e+00
   3.0900000e+00   6.0962625e-01   1.0000000e+00
   3.1100000e+00   6.0909187e-01   1.0000000e+00
   3.1300000e+00   6.0855749e-01   1.0000000e+00
   3.1500000e+00   6.0802312e-01   1.0000000e+00
   2.5000000e+00   7.7167867e-01   2.0000000e+00
   2.5200000e+00   7.6954116e-01   2.0000000e+00
   2.5400000e+00   7.6840400e-01   2.0000000e+00
   2.5600000e+00   7.6710929e-01   2.0000000e+00
   2.5800000e+00   7.6565702e-01   2.0000000e+00
