   6.0000000e-01   9.6629492e-01   0.0000000e+00
   6.2000000e-01   9.4765276e-01   0.0000000e+00
   6.4000000e-01   9.2673431e-01   0.0000000e+00
   6.6000000e-01   9.0353958e-01   0.0000000e+00
   6.8000000e-01   8.7040820e-01   0.0000000e+00
   7.0000000e-01   8.4205703e-01   0.0000000e+00
   7.2000000e-01   8.1848605e-01   0.0000000e+00
   7.4000000e-01   7.9691519e-01   0.0000000e+00
   7.6000000e-01   7.7743957e-01   0.0000000e+00
   7.8000000e-01   7.6005919e-01   0.0000000e+00
   8.0000000e-01   7.4788184e-01   0.0000000e+00
   8.2000000e-01   7.3484626e-01   0.0000000e+00
   8.4000000e-01   7.2095246e-01   0.0000000e+00
   8.6000000e-01   7.1019651e-01   0.0000000e+00
   8.8000000e-01   6.9927161e-01   0.0000000e+00
   9.0000000e-01   6.8817776e-01   0.0000000e+00
   9.2000000e-01   6.7898337e-01   0.0000000e+00
   9.4000000e-01   6.7064553e-01   0.0000000e+00
   9.6000000e-01   6.6316425e-01   0.0000000e+00
   9.8000000e-01   6.5579561e-01   0.0000000e+00
   1.0000000e+00   6.4890503e-01   0.0000000e+00
   1.0200000e+00   6.4249250e-01   0.0000000e+00
   1.0400000e+00   6.3560595e-01   0.0000000e+00
   1.0600000e+00   6.2940395e-01   0.0000000e+00
   1.0800000e+00   6.2388651e-01   0.0000000e+00
   1.1000000e+00   6.1883642e-01   0.0000000e+00
   1.1200000e+00   6.1370150e-01   0.0000000e+00
   1.1400000e+00   6.0848177e-01   0.0000000e+00
   1.1600000e+00   6.0367237e-01   0.0000000e+00
   1.1800000e+00   5.9886298e-01   0.0000000e+00
   1.2000000e+00   5.9405359e-01   0.0000000e+00
   1.2200000e+00   5.9051944e-01   0.0000000e+00
   1.2400000e+00   5.8699503e-01   0.0000000e+00
   1.2600000e+00   5.8348035e-01   0.0000000e+00
   1.2800000e+00   5.8012322e-01   0.0000000e+00
   1.3000000e+00   5.7714626e-01   0.0000000e+00
   1.3200000e+00   5.7454946e-01   0.0000000e+00
   1.3400000e+00   5.7241195e-01   0.0000000e+00
   1.3600000e+00   5.6978164e-01   0.0000000e+00
   1.3800000e+00   5.6665853e-01   0.0000000e+00
   1.4000000e+00   5.6458068e-01   0.0000000e+00
   1.4200000e+00   5.6261045e-01   0.0000000e+00
   1.4400000e+00   5.6074785e-01   0.0000000e+00
   1.4600000e+00   5.5861034e-01   0.0000000e+00
   1.4800000e+00   5.5648591e-01   0.0000000e+00
   1.5000000e+00   5.5437454e-01   0.0000000e+00
   1.5200000e+00   5.5277141e-01   0.0000000e+00
   1.5400000e+00   5.5139021e-01   0.0000000e+00
   1.5600000e+00   5.5023093e-01   0.0000000e+00
   1.5800000e+00   5.4916218e-01   0.0000000e+00
   1.6000000e+00   5.4798816e-01   0.0000000e+00
   1.6200000e+00   5.4670888e-01   0.0000000e+00
   1.6400000e+00   5.4510575e-01   0.0000000e+00
   1.6600000e+00   5.4350262e-01   0.0000000e+00
   1.6800000e+00   5.4189949e-01   0.0000000e+00
   1.7000000e+00   5.4029636e-01   0.0000000e+00
   1.7200000e+00   5.3849577e-01   0.0000000e+00
   1.7400000e+00   5.3649773e-01   0.0000000e+00
   1.7600000e+00   5.3463847e-01   0.0000000e+00
   1.7800000e+00   5.3282648e-01   0.0000000e+00
   1.8000000e+00   5.3106177e-01   0.0000000e+00
   1.8200000e+00   5.2887934e-01   0.0000000e+00
   1.8400000e+00   5.2645219e-01   0.0000000e+00
   1.8600000e+00   5.2378030e-01   0.0000000e+00
   1.8800000e+00   5.2157105e-01   0.0000000e+00
   1.9000000e+00   5.1939766e-01   0.0000000e+00
   1.9200000e+00   5.1726015e-01   0.0000000e+00
   1.9400000e+00   5.1558125e-01   0.0000000e+00
   1.9600000e+00   5.1415110e-01   0.0000000e+00
   1.9800000e+00   5.1296971e-01   0.0000000e+00
   2.0000000e+00   5.1136658e-01   0.0000000e+00
   2.0200000e+00   5.0949827e-01   0.0000000e+00
   2.0400000e+00   5.0736479e-01   0.0000000e+00
   2.0600000e+00   5.0605465e-01   0.0000000e+00
   2.0800000e+00   5.0456818e-01   0.0000000e+00
   2.1000000e+00   5.0290539e-01   0.0000000e+00
   2.1200000e+00   5.0112859e-01   0.0000000e+00
   2.1400000e+00   4.9970581e-01   0.0000000e+00
   2.1600000e+00   4.9863706e-01   0.0000000e+00
   2.1800000e+00   4.9756831e-01   0.0000000e+00
   2.2000000e+00   4.9601815e-01   0.0000000e+00
   2.2200000e+00   4.9398660e-01   0.0000000e+00
   2.2400000e+00   4.9257856e-01   0.0000000e+00
   2.2600000e+00   4.9134016e-01   0.0000000e+00
   2.2800000e+00   4.9027141e-01   0.0000000e+00
   2.3000000e+00   4.8920266e-01   0.0000000e+00
   2.3200000e+00   4.8811916e-01   0.0000000e+00
   2.3400000e+00   4.8702092e-01   0.0000000e+00
   2.3600000e+00   4.8488341e-01   0.0000000e+00
   2.3800000e+00   4.8317836e-01   0.0000000e+00
   2.4000000e+00   4.8190576e-01   0.0000000e+00
   2.4200000e+00   4.8083701e-01   0.0000000e+00
   2.4400000e+00   4.7976825e-01   0.0000000e+00
   2.4600000e+00   4.7869950e-01   0.0000000e+00
   2.4800000e+00   4.7763074e-01   0.0000000e+00
   2.5000000e+00   4.7656199e-01   0.0000000e+00
   2.5200000e+00   4.7549324e-01   0.0000000e+00
   2.5400000e+00   4.7392431e-01   0.0000000e+00
   2.5600000e+00   4.7233828e-01   0.0000000e+00
   2.5800000e+00   4.7073515e-01   0.0000000e+00
   2.6000000e+00   4.6913202e-01   0.0000000e+00
   2.6200000e+00   4.6752889e-01   0.0000000e+00
   2.6400000e+00   4.6592575e-01   0.0000000e+00
   2.6600000e+00   4.6428911e-01   0.0000000e+00
   2.6800000e+00   4.6240203e-01   0.0000000e+00
   2.7000000e+00   4.6026452e-01   0.0000000e+00
   2.7200000e+00   4.5902947e-01   0.0000000e+00
   2.7400000e+00   4.5787757e-01   0.0000000e+00
   2.7600000e+00   4.5680881e-01   0.0000000e+00
   2.7800000e+00   4.5574006e-01   0.0000000e+00
   2.8000000e+00   4.5467130e-01   0.0000000e+00
   2.8200000e+00   4.5360255e-01   0.0000000e+00
   2.8400000e+00   4.5253380e-01   0.0000000e+00
   2.8600000e+00   4.5120557e-01   0.0000000e+00
   2.8800000e+00   4.4961787e-01   0.0000000e+00
   2.9000000e+00   4.4841702e-01   0.0000000e+00
   2.9200000e+00   4.4713941e-01   0.0000000e+00
   2.9400000e+00   4.4578504e-01   0.0000000e+00
   2.9600000e+00   4.4435086e-01   0.0000000e+00
   2.9800000e+00   4.4309939e-01   0.0000000e+00
   3.0000000e+00   4.4203064e-01   0.0000000e+00
   3.0200000e+00   4.4096188e-01   0.0000000e+00
   3.0400000e+00   4.3989313e-01   0.0000000e+00
   3.0600000e+00   4.3882438e-01   0.0000000e+00
   3.0800000e+00   4.3775562e-01   0.0000000e+00
   3.1000000e+00   4.3668687e-01   0.0000000e+00
   3.1200000e+00   4.3561811e-01   0.0000000e+00
   3.1400000e+00   4.3478937e-01   0.0000000e+00
   3.1600000e+00   4.3437333e-01   0.0000000e+00
   3.1800000e+00   4.3436999e-01   0.0000000e+00
   3.2000000e+00   4.3383561e-01   0.0000000e+00
   2.2500000e+00   7.6074104e-01   1.0000000e+00
   2.2700000e+00   7.5831723e-01   1.0000000e+00
   2.2900000e+00   7.5583946e-01   1.0000000e+00
   2.3100000e+00   7.5330773e-01   1.0000000e+00
   2.3300000e+00   7.4959657e-01   1.0000000e+00
   2.3500000e+00   7.4640505e-01   1.0000000e+00
   2.3700000e+00   7.4373317e-01   1.0000000e+00
   2.3900000e+00   7.4192619e-01   1.0000000e+00
   2.4100000e+00   7.3990535e-01   1.0000000e+00
   2.4300000e+00   7.3767064e-01   1.0000000e+00
   2.4500000e+00   7.3539700e-01   1.0000000e+00
   2.4700000e+00   7.3349985e-01   1.0000000e+00
   2.4900000e+00   7.3197918e-01   1.0000000e+00
   2.5100000e+00   7.3091043e-01   1.0000000e+00
   2.5300000e+00   7.3009176e-01   1.0000000e+00
   2.5500000e+00   7.2952318e-01   1.0000000e+00
   2.5700000e+00   7.2898880e-01   1.0000000e+00
   2.5900000e+00   7.2858785e-01   1.0000000e+00
   2.6100000e+00   7.2832031e-01   1.0000000e+00
   2.6300000e+00   7.2801995e-01   1.0000000e+00
   2.6500000e+00   7.2733540e-01   1.0000000e+00
   2.6700000e+00   7.2626664e-01   1.0000000e+00
   2.6900000e+00   7.2519789e-01   1.0000000e+00
   2.7100000e+00   7.2412914e-01   1.0000000e+00
   2.7300000e+00   7.2306038e-01   1.0000000e+00
   2.7500000e+00   7.2132250e-01   1.0000000e+00
   2.7700000e+00   7.1938481e-01   1.0000000e+00
   2.7900000e+00   7.1724730e-01   1.0000000e+00
   2.8100000e+00   7.1510979e-01   1.0000000e+00
   2.8300000e+00   7.1297228e-01   1.0000000e+00
   2.8500000e+00   7.1083478e-01   1.0000000e+00
   2.8700000e+00   7.0921621e-01   1.0000000e+00
   2.8900000e+00   7.0760537e-01   1.0000000e+00
   2.9100000e+00   7.0600224e-01   1.0000000e+00
   2.9300000e+00   7.0439910e-01   1.0000000e+00
   2.9500000e+00   7.0279597e-01   1.0000000e+00
   2.9700000e+00   7.0119284e-01   1.0000000e+00
