   6.1000000e-01   9.5176315e-01   0.0000000e+00
   6.3000000e-01   9.3540199e-01   0.0000000e+00
   6.5000000e-01   9.1243253e-01   0.0000000e+00
   6.7000000e-01   8.8598524e-01   0.0000000e+00
   6.9000000e-01   8.5606012e-01   0.0000000e+00
   7.1000000e-01   8.3250861e-01   0.0000000e+00
   7.3000000e-01   8.1052672e-01   0.0000000e+00
   7.5000000e-01   7.9011444e-01   0.0000000e+00
   7.7000000e-01   7.7287421e-01   0.0000000e+00
   7.9000000e-01   7.5682949e-01   0.0000000e+00
   8.1000000e-01   7.4198025e-01   0.0000000e+00
   8.3000000e-01   7.2541457e-01   0.0000000e+00
   8.5000000e-01   7.1067929e-01   0.0000000e+00
   8.7000000e-01   6.9777443e-01   0.0000000e+00
   8.9000000e-01   6.8535570e-01   0.0000000e+00
   9.1000000e-01   6.7401475e-01   0.0000000e+00
   9.3000000e-01   6.6375161e-01   0.0000000e+00
   9.5000000e-01   6.5572052e-01   0.0000000e+00
   9.7000000e-01   6.4825969e-01   0.0000000e+00
   9.9000000e-01   6.4136910e-01   0.0000000e+00
   1.0100000e+00   6.3495658e-01   0.0000000e+00
   1.0300000e+00   6.2901808e-01   0.0000000e+00
   1.0500000e+00   6.2355362e-01   0.0000000e+00
   1.0700000e+00   6.1785248e-01   0.0000000e+00
   1.0900000e+00   6.1230354e-01   0.0000000e+00
   1.1100000e+00   6.0690679e-01   0.0000000e+00
   1.1300000e+00   6.0209740e-01   0.0000000e+00
   1.1500000e+00   5.9728801e-01   0.0000000e+00
   1.1700000e+00   5.9247861e-01   0.0000000e+00
   1.1900000e+00   5.8766922e-01   0.0000000e+00
   1.2100000e+00   5.8328491e-01   0.0000000e+00
   1.2300000e+00   5.7932569e-01   0.0000000e+00
   1.2500000e+00   5.7496821e-01   0.0000000e+00
   1.2700000e+00   5.7048065e-01   0.0000000e+00
   1.2900000e+00   5.6586301e-01   0.0000000e+00
   1.3100000e+00   5.6158799e-01   0.0000000e+00
   1.3300000e+00   5.5731298e-01   0.0000000e+00
   1.3500000e+00   5.5303796e-01   0.0000000e+00
   1.3700000e+00   5.4827014e-01   0.0000000e+00
   1.3900000e+00   5.4366961e-01   0.0000000e+00
   1.4100000e+00   5.3923635e-01   0.0000000e+00
   1.4300000e+00   5.3444239e-01   0.0000000e+00
   1.4500000e+00   5.2944493e-01   0.0000000e+00
   1.4700000e+00   5.2424396e-01   0.0000000e+00
   1.4900000e+00   5.1948686e-01   0.0000000e+00
   1.5100000e+00   5.1523799e-01   0.0000000e+00
   1.5300000e+00   5.1149735e-01   0.0000000e+00
   1.5500000e+00   5.0775671e-01   0.0000000e+00
   1.5700000e+00   5.0417966e-01   0.0000000e+00
   1.5900000e+00   5.0076621e-01   0.0000000e+00
   1.6100000e+00   4.9777048e-01   0.0000000e+00
   1.6300000e+00   4.9488974e-01   0.0000000e+00
   1.6500000e+00   4.9212399e-01   0.0000000e+00
   1.6700000e+00   4.8891773e-01   0.0000000e+00
   1.6900000e+00   4.8647883e-01   0.0000000e+00
   1.7100000e+00   4.8480729e-01   0.0000000e+00
   1.7300000e+00   4.8280925e-01   0.0000000e+00
   1.7500000e+00   4.8088060e-01   0.0000000e+00
   1.7700000e+00   4.7902133e-01   0.0000000e+00
   1.7900000e+00   4.7741820e-01   0.0000000e+00
   1.8100000e+00   4.7581507e-01   0.0000000e+00
   1.8300000e+00   4.7421194e-01   0.0000000e+00
   1.8500000e+00   4.7260881e-01   0.0000000e+00
   1.8700000e+00   4.7123699e-01   0.0000000e+00
   1.8900000e+00   4.7009649e-01   0.0000000e+00
   1.9100000e+00   4.6902774e-01   0.0000000e+00
   1.9300000e+00   4.6795898e-01   0.0000000e+00
   1.9500000e+00   4.6689023e-01   0.0000000e+00
   1.9700000e+00   4.6582147e-01   0.0000000e+00
   1.9900000e+00   4.6475272e-01   0.0000000e+00
   2.0100000e+00   4.6368396e-01   0.0000000e+00
   2.0300000e+00   4.6261521e-01   0.0000000e+00
   2.0500000e+00   4.6154646e-01   0.0000000e+00
   2.0700000e+00   4.6047770e-01   0.0000000e+00
   2.0900000e+00   4.5940895e-01   0.0000000e+00
   2.1100000e+00   4.5834020e-01   0.0000000e+00
   2.1300000e+00   4.5727144e-01   0.0000000e+00
   2.1500000e+00   4.5620269e-01   0.0000000e+00
   2.1700000e+00   4.5513393e-01   0.0000000e+00
   2.1900000e+00   4.5406518e-01   0.0000000e+00
   2.2100000e+00   4.5299642e-01   0.0000000e+00
   2.2300000e+00   4.5211004e-01   0.0000000e+00
   2.2500000e+00   4.5140602e-01   0.0000000e+00
   2.2700000e+00   4.5062357e-01   0.0000000e+00
   2.2900000e+00   4.4982938e-01   0.0000000e+00
   2.3100000e+00   4.4902344e-01   0.0000000e+00
   2.3300000e+00   4.4902344e-01   0.0000000e+00
   2.3500000e+00   4.4902344e-01   0.0000000e+00
   2.3700000e+00   4.4902344e-01   0.0000000e+00
   2.3900000e+00   4.4902344e-01   0.0000000e+00
   2.4100000e+00   4.4902344e-01   0.0000000e+00
   2.4300000e+00   4.4902344e-01   0.0000000e+00
   2.4500000e+00   4.4942169e-01   0.0000000e+00
   2.4700000e+00   4.5011396e-01   0.0000000e+00
   2.4900000e+00   4.5110025e-01   0.0000000e+00
   2.5100000e+00   4.5163463e-01   0.0000000e+00
   2.5300000e+00   4.5241909e-01   0.0000000e+00
   2.5500000e+00   4.5345365e-01   0.0000000e+00
   2.5700000e+00   4.5413889e-01   0.0000000e+00
   2.5900000e+00   4.5474870e-01   0.0000000e+00
   2.6100000e+00   4.5528308e-01   0.0000000e+00
   2.6300000e+00   4.5566728e-01   0.0000000e+00
   2.6500000e+00   4.5585938e-01   0.0000000e+00
   2.6700000e+00   4.5585938e-01   0.0000000e+00
   2.6900000e+00   4.5585938e-01   0.0000000e+00
   2.7100000e+00   4.5563376e-01   0.0000000e+00
   2.7300000e+00   4.5518253e-01   0.0000000e+00
   2.7500000e+00   4.5464816e-01   0.0000000e+00
   2.7700000e+00   4.5422273e-01   0.0000000e+00
   2.7900000e+00   4.5390625e-01   0.0000000e+00
   2.8100000e+00   4.5380502e-01   0.0000000e+00
   2.8300000e+00   4.5348721e-01   0.0000000e+00
   2.8500000e+00   4.5295284e-01   0.0000000e+00
   2.8700000e+00   4.5293740e-01   0.0000000e+00
   2.8900000e+00   4.5252741e-01   0.0000000e+00
   2.9100000e+00   4.5172284e-01   0.0000000e+00
   2.9300000e+00   4.5122532e-01   0.0000000e+00
   2.9500000e+00   4.5080761e-01   0.0000000e+00
   2.9700000e+00   4.5046971e-01   0.0000000e+00
   2.9900000e+00   4.4945324e-01   0.0000000e+00
   3.0100000e+00   4.4867782e-01   0.0000000e+00
   3.0300000e+00   4.4814344e-01   0.0000000e+00
   3.0500000e+00   4.4760906e-01   0.0000000e+00
   3.0700000e+00   4.4689802e-01   0.0000000e+00
   3.0900000e+00   4.4601031e-01   0.0000000e+00
   3.1100000e+00   4.4517822e-01   0.0000000e+00
   3.1300000e+00   4.4449499e-01   0.0000000e+00
   3.1500000e+00   4.4396062e-01   0.0000000e+00
   3.1700000e+00   4.4342290e-01   0.0000000e+00
   3.1900000e+00   4.4261966e-01   0.0000000e+00
   3.2100000e+00   4.4155091e-01   0.0000000e+00
   3.2300000e+00   4.4090321e-01   0.0000000e+00
   3.2500000e+00   4.4031217e-01   0.0000000e+00
   3.2700000e+00   4.3977779e-01   0.0000000e+00
   3.2900000e+00   4.3905569e-01   0.0000000e+00
   3.3100000e+00   4.3819579e-01   0.0000000e+00
   3.3300000e+00   4.3719810e-01   0.0000000e+00
   3.3500000e+00   4.3666372e-01   0.0000000e+00
   3.3700000e+00   4.3612934e-01   0.0000000e+00
   3.3900000e+00   4.3559497e-01   0.0000000e+00
   3.4100000e+00   4.3506059e-01   0.0000000e+00
   2.0000000e+00   7.2800659e-01   1.0000000e+00
   2.0200000e+00   7.2586102e-01   1.0000000e+00
   2.0400000e+00   7.2477615e-01   1.0000000e+00
   2.0600000e+00   7.2246635e-01   1.0000000e+00
   2.0800000e+00   7.1997550e-01   1.0000000e+00
   2.1000000e+00   7.1730362e-01   1.0000000e+00
   2.1200000e+00   7.1445138e-01   1.0000000e+00
   2.1400000e+00   7.1145397e-01   1.0000000e+00
   2.1600000e+00   7.0831140e-01   1.0000000e+00
   2.1800000e+00   7.0563951e-01   1.0000000e+00
   2.2000000e+00   7.0296763e-01   1.0000000e+00
   2.2200000e+00   7.0029574e-01   1.0000000e+00
   2.2400000e+00   6.9798859e-01   1.0000000e+00
   2.2600000e+00   6.9576627e-01   1.0000000e+00
   2.2800000e+00   6.9362876e-01   1.0000000e+00
   2.3000000e+00   6.9175406e-01   1.0000000e+00
   2.3200000e+00   6.9027497e-01   1.0000000e+00
   2.3400000e+00   6.8919147e-01   1.0000000e+00
   2.3600000e+00   6.8758834e-01   1.0000000e+00
   2.3800000e+00   6.8620144e-01   1.0000000e+00
   2.4000000e+00   6.8503076e-01   1.0000000e+00
   2.4200000e+00   6.8364622e-01   1.0000000e+00
   2.4400000e+00   6.8215238e-01   1.0000000e+00
   2.4600000e+00   6.8054925e-01   1.0000000e+00
   2.4800000e+00   6.7902858e-01   1.0000000e+00
   2.5000000e+00   6.7773386e-01   1.0000000e+00
   2.5200000e+00   6.7666511e-01   1.0000000e+00
   2.5400000e+00   6.7459601e-01   1.0000000e+00
   2.5600000e+00   6.7268446e-01   1.0000000e+00
   2.5800000e+00   6.7093046e-01   1.0000000e+00
   2.6000000e+00   6.6906049e-01   1.0000000e+00
   2.6200000e+00   6.6713183e-01   1.0000000e+00
   2.6400000e+00   6.6514451e-01   1.0000000e+00
   2.6600000e+00   6.6354137e-01   1.0000000e+00
   2.6800000e+00   6.6193824e-01   1.0000000e+00
   2.7000000e+00   6.6033511e-01   1.0000000e+00
   2.7200000e+00   6.5963444e-01   1.0000000e+00
   2.7400000e+00   6.5935147e-01   1.0000000e+00
   2.7600000e+00   6.5948622e-01   1.0000000e+00
