   6.0000000e-01   9.7613897e-01   0.0000000e+00
   6.2000000e-01   9.6032291e-01   0.0000000e+00
   6.4000000e-01   9.4260837e-01   0.0000000e+00
   6.6000000e-01   9.2299534e-01   0.0000000e+00
   6.8000000e-01   8.9841400e-01   0.0000000e+00
   7.0000000e-01   8.7519843e-01   0.0000000e+00
   7.2000000e-01   8.5334863e-01   0.0000000e+00
   7.4000000e-01   8.3400510e-01   0.0000000e+00
   7.6000000e-01   8.1602568e-01   0.0000000e+00
   7.8000000e-01   7.9941035e-01   0.0000000e+00
   8.0000000e-01   7.8477165e-01   0.0000000e+00
   8.2000000e-01   7.6970383e-01   0.0000000e+00
   8.4000000e-01   7.5420689e-01   0.0000000e+00
   8.6000000e-01   7.4184781e-01   0.0000000e+00
   8.8000000e-01   7.3033556e-01   0.0000000e+00
   9.0000000e-01   7.1967013e-01   0.0000000e+00
   9.2000000e-01   7.1125485e-01   0.0000000e+00
   9.4000000e-01   7.0366025e-01   0.0000000e+00
   9.6000000e-01   6.9688633e-01   0.0000000e+00
   9.8000000e-01   6.9058644e-01   0.0000000e+00
   1.0000000e+00   6.8476461e-01   0.0000000e+00
   1.0200000e+00   6.7942084e-01   0.0000000e+00
   1.0400000e+00   6.7455109e-01   0.0000000e+00
   1.0600000e+00   6.6989021e-01   0.0000000e+00
   1.0800000e+00   6.6543818e-01   0.0000000e+00
   1.1000000e+00   6.6092247e-01   0.0000000e+00
   1.1200000e+00   6.5632193e-01   0.0000000e+00
   1.1400000e+00   6.5163657e-01   0.0000000e+00
   1.1600000e+00   6.4736155e-01   0.0000000e+00
   1.1800000e+00   6.4308654e-01   0.0000000e+00
   1.2000000e+00   6.3881152e-01   0.0000000e+00
   1.2200000e+00   6.3453651e-01   0.0000000e+00
   1.2400000e+00   6.2995307e-01   0.0000000e+00
   1.2600000e+00   6.2506122e-01   0.0000000e+00
   1.2800000e+00   6.1990920e-01   0.0000000e+00
   1.3000000e+00   6.1489095e-01   0.0000000e+00
   1.3200000e+00   6.1000647e-01   0.0000000e+00
   1.3400000e+00   6.0466270e-01   0.0000000e+00
   1.3600000e+00   5.9981173e-01   0.0000000e+00
   1.3800000e+00   5.9545356e-01   0.0000000e+00
   1.4000000e+00   5.9080241e-01   0.0000000e+00
   1.4200000e+00   5.8620187e-01   0.0000000e+00
   1.4400000e+00   5.8165195e-01   0.0000000e+00
   1.4600000e+00   5.7751974e-01   0.0000000e+00
   1.4800000e+00   5.7357025e-01   0.0000000e+00
   1.5000000e+00   5.6980346e-01   0.0000000e+00
   1.5200000e+00   5.6552845e-01   0.0000000e+00
   1.5400000e+00   5.6191922e-01   0.0000000e+00
   1.5600000e+00   5.5897577e-01   0.0000000e+00
   1.5800000e+00   5.5597669e-01   0.0000000e+00
   1.6000000e+00   5.5297929e-01   0.0000000e+00
   1.6200000e+00   5.4998355e-01   0.0000000e+00
   1.6400000e+00   5.4740553e-01   0.0000000e+00
   1.6600000e+00   5.4504776e-01   0.0000000e+00
   1.6800000e+00   5.4291025e-01   0.0000000e+00
   1.7000000e+00   5.4026117e-01   0.0000000e+00
   1.7200000e+00   5.3779814e-01   0.0000000e+00
   1.7400000e+00   5.3552117e-01   0.0000000e+00
   1.7600000e+00   5.3394015e-01   0.0000000e+00
   1.7800000e+00   5.3245368e-01   0.0000000e+00
   1.8000000e+00   5.3106177e-01   0.0000000e+00
   1.8200000e+00   5.2896917e-01   0.0000000e+00
   1.8400000e+00   5.2712131e-01   0.0000000e+00
   1.8600000e+00   5.2551818e-01   0.0000000e+00
   1.8800000e+00   5.2391505e-01   0.0000000e+00
   1.9000000e+00   5.2213894e-01   0.0000000e+00
   1.9200000e+00   5.2018984e-01   0.0000000e+00
   1.9400000e+00   5.1851093e-01   0.0000000e+00
   1.9600000e+00   5.1713710e-01   0.0000000e+00
   1.9800000e+00   5.1606835e-01   0.0000000e+00
   2.0000000e+00   5.1499959e-01   0.0000000e+00
   2.0200000e+00   5.1366566e-01   0.0000000e+00
   2.0400000e+00   5.1206656e-01   0.0000000e+00
   2.0600000e+00   5.1087712e-01   0.0000000e+00
   2.0800000e+00   5.0959950e-01   0.0000000e+00
   2.1000000e+00   5.0823373e-01   0.0000000e+00
   2.1200000e+00   5.0681095e-01   0.0000000e+00
   2.1400000e+00   5.0553334e-01   0.0000000e+00
   2.1600000e+00   5.0440090e-01   0.0000000e+00
   2.1800000e+00   5.0279777e-01   0.0000000e+00
   2.2000000e+00   5.0095394e-01   0.0000000e+00
   2.2200000e+00   4.9886941e-01   0.0000000e+00
   2.2400000e+00   4.9673190e-01   0.0000000e+00
   2.2600000e+00   4.9471843e-01   0.0000000e+00
   2.2800000e+00   4.9282899e-01   0.0000000e+00
   2.3000000e+00   4.9122586e-01   0.0000000e+00
   2.3200000e+00   4.8961536e-01   0.0000000e+00
   2.3400000e+00   4.8799748e-01   0.0000000e+00
   2.3600000e+00   4.8585997e-01   0.0000000e+00
   2.3800000e+00   4.8393869e-01   0.0000000e+00
   2.4000000e+00   4.8223364e-01   0.0000000e+00
   2.4200000e+00   4.8031472e-01   0.0000000e+00
   2.4400000e+00   4.7848563e-01   0.0000000e+00
   2.4600000e+00   4.7674637e-01   0.0000000e+00
   2.4800000e+00   4.7551270e-01   0.0000000e+00
   2.5000000e+00   4.7382711e-01   0.0000000e+00
   2.5200000e+00   4.7168960e-01   0.0000000e+00
   2.5400000e+00   4.7055244e-01   0.0000000e+00
   2.5600000e+00   4.6925772e-01   0.0000000e+00
   2.5800000e+00   4.6780546e-01   0.0000000e+00
   2.6000000e+00   4.6646917e-01   0.0000000e+00
   2.6200000e+00   4.6519156e-01   0.0000000e+00
   2.6400000e+00   4.6397263e-01   0.0000000e+00
   2.6600000e+00   4.6240301e-01   0.0000000e+00
   2.6800000e+00   4.6108383e-01   0.0000000e+00
   2.7000000e+00   4.6001508e-01   0.0000000e+00
   2.7200000e+00   4.5849509e-01   0.0000000e+00
   2.7400000e+00   4.5726810e-01   0.0000000e+00
   2.7600000e+00   4.5633409e-01   0.0000000e+00
   2.7800000e+00   4.5536392e-01   0.0000000e+00
   2.8000000e+00   4.5412789e-01   0.0000000e+00
   2.8200000e+00   4.5262599e-01   0.0000000e+00
   2.8400000e+00   4.5155723e-01   0.0000000e+00
   2.8600000e+00   4.5048848e-01   0.0000000e+00
   2.8800000e+00   4.4941973e-01   0.0000000e+00
   2.9000000e+00   4.4875325e-01   0.0000000e+00
   2.9200000e+00   4.4801002e-01   0.0000000e+00
   2.9400000e+00   4.4719003e-01   0.0000000e+00
   2.9600000e+00   4.4612127e-01   0.0000000e+00
   2.9800000e+00   4.4502637e-01   0.0000000e+00
   3.0000000e+00   4.4390533e-01   0.0000000e+00
   3.0200000e+00   4.4230220e-01   0.0000000e+00
   3.0400000e+00   4.4069907e-01   0.0000000e+00
   3.0600000e+00   4.3909594e-01   0.0000000e+00
   3.0800000e+00   4.3784614e-01   0.0000000e+00
   3.1000000e+00   4.3645020e-01   0.0000000e+00
   3.1200000e+00   4.3490810e-01   0.0000000e+00
   3.1400000e+00   4.3301061e-01   0.0000000e+00
   3.1600000e+00   4.3152748e-01   0.0000000e+00
   3.1800000e+00   4.3045873e-01   0.0000000e+00
   3.2000000e+00   4.2938997e-01   0.0000000e+00
   3.2200000e+00   4.2853175e-01   0.0000000e+00
   3.2400000e+00   4.2788404e-01   0.0000000e+00
   3.2600000e+00   4.2704528e-01   0.0000000e+00
   3.2800000e+00   4.2609152e-01   0.0000000e+00
   3.3000000e+00   4.2502276e-01   0.0000000e+00
   3.3200000e+00   4.2402507e-01   0.0000000e+00
   3.3400000e+00   4.2325903e-01   0.0000000e+00
   3.3600000e+00   4.2272466e-01   0.0000000e+00
   3.3800000e+00   4.2219028e-01   0.0000000e+00
   3.4000000e+00   4.2165590e-01   0.0000000e+00
   3.4200000e+00   4.2112153e-01   0.0000000e+00
   3.4400000e+00   4.2058715e-01   0.0000000e+00
   3.4600000e+00   4.2005277e-01   0.0000000e+00
   3.4800000e+00   4.1951839e-01   0.0000000e+00
   3.5000000e+00   4.1898402e-01   0.0000000e+00
   3.5200000e+00   4.1844964e-01   0.0000000e+00
   3.5400000e+00   4.1791526e-01   0.0000000e+00
   3.5600000e+00   4.1782071e-01   0.0000000e+00
   3.5800000e+00   4.1777344e-01   0.0000000e+00
   3.6000000e+00   4.1777344e-01   0.0000000e+00
   3.6200000e+00   4.1777344e-01   0.0000000e+00
   3.6400000e+00   4.1786327e-01   0.0000000e+00
   3.6600000e+00   4.1804293e-01   0.0000000e+00
   3.6800000e+00   4.1911169e-01   0.0000000e+00
   3.7000000e+00   4.2094176e-01   0.0000000e+00
   3.7200000e+00   4.2353315e-01   0.0000000e+00
   2.0700000e+00   7.4474894e-01   1.0000000e+00
   2.0900000e+00   7.4207706e-01   1.0000000e+00
   2.1100000e+00   7.3940517e-01   1.0000000e+00
   2.1300000e+00   7.3673329e-01   1.0000000e+00
   2.1500000e+00   7.3418878e-01   1.0000000e+00
   2.1700000e+00   7.3211496e-01   1.0000000e+00
   2.1900000e+00   7.3051183e-01   1.0000000e+00
   2.2100000e+00   7.3035290e-01   1.0000000e+00
   2.2300000e+00   7.2936160e-01   1.0000000e+00
   2.2500000e+00   7.2753792e-01   1.0000000e+00
   2.2700000e+00   7.2511410e-01   1.0000000e+00
   2.2900000e+00   7.2289914e-01   1.0000000e+00
   2.3100000e+00   7.2089304e-01   1.0000000e+00
   2.3300000e+00   7.1926043e-01   1.0000000e+00
   2.3500000e+00   7.1710818e-01   1.0000000e+00
   2.3700000e+00   7.1443629e-01   1.0000000e+00
   2.3900000e+00   7.1133195e-01   1.0000000e+00
   2.4100000e+00   7.0849244e-01   1.0000000e+00
   2.4300000e+00   7.0591776e-01   1.0000000e+00
   2.4500000e+00   7.0378025e-01   1.0000000e+00
   2.4700000e+00   7.0168397e-01   1.0000000e+00
   2.4900000e+00   6.9962893e-01   1.0000000e+00
   2.5100000e+00   6.9802579e-01   1.0000000e+00
   2.5300000e+00   6.9617258e-01   1.0000000e+00
   2.5500000e+00   6.9406927e-01   1.0000000e+00
   2.5700000e+00   6.9193177e-01   1.0000000e+00
   2.5900000e+00   6.8979426e-01   1.0000000e+00
   2.6100000e+00   6.8765675e-01   1.0000000e+00
   2.6300000e+00   6.8551924e-01   1.0000000e+00
   2.6500000e+00   6.8339849e-01   1.0000000e+00
   2.6700000e+00   6.8129450e-01   1.0000000e+00
   2.6900000e+00   6.7969136e-01   1.0000000e+00
   2.7100000e+00   6.7808823e-01   1.0000000e+00
   2.7300000e+00   6.7648510e-01   1.0000000e+00
   2.7500000e+00   6.7454741e-01   1.0000000e+00
   2.7700000e+00   6.7261876e-01   1.0000000e+00
   2.7900000e+00   6.7069915e-01   1.0000000e+00
   2.8100000e+00   6.6919725e-01   1.0000000e+00
   2.8300000e+00   6.6791192e-01   1.0000000e+00
   2.8500000e+00   6.6684317e-01   1.0000000e+00
   2.8700000e+00   6.6629336e-01   1.0000000e+00
   2.8900000e+00   6.6555013e-01   1.0000000e+00
   2.9100000e+00   6.6461347e-01   1.0000000e+00
   2.9300000e+00   6.6383033e-01   1.0000000e+00
   2.9500000e+00   6.6317157e-01   1.0000000e+00
   2.9700000e+00   6.6263720e-01   1.0000000e+00
   2.9900000e+00   6.6205053e-01   1.0000000e+00
   3.0100000e+00   6.6122282e-01   1.0000000e+00
   3.0300000e+00   6.6015407e-01   1.0000000e+00
   3.0500000e+00   6.5908532e-01   1.0000000e+00
   3.0700000e+00   6.5783989e-01   1.0000000e+00
   3.0900000e+00   6.5641781e-01   1.0000000e+00
   3.1100000e+00   6.5481467e-01   1.0000000e+00
   3.1300000e+00   6.5315154e-01   1.0000000e+00
   3.1500000e+00   6.5142840e-01   1.0000000e+00
   3.1700000e+00   6.4929758e-01   1.0000000e+00
   3.1900000e+00   6.4769779e-01   1.0000000e+00
   3.2100000e+00   6.4662903e-01   1.0000000e+00
   3.2300000e+00   6.4513923e-01   1.0000000e+00
   3.2500000e+00   6.4359276e-01   1.0000000e+00
   3.2700000e+00   6.4198963e-01   1.0000000e+00
   3.2900000e+00   6.4094967e-01   1.0000000e+00
   3.3100000e+00   6.4035863e-01   1.0000000e+00
   3.3300000e+00   6.4021651e-01   1.0000000e+00
   3.3500000e+00   6.3914775e-01   1.0000000e+00
   3.3700000e+00   6.3807900e-01   1.0000000e+00
   3.3900000e+00   6.3701025e-01   1.0000000e+00
   3.4100000e+00   6.3519728e-01   1.0000000e+00
