   6.1000000e-01   9.5138298e-01   0.0000000e+00
   6.3000000e-01   9.3540199e-01   0.0000000e+00
   6.5000000e-01   9.1243253e-01   0.0000000e+00
   6.7000000e-01   8.8598524e-01   0.0000000e+00
   6.9000000e-01   8.5606012e-01   0.0000000e+00
   7.1000000e-01   8.3296387e-01   0.0000000e+00
   7.3000000e-01   8.1113820e-01   0.0000000e+00
   7.5000000e-01   7.9058311e-01   0.0000000e+00
   7.7000000e-01   7.7303044e-01   0.0000000e+00
   7.9000000e-01   7.5677685e-01   0.0000000e+00
   8.1000000e-01   7.4182236e-01   0.0000000e+00
   8.3000000e-01   7.2472229e-01   0.0000000e+00
   8.5000000e-01   7.0997562e-01   0.0000000e+00
   8.7000000e-01   6.9758234e-01   0.0000000e+00
   8.9000000e-01   6.8447904e-01   0.0000000e+00
   9.1000000e-01   6.7269591e-01   0.0000000e+00
   9.3000000e-01   6.6223295e-01   0.0000000e+00
   9.5000000e-01   6.5439028e-01   0.0000000e+00
   9.7000000e-01   6.4678462e-01   0.0000000e+00
   9.9000000e-01   6.3941598e-01   0.0000000e+00
   1.0100000e+00   6.3300345e-01   0.0000000e+00
   1.0300000e+00   6.2706496e-01   0.0000000e+00
   1.0500000e+00   6.2160049e-01   0.0000000e+00
   1.0700000e+00   6.1625672e-01   0.0000000e+00
   1.0900000e+00   6.1103330e-01   0.0000000e+00
   1.1100000e+00   6.0593023e-01   0.0000000e+00
   1.1300000e+00   6.0124487e-01   0.0000000e+00
   1.1500000e+00   5.9676100e-01   0.0000000e+00
   1.1700000e+00   5.9247861e-01   0.0000000e+00
   1.1900000e+00   5.8766922e-01   0.0000000e+00
   1.2100000e+00   5.8307237e-01   0.0000000e+00
   1.2300000e+00   5.7868806e-01   0.0000000e+00
   1.2500000e+00   5.7441304e-01   0.0000000e+00
   1.2700000e+00   5.7013803e-01   0.0000000e+00
   1.2900000e+00   5.6586301e-01   0.0000000e+00
   1.3100000e+00   5.6151290e-01   0.0000000e+00
   1.3300000e+00   5.5693316e-01   0.0000000e+00
   1.3500000e+00   5.5212376e-01   0.0000000e+00
   1.3700000e+00   5.4780717e-01   0.0000000e+00
   1.3900000e+00   5.4351137e-01   0.0000000e+00
   1.4100000e+00   5.3923635e-01   0.0000000e+00
   1.4300000e+00   5.3444239e-01   0.0000000e+00
   1.4500000e+00   5.2944493e-01   0.0000000e+00
   1.4700000e+00   5.2424396e-01   0.0000000e+00
   1.4900000e+00   5.1948686e-01   0.0000000e+00
   1.5100000e+00   5.1523799e-01   0.0000000e+00
   1.5300000e+00   5.1149735e-01   0.0000000e+00
   1.5500000e+00   5.0775671e-01   0.0000000e+00
   1.5700000e+00   5.0417966e-01   0.0000000e+00
   1.5900000e+00   5.0076621e-01   0.0000000e+00
   1.6100000e+00   4.9777048e-01   0.0000000e+00
   1.6300000e+00   4.9498360e-01   0.0000000e+00
   1.6500000e+00   4.9240558e-01   0.0000000e+00
   1.6700000e+00   4.9026807e-01   0.0000000e+00
   1.6900000e+00   4.8787477e-01   0.0000000e+00
   1.7100000e+00   4.8522569e-01   0.0000000e+00
   1.7300000e+00   4.8294872e-01   0.0000000e+00
   1.7500000e+00   4.8088060e-01   0.0000000e+00
   1.7700000e+00   4.7902133e-01   0.0000000e+00
   1.7900000e+00   4.7757978e-01   0.0000000e+00
   1.8100000e+00   4.7630217e-01   0.0000000e+00
   1.8300000e+00   4.7518850e-01   0.0000000e+00
   1.8500000e+00   4.7358537e-01   0.0000000e+00
   1.8700000e+00   4.7221355e-01   0.0000000e+00
   1.8900000e+00   4.7107305e-01   0.0000000e+00
   1.9100000e+00   4.6965833e-01   0.0000000e+00
   1.9300000e+00   4.6826406e-01   0.0000000e+00
   1.9500000e+00   4.6689023e-01   0.0000000e+00
   1.9700000e+00   4.6582147e-01   0.0000000e+00
   1.9900000e+00   4.6475272e-01   0.0000000e+00
   2.0100000e+00   4.6368396e-01   0.0000000e+00
   2.0300000e+00   4.6261521e-01   0.0000000e+00
   2.0500000e+00   4.6154646e-01   0.0000000e+00
   2.0700000e+00   4.6047770e-01   0.0000000e+00
   2.0900000e+00   4.5911193e-01   0.0000000e+00
   2.1100000e+00   4.5780783e-01   0.0000000e+00
   2.1300000e+00   4.5656541e-01   0.0000000e+00
   2.1500000e+00   4.5590365e-01   0.0000000e+00
   2.1700000e+00   4.5477121e-01   0.0000000e+00
   2.1900000e+00   4.5316808e-01   0.0000000e+00
   2.2100000e+00   4.5252775e-01   0.0000000e+00
   2.2300000e+00   4.5194040e-01   0.0000000e+00
   2.2500000e+00   4.5140602e-01   0.0000000e+00
   2.2700000e+00   4.5087164e-01   0.0000000e+00
   2.2900000e+00   4.5040297e-01   0.0000000e+00
   2.3100000e+00   4.5000000e-01   0.0000000e+00
   2.3300000e+00   4.4998526e-01   0.0000000e+00
   2.3500000e+00   4.4971070e-01   0.0000000e+00
   2.3700000e+00   4.4917632e-01   0.0000000e+00
   2.3900000e+00   4.4950685e-01   0.0000000e+00
   2.4100000e+00   4.4993931e-01   0.0000000e+00
   2.4300000e+00   4.5047369e-01   0.0000000e+00
   2.4500000e+00   4.5120719e-01   0.0000000e+00
   2.4700000e+00   4.5202586e-01   0.0000000e+00
   2.4900000e+00   4.5292969e-01   0.0000000e+00
   2.5100000e+00   4.5292969e-01   0.0000000e+00
   2.5300000e+00   4.5317977e-01   0.0000000e+00
   2.5500000e+00   4.5367995e-01   0.0000000e+00
   2.5700000e+00   4.5383082e-01   0.0000000e+00
   2.5900000e+00   4.5403967e-01   0.0000000e+00
   2.6100000e+00   4.5430652e-01   0.0000000e+00
   2.6300000e+00   4.5469071e-01   0.0000000e+00
   2.6500000e+00   4.5486605e-01   0.0000000e+00
   2.6700000e+00   4.5483254e-01   0.0000000e+00
   2.6900000e+00   4.5429816e-01   0.0000000e+00
   2.7100000e+00   4.5376379e-01   0.0000000e+00
   2.7300000e+00   4.5322941e-01   0.0000000e+00
   2.7500000e+00   4.5302959e-01   0.0000000e+00
   2.7700000e+00   4.5271179e-01   0.0000000e+00
   2.7900000e+00   4.5227599e-01   0.0000000e+00
   2.8100000e+00   4.5140971e-01   0.0000000e+00
   2.8300000e+00   4.5097656e-01   0.0000000e+00
   2.8500000e+00   4.5097656e-01   0.0000000e+00
   2.8700000e+00   4.4993867e-01   0.0000000e+00
   2.8900000e+00   4.4928763e-01   0.0000000e+00
   2.9100000e+00   4.4902344e-01   0.0000000e+00
   2.9300000e+00   4.4845220e-01   0.0000000e+00
   2.9500000e+00   4.4780116e-01   0.0000000e+00
   2.9700000e+00   4.4707031e-01   0.0000000e+00
   2.9900000e+00   4.4696574e-01   0.0000000e+00
   3.0100000e+00   4.4637907e-01   0.0000000e+00
   3.0300000e+00   4.4531032e-01   0.0000000e+00
   3.0500000e+00   4.4471157e-01   0.0000000e+00
   3.0700000e+00   4.4396833e-01   0.0000000e+00
   3.0900000e+00   4.4308062e-01   0.0000000e+00
   3.1100000e+00   4.4201187e-01   0.0000000e+00
   3.1300000e+00   4.4100311e-01   0.0000000e+00
   3.1500000e+00   4.4005437e-01   0.0000000e+00
   3.1700000e+00   4.3952333e-01   0.0000000e+00
   3.1900000e+00   4.3925781e-01   0.0000000e+00
   3.2100000e+00   4.3925781e-01   0.0000000e+00
   3.2300000e+00   4.3841571e-01   0.0000000e+00
   3.2500000e+00   4.3761247e-01   0.0000000e+00
   3.2700000e+00   4.3684810e-01   0.0000000e+00
   3.2900000e+00   4.3612600e-01   0.0000000e+00
   3.3100000e+00   4.3526610e-01   0.0000000e+00
   3.3300000e+00   4.3426841e-01   0.0000000e+00
   3.3500000e+00   4.3373403e-01   0.0000000e+00
   3.3700000e+00   4.3295527e-01   0.0000000e+00
   3.3900000e+00   4.3193212e-01   0.0000000e+00
   3.4100000e+00   4.3123547e-01   0.0000000e+00
   3.4300000e+00   4.3061996e-01   0.0000000e+00
   3.4500000e+00   4.3008559e-01   0.0000000e+00
   3.4700000e+00   4.2955121e-01   0.0000000e+00
   3.4900000e+00   4.2902789e-01   0.0000000e+00
   3.5100000e+00   4.2851563e-01   0.0000000e+00
   3.5300000e+00   4.2851563e-01   0.0000000e+00
   3.5500000e+00   4.2829571e-01   0.0000000e+00
   3.5700000e+00   4.2785589e-01   0.0000000e+00
   3.5900000e+00   4.2764467e-01   0.0000000e+00
   3.6100000e+00   4.2743581e-01   0.0000000e+00
   3.6300000e+00   4.2722932e-01   0.0000000e+00
   3.6500000e+00   4.2687460e-01   0.0000000e+00
   3.6700000e+00   4.2696444e-01   0.0000000e+00
   3.6900000e+00   4.2749881e-01   0.0000000e+00
   3.7100000e+00   4.2549547e-01   0.0000000e+00
   3.7300000e+00   4.2401136e-01   0.0000000e+00
   3.7500000e+00   4.2304649e-01   0.0000000e+00
   3.7700000e+00   4.2333476e-01   0.0000000e+00
   2.0400000e+00   7.2202750e-01   1.0000000e+00
   2.0600000e+00   7.2083805e-01   1.0000000e+00
   2.0800000e+00   7.1941193e-01   1.0000000e+00
   2.1000000e+00   7.1774914e-01   1.0000000e+00
   2.1200000e+00   7.1543128e-01   1.0000000e+00
   2.1400000e+00   7.1293641e-01   1.0000000e+00
   2.1600000e+00   7.1026452e-01   1.0000000e+00
   2.1800000e+00   7.0759264e-01   1.0000000e+00
   2.2000000e+00   7.0492075e-01   1.0000000e+00
   2.2200000e+00   7.0224887e-01   1.0000000e+00
   2.2400000e+00   6.9994172e-01   1.0000000e+00
   2.2600000e+00   6.9784343e-01   1.0000000e+00
   2.2800000e+00   6.9595399e-01   1.0000000e+00
   2.3000000e+00   6.9435086e-01   1.0000000e+00
   2.3200000e+00   6.9274773e-01   1.0000000e+00
   2.3400000e+00   6.9114460e-01   1.0000000e+00
   2.3600000e+00   6.8954147e-01   1.0000000e+00
   2.3800000e+00   6.8815456e-01   1.0000000e+00
   2.4000000e+00   6.8698389e-01   1.0000000e+00
   2.4200000e+00   6.8591513e-01   1.0000000e+00
   2.4400000e+00   6.8474682e-01   1.0000000e+00
   2.4600000e+00   6.8347894e-01   1.0000000e+00
   2.4800000e+00   6.8187580e-01   1.0000000e+00
   2.5000000e+00   6.8027267e-01   1.0000000e+00
   2.5200000e+00   6.7866954e-01   1.0000000e+00
   2.5400000e+00   6.7706641e-01   1.0000000e+00
   2.5600000e+00   6.7546328e-01   1.0000000e+00
   2.5800000e+00   6.7386015e-01   1.0000000e+00
   2.6000000e+00   6.7225702e-01   1.0000000e+00
   2.6200000e+00   6.7065389e-01   1.0000000e+00
   2.6400000e+00   6.6905075e-01   1.0000000e+00
   2.6600000e+00   6.6748114e-01   1.0000000e+00
   2.6800000e+00   6.6616195e-01   1.0000000e+00
   2.7000000e+00   6.6509320e-01   1.0000000e+00
   2.7200000e+00   6.6447567e-01   1.0000000e+00
   2.7400000e+00   6.6356516e-01   1.0000000e+00
   2.7600000e+00   6.6236166e-01   1.0000000e+00
