   6.1000000e-01   9.2837793e-01   0.0000000e+00
   6.3000000e-01   9.1391762e-01   0.0000000e+00
   6.5000000e-01   8.9094815e-01   0.0000000e+00
   6.7000000e-01   8.6450086e-01   0.0000000e+00
   6.9000000e-01   8.3457575e-01   0.0000000e+00
   7.1000000e-01   8.1102424e-01   0.0000000e+00
   7.3000000e-01   7.8853445e-01   0.0000000e+00
   7.5000000e-01   7.6710639e-01   0.0000000e+00
   7.7000000e-01   7.4981654e-01   0.0000000e+00
   7.9000000e-01   7.3449996e-01   0.0000000e+00
   8.1000000e-01   7.2115665e-01   0.0000000e+00
   8.3000000e-01   7.0352221e-01   0.0000000e+00
   8.5000000e-01   6.8771818e-01   0.0000000e+00
   8.7000000e-01   6.7374457e-01   0.0000000e+00
   8.9000000e-01   6.6188232e-01   0.0000000e+00
   9.1000000e-01   6.5135400e-01   0.0000000e+00
   9.3000000e-01   6.4215961e-01   0.0000000e+00
   9.5000000e-01   6.3519728e-01   0.0000000e+00
   9.7000000e-01   6.2877704e-01   0.0000000e+00
   9.9000000e-01   6.2289889e-01   0.0000000e+00
   1.0100000e+00   6.1702074e-01   0.0000000e+00
   1.0300000e+00   6.1161663e-01   0.0000000e+00
   1.0500000e+00   6.0668654e-01   0.0000000e+00
   1.0700000e+00   6.0187714e-01   0.0000000e+00
   1.0900000e+00   5.9706775e-01   0.0000000e+00
   1.1100000e+00   5.9225836e-01   0.0000000e+00
   1.1300000e+00   5.8744896e-01   0.0000000e+00
   1.1500000e+00   5.8263957e-01   0.0000000e+00
   1.1700000e+00   5.7783018e-01   0.0000000e+00
   1.1900000e+00   5.7302078e-01   0.0000000e+00
   1.2100000e+00   5.6842393e-01   0.0000000e+00
   1.2300000e+00   5.6403962e-01   0.0000000e+00
   1.2500000e+00   5.5914777e-01   0.0000000e+00
   1.2700000e+00   5.5402996e-01   0.0000000e+00
   1.2900000e+00   5.4868618e-01   0.0000000e+00
   1.3100000e+00   5.4334241e-01   0.0000000e+00
   1.3300000e+00   5.3799864e-01   0.0000000e+00
   1.3500000e+00   5.3265487e-01   0.0000000e+00
   1.3700000e+00   5.2731110e-01   0.0000000e+00
   1.3900000e+00   5.2215540e-01   0.0000000e+00
   1.4100000e+00   5.1718777e-01   0.0000000e+00
   1.4300000e+00   5.1289732e-01   0.0000000e+00
   1.4500000e+00   5.0888178e-01   0.0000000e+00
   1.4700000e+00   5.0514114e-01   0.0000000e+00
   1.4900000e+00   5.0142664e-01   0.0000000e+00
   1.5100000e+00   4.9796626e-01   0.0000000e+00
   1.5300000e+00   4.9476000e-01   0.0000000e+00
   1.5500000e+00   4.9155374e-01   0.0000000e+00
   1.5700000e+00   4.8867467e-01   0.0000000e+00
   1.5900000e+00   4.8612279e-01   0.0000000e+00
   1.6100000e+00   4.8377475e-01   0.0000000e+00
   1.6300000e+00   4.8131173e-01   0.0000000e+00
   1.6500000e+00   4.7873370e-01   0.0000000e+00
   1.6700000e+00   4.7659619e-01   0.0000000e+00
   1.6900000e+00   4.7471447e-01   0.0000000e+00
   1.7100000e+00   4.7308854e-01   0.0000000e+00
   1.7300000e+00   4.7109050e-01   0.0000000e+00
   1.7500000e+00   4.6916185e-01   0.0000000e+00
   1.7700000e+00   4.6730258e-01   0.0000000e+00
   1.7900000e+00   4.6569945e-01   0.0000000e+00
   1.8100000e+00   4.6409632e-01   0.0000000e+00
   1.8300000e+00   4.6249319e-01   0.0000000e+00
   1.8500000e+00   4.6089006e-01   0.0000000e+00
   1.8700000e+00   4.5951824e-01   0.0000000e+00
   1.8900000e+00   4.5837774e-01   0.0000000e+00
   1.9100000e+00   4.5696302e-01   0.0000000e+00
   1.9300000e+00   4.5556875e-01   0.0000000e+00
   1.9500000e+00   4.5419491e-01   0.0000000e+00
   1.9700000e+00   4.5312616e-01   0.0000000e+00
   1.9900000e+00   4.5205741e-01   0.0000000e+00
   2.0100000e+00   4.5098865e-01   0.0000000e+00
   2.0300000e+00   4.4938955e-01   0.0000000e+00
   2.0500000e+00   4.4799528e-01   0.0000000e+00
   2.0700000e+00   4.4680583e-01   0.0000000e+00
   2.0900000e+00   4.4573707e-01   0.0000000e+00
   2.1100000e+00   4.4475850e-01   0.0000000e+00
   2.1300000e+00   4.4387009e-01   0.0000000e+00
   2.1500000e+00   4.4320834e-01   0.0000000e+00
   2.1700000e+00   4.4207590e-01   0.0000000e+00
   2.1900000e+00   4.4047277e-01   0.0000000e+00
   2.2100000e+00   4.3983244e-01   0.0000000e+00
   2.2300000e+00   4.3906272e-01   0.0000000e+00
   2.2500000e+00   4.3816360e-01   0.0000000e+00
   2.2700000e+00   4.3709485e-01   0.0000000e+00
   2.2900000e+00   4.3602610e-01   0.0000000e+00
   2.3100000e+00   4.3495734e-01   0.0000000e+00
   2.3300000e+00   4.3390333e-01   0.0000000e+00
   2.3500000e+00   4.3310914e-01   0.0000000e+00
   2.3700000e+00   4.3257476e-01   0.0000000e+00
   2.3900000e+00   4.3247284e-01   0.0000000e+00
   2.4100000e+00   4.3210609e-01   0.0000000e+00
   2.4300000e+00   4.3147451e-01   0.0000000e+00
   2.4500000e+00   4.3100313e-01   0.0000000e+00
   2.4700000e+00   4.3103463e-01   0.0000000e+00
   2.4900000e+00   4.3156900e-01   0.0000000e+00
   2.5100000e+00   4.3210338e-01   0.0000000e+00
   2.5300000e+00   4.3238767e-01   0.0000000e+00
   2.5500000e+00   4.3242188e-01   0.0000000e+00
   2.5700000e+00   4.3280538e-01   0.0000000e+00
   2.5900000e+00   4.3339775e-01   0.0000000e+00
   2.6100000e+00   4.3419897e-01   0.0000000e+00
   2.6300000e+00   4.3508000e-01   0.0000000e+00
   2.6500000e+00   4.3572091e-01   0.0000000e+00
   2.6700000e+00   4.3612169e-01   0.0000000e+00
   2.6900000e+00   4.3652247e-01   0.0000000e+00
   2.7100000e+00   4.3692325e-01   0.0000000e+00
   2.7300000e+00   4.3732404e-01   0.0000000e+00
   2.7500000e+00   4.3772482e-01   0.0000000e+00
   2.7700000e+00   4.3812560e-01   0.0000000e+00
   2.7900000e+00   4.3852639e-01   0.0000000e+00
   2.8100000e+00   4.3892717e-01   0.0000000e+00
   2.8300000e+00   4.3932795e-01   0.0000000e+00
   2.8500000e+00   4.3972873e-01   0.0000000e+00
   2.8700000e+00   4.4012952e-01   0.0000000e+00
   2.8900000e+00   4.4053030e-01   0.0000000e+00
   2.9100000e+00   4.4093108e-01   0.0000000e+00
   2.9300000e+00   4.4168889e-01   0.0000000e+00
   2.9500000e+00   4.4226426e-01   0.0000000e+00
   2.9700000e+00   4.4265721e-01   0.0000000e+00
   2.9900000e+00   4.4164074e-01   0.0000000e+00
   3.0100000e+00   4.4086532e-01   0.0000000e+00
   3.0300000e+00   4.4033094e-01   0.0000000e+00
   3.0500000e+00   4.3932656e-01   0.0000000e+00
   3.0700000e+00   4.3864333e-01   0.0000000e+00
   3.0900000e+00   4.3828125e-01   0.0000000e+00
   3.1100000e+00   4.3804458e-01   0.0000000e+00
   3.1300000e+00   4.3771906e-01   0.0000000e+00
   3.1500000e+00   4.3730469e-01   0.0000000e+00
   3.1700000e+00   4.3729801e-01   0.0000000e+00
   3.1900000e+00   4.3676029e-01   0.0000000e+00
   3.2100000e+00   4.3569153e-01   0.0000000e+00
   3.2300000e+00   4.3546489e-01   0.0000000e+00
   3.2500000e+00   4.3535156e-01   0.0000000e+00
   3.2700000e+00   4.3535156e-01   0.0000000e+00
   3.2900000e+00   4.3535156e-01   0.0000000e+00
   3.3100000e+00   4.3545815e-01   0.0000000e+00
   3.3300000e+00   4.3567133e-01   0.0000000e+00
   3.3500000e+00   4.3727446e-01   0.0000000e+00
   2.0000000e+00   7.1042846e-01   1.0000000e+00
   2.0200000e+00   7.0722220e-01   1.0000000e+00
   2.0400000e+00   7.0401594e-01   1.0000000e+00
   2.0600000e+00   7.0080968e-01   1.0000000e+00
   2.0800000e+00   6.9760342e-01   1.0000000e+00
   2.1000000e+00   6.9439715e-01   1.0000000e+00
   2.1200000e+00   6.9137124e-01   1.0000000e+00
   2.1400000e+00   6.8852235e-01   1.0000000e+00
   2.1600000e+00   6.8585046e-01   1.0000000e+00
   2.1800000e+00   6.8317858e-01   1.0000000e+00
   2.2000000e+00   6.8026599e-01   1.0000000e+00
   2.2200000e+00   6.7711270e-01   1.0000000e+00
   2.2400000e+00   6.7427118e-01   1.0000000e+00
   2.2600000e+00   6.7176254e-01   1.0000000e+00
   2.2800000e+00   6.6958680e-01   1.0000000e+00
   2.3000000e+00   6.6785227e-01   1.0000000e+00
   2.3200000e+00   6.6592361e-01   1.0000000e+00
   2.3400000e+00   6.6380085e-01   1.0000000e+00
   2.3600000e+00   6.6219772e-01   1.0000000e+00
   2.3800000e+00   6.6059458e-01   1.0000000e+00
   2.4000000e+00   6.5899145e-01   1.0000000e+00
   2.4200000e+00   6.5738832e-01   1.0000000e+00
   2.4400000e+00   6.5588475e-01   1.0000000e+00
   2.4600000e+00   6.5448075e-01   1.0000000e+00
   2.4800000e+00   6.5341199e-01   1.0000000e+00
   2.5000000e+00   6.5234324e-01   1.0000000e+00
   2.5200000e+00   6.5127449e-01   1.0000000e+00
   2.5400000e+00   6.4920539e-01   1.0000000e+00
   2.5600000e+00   6.4729384e-01   1.0000000e+00
   2.5800000e+00   6.4553984e-01   1.0000000e+00
   2.6000000e+00   6.4420355e-01   1.0000000e+00
   2.6200000e+00   6.4292594e-01   1.0000000e+00
   2.6400000e+00   6.4170700e-01   1.0000000e+00
   2.6600000e+00   6.4013739e-01   1.0000000e+00
   2.6800000e+00   6.3881820e-01   1.0000000e+00
   2.7000000e+00   6.3774945e-01   1.0000000e+00
   2.7200000e+00   6.3577824e-01   1.0000000e+00
   2.7400000e+00   6.3422573e-01   1.0000000e+00
   2.7600000e+00   6.3309191e-01   1.0000000e+00
   2.7800000e+00   6.3212173e-01   1.0000000e+00
