   6.0000000e-01   9.5375647e-01   0.0000000e+00
   6.2000000e-01   9.3937861e-01   0.0000000e+00
   6.4000000e-01   9.2160038e-01   0.0000000e+00
   6.6000000e-01   9.0042177e-01   0.0000000e+00
   6.8000000e-01   8.7477167e-01   0.0000000e+00
   7.0000000e-01   8.5025972e-01   0.0000000e+00
   7.2000000e-01   8.2688591e-01   0.0000000e+00
   7.4000000e-01   8.0695503e-01   0.0000000e+00
   7.6000000e-01   7.8857096e-01   0.0000000e+00
   7.8000000e-01   7.7173371e-01   0.0000000e+00
   8.0000000e-01   7.5656063e-01   0.0000000e+00
   8.2000000e-01   7.4095843e-01   0.0000000e+00
   8.4000000e-01   7.2492712e-01   0.0000000e+00
   8.6000000e-01   7.1203366e-01   0.0000000e+00
   8.8000000e-01   6.9958072e-01   0.0000000e+00
   9.0000000e-01   6.8756829e-01   0.0000000e+00
   9.2000000e-01   6.7783953e-01   0.0000000e+00
   9.4000000e-01   6.6922679e-01   0.0000000e+00
   9.6000000e-01   6.6173008e-01   0.0000000e+00
   9.8000000e-01   6.5537387e-01   0.0000000e+00
   1.0000000e+00   6.4925669e-01   0.0000000e+00
   1.0200000e+00   6.4337854e-01   0.0000000e+00
   1.0400000e+00   6.3797443e-01   0.0000000e+00
   1.0600000e+00   6.3277916e-01   0.0000000e+00
   1.0800000e+00   6.2779276e-01   0.0000000e+00
   1.1000000e+00   6.2298337e-01   0.0000000e+00
   1.1200000e+00   6.1823599e-01   0.0000000e+00
   1.1400000e+00   6.1355063e-01   0.0000000e+00
   1.1600000e+00   6.0927562e-01   0.0000000e+00
   1.1800000e+00   6.0500060e-01   0.0000000e+00
   1.2000000e+00   6.0072558e-01   0.0000000e+00
   1.2200000e+00   5.9645057e-01   0.0000000e+00
   1.2400000e+00   5.9217555e-01   0.0000000e+00
   1.2600000e+00   5.8790053e-01   0.0000000e+00
   1.2800000e+00   5.8362552e-01   0.0000000e+00
   1.3000000e+00   5.7935050e-01   0.0000000e+00
   1.3200000e+00   5.7507549e-01   0.0000000e+00
   1.3400000e+00   5.7080047e-01   0.0000000e+00
   1.3600000e+00   5.6652545e-01   0.0000000e+00
   1.3800000e+00   5.6225044e-01   0.0000000e+00
   1.4000000e+00   5.5797542e-01   0.0000000e+00
   1.4200000e+00   5.5383014e-01   0.0000000e+00
   1.4400000e+00   5.4981460e-01   0.0000000e+00
   1.4600000e+00   5.4607396e-01   0.0000000e+00
   1.4800000e+00   5.4233332e-01   0.0000000e+00
   1.5000000e+00   5.3859268e-01   0.0000000e+00
   1.5200000e+00   5.3485204e-01   0.0000000e+00
   1.5400000e+00   5.3133333e-01   0.0000000e+00
   1.5600000e+00   5.2803655e-01   0.0000000e+00
   1.5800000e+00   5.2515748e-01   0.0000000e+00
   1.6000000e+00   5.2238200e-01   0.0000000e+00
   1.6200000e+00   5.1971011e-01   0.0000000e+00
   1.6400000e+00   5.1703823e-01   0.0000000e+00
   1.6600000e+00   5.1436634e-01   0.0000000e+00
   1.6800000e+00   5.1169446e-01   0.0000000e+00
   1.7000000e+00   5.0902257e-01   0.0000000e+00
   1.7200000e+00   5.0654814e-01   0.0000000e+00
   1.7400000e+00   5.0427117e-01   0.0000000e+00
   1.7600000e+00   5.0213366e-01   0.0000000e+00
   1.7800000e+00   4.9991536e-01   0.0000000e+00
   1.8000000e+00   4.9761627e-01   0.0000000e+00
   1.8200000e+00   4.9507913e-01   0.0000000e+00
   1.8400000e+00   4.9327619e-01   0.0000000e+00
   1.8600000e+00   4.9220743e-01   0.0000000e+00
   1.8800000e+00   4.9021342e-01   0.0000000e+00
   1.9000000e+00   4.8832064e-01   0.0000000e+00
   1.9200000e+00   4.8652910e-01   0.0000000e+00
   1.9400000e+00   4.8515527e-01   0.0000000e+00
   1.9600000e+00   4.8387766e-01   0.0000000e+00
   1.9800000e+00   4.8269627e-01   0.0000000e+00
   2.0000000e+00   4.8109314e-01   0.0000000e+00
   2.0200000e+00   4.7975518e-01   0.0000000e+00
   2.0400000e+00   4.7868240e-01   0.0000000e+00
   2.0600000e+00   4.7761364e-01   0.0000000e+00
   2.0800000e+00   4.7654489e-01   0.0000000e+00
   2.1000000e+00   4.7547613e-01   0.0000000e+00
   2.1200000e+00   4.7440738e-01   0.0000000e+00
   2.1400000e+00   4.7337047e-01   0.0000000e+00
   2.1600000e+00   4.7236541e-01   0.0000000e+00
   2.1800000e+00   4.7183103e-01   0.0000000e+00
   2.2000000e+00   4.7105595e-01   0.0000000e+00
   2.2200000e+00   4.7004017e-01   0.0000000e+00
   2.2400000e+00   4.6897142e-01   0.0000000e+00
   2.2600000e+00   4.6802670e-01   0.0000000e+00
   2.2800000e+00   4.6720602e-01   0.0000000e+00
   2.3000000e+00   4.6654023e-01   0.0000000e+00
   2.3200000e+00   4.6568034e-01   0.0000000e+00
   2.3400000e+00   4.6462632e-01   0.0000000e+00
   2.3600000e+00   4.6409195e-01   0.0000000e+00
   2.3800000e+00   4.6355757e-01   0.0000000e+00
   2.4000000e+00   4.6302319e-01   0.0000000e+00
   2.4200000e+00   4.6217303e-01   0.0000000e+00
   2.4400000e+00   4.6131313e-01   0.0000000e+00
   2.4600000e+00   4.6044350e-01   0.0000000e+00
   2.4800000e+00   4.5990912e-01   0.0000000e+00
   2.5000000e+00   4.5937475e-01   0.0000000e+00
   2.5200000e+00   4.5884037e-01   0.0000000e+00
   2.5400000e+00   4.5780582e-01   0.0000000e+00
   2.5600000e+00   4.5694592e-01   0.0000000e+00
   2.5800000e+00   4.5626068e-01   0.0000000e+00
   2.6000000e+00   4.5572630e-01   0.0000000e+00
   2.6200000e+00   4.5511683e-01   0.0000000e+00
   2.6400000e+00   4.5443227e-01   0.0000000e+00
   2.6600000e+00   4.5336352e-01   0.0000000e+00
   2.6800000e+00   4.5229477e-01   0.0000000e+00
   2.7000000e+00   4.5122601e-01   0.0000000e+00
   2.7200000e+00   4.5015726e-01   0.0000000e+00
   2.7400000e+00   4.4942307e-01   0.0000000e+00
   2.7600000e+00   4.4902344e-01   0.0000000e+00
   2.7800000e+00   4.4858764e-01   0.0000000e+00
   2.8000000e+00   4.4793660e-01   0.0000000e+00
   2.8200000e+00   4.4707031e-01   0.0000000e+00
   2.8400000e+00   4.4707031e-01   0.0000000e+00
   2.8600000e+00   4.4655137e-01   0.0000000e+00
   2.8800000e+00   4.4551348e-01   0.0000000e+00
   2.9000000e+00   4.4444472e-01   0.0000000e+00
   2.9200000e+00   4.4366158e-01   0.0000000e+00
   2.9400000e+00   4.4316406e-01   0.0000000e+00
   2.9600000e+00   4.4282616e-01   0.0000000e+00
   2.9800000e+00   4.4212283e-01   0.0000000e+00
   3.0000000e+00   4.4105408e-01   0.0000000e+00
   3.0200000e+00   4.3998532e-01   0.0000000e+00
   3.0400000e+00   4.3938657e-01   0.0000000e+00
   3.0600000e+00   4.3925781e-01   0.0000000e+00
   3.0800000e+00   4.3855114e-01   0.0000000e+00
   3.1000000e+00   4.3766343e-01   0.0000000e+00
   3.1200000e+00   4.3659468e-01   0.0000000e+00
   3.1400000e+00   4.3552592e-01   0.0000000e+00
   3.1600000e+00   4.3445884e-01   0.0000000e+00
   3.1800000e+00   4.3339343e-01   0.0000000e+00
   3.2000000e+00   4.3285905e-01   0.0000000e+00
   3.2200000e+00   4.3232467e-01   0.0000000e+00
   3.2400000e+00   4.3179029e-01   0.0000000e+00
   3.2600000e+00   4.3095153e-01   0.0000000e+00
   3.2800000e+00   4.2999777e-01   0.0000000e+00
   3.3000000e+00   4.2892901e-01   0.0000000e+00
   3.3200000e+00   4.2800238e-01   0.0000000e+00
   3.3400000e+00   4.2753906e-01   0.0000000e+00
   3.3600000e+00   4.2753906e-01   0.0000000e+00
   3.3800000e+00   4.2656152e-01   0.0000000e+00
   3.4000000e+00   4.2553837e-01   0.0000000e+00
   3.4200000e+00   4.2446961e-01   0.0000000e+00
   3.4400000e+00   4.2391175e-01   0.0000000e+00
   3.4600000e+00   4.2349403e-01   0.0000000e+00
   3.4800000e+00   4.2321648e-01   0.0000000e+00
   3.5000000e+00   4.2216984e-01   0.0000000e+00
   3.5200000e+00   4.2137933e-01   0.0000000e+00
   3.5400000e+00   4.2084495e-01   0.0000000e+00
   3.5600000e+00   4.1987075e-01   0.0000000e+00
   3.5800000e+00   4.1901085e-01   0.0000000e+00
   3.6000000e+00   4.1826526e-01   0.0000000e+00
   3.6200000e+00   4.1752438e-01   0.0000000e+00
   3.6400000e+00   4.1670940e-01   0.0000000e+00
   3.6600000e+00   4.1582031e-01   0.0000000e+00
   3.6800000e+00   4.1582031e-01   0.0000000e+00
   3.7000000e+00   4.1531277e-01   0.0000000e+00
   3.7200000e+00   4.1429768e-01   0.0000000e+00
   3.7400000e+00   4.1401069e-01   0.0000000e+00
   3.7600000e+00   4.1359297e-01   0.0000000e+00
   3.7800000e+00   4.1304454e-01   0.0000000e+00
   3.8000000e+00   4.1213334e-01   0.0000000e+00
   2.1600000e+00   7.2627166e-01   1.0000000e+00
   2.1800000e+00   7.2573728e-01   1.0000000e+00
   2.2000000e+00   7.2520290e-01   1.0000000e+00
   2.2200000e+00   7.2466852e-01   1.0000000e+00
   2.2400000e+00   7.2267520e-01   1.0000000e+00
   2.2600000e+00   7.2046663e-01   1.0000000e+00
   2.2800000e+00   7.1804282e-01   1.0000000e+00
   2.3000000e+00   7.1577391e-01   1.0000000e+00
   2.3200000e+00   7.1331088e-01   1.0000000e+00
   2.3400000e+00   7.1065373e-01   1.0000000e+00
   2.3600000e+00   7.0851622e-01   1.0000000e+00
   2.3800000e+00   7.0637872e-01   1.0000000e+00
   2.4000000e+00   7.0424121e-01   1.0000000e+00
   2.4200000e+00   7.0210370e-01   1.0000000e+00
   2.4400000e+00   6.9996619e-01   1.0000000e+00
   2.4600000e+00   6.9782868e-01   1.0000000e+00
   2.4800000e+00   6.9577364e-01   1.0000000e+00
   2.5000000e+00   6.9394455e-01   1.0000000e+00
   2.5200000e+00   6.9234142e-01   1.0000000e+00
   2.5400000e+00   6.9023811e-01   1.0000000e+00
   2.5600000e+00   6.8811771e-01   1.0000000e+00
   2.5800000e+00   6.8598020e-01   1.0000000e+00
   2.6000000e+00   6.8384269e-01   1.0000000e+00
   2.6200000e+00   6.8178027e-01   1.0000000e+00
   2.6400000e+00   6.7979294e-01   1.0000000e+00
   2.6600000e+00   6.7818981e-01   1.0000000e+00
   2.6800000e+00   6.7658668e-01   1.0000000e+00
   2.7000000e+00   6.7498355e-01   1.0000000e+00
   2.7200000e+00   6.7428287e-01   1.0000000e+00
   2.7400000e+00   6.7366535e-01   1.0000000e+00
   2.7600000e+00   6.7313097e-01   1.0000000e+00
   2.7800000e+00   6.7281449e-01   1.0000000e+00
   2.8000000e+00   6.7260563e-01   1.0000000e+00
   2.8200000e+00   6.7250440e-01   1.0000000e+00
   2.8400000e+00   6.7197002e-01   1.0000000e+00
   2.8600000e+00   6.7117617e-01   1.0000000e+00
   2.8800000e+00   6.7012285e-01   1.0000000e+00
   2.9000000e+00   6.6945638e-01   1.0000000e+00
   2.9200000e+00   6.6871314e-01   1.0000000e+00
   2.9400000e+00   6.6789315e-01   1.0000000e+00
   2.9600000e+00   6.6648649e-01   1.0000000e+00
   2.9800000e+00   6.6474055e-01   1.0000000e+00
   3.0000000e+00   6.6265533e-01   1.0000000e+00
   3.0200000e+00   6.6105220e-01   1.0000000e+00
   3.0400000e+00   6.5944907e-01   1.0000000e+00
   3.0600000e+00   6.5784594e-01   1.0000000e+00
   3.0800000e+00   6.5659614e-01   1.0000000e+00
   3.1000000e+00   6.5543687e-01   1.0000000e+00
   3.1200000e+00   6.5436811e-01   1.0000000e+00
