   6.0000000e-01   9.6710754e-01   0.0000000e+00
   6.2000000e-01   9.4937992e-01   0.0000000e+00
   6.4000000e-01   9.2952384e-01   0.0000000e+00
   6.6000000e-01   9.0753930e-01   0.0000000e+00
   6.8000000e-01   8.8456108e-01   0.0000000e+00
   7.0000000e-01   8.6317627e-01   0.0000000e+00
   7.2000000e-01   8.4338486e-01   0.0000000e+00
   7.4000000e-01   8.2414728e-01   0.0000000e+00
   7.6000000e-01   8.0624128e-01   0.0000000e+00
   7.8000000e-01   7.8966684e-01   0.0000000e+00
   8.0000000e-01   7.7642074e-01   0.0000000e+00
   8.2000000e-01   7.6231641e-01   0.0000000e+00
   8.4000000e-01   7.4735385e-01   0.0000000e+00
   8.6000000e-01   7.3709808e-01   0.0000000e+00
   8.8000000e-01   7.2770623e-01   0.0000000e+00
   9.0000000e-01   7.1917831e-01   0.0000000e+00
   9.2000000e-01   7.1232124e-01   0.0000000e+00
   9.4000000e-01   7.0586714e-01   0.0000000e+00
   9.6000000e-01   6.9981601e-01   0.0000000e+00
   9.8000000e-01   6.9351612e-01   0.0000000e+00
   1.0000000e+00   6.8769429e-01   0.0000000e+00
   1.0200000e+00   6.8235052e-01   0.0000000e+00
   1.0400000e+00   6.7748078e-01   0.0000000e+00
   1.0600000e+00   6.7299858e-01   0.0000000e+00
   1.0800000e+00   6.6890392e-01   0.0000000e+00
   1.1000000e+00   6.6468188e-01   0.0000000e+00
   1.1200000e+00   6.6022818e-01   0.0000000e+00
   1.1400000e+00   6.5554282e-01   0.0000000e+00
   1.1600000e+00   6.5125306e-01   0.0000000e+00
   1.1800000e+00   6.4643630e-01   0.0000000e+00
   1.2000000e+00   6.4109253e-01   0.0000000e+00
   1.2200000e+00   6.3659892e-01   0.0000000e+00
   1.2400000e+00   6.3190619e-01   0.0000000e+00
   1.2600000e+00   6.2701434e-01   0.0000000e+00
   1.2800000e+00   6.2167057e-01   0.0000000e+00
   1.3000000e+00   6.1636434e-01   0.0000000e+00
   1.3200000e+00   6.1109566e-01   0.0000000e+00
   1.3400000e+00   6.0628627e-01   0.0000000e+00
   1.3600000e+00   6.0123048e-01   0.0000000e+00
   1.3800000e+00   5.9592828e-01   0.0000000e+00
   1.4000000e+00   5.9096065e-01   0.0000000e+00
   1.4200000e+00   5.8633161e-01   0.0000000e+00
   1.4400000e+00   5.8204116e-01   0.0000000e+00
   1.4600000e+00   5.7830052e-01   0.0000000e+00
   1.4800000e+00   5.7455988e-01   0.0000000e+00
   1.5000000e+00   5.7081924e-01   0.0000000e+00
   1.5200000e+00   5.6707860e-01   0.0000000e+00
   1.5400000e+00   5.6400375e-01   0.0000000e+00
   1.5600000e+00   5.6159468e-01   0.0000000e+00
   1.5800000e+00   5.5912998e-01   0.0000000e+00
   1.6000000e+00   5.5656168e-01   0.0000000e+00
   1.6200000e+00   5.5388980e-01   0.0000000e+00
   1.6400000e+00   5.5131178e-01   0.0000000e+00
   1.6600000e+00   5.4895401e-01   0.0000000e+00
   1.6800000e+00   5.4681650e-01   0.0000000e+00
   1.7000000e+00   5.4519057e-01   0.0000000e+00
   1.7200000e+00   5.4357604e-01   0.0000000e+00
   1.7400000e+00   5.4197290e-01   0.0000000e+00
   1.7600000e+00   5.4036977e-01   0.0000000e+00
   1.7800000e+00   5.3868585e-01   0.0000000e+00
   1.8000000e+00   5.3692114e-01   0.0000000e+00
   1.8200000e+00   5.3482855e-01   0.0000000e+00
   1.8400000e+00   5.3298069e-01   0.0000000e+00
   1.8600000e+00   5.3137756e-01   0.0000000e+00
   1.8800000e+00   5.2977443e-01   0.0000000e+00
   1.9000000e+00   5.2799831e-01   0.0000000e+00
   1.9200000e+00   5.2604922e-01   0.0000000e+00
   1.9400000e+00   5.2414101e-01   0.0000000e+00
   1.9600000e+00   5.2238534e-01   0.0000000e+00
   1.9800000e+00   5.2078221e-01   0.0000000e+00
   2.0000000e+00   5.1917908e-01   0.0000000e+00
   2.0200000e+00   5.1731077e-01   0.0000000e+00
   2.0400000e+00   5.1517729e-01   0.0000000e+00
   2.0600000e+00   5.1345347e-01   0.0000000e+00
   2.0800000e+00   5.1164148e-01   0.0000000e+00
   2.1000000e+00   5.0974133e-01   0.0000000e+00
   2.1200000e+00   5.0778418e-01   0.0000000e+00
   2.1400000e+00   5.0597219e-01   0.0000000e+00
   2.1600000e+00   5.0430537e-01   0.0000000e+00
   2.1800000e+00   5.0216786e-01   0.0000000e+00
   2.2000000e+00   5.0003035e-01   0.0000000e+00
   2.2200000e+00   4.9789285e-01   0.0000000e+00
   2.2400000e+00   4.9539060e-01   0.0000000e+00
   2.2600000e+00   4.9292757e-01   0.0000000e+00
   2.2800000e+00   4.9050376e-01   0.0000000e+00
   2.3000000e+00   4.8849766e-01   0.0000000e+00
   2.3200000e+00   4.8670041e-01   0.0000000e+00
   2.3400000e+00   4.8511202e-01   0.0000000e+00
   2.3600000e+00   4.8404327e-01   0.0000000e+00
   2.3800000e+00   4.8254206e-01   0.0000000e+00
   2.4000000e+00   4.8060840e-01   0.0000000e+00
   2.4200000e+00   4.7910247e-01   0.0000000e+00
   2.4400000e+00   4.7761600e-01   0.0000000e+00
   2.4600000e+00   4.7614900e-01   0.0000000e+00
   2.4800000e+00   4.7417641e-01   0.0000000e+00
   2.5000000e+00   4.7265574e-01   0.0000000e+00
   2.5200000e+00   4.7158699e-01   0.0000000e+00
   2.5400000e+00   4.7001806e-01   0.0000000e+00
   2.5600000e+00   4.6843203e-01   0.0000000e+00
   2.5800000e+00   4.6682890e-01   0.0000000e+00
   2.6000000e+00   4.6549261e-01   0.0000000e+00
   2.6200000e+00   4.6413991e-01   0.0000000e+00
   2.6400000e+00   4.6277080e-01   0.0000000e+00
   2.6600000e+00   4.6070032e-01   0.0000000e+00
   2.6800000e+00   4.5913070e-01   0.0000000e+00
   2.7000000e+00   4.5806195e-01   0.0000000e+00
   2.7200000e+00   4.5699320e-01   0.0000000e+00
   2.7400000e+00   4.5592444e-01   0.0000000e+00
   2.7600000e+00   4.5485569e-01   0.0000000e+00
   2.7800000e+00   4.5378693e-01   0.0000000e+00
   2.8000000e+00   4.5271818e-01   0.0000000e+00
   2.8200000e+00   4.5164942e-01   0.0000000e+00
   2.8400000e+00   4.5058067e-01   0.0000000e+00
   2.8600000e+00   4.4951192e-01   0.0000000e+00
   2.8800000e+00   4.4844316e-01   0.0000000e+00
   2.9000000e+00   4.4737441e-01   0.0000000e+00
   2.9200000e+00   4.4630565e-01   0.0000000e+00
   2.9400000e+00   4.4523690e-01   0.0000000e+00
   2.9600000e+00   4.4416815e-01   0.0000000e+00
   2.9800000e+00   4.4309939e-01   0.0000000e+00
   3.0000000e+00   4.4203064e-01   0.0000000e+00
   3.0200000e+00   4.4096188e-01   0.0000000e+00
   3.0400000e+00   4.3989313e-01   0.0000000e+00
   3.0600000e+00   4.3882438e-01   0.0000000e+00
   3.0800000e+00   4.3775562e-01   0.0000000e+00
   3.1000000e+00   4.3645020e-01   0.0000000e+00
   3.1200000e+00   4.3490810e-01   0.0000000e+00
   3.1400000e+00   4.3301061e-01   0.0000000e+00
   3.1600000e+00   4.3152748e-01   0.0000000e+00
   3.1800000e+00   4.3045873e-01   0.0000000e+00
   3.2000000e+00   4.2938997e-01   0.0000000e+00
   3.2200000e+00   4.2832122e-01   0.0000000e+00
   3.2400000e+00   4.2725246e-01   0.0000000e+00
   3.2600000e+00   4.2618371e-01   0.0000000e+00
   3.2800000e+00   4.2520882e-01   0.0000000e+00
   3.3000000e+00   4.2432779e-01   0.0000000e+00
   3.3200000e+00   4.2372235e-01   0.0000000e+00
   3.3400000e+00   4.2288526e-01   0.0000000e+00
   3.3600000e+00   4.2181650e-01   0.0000000e+00
   3.3800000e+00   4.2123652e-01   0.0000000e+00
   3.4000000e+00   4.2067934e-01   0.0000000e+00
   3.4200000e+00   4.2014496e-01   0.0000000e+00
   3.4400000e+00   4.1986603e-01   0.0000000e+00
   3.4600000e+00   4.1972656e-01   0.0000000e+00
   3.4800000e+00   4.1972656e-01   0.0000000e+00
   3.5000000e+00   4.1970445e-01   0.0000000e+00
   3.5200000e+00   4.1942620e-01   0.0000000e+00
   3.5400000e+00   4.1889183e-01   0.0000000e+00
   3.5600000e+00   4.1923710e-01   0.0000000e+00
   3.5800000e+00   4.1967693e-01   0.0000000e+00
   3.6000000e+00   4.2021130e-01   0.0000000e+00
   3.6200000e+00   4.2074568e-01   0.0000000e+00
   3.6400000e+00   4.2150464e-01   0.0000000e+00
   3.6600000e+00   4.2248818e-01   0.0000000e+00
   3.6800000e+00   4.2569444e-01   0.0000000e+00
   2.1300000e+00   7.3949800e-01   1.0000000e+00
   2.1500000e+00   7.3836556e-01   1.0000000e+00
   2.1700000e+00   7.3699777e-01   1.0000000e+00
   2.1900000e+00   7.3539464e-01   1.0000000e+00
   2.2100000e+00   7.3427291e-01   1.0000000e+00
   2.2300000e+00   7.3281293e-01   1.0000000e+00
   2.2500000e+00   7.3101471e-01   1.0000000e+00
   2.2700000e+00   7.2862913e-01   1.0000000e+00
   2.2900000e+00   7.2616610e-01   1.0000000e+00
   2.3100000e+00   7.2362562e-01   1.0000000e+00
   2.3300000e+00   7.2147337e-01   1.0000000e+00
   2.3500000e+00   7.1906130e-01   1.0000000e+00
   2.3700000e+00   7.1638942e-01   1.0000000e+00
   2.3900000e+00   7.1371753e-01   1.0000000e+00
   2.4100000e+00   7.1120354e-01   1.0000000e+00
   2.4300000e+00   7.0884745e-01   1.0000000e+00
   2.4500000e+00   7.0670994e-01   1.0000000e+00
   2.4700000e+00   7.0457243e-01   1.0000000e+00
   2.4900000e+00   7.0243492e-01   1.0000000e+00
   2.5100000e+00   7.0029741e-01   1.0000000e+00
   2.5300000e+00   6.9815991e-01   1.0000000e+00
   2.5500000e+00   6.9602240e-01   1.0000000e+00
   2.5700000e+00   6.9388489e-01   1.0000000e+00
   2.5900000e+00   6.9174738e-01   1.0000000e+00
   2.6100000e+00   6.8960987e-01   1.0000000e+00
   2.6300000e+00   6.8732219e-01   1.0000000e+00
   2.6500000e+00   6.8487591e-01   1.0000000e+00
   2.6700000e+00   6.8227106e-01   1.0000000e+00
   2.6900000e+00   6.8066793e-01   1.0000000e+00
   2.7100000e+00   6.7883918e-01   1.0000000e+00
   2.7300000e+00   6.7678482e-01   1.0000000e+00
   2.7500000e+00   6.7498188e-01   1.0000000e+00
   2.7700000e+00   6.7316989e-01   1.0000000e+00
   2.7900000e+00   6.7134886e-01   1.0000000e+00
   2.8100000e+00   6.6941382e-01   1.0000000e+00
   2.8300000e+00   6.6791192e-01   1.0000000e+00
   2.8500000e+00   6.6684317e-01   1.0000000e+00
   2.8700000e+00   6.6525547e-01   1.0000000e+00
   2.8900000e+00   6.6386119e-01   1.0000000e+00
   2.9100000e+00   6.6266034e-01   1.0000000e+00
   2.9300000e+00   6.6102036e-01   1.0000000e+00
   2.9500000e+00   6.5921609e-01   1.0000000e+00
   2.9700000e+00   6.5724753e-01   1.0000000e+00
   2.9900000e+00   6.5569669e-01   1.0000000e+00
   3.0100000e+00   6.5438689e-01   1.0000000e+00
   3.0300000e+00   6.5331813e-01   1.0000000e+00
   3.0500000e+00   6.5224938e-01   1.0000000e+00
   3.0700000e+00   6.5135729e-01   1.0000000e+00
   3.0900000e+00   6.5064187e-01   1.0000000e+00
   3.1100000e+00   6.4987083e-01   1.0000000e+00
   3.1300000e+00   6.4901093e-01   1.0000000e+00
   3.1500000e+00   6.4806218e-01   1.0000000e+00
   3.1700000e+00   6.4752446e-01   1.0000000e+00
   3.1900000e+00   6.4672122e-01   1.0000000e+00
   3.2100000e+00   6.4565247e-01   1.0000000e+00
   3.2300000e+00   6.4458372e-01   1.0000000e+00
   3.2500000e+00   6.4336277e-01   1.0000000e+00
   3.2700000e+00   6.4198963e-01   1.0000000e+00
   3.2900000e+00   6.4038649e-01   1.0000000e+00
   3.3100000e+00   6.3878336e-01   1.0000000e+00
   3.3300000e+00   6.3718023e-01   1.0000000e+00
   3.3500000e+00   6.3557710e-01   1.0000000e+00
   3.3700000e+00   6.3397397e-01   1.0000000e+00
   3.3900000e+00   6.3237084e-01   1.0000000e+00
   3.4100000e+00   6.3076771e-01   1.0000000e+00
