   6.1000000e-01   9.8068619e-01   0.0000000e+00
   6.3000000e-01   9.6960777e-01   0.0000000e+00
   6.5000000e-01   9.5549745e-01   0.0000000e+00
   6.7000000e-01   9.3641880e-01   0.0000000e+00
   6.9000000e-01   9.1237184e-01   0.0000000e+00
   7.1000000e-01   8.9196693e-01   0.0000000e+00
   7.3000000e-01   8.7221709e-01   0.0000000e+00
   7.5000000e-01   8.5312232e-01   0.0000000e+00
   7.7000000e-01   8.3575070e-01   0.0000000e+00
   7.9000000e-01   8.1915852e-01   0.0000000e+00
   8.1000000e-01   8.0334580e-01   0.0000000e+00
   8.3000000e-01   7.8624573e-01   0.0000000e+00
   8.5000000e-01   7.7097608e-01   0.0000000e+00
   8.7000000e-01   7.5753685e-01   0.0000000e+00
   8.9000000e-01   7.4499004e-01   0.0000000e+00
   9.1000000e-01   7.3315060e-01   0.0000000e+00
   9.3000000e-01   7.2201851e-01   0.0000000e+00
   9.5000000e-01   7.1255727e-01   0.0000000e+00
   9.7000000e-01   7.0387515e-01   0.0000000e+00
   9.9000000e-01   6.9597213e-01   0.0000000e+00
   1.0100000e+00   6.8902522e-01   0.0000000e+00
   1.0300000e+00   6.8255235e-01   0.0000000e+00
   1.0500000e+00   6.7655351e-01   0.0000000e+00
   1.0700000e+00   6.7139009e-01   0.0000000e+00
   1.0900000e+00   6.6640369e-01   0.0000000e+00
   1.1100000e+00   6.6159429e-01   0.0000000e+00
   1.1300000e+00   6.5703297e-01   0.0000000e+00
   1.1500000e+00   6.5287831e-01   0.0000000e+00
   1.1700000e+00   6.4913030e-01   0.0000000e+00
   1.1900000e+00   6.4485528e-01   0.0000000e+00
   1.2100000e+00   6.4100535e-01   0.0000000e+00
   1.2300000e+00   6.3758050e-01   0.0000000e+00
   1.2500000e+00   6.3375740e-01   0.0000000e+00
   1.2700000e+00   6.2990009e-01   0.0000000e+00
   1.2900000e+00   6.2600859e-01   0.0000000e+00
   1.3100000e+00   6.2272723e-01   0.0000000e+00
   1.3300000e+00   6.1921624e-01   0.0000000e+00
   1.3500000e+00   6.1547560e-01   0.0000000e+00
   1.3700000e+00   6.1173496e-01   0.0000000e+00
   1.3900000e+00   6.0799432e-01   0.0000000e+00
   1.4100000e+00   6.0425368e-01   0.0000000e+00
   1.4300000e+00   6.0051304e-01   0.0000000e+00
   1.4500000e+00   5.9670100e-01   0.0000000e+00
   1.4700000e+00   5.9281755e-01   0.0000000e+00
   1.4900000e+00   5.8854253e-01   0.0000000e+00
   1.5100000e+00   5.8426752e-01   0.0000000e+00
   1.5300000e+00   5.7999250e-01   0.0000000e+00
   1.5500000e+00   5.7616134e-01   0.0000000e+00
   1.5700000e+00   5.7237544e-01   0.0000000e+00
   1.5900000e+00   5.6863480e-01   0.0000000e+00
   1.6100000e+00   5.6510469e-01   0.0000000e+00
   1.6300000e+00   5.6168957e-01   0.0000000e+00
   1.6500000e+00   5.5838945e-01   0.0000000e+00
   1.6700000e+00   5.5464881e-01   0.0000000e+00
   1.6900000e+00   5.5141974e-01   0.0000000e+00
   1.7100000e+00   5.4870225e-01   0.0000000e+00
   1.7300000e+00   5.4682019e-01   0.0000000e+00
   1.7500000e+00   5.4493847e-01   0.0000000e+00
   1.7700000e+00   5.4305709e-01   0.0000000e+00
   1.7900000e+00   5.4108116e-01   0.0000000e+00
   1.8100000e+00   5.3929163e-01   0.0000000e+00
   1.8300000e+00   5.3768850e-01   0.0000000e+00
   1.8500000e+00   5.3608537e-01   0.0000000e+00
   1.8700000e+00   5.3448224e-01   0.0000000e+00
   1.8900000e+00   5.3287911e-01   0.0000000e+00
   1.9100000e+00   5.3162194e-01   0.0000000e+00
   1.9300000e+00   5.3034433e-01   0.0000000e+00
   1.9500000e+00   5.2904628e-01   0.0000000e+00
   1.9700000e+00   5.2744315e-01   0.0000000e+00
   1.9900000e+00   5.2584002e-01   0.0000000e+00
   2.0100000e+00   5.2423688e-01   0.0000000e+00
   2.0300000e+00   5.2316410e-01   0.0000000e+00
   2.0500000e+00   5.2167965e-01   0.0000000e+00
   2.0700000e+00   5.1978353e-01   0.0000000e+00
   2.0900000e+00   5.1794304e-01   0.0000000e+00
   2.1100000e+00   5.1622123e-01   0.0000000e+00
   2.1300000e+00   5.1461810e-01   0.0000000e+00
   2.1500000e+00   5.1307866e-01   0.0000000e+00
   2.1700000e+00   5.1177456e-01   0.0000000e+00
   2.1900000e+00   5.1070580e-01   0.0000000e+00
   2.2100000e+00   5.0963705e-01   0.0000000e+00
   2.2300000e+00   5.0820356e-01   0.0000000e+00
   2.2500000e+00   5.0640533e-01   0.0000000e+00
   2.2700000e+00   5.0476397e-01   0.0000000e+00
   2.2900000e+00   5.0334320e-01   0.0000000e+00
   2.3100000e+00   5.0214304e-01   0.0000000e+00
   2.3300000e+00   5.0053991e-01   0.0000000e+00
   2.3500000e+00   4.9893678e-01   0.0000000e+00
   2.3700000e+00   4.9733365e-01   0.0000000e+00
   2.3900000e+00   4.9529806e-01   0.0000000e+00
   2.4100000e+00   4.9336941e-01   0.0000000e+00
   2.4300000e+00   4.9154769e-01   0.0000000e+00
   2.4500000e+00   4.8974544e-01   0.0000000e+00
   2.4700000e+00   4.8781679e-01   0.0000000e+00
   2.4900000e+00   4.8576174e-01   0.0000000e+00
   2.5100000e+00   4.8415861e-01   0.0000000e+00
   2.5300000e+00   4.8255548e-01   0.0000000e+00
   2.5500000e+00   4.8095235e-01   0.0000000e+00
   2.5700000e+00   4.7973272e-01   0.0000000e+00
   2.5900000e+00   4.7858853e-01   0.0000000e+00
   2.6100000e+00   4.7751978e-01   0.0000000e+00
   2.6300000e+00   4.7630085e-01   0.0000000e+00
   2.6500000e+00   4.7490657e-01   0.0000000e+00
   2.6700000e+00   4.7333696e-01   0.0000000e+00
   2.6900000e+00   4.7226820e-01   0.0000000e+00
   2.7100000e+00   4.7119945e-01   0.0000000e+00
   2.7300000e+00   4.7013069e-01   0.0000000e+00
   2.7500000e+00   4.6906194e-01   0.0000000e+00
   2.7700000e+00   4.6799319e-01   0.0000000e+00
   2.7900000e+00   4.6692443e-01   0.0000000e+00
   2.8100000e+00   4.6585568e-01   0.0000000e+00
   2.8300000e+00   4.6478692e-01   0.0000000e+00
   2.8500000e+00   4.6371817e-01   0.0000000e+00
   2.8700000e+00   4.6213047e-01   0.0000000e+00
   2.8900000e+00   4.6093733e-01   0.0000000e+00
   2.9100000e+00   4.6013877e-01   0.0000000e+00
   2.9300000e+00   4.5903316e-01   0.0000000e+00
   2.9500000e+00   4.5776326e-01   0.0000000e+00
   2.9700000e+00   4.5632908e-01   0.0000000e+00
   2.9900000e+00   4.5520804e-01   0.0000000e+00
   3.0100000e+00   4.5384595e-01   0.0000000e+00
   3.0300000e+00   4.5224282e-01   0.0000000e+00
   3.0500000e+00   4.5110969e-01   0.0000000e+00
   3.0700000e+00   4.5000875e-01   0.0000000e+00
   3.0900000e+00   4.4894000e-01   0.0000000e+00
   3.1100000e+00   4.4810791e-01   0.0000000e+00
   3.1300000e+00   4.4736468e-01   0.0000000e+00
   3.1500000e+00   4.4671029e-01   0.0000000e+00
   3.1700000e+00   4.4564488e-01   0.0000000e+00
   3.1900000e+00   4.4484499e-01   0.0000000e+00
   3.2100000e+00   4.4431061e-01   0.0000000e+00
   3.2300000e+00   4.4335518e-01   0.0000000e+00
   3.2500000e+00   4.4234309e-01   0.0000000e+00
   3.2700000e+00   4.4127433e-01   0.0000000e+00
   3.2900000e+00   4.4001786e-01   0.0000000e+00
   3.3100000e+00   4.3858805e-01   0.0000000e+00
   3.3300000e+00   4.3698492e-01   0.0000000e+00
   3.3500000e+00   4.3538179e-01   0.0000000e+00
   3.3700000e+00   4.3377866e-01   0.0000000e+00
   3.3900000e+00   4.3217553e-01   0.0000000e+00
   3.4100000e+00   4.3094450e-01   0.0000000e+00
   3.4300000e+00   4.2966689e-01   0.0000000e+00
   3.4500000e+00   4.2834269e-01   0.0000000e+00
   3.4700000e+00   4.2687834e-01   0.0000000e+00
   3.4900000e+00   4.2562285e-01   0.0000000e+00
   3.5100000e+00   4.2457621e-01   0.0000000e+00
   3.5300000e+00   4.2404183e-01   0.0000000e+00
   2.0000000e+00   8.0613159e-01   1.0000000e+00
   2.0200000e+00   8.0345567e-01   1.0000000e+00
   2.0400000e+00   8.0131011e-01   1.0000000e+00
   2.0600000e+00   8.0041364e-01   1.0000000e+00
   2.0800000e+00   7.9940121e-01   1.0000000e+00
   2.1000000e+00   7.9827279e-01   1.0000000e+00
   2.1200000e+00   7.9666966e-01   1.0000000e+00
   2.1400000e+00   7.9503469e-01   1.0000000e+00
   2.1600000e+00   7.9336787e-01   1.0000000e+00
   2.1800000e+00   7.9123036e-01   1.0000000e+00
   2.2000000e+00   7.8933355e-01   1.0000000e+00
   2.2200000e+00   7.8767745e-01   1.0000000e+00
   2.2400000e+00   7.8570958e-01   1.0000000e+00
   2.2600000e+00   7.8328478e-01   1.0000000e+00
   2.2800000e+00   7.8040306e-01   1.0000000e+00
   2.3000000e+00   7.7666242e-01   1.0000000e+00
   2.3200000e+00   7.7292178e-01   1.0000000e+00
   2.3400000e+00   7.6918114e-01   1.0000000e+00
   2.3600000e+00   7.6544050e-01   1.0000000e+00
   2.3800000e+00   7.6191609e-01   1.0000000e+00
   2.4000000e+00   7.5860791e-01   1.0000000e+00
   2.4200000e+00   7.5571743e-01   1.0000000e+00
   2.4400000e+00   7.5293626e-01   1.0000000e+00
   2.4600000e+00   7.5026437e-01   1.0000000e+00
   2.4800000e+00   7.4767495e-01   1.0000000e+00
   2.5000000e+00   7.4531148e-01   1.0000000e+00
   2.5200000e+00   7.4317397e-01   1.0000000e+00
   2.5400000e+00   7.4153664e-01   1.0000000e+00
   2.5600000e+00   7.3991640e-01   1.0000000e+00
   2.5800000e+00   7.3831327e-01   1.0000000e+00
   2.6000000e+00   7.3697699e-01   1.0000000e+00
   2.6200000e+00   7.3577447e-01   1.0000000e+00
   2.6400000e+00   7.3470571e-01   1.0000000e+00
   2.6600000e+00   7.3356993e-01   1.0000000e+00
   2.6800000e+00   7.3193328e-01   1.0000000e+00
   2.7000000e+00   7.2979577e-01   1.0000000e+00
   2.7200000e+00   7.2856072e-01   1.0000000e+00
   2.7400000e+00   7.2724153e-01   1.0000000e+00
   2.7600000e+00   7.2583822e-01   1.0000000e+00
   2.7800000e+00   7.2423509e-01   1.0000000e+00
   2.8000000e+00   7.2253072e-01   1.0000000e+00
   2.8200000e+00   7.2072513e-01   1.0000000e+00
   2.8400000e+00   7.1805324e-01   1.0000000e+00
   2.8600000e+00   7.1564083e-01   1.0000000e+00
   2.8800000e+00   7.1348789e-01   1.0000000e+00
   2.9000000e+00   7.1175266e-01   1.0000000e+00
   2.9200000e+00   7.1008348e-01   1.0000000e+00
   2.9400000e+00   7.0848035e-01   1.0000000e+00
   2.9600000e+00   7.0704617e-01   1.0000000e+00
   2.9800000e+00   7.0587314e-01   1.0000000e+00
   3.0000000e+00   7.0496124e-01   1.0000000e+00
   3.0200000e+00   7.0549562e-01   1.0000000e+00
