   6.1000000e-01   9.7961744e-01   0.0000000e+00
   6.3000000e-01   9.6868251e-01   0.0000000e+00
   6.5000000e-01   9.5254732e-01   0.0000000e+00
   6.7000000e-01   9.3218905e-01   0.0000000e+00
   6.9000000e-01   9.0760770e-01   0.0000000e+00
   7.1000000e-01   8.8621316e-01   0.0000000e+00
   7.3000000e-01   8.6628061e-01   0.0000000e+00
   7.5000000e-01   8.4781005e-01   0.0000000e+00
   7.7000000e-01   8.3093192e-01   0.0000000e+00
   7.9000000e-01   8.1421000e-01   0.0000000e+00
   8.1000000e-01   7.9764432e-01   0.0000000e+00
   8.3000000e-01   7.8107863e-01   0.0000000e+00
   8.5000000e-01   7.6634335e-01   0.0000000e+00
   8.7000000e-01   7.5343850e-01   0.0000000e+00
   8.9000000e-01   7.4061345e-01   0.0000000e+00
   9.1000000e-01   7.2880216e-01   0.0000000e+00
   9.3000000e-01   7.1800464e-01   0.0000000e+00
   9.5000000e-01   7.0909321e-01   0.0000000e+00
   9.7000000e-01   7.0047512e-01   0.0000000e+00
   9.9000000e-01   6.9215035e-01   0.0000000e+00
   1.0100000e+00   6.8573783e-01   0.0000000e+00
   1.0300000e+00   6.7979933e-01   0.0000000e+00
   1.0500000e+00   6.7433487e-01   0.0000000e+00
   1.0700000e+00   6.6899110e-01   0.0000000e+00
   1.0900000e+00   6.6388803e-01   0.0000000e+00
   1.1100000e+00   6.5902566e-01   0.0000000e+00
   1.1300000e+00   6.5475064e-01   0.0000000e+00
   1.1500000e+00   6.5047931e-01   0.0000000e+00
   1.1700000e+00   6.4621167e-01   0.0000000e+00
   1.1900000e+00   6.4247103e-01   0.0000000e+00
   1.2100000e+00   6.3873039e-01   0.0000000e+00
   1.2300000e+00   6.3498975e-01   0.0000000e+00
   1.2500000e+00   6.3094069e-01   0.0000000e+00
   1.2700000e+00   6.2697041e-01   0.0000000e+00
   1.2900000e+00   6.2307890e-01   0.0000000e+00
   1.3100000e+00   6.1972246e-01   0.0000000e+00
   1.3300000e+00   6.1590673e-01   0.0000000e+00
   1.3500000e+00   6.1163171e-01   0.0000000e+00
   1.3700000e+00   6.0784950e-01   0.0000000e+00
   1.3900000e+00   6.0390000e-01   0.0000000e+00
   1.4100000e+00   5.9978323e-01   0.0000000e+00
   1.4300000e+00   5.9550821e-01   0.0000000e+00
   1.4500000e+00   5.9123319e-01   0.0000000e+00
   1.4700000e+00   5.8695818e-01   0.0000000e+00
   1.4900000e+00   5.8270930e-01   0.0000000e+00
   1.5100000e+00   5.7871455e-01   0.0000000e+00
   1.5300000e+00   5.7497391e-01   0.0000000e+00
   1.5500000e+00   5.7123327e-01   0.0000000e+00
   1.5700000e+00   5.6765623e-01   0.0000000e+00
   1.5900000e+00   5.6424278e-01   0.0000000e+00
   1.6100000e+00   5.6103652e-01   0.0000000e+00
   1.6300000e+00   5.5783025e-01   0.0000000e+00
   1.6500000e+00   5.5462399e-01   0.0000000e+00
   1.6700000e+00   5.5141773e-01   0.0000000e+00
   1.6900000e+00   5.4846725e-01   0.0000000e+00
   1.7100000e+00   5.4577257e-01   0.0000000e+00
   1.7300000e+00   5.4389050e-01   0.0000000e+00
   1.7500000e+00   5.4200878e-01   0.0000000e+00
   1.7700000e+00   5.4012740e-01   0.0000000e+00
   1.7900000e+00   5.3831306e-01   0.0000000e+00
   1.8100000e+00   5.3684905e-01   0.0000000e+00
   1.8300000e+00   5.3573538e-01   0.0000000e+00
   1.8500000e+00   5.3413225e-01   0.0000000e+00
   1.8700000e+00   5.3276043e-01   0.0000000e+00
   1.8900000e+00   5.3161993e-01   0.0000000e+00
   1.9100000e+00   5.3055117e-01   0.0000000e+00
   1.9300000e+00   5.2936777e-01   0.0000000e+00
   1.9500000e+00   5.2806972e-01   0.0000000e+00
   1.9700000e+00   5.2657922e-01   0.0000000e+00
   1.9900000e+00   5.2529959e-01   0.0000000e+00
   2.0100000e+00   5.2423084e-01   0.0000000e+00
   2.0300000e+00   5.2263174e-01   0.0000000e+00
   2.0500000e+00   5.2103062e-01   0.0000000e+00
   2.0700000e+00   5.1942749e-01   0.0000000e+00
   2.0900000e+00   5.1812138e-01   0.0000000e+00
   2.1100000e+00   5.1693394e-01   0.0000000e+00
   2.1300000e+00   5.1586519e-01   0.0000000e+00
   2.1500000e+00   5.1466906e-01   0.0000000e+00
   2.1700000e+00   5.1300224e-01   0.0000000e+00
   2.1900000e+00   5.1086473e-01   0.0000000e+00
   2.2100000e+00   5.0969003e-01   0.0000000e+00
   2.2300000e+00   5.0856830e-01   0.0000000e+00
   2.2500000e+00   5.0749954e-01   0.0000000e+00
   2.2700000e+00   5.0643079e-01   0.0000000e+00
   2.2900000e+00   5.0523063e-01   0.0000000e+00
   2.3100000e+00   5.0389906e-01   0.0000000e+00
   2.3300000e+00   5.0179103e-01   0.0000000e+00
   2.3500000e+00   5.0020265e-01   0.0000000e+00
   2.3700000e+00   4.9913389e-01   0.0000000e+00
   2.3900000e+00   4.9763268e-01   0.0000000e+00
   2.4100000e+00   4.9592262e-01   0.0000000e+00
   2.4300000e+00   4.9400370e-01   0.0000000e+00
   2.4500000e+00   4.9186619e-01   0.0000000e+00
   2.4700000e+00   4.8976991e-01   0.0000000e+00
   2.4900000e+00   4.8771486e-01   0.0000000e+00
   2.5100000e+00   4.8611173e-01   0.0000000e+00
   2.5300000e+00   4.8475869e-01   0.0000000e+00
   2.5500000e+00   4.8365573e-01   0.0000000e+00
   2.5700000e+00   4.8220347e-01   0.0000000e+00
   2.5900000e+00   4.8080919e-01   0.0000000e+00
   2.6100000e+00   4.7947291e-01   0.0000000e+00
   2.6300000e+00   4.7840415e-01   0.0000000e+00
   2.6500000e+00   4.7733540e-01   0.0000000e+00
   2.6700000e+00   4.7626664e-01   0.0000000e+00
   2.6900000e+00   4.7519789e-01   0.0000000e+00
   2.7100000e+00   4.7412914e-01   0.0000000e+00
   2.7300000e+00   4.7306038e-01   0.0000000e+00
   2.7500000e+00   4.7199163e-01   0.0000000e+00
   2.7700000e+00   4.7081392e-01   0.0000000e+00
   2.7900000e+00   4.6952727e-01   0.0000000e+00
   2.8100000e+00   4.6802537e-01   0.0000000e+00
   2.8300000e+00   4.6674005e-01   0.0000000e+00
   2.8500000e+00   4.6567129e-01   0.0000000e+00
   2.8700000e+00   4.6460254e-01   0.0000000e+00
   2.8900000e+00   4.6353379e-01   0.0000000e+00
   2.9100000e+00   4.6246503e-01   0.0000000e+00
   2.9300000e+00   4.6139628e-01   0.0000000e+00
   2.9500000e+00   4.6032752e-01   0.0000000e+00
   2.9700000e+00   4.5925877e-01   0.0000000e+00
   2.9900000e+00   4.5819002e-01   0.0000000e+00
   3.0100000e+00   4.5712126e-01   0.0000000e+00
   3.0300000e+00   4.5605251e-01   0.0000000e+00
   3.0500000e+00   4.5498375e-01   0.0000000e+00
   3.0700000e+00   4.5391500e-01   0.0000000e+00
   3.0900000e+00   4.5284625e-01   0.0000000e+00
   3.1100000e+00   4.5201416e-01   0.0000000e+00
   3.1300000e+00   4.5127093e-01   0.0000000e+00
   3.1500000e+00   4.5061654e-01   0.0000000e+00
   3.1700000e+00   4.4954779e-01   0.0000000e+00
   3.1900000e+00   4.4847904e-01   0.0000000e+00
   3.2100000e+00   4.4741028e-01   0.0000000e+00
   3.2300000e+00   4.4634153e-01   0.0000000e+00
   3.2500000e+00   4.4542497e-01   0.0000000e+00
   3.2700000e+00   4.4466060e-01   0.0000000e+00
   3.2900000e+00   4.4393850e-01   0.0000000e+00
   3.3100000e+00   4.4304308e-01   0.0000000e+00
   3.3300000e+00   4.4197432e-01   0.0000000e+00
   3.3500000e+00   4.4090557e-01   0.0000000e+00
   3.3700000e+00   4.3934804e-01   0.0000000e+00
   3.3900000e+00   4.3730174e-01   0.0000000e+00
   3.4100000e+00   4.3590845e-01   0.0000000e+00
   3.4300000e+00   4.3480515e-01   0.0000000e+00
   3.4500000e+00   4.3399184e-01   0.0000000e+00
   3.4700000e+00   4.3345746e-01   0.0000000e+00
   2.0000000e+00   8.0878804e-01   1.0000000e+00
   2.0200000e+00   8.0611616e-01   1.0000000e+00
   2.0400000e+00   8.0344427e-01   1.0000000e+00
   2.0600000e+00   8.0118607e-01   1.0000000e+00
   2.0800000e+00   7.9898821e-01   1.0000000e+00
   2.1000000e+00   7.9685071e-01   1.0000000e+00
   2.1200000e+00   7.9471320e-01   1.0000000e+00
   2.1400000e+00   7.9260753e-01   1.0000000e+00
   2.1600000e+00   7.9053372e-01   1.0000000e+00
   2.1800000e+00   7.8893058e-01   1.0000000e+00
   2.2000000e+00   7.8708675e-01   1.0000000e+00
   2.2200000e+00   7.8500222e-01   1.0000000e+00
   2.2400000e+00   7.8286471e-01   1.0000000e+00
   2.2600000e+00   7.8060317e-01   1.0000000e+00
   2.2800000e+00   7.7821759e-01   1.0000000e+00
   2.3000000e+00   7.7541430e-01   1.0000000e+00
   2.3200000e+00   7.7240952e-01   1.0000000e+00
   2.3400000e+00   7.6920326e-01   1.0000000e+00
   2.3600000e+00   7.6599699e-01   1.0000000e+00
   2.3800000e+00   7.6300696e-01   1.0000000e+00
   2.4000000e+00   7.6023315e-01   1.0000000e+00
   2.4200000e+00   7.5787706e-01   1.0000000e+00
   2.4400000e+00   7.5553069e-01   1.0000000e+00
   2.4600000e+00   7.5319406e-01   1.0000000e+00
   2.4800000e+00   7.5052217e-01   1.0000000e+00
   2.5000000e+00   7.4785029e-01   1.0000000e+00
   2.5200000e+00   7.4517840e-01   1.0000000e+00
   2.5400000e+00   7.4300669e-01   1.0000000e+00
   2.5600000e+00   7.4123559e-01   1.0000000e+00
   2.5800000e+00   7.3986510e-01   1.0000000e+00
   2.6000000e+00   7.3879634e-01   1.0000000e+00
   2.6200000e+00   7.3765250e-01   1.0000000e+00
   2.6400000e+00   7.3643357e-01   1.0000000e+00
   2.6600000e+00   7.3483044e-01   1.0000000e+00
   2.6800000e+00   7.3322731e-01   1.0000000e+00
   2.7000000e+00   7.3162417e-01   1.0000000e+00
   2.7200000e+00   7.3002104e-01   1.0000000e+00
   2.7400000e+00   7.2841791e-01   1.0000000e+00
   2.7600000e+00   7.2681478e-01   1.0000000e+00
   2.7800000e+00   7.2499375e-01   1.0000000e+00
   2.8000000e+00   7.2296387e-01   1.0000000e+00
   2.8200000e+00   7.2072513e-01   1.0000000e+00
   2.8400000e+00   7.1805324e-01   1.0000000e+00
   2.8600000e+00   7.1538136e-01   1.0000000e+00
   2.8800000e+00   7.1270947e-01   1.0000000e+00
   2.9000000e+00   7.1124443e-01   1.0000000e+00
   2.9200000e+00   7.0983472e-01   1.0000000e+00
   2.9400000e+00   7.0848035e-01   1.0000000e+00
   2.9600000e+00   7.0687722e-01   1.0000000e+00
   2.9800000e+00   7.0530023e-01   1.0000000e+00
   3.0000000e+00   7.0374939e-01   1.0000000e+00
   3.0200000e+00   7.0268063e-01   1.0000000e+00
