   6.0000000e-01   9.3243603e-01   0.0000000e+00
   6.2000000e-01   9.1652679e-01   0.0000000e+00
   6.4000000e-01   8.9664693e-01   0.0000000e+00
   6.6000000e-01   8.7279643e-01   0.0000000e+00
   6.8000000e-01   8.4447445e-01   0.0000000e+00
   7.0000000e-01   8.1865638e-01   0.0000000e+00
   7.2000000e-01   7.9534223e-01   0.0000000e+00
   7.4000000e-01   7.7391417e-01   0.0000000e+00
   7.6000000e-01   7.5422232e-01   0.0000000e+00
   7.8000000e-01   7.3626668e-01   0.0000000e+00
   8.0000000e-01   7.2174130e-01   0.0000000e+00
   8.2000000e-01   7.0592858e-01   0.0000000e+00
   8.4000000e-01   6.8882851e-01   0.0000000e+00
   8.6000000e-01   6.7486630e-01   0.0000000e+00
   8.8000000e-01   6.6256354e-01   0.0000000e+00
   9.0000000e-01   6.5192022e-01   0.0000000e+00
   9.2000000e-01   6.4374967e-01   0.0000000e+00
   9.4000000e-01   6.3627743e-01   0.0000000e+00
   9.6000000e-01   6.2950351e-01   0.0000000e+00
   9.8000000e-01   6.2320362e-01   0.0000000e+00
   1.0000000e+00   6.1738179e-01   0.0000000e+00
   1.0200000e+00   6.1203802e-01   0.0000000e+00
   1.0400000e+00   6.0669425e-01   0.0000000e+00
   1.0600000e+00   6.0152916e-01   0.0000000e+00
   1.0800000e+00   5.9654276e-01   0.0000000e+00
   1.1000000e+00   5.9149267e-01   0.0000000e+00
   1.1200000e+00   5.8641977e-01   0.0000000e+00
   1.1400000e+00   5.8132407e-01   0.0000000e+00
   1.1600000e+00   5.7704168e-01   0.0000000e+00
   1.1800000e+00   5.7249579e-01   0.0000000e+00
   1.2000000e+00   5.6768640e-01   0.0000000e+00
   1.2200000e+00   5.6287701e-01   0.0000000e+00
   1.2400000e+00   5.5791340e-01   0.0000000e+00
   1.2600000e+00   5.5279559e-01   0.0000000e+00
   1.2800000e+00   5.4764358e-01   0.0000000e+00
   1.3000000e+00   5.4258778e-01   0.0000000e+00
   1.3200000e+00   5.3762821e-01   0.0000000e+00
   1.3400000e+00   5.3175006e-01   0.0000000e+00
   1.3600000e+00   5.2636471e-01   0.0000000e+00
   1.3800000e+00   5.2147217e-01   0.0000000e+00
   1.4000000e+00   5.1666278e-01   0.0000000e+00
   1.4200000e+00   5.1211286e-01   0.0000000e+00
   1.4400000e+00   5.0782241e-01   0.0000000e+00
   1.4600000e+00   5.0408177e-01   0.0000000e+00
   1.4800000e+00   5.0036728e-01   0.0000000e+00
   1.5000000e+00   4.9667892e-01   0.0000000e+00
   1.5200000e+00   4.9400704e-01   0.0000000e+00
   1.5400000e+00   4.9133515e-01   0.0000000e+00
   1.5600000e+00   4.8866327e-01   0.0000000e+00
   1.5800000e+00   4.8599138e-01   0.0000000e+00
   1.6000000e+00   4.8342476e-01   0.0000000e+00
   1.6200000e+00   4.8096340e-01   0.0000000e+00
   1.6400000e+00   4.7882589e-01   0.0000000e+00
   1.6600000e+00   4.7668839e-01   0.0000000e+00
   1.6800000e+00   4.7455088e-01   0.0000000e+00
   1.7000000e+00   4.7241337e-01   0.0000000e+00
   1.7200000e+00   4.7047332e-01   0.0000000e+00
   1.7400000e+00   4.6873072e-01   0.0000000e+00
   1.7600000e+00   4.6712759e-01   0.0000000e+00
   1.7800000e+00   4.6552446e-01   0.0000000e+00
   1.8000000e+00   4.6392133e-01   0.0000000e+00
   1.8200000e+00   4.6236311e-01   0.0000000e+00
   1.8400000e+00   4.6104963e-01   0.0000000e+00
   1.8600000e+00   4.5998087e-01   0.0000000e+00
   1.8800000e+00   4.5798686e-01   0.0000000e+00
   1.9000000e+00   4.5644005e-01   0.0000000e+00
   1.9200000e+00   4.5534043e-01   0.0000000e+00
   1.9400000e+00   4.5434745e-01   0.0000000e+00
   1.9600000e+00   4.5310572e-01   0.0000000e+00
   1.9800000e+00   4.5161522e-01   0.0000000e+00
   2.0000000e+00   4.5054647e-01   0.0000000e+00
   2.0200000e+00   4.4947771e-01   0.0000000e+00
   2.0400000e+00   4.4840896e-01   0.0000000e+00
   2.0600000e+00   4.4734021e-01   0.0000000e+00
   2.0800000e+00   4.4627145e-01   0.0000000e+00
   2.1000000e+00   4.4520270e-01   0.0000000e+00
   2.1200000e+00   4.4431430e-01   0.0000000e+00
   2.1400000e+00   4.4353922e-01   0.0000000e+00
   2.1600000e+00   4.4287746e-01   0.0000000e+00
   2.1800000e+00   4.4127433e-01   0.0000000e+00
   2.2000000e+00   4.4015260e-01   0.0000000e+00
   2.2200000e+00   4.3951227e-01   0.0000000e+00
   2.2400000e+00   4.3824842e-01   0.0000000e+00
   2.2600000e+00   4.3706301e-01   0.0000000e+00
   2.2800000e+00   4.3595602e-01   0.0000000e+00
   2.3000000e+00   4.3529023e-01   0.0000000e+00
   2.3200000e+00   4.3443034e-01   0.0000000e+00
   2.3400000e+00   4.3337632e-01   0.0000000e+00
   2.3600000e+00   4.3284195e-01   0.0000000e+00
   2.3800000e+00   4.3230757e-01   0.0000000e+00
   2.4000000e+00   4.3177319e-01   0.0000000e+00
   2.4200000e+00   4.3123882e-01   0.0000000e+00
   2.4400000e+00   4.3070444e-01   0.0000000e+00
   2.4600000e+00   4.3017006e-01   0.0000000e+00
   2.4800000e+00   4.2963568e-01   0.0000000e+00
   2.5000000e+00   4.2910131e-01   0.0000000e+00
   2.5200000e+00   4.2856693e-01   0.0000000e+00
   2.5400000e+00   4.2853273e-01   0.0000000e+00
   2.5600000e+00   4.2870738e-01   0.0000000e+00
   2.5800000e+00   4.2909089e-01   0.0000000e+00
   2.6000000e+00   4.2935842e-01   0.0000000e+00
   2.6200000e+00   4.2971746e-01   0.0000000e+00
   2.6400000e+00   4.3016800e-01   0.0000000e+00
   2.6600000e+00   4.3170410e-01   0.0000000e+00
   2.6800000e+00   4.3273934e-01   0.0000000e+00
   2.7000000e+00   4.3327371e-01   0.0000000e+00
   2.7200000e+00   4.3335686e-01   0.0000000e+00
   2.7400000e+00   4.3373300e-01   0.0000000e+00
   2.7600000e+00   4.3440213e-01   0.0000000e+00
   2.7800000e+00   4.3547088e-01   0.0000000e+00
   2.8000000e+00   4.3648902e-01   0.0000000e+00
   2.8200000e+00   4.3745654e-01   0.0000000e+00
   2.8400000e+00   4.3799091e-01   0.0000000e+00
   2.8600000e+00   4.3852529e-01   0.0000000e+00
   2.8800000e+00   4.3905967e-01   0.0000000e+00
   2.9000000e+00   4.3999633e-01   0.0000000e+00
   2.9200000e+00   4.4071342e-01   0.0000000e+00
   2.9400000e+00   4.4121094e-01   0.0000000e+00
   2.9600000e+00   4.4104199e-01   0.0000000e+00
   2.9800000e+00   4.4069032e-01   0.0000000e+00
   3.0000000e+00   4.4015594e-01   0.0000000e+00
   3.0200000e+00   4.3962157e-01   0.0000000e+00
   3.0400000e+00   4.3908719e-01   0.0000000e+00
   3.0600000e+00   4.3855281e-01   0.0000000e+00
   3.0800000e+00   4.3766510e-01   0.0000000e+00
   3.1000000e+00   4.3680520e-01   0.0000000e+00
   3.1200000e+00   4.3597312e-01   0.0000000e+00
   2.0000000e+00   7.0847534e-01   1.0000000e+00
   2.0200000e+00   7.0553425e-01   1.0000000e+00
   2.0400000e+00   7.0285834e-01   1.0000000e+00
   2.0600000e+00   6.9935909e-01   1.0000000e+00
   2.0800000e+00   6.9588765e-01   1.0000000e+00
   2.1000000e+00   6.9244403e-01   1.0000000e+00
   2.1200000e+00   6.8941812e-01   1.0000000e+00
   2.1400000e+00   6.8656922e-01   1.0000000e+00
   2.1600000e+00   6.8389734e-01   1.0000000e+00
   2.1800000e+00   6.8122545e-01   1.0000000e+00
   2.2000000e+00   6.7855357e-01   1.0000000e+00
   2.2200000e+00   6.7588168e-01   1.0000000e+00
   2.2400000e+00   6.7320980e-01   1.0000000e+00
   2.2600000e+00   6.7078598e-01   1.0000000e+00
   2.2800000e+00   6.6861024e-01   1.0000000e+00
   2.3000000e+00   6.6687570e-01   1.0000000e+00
   2.3200000e+00   6.6495442e-01   1.0000000e+00
   2.3400000e+00   6.6284640e-01   1.0000000e+00
   2.3600000e+00   6.6177764e-01   1.0000000e+00
   2.3800000e+00   6.6049266e-01   1.0000000e+00
   2.4000000e+00   6.5899145e-01   1.0000000e+00
   2.4200000e+00   6.5738832e-01   1.0000000e+00
   2.4400000e+00   6.5578519e-01   1.0000000e+00
   2.4600000e+00   6.5418206e-01   1.0000000e+00
   2.4800000e+00   6.5257893e-01   1.0000000e+00
   2.5000000e+00   6.5097580e-01   1.0000000e+00
   2.5200000e+00   6.4937267e-01   1.0000000e+00
   2.5400000e+00   6.4776954e-01   1.0000000e+00
   2.5600000e+00   6.4616640e-01   1.0000000e+00
   2.5800000e+00   6.4456327e-01   1.0000000e+00
   2.6000000e+00   6.4269330e-01   1.0000000e+00
   2.6200000e+00   6.4083974e-01   1.0000000e+00
   2.6400000e+00   6.3900259e-01   1.0000000e+00
   2.6600000e+00   6.3786680e-01   1.0000000e+00
   2.6800000e+00   6.3623016e-01   1.0000000e+00
   2.7000000e+00   6.3409265e-01   1.0000000e+00
