   6.1000000e-01   9.3139446e-01   0.0000000e+00
   6.3000000e-01   9.1563943e-01   0.0000000e+00
   6.5000000e-01   8.9217313e-01   0.0000000e+00
   6.7000000e-01   8.6547743e-01   0.0000000e+00
   6.9000000e-01   8.3555231e-01   0.0000000e+00
   7.1000000e-01   8.1154554e-01   0.0000000e+00
   7.3000000e-01   7.8889953e-01   0.0000000e+00
   7.5000000e-01   7.6761428e-01   0.0000000e+00
   7.7000000e-01   7.5041495e-01   0.0000000e+00
   7.9000000e-01   7.3487644e-01   0.0000000e+00
   8.1000000e-01   7.2099876e-01   0.0000000e+00
   8.3000000e-01   7.0282994e-01   0.0000000e+00
   8.5000000e-01   6.8649153e-01   0.0000000e+00
   8.7000000e-01   6.7198354e-01   0.0000000e+00
   8.9000000e-01   6.6039954e-01   0.0000000e+00
   9.1000000e-01   6.5027753e-01   0.0000000e+00
   9.3000000e-01   6.4161752e-01   0.0000000e+00
   9.5000000e-01   6.3484360e-01   0.0000000e+00
   9.7000000e-01   6.2830669e-01   0.0000000e+00
   9.9000000e-01   6.2200680e-01   0.0000000e+00
   1.0100000e+00   6.1666303e-01   0.0000000e+00
   1.0300000e+00   6.1155628e-01   0.0000000e+00
   1.0500000e+00   6.0668654e-01   0.0000000e+00
   1.0700000e+00   6.0151978e-01   0.0000000e+00
   1.0900000e+00   5.9638486e-01   0.0000000e+00
   1.1100000e+00   5.9128179e-01   0.0000000e+00
   1.1300000e+00   5.8659644e-01   0.0000000e+00
   1.1500000e+00   5.8211256e-01   0.0000000e+00
   1.1700000e+00   5.7783018e-01   0.0000000e+00
   1.1900000e+00   5.7302078e-01   0.0000000e+00
   1.2100000e+00   5.6821139e-01   0.0000000e+00
   1.2300000e+00   5.6340200e-01   0.0000000e+00
   1.2500000e+00   5.5859260e-01   0.0000000e+00
   1.2700000e+00   5.5368733e-01   0.0000000e+00
   1.2900000e+00   5.4868618e-01   0.0000000e+00
   1.3100000e+00   5.4334241e-01   0.0000000e+00
   1.3300000e+00   5.3799864e-01   0.0000000e+00
   1.3500000e+00   5.3265487e-01   0.0000000e+00
   1.3700000e+00   5.2780391e-01   0.0000000e+00
   1.3900000e+00   5.2278566e-01   0.0000000e+00
   1.4100000e+00   5.1760013e-01   0.0000000e+00
   1.4300000e+00   5.1329425e-01   0.0000000e+00
   1.4500000e+00   5.0946677e-01   0.0000000e+00
   1.4700000e+00   5.0611770e-01   0.0000000e+00
   1.4900000e+00   5.0237706e-01   0.0000000e+00
   1.5100000e+00   4.9863642e-01   0.0000000e+00
   1.5300000e+00   4.9489578e-01   0.0000000e+00
   1.5500000e+00   4.9248671e-01   0.0000000e+00
   1.5700000e+00   4.8988623e-01   0.0000000e+00
   1.5900000e+00   4.8709434e-01   0.0000000e+00
   1.6100000e+00   4.8430913e-01   0.0000000e+00
   1.6300000e+00   4.8184777e-01   0.0000000e+00
   1.6500000e+00   4.7971026e-01   0.0000000e+00
   1.6700000e+00   4.7757276e-01   0.0000000e+00
   1.6900000e+00   4.7543525e-01   0.0000000e+00
   1.7100000e+00   4.7329774e-01   0.0000000e+00
   1.7300000e+00   4.7195005e-01   0.0000000e+00
   1.7500000e+00   4.7046359e-01   0.0000000e+00
   1.7700000e+00   4.6883834e-01   0.0000000e+00
   1.7900000e+00   4.6686241e-01   0.0000000e+00
   1.8100000e+00   4.6509534e-01   0.0000000e+00
   1.8300000e+00   4.6353713e-01   0.0000000e+00
   1.8500000e+00   4.6246837e-01   0.0000000e+00
   1.8700000e+00   4.6116830e-01   0.0000000e+00
   1.8900000e+00   4.5963692e-01   0.0000000e+00
   1.9100000e+00   4.5837975e-01   0.0000000e+00
   1.9300000e+00   4.5721679e-01   0.0000000e+00
   1.9500000e+00   4.5614804e-01   0.0000000e+00
   1.9700000e+00   4.5496665e-01   0.0000000e+00
   1.9900000e+00   4.5357439e-01   0.0000000e+00
   2.0100000e+00   4.5197126e-01   0.0000000e+00
   2.0300000e+00   4.5142882e-01   0.0000000e+00
   2.0500000e+00   4.5047673e-01   0.0000000e+00
   2.0700000e+00   4.4911499e-01   0.0000000e+00
   2.0900000e+00   4.4810590e-01   0.0000000e+00
   2.1100000e+00   4.4715381e-01   0.0000000e+00
   2.1300000e+00   4.4625872e-01   0.0000000e+00
   2.1500000e+00   4.4478297e-01   0.0000000e+00
   2.1700000e+00   4.4377790e-01   0.0000000e+00
   2.1900000e+00   4.4324353e-01   0.0000000e+00
   2.2100000e+00   4.4222775e-01   0.0000000e+00
   2.2300000e+00   4.4118548e-01   0.0000000e+00
   2.2500000e+00   4.4011673e-01   0.0000000e+00
   2.2700000e+00   4.3904798e-01   0.0000000e+00
   2.2900000e+00   4.3797922e-01   0.0000000e+00
   2.3100000e+00   4.3691047e-01   0.0000000e+00
   2.3300000e+00   4.3587120e-01   0.0000000e+00
   2.3500000e+00   4.3535156e-01   0.0000000e+00
   2.3700000e+00   4.3535156e-01   0.0000000e+00
   2.3900000e+00   4.3491911e-01   0.0000000e+00
   2.4100000e+00   4.3443569e-01   0.0000000e+00
   2.4300000e+00   4.3390132e-01   0.0000000e+00
   2.4500000e+00   4.3336694e-01   0.0000000e+00
   2.4700000e+00   4.3291502e-01   0.0000000e+00
   2.4900000e+00   4.3254557e-01   0.0000000e+00
   2.5100000e+00   4.3307994e-01   0.0000000e+00
   2.5300000e+00   4.3361432e-01   0.0000000e+00
   2.5500000e+00   4.3414870e-01   0.0000000e+00
   2.5700000e+00   4.3468307e-01   0.0000000e+00
   2.5900000e+00   4.3521745e-01   0.0000000e+00
   2.6100000e+00   4.3575183e-01   0.0000000e+00
   2.6300000e+00   4.3628621e-01   0.0000000e+00
   2.6500000e+00   4.3682058e-01   0.0000000e+00
   2.6700000e+00   4.3735496e-01   0.0000000e+00
   2.6900000e+00   4.3788934e-01   0.0000000e+00
   2.7100000e+00   4.3819810e-01   0.0000000e+00
   2.7300000e+00   4.3828125e-01   0.0000000e+00
   2.7500000e+00   4.3861581e-01   0.0000000e+00
   2.7700000e+00   4.3883238e-01   0.0000000e+00
   2.7900000e+00   4.3893097e-01   0.0000000e+00
   2.8100000e+00   4.3839659e-01   0.0000000e+00
   2.8300000e+00   4.3786221e-01   0.0000000e+00
   2.8500000e+00   4.3732783e-01   0.0000000e+00
   2.8700000e+00   4.3783135e-01   0.0000000e+00
   2.8900000e+00   4.3814915e-01   0.0000000e+00
   2.9100000e+00   4.3828125e-01   0.0000000e+00
   2.9300000e+00   4.3828125e-01   0.0000000e+00
   2.9500000e+00   4.3811230e-01   0.0000000e+00
   2.9700000e+00   4.3777440e-01   0.0000000e+00
   2.9900000e+00   4.3675793e-01   0.0000000e+00
   3.0100000e+00   4.3598251e-01   0.0000000e+00
   3.0300000e+00   4.3544813e-01   0.0000000e+00
   3.0500000e+00   4.3491375e-01   0.0000000e+00
   3.0700000e+00   4.3437937e-01   0.0000000e+00
   3.0900000e+00   4.3384500e-01   0.0000000e+00
   3.1100000e+00   4.3307395e-01   0.0000000e+00
   3.1300000e+00   4.3221405e-01   0.0000000e+00
   3.1500000e+00   4.3126530e-01   0.0000000e+00
   3.1700000e+00   4.3073427e-01   0.0000000e+00
   3.1900000e+00   4.3046875e-01   0.0000000e+00
   3.2100000e+00   4.3046875e-01   0.0000000e+00
   3.2300000e+00   4.3088980e-01   0.0000000e+00
   2.0000000e+00   7.1281168e-01   1.0000000e+00
   2.0200000e+00   7.1040900e-01   1.0000000e+00
   2.0400000e+00   7.0774115e-01   1.0000000e+00
   2.0600000e+00   7.0465558e-01   1.0000000e+00
   2.0800000e+00   7.0136116e-01   1.0000000e+00
   2.1000000e+00   6.9785788e-01   1.0000000e+00
   2.1200000e+00   6.9447794e-01   1.0000000e+00
   2.1400000e+00   6.9142019e-01   1.0000000e+00
   2.1600000e+00   6.8868462e-01   1.0000000e+00
   2.1800000e+00   6.8547835e-01   1.0000000e+00
   2.2000000e+00   6.8227209e-01   1.0000000e+00
   2.2200000e+00   6.7906583e-01   1.0000000e+00
   2.2400000e+00   6.7622430e-01   1.0000000e+00
   2.2600000e+00   6.7371567e-01   1.0000000e+00
   2.2800000e+00   6.7153993e-01   1.0000000e+00
   2.3000000e+00   6.6980539e-01   1.0000000e+00
   2.3200000e+00   6.6787674e-01   1.0000000e+00
   2.3400000e+00   6.6575397e-01   1.0000000e+00
   2.3600000e+00   6.6415084e-01   1.0000000e+00
   2.3800000e+00   6.6254771e-01   1.0000000e+00
   2.4000000e+00   6.6094458e-01   1.0000000e+00
   2.4200000e+00   6.5965724e-01   1.0000000e+00
   2.4400000e+00   6.5847919e-01   1.0000000e+00
   2.4600000e+00   6.5741044e-01   1.0000000e+00
   2.4800000e+00   6.5634168e-01   1.0000000e+00
   2.5000000e+00   6.5527293e-01   1.0000000e+00
   2.5200000e+00   6.5420417e-01   1.0000000e+00
   2.5400000e+00   6.5263525e-01   1.0000000e+00
   2.5600000e+00   6.5104922e-01   1.0000000e+00
   2.5800000e+00   6.4944609e-01   1.0000000e+00
   2.6000000e+00   6.4784295e-01   1.0000000e+00
   2.6200000e+00   6.4623982e-01   1.0000000e+00
   2.6400000e+00   6.4463669e-01   1.0000000e+00
   2.6600000e+00   6.4310059e-01   1.0000000e+00
   2.6800000e+00   6.4206535e-01   1.0000000e+00
   2.7000000e+00   6.4153098e-01   1.0000000e+00
