   6.1000000e-01   9.7781316e-01   0.0000000e+00
   6.3000000e-01   9.6603544e-01   0.0000000e+00
   6.5000000e-01   9.4837221e-01   0.0000000e+00
   6.7000000e-01   9.2698273e-01   0.0000000e+00
   6.9000000e-01   9.0186701e-01   0.0000000e+00
   7.1000000e-01   8.8130386e-01   0.0000000e+00
   7.3000000e-01   8.6164420e-01   0.0000000e+00
   7.5000000e-01   8.4288803e-01   0.0000000e+00
   7.7000000e-01   8.2560692e-01   0.0000000e+00
   7.9000000e-01   8.0889808e-01   0.0000000e+00
   8.1000000e-01   7.9276150e-01   0.0000000e+00
   8.3000000e-01   7.7619582e-01   0.0000000e+00
   8.5000000e-01   7.6172203e-01   0.0000000e+00
   8.7000000e-01   7.4934015e-01   0.0000000e+00
   8.9000000e-01   7.3704948e-01   0.0000000e+00
   9.1000000e-01   7.2533810e-01   0.0000000e+00
   9.3000000e-01   7.1420601e-01   0.0000000e+00
   9.5000000e-01   7.0509074e-01   0.0000000e+00
   9.7000000e-01   6.9708781e-01   0.0000000e+00
   9.9000000e-01   6.9019723e-01   0.0000000e+00
   1.0100000e+00   6.8378470e-01   0.0000000e+00
   1.0300000e+00   6.7737218e-01   0.0000000e+00
   1.0500000e+00   6.7095965e-01   0.0000000e+00
   1.0700000e+00   6.6526186e-01   0.0000000e+00
   1.0900000e+00   6.5998178e-01   0.0000000e+00
   1.1100000e+00   6.5511941e-01   0.0000000e+00
   1.1300000e+00   6.5072036e-01   0.0000000e+00
   1.1500000e+00   6.4611982e-01   0.0000000e+00
   1.1700000e+00   6.4131780e-01   0.0000000e+00
   1.1900000e+00   6.3704278e-01   0.0000000e+00
   1.2100000e+00   6.3298031e-01   0.0000000e+00
   1.2300000e+00   6.2913037e-01   0.0000000e+00
   1.2500000e+00   6.2446448e-01   0.0000000e+00
   1.2700000e+00   6.1965140e-01   0.0000000e+00
   1.2900000e+00   6.1469114e-01   0.0000000e+00
   1.3100000e+00   6.1034103e-01   0.0000000e+00
   1.3300000e+00   6.0576128e-01   0.0000000e+00
   1.3500000e+00   6.0095189e-01   0.0000000e+00
   1.3700000e+00   5.9614249e-01   0.0000000e+00
   1.3900000e+00   5.9152117e-01   0.0000000e+00
   1.4100000e+00   5.8708791e-01   0.0000000e+00
   1.4300000e+00   5.8307237e-01   0.0000000e+00
   1.4500000e+00   5.7919428e-01   0.0000000e+00
   1.4700000e+00   5.7545364e-01   0.0000000e+00
   1.4900000e+00   5.7168686e-01   0.0000000e+00
   1.5100000e+00   5.6766596e-01   0.0000000e+00
   1.5300000e+00   5.6339094e-01   0.0000000e+00
   1.5500000e+00   5.6000364e-01   0.0000000e+00
   1.5700000e+00   5.5687045e-01   0.0000000e+00
   1.5900000e+00   5.5399138e-01   0.0000000e+00
   1.6100000e+00   5.5131949e-01   0.0000000e+00
   1.6300000e+00   5.4869454e-01   0.0000000e+00
   1.6500000e+00   5.4611652e-01   0.0000000e+00
   1.6700000e+00   5.4397901e-01   0.0000000e+00
   1.6900000e+00   5.4209729e-01   0.0000000e+00
   1.7100000e+00   5.4047135e-01   0.0000000e+00
   1.7300000e+00   5.3926313e-01   0.0000000e+00
   1.7500000e+00   5.3784640e-01   0.0000000e+00
   1.7700000e+00   5.3622115e-01   0.0000000e+00
   1.7900000e+00   5.3456839e-01   0.0000000e+00
   1.8100000e+00   5.3345236e-01   0.0000000e+00
   1.8300000e+00   5.3287306e-01   0.0000000e+00
   1.8500000e+00   5.3180431e-01   0.0000000e+00
   1.8700000e+00   5.3073556e-01   0.0000000e+00
   1.8900000e+00   5.2966680e-01   0.0000000e+00
   1.9100000e+00   5.2894401e-01   0.0000000e+00
   1.9300000e+00   5.2831543e-01   0.0000000e+00
   1.9500000e+00   5.2778105e-01   0.0000000e+00
   1.9700000e+00   5.2713404e-01   0.0000000e+00
   1.9900000e+00   5.2627616e-01   0.0000000e+00
   2.0100000e+00   5.2520740e-01   0.0000000e+00
   2.0300000e+00   5.2360830e-01   0.0000000e+00
   2.0500000e+00   5.2221403e-01   0.0000000e+00
   2.0700000e+00   5.2102458e-01   0.0000000e+00
   2.0900000e+00   5.1995582e-01   0.0000000e+00
   2.1100000e+00   5.1870672e-01   0.0000000e+00
   2.1300000e+00   5.1727726e-01   0.0000000e+00
   2.1500000e+00   5.1526713e-01   0.0000000e+00
   2.1700000e+00   5.1372768e-01   0.0000000e+00
   2.1900000e+00   5.1265893e-01   0.0000000e+00
   2.2100000e+00   5.1159017e-01   0.0000000e+00
   2.2300000e+00   5.1015668e-01   0.0000000e+00
   2.2500000e+00   5.0835846e-01   0.0000000e+00
   2.2700000e+00   5.0646902e-01   0.0000000e+00
   2.2900000e+00   5.0478844e-01   0.0000000e+00
   2.3100000e+00   5.0331672e-01   0.0000000e+00
   2.3300000e+00   5.0221848e-01   0.0000000e+00
   2.3500000e+00   5.0060060e-01   0.0000000e+00
   2.3700000e+00   4.9846310e-01   0.0000000e+00
   2.3900000e+00   4.9632559e-01   0.0000000e+00
   2.4100000e+00   4.9450387e-01   0.0000000e+00
   2.4300000e+00   4.9299794e-01   0.0000000e+00
   2.4500000e+00   4.9153094e-01   0.0000000e+00
   2.4700000e+00   4.8972868e-01   0.0000000e+00
   2.4900000e+00   4.8759117e-01   0.0000000e+00
   2.5100000e+00   4.8545366e-01   0.0000000e+00
   2.5300000e+00   4.8356624e-01   0.0000000e+00
   2.5500000e+00   4.8192891e-01   0.0000000e+00
   2.5700000e+00   4.8070929e-01   0.0000000e+00
   2.5900000e+00   4.7969852e-01   0.0000000e+00
   2.6100000e+00   4.7889661e-01   0.0000000e+00
   2.6300000e+00   4.7821205e-01   0.0000000e+00
   2.6500000e+00   4.7733540e-01   0.0000000e+00
   2.6700000e+00   4.7626664e-01   0.0000000e+00
   2.6900000e+00   4.7519789e-01   0.0000000e+00
   2.7100000e+00   4.7412914e-01   0.0000000e+00
   2.7300000e+00   4.7306038e-01   0.0000000e+00
   2.7500000e+00   4.7199163e-01   0.0000000e+00
   2.7700000e+00   4.7092287e-01   0.0000000e+00
   2.7900000e+00   4.6985412e-01   0.0000000e+00
   2.8100000e+00   4.6878537e-01   0.0000000e+00
   2.8300000e+00   4.6771661e-01   0.0000000e+00
   2.8500000e+00   4.6664786e-01   0.0000000e+00
   2.8700000e+00   4.6557910e-01   0.0000000e+00
   2.8900000e+00   4.6451035e-01   0.0000000e+00
   2.9100000e+00   4.6344159e-01   0.0000000e+00
   2.9300000e+00   4.6237284e-01   0.0000000e+00
   2.9500000e+00   4.6130409e-01   0.0000000e+00
   2.9700000e+00   4.6023533e-01   0.0000000e+00
   2.9900000e+00   4.5911429e-01   0.0000000e+00
   3.0100000e+00   4.5775220e-01   0.0000000e+00
   3.0300000e+00   4.5614907e-01   0.0000000e+00
   3.0500000e+00   4.5548594e-01   0.0000000e+00
   3.0700000e+00   4.5471052e-01   0.0000000e+00
   3.0900000e+00   4.5382281e-01   0.0000000e+00
   3.1100000e+00   4.5275405e-01   0.0000000e+00
   3.1300000e+00   4.5168530e-01   0.0000000e+00
   3.1500000e+00   4.5061654e-01   0.0000000e+00
   3.1700000e+00   4.4955447e-01   0.0000000e+00
   3.1900000e+00   4.4902344e-01   0.0000000e+00
   3.2100000e+00   4.4902344e-01   0.0000000e+00
   3.2300000e+00   4.4818133e-01   0.0000000e+00
   3.2500000e+00   4.4737809e-01   0.0000000e+00
   3.2700000e+00   4.4661373e-01   0.0000000e+00
   3.2900000e+00   4.4589163e-01   0.0000000e+00
   3.3100000e+00   4.4499620e-01   0.0000000e+00
   3.3300000e+00   4.4392745e-01   0.0000000e+00
   3.3500000e+00   4.4285869e-01   0.0000000e+00
   3.3700000e+00   4.4178994e-01   0.0000000e+00
   3.3900000e+00   4.4072118e-01   0.0000000e+00
   3.4100000e+00   4.3928032e-01   0.0000000e+00
   3.4300000e+00   4.3801377e-01   0.0000000e+00
   3.4500000e+00   4.3692152e-01   0.0000000e+00
   3.4700000e+00   4.3624837e-01   0.0000000e+00
   3.4900000e+00   4.3538847e-01   0.0000000e+00
   3.5100000e+00   4.3434183e-01   0.0000000e+00
   3.5300000e+00   4.3380745e-01   0.0000000e+00
   2.0000000e+00   8.1312439e-01   1.0000000e+00
   2.0200000e+00   8.1125608e-01   1.0000000e+00
   2.0400000e+00   8.0912261e-01   1.0000000e+00
   2.0600000e+00   8.0657142e-01   1.0000000e+00
   2.0800000e+00   8.0395988e-01   1.0000000e+00
   2.1000000e+00   8.0128799e-01   1.0000000e+00
   2.1200000e+00   7.9861611e-01   1.0000000e+00
   2.1400000e+00   7.9597607e-01   1.0000000e+00
   2.1600000e+00   7.9336787e-01   1.0000000e+00
   2.1800000e+00   7.9123036e-01   1.0000000e+00
   2.2000000e+00   7.8909285e-01   1.0000000e+00
   2.2200000e+00   7.8695534e-01   1.0000000e+00
   2.2400000e+00   7.8481784e-01   1.0000000e+00
   2.2600000e+00   7.8255629e-01   1.0000000e+00
   2.2800000e+00   7.8017071e-01   1.0000000e+00
   2.3000000e+00   7.7763024e-01   1.0000000e+00
   2.3200000e+00   7.7528387e-01   1.0000000e+00
   2.3400000e+00   7.7313162e-01   1.0000000e+00
   2.3600000e+00   7.7045973e-01   1.0000000e+00
   2.3800000e+00   7.6822030e-01   1.0000000e+00
   2.4000000e+00   7.6641333e-01   1.0000000e+00
   2.4200000e+00   7.6449441e-01   1.0000000e+00
   2.4400000e+00   7.6246619e-01   1.0000000e+00
   2.4600000e+00   7.6032868e-01   1.0000000e+00
   2.4800000e+00   7.5819118e-01   1.0000000e+00
   2.5000000e+00   7.5605367e-01   1.0000000e+00
   2.5200000e+00   7.5391616e-01   1.0000000e+00
   2.5400000e+00   7.5177865e-01   1.0000000e+00
   2.5600000e+00   7.4964114e-01   1.0000000e+00
   2.5800000e+00   7.4750364e-01   1.0000000e+00
   2.6000000e+00   7.4563297e-01   1.0000000e+00
   2.6200000e+00   7.4382098e-01   1.0000000e+00
   2.6400000e+00   7.4206767e-01   1.0000000e+00
   2.6600000e+00   7.3996368e-01   1.0000000e+00
   2.6800000e+00   7.3811012e-01   1.0000000e+00
   2.7000000e+00   7.3650699e-01   1.0000000e+00
   2.7200000e+00   7.3535508e-01   1.0000000e+00
   2.7400000e+00   7.3391019e-01   1.0000000e+00
   2.7600000e+00   7.3217231e-01   1.0000000e+00
   2.7800000e+00   7.3047060e-01   1.0000000e+00
   2.8000000e+00   7.2903475e-01   1.0000000e+00
   2.8200000e+00   7.2786476e-01   1.0000000e+00
   2.8400000e+00   7.2626163e-01   1.0000000e+00
