   6.0000000e-01   9.4456109e-01   0.0000000e+00
   6.2000000e-01   9.2903202e-01   0.0000000e+00
   6.4000000e-01   9.0934224e-01   0.0000000e+00
   6.6000000e-01   8.8549175e-01   0.0000000e+00
   6.8000000e-01   8.5716976e-01   0.0000000e+00
   7.0000000e-01   8.3135170e-01   0.0000000e+00
   7.2000000e-01   8.0803754e-01   0.0000000e+00
   7.4000000e-01   7.8559371e-01   0.0000000e+00
   7.6000000e-01   7.6514722e-01   0.0000000e+00
   7.8000000e-01   7.4669809e-01   0.0000000e+00
   8.0000000e-01   7.3313620e-01   0.0000000e+00
   8.2000000e-01   7.1807241e-01   0.0000000e+00
   8.4000000e-01   7.0150672e-01   0.0000000e+00
   8.6000000e-01   6.8755591e-01   0.0000000e+00
   8.8000000e-01   6.7403992e-01   0.0000000e+00
   9.0000000e-01   6.6095874e-01   0.0000000e+00
   9.2000000e-01   6.5103015e-01   0.0000000e+00
   9.4000000e-01   6.4267118e-01   0.0000000e+00
   9.6000000e-01   6.3588183e-01   0.0000000e+00
   9.8000000e-01   6.3042543e-01   0.0000000e+00
   1.0000000e+00   6.2449096e-01   0.0000000e+00
   1.0200000e+00   6.1807844e-01   0.0000000e+00
   1.0400000e+00   6.1308800e-01   0.0000000e+00
   1.0600000e+00   6.0818809e-01   0.0000000e+00
   1.0800000e+00   6.0337870e-01   0.0000000e+00
   1.1000000e+00   5.9881000e-01   0.0000000e+00
   1.1200000e+00   5.9438815e-01   0.0000000e+00
   1.1400000e+00   5.9011313e-01   0.0000000e+00
   1.1600000e+00   5.8583075e-01   0.0000000e+00
   1.1800000e+00   5.8128486e-01   0.0000000e+00
   1.2000000e+00   5.7647546e-01   0.0000000e+00
   1.2200000e+00   5.7166607e-01   0.0000000e+00
   1.2400000e+00   5.6654826e-01   0.0000000e+00
   1.2600000e+00   5.6112202e-01   0.0000000e+00
   1.2800000e+00   5.5562739e-01   0.0000000e+00
   1.3000000e+00   5.5047537e-01   0.0000000e+00
   1.3200000e+00   5.4566598e-01   0.0000000e+00
   1.3400000e+00   5.4085658e-01   0.0000000e+00
   1.3600000e+00   5.3580079e-01   0.0000000e+00
   1.3800000e+00   5.3049859e-01   0.0000000e+00
   1.4000000e+00   5.2628324e-01   0.0000000e+00
   1.4200000e+00   5.2217550e-01   0.0000000e+00
   1.4400000e+00   5.1817539e-01   0.0000000e+00
   1.4600000e+00   5.1404318e-01   0.0000000e+00
   1.4800000e+00   5.1011983e-01   0.0000000e+00
   1.5000000e+00   5.0640533e-01   0.0000000e+00
   1.5200000e+00   5.0319907e-01   0.0000000e+00
   1.5400000e+00   4.9999281e-01   0.0000000e+00
   1.5600000e+00   4.9678655e-01   0.0000000e+00
   1.5800000e+00   4.9390748e-01   0.0000000e+00
   1.6000000e+00   4.9102673e-01   0.0000000e+00
   1.6200000e+00   4.8814432e-01   0.0000000e+00
   1.6400000e+00   4.8512578e-01   0.0000000e+00
   1.6600000e+00   4.8254776e-01   0.0000000e+00
   1.6800000e+00   4.8041025e-01   0.0000000e+00
   1.7000000e+00   4.7827274e-01   0.0000000e+00
   1.7200000e+00   4.7613524e-01   0.0000000e+00
   1.7400000e+00   4.7399773e-01   0.0000000e+00
   1.7600000e+00   4.7241671e-01   0.0000000e+00
   1.7800000e+00   4.7101103e-01   0.0000000e+00
   1.8000000e+00   4.6978070e-01   0.0000000e+00
   1.8200000e+00   4.6817757e-01   0.0000000e+00
   1.8400000e+00   4.6657444e-01   0.0000000e+00
   1.8600000e+00   4.6497131e-01   0.0000000e+00
   1.8800000e+00   4.6336818e-01   0.0000000e+00
   1.9000000e+00   4.6193803e-01   0.0000000e+00
   1.9200000e+00   4.6068086e-01   0.0000000e+00
   1.9400000e+00   4.5961210e-01   0.0000000e+00
   1.9600000e+00   4.5854335e-01   0.0000000e+00
   1.9800000e+00   4.5747460e-01   0.0000000e+00
   2.0000000e+00   4.5640584e-01   0.0000000e+00
   2.0200000e+00   4.5533709e-01   0.0000000e+00
   2.0400000e+00   4.5426833e-01   0.0000000e+00
   2.0600000e+00   4.5319958e-01   0.0000000e+00
   2.0800000e+00   4.5213083e-01   0.0000000e+00
   2.1000000e+00   4.5106207e-01   0.0000000e+00
   2.1200000e+00   4.4999332e-01   0.0000000e+00
   2.1400000e+00   4.4892456e-01   0.0000000e+00
   2.1600000e+00   4.4785581e-01   0.0000000e+00
   2.1800000e+00   4.4678706e-01   0.0000000e+00
   2.2000000e+00   4.4571830e-01   0.0000000e+00
   2.2200000e+00   4.4464955e-01   0.0000000e+00
   2.2400000e+00   4.4394553e-01   0.0000000e+00
   2.2600000e+00   4.4320230e-01   0.0000000e+00
   2.2800000e+00   4.4241985e-01   0.0000000e+00
   2.3000000e+00   4.4148250e-01   0.0000000e+00
   2.3200000e+00   4.4075401e-01   0.0000000e+00
   2.3400000e+00   4.4023438e-01   0.0000000e+00
   2.3600000e+00   4.4023438e-01   0.0000000e+00
   2.3800000e+00   4.4023438e-01   0.0000000e+00
   2.4000000e+00   4.4023438e-01   0.0000000e+00
   2.4200000e+00   4.4055016e-01   0.0000000e+00
   2.4400000e+00   4.4097525e-01   0.0000000e+00
   2.4600000e+00   4.4150963e-01   0.0000000e+00
   2.4800000e+00   4.4204400e-01   0.0000000e+00
   2.5000000e+00   4.4257838e-01   0.0000000e+00
   2.5200000e+00   4.4311276e-01   0.0000000e+00
   2.5400000e+00   4.4364713e-01   0.0000000e+00
   2.5600000e+00   4.4437327e-01   0.0000000e+00
   2.5800000e+00   4.4529115e-01   0.0000000e+00
   2.6000000e+00   4.4582622e-01   0.0000000e+00
   2.6200000e+00   4.4616884e-01   0.0000000e+00
   2.6400000e+00   4.4631902e-01   0.0000000e+00
   2.6600000e+00   4.4681988e-01   0.0000000e+00
   2.6800000e+00   4.4707031e-01   0.0000000e+00
   2.7000000e+00   4.4707031e-01   0.0000000e+00
   2.7200000e+00   4.4707031e-01   0.0000000e+00
   2.7400000e+00   4.4690303e-01   0.0000000e+00
   2.7600000e+00   4.4656847e-01   0.0000000e+00
   2.7800000e+00   4.4603409e-01   0.0000000e+00
   2.8000000e+00   4.4555033e-01   0.0000000e+00
   2.8200000e+00   4.4511719e-01   0.0000000e+00
   2.8400000e+00   4.4511719e-01   0.0000000e+00
   2.8600000e+00   4.4459824e-01   0.0000000e+00
   2.8800000e+00   4.4356035e-01   0.0000000e+00
   2.9000000e+00   4.4289388e-01   0.0000000e+00
   2.9200000e+00   4.4215064e-01   0.0000000e+00
   2.9400000e+00   4.4133065e-01   0.0000000e+00
   2.9600000e+00   4.4026190e-01   0.0000000e+00
   2.9800000e+00   4.3919314e-01   0.0000000e+00
   3.0000000e+00   4.3812439e-01   0.0000000e+00
   3.0200000e+00   4.3705563e-01   0.0000000e+00
   3.0400000e+00   4.3645688e-01   0.0000000e+00
   3.0600000e+00   4.3632813e-01   0.0000000e+00
   3.0800000e+00   4.3526812e-01   0.0000000e+00
   3.1000000e+00   4.3417322e-01   0.0000000e+00
   3.1200000e+00   4.3304343e-01   0.0000000e+00
   3.1400000e+00   4.3250905e-01   0.0000000e+00
   3.1600000e+00   4.3197468e-01   0.0000000e+00
   3.1800000e+00   4.3144030e-01   0.0000000e+00
   3.2000000e+00   4.3090592e-01   0.0000000e+00
   3.2200000e+00   4.3016102e-01   0.0000000e+00
   3.2400000e+00   4.2920559e-01   0.0000000e+00
   3.2600000e+00   4.2844122e-01   0.0000000e+00
   3.2800000e+00   4.2779185e-01   0.0000000e+00
   3.3000000e+00   4.2725748e-01   0.0000000e+00
   3.3200000e+00   4.2665204e-01   0.0000000e+00
   3.3400000e+00   4.2581494e-01   0.0000000e+00
   3.3600000e+00   4.2474619e-01   0.0000000e+00
   3.3800000e+00   4.2416621e-01   0.0000000e+00
   3.4000000e+00   4.2360903e-01   0.0000000e+00
   3.4200000e+00   4.2307465e-01   0.0000000e+00
   3.4400000e+00   4.2279572e-01   0.0000000e+00
   3.4600000e+00   4.2258686e-01   0.0000000e+00
   3.4800000e+00   4.2244808e-01   0.0000000e+00
   3.5000000e+00   4.2191371e-01   0.0000000e+00
   3.5200000e+00   4.2137933e-01   0.0000000e+00
   3.5400000e+00   4.2084495e-01   0.0000000e+00
   2.0100000e+00   7.2153878e-01   1.0000000e+00
   2.0300000e+00   7.1832043e-01   1.0000000e+00
   2.0500000e+00   7.1490128e-01   1.0000000e+00
   2.0700000e+00   7.1128134e-01   1.0000000e+00
   2.0900000e+00   7.0813473e-01   1.0000000e+00
   2.1100000e+00   7.0513531e-01   1.0000000e+00
   2.1300000e+00   7.0228307e-01   1.0000000e+00
   2.1500000e+00   6.9920419e-01   1.0000000e+00
   2.1700000e+00   6.9659599e-01   1.0000000e+00
   2.1900000e+00   6.9445848e-01   1.0000000e+00
   2.2100000e+00   6.9183957e-01   1.0000000e+00
   2.2300000e+00   6.8955891e-01   1.0000000e+00
   2.2500000e+00   6.8761650e-01   1.0000000e+00
   2.2700000e+00   6.8576530e-01   1.0000000e+00
   2.2900000e+00   6.8377094e-01   1.0000000e+00
   2.3100000e+00   6.8163343e-01   1.0000000e+00
   2.3300000e+00   6.7951067e-01   1.0000000e+00
   2.3500000e+00   6.7764772e-01   1.0000000e+00
   2.3700000e+00   6.7604459e-01   1.0000000e+00
   2.3900000e+00   6.7357655e-01   1.0000000e+00
   2.4100000e+00   6.7148027e-01   1.0000000e+00
   2.4300000e+00   6.6975576e-01   1.0000000e+00
   2.4500000e+00   6.6888613e-01   1.0000000e+00
   2.4700000e+00   6.6814289e-01   1.0000000e+00
   2.4900000e+00   6.6752606e-01   1.0000000e+00
   2.5100000e+00   6.6645730e-01   1.0000000e+00
   2.5300000e+00   6.6588872e-01   1.0000000e+00
   2.5500000e+00   6.6582031e-01   1.0000000e+00
   2.5700000e+00   6.6582031e-01   1.0000000e+00
   2.5900000e+00   6.6582031e-01   1.0000000e+00
   2.6100000e+00   6.6582031e-01   1.0000000e+00
   2.6300000e+00   6.6582031e-01   1.0000000e+00
