   6.0000000e-01   9.6742834e-01   0.0000000e+00
   6.2000000e-01   9.5181681e-01   0.0000000e+00
   6.4000000e-01   9.3150950e-01   0.0000000e+00
   6.6000000e-01   9.0650641e-01   0.0000000e+00
   6.8000000e-01   8.8299383e-01   0.0000000e+00
   7.0000000e-01   8.6039175e-01   0.0000000e+00
   7.2000000e-01   8.3870019e-01   0.0000000e+00
   7.4000000e-01   8.1867948e-01   0.0000000e+00
   7.6000000e-01   8.0038190e-01   0.0000000e+00
   7.8000000e-01   7.8380747e-01   0.0000000e+00
   8.0000000e-01   7.7035084e-01   0.0000000e+00
   8.2000000e-01   7.5560687e-01   0.0000000e+00
   8.4000000e-01   7.3957556e-01   0.0000000e+00
   8.6000000e-01   7.2772805e-01   0.0000000e+00
   8.8000000e-01   7.1612931e-01   0.0000000e+00
   9.0000000e-01   7.0477932e-01   0.0000000e+00
   9.2000000e-01   6.9558493e-01   0.0000000e+00
   9.4000000e-01   6.8733359e-01   0.0000000e+00
   9.6000000e-01   6.8002529e-01   0.0000000e+00
   9.8000000e-01   6.7319102e-01   0.0000000e+00
   1.0000000e+00   6.6683482e-01   0.0000000e+00
   1.0200000e+00   6.6095667e-01   0.0000000e+00
   1.0400000e+00   6.5460449e-01   0.0000000e+00
   1.0600000e+00   6.4875819e-01   0.0000000e+00
   1.0800000e+00   6.4341776e-01   0.0000000e+00
   1.1000000e+00   6.3836767e-01   0.0000000e+00
   1.1200000e+00   6.3329477e-01   0.0000000e+00
   1.1400000e+00   6.2819907e-01   0.0000000e+00
   1.1600000e+00   6.2392405e-01   0.0000000e+00
   1.1800000e+00   6.1964904e-01   0.0000000e+00
   1.2000000e+00   6.1537402e-01   0.0000000e+00
   1.2200000e+00   6.1152409e-01   0.0000000e+00
   1.2400000e+00   6.0757459e-01   0.0000000e+00
   1.2600000e+00   6.0352553e-01   0.0000000e+00
   1.2800000e+00   5.9925052e-01   0.0000000e+00
   1.3000000e+00   5.9501305e-01   0.0000000e+00
   1.3200000e+00   5.9081312e-01   0.0000000e+00
   1.3400000e+00   5.8707248e-01   0.0000000e+00
   1.3600000e+00   5.8308544e-01   0.0000000e+00
   1.3800000e+00   5.7885200e-01   0.0000000e+00
   1.4000000e+00   5.7495312e-01   0.0000000e+00
   1.4200000e+00   5.7126310e-01   0.0000000e+00
   1.4400000e+00   5.6778193e-01   0.0000000e+00
   1.4600000e+00   5.6443286e-01   0.0000000e+00
   1.4800000e+00   5.6090108e-01   0.0000000e+00
   1.5000000e+00   5.5718658e-01   0.0000000e+00
   1.5200000e+00   5.5398032e-01   0.0000000e+00
   1.5400000e+00   5.5077406e-01   0.0000000e+00
   1.5600000e+00   5.4756780e-01   0.0000000e+00
   1.5800000e+00   5.4468873e-01   0.0000000e+00
   1.6000000e+00   5.4191325e-01   0.0000000e+00
   1.6200000e+00   5.3924136e-01   0.0000000e+00
   1.6400000e+00   5.3666334e-01   0.0000000e+00
   1.6600000e+00   5.3430557e-01   0.0000000e+00
   1.6800000e+00   5.3216806e-01   0.0000000e+00
   1.7000000e+00   5.2951898e-01   0.0000000e+00
   1.7200000e+00   5.2705595e-01   0.0000000e+00
   1.7400000e+00   5.2477898e-01   0.0000000e+00
   1.7600000e+00   5.2264147e-01   0.0000000e+00
   1.7800000e+00   5.2050396e-01   0.0000000e+00
   1.8000000e+00   5.1836645e-01   0.0000000e+00
   1.8200000e+00   5.1622895e-01   0.0000000e+00
   1.8400000e+00   5.1409144e-01   0.0000000e+00
   1.8600000e+00   5.1195393e-01   0.0000000e+00
   1.8800000e+00   5.1027905e-01   0.0000000e+00
   1.9000000e+00   5.0846706e-01   0.0000000e+00
   1.9200000e+00   5.0651797e-01   0.0000000e+00
   1.9400000e+00   5.0460976e-01   0.0000000e+00
   1.9600000e+00   5.0291041e-01   0.0000000e+00
   1.9800000e+00   5.0141991e-01   0.0000000e+00
   2.0000000e+00   5.0035115e-01   0.0000000e+00
   2.0200000e+00   4.9875205e-01   0.0000000e+00
   2.0400000e+00   4.9662261e-01   0.0000000e+00
   2.0600000e+00   4.9489878e-01   0.0000000e+00
   2.0800000e+00   4.9323530e-01   0.0000000e+00
   2.1000000e+00   4.9163217e-01   0.0000000e+00
   2.1200000e+00   4.9002904e-01   0.0000000e+00
   2.1400000e+00   4.8848960e-01   0.0000000e+00
   2.1600000e+00   4.8701384e-01   0.0000000e+00
   2.1800000e+00   4.8647947e-01   0.0000000e+00
   2.2000000e+00   4.8570439e-01   0.0000000e+00
   2.2200000e+00   4.8468861e-01   0.0000000e+00
   2.2400000e+00   4.8361986e-01   0.0000000e+00
   2.2600000e+00   4.8279917e-01   0.0000000e+00
   2.2800000e+00   4.8222656e-01   0.0000000e+00
   2.3000000e+00   4.8196375e-01   0.0000000e+00
   2.3200000e+00   4.8131271e-01   0.0000000e+00
   2.3400000e+00   4.8027344e-01   0.0000000e+00
   2.3600000e+00   4.8027344e-01   0.0000000e+00
   2.3800000e+00   4.7984098e-01   0.0000000e+00
   2.4000000e+00   4.7897607e-01   0.0000000e+00
   2.4200000e+00   4.7790732e-01   0.0000000e+00
   2.4400000e+00   4.7683856e-01   0.0000000e+00
   2.4600000e+00   4.7576981e-01   0.0000000e+00
   2.4800000e+00   4.7461860e-01   0.0000000e+00
   2.5000000e+00   4.7324142e-01   0.0000000e+00
   2.5200000e+00   4.7163829e-01   0.0000000e+00
   2.5400000e+00   4.7103551e-01   0.0000000e+00
   2.5600000e+00   4.7008342e-01   0.0000000e+00
   2.5800000e+00   4.6878202e-01   0.0000000e+00
   2.6000000e+00   4.6744574e-01   0.0000000e+00
   2.6200000e+00   4.6624322e-01   0.0000000e+00
   2.6400000e+00   4.6517446e-01   0.0000000e+00
   2.6600000e+00   4.6410571e-01   0.0000000e+00
   2.6800000e+00   4.6303695e-01   0.0000000e+00
   2.7000000e+00   4.6196820e-01   0.0000000e+00
   2.7200000e+00   4.6089945e-01   0.0000000e+00
   2.7400000e+00   4.5983069e-01   0.0000000e+00
   2.7600000e+00   4.5876194e-01   0.0000000e+00
   2.7800000e+00   4.5769318e-01   0.0000000e+00
   2.8000000e+00   4.5657381e-01   0.0000000e+00
   2.8200000e+00   4.5540382e-01   0.0000000e+00
   2.8400000e+00   4.5380069e-01   0.0000000e+00
   2.8600000e+00   4.5271651e-01   0.0000000e+00
   2.8800000e+00   4.5215127e-01   0.0000000e+00
   2.9000000e+00   4.5121461e-01   0.0000000e+00
   2.9200000e+00   4.5021190e-01   0.0000000e+00
   2.9400000e+00   4.4914315e-01   0.0000000e+00
   2.9600000e+00   4.4807440e-01   0.0000000e+00
   2.9800000e+00   4.4700564e-01   0.0000000e+00
   3.0000000e+00   4.4593689e-01   0.0000000e+00
   3.0200000e+00   4.4486813e-01   0.0000000e+00
   3.0400000e+00   4.4379938e-01   0.0000000e+00
   3.0600000e+00   4.4273063e-01   0.0000000e+00
   3.0800000e+00   4.4166187e-01   0.0000000e+00
   3.1000000e+00   4.4071145e-01   0.0000000e+00
   3.1200000e+00   4.3987937e-01   0.0000000e+00
   3.1400000e+00   4.3910498e-01   0.0000000e+00
   3.1600000e+00   4.3791789e-01   0.0000000e+00
   3.1800000e+00   4.3631810e-01   0.0000000e+00
   3.2000000e+00   4.3524935e-01   0.0000000e+00
   3.2200000e+00   4.3418059e-01   0.0000000e+00
   3.2400000e+00   4.3311184e-01   0.0000000e+00
   3.2600000e+00   4.3204309e-01   0.0000000e+00
   3.2800000e+00   4.3097433e-01   0.0000000e+00
   3.3000000e+00   4.2990558e-01   0.0000000e+00
   3.3200000e+00   4.2883682e-01   0.0000000e+00
   3.3400000e+00   4.2776807e-01   0.0000000e+00
   3.3600000e+00   4.2669931e-01   0.0000000e+00
   3.3800000e+00   4.2563056e-01   0.0000000e+00
   3.4000000e+00   4.2456181e-01   0.0000000e+00
   3.4200000e+00   4.2349305e-01   0.0000000e+00
   3.4400000e+00   4.2242430e-01   0.0000000e+00
   3.4600000e+00   4.2135554e-01   0.0000000e+00
   3.4800000e+00   4.2028679e-01   0.0000000e+00
   3.5000000e+00   4.1921804e-01   0.0000000e+00
   3.5200000e+00   4.1814928e-01   0.0000000e+00
   3.5400000e+00   4.1708053e-01   0.0000000e+00
   3.5600000e+00   4.1645160e-01   0.0000000e+00
   3.5800000e+00   4.1570837e-01   0.0000000e+00
   3.6000000e+00   4.1485083e-01   0.0000000e+00
   3.6200000e+00   4.1398857e-01   0.0000000e+00
   3.6400000e+00   4.1333517e-01   0.0000000e+00
   3.6600000e+00   4.1289063e-01   0.0000000e+00
   3.6800000e+00   4.1289063e-01   0.0000000e+00
   3.7000000e+00   4.1263685e-01   0.0000000e+00
   3.7200000e+00   4.1212931e-01   0.0000000e+00
   3.7400000e+00   4.1159493e-01   0.0000000e+00
   3.7600000e+00   4.1119766e-01   0.0000000e+00
   3.7800000e+00   4.1093750e-01   0.0000000e+00
   2.2200000e+00   7.2369196e-01   1.0000000e+00
   2.2400000e+00   7.2242811e-01   1.0000000e+00
   2.2600000e+00   7.2124269e-01   1.0000000e+00
   2.2800000e+00   7.2013571e-01   1.0000000e+00
   2.3000000e+00   7.1933851e-01   1.0000000e+00
   2.3200000e+00   7.1813098e-01   1.0000000e+00
   2.3400000e+00   7.1651311e-01   1.0000000e+00
   2.3600000e+00   7.1437560e-01   1.0000000e+00
   2.3800000e+00   7.1202186e-01   1.0000000e+00
   2.4000000e+00   7.0945190e-01   1.0000000e+00
   2.4200000e+00   7.0709581e-01   1.0000000e+00
   2.4400000e+00   7.0484901e-01   1.0000000e+00
   2.4600000e+00   7.0271150e-01   1.0000000e+00
   2.4800000e+00   7.0073891e-01   1.0000000e+00
   2.5000000e+00   6.9921824e-01   1.0000000e+00
   2.5200000e+00   6.9814949e-01   1.0000000e+00
   2.5400000e+00   6.9608039e-01   1.0000000e+00
   2.5600000e+00   6.9436059e-01   1.0000000e+00
   2.5800000e+00   6.9299010e-01   1.0000000e+00
   2.6000000e+00   6.9192135e-01   1.0000000e+00
   2.6200000e+00   6.9085259e-01   1.0000000e+00
   2.6400000e+00   6.8978384e-01   1.0000000e+00
   2.6600000e+00   6.8868157e-01   1.0000000e+00
   2.6800000e+00   6.8732887e-01   1.0000000e+00
   2.7000000e+00   6.8572574e-01   1.0000000e+00
   2.7200000e+00   6.8367138e-01   1.0000000e+00
   2.7400000e+00   6.8191001e-01   1.0000000e+00
   2.7600000e+00   6.8044163e-01   1.0000000e+00
   2.7800000e+00   6.7893708e-01   1.0000000e+00
   2.8000000e+00   6.7711605e-01   1.0000000e+00
   2.8200000e+00   6.7497854e-01   1.0000000e+00
   2.8400000e+00   6.7284103e-01   1.0000000e+00
   2.8600000e+00   6.7122247e-01   1.0000000e+00
   2.8800000e+00   6.7012285e-01   1.0000000e+00
   2.9000000e+00   6.6865182e-01   1.0000000e+00
   2.9200000e+00   6.6740035e-01   1.0000000e+00
   2.9400000e+00   6.6636845e-01   1.0000000e+00
   2.9600000e+00   6.6600302e-01   1.0000000e+00
   2.9800000e+00   6.6579417e-01   1.0000000e+00
   3.0000000e+00   6.6574188e-01   1.0000000e+00
   3.0200000e+00   6.6520750e-01   1.0000000e+00
   3.0400000e+00   6.6490813e-01   1.0000000e+00
   3.0600000e+00   6.6484375e-01   1.0000000e+00
   3.0800000e+00   6.6449042e-01   1.0000000e+00
   3.1000000e+00   6.6392822e-01   1.0000000e+00
   3.1200000e+00   6.6315718e-01   1.0000000e+00
   3.1400000e+00   6.6208842e-01   1.0000000e+00
   3.1600000e+00   6.6102134e-01   1.0000000e+00
   3.1800000e+00   6.5995593e-01   1.0000000e+00
   3.2000000e+00   6.5942155e-01   1.0000000e+00
   3.2200000e+00   6.5825559e-01   1.0000000e+00
   3.2400000e+00   6.5645805e-01   1.0000000e+00
   3.2600000e+00   6.5462493e-01   1.0000000e+00
   3.2800000e+00   6.5290681e-01   1.0000000e+00
   3.3000000e+00   6.5130368e-01   1.0000000e+00
   3.3200000e+00   6.4977161e-01   1.0000000e+00
   3.3400000e+00   6.4847119e-01   1.0000000e+00
   3.3600000e+00   6.4740244e-01   1.0000000e+00
   3.3800000e+00   6.4535614e-01   1.0000000e+00
   3.4000000e+00   6.4382240e-01   1.0000000e+00
   3.4200000e+00   6.4280121e-01   1.0000000e+00
   3.4400000e+00   6.4201139e-01   1.0000000e+00
   3.4600000e+00   6.4101272e-01   1.0000000e+00
   3.4800000e+00   6.3980519e-01   1.0000000e+00
   3.5000000e+00   6.3822417e-01   1.0000000e+00
   3.5200000e+00   6.3689928e-01   1.0000000e+00
   3.5400000e+00   6.3583053e-01   1.0000000e+00
   3.5600000e+00   6.3476177e-01   1.0000000e+00
   3.5800000e+00   6.3353144e-01   1.0000000e+00
   3.6000000e+00   6.3213952e-01   1.0000000e+00
   3.6200000e+00   6.3032990e-01   1.0000000e+00
