   6.0000000e-01   9.3691253e-01   0.0000000e+00
   6.2000000e-01   9.2000629e-01   0.0000000e+00
   6.4000000e-01   8.9859671e-01   0.0000000e+00
   6.6000000e-01   8.7268380e-01   0.0000000e+00
   6.8000000e-01   8.4329306e-01   0.0000000e+00
   7.0000000e-01   8.1731675e-01   0.0000000e+00
   7.2000000e-01   7.9475488e-01   0.0000000e+00
   7.4000000e-01   7.7337980e-01   0.0000000e+00
   7.6000000e-01   7.5344725e-01   0.0000000e+00
   7.8000000e-01   7.3495723e-01   0.0000000e+00
   8.0000000e-01   7.2000273e-01   0.0000000e+00
   8.2000000e-01   7.0397545e-01   0.0000000e+00
   8.4000000e-01   6.8687538e-01   0.0000000e+00
   8.6000000e-01   6.7343615e-01   0.0000000e+00
   8.8000000e-01   6.6166206e-01   0.0000000e+00
   9.0000000e-01   6.5155313e-01   0.0000000e+00
   9.2000000e-01   6.4362730e-01   0.0000000e+00
   9.4000000e-01   6.3636392e-01   0.0000000e+00
   9.6000000e-01   6.2976299e-01   0.0000000e+00
   9.8000000e-01   6.2382852e-01   0.0000000e+00
   1.0000000e+00   6.1765503e-01   0.0000000e+00
   1.0200000e+00   6.1124250e-01   0.0000000e+00
   1.0400000e+00   6.0530401e-01   0.0000000e+00
   1.0600000e+00   5.9975305e-01   0.0000000e+00
   1.0800000e+00   5.9458963e-01   0.0000000e+00
   1.1000000e+00   5.8953954e-01   0.0000000e+00
   1.1200000e+00   5.8434261e-01   0.0000000e+00
   1.1400000e+00   5.7899884e-01   0.0000000e+00
   1.1600000e+00   5.7365507e-01   0.0000000e+00
   1.1800000e+00   5.6831130e-01   0.0000000e+00
   1.2000000e+00   5.6296753e-01   0.0000000e+00
   1.2200000e+00   5.5762376e-01   0.0000000e+00
   1.2400000e+00   5.5243420e-01   0.0000000e+00
   1.2600000e+00   5.4739884e-01   0.0000000e+00
   1.2800000e+00   5.4258945e-01   0.0000000e+00
   1.3000000e+00   5.3770497e-01   0.0000000e+00
   1.3200000e+00   5.3274540e-01   0.0000000e+00
   1.3400000e+00   5.2686725e-01   0.0000000e+00
   1.3600000e+00   5.2148190e-01   0.0000000e+00
   1.3800000e+00   5.1658936e-01   0.0000000e+00
   1.4000000e+00   5.1253224e-01   0.0000000e+00
   1.4200000e+00   5.0876310e-01   0.0000000e+00
   1.4400000e+00   5.0528193e-01   0.0000000e+00
   1.4600000e+00   5.0207567e-01   0.0000000e+00
   1.4800000e+00   4.9888248e-01   0.0000000e+00
   1.5000000e+00   4.9570236e-01   0.0000000e+00
   1.5200000e+00   4.9303048e-01   0.0000000e+00
   1.5400000e+00   4.9013666e-01   0.0000000e+00
   1.5600000e+00   4.8702092e-01   0.0000000e+00
   1.5800000e+00   4.8446904e-01   0.0000000e+00
   1.6000000e+00   4.8212435e-01   0.0000000e+00
   1.6200000e+00   4.7998684e-01   0.0000000e+00
   1.6400000e+00   4.7794319e-01   0.0000000e+00
   1.6600000e+00   4.7611980e-01   0.0000000e+00
   1.6800000e+00   4.7451667e-01   0.0000000e+00
   1.7000000e+00   4.7240197e-01   0.0000000e+00
   1.7200000e+00   4.7047332e-01   0.0000000e+00
   1.7400000e+00   4.6873072e-01   0.0000000e+00
   1.7600000e+00   4.6684934e-01   0.0000000e+00
   1.7800000e+00   4.6500148e-01   0.0000000e+00
   1.8000000e+00   4.6318713e-01   0.0000000e+00
   1.8200000e+00   4.6202855e-01   0.0000000e+00
   1.8400000e+00   4.6038050e-01   0.0000000e+00
   1.8600000e+00   4.5824299e-01   0.0000000e+00
   1.8800000e+00   4.5703074e-01   0.0000000e+00
   1.9000000e+00   4.5571726e-01   0.0000000e+00
   1.9200000e+00   4.5430254e-01   0.0000000e+00
   1.9400000e+00   4.5292871e-01   0.0000000e+00
   1.9600000e+00   4.5170741e-01   0.0000000e+00
   1.9800000e+00   4.5063866e-01   0.0000000e+00
   2.0000000e+00   4.4956991e-01   0.0000000e+00
   2.0200000e+00   4.4850115e-01   0.0000000e+00
   2.0400000e+00   4.4743240e-01   0.0000000e+00
   2.0600000e+00   4.4636364e-01   0.0000000e+00
   2.0800000e+00   4.4529489e-01   0.0000000e+00
   2.1000000e+00   4.4422613e-01   0.0000000e+00
   2.1200000e+00   4.4333773e-01   0.0000000e+00
   2.1400000e+00   4.4262634e-01   0.0000000e+00
   2.1600000e+00   4.4209197e-01   0.0000000e+00
   2.1800000e+00   4.4155759e-01   0.0000000e+00
   2.2000000e+00   4.4078251e-01   0.0000000e+00
   2.2200000e+00   4.3976673e-01   0.0000000e+00
   2.2400000e+00   4.3869798e-01   0.0000000e+00
   2.2600000e+00   4.3762923e-01   0.0000000e+00
   2.2800000e+00   4.3656047e-01   0.0000000e+00
   2.3000000e+00   4.3562313e-01   0.0000000e+00
   2.3200000e+00   4.3488726e-01   0.0000000e+00
   2.3400000e+00   4.3435289e-01   0.0000000e+00
   2.3600000e+00   4.3381851e-01   0.0000000e+00
   2.3800000e+00   4.3306790e-01   0.0000000e+00
   2.4000000e+00   4.3210107e-01   0.0000000e+00
   2.4200000e+00   4.3103232e-01   0.0000000e+00
   2.4400000e+00   4.3016269e-01   0.0000000e+00
   2.4600000e+00   4.2949219e-01   0.0000000e+00
   2.4800000e+00   4.2940973e-01   0.0000000e+00
   2.5000000e+00   4.2910131e-01   0.0000000e+00
   2.5200000e+00   4.2856693e-01   0.0000000e+00
   2.5400000e+00   4.2803255e-01   0.0000000e+00
   2.5600000e+00   4.2749818e-01   0.0000000e+00
   2.5800000e+00   4.2696380e-01   0.0000000e+00
   2.6000000e+00   4.2669627e-01   0.0000000e+00
   2.6200000e+00   4.2678777e-01   0.0000000e+00
   2.6400000e+00   4.2723831e-01   0.0000000e+00
   2.6600000e+00   4.2880792e-01   0.0000000e+00
   2.6800000e+00   4.3012711e-01   0.0000000e+00
   2.7000000e+00   4.3119586e-01   0.0000000e+00
   2.7200000e+00   4.3181339e-01   0.0000000e+00
   2.7400000e+00   4.3238934e-01   0.0000000e+00
   2.7600000e+00   4.3292372e-01   0.0000000e+00
   2.7800000e+00   4.3350168e-01   0.0000000e+00
   2.8000000e+00   4.3411128e-01   0.0000000e+00
   2.8200000e+00   4.3475253e-01   0.0000000e+00
   2.8400000e+00   4.3539378e-01   0.0000000e+00
   2.8600000e+00   4.3603504e-01   0.0000000e+00
   2.8800000e+00   4.3667629e-01   0.0000000e+00
   2.9000000e+00   4.3731754e-01   0.0000000e+00
   2.9200000e+00   4.3795879e-01   0.0000000e+00
   2.9400000e+00   4.3860005e-01   0.0000000e+00
   2.9600000e+00   4.3870065e-01   0.0000000e+00
   2.9800000e+00   4.3821658e-01   0.0000000e+00
   3.0000000e+00   4.3714783e-01   0.0000000e+00
   3.0200000e+00   4.3607907e-01   0.0000000e+00
   3.0400000e+00   4.3548032e-01   0.0000000e+00
   3.0600000e+00   4.3535156e-01   0.0000000e+00
   3.0800000e+00   4.3535156e-01   0.0000000e+00
   3.1000000e+00   4.3523323e-01   0.0000000e+00
   3.1200000e+00   4.3499656e-01   0.0000000e+00
   3.1400000e+00   4.3446218e-01   0.0000000e+00
   3.1600000e+00   4.3392613e-01   0.0000000e+00
   3.1800000e+00   4.3338841e-01   0.0000000e+00
   3.2000000e+00   4.3231966e-01   0.0000000e+00
   2.0000000e+00   7.0218587e-01   1.0000000e+00
   2.0200000e+00   6.9870637e-01   1.0000000e+00
   2.0400000e+00   6.9602240e-01   1.0000000e+00
   2.0600000e+00   6.9293683e-01   1.0000000e+00
   2.0800000e+00   6.9008793e-01   1.0000000e+00
   2.1000000e+00   6.8747571e-01   1.0000000e+00
   2.1200000e+00   6.8515785e-01   1.0000000e+00
   2.1400000e+00   6.8269482e-01   1.0000000e+00
   2.1600000e+00   6.8008662e-01   1.0000000e+00
   2.1800000e+00   6.7794911e-01   1.0000000e+00
   2.2000000e+00   6.7557090e-01   1.0000000e+00
   2.2200000e+00   6.7295199e-01   1.0000000e+00
   2.2400000e+00   6.7100958e-01   1.0000000e+00
   2.2600000e+00   6.6911277e-01   1.0000000e+00
   2.2800000e+00   6.6726157e-01   1.0000000e+00
   2.3000000e+00   6.6538688e-01   1.0000000e+00
   2.3200000e+00   6.6390041e-01   1.0000000e+00
   2.3400000e+00   6.6280217e-01   1.0000000e+00
   2.3600000e+00   6.6066466e-01   1.0000000e+00
   2.3800000e+00   6.5874338e-01   1.0000000e+00
   2.4000000e+00   6.5703833e-01   1.0000000e+00
   2.4200000e+00   6.5543520e-01   1.0000000e+00
   2.4400000e+00   6.5383207e-01   1.0000000e+00
   2.4600000e+00   6.5222894e-01   1.0000000e+00
   2.4800000e+00   6.5062580e-01   1.0000000e+00
   2.5000000e+00   6.4902267e-01   1.0000000e+00
   2.5200000e+00   6.4741954e-01   1.0000000e+00
   2.5400000e+00   6.4631658e-01   1.0000000e+00
   2.5600000e+00   6.4523073e-01   1.0000000e+00
   2.5800000e+00   6.4416197e-01   1.0000000e+00
   2.6000000e+00   6.4282638e-01   1.0000000e+00
   2.6200000e+00   6.4143210e-01   1.0000000e+00
   2.6400000e+00   6.3997915e-01   1.0000000e+00
   2.6600000e+00   6.3887688e-01   1.0000000e+00
   2.6800000e+00   6.3752418e-01   1.0000000e+00
   2.7000000e+00   6.3592105e-01   1.0000000e+00
   2.7200000e+00   6.3431792e-01   1.0000000e+00
   2.7400000e+00   6.3288207e-01   1.0000000e+00
   2.7600000e+00   6.3161350e-01   1.0000000e+00
   2.7800000e+00   6.3032685e-01   1.0000000e+00
   2.8000000e+00   6.2883134e-01   1.0000000e+00
   2.8200000e+00   6.2712698e-01   1.0000000e+00
   2.8400000e+00   6.2498947e-01   1.0000000e+00
   2.5100000e+00   7.7126798e-01   2.0000000e+00
   2.5300000e+00   7.6966485e-01   2.0000000e+00
   2.5500000e+00   7.6806172e-01   2.0000000e+00
   2.5700000e+00   7.6569157e-01   2.0000000e+00
   2.5900000e+00   7.6317056e-01   2.0000000e+00
   2.6100000e+00   7.6049867e-01   2.0000000e+00
   2.6300000e+00   7.5782678e-01   2.0000000e+00
   2.6500000e+00   7.5515490e-01   2.0000000e+00
   2.6700000e+00   7.5248301e-01   2.0000000e+00
   2.6900000e+00   7.4981113e-01   2.0000000e+00
   2.7100000e+00   7.4736486e-01   2.0000000e+00
   2.7300000e+00   7.4514420e-01   2.0000000e+00
   2.7500000e+00   7.4434494e-01   2.0000000e+00
