   6.0000000e-01   9.5034204e-01   0.0000000e+00
   6.2000000e-01   9.3337476e-01   0.0000000e+00
   6.4000000e-01   9.1367357e-01   0.0000000e+00
   6.6000000e-01   8.9123849e-01   0.0000000e+00
   6.8000000e-01   8.6184775e-01   0.0000000e+00
   7.0000000e-01   8.3473330e-01   0.0000000e+00
   7.2000000e-01   8.0989513e-01   0.0000000e+00
   7.4000000e-01   7.8889550e-01   0.0000000e+00
   7.6000000e-01   7.6988654e-01   0.0000000e+00
   7.8000000e-01   7.5286825e-01   0.0000000e+00
   8.0000000e-01   7.3844813e-01   0.0000000e+00
   8.2000000e-01   7.2295522e-01   0.0000000e+00
   8.4000000e-01   7.0638953e-01   0.0000000e+00
   8.6000000e-01   6.9348468e-01   0.0000000e+00
   8.8000000e-01   6.8143234e-01   0.0000000e+00
   9.0000000e-01   6.7023254e-01   0.0000000e+00
   9.2000000e-01   6.6157253e-01   0.0000000e+00
   9.4000000e-01   6.5394205e-01   0.0000000e+00
   9.6000000e-01   6.4734111e-01   0.0000000e+00
   9.8000000e-01   6.4151928e-01   0.0000000e+00
   1.0000000e+00   6.3593648e-01   0.0000000e+00
   1.0200000e+00   6.3059271e-01   0.0000000e+00
   1.0400000e+00   6.2524894e-01   0.0000000e+00
   1.0600000e+00   6.1990517e-01   0.0000000e+00
   1.0800000e+00   6.1456140e-01   0.0000000e+00
   1.1000000e+00   6.0945833e-01   0.0000000e+00
   1.1200000e+00   6.0450210e-01   0.0000000e+00
   1.1400000e+00   5.9969270e-01   0.0000000e+00
   1.1600000e+00   5.9489068e-01   0.0000000e+00
   1.1800000e+00   5.9035216e-01   0.0000000e+00
   1.2000000e+00   5.8607715e-01   0.0000000e+00
   1.2200000e+00   5.8180213e-01   0.0000000e+00
   1.2400000e+00   5.7721869e-01   0.0000000e+00
   1.2600000e+00   5.7232684e-01   0.0000000e+00
   1.2800000e+00   5.6736658e-01   0.0000000e+00
   1.3000000e+00   5.6267385e-01   0.0000000e+00
   1.3200000e+00   5.5824865e-01   0.0000000e+00
   1.3400000e+00   5.5290488e-01   0.0000000e+00
   1.3600000e+00   5.4830032e-01   0.0000000e+00
   1.3800000e+00   5.4443495e-01   0.0000000e+00
   1.4000000e+00   5.4031818e-01   0.0000000e+00
   1.4200000e+00   5.3612228e-01   0.0000000e+00
   1.4400000e+00   5.3184726e-01   0.0000000e+00
   1.4600000e+00   5.2757225e-01   0.0000000e+00
   1.4800000e+00   5.2333645e-01   0.0000000e+00
   1.5000000e+00   5.1913986e-01   0.0000000e+00
   1.5200000e+00   5.1646798e-01   0.0000000e+00
   1.5400000e+00   5.1335223e-01   0.0000000e+00
   1.5600000e+00   5.0979264e-01   0.0000000e+00
   1.5800000e+00   5.0670638e-01   0.0000000e+00
   1.6000000e+00   5.0393257e-01   0.0000000e+00
   1.6200000e+00   5.0147122e-01   0.0000000e+00
   1.6400000e+00   4.9914598e-01   0.0000000e+00
   1.6600000e+00   4.9638023e-01   0.0000000e+00
   1.6800000e+00   4.9317397e-01   0.0000000e+00
   1.7000000e+00   4.9099086e-01   0.0000000e+00
   1.7200000e+00   4.8883055e-01   0.0000000e+00
   1.7400000e+00   4.8669304e-01   0.0000000e+00
   1.7600000e+00   4.8483378e-01   0.0000000e+00
   1.7800000e+00   4.8310258e-01   0.0000000e+00
   1.8000000e+00   4.8149945e-01   0.0000000e+00
   1.8200000e+00   4.7989632e-01   0.0000000e+00
   1.8400000e+00   4.7829319e-01   0.0000000e+00
   1.8600000e+00   4.7669006e-01   0.0000000e+00
   1.8800000e+00   4.7508693e-01   0.0000000e+00
   1.9000000e+00   4.7365678e-01   0.0000000e+00
   1.9200000e+00   4.7239961e-01   0.0000000e+00
   1.9400000e+00   4.7133085e-01   0.0000000e+00
   1.9600000e+00   4.7020578e-01   0.0000000e+00
   1.9800000e+00   4.6902440e-01   0.0000000e+00
   2.0000000e+00   4.6742126e-01   0.0000000e+00
   2.0200000e+00   4.6608331e-01   0.0000000e+00
   2.0400000e+00   4.6501052e-01   0.0000000e+00
   2.0600000e+00   4.6394177e-01   0.0000000e+00
   2.0800000e+00   4.6272451e-01   0.0000000e+00
   2.1000000e+00   4.6135873e-01   0.0000000e+00
   2.1200000e+00   4.6011631e-01   0.0000000e+00
   2.1400000e+00   4.5919606e-01   0.0000000e+00
   2.1600000e+00   4.5859800e-01   0.0000000e+00
   2.1800000e+00   4.5752924e-01   0.0000000e+00
   2.2000000e+00   4.5646049e-01   0.0000000e+00
   2.2200000e+00   4.5539174e-01   0.0000000e+00
   2.2400000e+00   4.5468772e-01   0.0000000e+00
   2.2600000e+00   4.5406852e-01   0.0000000e+00
   2.2800000e+00   4.5353414e-01   0.0000000e+00
   2.3000000e+00   4.5313117e-01   0.0000000e+00
   2.3200000e+00   4.5292232e-01   0.0000000e+00
   2.3400000e+00   4.5290757e-01   0.0000000e+00
   2.3600000e+00   4.5237320e-01   0.0000000e+00
   2.3800000e+00   4.5183882e-01   0.0000000e+00
   2.4000000e+00   4.5130444e-01   0.0000000e+00
   2.4200000e+00   4.5108586e-01   0.0000000e+00
   2.4400000e+00   4.5087700e-01   0.0000000e+00
   2.4600000e+00   4.5067787e-01   0.0000000e+00
   2.4800000e+00   4.5022596e-01   0.0000000e+00
   2.5000000e+00   4.5000000e-01   0.0000000e+00
   2.5200000e+00   4.5000000e-01   0.0000000e+00
   2.5400000e+00   4.4949983e-01   0.0000000e+00
   2.5600000e+00   4.4917431e-01   0.0000000e+00
   2.5800000e+00   4.4902344e-01   0.0000000e+00
   2.6000000e+00   4.4902344e-01   0.0000000e+00
   2.6200000e+00   4.4887326e-01   0.0000000e+00
   2.6400000e+00   4.4857290e-01   0.0000000e+00
   2.6600000e+00   4.4757117e-01   0.0000000e+00
   2.6800000e+00   4.4707031e-01   0.0000000e+00
   2.7000000e+00   4.4707031e-01   0.0000000e+00
   2.7200000e+00   4.4616786e-01   0.0000000e+00
   2.7400000e+00   4.4551682e-01   0.0000000e+00
   2.7600000e+00   4.4511719e-01   0.0000000e+00
   2.7800000e+00   4.4489929e-01   0.0000000e+00
   2.8000000e+00   4.4452315e-01   0.0000000e+00
   2.8200000e+00   4.4398878e-01   0.0000000e+00
   2.8400000e+00   4.4345440e-01   0.0000000e+00
   2.8600000e+00   4.4266055e-01   0.0000000e+00
   2.8800000e+00   4.4160723e-01   0.0000000e+00
   2.9000000e+00   4.4094075e-01   0.0000000e+00
   2.9200000e+00   4.4034033e-01   0.0000000e+00
   2.9400000e+00   4.3980595e-01   0.0000000e+00
   2.9600000e+00   4.3893367e-01   0.0000000e+00
   2.9800000e+00   4.3774825e-01   0.0000000e+00
   3.0000000e+00   4.3624969e-01   0.0000000e+00
   3.0200000e+00   4.3571532e-01   0.0000000e+00
   3.0400000e+00   4.3494594e-01   0.0000000e+00
   3.0600000e+00   4.3394156e-01   0.0000000e+00
   3.0800000e+00   4.3322614e-01   0.0000000e+00
   3.1000000e+00   4.3260125e-01   0.0000000e+00
   3.1200000e+00   4.3206687e-01   0.0000000e+00
   3.1400000e+00   4.3141249e-01   0.0000000e+00
   3.1600000e+00   4.3055092e-01   0.0000000e+00
   3.1800000e+00   4.2948216e-01   0.0000000e+00
   3.2000000e+00   4.2841341e-01   0.0000000e+00
   3.2200000e+00   4.2776571e-01   0.0000000e+00
   3.2400000e+00   4.2753906e-01   0.0000000e+00
   3.2600000e+00   4.2723467e-01   0.0000000e+00
   3.2800000e+00   4.2681529e-01   0.0000000e+00
   3.3000000e+00   4.2628091e-01   0.0000000e+00
   3.3200000e+00   4.2567548e-01   0.0000000e+00
   3.3400000e+00   4.2483838e-01   0.0000000e+00
   3.3600000e+00   4.2376963e-01   0.0000000e+00
   3.3800000e+00   4.2318965e-01   0.0000000e+00
   3.4000000e+00   4.2263247e-01   0.0000000e+00
   3.4200000e+00   4.2209809e-01   0.0000000e+00
   3.4400000e+00   4.2181916e-01   0.0000000e+00
   3.4600000e+00   4.2161030e-01   0.0000000e+00
   3.4800000e+00   4.2147152e-01   0.0000000e+00
   3.5000000e+00   4.2095926e-01   0.0000000e+00
   3.5200000e+00   4.2070313e-01   0.0000000e+00
   3.5400000e+00   4.2070313e-01   0.0000000e+00
   3.5600000e+00   4.2026330e-01   0.0000000e+00
   3.5800000e+00   4.1993778e-01   0.0000000e+00
   3.6000000e+00   4.1972656e-01   0.0000000e+00
   2.0400000e+00   7.3461312e-01   1.0000000e+00
   2.0600000e+00   7.3332048e-01   1.0000000e+00
   2.0800000e+00   7.3175391e-01   1.0000000e+00
   2.1000000e+00   7.2991342e-01   1.0000000e+00
   2.1200000e+00   7.2812994e-01   1.0000000e+00
   2.1400000e+00   7.2620128e-01   1.0000000e+00
   2.1600000e+00   7.2412747e-01   1.0000000e+00
   2.1800000e+00   7.2252433e-01   1.0000000e+00
   2.2000000e+00   7.2019910e-01   1.0000000e+00
   2.2200000e+00   7.1715177e-01   1.0000000e+00
   2.2400000e+00   7.1467498e-01   1.0000000e+00
   2.2600000e+00   7.1249186e-01   1.0000000e+00
   2.2800000e+00   7.1060243e-01   1.0000000e+00
   2.3000000e+00   7.0886789e-01   1.0000000e+00
   2.3200000e+00   7.0693187e-01   1.0000000e+00
   2.3400000e+00   7.0479436e-01   1.0000000e+00
   2.3600000e+00   7.0265685e-01   1.0000000e+00
   2.3800000e+00   7.0073557e-01   1.0000000e+00
   2.4000000e+00   6.9903052e-01   1.0000000e+00
   2.4200000e+00   6.9711159e-01   1.0000000e+00
   2.4400000e+00   6.9518294e-01   1.0000000e+00
   2.4600000e+00   6.9324456e-01   1.0000000e+00
   2.4800000e+00   6.9172389e-01   1.0000000e+00
   2.5000000e+00   6.9042918e-01   1.0000000e+00
   2.5200000e+00   6.8936042e-01   1.0000000e+00
   2.5400000e+00   6.8779150e-01   1.0000000e+00
   2.5600000e+00   6.8639722e-01   1.0000000e+00
   2.5800000e+00   6.8517760e-01   1.0000000e+00
   2.6000000e+00   6.8384200e-01   1.0000000e+00
   2.6200000e+00   6.8244773e-01   1.0000000e+00
   2.6400000e+00   6.8099477e-01   1.0000000e+00
   2.6600000e+00   6.7995953e-01   1.0000000e+00
   2.6800000e+00   6.7917473e-01   1.0000000e+00
   2.7000000e+00   6.7864035e-01   1.0000000e+00
   2.7200000e+00   6.7810597e-01   1.0000000e+00
   2.7400000e+00   6.7740431e-01   1.0000000e+00
   2.7600000e+00   6.7653538e-01   1.0000000e+00
   2.7800000e+00   6.7546662e-01   1.0000000e+00
   2.8000000e+00   6.7434725e-01   1.0000000e+00
   2.8200000e+00   6.7317726e-01   1.0000000e+00
   2.8400000e+00   6.7157413e-01   1.0000000e+00
   2.8600000e+00   6.7023047e-01   1.0000000e+00
   2.8800000e+00   6.6914629e-01   1.0000000e+00
   2.9000000e+00   6.6807753e-01   1.0000000e+00
   2.9200000e+00   6.6672316e-01   1.0000000e+00
   2.9400000e+00   6.6508318e-01   1.0000000e+00
   2.9600000e+00   6.6311462e-01   1.0000000e+00
   2.9800000e+00   6.6135492e-01   1.0000000e+00
   3.0000000e+00   6.5980408e-01   1.0000000e+00
   3.0200000e+00   6.5873532e-01   1.0000000e+00
   3.0400000e+00   6.5766657e-01   1.0000000e+00
   3.0600000e+00   6.5659781e-01   1.0000000e+00
   3.0800000e+00   6.5552906e-01   1.0000000e+00
