   6.1000000e-01   9.6976399e-01   0.0000000e+00
   6.3000000e-01   9.5637243e-01   0.0000000e+00
   6.5000000e-01   9.3454681e-01   0.0000000e+00
   6.7000000e-01   9.0974020e-01   0.0000000e+00
   6.9000000e-01   8.8195259e-01   0.0000000e+00
   7.1000000e-01   8.6144910e-01   0.0000000e+00
   7.3000000e-01   8.4174787e-01   0.0000000e+00
   7.5000000e-01   8.2284889e-01   0.0000000e+00
   7.7000000e-01   8.0592111e-01   0.0000000e+00
   7.9000000e-01   7.9013787e-01   0.0000000e+00
   8.1000000e-01   7.7549917e-01   0.0000000e+00
   8.3000000e-01   7.6000223e-01   0.0000000e+00
   8.5000000e-01   7.4581274e-01   0.0000000e+00
   8.7000000e-01   7.3293068e-01   0.0000000e+00
   8.9000000e-01   7.2091826e-01   0.0000000e+00
   9.1000000e-01   7.1004766e-01   0.0000000e+00
   9.3000000e-01   7.0031889e-01   0.0000000e+00
   9.5000000e-01   6.9230324e-01   0.0000000e+00
   9.7000000e-01   6.8434390e-01   0.0000000e+00
   9.9000000e-01   6.7644088e-01   0.0000000e+00
   1.0100000e+00   6.6949397e-01   0.0000000e+00
   1.0300000e+00   6.6278409e-01   0.0000000e+00
   1.0500000e+00   6.5631122e-01   0.0000000e+00
   1.0700000e+00   6.5097079e-01   0.0000000e+00
   1.0900000e+00   6.4577553e-01   0.0000000e+00
   1.1100000e+00   6.4072543e-01   0.0000000e+00
   1.1300000e+00   6.3538166e-01   0.0000000e+00
   1.1500000e+00   6.3004158e-01   0.0000000e+00
   1.1700000e+00   6.2470518e-01   0.0000000e+00
   1.1900000e+00   6.1989578e-01   0.0000000e+00
   1.2100000e+00   6.1551147e-01   0.0000000e+00
   1.2300000e+00   6.1155225e-01   0.0000000e+00
   1.2500000e+00   6.0688635e-01   0.0000000e+00
   1.2700000e+00   6.0216915e-01   0.0000000e+00
   1.2900000e+00   5.9740064e-01   0.0000000e+00
   1.3100000e+00   5.9358491e-01   0.0000000e+00
   1.3300000e+00   5.8953954e-01   0.0000000e+00
   1.3500000e+00   5.8526452e-01   0.0000000e+00
   1.3700000e+00   5.8098951e-01   0.0000000e+00
   1.3900000e+00   5.7709063e-01   0.0000000e+00
   1.4100000e+00   5.7356789e-01   0.0000000e+00
   1.4300000e+00   5.7010215e-01   0.0000000e+00
   1.4500000e+00   5.6657037e-01   0.0000000e+00
   1.4700000e+00   5.6297254e-01   0.0000000e+00
   1.4900000e+00   5.5974013e-01   0.0000000e+00
   1.5100000e+00   5.5625361e-01   0.0000000e+00
   1.5300000e+00   5.5251297e-01   0.0000000e+00
   1.5500000e+00   5.4921619e-01   0.0000000e+00
   1.5700000e+00   5.4612826e-01   0.0000000e+00
   1.5900000e+00   5.4324919e-01   0.0000000e+00
   1.6100000e+00   5.4057730e-01   0.0000000e+00
   1.6300000e+00   5.3795235e-01   0.0000000e+00
   1.6500000e+00   5.3537433e-01   0.0000000e+00
   1.6700000e+00   5.3323682e-01   0.0000000e+00
   1.6900000e+00   5.3135510e-01   0.0000000e+00
   1.7100000e+00   5.2972917e-01   0.0000000e+00
   1.7300000e+00   5.2773112e-01   0.0000000e+00
   1.7500000e+00   5.2580247e-01   0.0000000e+00
   1.7700000e+00   5.2394321e-01   0.0000000e+00
   1.7900000e+00   5.2234008e-01   0.0000000e+00
   1.8100000e+00   5.2075940e-01   0.0000000e+00
   1.8300000e+00   5.1920119e-01   0.0000000e+00
   1.8500000e+00   5.1813244e-01   0.0000000e+00
   1.8700000e+00   5.1683237e-01   0.0000000e+00
   1.8900000e+00   5.1530098e-01   0.0000000e+00
   1.9100000e+00   5.1438978e-01   0.0000000e+00
   1.9300000e+00   5.1355234e-01   0.0000000e+00
   1.9500000e+00   5.1278867e-01   0.0000000e+00
   1.9700000e+00   5.1194518e-01   0.0000000e+00
   1.9900000e+00   5.1152344e-01   0.0000000e+00
   2.0100000e+00   5.1152344e-01   0.0000000e+00
   2.0300000e+00   5.1046274e-01   0.0000000e+00
   2.0500000e+00   5.0960486e-01   0.0000000e+00
   2.0700000e+00   5.0894979e-01   0.0000000e+00
   2.0900000e+00   5.0811839e-01   0.0000000e+00
   2.1100000e+00   5.0725850e-01   0.0000000e+00
   2.1300000e+00   5.0637009e-01   0.0000000e+00
   2.1500000e+00   5.0577203e-01   0.0000000e+00
   2.1700000e+00   5.0493862e-01   0.0000000e+00
   2.1900000e+00   5.0386987e-01   0.0000000e+00
   2.2100000e+00   5.0280111e-01   0.0000000e+00
   2.2300000e+00   5.0173236e-01   0.0000000e+00
   2.2500000e+00   5.0066360e-01   0.0000000e+00
   2.2700000e+00   4.9934678e-01   0.0000000e+00
   2.2900000e+00   4.9795250e-01   0.0000000e+00
   2.3100000e+00   4.9648078e-01   0.0000000e+00
   2.3300000e+00   4.9538254e-01   0.0000000e+00
   2.3500000e+00   4.9376467e-01   0.0000000e+00
   2.3700000e+00   4.9162716e-01   0.0000000e+00
   2.3900000e+00   4.9035456e-01   0.0000000e+00
   2.4100000e+00   4.8918388e-01   0.0000000e+00
   2.4300000e+00   4.8811513e-01   0.0000000e+00
   2.4500000e+00   4.8664812e-01   0.0000000e+00
   2.4700000e+00   4.8492833e-01   0.0000000e+00
   2.4900000e+00   4.8295574e-01   0.0000000e+00
   2.5100000e+00   4.8188699e-01   0.0000000e+00
   2.5300000e+00   4.8081823e-01   0.0000000e+00
   2.5500000e+00   4.7974948e-01   0.0000000e+00
   2.5700000e+00   4.7829722e-01   0.0000000e+00
   2.5900000e+00   4.7703636e-01   0.0000000e+00
   2.6100000e+00   4.7596692e-01   0.0000000e+00
   2.6300000e+00   4.7543254e-01   0.0000000e+00
   2.6500000e+00   4.7488141e-01   0.0000000e+00
   2.6700000e+00   4.7431352e-01   0.0000000e+00
   2.6900000e+00   4.7324476e-01   0.0000000e+00
   2.7100000e+00   4.7217601e-01   0.0000000e+00
   2.7300000e+00   4.7110726e-01   0.0000000e+00
   2.7500000e+00   4.7003850e-01   0.0000000e+00
   2.7700000e+00   4.6907870e-01   0.0000000e+00
   2.7900000e+00   4.6822784e-01   0.0000000e+00
   2.8100000e+00   4.6759223e-01   0.0000000e+00
   2.8300000e+00   4.6674005e-01   0.0000000e+00
   2.8500000e+00   4.6567129e-01   0.0000000e+00
   2.8700000e+00   4.6460254e-01   0.0000000e+00
   2.8900000e+00   4.6353379e-01   0.0000000e+00
   2.9100000e+00   4.6246503e-01   0.0000000e+00
   2.9300000e+00   4.6139628e-01   0.0000000e+00
   2.9500000e+00   4.6032752e-01   0.0000000e+00
   2.9700000e+00   4.5925877e-01   0.0000000e+00
   2.9900000e+00   4.5819002e-01   0.0000000e+00
   3.0100000e+00   4.5712126e-01   0.0000000e+00
   3.0300000e+00   4.5605251e-01   0.0000000e+00
   3.0500000e+00   4.5498375e-01   0.0000000e+00
   3.0700000e+00   4.5391500e-01   0.0000000e+00
   3.0900000e+00   4.5284625e-01   0.0000000e+00
   3.1100000e+00   4.5154082e-01   0.0000000e+00
   3.1300000e+00   4.5014655e-01   0.0000000e+00
   3.1500000e+00   4.4866342e-01   0.0000000e+00
   3.1700000e+00   4.4759801e-01   0.0000000e+00
   3.1900000e+00   4.4679811e-01   0.0000000e+00
   3.2100000e+00   4.4626373e-01   0.0000000e+00
   3.2300000e+00   4.4530831e-01   0.0000000e+00
   3.2500000e+00   4.4429621e-01   0.0000000e+00
   3.2700000e+00   4.4322746e-01   0.0000000e+00
   3.2900000e+00   4.4197098e-01   0.0000000e+00
   3.3100000e+00   4.4061224e-01   0.0000000e+00
   3.3300000e+00   4.3915122e-01   0.0000000e+00
   3.3500000e+00   4.3861685e-01   0.0000000e+00
   3.3700000e+00   4.3808247e-01   0.0000000e+00
   3.3900000e+00   4.3754809e-01   0.0000000e+00
   3.4100000e+00   4.3626950e-01   0.0000000e+00
   2.4600000e+00   7.4207269e-01   1.0000000e+00
   2.4800000e+00   7.4055202e-01   1.0000000e+00
   2.5000000e+00   7.3925730e-01   1.0000000e+00
   2.5200000e+00   7.3818855e-01   1.0000000e+00
   2.5400000e+00   7.3661962e-01   1.0000000e+00
   2.5600000e+00   7.3522535e-01   1.0000000e+00
   2.5800000e+00   7.3400572e-01   1.0000000e+00
   2.6000000e+00   7.3293697e-01   1.0000000e+00
   2.6200000e+00   7.3179313e-01   1.0000000e+00
   2.6400000e+00   7.3057419e-01   1.0000000e+00
   2.6600000e+00   7.2897106e-01   1.0000000e+00
   2.6800000e+00   7.2736793e-01   1.0000000e+00
   2.7000000e+00   7.2576480e-01   1.0000000e+00
   2.7200000e+00   7.2416167e-01   1.0000000e+00
   2.7400000e+00   7.2272582e-01   1.0000000e+00
   2.7600000e+00   7.2145725e-01   1.0000000e+00
   2.7800000e+00   7.1995270e-01   1.0000000e+00
   2.8000000e+00   7.1808105e-01   1.0000000e+00
   2.8200000e+00   7.1584231e-01   1.0000000e+00
   2.8400000e+00   7.1317043e-01   1.0000000e+00
   2.8600000e+00   7.0997960e-01   1.0000000e+00
   2.8800000e+00   7.0626982e-01   1.0000000e+00
   2.9000000e+00   7.0333374e-01   1.0000000e+00
   2.9200000e+00   7.0095819e-01   1.0000000e+00
   2.9400000e+00   6.9914315e-01   1.0000000e+00
