   6.0000000e-01   9.5131860e-01   0.0000000e+00
   6.2000000e-01   9.3419711e-01   0.0000000e+00
   6.4000000e-01   9.1418918e-01   0.0000000e+00
   6.6000000e-01   8.9129481e-01   0.0000000e+00
   6.8000000e-01   8.6243844e-01   0.0000000e+00
   7.0000000e-01   8.3517549e-01   0.0000000e+00
   7.2000000e-01   8.0950593e-01   0.0000000e+00
   7.4000000e-01   7.8777613e-01   0.0000000e+00
   7.6000000e-01   7.6835683e-01   0.0000000e+00
   7.8000000e-01   7.5124801e-01   0.0000000e+00
   8.0000000e-01   7.3725701e-01   0.0000000e+00
   8.2000000e-01   7.2197866e-01   0.0000000e+00
   8.4000000e-01   7.0541297e-01   0.0000000e+00
   8.6000000e-01   6.9198514e-01   0.0000000e+00
   8.8000000e-01   6.7940413e-01   0.0000000e+00
   9.0000000e-01   6.6766995e-01   0.0000000e+00
   9.2000000e-01   6.5876520e-01   0.0000000e+00
   9.4000000e-01   6.5101236e-01   0.0000000e+00
   9.6000000e-01   6.4441142e-01   0.0000000e+00
   9.8000000e-01   6.3858959e-01   0.0000000e+00
   1.0000000e+00   6.3300679e-01   0.0000000e+00
   1.0200000e+00   6.2766302e-01   0.0000000e+00
   1.0400000e+00   6.2279328e-01   0.0000000e+00
   1.0600000e+00   6.1795372e-01   0.0000000e+00
   1.0800000e+00   6.1314432e-01   0.0000000e+00
   1.1000000e+00   6.0809423e-01   0.0000000e+00
   1.1200000e+00   6.0295931e-01   0.0000000e+00
   1.1400000e+00   5.9773958e-01   0.0000000e+00
   1.1600000e+00   5.9293756e-01   0.0000000e+00
   1.1800000e+00   5.8839904e-01   0.0000000e+00
   1.2000000e+00   5.8412402e-01   0.0000000e+00
   1.2200000e+00   5.7984901e-01   0.0000000e+00
   1.2400000e+00   5.7541978e-01   0.0000000e+00
   1.2600000e+00   5.7083634e-01   0.0000000e+00
   1.2800000e+00   5.6602695e-01   0.0000000e+00
   1.3000000e+00   5.6118001e-01   0.0000000e+00
   1.3200000e+00   5.5629553e-01   0.0000000e+00
   1.3400000e+00   5.5095176e-01   0.0000000e+00
   1.3600000e+00   5.4634719e-01   0.0000000e+00
   1.3800000e+00   5.4248183e-01   0.0000000e+00
   1.4000000e+00   5.3836505e-01   0.0000000e+00
   1.4200000e+00   5.3416915e-01   0.0000000e+00
   1.4400000e+00   5.2989414e-01   0.0000000e+00
   1.4600000e+00   5.2561912e-01   0.0000000e+00
   1.4800000e+00   5.2137025e-01   0.0000000e+00
   1.5000000e+00   5.1714752e-01   0.0000000e+00
   1.5200000e+00   5.1394126e-01   0.0000000e+00
   1.5400000e+00   5.1073500e-01   0.0000000e+00
   1.5600000e+00   5.0752873e-01   0.0000000e+00
   1.5800000e+00   5.0432247e-01   0.0000000e+00
   1.6000000e+00   5.0111621e-01   0.0000000e+00
   1.6200000e+00   4.9790995e-01   0.0000000e+00
   1.6400000e+00   4.9479755e-01   0.0000000e+00
   1.6600000e+00   4.9190540e-01   0.0000000e+00
   1.6800000e+00   4.8923352e-01   0.0000000e+00
   1.7000000e+00   4.8707321e-01   0.0000000e+00
   1.7200000e+00   4.8472684e-01   0.0000000e+00
   1.7400000e+00   4.8219443e-01   0.0000000e+00
   1.7600000e+00   4.8035728e-01   0.0000000e+00
   1.7800000e+00   4.7882353e-01   0.0000000e+00
   1.8000000e+00   4.7759320e-01   0.0000000e+00
   1.8200000e+00   4.7594515e-01   0.0000000e+00
   1.8400000e+00   4.7405237e-01   0.0000000e+00
   1.8600000e+00   4.7191487e-01   0.0000000e+00
   1.8800000e+00   4.7070262e-01   0.0000000e+00
   1.9000000e+00   4.6956211e-01   0.0000000e+00
   1.9200000e+00   4.6849336e-01   0.0000000e+00
   1.9400000e+00   4.6742460e-01   0.0000000e+00
   1.9600000e+00   4.6635585e-01   0.0000000e+00
   1.9800000e+00   4.6528710e-01   0.0000000e+00
   2.0000000e+00   4.6421834e-01   0.0000000e+00
   2.0200000e+00   4.6314959e-01   0.0000000e+00
   2.0400000e+00   4.6208083e-01   0.0000000e+00
   2.0600000e+00   4.6101208e-01   0.0000000e+00
   2.0800000e+00   4.5979482e-01   0.0000000e+00
   2.1000000e+00   4.5842904e-01   0.0000000e+00
   2.1200000e+00   4.5718662e-01   0.0000000e+00
   2.1400000e+00   4.5629822e-01   0.0000000e+00
   2.1600000e+00   4.5576384e-01   0.0000000e+00
   2.1800000e+00   4.5522947e-01   0.0000000e+00
   2.2000000e+00   4.5445439e-01   0.0000000e+00
   2.2200000e+00   4.5343861e-01   0.0000000e+00
   2.2400000e+00   4.5309933e-01   0.0000000e+00
   2.2600000e+00   4.5280565e-01   0.0000000e+00
   2.2800000e+00   4.5255758e-01   0.0000000e+00
   2.3000000e+00   4.5202320e-01   0.0000000e+00
   2.3200000e+00   4.5149620e-01   0.0000000e+00
   2.3400000e+00   4.5097656e-01   0.0000000e+00
   2.3600000e+00   4.5097656e-01   0.0000000e+00
   2.3800000e+00   4.5097656e-01   0.0000000e+00
   2.4000000e+00   4.5097656e-01   0.0000000e+00
   2.4200000e+00   4.5097656e-01   0.0000000e+00
   2.4400000e+00   4.5087700e-01   0.0000000e+00
   2.4600000e+00   4.5067787e-01   0.0000000e+00
   2.4800000e+00   4.5022596e-01   0.0000000e+00
   2.5000000e+00   4.5000000e-01   0.0000000e+00
   2.5200000e+00   4.5000000e-01   0.0000000e+00
   2.5400000e+00   4.5000000e-01   0.0000000e+00
   2.5600000e+00   4.4980825e-01   0.0000000e+00
   2.5800000e+00   4.4942474e-01   0.0000000e+00
   2.6000000e+00   4.4915720e-01   0.0000000e+00
   2.6200000e+00   4.4894835e-01   0.0000000e+00
   2.6400000e+00   4.4879817e-01   0.0000000e+00
   2.6600000e+00   4.4826379e-01   0.0000000e+00
   2.6800000e+00   4.4772941e-01   0.0000000e+00
   2.7000000e+00   4.4719504e-01   0.0000000e+00
   2.7200000e+00   4.4666066e-01   0.0000000e+00
   2.7400000e+00   4.4612628e-01   0.0000000e+00
   2.7600000e+00   4.4559191e-01   0.0000000e+00
   2.7800000e+00   4.4505753e-01   0.0000000e+00
   2.8000000e+00   4.4452315e-01   0.0000000e+00
   2.8200000e+00   4.4398878e-01   0.0000000e+00
   2.8400000e+00   4.4345440e-01   0.0000000e+00
   2.8600000e+00   4.4266055e-01   0.0000000e+00
   2.8800000e+00   4.4160723e-01   0.0000000e+00
   2.9000000e+00   4.4094075e-01   0.0000000e+00
   2.9200000e+00   4.4034033e-01   0.0000000e+00
   2.9400000e+00   4.3980595e-01   0.0000000e+00
   2.9600000e+00   4.3910262e-01   0.0000000e+00
   2.9800000e+00   4.3824272e-01   0.0000000e+00
   3.0000000e+00   4.3722626e-01   0.0000000e+00
   3.0200000e+00   4.3669188e-01   0.0000000e+00
   3.0400000e+00   4.3592250e-01   0.0000000e+00
   3.0600000e+00   4.3491813e-01   0.0000000e+00
   3.0800000e+00   4.3384937e-01   0.0000000e+00
   3.1000000e+00   4.3289895e-01   0.0000000e+00
   3.1200000e+00   4.3206687e-01   0.0000000e+00
   3.1400000e+00   4.3141249e-01   0.0000000e+00
   3.1600000e+00   4.3055426e-01   0.0000000e+00
   3.1800000e+00   4.2949219e-01   0.0000000e+00
   3.2000000e+00   4.2949219e-01   0.0000000e+00
   3.2200000e+00   4.2907113e-01   0.0000000e+00
   3.2400000e+00   4.2822903e-01   0.0000000e+00
   3.2600000e+00   4.2746466e-01   0.0000000e+00
   3.2800000e+00   4.2681529e-01   0.0000000e+00
   3.3000000e+00   4.2628091e-01   0.0000000e+00
   3.3200000e+00   4.2567548e-01   0.0000000e+00
   3.3400000e+00   4.2483838e-01   0.0000000e+00
   3.3600000e+00   4.2376963e-01   0.0000000e+00
   3.3800000e+00   4.2318965e-01   0.0000000e+00
   3.4000000e+00   4.2263247e-01   0.0000000e+00
   3.4200000e+00   4.2209809e-01   0.0000000e+00
   3.4400000e+00   4.2181916e-01   0.0000000e+00
   3.4600000e+00   4.2154091e-01   0.0000000e+00
   3.4800000e+00   4.2126335e-01   0.0000000e+00
   3.5000000e+00   4.2023883e-01   0.0000000e+00
   3.5200000e+00   4.1972656e-01   0.0000000e+00
   3.5400000e+00   4.1972656e-01   0.0000000e+00
   3.5600000e+00   4.1928674e-01   0.0000000e+00
   3.5800000e+00   4.1896122e-01   0.0000000e+00
   3.6000000e+00   4.1875000e-01   0.0000000e+00
   3.6200000e+00   4.1854350e-01   0.0000000e+00
   2.0400000e+00   7.3240761e-01   1.0000000e+00
   2.0600000e+00   7.3104586e-01   1.0000000e+00
   2.0800000e+00   7.2941492e-01   1.0000000e+00
   2.1000000e+00   7.2751477e-01   1.0000000e+00
   2.1200000e+00   7.2537726e-01   1.0000000e+00
   2.1400000e+00   7.2323975e-01   1.0000000e+00
   2.1600000e+00   7.2110224e-01   1.0000000e+00
   2.1800000e+00   7.1896474e-01   1.0000000e+00
   2.2000000e+00   7.1682723e-01   1.0000000e+00
   2.2200000e+00   7.1468972e-01   1.0000000e+00
   2.2400000e+00   7.1218748e-01   1.0000000e+00
   2.2600000e+00   7.0972445e-01   1.0000000e+00
   2.2800000e+00   7.0730063e-01   1.0000000e+00
   2.3000000e+00   7.0516313e-01   1.0000000e+00
   2.3200000e+00   7.0303299e-01   1.0000000e+00
   2.3400000e+00   7.0091022e-01   1.0000000e+00
   2.3600000e+00   6.9930709e-01   1.0000000e+00
   2.3800000e+00   6.9770396e-01   1.0000000e+00
   2.4000000e+00   6.9610083e-01   1.0000000e+00
   2.4200000e+00   6.9418191e-01   1.0000000e+00
   2.4400000e+00   6.9235282e-01   1.0000000e+00
   2.4600000e+00   6.9061356e-01   1.0000000e+00
   2.4800000e+00   6.8946235e-01   1.0000000e+00
   2.5000000e+00   6.8808517e-01   1.0000000e+00
   2.5200000e+00   6.8648204e-01   1.0000000e+00
   2.5400000e+00   6.8537908e-01   1.0000000e+00
   2.5600000e+00   6.8429323e-01   1.0000000e+00
   2.5800000e+00   6.8322447e-01   1.0000000e+00
   2.6000000e+00   6.8242256e-01   1.0000000e+00
   2.6200000e+00   6.8167933e-01   1.0000000e+00
   2.6400000e+00   6.8099477e-01   1.0000000e+00
   2.6600000e+00   6.7995953e-01   1.0000000e+00
   2.6800000e+00   6.7917473e-01   1.0000000e+00
   2.7000000e+00   6.7864035e-01   1.0000000e+00
   2.7200000e+00   6.7810597e-01   1.0000000e+00
   2.7400000e+00   6.7740431e-01   1.0000000e+00
   2.7600000e+00   6.7653538e-01   1.0000000e+00
   2.7800000e+00   6.7546662e-01   1.0000000e+00
   2.8000000e+00   6.7434725e-01   1.0000000e+00
   2.8200000e+00   6.7317726e-01   1.0000000e+00
   2.8400000e+00   6.7157413e-01   1.0000000e+00
   2.8600000e+00   6.6997100e-01   1.0000000e+00
   2.8800000e+00   6.6836787e-01   1.0000000e+00
   2.9000000e+00   6.6636246e-01   1.0000000e+00
   2.9200000e+00   6.6457661e-01   1.0000000e+00
   2.9400000e+00   6.6301034e-01   1.0000000e+00
   2.9600000e+00   6.6177263e-01   1.0000000e+00
   2.9800000e+00   6.6037836e-01   1.0000000e+00
   3.0000000e+00   6.5882751e-01   1.0000000e+00
   3.0200000e+00   6.5775876e-01   1.0000000e+00
