   6.0000000e-01   9.7182641e-01   0.0000000e+00
   6.2000000e-01   9.5424229e-01   0.0000000e+00
   6.4000000e-01   9.3348307e-01   0.0000000e+00
   6.6000000e-01   9.0954874e-01   0.0000000e+00
   6.8000000e-01   8.8710490e-01   0.0000000e+00
   7.0000000e-01   8.6579921e-01   0.0000000e+00
   7.2000000e-01   8.4563166e-01   0.0000000e+00
   7.4000000e-01   8.2585971e-01   0.0000000e+00
   7.6000000e-01   8.0775222e-01   0.0000000e+00
   7.8000000e-01   7.9130919e-01   0.0000000e+00
   8.0000000e-01   7.7871079e-01   0.0000000e+00
   8.2000000e-01   7.6439593e-01   0.0000000e+00
   8.4000000e-01   7.4836462e-01   0.0000000e+00
   8.6000000e-01   7.3808604e-01   0.0000000e+00
   8.8000000e-01   7.2847964e-01   0.0000000e+00
   9.0000000e-01   7.1954541e-01   0.0000000e+00
   9.2000000e-01   7.1186431e-01   0.0000000e+00
   9.4000000e-01   7.0463681e-01   0.0000000e+00
   9.6000000e-01   6.9786289e-01   0.0000000e+00
   9.8000000e-01   6.9156300e-01   0.0000000e+00
   1.0000000e+00   6.8574117e-01   0.0000000e+00
   1.0200000e+00   6.8039740e-01   0.0000000e+00
   1.0400000e+00   6.7457960e-01   0.0000000e+00
   1.0600000e+00   6.6908899e-01   0.0000000e+00
   1.0800000e+00   6.6392557e-01   0.0000000e+00
   1.1000000e+00   6.5887548e-01   0.0000000e+00
   1.1200000e+00   6.5374056e-01   0.0000000e+00
   1.1400000e+00   6.4852083e-01   0.0000000e+00
   1.1600000e+00   6.4371144e-01   0.0000000e+00
   1.1800000e+00   6.3890204e-01   0.0000000e+00
   1.2000000e+00   6.3409265e-01   0.0000000e+00
   1.2200000e+00   6.2970834e-01   0.0000000e+00
   1.2400000e+00   6.2507026e-01   0.0000000e+00
   1.2600000e+00   6.2017840e-01   0.0000000e+00
   1.2800000e+00   6.1502639e-01   0.0000000e+00
   1.3000000e+00   6.1004568e-01   0.0000000e+00
   1.3200000e+00   6.0523629e-01   0.0000000e+00
   1.3400000e+00   6.0042690e-01   0.0000000e+00
   1.3600000e+00   5.9635671e-01   0.0000000e+00
   1.3800000e+00   5.9302572e-01   0.0000000e+00
   1.4000000e+00   5.8944332e-01   0.0000000e+00
   1.4200000e+00   5.8578180e-01   0.0000000e+00
   1.4400000e+00   5.8204116e-01   0.0000000e+00
   1.4600000e+00   5.7830052e-01   0.0000000e+00
   1.4800000e+00   5.7458603e-01   0.0000000e+00
   1.5000000e+00   5.7089767e-01   0.0000000e+00
   1.5200000e+00   5.6822579e-01   0.0000000e+00
   1.5400000e+00   5.6555390e-01   0.0000000e+00
   1.5600000e+00   5.6288202e-01   0.0000000e+00
   1.5800000e+00   5.6053732e-01   0.0000000e+00
   1.6000000e+00   5.5819096e-01   0.0000000e+00
   1.6200000e+00   5.5584292e-01   0.0000000e+00
   1.6400000e+00   5.5326490e-01   0.0000000e+00
   1.6600000e+00   5.5090714e-01   0.0000000e+00
   1.6800000e+00   5.4876963e-01   0.0000000e+00
   1.7000000e+00   5.4714369e-01   0.0000000e+00
   1.7200000e+00   5.4533171e-01   0.0000000e+00
   1.7400000e+00   5.4333367e-01   0.0000000e+00
   1.7600000e+00   5.4119616e-01   0.0000000e+00
   1.7800000e+00   5.3913944e-01   0.0000000e+00
   1.8000000e+00   5.3716351e-01   0.0000000e+00
   1.8200000e+00   5.3551546e-01   0.0000000e+00
   1.8400000e+00   5.3362269e-01   0.0000000e+00
   1.8600000e+00   5.3148518e-01   0.0000000e+00
   1.8800000e+00   5.2888504e-01   0.0000000e+00
   1.9000000e+00   5.2642201e-01   0.0000000e+00
   1.9200000e+00   5.2409609e-01   0.0000000e+00
   1.9400000e+00   5.2195858e-01   0.0000000e+00
   1.9600000e+00   5.1982108e-01   0.0000000e+00
   1.9800000e+00   5.1768357e-01   0.0000000e+00
   2.0000000e+00   5.1554606e-01   0.0000000e+00
   2.0200000e+00   5.1367373e-01   0.0000000e+00
   2.0400000e+00   5.1206656e-01   0.0000000e+00
   2.0600000e+00   5.1004975e-01   0.0000000e+00
   2.0800000e+00   5.0797259e-01   0.0000000e+00
   2.1000000e+00   5.0583508e-01   0.0000000e+00
   2.1200000e+00   5.0369757e-01   0.0000000e+00
   2.1400000e+00   5.0156006e-01   0.0000000e+00
   2.1600000e+00   4.9942256e-01   0.0000000e+00
   2.1800000e+00   4.9728505e-01   0.0000000e+00
   2.2000000e+00   4.9538824e-01   0.0000000e+00
   2.2200000e+00   4.9373213e-01   0.0000000e+00
   2.2400000e+00   4.9176427e-01   0.0000000e+00
   2.2600000e+00   4.8995965e-01   0.0000000e+00
   2.2800000e+00   4.8831829e-01   0.0000000e+00
   2.3000000e+00   4.8724953e-01   0.0000000e+00
   2.3200000e+00   4.8617341e-01   0.0000000e+00
   2.3400000e+00   4.8508991e-01   0.0000000e+00
   2.3600000e+00   4.8348678e-01   0.0000000e+00
   2.3800000e+00   4.8209987e-01   0.0000000e+00
   2.4000000e+00   4.8092920e-01   0.0000000e+00
   2.4200000e+00   4.7986044e-01   0.0000000e+00
   2.4400000e+00   4.7869213e-01   0.0000000e+00
   2.4600000e+00   4.7742425e-01   0.0000000e+00
   2.4800000e+00   4.7590358e-01   0.0000000e+00
   2.5000000e+00   4.7460886e-01   0.0000000e+00
   2.5200000e+00   4.7354011e-01   0.0000000e+00
   2.5400000e+00   4.7247136e-01   0.0000000e+00
   2.5600000e+00   4.7140260e-01   0.0000000e+00
   2.5800000e+00   4.7033385e-01   0.0000000e+00
   2.6000000e+00   4.6873141e-01   0.0000000e+00
   2.6200000e+00   4.6701161e-01   0.0000000e+00
   2.6400000e+00   4.6517446e-01   0.0000000e+00
   2.6600000e+00   4.6410571e-01   0.0000000e+00
   2.6800000e+00   4.6303695e-01   0.0000000e+00
   2.7000000e+00   4.6196820e-01   0.0000000e+00
   2.7200000e+00   4.6089945e-01   0.0000000e+00
   2.7400000e+00   4.5949613e-01   0.0000000e+00
   2.7600000e+00   4.5775825e-01   0.0000000e+00
   2.7800000e+00   4.5605654e-01   0.0000000e+00
   2.8000000e+00   4.5467130e-01   0.0000000e+00
   2.8200000e+00   4.5360255e-01   0.0000000e+00
   2.8400000e+00   4.5253380e-01   0.0000000e+00
   2.8600000e+00   4.5146504e-01   0.0000000e+00
   2.8800000e+00   4.5039629e-01   0.0000000e+00
   2.9000000e+00   4.4932753e-01   0.0000000e+00
   2.9200000e+00   4.4840159e-01   0.0000000e+00
   2.9400000e+00   4.4761845e-01   0.0000000e+00
   2.9600000e+00   4.4674617e-01   0.0000000e+00
   2.9800000e+00   4.4553461e-01   0.0000000e+00
   3.0000000e+00   4.4398376e-01   0.0000000e+00
   3.0200000e+00   4.4291501e-01   0.0000000e+00
   3.0400000e+00   4.4184625e-01   0.0000000e+00
   3.0600000e+00   4.4077750e-01   0.0000000e+00
   3.0800000e+00   4.3970875e-01   0.0000000e+00
   3.1000000e+00   4.3863999e-01   0.0000000e+00
   3.1200000e+00   4.3757124e-01   0.0000000e+00
   3.1400000e+00   4.3638248e-01   0.0000000e+00
   3.1600000e+00   4.3498820e-01   0.0000000e+00
   3.1800000e+00   4.3338841e-01   0.0000000e+00
   3.2000000e+00   4.3231966e-01   0.0000000e+00
   3.2200000e+00   4.3125091e-01   0.0000000e+00
   3.2400000e+00   4.3018215e-01   0.0000000e+00
   3.2600000e+00   4.2911340e-01   0.0000000e+00
   3.2800000e+00   4.2804464e-01   0.0000000e+00
   3.3000000e+00   4.2697589e-01   0.0000000e+00
   3.3200000e+00   4.2597820e-01   0.0000000e+00
   3.3400000e+00   4.2521216e-01   0.0000000e+00
   3.3600000e+00   4.2467778e-01   0.0000000e+00
   3.3800000e+00   4.2414341e-01   0.0000000e+00
   3.4000000e+00   4.2342297e-01   0.0000000e+00
   3.4200000e+00   4.2251649e-01   0.0000000e+00
   3.4400000e+00   4.2144774e-01   0.0000000e+00
   3.4600000e+00   4.2044837e-01   0.0000000e+00
   3.4800000e+00   4.1951839e-01   0.0000000e+00
   3.5000000e+00   4.1896190e-01   0.0000000e+00
   3.5200000e+00   4.1814928e-01   0.0000000e+00
   3.5400000e+00   4.1708053e-01   0.0000000e+00
   3.5600000e+00   4.1601177e-01   0.0000000e+00
   3.5800000e+00   4.1510460e-01   0.0000000e+00
   3.6000000e+00   4.1435901e-01   0.0000000e+00
   3.6200000e+00   4.1403113e-01   0.0000000e+00
   3.6400000e+00   4.1386719e-01   0.0000000e+00
   3.6600000e+00   4.1386719e-01   0.0000000e+00
   3.6800000e+00   4.1386719e-01   0.0000000e+00
   3.7000000e+00   4.1386719e-01   0.0000000e+00
   3.7200000e+00   4.1386719e-01   0.0000000e+00
   3.7400000e+00   4.1464895e-01   0.0000000e+00
   3.7600000e+00   4.1557420e-01   0.0000000e+00
   3.7800000e+00   4.1664296e-01   0.0000000e+00
   2.1600000e+00   7.4551631e-01   1.0000000e+00
   2.1800000e+00   7.4337880e-01   1.0000000e+00
   2.2000000e+00   7.4100059e-01   1.0000000e+00
   2.2200000e+00   7.3838168e-01   1.0000000e+00
   2.2400000e+00   7.3534506e-01   1.0000000e+00
   2.2600000e+00   7.3234765e-01   1.0000000e+00
   2.2800000e+00   7.2938946e-01   1.0000000e+00
   2.3000000e+00   7.2671758e-01   1.0000000e+00
   2.3200000e+00   7.2403832e-01   1.0000000e+00
   2.3400000e+00   7.2135169e-01   1.0000000e+00
   2.3600000e+00   7.1814543e-01   1.0000000e+00
   2.3800000e+00   7.1515540e-01   1.0000000e+00
   2.4000000e+00   7.1238159e-01   1.0000000e+00
   2.4200000e+00   7.1002549e-01   1.0000000e+00
   2.4400000e+00   7.0757957e-01   1.0000000e+00
   2.4600000e+00   7.0504381e-01   1.0000000e+00
   2.4800000e+00   7.0208493e-01   1.0000000e+00
   2.5000000e+00   6.9980392e-01   1.0000000e+00
   2.5200000e+00   6.9820079e-01   1.0000000e+00
   2.5400000e+00   6.9609749e-01   1.0000000e+00
   2.5600000e+00   6.9416884e-01   1.0000000e+00
   2.5800000e+00   6.9241484e-01   1.0000000e+00
   2.6000000e+00   6.9081170e-01   1.0000000e+00
   2.6200000e+00   6.8913348e-01   1.0000000e+00
   2.6400000e+00   6.8738017e-01   1.0000000e+00
   2.6600000e+00   6.8527618e-01   1.0000000e+00
   2.6800000e+00   6.8342262e-01   1.0000000e+00
   2.7000000e+00   6.8181949e-01   1.0000000e+00
   2.7200000e+00   6.7976513e-01   1.0000000e+00
   2.7400000e+00   6.7783648e-01   1.0000000e+00
   2.7600000e+00   6.7603353e-01   1.0000000e+00
   2.7800000e+00   6.7421250e-01   1.0000000e+00
   2.8000000e+00   6.7233447e-01   1.0000000e+00
   2.8200000e+00   6.7039942e-01   1.0000000e+00
   2.8400000e+00   6.6933067e-01   1.0000000e+00
   2.8600000e+00   6.6800244e-01   1.0000000e+00
   2.8800000e+00   6.6641474e-01   1.0000000e+00
   2.9000000e+00   6.6481161e-01   1.0000000e+00
   2.9200000e+00   6.6349410e-01   1.0000000e+00
   2.9400000e+00   6.6246220e-01   1.0000000e+00
   2.9600000e+00   6.6158992e-01   1.0000000e+00
   2.9800000e+00   6.6040450e-01   1.0000000e+00
   3.0000000e+00   6.5890594e-01   1.0000000e+00
   3.0200000e+00   6.5837157e-01   1.0000000e+00
   3.0400000e+00   6.5736719e-01   1.0000000e+00
   3.0600000e+00   6.5589281e-01   1.0000000e+00
   3.0800000e+00   6.5499635e-01   1.0000000e+00
   3.1000000e+00   6.5404426e-01   1.0000000e+00
   3.1200000e+00   6.5303655e-01   1.0000000e+00
   3.1400000e+00   6.5155342e-01   1.0000000e+00
   3.1600000e+00   6.5027748e-01   1.0000000e+00
   3.1800000e+00   6.4920873e-01   1.0000000e+00
   3.2000000e+00   6.4813997e-01   1.0000000e+00
   3.2200000e+00   6.4665017e-01   1.0000000e+00
   3.2400000e+00   6.4473930e-01   1.0000000e+00
   3.2600000e+00   6.4321057e-01   1.0000000e+00
   3.2800000e+00   6.4191183e-01   1.0000000e+00
   3.3000000e+00   6.4084308e-01   1.0000000e+00
   3.3200000e+00   6.3970326e-01   1.0000000e+00
   3.3400000e+00   6.3833179e-01   1.0000000e+00
   3.3600000e+00   6.3672866e-01   1.0000000e+00
   3.3800000e+00   6.3561430e-01   1.0000000e+00
   3.4000000e+00   6.3452274e-01   1.0000000e+00
   3.4200000e+00   6.3345399e-01   1.0000000e+00
   3.4400000e+00   6.3264068e-01   1.0000000e+00
   3.4600000e+00   6.3189745e-01   1.0000000e+00
   3.4800000e+00   6.3122429e-01   1.0000000e+00
   3.5000000e+00   6.3015554e-01   1.0000000e+00
   3.5200000e+00   6.2908678e-01   1.0000000e+00
   3.5400000e+00   6.2801803e-01   1.0000000e+00
   3.5600000e+00   6.2606962e-01   1.0000000e+00
   3.5800000e+00   6.2418825e-01   1.0000000e+00
   3.6000000e+00   6.2237390e-01   1.0000000e+00
   3.6200000e+00   6.2056427e-01   1.0000000e+00
   3.6400000e+00   6.1868054e-01   1.0000000e+00
   3.6600000e+00   6.1672269e-01   1.0000000e+00
   3.6800000e+00   6.1565394e-01   1.0000000e+00
