   6.0000000e-01   9.5538879e-01   0.0000000e+00
   6.2000000e-01   9.3766117e-01   0.0000000e+00
   6.4000000e-01   9.1754228e-01   0.0000000e+00
   6.6000000e-01   8.9503210e-01   0.0000000e+00
   6.8000000e-01   8.6457261e-01   0.0000000e+00
   7.0000000e-01   8.3707229e-01   0.0000000e+00
   7.2000000e-01   8.1253115e-01   0.0000000e+00
   7.4000000e-01   7.9071152e-01   0.0000000e+00
   7.6000000e-01   7.7082389e-01   0.0000000e+00
   7.8000000e-01   7.5286825e-01   0.0000000e+00
   8.0000000e-01   7.3834286e-01   0.0000000e+00
   8.2000000e-01   7.2253014e-01   0.0000000e+00
   8.4000000e-01   7.0543007e-01   0.0000000e+00
   8.6000000e-01   6.9199084e-01   0.0000000e+00
   8.8000000e-01   6.7920097e-01   0.0000000e+00
   9.0000000e-01   6.6706048e-01   0.0000000e+00
   9.2000000e-01   6.5762136e-01   0.0000000e+00
   9.4000000e-01   6.4942063e-01   0.0000000e+00
   9.6000000e-01   6.4245830e-01   0.0000000e+00
   9.8000000e-01   6.3663647e-01   0.0000000e+00
   1.0000000e+00   6.3105367e-01   0.0000000e+00
   1.0200000e+00   6.2570990e-01   0.0000000e+00
   1.0400000e+00   6.2036613e-01   0.0000000e+00
   1.0600000e+00   6.1520104e-01   0.0000000e+00
   1.0800000e+00   6.1021463e-01   0.0000000e+00
   1.1000000e+00   6.0564594e-01   0.0000000e+00
   1.1200000e+00   6.0110005e-01   0.0000000e+00
   1.1400000e+00   5.9657696e-01   0.0000000e+00
   1.1600000e+00   5.9124793e-01   0.0000000e+00
   1.1800000e+00   5.8644591e-01   0.0000000e+00
   1.2000000e+00   5.8217090e-01   0.0000000e+00
   1.2200000e+00   5.7789588e-01   0.0000000e+00
   1.2400000e+00   5.7346665e-01   0.0000000e+00
   1.2600000e+00   5.6888322e-01   0.0000000e+00
   1.2800000e+00   5.6407383e-01   0.0000000e+00
   1.3000000e+00   5.5926443e-01   0.0000000e+00
   1.3200000e+00   5.5445504e-01   0.0000000e+00
   1.3400000e+00   5.4964565e-01   0.0000000e+00
   1.3600000e+00   5.4508265e-01   0.0000000e+00
   1.3800000e+00   5.4076606e-01   0.0000000e+00
   1.4000000e+00   5.3611491e-01   0.0000000e+00
   1.4200000e+00   5.3151437e-01   0.0000000e+00
   1.4400000e+00   5.2696445e-01   0.0000000e+00
   1.4600000e+00   5.2283224e-01   0.0000000e+00
   1.4800000e+00   5.1888275e-01   0.0000000e+00
   1.5000000e+00   5.1511596e-01   0.0000000e+00
   1.5200000e+00   5.1084095e-01   0.0000000e+00
   1.5400000e+00   5.0700979e-01   0.0000000e+00
   1.5600000e+00   5.0362248e-01   0.0000000e+00
   1.5800000e+00   5.0041622e-01   0.0000000e+00
   1.6000000e+00   4.9742049e-01   0.0000000e+00
   1.6200000e+00   4.9463528e-01   0.0000000e+00
   1.6400000e+00   4.9231004e-01   0.0000000e+00
   1.6600000e+00   4.8954430e-01   0.0000000e+00
   1.6800000e+00   4.8633803e-01   0.0000000e+00
   1.7000000e+00   4.8415492e-01   0.0000000e+00
   1.7200000e+00   4.8199461e-01   0.0000000e+00
   1.7400000e+00   4.7985710e-01   0.0000000e+00
   1.7600000e+00   4.7799784e-01   0.0000000e+00
   1.7800000e+00   4.7618585e-01   0.0000000e+00
   1.8000000e+00   4.7442114e-01   0.0000000e+00
   1.8200000e+00   4.7237346e-01   0.0000000e+00
   1.8400000e+00   4.7081525e-01   0.0000000e+00
   1.8600000e+00   4.6974650e-01   0.0000000e+00
   1.8800000e+00   4.6867774e-01   0.0000000e+00
   1.9000000e+00   4.6743601e-01   0.0000000e+00
   1.9200000e+00   4.6602129e-01   0.0000000e+00
   1.9400000e+00   4.6464746e-01   0.0000000e+00
   1.9600000e+00   4.6342616e-01   0.0000000e+00
   1.9800000e+00   4.6235741e-01   0.0000000e+00
   2.0000000e+00   4.6128866e-01   0.0000000e+00
   2.0200000e+00   4.6021990e-01   0.0000000e+00
   2.0400000e+00   4.5915115e-01   0.0000000e+00
   2.0600000e+00   4.5808239e-01   0.0000000e+00
   2.0800000e+00   4.5716215e-01   0.0000000e+00
   2.1000000e+00   4.5639041e-01   0.0000000e+00
   2.1200000e+00   4.5585603e-01   0.0000000e+00
   2.1400000e+00   4.5528981e-01   0.0000000e+00
   2.1600000e+00   4.5469175e-01   0.0000000e+00
   2.1800000e+00   4.5362299e-01   0.0000000e+00
   2.2000000e+00   4.5255424e-01   0.0000000e+00
   2.2200000e+00   4.5148548e-01   0.0000000e+00
   2.2400000e+00   4.5114620e-01   0.0000000e+00
   2.2600000e+00   4.5097656e-01   0.0000000e+00
   2.2800000e+00   4.5097656e-01   0.0000000e+00
   2.3000000e+00   4.5084516e-01   0.0000000e+00
   2.3200000e+00   4.5051963e-01   0.0000000e+00
   2.3400000e+00   4.5000000e-01   0.0000000e+00
   2.3600000e+00   4.5000000e-01   0.0000000e+00
   2.3800000e+00   4.5000000e-01   0.0000000e+00
   2.4000000e+00   4.5000000e-01   0.0000000e+00
   2.4200000e+00   4.5000000e-01   0.0000000e+00
   2.4400000e+00   4.5000000e-01   0.0000000e+00
   2.4600000e+00   4.5000000e-01   0.0000000e+00
   2.4800000e+00   4.5000000e-01   0.0000000e+00
   2.5000000e+00   4.5000000e-01   0.0000000e+00
   2.5200000e+00   4.5000000e-01   0.0000000e+00
   2.5400000e+00   4.5000000e-01   0.0000000e+00
   2.5600000e+00   4.4980825e-01   0.0000000e+00
   2.5800000e+00   4.4942474e-01   0.0000000e+00
   2.6000000e+00   4.4915720e-01   0.0000000e+00
   2.6200000e+00   4.4902344e-01   0.0000000e+00
   2.6400000e+00   4.4902344e-01   0.0000000e+00
   2.6600000e+00   4.4895641e-01   0.0000000e+00
   2.6800000e+00   4.4838852e-01   0.0000000e+00
   2.7000000e+00   4.4731976e-01   0.0000000e+00
   2.7200000e+00   4.4715346e-01   0.0000000e+00
   2.7400000e+00   4.4690303e-01   0.0000000e+00
   2.7600000e+00   4.4656847e-01   0.0000000e+00
   2.7800000e+00   4.4603409e-01   0.0000000e+00
   2.8000000e+00   4.4549971e-01   0.0000000e+00
   2.8200000e+00   4.4496534e-01   0.0000000e+00
   2.8400000e+00   4.4443096e-01   0.0000000e+00
   2.8600000e+00   4.4363711e-01   0.0000000e+00
   2.8800000e+00   4.4258379e-01   0.0000000e+00
   2.9000000e+00   4.4191731e-01   0.0000000e+00
   2.9200000e+00   4.4131689e-01   0.0000000e+00
   2.9400000e+00   4.4078251e-01   0.0000000e+00
   2.9600000e+00   4.4007918e-01   0.0000000e+00
   2.9800000e+00   4.3919314e-01   0.0000000e+00
   3.0000000e+00   4.3812439e-01   0.0000000e+00
   3.0200000e+00   4.3705563e-01   0.0000000e+00
   3.0400000e+00   4.3622188e-01   0.0000000e+00
   3.0600000e+00   4.3562313e-01   0.0000000e+00
   3.0800000e+00   4.3473541e-01   0.0000000e+00
   3.1000000e+00   4.3375718e-01   0.0000000e+00
   3.1200000e+00   4.3268843e-01   0.0000000e+00
   3.1400000e+00   4.3185968e-01   0.0000000e+00
   3.1600000e+00   4.3144197e-01   0.0000000e+00
   3.1800000e+00   4.3143529e-01   0.0000000e+00
   3.2000000e+00   4.3036653e-01   0.0000000e+00
   3.2200000e+00   4.2950831e-01   0.0000000e+00
   3.2400000e+00   4.2886061e-01   0.0000000e+00
   3.2600000e+00   4.2832623e-01   0.0000000e+00
   3.2800000e+00   4.2769799e-01   0.0000000e+00
   3.3000000e+00   4.2697589e-01   0.0000000e+00
   3.3200000e+00   4.2597820e-01   0.0000000e+00
   3.3400000e+00   4.2521216e-01   0.0000000e+00
   3.3600000e+00   4.2467778e-01   0.0000000e+00
   3.3800000e+00   4.2414341e-01   0.0000000e+00
   3.4000000e+00   4.2342297e-01   0.0000000e+00
   3.4200000e+00   4.2251649e-01   0.0000000e+00
   3.4400000e+00   4.2195862e-01   0.0000000e+00
   3.4600000e+00   4.2154091e-01   0.0000000e+00
   3.4800000e+00   4.2126335e-01   0.0000000e+00
   3.5000000e+00   4.2023883e-01   0.0000000e+00
   3.5200000e+00   4.1972656e-01   0.0000000e+00
   3.5400000e+00   4.1972656e-01   0.0000000e+00
   3.5600000e+00   4.1928674e-01   0.0000000e+00
   3.5800000e+00   4.1879964e-01   0.0000000e+00
   3.6000000e+00   4.1826526e-01   0.0000000e+00
   3.6200000e+00   4.1814387e-01   0.0000000e+00
   3.6400000e+00   4.1826054e-01   0.0000000e+00
   3.6600000e+00   4.1861525e-01   0.0000000e+00
   3.6800000e+00   4.1808087e-01   0.0000000e+00
   3.7000000e+00   4.1703895e-01   0.0000000e+00
   3.7200000e+00   4.1548949e-01   0.0000000e+00
   2.0400000e+00   7.3099761e-01   1.0000000e+00
   2.0600000e+00   7.2927378e-01   1.0000000e+00
   2.0800000e+00   7.2716477e-01   1.0000000e+00
   2.1000000e+00   7.2467059e-01   1.0000000e+00
   2.1200000e+00   7.2182503e-01   1.0000000e+00
   2.1400000e+00   7.1930166e-01   1.0000000e+00
   2.1600000e+00   7.1710046e-01   1.0000000e+00
   2.1800000e+00   7.1442858e-01   1.0000000e+00
   2.2000000e+00   7.1175669e-01   1.0000000e+00
   2.2200000e+00   7.0908481e-01   1.0000000e+00
   2.2400000e+00   7.0677766e-01   1.0000000e+00
   2.2600000e+00   7.0455533e-01   1.0000000e+00
   2.2800000e+00   7.0241782e-01   1.0000000e+00
   2.3000000e+00   7.0028031e-01   1.0000000e+00
   2.3200000e+00   6.9814280e-01   1.0000000e+00
   2.3400000e+00   6.9600530e-01   1.0000000e+00
   2.3600000e+00   6.9386779e-01   1.0000000e+00
   2.3800000e+00   6.9173028e-01   1.0000000e+00
   2.4000000e+00   6.8959277e-01   1.0000000e+00
   2.4200000e+00   6.8777105e-01   1.0000000e+00
   2.4400000e+00   6.8615819e-01   1.0000000e+00
   2.4600000e+00   6.8475419e-01   1.0000000e+00
   2.4800000e+00   6.8376789e-01   1.0000000e+00
   2.5000000e+00   6.8300756e-01   1.0000000e+00
   2.5200000e+00   6.8247318e-01   1.0000000e+00
   2.5400000e+00   6.8193880e-01   1.0000000e+00
   2.5600000e+00   6.8140443e-01   1.0000000e+00
   2.5800000e+00   6.8087005e-01   1.0000000e+00
   2.6000000e+00   6.8060252e-01   1.0000000e+00
   2.6200000e+00   6.8039366e-01   1.0000000e+00
   2.6400000e+00   6.8024348e-01   1.0000000e+00
   2.6600000e+00   6.7967559e-01   1.0000000e+00
   2.6800000e+00   6.7885727e-01   1.0000000e+00
   2.7000000e+00   6.7778851e-01   1.0000000e+00
   2.7200000e+00   6.7762221e-01   1.0000000e+00
   2.7400000e+00   6.7703722e-01   1.0000000e+00
   2.7600000e+00   6.7603353e-01   1.0000000e+00
   2.7800000e+00   6.7464830e-01   1.0000000e+00
   2.8000000e+00   6.7337069e-01   1.0000000e+00
   2.8200000e+00   6.7220070e-01   1.0000000e+00
   2.8400000e+00   6.7059757e-01   1.0000000e+00
   2.8600000e+00   6.6899444e-01   1.0000000e+00
   2.8800000e+00   6.6739131e-01   1.0000000e+00
   2.9000000e+00   6.6578818e-01   1.0000000e+00
   2.9200000e+00   6.6432785e-01   1.0000000e+00
   2.9400000e+00   6.6301034e-01   1.0000000e+00
