   6.0000000e-01   9.4359161e-01   0.0000000e+00
   6.2000000e-01   9.2257527e-01   0.0000000e+00
   6.4000000e-01   8.9880154e-01   0.0000000e+00
   6.6000000e-01   8.7227041e-01   0.0000000e+00
   6.8000000e-01   8.4822344e-01   0.0000000e+00
   7.0000000e-01   8.2645276e-01   0.0000000e+00
   7.2000000e-01   8.0695837e-01   0.0000000e+00
   7.4000000e-01   7.8791658e-01   0.0000000e+00
   7.6000000e-01   7.6966461e-01   0.0000000e+00
   7.8000000e-01   7.5220246e-01   0.0000000e+00
   8.0000000e-01   7.3734517e-01   0.0000000e+00
   8.2000000e-01   7.2270243e-01   0.0000000e+00
   8.4000000e-01   7.0827425e-01   0.0000000e+00
   8.6000000e-01   6.9959880e-01   0.0000000e+00
   8.8000000e-01   6.9118922e-01   0.0000000e+00
   9.0000000e-01   6.8304550e-01   0.0000000e+00
   9.2000000e-01   6.7589878e-01   0.0000000e+00
   9.4000000e-01   6.6920565e-01   0.0000000e+00
   9.6000000e-01   6.6296611e-01   0.0000000e+00
   9.8000000e-01   6.5708796e-01   0.0000000e+00
   1.0000000e+00   6.5120982e-01   0.0000000e+00
   1.0200000e+00   6.4533167e-01   0.0000000e+00
   1.0400000e+00   6.3992755e-01   0.0000000e+00
   1.0600000e+00   6.3455361e-01   0.0000000e+00
   1.0800000e+00   6.2920984e-01   0.0000000e+00
   1.1000000e+00   6.2410677e-01   0.0000000e+00
   1.1200000e+00   6.1915054e-01   0.0000000e+00
   1.1400000e+00   6.1434114e-01   0.0000000e+00
   1.1600000e+00   6.0953175e-01   0.0000000e+00
   1.1800000e+00   6.0472236e-01   0.0000000e+00
   1.2000000e+00   5.9991296e-01   0.0000000e+00
   1.2200000e+00   5.9552865e-01   0.0000000e+00
   1.2400000e+00   5.9089057e-01   0.0000000e+00
   1.2600000e+00   5.8599872e-01   0.0000000e+00
   1.2800000e+00   5.8103845e-01   0.0000000e+00
   1.3000000e+00   5.7642082e-01   0.0000000e+00
   1.3200000e+00   5.7214580e-01   0.0000000e+00
   1.3400000e+00   5.6787078e-01   0.0000000e+00
   1.3600000e+00   5.6408857e-01   0.0000000e+00
   1.3800000e+00   5.6079916e-01   0.0000000e+00
   1.4000000e+00   5.5721676e-01   0.0000000e+00
   1.4200000e+00   5.5355524e-01   0.0000000e+00
   1.4400000e+00   5.4981460e-01   0.0000000e+00
   1.4600000e+00   5.4635957e-01   0.0000000e+00
   1.4800000e+00   5.4328305e-01   0.0000000e+00
   1.5000000e+00   5.4058502e-01   0.0000000e+00
   1.5200000e+00   5.3737876e-01   0.0000000e+00
   1.5400000e+00   5.3439442e-01   0.0000000e+00
   1.5600000e+00   5.3163202e-01   0.0000000e+00
   1.5800000e+00   5.2928732e-01   0.0000000e+00
   1.6000000e+00   5.2704622e-01   0.0000000e+00
   1.6200000e+00   5.2490872e-01   0.0000000e+00
   1.6400000e+00   5.2267734e-01   0.0000000e+00
   1.6600000e+00   5.2022572e-01   0.0000000e+00
   1.6800000e+00   5.1755383e-01   0.0000000e+00
   1.7000000e+00   5.1539352e-01   0.0000000e+00
   1.7200000e+00   5.1324461e-01   0.0000000e+00
   1.7400000e+00   5.1110710e-01   0.0000000e+00
   1.7600000e+00   5.0896959e-01   0.0000000e+00
   1.7800000e+00   5.0683209e-01   0.0000000e+00
   1.8000000e+00   5.0469458e-01   0.0000000e+00
   1.8200000e+00   5.0255707e-01   0.0000000e+00
   1.8400000e+00   5.0041956e-01   0.0000000e+00
   1.8600000e+00   4.9828205e-01   0.0000000e+00
   1.8800000e+00   4.9568192e-01   0.0000000e+00
   1.9000000e+00   4.9339187e-01   0.0000000e+00
   1.9200000e+00   4.9141191e-01   0.0000000e+00
   1.9400000e+00   4.8957948e-01   0.0000000e+00
   1.9600000e+00   4.8765083e-01   0.0000000e+00
   1.9800000e+00   4.8562596e-01   0.0000000e+00
   2.0000000e+00   4.8402283e-01   0.0000000e+00
   2.0200000e+00   4.8268487e-01   0.0000000e+00
   2.0400000e+00   4.8161208e-01   0.0000000e+00
   2.0600000e+00   4.8012965e-01   0.0000000e+00
   2.0800000e+00   4.7858686e-01   0.0000000e+00
   2.1000000e+00   4.7698373e-01   0.0000000e+00
   2.1200000e+00   4.7574131e-01   0.0000000e+00
   2.1400000e+00   4.7482106e-01   0.0000000e+00
   2.1600000e+00   4.7422300e-01   0.0000000e+00
   2.1800000e+00   4.7315424e-01   0.0000000e+00
   2.2000000e+00   4.7208549e-01   0.0000000e+00
   2.2200000e+00   4.7101674e-01   0.0000000e+00
   2.2400000e+00   4.6994798e-01   0.0000000e+00
   2.2600000e+00   4.6887923e-01   0.0000000e+00
   2.2800000e+00   4.6781047e-01   0.0000000e+00
   2.3000000e+00   4.6674172e-01   0.0000000e+00
   2.3200000e+00   4.6568034e-01   0.0000000e+00
   2.3400000e+00   4.6462632e-01   0.0000000e+00
   2.3600000e+00   4.6409195e-01   0.0000000e+00
   2.3800000e+00   4.6312511e-01   0.0000000e+00
   2.4000000e+00   4.6172583e-01   0.0000000e+00
   2.4200000e+00   4.6075428e-01   0.0000000e+00
   2.4400000e+00   4.5990175e-01   0.0000000e+00
   2.4600000e+00   4.5916825e-01   0.0000000e+00
   2.4800000e+00   4.5809949e-01   0.0000000e+00
   2.5000000e+00   4.5703074e-01   0.0000000e+00
   2.5200000e+00   4.5596199e-01   0.0000000e+00
   2.5400000e+00   4.5539341e-01   0.0000000e+00
   2.5600000e+00   4.5445842e-01   0.0000000e+00
   2.5800000e+00   4.5315702e-01   0.0000000e+00
   2.6000000e+00   4.5208758e-01   0.0000000e+00
   2.6200000e+00   4.5121058e-01   0.0000000e+00
   2.6400000e+00   4.5052602e-01   0.0000000e+00
   2.6600000e+00   4.4945727e-01   0.0000000e+00
   2.6800000e+00   4.4838852e-01   0.0000000e+00
   2.7000000e+00   4.4731976e-01   0.0000000e+00
   2.7200000e+00   4.4670224e-01   0.0000000e+00
   2.7400000e+00   4.4595900e-01   0.0000000e+00
   2.7600000e+00   4.4509006e-01   0.0000000e+00
   2.7800000e+00   4.4423921e-01   0.0000000e+00
   2.8000000e+00   4.4349597e-01   0.0000000e+00
   2.8200000e+00   4.4286036e-01   0.0000000e+00
   2.8400000e+00   4.4179161e-01   0.0000000e+00
   2.8600000e+00   4.4072285e-01   0.0000000e+00
   2.8800000e+00   4.3965410e-01   0.0000000e+00
   2.9000000e+00   4.3938991e-01   0.0000000e+00
   2.9200000e+00   4.3897220e-01   0.0000000e+00
   2.9400000e+00   4.3840096e-01   0.0000000e+00
   2.9600000e+00   4.3733221e-01   0.0000000e+00
   2.9800000e+00   4.3626346e-01   0.0000000e+00
   3.0000000e+00   4.3519470e-01   0.0000000e+00
   3.0200000e+00   4.3412595e-01   0.0000000e+00
   3.0400000e+00   4.3329219e-01   0.0000000e+00
   3.0600000e+00   4.3269344e-01   0.0000000e+00
   3.0800000e+00   4.3215906e-01   0.0000000e+00
   3.1000000e+00   4.3150635e-01   0.0000000e+00
   3.1200000e+00   4.3073530e-01   0.0000000e+00
   3.1400000e+00   4.2978655e-01   0.0000000e+00
   3.1600000e+00   4.2904499e-01   0.0000000e+00
   3.1800000e+00   4.2851061e-01   0.0000000e+00
   3.2000000e+00   4.2797624e-01   0.0000000e+00
   3.2200000e+00   4.2723133e-01   0.0000000e+00
   3.2400000e+00   4.2627590e-01   0.0000000e+00
   3.2600000e+00   4.2551154e-01   0.0000000e+00
   3.2800000e+00   4.2486217e-01   0.0000000e+00
   3.3000000e+00   4.2432779e-01   0.0000000e+00
   3.3200000e+00   4.2372235e-01   0.0000000e+00
   3.3400000e+00   4.2288526e-01   0.0000000e+00
   3.3600000e+00   4.2181650e-01   0.0000000e+00
   3.3800000e+00   4.2123652e-01   0.0000000e+00
   3.4000000e+00   4.2067934e-01   0.0000000e+00
   3.4200000e+00   4.2014496e-01   0.0000000e+00
   3.4400000e+00   4.1935514e-01   0.0000000e+00
   3.4600000e+00   4.1849525e-01   0.0000000e+00
   3.4800000e+00   4.1756527e-01   0.0000000e+00
   3.5000000e+00   4.1703089e-01   0.0000000e+00
   3.5200000e+00   4.1649652e-01   0.0000000e+00
   3.5400000e+00   4.1596214e-01   0.0000000e+00
   3.5600000e+00   4.1498794e-01   0.0000000e+00
   3.5800000e+00   4.1428962e-01   0.0000000e+00
   3.6000000e+00   4.1386719e-01   0.0000000e+00
   3.6200000e+00   4.1366069e-01   0.0000000e+00
   3.6400000e+00   4.1329025e-01   0.0000000e+00
   3.6600000e+00   4.1275588e-01   0.0000000e+00
   3.6800000e+00   4.1222150e-01   0.0000000e+00
   3.7000000e+00   4.1143335e-01   0.0000000e+00
   3.7200000e+00   4.1039143e-01   0.0000000e+00
   3.7400000e+00   4.1010444e-01   0.0000000e+00
   3.7600000e+00   4.0982383e-01   0.0000000e+00
   3.7800000e+00   4.0954962e-01   0.0000000e+00
   3.8000000e+00   4.0901524e-01   0.0000000e+00
   2.1000000e+00   7.4696051e-01   1.0000000e+00
   2.1200000e+00   7.4517034e-01   1.0000000e+00
   2.1400000e+00   7.4267213e-01   1.0000000e+00
   2.1600000e+00   7.3946587e-01   1.0000000e+00
   2.1800000e+00   7.3625960e-01   1.0000000e+00
   2.2000000e+00   7.3353474e-01   1.0000000e+00
   2.2200000e+00   7.3129128e-01   1.0000000e+00
   2.2400000e+00   7.2842430e-01   1.0000000e+00
   2.2600000e+00   7.2551172e-01   1.0000000e+00
   2.2800000e+00   7.2255353e-01   1.0000000e+00
   2.3000000e+00   7.1988164e-01   1.0000000e+00
   2.3200000e+00   7.1720238e-01   1.0000000e+00
   2.3400000e+00   7.1451576e-01   1.0000000e+00
   2.3600000e+00   7.1130949e-01   1.0000000e+00
   2.3800000e+00   7.0853569e-01   1.0000000e+00
   2.4000000e+00   7.0619433e-01   1.0000000e+00
   2.4200000e+00   7.0437262e-01   1.0000000e+00
   2.4400000e+00   7.0256063e-01   1.0000000e+00
   2.4600000e+00   7.0075837e-01   1.0000000e+00
   2.4800000e+00   6.9878579e-01   1.0000000e+00
   2.5000000e+00   6.9726511e-01   1.0000000e+00
   2.5200000e+00   6.9619636e-01   1.0000000e+00
   2.5400000e+00   6.9512761e-01   1.0000000e+00
   2.5600000e+00   6.9367534e-01   1.0000000e+00
   2.5800000e+00   6.9183957e-01   1.0000000e+00
   2.6000000e+00   6.9023575e-01   1.0000000e+00
   2.6200000e+00   6.8889947e-01   1.0000000e+00
   2.6400000e+00   6.8783071e-01   1.0000000e+00
   2.6600000e+00   6.8672844e-01   1.0000000e+00
   2.6800000e+00   6.8537574e-01   1.0000000e+00
   2.7000000e+00   6.8377261e-01   1.0000000e+00
   2.7200000e+00   6.8216948e-01   1.0000000e+00
   2.7400000e+00   6.8073363e-01   1.0000000e+00
   2.7600000e+00   6.7946506e-01   1.0000000e+00
   2.7800000e+00   6.7817841e-01   1.0000000e+00
   2.8000000e+00   6.7678414e-01   1.0000000e+00
   2.8200000e+00   6.7528224e-01   1.0000000e+00
   2.8400000e+00   6.7421348e-01   1.0000000e+00
   2.8600000e+00   6.7288526e-01   1.0000000e+00
   2.8800000e+00   6.7129756e-01   1.0000000e+00
   2.9000000e+00   6.7049899e-01   1.0000000e+00
   2.9200000e+00   6.6968971e-01   1.0000000e+00
   2.9400000e+00   6.6886971e-01   1.0000000e+00
   2.9600000e+00   6.6763201e-01   1.0000000e+00
   2.9800000e+00   6.6623773e-01   1.0000000e+00
   3.0000000e+00   6.6468689e-01   1.0000000e+00
   3.0200000e+00   6.6361813e-01   1.0000000e+00
   3.0400000e+00   6.6231438e-01   1.0000000e+00
   3.0600000e+00   6.6077563e-01   1.0000000e+00
   3.0800000e+00   6.5917250e-01   1.0000000e+00
   3.1000000e+00   6.5768770e-01   1.0000000e+00
   3.1200000e+00   6.5632124e-01   1.0000000e+00
   3.1400000e+00   6.5525248e-01   1.0000000e+00
   3.1600000e+00   6.5418373e-01   1.0000000e+00
   3.1800000e+00   6.5311498e-01   1.0000000e+00
   3.2000000e+00   6.5204622e-01   1.0000000e+00
   3.2200000e+00   6.5055642e-01   1.0000000e+00
   3.2400000e+00   6.4864555e-01   1.0000000e+00
   3.2600000e+00   6.4711682e-01   1.0000000e+00
   3.2800000e+00   6.4581808e-01   1.0000000e+00
   3.3000000e+00   6.4474933e-01   1.0000000e+00
   3.3200000e+00   6.4353845e-01   1.0000000e+00
   3.3400000e+00   6.4186426e-01   1.0000000e+00
   3.3600000e+00   6.3972675e-01   1.0000000e+00
   3.3800000e+00   6.3807802e-01   1.0000000e+00
   3.4000000e+00   6.3645209e-01   1.0000000e+00
   3.4200000e+00   6.3484895e-01   1.0000000e+00
   3.4400000e+00   6.3350127e-01   1.0000000e+00
   3.4600000e+00   6.3229305e-01   1.0000000e+00
   3.4800000e+00   6.3122429e-01   1.0000000e+00
   3.5000000e+00   6.3015554e-01   1.0000000e+00
   3.5200000e+00   6.2908678e-01   1.0000000e+00
   3.5400000e+00   6.2801803e-01   1.0000000e+00
   3.5600000e+00   6.2694927e-01   1.0000000e+00
   3.5800000e+00   6.2604210e-01   1.0000000e+00
   3.6000000e+00   6.2529651e-01   1.0000000e+00
   3.6200000e+00   6.2455563e-01   1.0000000e+00
   3.6400000e+00   6.2374065e-01   1.0000000e+00
   3.6600000e+00   6.2285156e-01   1.0000000e+00
   3.6800000e+00   6.2285156e-01   1.0000000e+00
   3.7000000e+00   6.2234402e-01   1.0000000e+00
   3.7200000e+00   6.2132893e-01   1.0000000e+00
   3.7400000e+00   6.2065106e-01   1.0000000e+00
   3.7600000e+00   6.2031914e-01   1.0000000e+00
   3.7800000e+00   6.2033320e-01   1.0000000e+00
