   6.0000000e-01   9.4342767e-01   0.0000000e+00
   6.2000000e-01   9.2270904e-01   0.0000000e+00
   6.4000000e-01   8.9837645e-01   0.0000000e+00
   6.6000000e-01   8.7042992e-01   0.0000000e+00
   6.8000000e-01   8.4745171e-01   0.0000000e+00
   7.0000000e-01   8.2674978e-01   0.0000000e+00
   7.2000000e-01   8.0832414e-01   0.0000000e+00
   7.4000000e-01   7.8933533e-01   0.0000000e+00
   7.6000000e-01   7.7128651e-01   0.0000000e+00
   7.8000000e-01   7.5417770e-01   0.0000000e+00
   8.0000000e-01   7.4071301e-01   0.0000000e+00
   8.2000000e-01   7.2703376e-01   0.0000000e+00
   8.4000000e-01   7.1313996e-01   0.0000000e+00
   8.6000000e-01   7.0447592e-01   0.0000000e+00
   8.8000000e-01   6.9607203e-01   0.0000000e+00
   9.0000000e-01   6.8792831e-01   0.0000000e+00
   9.2000000e-01   6.8078160e-01   0.0000000e+00
   9.4000000e-01   6.7400198e-01   0.0000000e+00
   9.6000000e-01   6.6758945e-01   0.0000000e+00
   9.8000000e-01   6.6117693e-01   0.0000000e+00
   1.0000000e+00   6.5476440e-01   0.0000000e+00
   1.0200000e+00   6.4835188e-01   0.0000000e+00
   1.0400000e+00   6.4241338e-01   0.0000000e+00
   1.0600000e+00   6.3686243e-01   0.0000000e+00
   1.0800000e+00   6.3169901e-01   0.0000000e+00
   1.1000000e+00   6.2664892e-01   0.0000000e+00
   1.1200000e+00   6.2145198e-01   0.0000000e+00
   1.1400000e+00   6.1610821e-01   0.0000000e+00
   1.1600000e+00   6.1077918e-01   0.0000000e+00
   1.1800000e+00   6.0597716e-01   0.0000000e+00
   1.2000000e+00   6.0170215e-01   0.0000000e+00
   1.2200000e+00   5.9700205e-01   0.0000000e+00
   1.2400000e+00   5.9240151e-01   0.0000000e+00
   1.2600000e+00   5.8790053e-01   0.0000000e+00
   1.2800000e+00   5.8343376e-01   0.0000000e+00
   1.3000000e+00   5.7887077e-01   0.0000000e+00
   1.3200000e+00   5.7421156e-01   0.0000000e+00
   1.3400000e+00   5.7047092e-01   0.0000000e+00
   1.3600000e+00   5.6697668e-01   0.0000000e+00
   1.3800000e+00   5.6372884e-01   0.0000000e+00
   1.4000000e+00   5.6014644e-01   0.0000000e+00
   1.4200000e+00   5.5674440e-01   0.0000000e+00
   1.4400000e+00   5.5352270e-01   0.0000000e+00
   1.4600000e+00   5.5070801e-01   0.0000000e+00
   1.4800000e+00   5.4771060e-01   0.0000000e+00
   1.5000000e+00   5.4453049e-01   0.0000000e+00
   1.5200000e+00   5.4185860e-01   0.0000000e+00
   1.5400000e+00   5.3940864e-01   0.0000000e+00
   1.5600000e+00   5.3718061e-01   0.0000000e+00
   1.5800000e+00   5.3438872e-01   0.0000000e+00
   1.6000000e+00   5.3160017e-01   0.0000000e+00
   1.6200000e+00   5.2881497e-01   0.0000000e+00
   1.6400000e+00   5.2658359e-01   0.0000000e+00
   1.6600000e+00   5.2413197e-01   0.0000000e+00
   1.6800000e+00   5.2146008e-01   0.0000000e+00
   1.7000000e+00   5.1878820e-01   0.0000000e+00
   1.7200000e+00   5.1631377e-01   0.0000000e+00
   1.7400000e+00   5.1403679e-01   0.0000000e+00
   1.7600000e+00   5.1189928e-01   0.0000000e+00
   1.7800000e+00   5.0968098e-01   0.0000000e+00
   1.8000000e+00   5.0738189e-01   0.0000000e+00
   1.8200000e+00   5.0475493e-01   0.0000000e+00
   1.8400000e+00   5.0237269e-01   0.0000000e+00
   1.8600000e+00   5.0023518e-01   0.0000000e+00
   1.8800000e+00   4.9809767e-01   0.0000000e+00
   1.9000000e+00   4.9596016e-01   0.0000000e+00
   1.9200000e+00   4.9382265e-01   0.0000000e+00
   1.9400000e+00   4.9214374e-01   0.0000000e+00
   1.9600000e+00   4.9071360e-01   0.0000000e+00
   1.9800000e+00   4.8953221e-01   0.0000000e+00
   2.0000000e+00   4.8792908e-01   0.0000000e+00
   2.0200000e+00   4.8606077e-01   0.0000000e+00
   2.0400000e+00   4.8392729e-01   0.0000000e+00
   2.0600000e+00   4.8261715e-01   0.0000000e+00
   2.0800000e+00   4.8142770e-01   0.0000000e+00
   2.1000000e+00   4.8035895e-01   0.0000000e+00
   2.1200000e+00   4.7947055e-01   0.0000000e+00
   2.1400000e+00   4.7872731e-01   0.0000000e+00
   2.1600000e+00   4.7812925e-01   0.0000000e+00
   2.1800000e+00   4.7706049e-01   0.0000000e+00
   2.2000000e+00   4.7599174e-01   0.0000000e+00
   2.2200000e+00   4.7492299e-01   0.0000000e+00
   2.2400000e+00   4.7385423e-01   0.0000000e+00
   2.2600000e+00   4.7290951e-01   0.0000000e+00
   2.2800000e+00   4.7208883e-01   0.0000000e+00
   2.3000000e+00   4.7155445e-01   0.0000000e+00
   2.3200000e+00   4.7100533e-01   0.0000000e+00
   2.3400000e+00   4.7044147e-01   0.0000000e+00
   2.3600000e+00   4.6883834e-01   0.0000000e+00
   2.3800000e+00   4.6745144e-01   0.0000000e+00
   2.4000000e+00   4.6628076e-01   0.0000000e+00
   2.4200000e+00   4.6521201e-01   0.0000000e+00
   2.4400000e+00   4.6414325e-01   0.0000000e+00
   2.4600000e+00   4.6307450e-01   0.0000000e+00
   2.4800000e+00   4.6200574e-01   0.0000000e+00
   2.5000000e+00   4.6093699e-01   0.0000000e+00
   2.5200000e+00   4.5986824e-01   0.0000000e+00
   2.5400000e+00   4.5779914e-01   0.0000000e+00
   2.5600000e+00   4.5627109e-01   0.0000000e+00
   2.5800000e+00   4.5528411e-01   0.0000000e+00
   2.6000000e+00   4.5448289e-01   0.0000000e+00
   2.6200000e+00   4.5354790e-01   0.0000000e+00
   2.6400000e+00   4.5247915e-01   0.0000000e+00
   2.6600000e+00   4.5141040e-01   0.0000000e+00
   2.6800000e+00   4.5034164e-01   0.0000000e+00
   2.7000000e+00   4.4927289e-01   0.0000000e+00
   2.7200000e+00   4.4865536e-01   0.0000000e+00
   2.7400000e+00   4.4807941e-01   0.0000000e+00
   2.7600000e+00   4.4754503e-01   0.0000000e+00
   2.7800000e+00   4.4679276e-01   0.0000000e+00
   2.8000000e+00   4.4593286e-01   0.0000000e+00
   2.8200000e+00   4.4496534e-01   0.0000000e+00
   2.8400000e+00   4.4443096e-01   0.0000000e+00
   2.8600000e+00   4.4389658e-01   0.0000000e+00
   2.8800000e+00   4.4336221e-01   0.0000000e+00
   2.9000000e+00   4.4242555e-01   0.0000000e+00
   2.9200000e+00   4.4156565e-01   0.0000000e+00
   2.9400000e+00   4.4078251e-01   0.0000000e+00
   2.9600000e+00   4.4024814e-01   0.0000000e+00
   2.9800000e+00   4.3968762e-01   0.0000000e+00
   3.0000000e+00   4.3910095e-01   0.0000000e+00
   3.0200000e+00   4.3803220e-01   0.0000000e+00
   3.0400000e+00   4.3719844e-01   0.0000000e+00
   3.0600000e+00   4.3659969e-01   0.0000000e+00
   3.0800000e+00   4.3606531e-01   0.0000000e+00
   3.1000000e+00   4.3541260e-01   0.0000000e+00
   3.1200000e+00   4.3464155e-01   0.0000000e+00
   3.1400000e+00   4.3369280e-01   0.0000000e+00
   3.1600000e+00   4.3294957e-01   0.0000000e+00
   3.1800000e+00   4.3241185e-01   0.0000000e+00
   3.2000000e+00   4.3134310e-01   0.0000000e+00
   3.2200000e+00   4.3027434e-01   0.0000000e+00
   3.2400000e+00   4.2920559e-01   0.0000000e+00
   3.2600000e+00   4.2844122e-01   0.0000000e+00
   3.2800000e+00   4.2769799e-01   0.0000000e+00
   3.3000000e+00   4.2697589e-01   0.0000000e+00
   3.3200000e+00   4.2590714e-01   0.0000000e+00
   3.3400000e+00   4.2483838e-01   0.0000000e+00
   3.3600000e+00   4.2376963e-01   0.0000000e+00
   3.3800000e+00   4.2270087e-01   0.0000000e+00
   3.4000000e+00   4.2181817e-01   0.0000000e+00
   3.4200000e+00   4.2112153e-01   0.0000000e+00
   3.4400000e+00   4.2058715e-01   0.0000000e+00
   3.4600000e+00   4.1998338e-01   0.0000000e+00
   3.4800000e+00   4.1931023e-01   0.0000000e+00
   3.5000000e+00   4.1824147e-01   0.0000000e+00
   3.5200000e+00   4.1717272e-01   0.0000000e+00
   3.5400000e+00   4.1610397e-01   0.0000000e+00
   3.5600000e+00   4.1547504e-01   0.0000000e+00
   3.5800000e+00   4.1489339e-01   0.0000000e+00
   3.6000000e+00   4.1435901e-01   0.0000000e+00
   3.6200000e+00   4.1382463e-01   0.0000000e+00
   3.6400000e+00   4.1329025e-01   0.0000000e+00
   3.6600000e+00   4.1275588e-01   0.0000000e+00
   3.6800000e+00   4.1222150e-01   0.0000000e+00
   3.7000000e+00   4.1143335e-01   0.0000000e+00
   3.7200000e+00   4.1039143e-01   0.0000000e+00
   3.7400000e+00   4.0971356e-01   0.0000000e+00
   3.7600000e+00   4.0924454e-01   0.0000000e+00
   3.7800000e+00   4.0898438e-01   0.0000000e+00
   3.8000000e+00   4.0882682e-01   0.0000000e+00
   2.1300000e+00   7.4383976e-01   1.0000000e+00
   2.1500000e+00   7.4163856e-01   1.0000000e+00
   2.1700000e+00   7.3920202e-01   1.0000000e+00
   2.1900000e+00   7.3653013e-01   1.0000000e+00
   2.2100000e+00   7.3385825e-01   1.0000000e+00
   2.2300000e+00   7.3118636e-01   1.0000000e+00
   2.2500000e+00   7.2851448e-01   1.0000000e+00
   2.2700000e+00   7.2609066e-01   1.0000000e+00
   2.2900000e+00   7.2381000e-01   1.0000000e+00
   2.3100000e+00   7.2167250e-01   1.0000000e+00
   2.3300000e+00   7.1952025e-01   1.0000000e+00
   2.3500000e+00   7.1710818e-01   1.0000000e+00
   2.3700000e+00   7.1443629e-01   1.0000000e+00
   2.3900000e+00   7.1219686e-01   1.0000000e+00
   2.4100000e+00   7.1000839e-01   1.0000000e+00
   2.4300000e+00   7.0787088e-01   1.0000000e+00
   2.4500000e+00   7.0573338e-01   1.0000000e+00
   2.4700000e+00   7.0363710e-01   1.0000000e+00
   2.4900000e+00   7.0158205e-01   1.0000000e+00
   2.5100000e+00   6.9997892e-01   1.0000000e+00
   2.5300000e+00   6.9862588e-01   1.0000000e+00
   2.5500000e+00   6.9752292e-01   1.0000000e+00
   2.5700000e+00   6.9607066e-01   1.0000000e+00
   2.5900000e+00   6.9480980e-01   1.0000000e+00
   2.6100000e+00   6.9374036e-01   1.0000000e+00
   2.6300000e+00   6.9290562e-01   1.0000000e+00
   2.6500000e+00   6.9168669e-01   1.0000000e+00
   2.6700000e+00   6.9008356e-01   1.0000000e+00
   2.6900000e+00   6.8848043e-01   1.0000000e+00
   2.7100000e+00   6.8710291e-01   1.0000000e+00
   2.7300000e+00   6.8595101e-01   1.0000000e+00
   2.7500000e+00   6.8454769e-01   1.0000000e+00
   2.7700000e+00   6.8304447e-01   1.0000000e+00
   2.7900000e+00   6.8144133e-01   1.0000000e+00
   2.8100000e+00   6.7973697e-01   1.0000000e+00
   2.8300000e+00   6.7781603e-01   1.0000000e+00
   2.8500000e+00   6.7567853e-01   1.0000000e+00
   2.8700000e+00   6.7405996e-01   1.0000000e+00
   2.8900000e+00   6.7244912e-01   1.0000000e+00
   2.9100000e+00   6.7084599e-01   1.0000000e+00
   2.9300000e+00   6.6924285e-01   1.0000000e+00
   2.9500000e+00   6.6772420e-01   1.0000000e+00
   2.9700000e+00   6.6629002e-01   1.0000000e+00
   2.9900000e+00   6.6522127e-01   1.0000000e+00
   3.0100000e+00   6.6415251e-01   1.0000000e+00
   3.0300000e+00   6.6308376e-01   1.0000000e+00
   3.0500000e+00   6.6154500e-01   1.0000000e+00
   3.0700000e+00   6.6032740e-01   1.0000000e+00
   3.0900000e+00   6.5943093e-01   1.0000000e+00
   3.1100000e+00   6.5842322e-01   1.0000000e+00
   3.1300000e+00   6.5711779e-01   1.0000000e+00
   3.1500000e+00   6.5551466e-01   1.0000000e+00
   3.1700000e+00   6.5391487e-01   1.0000000e+00
   3.1900000e+00   6.5258060e-01   1.0000000e+00
   3.2100000e+00   6.5151185e-01   1.0000000e+00
   3.2300000e+00   6.4960098e-01   1.0000000e+00
   3.2500000e+00   6.4772899e-01   1.0000000e+00
   3.2700000e+00   6.4589588e-01   1.0000000e+00
   3.2900000e+00   6.4448047e-01   1.0000000e+00
   3.3100000e+00   6.4323839e-01   1.0000000e+00
   3.3300000e+00   6.4216963e-01   1.0000000e+00
   3.3500000e+00   6.4110088e-01   1.0000000e+00
   3.3700000e+00   6.4003213e-01   1.0000000e+00
   3.3900000e+00   6.3896337e-01   1.0000000e+00
   3.4100000e+00   6.3826672e-01   1.0000000e+00
   3.4300000e+00   6.3765121e-01   1.0000000e+00
   3.4500000e+00   6.3711684e-01   1.0000000e+00
   3.4700000e+00   6.3644368e-01   1.0000000e+00
   3.4900000e+00   6.3556167e-01   1.0000000e+00
   3.5100000e+00   6.3447080e-01   1.0000000e+00
   3.5300000e+00   6.3286767e-01   1.0000000e+00
