   6.1000000e-01   9.5588562e-01   0.0000000e+00
   6.3000000e-01   9.4028480e-01   0.0000000e+00
   6.5000000e-01   9.1754061e-01   0.0000000e+00
   6.7000000e-01   8.9280909e-01   0.0000000e+00
   6.9000000e-01   8.6609023e-01   0.0000000e+00
   7.1000000e-01   8.4574498e-01   0.0000000e+00
   7.3000000e-01   8.2646146e-01   0.0000000e+00
   7.5000000e-01   8.0823966e-01   0.0000000e+00
   7.7000000e-01   7.9149293e-01   0.0000000e+00
   7.9000000e-01   7.7547637e-01   0.0000000e+00
   8.1000000e-01   7.6018996e-01   0.0000000e+00
   8.3000000e-01   7.4576178e-01   0.0000000e+00
   8.5000000e-01   7.3237955e-01   0.0000000e+00
   8.7000000e-01   7.2004327e-01   0.0000000e+00
   8.9000000e-01   7.0815891e-01   0.0000000e+00
   9.1000000e-01   6.9677305e-01   0.0000000e+00
   9.3000000e-01   6.8588570e-01   0.0000000e+00
   9.5000000e-01   6.7642446e-01   0.0000000e+00
   9.7000000e-01   6.6774233e-01   0.0000000e+00
   9.9000000e-01   6.5983931e-01   0.0000000e+00
   1.0100000e+00   6.5289241e-01   0.0000000e+00
   1.0300000e+00   6.4618252e-01   0.0000000e+00
   1.0500000e+00   6.3970965e-01   0.0000000e+00
   1.0700000e+00   6.3436922e-01   0.0000000e+00
   1.0900000e+00   6.2929431e-01   0.0000000e+00
   1.1100000e+00   6.2448492e-01   0.0000000e+00
   1.1300000e+00   6.1967553e-01   0.0000000e+00
   1.1500000e+00   6.1486982e-01   0.0000000e+00
   1.1700000e+00   6.1006780e-01   0.0000000e+00
   1.1900000e+00   6.0579278e-01   0.0000000e+00
   1.2100000e+00   6.0194285e-01   0.0000000e+00
   1.2300000e+00   5.9851800e-01   0.0000000e+00
   1.2500000e+00   5.9469490e-01   0.0000000e+00
   1.2700000e+00   5.9064584e-01   0.0000000e+00
   1.2900000e+00   5.8637082e-01   0.0000000e+00
   1.3100000e+00   5.8217090e-01   0.0000000e+00
   1.3300000e+00   5.7820061e-01   0.0000000e+00
   1.3500000e+00   5.7445997e-01   0.0000000e+00
   1.3700000e+00   5.7022653e-01   0.0000000e+00
   1.3900000e+00   5.6634844e-01   0.0000000e+00
   1.4100000e+00   5.6282570e-01   0.0000000e+00
   1.4300000e+00   5.5935997e-01   0.0000000e+00
   1.4500000e+00   5.5589959e-01   0.0000000e+00
   1.4700000e+00   5.5244456e-01   0.0000000e+00
   1.4900000e+00   5.4974653e-01   0.0000000e+00
   1.5100000e+00   5.4679439e-01   0.0000000e+00
   1.5300000e+00   5.4358813e-01   0.0000000e+00
   1.5500000e+00   5.4082572e-01   0.0000000e+00
   1.5700000e+00   5.3810857e-01   0.0000000e+00
   1.5900000e+00   5.3543669e-01   0.0000000e+00
   1.6100000e+00   5.3276480e-01   0.0000000e+00
   1.6300000e+00   5.3013985e-01   0.0000000e+00
   1.6500000e+00   5.2756183e-01   0.0000000e+00
   1.6700000e+00   5.2542432e-01   0.0000000e+00
   1.6900000e+00   5.2354260e-01   0.0000000e+00
   1.7100000e+00   5.2191667e-01   0.0000000e+00
   1.7300000e+00   5.1991862e-01   0.0000000e+00
   1.7500000e+00   5.1798997e-01   0.0000000e+00
   1.7700000e+00   5.1613071e-01   0.0000000e+00
   1.7900000e+00   5.1468916e-01   0.0000000e+00
   1.8100000e+00   5.1343401e-01   0.0000000e+00
   1.8300000e+00   5.1236525e-01   0.0000000e+00
   1.8500000e+00   5.1129650e-01   0.0000000e+00
   1.8700000e+00   5.1022774e-01   0.0000000e+00
   1.8900000e+00   5.0915899e-01   0.0000000e+00
   1.9100000e+00   5.0809024e-01   0.0000000e+00
   1.9300000e+00   5.0702148e-01   0.0000000e+00
   1.9500000e+00   5.0595273e-01   0.0000000e+00
   1.9700000e+00   5.0488397e-01   0.0000000e+00
   1.9900000e+00   5.0381522e-01   0.0000000e+00
   2.0100000e+00   5.0274646e-01   0.0000000e+00
   2.0300000e+00   5.0114736e-01   0.0000000e+00
   2.0500000e+00   4.9954625e-01   0.0000000e+00
   2.0700000e+00   4.9794312e-01   0.0000000e+00
   2.0900000e+00   4.9633999e-01   0.0000000e+00
   2.1100000e+00   4.9473685e-01   0.0000000e+00
   2.1300000e+00   4.9313372e-01   0.0000000e+00
   2.1500000e+00   4.9153059e-01   0.0000000e+00
   2.1700000e+00   4.8992746e-01   0.0000000e+00
   2.1900000e+00   4.8832433e-01   0.0000000e+00
   2.2100000e+00   4.8623980e-01   0.0000000e+00
   2.2300000e+00   4.8431115e-01   0.0000000e+00
   2.2500000e+00   4.8253837e-01   0.0000000e+00
   2.2700000e+00   4.8118332e-01   0.0000000e+00
   2.2900000e+00   4.7984000e-01   0.0000000e+00
   2.3100000e+00   4.7850843e-01   0.0000000e+00
   2.3300000e+00   4.7640041e-01   0.0000000e+00
   2.3500000e+00   4.7481202e-01   0.0000000e+00
   2.3700000e+00   4.7374327e-01   0.0000000e+00
   2.3900000e+00   4.7267451e-01   0.0000000e+00
   2.4100000e+00   4.7128997e-01   0.0000000e+00
   2.4300000e+00   4.6958963e-01   0.0000000e+00
   2.4500000e+00   4.6785038e-01   0.0000000e+00
   2.4700000e+00   4.6648760e-01   0.0000000e+00
   2.4900000e+00   4.6550131e-01   0.0000000e+00
   2.5100000e+00   4.6496693e-01   0.0000000e+00
   2.5300000e+00   4.6418247e-01   0.0000000e+00
   2.5500000e+00   4.6314792e-01   0.0000000e+00
   2.5700000e+00   4.6169566e-01   0.0000000e+00
   2.5900000e+00   4.6043480e-01   0.0000000e+00
   2.6100000e+00   4.5936536e-01   0.0000000e+00
   2.6300000e+00   4.5853062e-01   0.0000000e+00
   2.6500000e+00   4.5734520e-01   0.0000000e+00
   2.6700000e+00   4.5580910e-01   0.0000000e+00
   2.6900000e+00   4.5527473e-01   0.0000000e+00
   2.7100000e+00   4.5451474e-01   0.0000000e+00
   2.7300000e+00   4.5352913e-01   0.0000000e+00
   2.7500000e+00   4.5246038e-01   0.0000000e+00
   2.7700000e+00   4.5139162e-01   0.0000000e+00
   2.7900000e+00   4.5032287e-01   0.0000000e+00
   2.8100000e+00   4.4925412e-01   0.0000000e+00
   2.8300000e+00   4.4818536e-01   0.0000000e+00
   2.8500000e+00   4.4711661e-01   0.0000000e+00
   2.8700000e+00   4.4604785e-01   0.0000000e+00
   2.8900000e+00   4.4518024e-01   0.0000000e+00
   2.9100000e+00   4.4451377e-01   0.0000000e+00
   2.9300000e+00   4.4397939e-01   0.0000000e+00
   2.9500000e+00   4.4336054e-01   0.0000000e+00
   2.9700000e+00   4.4265721e-01   0.0000000e+00
   2.9900000e+00   4.4164074e-01   0.0000000e+00
   3.0100000e+00   4.4086532e-01   0.0000000e+00
   3.0300000e+00   4.4033094e-01   0.0000000e+00
   3.0500000e+00   4.3932656e-01   0.0000000e+00
   3.0700000e+00   4.3829000e-01   0.0000000e+00
   3.0900000e+00   4.3722125e-01   0.0000000e+00
   3.1100000e+00   4.3615249e-01   0.0000000e+00
   3.1300000e+00   4.3514374e-01   0.0000000e+00
   3.1500000e+00   4.3419499e-01   0.0000000e+00
   3.1700000e+00   4.3365727e-01   0.0000000e+00
   3.1900000e+00   4.3285404e-01   0.0000000e+00
   3.2100000e+00   4.3178528e-01   0.0000000e+00
   3.2300000e+00   4.3071653e-01   0.0000000e+00
   3.2500000e+00   4.2979997e-01   0.0000000e+00
   3.2700000e+00   4.2903560e-01   0.0000000e+00
   3.2900000e+00   4.2850123e-01   0.0000000e+00
   3.3100000e+00   4.2789579e-01   0.0000000e+00
   3.3300000e+00   4.2721929e-01   0.0000000e+00
   3.3500000e+00   4.2561616e-01   0.0000000e+00
   3.3700000e+00   4.2450180e-01   0.0000000e+00
   3.3900000e+00   4.2387622e-01   0.0000000e+00
   3.4100000e+00   4.2296973e-01   0.0000000e+00
   3.4300000e+00   4.2210983e-01   0.0000000e+00
   3.4500000e+00   4.2129652e-01   0.0000000e+00
   3.4700000e+00   4.2076215e-01   0.0000000e+00
   3.4900000e+00   4.2021671e-01   0.0000000e+00
   3.5100000e+00   4.1966022e-01   0.0000000e+00
   3.5300000e+00   4.1859147e-01   0.0000000e+00
   3.5500000e+00   4.1774263e-01   0.0000000e+00
   3.5700000e+00   4.1711370e-01   0.0000000e+00
   3.5900000e+00   4.1625616e-01   0.0000000e+00
   3.6100000e+00   4.1549951e-01   0.0000000e+00
   3.6300000e+00   4.1484375e-01   0.0000000e+00
   3.6500000e+00   4.1466409e-01   0.0000000e+00
   3.6700000e+00   4.1403988e-01   0.0000000e+00
   3.6900000e+00   4.1297112e-01   0.0000000e+00
   3.7100000e+00   4.1190237e-01   0.0000000e+00
   2.0100000e+00   7.8207357e-01   1.0000000e+00
   2.0300000e+00   7.7833293e-01   1.0000000e+00
   2.0500000e+00   7.7500597e-01   1.0000000e+00
   2.0700000e+00   7.7209269e-01   1.0000000e+00
   2.0900000e+00   7.7001484e-01   1.0000000e+00
   2.1100000e+00   7.6808418e-01   1.0000000e+00
   2.1300000e+00   7.6630069e-01   1.0000000e+00
   2.1500000e+00   7.6409950e-01   1.0000000e+00
   2.1700000e+00   7.6166296e-01   1.0000000e+00
   2.1900000e+00   7.5899107e-01   1.0000000e+00
   2.2100000e+00   7.5728199e-01   1.0000000e+00
   2.2300000e+00   7.5526114e-01   1.0000000e+00
   2.2500000e+00   7.5292854e-01   1.0000000e+00
   2.2700000e+00   7.5000858e-01   1.0000000e+00
   2.2900000e+00   7.4701118e-01   1.0000000e+00
   2.3100000e+00   7.4393632e-01   1.0000000e+00
   2.3300000e+00   7.4127918e-01   1.0000000e+00
   2.3500000e+00   7.3888185e-01   1.0000000e+00
   2.3700000e+00   7.3674435e-01   1.0000000e+00
   2.3900000e+00   7.3417438e-01   1.0000000e+00
   2.4100000e+00   7.3171135e-01   1.0000000e+00
   2.4300000e+00   7.2935526e-01   1.0000000e+00
   2.4500000e+00   7.2761600e-01   1.0000000e+00
   2.4700000e+00   7.2612954e-01   1.0000000e+00
   2.4900000e+00   7.2489586e-01   1.0000000e+00
   2.5100000e+00   7.2275835e-01   1.0000000e+00
   2.5300000e+00   7.2087093e-01   1.0000000e+00
   2.5500000e+00   7.1923360e-01   1.0000000e+00
   2.5700000e+00   7.1763046e-01   1.0000000e+00
   2.5900000e+00   7.1602733e-01   1.0000000e+00
   2.6100000e+00   7.1442420e-01   1.0000000e+00
   2.6300000e+00   7.1282107e-01   1.0000000e+00
   2.6500000e+00   7.1120118e-01   1.0000000e+00
   2.6700000e+00   7.0956454e-01   1.0000000e+00
   2.6900000e+00   7.0742703e-01   1.0000000e+00
   2.7100000e+00   7.0574075e-01   1.0000000e+00
   2.7300000e+00   7.0450569e-01   1.0000000e+00
   2.7500000e+00   7.0243325e-01   1.0000000e+00
   2.7700000e+00   7.0017004e-01   1.0000000e+00
   2.7900000e+00   6.9771605e-01   1.0000000e+00
   2.8100000e+00   6.9578101e-01   1.0000000e+00
   2.8300000e+00   6.9427911e-01   1.0000000e+00
   2.8500000e+00   6.9321036e-01   1.0000000e+00
   2.8700000e+00   6.9266055e-01   1.0000000e+00
