   6.0000000e-01   9.5205279e-01   0.0000000e+00
   6.2000000e-01   9.3301975e-01   0.0000000e+00
   6.4000000e-01   9.1075765e-01   0.0000000e+00
   6.6000000e-01   8.8526648e-01   0.0000000e+00
   6.8000000e-01   8.5480699e-01   0.0000000e+00
   7.0000000e-01   8.2798955e-01   0.0000000e+00
   7.2000000e-01   8.0481418e-01   0.0000000e+00
   7.4000000e-01   7.8493628e-01   0.0000000e+00
   7.6000000e-01   7.6642247e-01   0.0000000e+00
   7.8000000e-01   7.4927277e-01   0.0000000e+00
   8.0000000e-01   7.3357337e-01   0.0000000e+00
   8.2000000e-01   7.1637207e-01   0.0000000e+00
   8.4000000e-01   6.9766888e-01   0.0000000e+00
   8.6000000e-01   6.8785627e-01   0.0000000e+00
   8.8000000e-01   6.7834373e-01   0.0000000e+00
   9.0000000e-01   6.6913125e-01   0.0000000e+00
   9.2000000e-01   6.6178472e-01   0.0000000e+00
   9.4000000e-01   6.5508589e-01   0.0000000e+00
   9.6000000e-01   6.4903476e-01   0.0000000e+00
   9.8000000e-01   6.4273487e-01   0.0000000e+00
   1.0000000e+00   6.3691304e-01   0.0000000e+00
   1.0200000e+00   6.3156927e-01   0.0000000e+00
   1.0400000e+00   6.2622550e-01   0.0000000e+00
   1.0600000e+00   6.2106041e-01   0.0000000e+00
   1.0800000e+00   6.1607401e-01   0.0000000e+00
   1.1000000e+00   6.1078321e-01   0.0000000e+00
   1.1200000e+00   6.0538480e-01   0.0000000e+00
   1.1400000e+00   5.9987876e-01   0.0000000e+00
   1.1600000e+00   5.9558900e-01   0.0000000e+00
   1.1800000e+00   5.9077223e-01   0.0000000e+00
   1.2000000e+00   5.8542846e-01   0.0000000e+00
   1.2200000e+00   5.8093486e-01   0.0000000e+00
   1.2400000e+00   5.7639634e-01   0.0000000e+00
   1.2600000e+00   5.7181291e-01   0.0000000e+00
   1.2800000e+00   5.6700351e-01   0.0000000e+00
   1.3000000e+00   5.6219412e-01   0.0000000e+00
   1.3200000e+00   5.5738473e-01   0.0000000e+00
   1.3400000e+00   5.5257533e-01   0.0000000e+00
   1.3600000e+00   5.4825874e-01   0.0000000e+00
   1.3800000e+00   5.4443495e-01   0.0000000e+00
   1.4000000e+00   5.4031818e-01   0.0000000e+00
   1.4200000e+00   5.3625202e-01   0.0000000e+00
   1.4400000e+00   5.3223647e-01   0.0000000e+00
   1.4600000e+00   5.2849583e-01   0.0000000e+00
   1.4800000e+00   5.2475519e-01   0.0000000e+00
   1.5000000e+00   5.2101455e-01   0.0000000e+00
   1.5200000e+00   5.1727392e-01   0.0000000e+00
   1.5400000e+00   5.1397713e-01   0.0000000e+00
   1.5600000e+00   5.1112420e-01   0.0000000e+00
   1.5800000e+00   5.0812513e-01   0.0000000e+00
   1.6000000e+00   5.0512772e-01   0.0000000e+00
   1.6200000e+00   5.0213199e-01   0.0000000e+00
   1.6400000e+00   4.9946010e-01   0.0000000e+00
   1.6600000e+00   4.9678822e-01   0.0000000e+00
   1.6800000e+00   4.9411633e-01   0.0000000e+00
   1.7000000e+00   4.9144445e-01   0.0000000e+00
   1.7200000e+00   4.8897002e-01   0.0000000e+00
   1.7400000e+00   4.8669304e-01   0.0000000e+00
   1.7600000e+00   4.8427729e-01   0.0000000e+00
   1.7800000e+00   4.8189505e-01   0.0000000e+00
   1.8000000e+00   4.7954633e-01   0.0000000e+00
   1.8200000e+00   4.7798811e-01   0.0000000e+00
   1.8400000e+00   4.7667463e-01   0.0000000e+00
   1.8600000e+00   4.7560587e-01   0.0000000e+00
   1.8800000e+00   4.7361186e-01   0.0000000e+00
   1.9000000e+00   4.7189206e-01   0.0000000e+00
   1.9200000e+00   4.7044648e-01   0.0000000e+00
   1.9400000e+00   4.6937773e-01   0.0000000e+00
   1.9600000e+00   4.6825266e-01   0.0000000e+00
   1.9800000e+00   4.6707127e-01   0.0000000e+00
   2.0000000e+00   4.6546814e-01   0.0000000e+00
   2.0200000e+00   4.6439535e-01   0.0000000e+00
   2.0400000e+00   4.6385292e-01   0.0000000e+00
   2.0600000e+00   4.6249118e-01   0.0000000e+00
   2.0800000e+00   4.6115725e-01   0.0000000e+00
   2.1000000e+00   4.5985113e-01   0.0000000e+00
   2.1200000e+00   4.5896273e-01   0.0000000e+00
   2.1400000e+00   4.5825134e-01   0.0000000e+00
   2.1600000e+00   4.5771697e-01   0.0000000e+00
   2.1800000e+00   4.5718259e-01   0.0000000e+00
   2.2000000e+00   4.5640751e-01   0.0000000e+00
   2.2200000e+00   4.5539174e-01   0.0000000e+00
   2.2400000e+00   4.5505245e-01   0.0000000e+00
   2.2600000e+00   4.5475878e-01   0.0000000e+00
   2.2800000e+00   4.5451070e-01   0.0000000e+00
   2.3000000e+00   4.5410774e-01   0.0000000e+00
   2.3200000e+00   4.5390625e-01   0.0000000e+00
   2.3400000e+00   4.5390625e-01   0.0000000e+00
   2.3600000e+00   4.5390625e-01   0.0000000e+00
   2.3800000e+00   4.5369002e-01   0.0000000e+00
   2.4000000e+00   4.5325757e-01   0.0000000e+00
   2.4200000e+00   4.5303898e-01   0.0000000e+00
   2.4400000e+00   4.5273056e-01   0.0000000e+00
   2.4600000e+00   4.5233231e-01   0.0000000e+00
   2.4800000e+00   4.5142848e-01   0.0000000e+00
   2.5000000e+00   4.5097656e-01   0.0000000e+00
   2.5200000e+00   4.5097656e-01   0.0000000e+00
   2.5400000e+00   4.5097656e-01   0.0000000e+00
   2.5600000e+00   4.5059305e-01   0.0000000e+00
   2.5800000e+00   4.4982604e-01   0.0000000e+00
   2.6000000e+00   4.4929097e-01   0.0000000e+00
   2.6200000e+00   4.4887326e-01   0.0000000e+00
   2.6400000e+00   4.4857290e-01   0.0000000e+00
   2.6600000e+00   4.4757117e-01   0.0000000e+00
   2.6800000e+00   4.4707031e-01   0.0000000e+00
   2.7000000e+00   4.4707031e-01   0.0000000e+00
   2.7200000e+00   4.4616786e-01   0.0000000e+00
   2.7400000e+00   4.4534954e-01   0.0000000e+00
   2.7600000e+00   4.4461534e-01   0.0000000e+00
   2.7800000e+00   4.4408097e-01   0.0000000e+00
   2.8000000e+00   4.4349597e-01   0.0000000e+00
   2.8200000e+00   4.4286036e-01   0.0000000e+00
   2.8400000e+00   4.4179161e-01   0.0000000e+00
   2.8600000e+00   4.4098233e-01   0.0000000e+00
   2.8800000e+00   4.4043252e-01   0.0000000e+00
   2.9000000e+00   4.3949586e-01   0.0000000e+00
   2.9200000e+00   4.3849315e-01   0.0000000e+00
   2.9400000e+00   4.3742440e-01   0.0000000e+00
   2.9600000e+00   4.3652460e-01   0.0000000e+00
   2.9800000e+00   4.3578137e-01   0.0000000e+00
   3.0000000e+00   4.3519470e-01   0.0000000e+00
   3.0200000e+00   4.3412595e-01   0.0000000e+00
   3.0400000e+00   4.3305719e-01   0.0000000e+00
   3.0600000e+00   4.3198844e-01   0.0000000e+00
   3.0800000e+00   4.3091968e-01   0.0000000e+00
   3.1000000e+00   4.2996927e-01   0.0000000e+00
   3.1200000e+00   4.2913718e-01   0.0000000e+00
   3.1400000e+00   4.2836279e-01   0.0000000e+00
   3.1600000e+00   4.2717737e-01   0.0000000e+00
   3.1800000e+00   4.2558093e-01   0.0000000e+00
   3.2000000e+00   4.2504655e-01   0.0000000e+00
   3.2200000e+00   4.2451217e-01   0.0000000e+00
   3.2400000e+00   4.2397779e-01   0.0000000e+00
   3.2600000e+00   4.2344342e-01   0.0000000e+00
   3.2800000e+00   4.2290904e-01   0.0000000e+00
   3.3000000e+00   4.2237466e-01   0.0000000e+00
   3.3200000e+00   4.2184029e-01   0.0000000e+00
   3.3400000e+00   4.2130591e-01   0.0000000e+00
   3.3600000e+00   4.2077153e-01   0.0000000e+00
   3.3800000e+00   4.2023716e-01   0.0000000e+00
   3.4000000e+00   4.1988883e-01   0.0000000e+00
   3.4200000e+00   4.1972656e-01   0.0000000e+00
   3.4400000e+00   4.1947112e-01   0.0000000e+00
   3.4600000e+00   4.1914560e-01   0.0000000e+00
   3.4800000e+00   4.1875000e-01   0.0000000e+00
   3.5000000e+00   4.1875000e-01   0.0000000e+00
   3.5200000e+00   4.1875000e-01   0.0000000e+00
   3.5400000e+00   4.1875000e-01   0.0000000e+00
   3.5600000e+00   4.1831017e-01   0.0000000e+00
   3.5800000e+00   4.1798465e-01   0.0000000e+00
   3.6000000e+00   4.1777344e-01   0.0000000e+00
   3.6200000e+00   4.1797993e-01   0.0000000e+00
   2.0700000e+00   7.3222656e-01   1.0000000e+00
   2.0900000e+00   7.3103849e-01   1.0000000e+00
   2.1100000e+00   7.2946588e-01   1.0000000e+00
   2.1300000e+00   7.2750872e-01   1.0000000e+00
   2.1500000e+00   7.2584190e-01   1.0000000e+00
   2.1700000e+00   7.2393974e-01   1.0000000e+00
   2.1900000e+00   7.2180223e-01   1.0000000e+00
   2.2100000e+00   7.1966472e-01   1.0000000e+00
   2.2300000e+00   7.1734485e-01   1.0000000e+00
   2.2500000e+00   7.1484260e-01   1.0000000e+00
   2.2700000e+00   7.1241879e-01   1.0000000e+00
   2.2900000e+00   7.1013813e-01   1.0000000e+00
   2.3100000e+00   7.0800062e-01   1.0000000e+00
   2.3300000e+00   7.0586311e-01   1.0000000e+00
   2.3500000e+00   7.0372560e-01   1.0000000e+00
   2.3700000e+00   7.0158810e-01   1.0000000e+00
   2.3900000e+00   6.9945059e-01   1.0000000e+00
   2.4100000e+00   6.9747098e-01   1.0000000e+00
   2.4300000e+00   6.9564926e-01   1.0000000e+00
   2.4500000e+00   6.9424525e-01   1.0000000e+00
   2.4700000e+00   6.9300887e-01   1.0000000e+00
   2.4900000e+00   6.9194012e-01   1.0000000e+00
   2.5100000e+00   6.9087136e-01   1.0000000e+00
   2.5300000e+00   6.9005270e-01   1.0000000e+00
   2.5500000e+00   6.8948411e-01   1.0000000e+00
   2.5700000e+00   6.8818272e-01   1.0000000e+00
   2.5900000e+00   6.8699730e-01   1.0000000e+00
   2.6100000e+00   6.8592786e-01   1.0000000e+00
   2.6300000e+00   6.8509312e-01   1.0000000e+00
   2.6500000e+00   6.8387419e-01   1.0000000e+00
   2.6700000e+00   6.8227106e-01   1.0000000e+00
   2.6900000e+00   6.8066793e-01   1.0000000e+00
   2.7100000e+00   6.7906480e-01   1.0000000e+00
   2.7300000e+00   6.7746167e-01   1.0000000e+00
   2.7500000e+00   6.7585853e-01   1.0000000e+00
   2.7700000e+00   6.7414645e-01   1.0000000e+00
   2.7900000e+00   6.7232543e-01   1.0000000e+00
   2.8100000e+00   6.7028915e-01   1.0000000e+00
   2.8300000e+00   6.6846945e-01   1.0000000e+00
   2.8500000e+00   6.6686632e-01   1.0000000e+00
   2.8700000e+00   6.6630108e-01   1.0000000e+00
   2.8900000e+00   6.6555013e-01   1.0000000e+00
   2.9100000e+00   6.6461347e-01   1.0000000e+00
   2.9300000e+00   6.6354472e-01   1.0000000e+00
   2.9500000e+00   6.6256044e-01   1.0000000e+00
   2.9700000e+00   6.6166063e-01   1.0000000e+00
   2.9900000e+00   6.6107397e-01   1.0000000e+00
   3.0100000e+00   6.6024626e-01   1.0000000e+00
   3.0300000e+00   6.5917751e-01   1.0000000e+00
   3.0500000e+00   6.5810875e-01   1.0000000e+00
   3.0700000e+00   6.5704000e-01   1.0000000e+00
   3.0900000e+00   6.5597124e-01   1.0000000e+00
   3.1100000e+00   6.5442915e-01   1.0000000e+00
   3.1300000e+00   6.5264935e-01   1.0000000e+00
   3.1500000e+00   6.5063185e-01   1.0000000e+00
   3.1700000e+00   6.4901870e-01   1.0000000e+00
   3.1900000e+00   6.4660899e-01   1.0000000e+00
   3.2100000e+00   6.4340272e-01   1.0000000e+00
   3.2300000e+00   6.4230173e-01   1.0000000e+00
   3.2500000e+00   6.4117965e-01   1.0000000e+00
   3.2700000e+00   6.4003650e-01   1.0000000e+00
   3.2900000e+00   6.3843337e-01   1.0000000e+00
