   6.0000000e-01   9.3846643e-01   0.0000000e+00
   6.2000000e-01   9.1584696e-01   0.0000000e+00
   6.4000000e-01   8.9047009e-01   0.0000000e+00
   6.6000000e-01   8.6233583e-01   0.0000000e+00
   6.8000000e-01   8.3668574e-01   0.0000000e+00
   7.0000000e-01   8.1445007e-01   0.0000000e+00
   7.2000000e-01   7.9562883e-01   0.0000000e+00
   7.4000000e-01   7.7630142e-01   0.0000000e+00
   7.6000000e-01   7.5759420e-01   0.0000000e+00
   7.8000000e-01   7.3950715e-01   0.0000000e+00
   8.0000000e-01   7.2486038e-01   0.0000000e+00
   8.2000000e-01   7.1085729e-01   0.0000000e+00
   8.4000000e-01   6.9749786e-01   0.0000000e+00
   8.6000000e-01   6.8832224e-01   0.0000000e+00
   8.8000000e-01   6.7980169e-01   0.0000000e+00
   9.0000000e-01   6.7193622e-01   0.0000000e+00
   9.2000000e-01   6.6532388e-01   0.0000000e+00
   9.4000000e-01   6.5916512e-01   0.0000000e+00
   9.6000000e-01   6.5345996e-01   0.0000000e+00
   9.8000000e-01   6.4805987e-01   0.0000000e+00
   1.0000000e+00   6.4242075e-01   0.0000000e+00
   1.0200000e+00   6.3654261e-01   0.0000000e+00
   1.0400000e+00   6.3066446e-01   0.0000000e+00
   1.0600000e+00   6.2496499e-01   0.0000000e+00
   1.0800000e+00   6.1944421e-01   0.0000000e+00
   1.1000000e+00   6.1410044e-01   0.0000000e+00
   1.1200000e+00   6.0875667e-01   0.0000000e+00
   1.1400000e+00   6.0341290e-01   0.0000000e+00
   1.1600000e+00   5.9807650e-01   0.0000000e+00
   1.1800000e+00   5.9300361e-01   0.0000000e+00
   1.2000000e+00   5.8819421e-01   0.0000000e+00
   1.2200000e+00   5.8338482e-01   0.0000000e+00
   1.2400000e+00   5.7857543e-01   0.0000000e+00
   1.2600000e+00   5.7376603e-01   0.0000000e+00
   1.2800000e+00   5.6895664e-01   0.0000000e+00
   1.3000000e+00   5.6418479e-01   0.0000000e+00
   1.3200000e+00   5.5945049e-01   0.0000000e+00
   1.3400000e+00   5.5517547e-01   0.0000000e+00
   1.3600000e+00   5.5114685e-01   0.0000000e+00
   1.3800000e+00   5.4736464e-01   0.0000000e+00
   1.4000000e+00   5.4362400e-01   0.0000000e+00
   1.4200000e+00   5.4014284e-01   0.0000000e+00
   1.4400000e+00   5.3692114e-01   0.0000000e+00
   1.4600000e+00   5.3396364e-01   0.0000000e+00
   1.4800000e+00   5.3064071e-01   0.0000000e+00
   1.5000000e+00   5.2695236e-01   0.0000000e+00
   1.5200000e+00   5.2428048e-01   0.0000000e+00
   1.5400000e+00   5.2160859e-01   0.0000000e+00
   1.5600000e+00   5.1893670e-01   0.0000000e+00
   1.5800000e+00   5.1626482e-01   0.0000000e+00
   1.6000000e+00   5.1369820e-01   0.0000000e+00
   1.6200000e+00   5.1123684e-01   0.0000000e+00
   1.6400000e+00   5.0900547e-01   0.0000000e+00
   1.6600000e+00   5.0655384e-01   0.0000000e+00
   1.6800000e+00   5.0388196e-01   0.0000000e+00
   1.7000000e+00   5.0121007e-01   0.0000000e+00
   1.7200000e+00   4.9853819e-01   0.0000000e+00
   1.7400000e+00   4.9586630e-01   0.0000000e+00
   1.7600000e+00   4.9319442e-01   0.0000000e+00
   1.7800000e+00   4.9052253e-01   0.0000000e+00
   1.8000000e+00   4.8785064e-01   0.0000000e+00
   1.8200000e+00   4.8526859e-01   0.0000000e+00
   1.8400000e+00   4.8317600e-01   0.0000000e+00
   1.8600000e+00   4.8157287e-01   0.0000000e+00
   1.8800000e+00   4.7950711e-01   0.0000000e+00
   1.9000000e+00   4.7775144e-01   0.0000000e+00
   1.9200000e+00   4.7630586e-01   0.0000000e+00
   1.9400000e+00   4.7523710e-01   0.0000000e+00
   1.9600000e+00   4.7416835e-01   0.0000000e+00
   1.9800000e+00   4.7309960e-01   0.0000000e+00
   2.0000000e+00   4.7203084e-01   0.0000000e+00
   2.0200000e+00   4.7043174e-01   0.0000000e+00
   2.0400000e+00   4.6830229e-01   0.0000000e+00
   2.0600000e+00   4.6740583e-01   0.0000000e+00
   2.0800000e+00   4.6654190e-01   0.0000000e+00
   2.1000000e+00   4.6571051e-01   0.0000000e+00
   2.1200000e+00   4.6464175e-01   0.0000000e+00
   2.1400000e+00   4.6363669e-01   0.0000000e+00
   2.1600000e+00   4.6269531e-01   0.0000000e+00
   2.1800000e+00   4.6269531e-01   0.0000000e+00
   2.2000000e+00   4.6245461e-01   0.0000000e+00
   2.2200000e+00   4.6197321e-01   0.0000000e+00
   2.2400000e+00   4.6143883e-01   0.0000000e+00
   2.2600000e+00   4.6078042e-01   0.0000000e+00
   2.2800000e+00   4.5999797e-01   0.0000000e+00
   2.3000000e+00   4.5919203e-01   0.0000000e+00
   2.3200000e+00   4.5878169e-01   0.0000000e+00
   2.3400000e+00   4.5876695e-01   0.0000000e+00
   2.3600000e+00   4.5823257e-01   0.0000000e+00
   2.3800000e+00   4.5769819e-01   0.0000000e+00
   2.4000000e+00   4.5716382e-01   0.0000000e+00
   2.4200000e+00   4.5694523e-01   0.0000000e+00
   2.4400000e+00   4.5663681e-01   0.0000000e+00
   2.4600000e+00   4.5623856e-01   0.0000000e+00
   2.4800000e+00   4.5533473e-01   0.0000000e+00
   2.5000000e+00   4.5488281e-01   0.0000000e+00
   2.5200000e+00   4.5488281e-01   0.0000000e+00
   2.5400000e+00   4.5388247e-01   0.0000000e+00
   2.5600000e+00   4.5303967e-01   0.0000000e+00
   2.5800000e+00   4.5235443e-01   0.0000000e+00
   2.6000000e+00   4.5155320e-01   0.0000000e+00
   2.6200000e+00   4.5061822e-01   0.0000000e+00
   2.6400000e+00   4.4954946e-01   0.0000000e+00
   2.6600000e+00   4.4851422e-01   0.0000000e+00
   2.6800000e+00   4.4772941e-01   0.0000000e+00
   2.7000000e+00   4.4719504e-01   0.0000000e+00
   2.7200000e+00   4.4575821e-01   0.0000000e+00
   2.7400000e+00   4.4474007e-01   0.0000000e+00
   2.7600000e+00   4.4414063e-01   0.0000000e+00
   2.7800000e+00   4.4348693e-01   0.0000000e+00
   2.8000000e+00   4.4240914e-01   0.0000000e+00
   2.8200000e+00   4.4090724e-01   0.0000000e+00
   2.8400000e+00   4.3983848e-01   0.0000000e+00
   2.8600000e+00   4.3876973e-01   0.0000000e+00
   2.8800000e+00   4.3770098e-01   0.0000000e+00
   2.9000000e+00   4.3663222e-01   0.0000000e+00
   2.9200000e+00   4.3556347e-01   0.0000000e+00
   2.9400000e+00   4.3449471e-01   0.0000000e+00
   2.9600000e+00   4.3359491e-01   0.0000000e+00
   2.9800000e+00   4.3287782e-01   0.0000000e+00
   3.0000000e+00   4.3234344e-01   0.0000000e+00
   3.0200000e+00   4.3180907e-01   0.0000000e+00
   3.0400000e+00   4.3103969e-01   0.0000000e+00
   3.0600000e+00   4.3003531e-01   0.0000000e+00
   3.0800000e+00   4.2931989e-01   0.0000000e+00
   3.1000000e+00   4.2869500e-01   0.0000000e+00
   3.1200000e+00   4.2816062e-01   0.0000000e+00
   3.1400000e+00   4.2750624e-01   0.0000000e+00
   3.1600000e+00   4.2664801e-01   0.0000000e+00
   3.1800000e+00   4.2558594e-01   0.0000000e+00
   3.2000000e+00   4.2558594e-01   0.0000000e+00
   3.2200000e+00   4.2516488e-01   0.0000000e+00
   3.2400000e+00   4.2432278e-01   0.0000000e+00
   3.2600000e+00   4.2355841e-01   0.0000000e+00
   3.2800000e+00   4.2290904e-01   0.0000000e+00
   3.3000000e+00   4.2237466e-01   0.0000000e+00
   3.3200000e+00   4.2191135e-01   0.0000000e+00
   3.3400000e+00   4.2167969e-01   0.0000000e+00
   3.3600000e+00   4.2167969e-01   0.0000000e+00
   3.3800000e+00   4.2070214e-01   0.0000000e+00
   3.4000000e+00   4.1986505e-01   0.0000000e+00
   3.4200000e+00   4.1916840e-01   0.0000000e+00
   3.4400000e+00   4.1863402e-01   0.0000000e+00
   3.4600000e+00   4.1816904e-01   0.0000000e+00
   3.4800000e+00   4.1777344e-01   0.0000000e+00
   3.5000000e+00   4.1772921e-01   0.0000000e+00
   3.5200000e+00   4.1717272e-01   0.0000000e+00
   3.5400000e+00   4.1610397e-01   0.0000000e+00
   3.5600000e+00   4.1591486e-01   0.0000000e+00
   3.5800000e+00   4.1565873e-01   0.0000000e+00
   3.6000000e+00   4.1533557e-01   0.0000000e+00
   3.6200000e+00   4.1500769e-01   0.0000000e+00
   3.6400000e+00   4.1479883e-01   0.0000000e+00
   3.6600000e+00   4.1470900e-01   0.0000000e+00
   3.6800000e+00   4.1417462e-01   0.0000000e+00
   3.7000000e+00   4.1389402e-01   0.0000000e+00
   3.7200000e+00   4.1386719e-01   0.0000000e+00
   3.7400000e+00   4.1425807e-01   0.0000000e+00
   2.0400000e+00   7.4973334e-01   1.0000000e+00
   2.0600000e+00   7.4664777e-01   1.0000000e+00
   2.0800000e+00   7.4350185e-01   1.0000000e+00
   2.1000000e+00   7.4029559e-01   1.0000000e+00
   2.1200000e+00   7.3708933e-01   1.0000000e+00
   2.1400000e+00   7.3394675e-01   1.0000000e+00
   2.1600000e+00   7.3086787e-01   1.0000000e+00
   2.1800000e+00   7.2873036e-01   1.0000000e+00
   2.2000000e+00   7.2611145e-01   1.0000000e+00
   2.2200000e+00   7.2301114e-01   1.0000000e+00
   2.2400000e+00   7.1980488e-01   1.0000000e+00
   2.2600000e+00   7.1684669e-01   1.0000000e+00
   2.2800000e+00   7.1413657e-01   1.0000000e+00
   2.3000000e+00   7.1186766e-01   1.0000000e+00
   2.3200000e+00   7.0940463e-01   1.0000000e+00
   2.3400000e+00   7.0674748e-01   1.0000000e+00
   2.3600000e+00   7.0460997e-01   1.0000000e+00
   2.3800000e+00   7.0268869e-01   1.0000000e+00
   2.4000000e+00   7.0098364e-01   1.0000000e+00
   2.4200000e+00   6.9938051e-01   1.0000000e+00
   2.4400000e+00   6.9777738e-01   1.0000000e+00
   2.4600000e+00   6.9617425e-01   1.0000000e+00
   2.4800000e+00   6.9465358e-01   1.0000000e+00
   2.5000000e+00   6.9335886e-01   1.0000000e+00
   2.5200000e+00   6.9229011e-01   1.0000000e+00
   2.5400000e+00   6.9122136e-01   1.0000000e+00
   2.5600000e+00   6.8976909e-01   1.0000000e+00
   2.5800000e+00   6.8793332e-01   1.0000000e+00
   2.6000000e+00   6.8606266e-01   1.0000000e+00
   2.6200000e+00   6.8432576e-01   1.0000000e+00
   2.6400000e+00   6.8272263e-01   1.0000000e+00
   2.6600000e+00   6.8108598e-01   1.0000000e+00
   2.6800000e+00   6.7919891e-01   1.0000000e+00
   2.7000000e+00   6.7706140e-01   1.0000000e+00
   2.7200000e+00   6.7582634e-01   1.0000000e+00
   2.7400000e+00   6.7484172e-01   1.0000000e+00
   2.7600000e+00   6.7410753e-01   1.0000000e+00
   2.7800000e+00   6.7335526e-01   1.0000000e+00
   2.8000000e+00   6.7244474e-01   1.0000000e+00
   2.8200000e+00   6.7137599e-01   1.0000000e+00
   2.8400000e+00   6.7030723e-01   1.0000000e+00
   2.8600000e+00   6.6923848e-01   1.0000000e+00
   2.8800000e+00   6.6816972e-01   1.0000000e+00
   2.9000000e+00   6.6710097e-01   1.0000000e+00
   2.9200000e+00   6.6588941e-01   1.0000000e+00
   2.9400000e+00   6.6453504e-01   1.0000000e+00
   2.9600000e+00   6.6310086e-01   1.0000000e+00
   2.9800000e+00   6.6179711e-01   1.0000000e+00
   3.0000000e+00   6.6062378e-01   1.0000000e+00
   3.0200000e+00   6.5848627e-01   1.0000000e+00
   3.0400000e+00   6.5681876e-01   1.0000000e+00
   3.0600000e+00   6.5562125e-01   1.0000000e+00
   3.0800000e+00   6.5384583e-01   1.0000000e+00
   3.1000000e+00   6.5212603e-01   1.0000000e+00
   3.1200000e+00   6.5046186e-01   1.0000000e+00
   3.1400000e+00   6.4939311e-01   1.0000000e+00
   3.1600000e+00   6.4832603e-01   1.0000000e+00
   3.1800000e+00   6.4726061e-01   1.0000000e+00
   3.2000000e+00   6.4672624e-01   1.0000000e+00
   3.2200000e+00   6.4598133e-01   1.0000000e+00
   3.2400000e+00   6.4502590e-01   1.0000000e+00
   3.2600000e+00   6.4395715e-01   1.0000000e+00
   3.2800000e+00   6.4288839e-01   1.0000000e+00
   3.3000000e+00   6.4181964e-01   1.0000000e+00
   3.3200000e+00   6.4082195e-01   1.0000000e+00
   3.3400000e+00   6.4005591e-01   1.0000000e+00
   3.3600000e+00   6.3952153e-01   1.0000000e+00
   3.3800000e+00   6.3800961e-01   1.0000000e+00
   3.4000000e+00   6.3645209e-01   1.0000000e+00
   3.4200000e+00   6.3484895e-01   1.0000000e+00
   3.4400000e+00   6.3350127e-01   1.0000000e+00
   3.4600000e+00   6.3236243e-01   1.0000000e+00
   3.4800000e+00   6.3143246e-01   1.0000000e+00
   3.5000000e+00   6.3087597e-01   1.0000000e+00
   3.5200000e+00   6.3006334e-01   1.0000000e+00
   3.5400000e+00   6.2899459e-01   1.0000000e+00
   3.5600000e+00   6.2836566e-01   1.0000000e+00
