   6.0000000e-01   9.5066992e-01   0.0000000e+00
   6.2000000e-01   9.3094829e-01   0.0000000e+00
   6.4000000e-01   9.0786383e-01   0.0000000e+00
   6.6000000e-01   8.8141654e-01   0.0000000e+00
   6.8000000e-01   8.5149143e-01   0.0000000e+00
   7.0000000e-01   8.2543600e-01   0.0000000e+00
   7.2000000e-01   8.0325026e-01   0.0000000e+00
   7.4000000e-01   7.8308674e-01   0.0000000e+00
   7.6000000e-01   7.6400672e-01   0.0000000e+00
   7.8000000e-01   7.4601019e-01   0.0000000e+00
   8.0000000e-01   7.3009221e-01   0.0000000e+00
   8.2000000e-01   7.1331599e-01   0.0000000e+00
   8.4000000e-01   6.9568155e-01   0.0000000e+00
   8.6000000e-01   6.8536877e-01   0.0000000e+00
   8.8000000e-01   6.7594842e-01   0.0000000e+00
   9.0000000e-01   6.6742050e-01   0.0000000e+00
   9.2000000e-01   6.6027378e-01   0.0000000e+00
   9.4000000e-01   6.5366714e-01   0.0000000e+00
   9.6000000e-01   6.4760058e-01   0.0000000e+00
   9.8000000e-01   6.4225681e-01   0.0000000e+00
   1.0000000e+00   6.3691304e-01   0.0000000e+00
   1.0200000e+00   6.3156927e-01   0.0000000e+00
   1.0400000e+00   6.2575147e-01   0.0000000e+00
   1.0600000e+00   6.2008218e-01   0.0000000e+00
   1.0800000e+00   6.1456140e-01   0.0000000e+00
   1.1000000e+00   6.0921763e-01   0.0000000e+00
   1.1200000e+00   6.0399789e-01   0.0000000e+00
   1.1400000e+00   5.9890219e-01   0.0000000e+00
   1.1600000e+00   5.9461244e-01   0.0000000e+00
   1.1800000e+00   5.8979567e-01   0.0000000e+00
   1.2000000e+00   5.8445190e-01   0.0000000e+00
   1.2200000e+00   5.7953322e-01   0.0000000e+00
   1.2400000e+00   5.7466918e-01   0.0000000e+00
   1.2600000e+00   5.6985978e-01   0.0000000e+00
   1.2800000e+00   5.6505039e-01   0.0000000e+00
   1.3000000e+00   5.6027854e-01   0.0000000e+00
   1.3200000e+00   5.5554424e-01   0.0000000e+00
   1.3400000e+00   5.5126922e-01   0.0000000e+00
   1.3600000e+00   5.4699420e-01   0.0000000e+00
   1.3800000e+00   5.4271919e-01   0.0000000e+00
   1.4000000e+00   5.3882031e-01   0.0000000e+00
   1.4200000e+00   5.3487081e-01   0.0000000e+00
   1.4400000e+00   5.3087070e-01   0.0000000e+00
   1.4600000e+00   5.2673849e-01   0.0000000e+00
   1.4800000e+00   5.2280207e-01   0.0000000e+00
   1.5000000e+00   5.1906143e-01   0.0000000e+00
   1.5200000e+00   5.1532079e-01   0.0000000e+00
   1.5400000e+00   5.1202401e-01   0.0000000e+00
   1.5600000e+00   5.0917108e-01   0.0000000e+00
   1.5800000e+00   5.0617200e-01   0.0000000e+00
   1.6000000e+00   5.0306933e-01   0.0000000e+00
   1.6200000e+00   4.9986307e-01   0.0000000e+00
   1.6400000e+00   4.9665681e-01   0.0000000e+00
   1.6600000e+00   4.9345055e-01   0.0000000e+00
   1.6800000e+00   4.9024428e-01   0.0000000e+00
   1.7000000e+00   4.8806117e-01   0.0000000e+00
   1.7200000e+00   4.8590086e-01   0.0000000e+00
   1.7400000e+00   4.8376335e-01   0.0000000e+00
   1.7600000e+00   4.8162584e-01   0.0000000e+00
   1.7800000e+00   4.7956913e-01   0.0000000e+00
   1.8000000e+00   4.7759320e-01   0.0000000e+00
   1.8200000e+00   4.7599007e-01   0.0000000e+00
   1.8400000e+00   4.7438694e-01   0.0000000e+00
   1.8600000e+00   4.7278381e-01   0.0000000e+00
   1.8800000e+00   4.7118068e-01   0.0000000e+00
   1.9000000e+00   4.6975053e-01   0.0000000e+00
   1.9200000e+00   4.6849336e-01   0.0000000e+00
   1.9400000e+00   4.6742460e-01   0.0000000e+00
   1.9600000e+00   4.6641217e-01   0.0000000e+00
   1.9800000e+00   4.6545605e-01   0.0000000e+00
   2.0000000e+00   4.6492167e-01   0.0000000e+00
   2.0200000e+00   4.6412212e-01   0.0000000e+00
   2.0400000e+00   4.6305740e-01   0.0000000e+00
   2.0600000e+00   4.6198864e-01   0.0000000e+00
   2.0800000e+00   4.6091989e-01   0.0000000e+00
   2.1000000e+00   4.5985113e-01   0.0000000e+00
   2.1200000e+00   4.5896273e-01   0.0000000e+00
   2.1400000e+00   4.5828319e-01   0.0000000e+00
   2.1600000e+00   4.5781250e-01   0.0000000e+00
   2.1800000e+00   4.5781250e-01   0.0000000e+00
   2.2000000e+00   4.5757180e-01   0.0000000e+00
   2.2200000e+00   4.5709040e-01   0.0000000e+00
   2.2400000e+00   4.5655602e-01   0.0000000e+00
   2.2600000e+00   4.5602164e-01   0.0000000e+00
   2.2800000e+00   4.5548727e-01   0.0000000e+00
   2.3000000e+00   4.5508430e-01   0.0000000e+00
   2.3200000e+00   4.5487544e-01   0.0000000e+00
   2.3400000e+00   4.5486070e-01   0.0000000e+00
   2.3600000e+00   4.5432632e-01   0.0000000e+00
   2.3800000e+00   4.5400817e-01   0.0000000e+00
   2.4000000e+00   4.5390625e-01   0.0000000e+00
   2.4200000e+00   4.5390625e-01   0.0000000e+00
   2.4400000e+00   4.5390625e-01   0.0000000e+00
   2.4600000e+00   4.5390625e-01   0.0000000e+00
   2.4800000e+00   4.5382379e-01   0.0000000e+00
   2.5000000e+00   4.5351537e-01   0.0000000e+00
   2.5200000e+00   4.5298099e-01   0.0000000e+00
   2.5400000e+00   4.5294679e-01   0.0000000e+00
   2.5600000e+00   4.5254618e-01   0.0000000e+00
   2.5800000e+00   4.5177916e-01   0.0000000e+00
   2.6000000e+00   4.5124410e-01   0.0000000e+00
   2.6200000e+00   4.5082638e-01   0.0000000e+00
   2.6400000e+00   4.5052602e-01   0.0000000e+00
   2.6600000e+00   4.4949078e-01   0.0000000e+00
   2.6800000e+00   4.4870598e-01   0.0000000e+00
   2.7000000e+00   4.4817160e-01   0.0000000e+00
   2.7200000e+00   4.4718600e-01   0.0000000e+00
   2.7400000e+00   4.4615882e-01   0.0000000e+00
   2.7600000e+00   4.4509006e-01   0.0000000e+00
   2.7800000e+00   4.4445710e-01   0.0000000e+00
   2.8000000e+00   4.4403939e-01   0.0000000e+00
   2.8200000e+00   4.4383692e-01   0.0000000e+00
   2.8400000e+00   4.4276817e-01   0.0000000e+00
   2.8600000e+00   4.4169942e-01   0.0000000e+00
   2.8800000e+00   4.4063066e-01   0.0000000e+00
   2.9000000e+00   4.3996419e-01   0.0000000e+00
   2.9200000e+00   4.3907815e-01   0.0000000e+00
   2.9400000e+00   4.3797254e-01   0.0000000e+00
   2.9600000e+00   4.3670731e-01   0.0000000e+00
   2.9800000e+00   4.3578137e-01   0.0000000e+00
   3.0000000e+00   4.3519470e-01   0.0000000e+00
   3.0200000e+00   4.3412595e-01   0.0000000e+00
   3.0400000e+00   4.3329219e-01   0.0000000e+00
   3.0600000e+00   4.3269344e-01   0.0000000e+00
   3.0800000e+00   4.3145239e-01   0.0000000e+00
   3.1000000e+00   4.3026697e-01   0.0000000e+00
   3.1200000e+00   4.2913718e-01   0.0000000e+00
   3.1400000e+00   4.2860280e-01   0.0000000e+00
   3.1600000e+00   4.2806676e-01   0.0000000e+00
   3.1800000e+00   4.2752904e-01   0.0000000e+00
   3.2000000e+00   4.2646028e-01   0.0000000e+00
   3.2200000e+00   4.2539153e-01   0.0000000e+00
   3.2400000e+00   4.2432278e-01   0.0000000e+00
   3.2600000e+00   4.2355841e-01   0.0000000e+00
   3.2800000e+00   4.2290904e-01   0.0000000e+00
   3.3000000e+00   4.2237466e-01   0.0000000e+00
   3.3200000e+00   4.2184029e-01   0.0000000e+00
   3.3400000e+00   4.2130591e-01   0.0000000e+00
   3.3600000e+00   4.2077153e-01   0.0000000e+00
   3.3800000e+00   4.2023716e-01   0.0000000e+00
   3.4000000e+00   4.1970278e-01   0.0000000e+00
   3.4200000e+00   4.1916840e-01   0.0000000e+00
   3.4400000e+00   4.1888947e-01   0.0000000e+00
   3.4600000e+00   4.1868061e-01   0.0000000e+00
   3.4800000e+00   4.1854183e-01   0.0000000e+00
   3.5000000e+00   4.1802957e-01   0.0000000e+00
   3.5200000e+00   4.1777344e-01   0.0000000e+00
   3.5400000e+00   4.1777344e-01   0.0000000e+00
   3.5600000e+00   4.1733361e-01   0.0000000e+00
   3.5800000e+00   4.1684651e-01   0.0000000e+00
   3.6000000e+00   4.1631213e-01   0.0000000e+00
   2.0700000e+00   7.3169759e-01   1.0000000e+00
   2.0900000e+00   7.2985710e-01   1.0000000e+00
   2.1100000e+00   7.2813529e-01   1.0000000e+00
   2.1300000e+00   7.2653216e-01   1.0000000e+00
   2.1500000e+00   7.2480165e-01   1.0000000e+00
   2.1700000e+00   7.2260046e-01   1.0000000e+00
   2.1900000e+00   7.1992857e-01   1.0000000e+00
   2.2100000e+00   7.1725669e-01   1.0000000e+00
   2.2300000e+00   7.1476717e-01   1.0000000e+00
   2.2500000e+00   7.1246002e-01   1.0000000e+00
   2.2700000e+00   7.1032251e-01   1.0000000e+00
   2.2900000e+00   7.0818500e-01   1.0000000e+00
   2.3100000e+00   7.0604750e-01   1.0000000e+00
   2.3300000e+00   7.0392473e-01   1.0000000e+00
   2.3500000e+00   7.0206178e-01   1.0000000e+00
   2.3700000e+00   7.0045865e-01   1.0000000e+00
   2.3900000e+00   6.9842306e-01   1.0000000e+00
   2.4100000e+00   6.9665231e-01   1.0000000e+00
   2.4300000e+00   6.9514638e-01   1.0000000e+00
   2.4500000e+00   6.9407763e-01   1.0000000e+00
   2.4700000e+00   6.9300887e-01   1.0000000e+00
   2.4900000e+00   6.9194012e-01   1.0000000e+00
   2.5100000e+00   6.9087136e-01   1.0000000e+00
   2.5300000e+00   6.8980261e-01   1.0000000e+00
   2.5500000e+00   6.8873385e-01   1.0000000e+00
   2.5700000e+00   6.8766510e-01   1.0000000e+00
   2.5900000e+00   6.8659635e-01   1.0000000e+00
   2.6100000e+00   6.8552759e-01   1.0000000e+00
   2.6300000e+00   6.8430866e-01   1.0000000e+00
   2.6500000e+00   6.8288087e-01   1.0000000e+00
   2.6700000e+00   6.8124422e-01   1.0000000e+00
   2.6900000e+00   6.7910672e-01   1.0000000e+00
   2.7100000e+00   6.7742044e-01   1.0000000e+00
   2.7300000e+00   6.7618538e-01   1.0000000e+00
   2.7500000e+00   6.7444750e-01   1.0000000e+00
   2.7700000e+00   6.7261876e-01   1.0000000e+00
   2.7900000e+00   6.7069915e-01   1.0000000e+00
   2.8100000e+00   6.6919725e-01   1.0000000e+00
   2.8300000e+00   6.6791192e-01   1.0000000e+00
   2.8500000e+00   6.6684317e-01   1.0000000e+00
   2.8700000e+00   6.6629336e-01   1.0000000e+00
   2.8900000e+00   6.6575127e-01   1.0000000e+00
   2.9100000e+00   6.6521689e-01   1.0000000e+00
   2.9300000e+00   6.6468251e-01   1.0000000e+00
   2.9500000e+00   6.6406366e-01   1.0000000e+00
   2.9700000e+00   6.6336033e-01   1.0000000e+00
   2.9900000e+00   6.6229158e-01   1.0000000e+00
   3.0100000e+00   6.6122282e-01   1.0000000e+00
   3.0300000e+00   6.6015407e-01   1.0000000e+00
   3.0500000e+00   6.5908532e-01   1.0000000e+00
   3.0700000e+00   6.5783989e-01   1.0000000e+00
   3.0900000e+00   6.5641781e-01   1.0000000e+00
   3.1100000e+00   6.5410466e-01   1.0000000e+00
   3.1300000e+00   6.5116495e-01   1.0000000e+00
   3.1500000e+00   6.4759867e-01   1.0000000e+00
