   6.0000000e-01   9.4220874e-01   0.0000000e+00
   6.2000000e-01   9.2019539e-01   0.0000000e+00
   6.4000000e-01   8.9481686e-01   0.0000000e+00
   6.6000000e-01   8.6607313e-01   0.0000000e+00
   6.8000000e-01   8.3881990e-01   0.0000000e+00
   7.0000000e-01   8.1520873e-01   0.0000000e+00
   7.2000000e-01   7.9523962e-01   0.0000000e+00
   7.4000000e-01   7.7619783e-01   0.0000000e+00
   7.6000000e-01   7.5783490e-01   0.0000000e+00
   7.8000000e-01   7.4015082e-01   0.0000000e+00
   8.0000000e-01   7.2486441e-01   0.0000000e+00
   8.2000000e-01   7.1000712e-01   0.0000000e+00
   8.4000000e-01   6.9557894e-01   0.0000000e+00
   8.6000000e-01   6.8690349e-01   0.0000000e+00
   8.8000000e-01   6.7869706e-01   0.0000000e+00
   9.0000000e-01   6.7095965e-01   0.0000000e+00
   9.2000000e-01   6.6463696e-01   0.0000000e+00
   9.4000000e-01   6.5863075e-01   0.0000000e+00
   9.6000000e-01   6.5294101e-01   0.0000000e+00
   9.8000000e-01   6.4658481e-01   0.0000000e+00
   1.0000000e+00   6.4046763e-01   0.0000000e+00
   1.0200000e+00   6.3458948e-01   0.0000000e+00
   1.0400000e+00   6.2918536e-01   0.0000000e+00
   1.0600000e+00   6.2399010e-01   0.0000000e+00
   1.0800000e+00   6.1900370e-01   0.0000000e+00
   1.1000000e+00   6.1347220e-01   0.0000000e+00
   1.1200000e+00   6.0768625e-01   0.0000000e+00
   1.1400000e+00   6.0164583e-01   0.0000000e+00
   1.1600000e+00   5.9682906e-01   0.0000000e+00
   1.1800000e+00   5.9174880e-01   0.0000000e+00
   1.2000000e+00   5.8640503e-01   0.0000000e+00
   1.2200000e+00   5.8148634e-01   0.0000000e+00
   1.2400000e+00   5.7662230e-01   0.0000000e+00
   1.2600000e+00   5.7181291e-01   0.0000000e+00
   1.2800000e+00   5.6700351e-01   0.0000000e+00
   1.3000000e+00   5.6226921e-01   0.0000000e+00
   1.3200000e+00   5.5761000e-01   0.0000000e+00
   1.3400000e+00   5.5386936e-01   0.0000000e+00
   1.3600000e+00   5.4988232e-01   0.0000000e+00
   1.3800000e+00   5.4564887e-01   0.0000000e+00
   1.4000000e+00   5.4250227e-01   0.0000000e+00
   1.4200000e+00   5.3933355e-01   0.0000000e+00
   1.4400000e+00   5.3614272e-01   0.0000000e+00
   1.4600000e+00   5.3254489e-01   0.0000000e+00
   1.4800000e+00   5.2914285e-01   0.0000000e+00
   1.5000000e+00   5.2593658e-01   0.0000000e+00
   1.5200000e+00   5.2273032e-01   0.0000000e+00
   1.5400000e+00   5.1974599e-01   0.0000000e+00
   1.5600000e+00   5.1698358e-01   0.0000000e+00
   1.5800000e+00   5.1398450e-01   0.0000000e+00
   1.6000000e+00   5.1098710e-01   0.0000000e+00
   1.6200000e+00   5.0799136e-01   0.0000000e+00
   1.6400000e+00   5.0531948e-01   0.0000000e+00
   1.6600000e+00   5.0264759e-01   0.0000000e+00
   1.6800000e+00   4.9997571e-01   0.0000000e+00
   1.7000000e+00   4.9730382e-01   0.0000000e+00
   1.7200000e+00   4.9463194e-01   0.0000000e+00
   1.7400000e+00   4.9196005e-01   0.0000000e+00
   1.7600000e+00   4.8928817e-01   0.0000000e+00
   1.7800000e+00   4.8677786e-01   0.0000000e+00
   1.8000000e+00   4.8442914e-01   0.0000000e+00
   1.8200000e+00   4.8282601e-01   0.0000000e+00
   1.8400000e+00   4.8122287e-01   0.0000000e+00
   1.8600000e+00   4.7961974e-01   0.0000000e+00
   1.8800000e+00   4.7755398e-01   0.0000000e+00
   1.9000000e+00   4.7579831e-01   0.0000000e+00
   1.9200000e+00   4.7435273e-01   0.0000000e+00
   1.9400000e+00   4.7328398e-01   0.0000000e+00
   1.9600000e+00   4.7221523e-01   0.0000000e+00
   1.9800000e+00   4.7114647e-01   0.0000000e+00
   2.0000000e+00   4.7007772e-01   0.0000000e+00
   2.0200000e+00   4.6874379e-01   0.0000000e+00
   2.0400000e+00   4.6714469e-01   0.0000000e+00
   2.0600000e+00   4.6595524e-01   0.0000000e+00
   2.0800000e+00   4.6482614e-01   0.0000000e+00
   2.1000000e+00   4.6375738e-01   0.0000000e+00
   2.1200000e+00   4.6304934e-01   0.0000000e+00
   2.1400000e+00   4.6263162e-01   0.0000000e+00
   2.1600000e+00   4.6250425e-01   0.0000000e+00
   2.1800000e+00   4.6143549e-01   0.0000000e+00
   2.2000000e+00   4.6060744e-01   0.0000000e+00
   2.2200000e+00   4.6002009e-01   0.0000000e+00
   2.2400000e+00   4.5948571e-01   0.0000000e+00
   2.2600000e+00   4.5895133e-01   0.0000000e+00
   2.2800000e+00   4.5841695e-01   0.0000000e+00
   2.3000000e+00   4.5801399e-01   0.0000000e+00
   2.3200000e+00   4.5781250e-01   0.0000000e+00
   2.3400000e+00   4.5781250e-01   0.0000000e+00
   2.3600000e+00   4.5781250e-01   0.0000000e+00
   2.3800000e+00   4.5759627e-01   0.0000000e+00
   2.4000000e+00   4.5716382e-01   0.0000000e+00
   2.4200000e+00   4.5631365e-01   0.0000000e+00
   2.4400000e+00   4.5555332e-01   0.0000000e+00
   2.4600000e+00   4.5488281e-01   0.0000000e+00
   2.4800000e+00   4.5471789e-01   0.0000000e+00
   2.5000000e+00   4.5410105e-01   0.0000000e+00
   2.5200000e+00   4.5303230e-01   0.0000000e+00
   2.5400000e+00   4.5296389e-01   0.0000000e+00
   2.5600000e+00   4.5254618e-01   0.0000000e+00
   2.5800000e+00   4.5177916e-01   0.0000000e+00
   2.6000000e+00   4.5071041e-01   0.0000000e+00
   2.6200000e+00   4.4971674e-01   0.0000000e+00
   2.6400000e+00   4.4879817e-01   0.0000000e+00
   2.6600000e+00   4.4823028e-01   0.0000000e+00
   2.6800000e+00   4.4741195e-01   0.0000000e+00
   2.7000000e+00   4.4634320e-01   0.0000000e+00
   2.7200000e+00   4.4527445e-01   0.0000000e+00
   2.7400000e+00   4.4437297e-01   0.0000000e+00
   2.7600000e+00   4.4363878e-01   0.0000000e+00
   2.7800000e+00   4.4266861e-01   0.0000000e+00
   2.8000000e+00   4.4148319e-01   0.0000000e+00
   2.8200000e+00   4.4008253e-01   0.0000000e+00
   2.8400000e+00   4.3954815e-01   0.0000000e+00
   2.8600000e+00   4.3875430e-01   0.0000000e+00
   2.8800000e+00   4.3770098e-01   0.0000000e+00
   2.9000000e+00   4.3663222e-01   0.0000000e+00
   2.9200000e+00   4.3556347e-01   0.0000000e+00
   2.9400000e+00   4.3449471e-01   0.0000000e+00
   2.9600000e+00   4.3359491e-01   0.0000000e+00
   2.9800000e+00   4.3287782e-01   0.0000000e+00
   3.0000000e+00   4.3234344e-01   0.0000000e+00
   3.0200000e+00   4.3180907e-01   0.0000000e+00
   3.0400000e+00   4.3103969e-01   0.0000000e+00
   3.0600000e+00   4.3003531e-01   0.0000000e+00
   3.0800000e+00   4.2931989e-01   0.0000000e+00
   3.1000000e+00   4.2869500e-01   0.0000000e+00
   3.1200000e+00   4.2816062e-01   0.0000000e+00
   3.1400000e+00   4.2750624e-01   0.0000000e+00
   3.1600000e+00   4.2664634e-01   0.0000000e+00
   3.1800000e+00   4.2558093e-01   0.0000000e+00
   3.2000000e+00   4.2504655e-01   0.0000000e+00
   3.2200000e+00   4.2451217e-01   0.0000000e+00
   3.2400000e+00   4.2397779e-01   0.0000000e+00
   3.2600000e+00   4.2344342e-01   0.0000000e+00
   3.2800000e+00   4.2290904e-01   0.0000000e+00
   3.3000000e+00   4.2237466e-01   0.0000000e+00
   3.3200000e+00   4.2184029e-01   0.0000000e+00
   3.3400000e+00   4.2130591e-01   0.0000000e+00
   3.3600000e+00   4.2077153e-01   0.0000000e+00
   3.3800000e+00   4.2023716e-01   0.0000000e+00
   3.4000000e+00   4.1951672e-01   0.0000000e+00
   3.4200000e+00   4.1861024e-01   0.0000000e+00
   3.4400000e+00   4.1805237e-01   0.0000000e+00
   3.4600000e+00   4.1770405e-01   0.0000000e+00
   3.4800000e+00   4.1756527e-01   0.0000000e+00
   3.5000000e+00   4.1703089e-01   0.0000000e+00
   3.5200000e+00   4.1649652e-01   0.0000000e+00
   3.5400000e+00   4.1596214e-01   0.0000000e+00
   3.5600000e+00   4.1586759e-01   0.0000000e+00
   3.5800000e+00   4.1582031e-01   0.0000000e+00
   3.6000000e+00   4.1582031e-01   0.0000000e+00
   3.6200000e+00   4.1561382e-01   0.0000000e+00
   3.6400000e+00   4.1528830e-01   0.0000000e+00
   3.6600000e+00   4.1484375e-01   0.0000000e+00
   3.6800000e+00   4.1484375e-01   0.0000000e+00
   3.7000000e+00   4.1458998e-01   0.0000000e+00
   3.7200000e+00   4.1408243e-01   0.0000000e+00
   3.7400000e+00   4.1432982e-01   0.0000000e+00
   2.0700000e+00   7.3870646e-01   1.0000000e+00
   2.0900000e+00   7.3716171e-01   1.0000000e+00
   2.1100000e+00   7.3487639e-01   1.0000000e+00
   2.1300000e+00   7.3185048e-01   1.0000000e+00
   2.1500000e+00   7.2917859e-01   1.0000000e+00
   2.1700000e+00   7.2650671e-01   1.0000000e+00
   2.1900000e+00   7.2383482e-01   1.0000000e+00
   2.2100000e+00   7.2116294e-01   1.0000000e+00
   2.2300000e+00   7.1849105e-01   1.0000000e+00
   2.2500000e+00   7.1581917e-01   1.0000000e+00
   2.2700000e+00   7.1339535e-01   1.0000000e+00
   2.2900000e+00   7.1104899e-01   1.0000000e+00
   2.3100000e+00   7.0878007e-01   1.0000000e+00
   2.3300000e+00   7.0612293e-01   1.0000000e+00
   2.3500000e+00   7.0372560e-01   1.0000000e+00
   2.3700000e+00   7.0158810e-01   1.0000000e+00
   2.3900000e+00   6.9988304e-01   1.0000000e+00
   2.4100000e+00   6.9838685e-01   1.0000000e+00
   2.4300000e+00   6.9709951e-01   1.0000000e+00
   2.4500000e+00   6.9603075e-01   1.0000000e+00
   2.4700000e+00   6.9492077e-01   1.0000000e+00
   2.4900000e+00   6.9376955e-01   1.0000000e+00
   2.5100000e+00   6.9216642e-01   1.0000000e+00
   2.5300000e+00   6.9106346e-01   1.0000000e+00
   2.5500000e+00   6.9046068e-01   1.0000000e+00
   2.5700000e+00   6.8877577e-01   1.0000000e+00
   2.5900000e+00   6.8713141e-01   1.0000000e+00
   2.6100000e+00   6.8552759e-01   1.0000000e+00
   2.6300000e+00   6.8415848e-01   1.0000000e+00
   2.6500000e+00   6.8242193e-01   1.0000000e+00
   2.6700000e+00   6.8031793e-01   1.0000000e+00
   2.6900000e+00   6.7871480e-01   1.0000000e+00
   2.7100000e+00   6.7711167e-01   1.0000000e+00
   2.7300000e+00   6.7550854e-01   1.0000000e+00
   2.7500000e+00   6.7423997e-01   1.0000000e+00
   2.7700000e+00   6.7307131e-01   1.0000000e+00
   2.7900000e+00   6.7200256e-01   1.0000000e+00
   2.8100000e+00   6.7103504e-01   1.0000000e+00
   2.8300000e+00   6.7028409e-01   1.0000000e+00
   2.8500000e+00   6.6974971e-01   1.0000000e+00
   2.8700000e+00   6.6869639e-01   1.0000000e+00
   2.8900000e+00   6.6763535e-01   1.0000000e+00
   2.9100000e+00   6.6656659e-01   1.0000000e+00
   2.9300000e+00   6.6549784e-01   1.0000000e+00
   2.9500000e+00   6.6434461e-01   1.0000000e+00
   2.9700000e+00   6.6310690e-01   1.0000000e+00
   2.9900000e+00   6.6155606e-01   1.0000000e+00
   3.0100000e+00   6.6024626e-01   1.0000000e+00
   3.0300000e+00   6.5917751e-01   1.0000000e+00
   3.0500000e+00   6.5763875e-01   1.0000000e+00
   3.0700000e+00   6.5589114e-01   1.0000000e+00
   3.0900000e+00   6.5393468e-01   1.0000000e+00
   3.1100000e+00   6.5227051e-01   1.0000000e+00
   3.1300000e+00   6.5084405e-01   1.0000000e+00
   3.1500000e+00   6.4965529e-01   1.0000000e+00
   3.1700000e+00   6.4805884e-01   1.0000000e+00
   3.1900000e+00   6.4699342e-01   1.0000000e+00
   3.2100000e+00   6.4645905e-01   1.0000000e+00
   3.2300000e+00   6.4466151e-01   1.0000000e+00
   3.2500000e+00   6.4315057e-01   1.0000000e+00
   3.2700000e+00   6.4192623e-01   1.0000000e+00
   3.2900000e+00   6.4139185e-01   1.0000000e+00
   3.3100000e+00   6.4082195e-01   1.0000000e+00
   3.3300000e+00   6.4021651e-01   1.0000000e+00
   3.3500000e+00   6.3914775e-01   1.0000000e+00
   3.3700000e+00   6.3783461e-01   1.0000000e+00
   3.3900000e+00   6.3627709e-01   1.0000000e+00
   3.4100000e+00   6.3504606e-01   1.0000000e+00
   3.4300000e+00   6.3402390e-01   1.0000000e+00
   3.4500000e+00   6.3321059e-01   1.0000000e+00
   3.4700000e+00   6.3267621e-01   1.0000000e+00
   3.4900000e+00   6.3214183e-01   1.0000000e+00
   3.5100000e+00   6.3160745e-01   1.0000000e+00
   3.5300000e+00   6.3107308e-01   1.0000000e+00
   3.5500000e+00   6.3097853e-01   1.0000000e+00
   3.5700000e+00   6.3132380e-01   1.0000000e+00
