   6.0000000e-01   9.5994372e-01   0.0000000e+00
   6.2000000e-01   9.4342836e-01   0.0000000e+00
   6.4000000e-01   9.2355016e-01   0.0000000e+00
   6.6000000e-01   9.0030914e-01   0.0000000e+00
   6.8000000e-01   8.7359028e-01   0.0000000e+00
   7.0000000e-01   8.4983060e-01   0.0000000e+00
   7.2000000e-01   8.2903010e-01   0.0000000e+00
   7.4000000e-01   8.1027392e-01   0.0000000e+00
   7.6000000e-01   7.9258818e-01   0.0000000e+00
   7.8000000e-01   7.7597285e-01   0.0000000e+00
   8.0000000e-01   7.6154467e-01   0.0000000e+00
   8.2000000e-01   7.4711649e-01   0.0000000e+00
   8.4000000e-01   7.3268831e-01   0.0000000e+00
   8.6000000e-01   7.2035204e-01   0.0000000e+00
   8.8000000e-01   7.0824172e-01   0.0000000e+00
   9.0000000e-01   6.9635736e-01   0.0000000e+00
   9.2000000e-01   6.8575965e-01   0.0000000e+00
   9.4000000e-01   6.7608386e-01   0.0000000e+00
   9.6000000e-01   6.6732998e-01   0.0000000e+00
   9.8000000e-01   6.6043939e-01   0.0000000e+00
   1.0000000e+00   6.5378784e-01   0.0000000e+00
   1.0200000e+00   6.4737532e-01   0.0000000e+00
   1.0400000e+00   6.4143682e-01   0.0000000e+00
   1.0600000e+00   6.3570718e-01   0.0000000e+00
   1.0800000e+00   6.3018640e-01   0.0000000e+00
   1.1000000e+00   6.2532403e-01   0.0000000e+00
   1.1200000e+00   6.2069332e-01   0.0000000e+00
   1.1400000e+00   6.1629427e-01   0.0000000e+00
   1.1600000e+00   6.1149962e-01   0.0000000e+00
   1.1800000e+00   6.0723197e-01   0.0000000e+00
   1.2000000e+00   6.0349133e-01   0.0000000e+00
   1.2200000e+00   5.9975069e-01   0.0000000e+00
   1.2400000e+00   5.9570163e-01   0.0000000e+00
   1.2600000e+00   5.9134416e-01   0.0000000e+00
   1.2800000e+00   5.8691827e-01   0.0000000e+00
   1.3000000e+00   5.8279747e-01   0.0000000e+00
   1.3200000e+00   5.7898174e-01   0.0000000e+00
   1.3400000e+00   5.7470672e-01   0.0000000e+00
   1.3600000e+00   5.7067810e-01   0.0000000e+00
   1.3800000e+00   5.6689589e-01   0.0000000e+00
   1.4000000e+00   5.6315525e-01   0.0000000e+00
   1.4200000e+00   5.5941461e-01   0.0000000e+00
   1.4400000e+00   5.5567397e-01   0.0000000e+00
   1.4600000e+00   5.5193333e-01   0.0000000e+00
   1.4800000e+00   5.4823191e-01   0.0000000e+00
   1.5000000e+00   5.4456970e-01   0.0000000e+00
   1.5200000e+00   5.4243219e-01   0.0000000e+00
   1.5400000e+00   5.4007276e-01   0.0000000e+00
   1.5600000e+00   5.3749139e-01   0.0000000e+00
   1.5800000e+00   5.3514670e-01   0.0000000e+00
   1.6000000e+00   5.3290560e-01   0.0000000e+00
   1.6200000e+00   5.3076809e-01   0.0000000e+00
   1.6400000e+00   5.2853672e-01   0.0000000e+00
   1.6600000e+00   5.2608509e-01   0.0000000e+00
   1.6800000e+00   5.2341321e-01   0.0000000e+00
   1.7000000e+00   5.2227604e-01   0.0000000e+00
   1.7200000e+00   5.2077818e-01   0.0000000e+00
   1.7400000e+00   5.1891960e-01   0.0000000e+00
   1.7600000e+00   5.1706034e-01   0.0000000e+00
   1.7800000e+00   5.1540993e-01   0.0000000e+00
   1.8000000e+00   5.1396838e-01   0.0000000e+00
   1.8200000e+00   5.1285471e-01   0.0000000e+00
   1.8400000e+00   5.1149631e-01   0.0000000e+00
   1.8600000e+00   5.0989318e-01   0.0000000e+00
   1.8800000e+00   5.0875268e-01   0.0000000e+00
   1.9000000e+00   5.0764805e-01   0.0000000e+00
   1.9200000e+00   5.0657930e-01   0.0000000e+00
   1.9400000e+00   5.0528124e-01   0.0000000e+00
   1.9600000e+00   5.0383065e-01   0.0000000e+00
   1.9800000e+00   5.0222752e-01   0.0000000e+00
   2.0000000e+00   5.0062439e-01   0.0000000e+00
   2.0200000e+00   4.9902126e-01   0.0000000e+00
   2.0400000e+00   4.9741813e-01   0.0000000e+00
   2.0600000e+00   4.9581500e-01   0.0000000e+00
   2.0800000e+00   4.9406336e-01   0.0000000e+00
   2.1000000e+00   4.9216321e-01   0.0000000e+00
   2.1200000e+00   4.9020605e-01   0.0000000e+00
   2.1400000e+00   4.8842591e-01   0.0000000e+00
   2.1600000e+00   4.8682278e-01   0.0000000e+00
   2.1800000e+00   4.8521965e-01   0.0000000e+00
   2.2000000e+00   4.8361651e-01   0.0000000e+00
   2.2200000e+00   4.8201338e-01   0.0000000e+00
   2.2400000e+00   4.8077499e-01   0.0000000e+00
   2.2600000e+00   4.7962141e-01   0.0000000e+00
   2.2800000e+00   4.7855266e-01   0.0000000e+00
   2.3000000e+00   4.7748391e-01   0.0000000e+00
   2.3200000e+00   4.7640041e-01   0.0000000e+00
   2.3400000e+00   4.7530217e-01   0.0000000e+00
   2.3600000e+00   4.7316466e-01   0.0000000e+00
   2.3800000e+00   4.7145961e-01   0.0000000e+00
   2.4000000e+00   4.7018701e-01   0.0000000e+00
   2.4200000e+00   4.6911826e-01   0.0000000e+00
   2.4400000e+00   4.6794994e-01   0.0000000e+00
   2.4600000e+00   4.6668206e-01   0.0000000e+00
   2.4800000e+00   4.6516139e-01   0.0000000e+00
   2.5000000e+00   4.6386668e-01   0.0000000e+00
   2.5200000e+00   4.6279792e-01   0.0000000e+00
   2.5400000e+00   4.6122900e-01   0.0000000e+00
   2.5600000e+00   4.6002648e-01   0.0000000e+00
   2.5800000e+00   4.5919036e-01   0.0000000e+00
   2.6000000e+00   4.5838914e-01   0.0000000e+00
   2.6200000e+00   4.5745415e-01   0.0000000e+00
   2.6400000e+00   4.5638540e-01   0.0000000e+00
   2.6600000e+00   4.5531665e-01   0.0000000e+00
   2.6800000e+00   4.5424789e-01   0.0000000e+00
   2.7000000e+00   4.5317914e-01   0.0000000e+00
   2.7200000e+00   4.5256161e-01   0.0000000e+00
   2.7400000e+00   4.5181838e-01   0.0000000e+00
   2.7600000e+00   4.5094944e-01   0.0000000e+00
   2.7800000e+00   4.4988068e-01   0.0000000e+00
   2.8000000e+00   4.4886255e-01   0.0000000e+00
   2.8200000e+00   4.4789503e-01   0.0000000e+00
   2.8400000e+00   4.4736065e-01   0.0000000e+00
   2.8600000e+00   4.4656680e-01   0.0000000e+00
   2.8800000e+00   4.4551347e-01   0.0000000e+00
   2.9000000e+00   4.4444472e-01   0.0000000e+00
   2.9200000e+00   4.4337597e-01   0.0000000e+00
   2.9400000e+00   4.4230721e-01   0.0000000e+00
   2.9600000e+00   4.4140741e-01   0.0000000e+00
   2.9800000e+00   4.4069032e-01   0.0000000e+00
   3.0000000e+00   4.4015594e-01   0.0000000e+00
   3.0200000e+00   4.3962157e-01   0.0000000e+00
   3.0400000e+00   4.3861719e-01   0.0000000e+00
   3.0600000e+00   4.3714281e-01   0.0000000e+00
   3.0800000e+00   4.3624635e-01   0.0000000e+00
   3.1000000e+00   4.3541260e-01   0.0000000e+00
   3.1200000e+00   4.3464155e-01   0.0000000e+00
   3.1400000e+00   4.3369280e-01   0.0000000e+00
   3.1600000e+00   4.3294957e-01   0.0000000e+00
   3.1800000e+00   4.3241185e-01   0.0000000e+00
   3.2000000e+00   4.3134310e-01   0.0000000e+00
   3.2200000e+00   4.3027434e-01   0.0000000e+00
   3.2400000e+00   4.2920559e-01   0.0000000e+00
   3.2600000e+00   4.2844122e-01   0.0000000e+00
   3.2800000e+00   4.2779185e-01   0.0000000e+00
   3.3000000e+00   4.2725748e-01   0.0000000e+00
   3.3200000e+00   4.2672310e-01   0.0000000e+00
   3.3400000e+00   4.2618872e-01   0.0000000e+00
   3.3600000e+00   4.2565434e-01   0.0000000e+00
   3.3800000e+00   4.2511997e-01   0.0000000e+00
   3.4000000e+00   4.2458559e-01   0.0000000e+00
   3.4200000e+00   4.2405121e-01   0.0000000e+00
   3.4400000e+00   4.2351684e-01   0.0000000e+00
   3.4600000e+00   4.2298246e-01   0.0000000e+00
   3.4800000e+00   4.2244808e-01   0.0000000e+00
   3.5000000e+00   4.2193582e-01   0.0000000e+00
   3.5200000e+00   4.2167969e-01   0.0000000e+00
   3.5400000e+00   4.2167969e-01   0.0000000e+00
   3.5600000e+00   4.2080004e-01   0.0000000e+00
   3.5800000e+00   4.2014899e-01   0.0000000e+00
   3.6000000e+00   4.1972656e-01   0.0000000e+00
   3.6200000e+00   4.1952007e-01   0.0000000e+00
   3.6400000e+00   4.1919455e-01   0.0000000e+00
   3.6600000e+00   4.1875000e-01   0.0000000e+00
   3.6800000e+00   4.1875000e-01   0.0000000e+00
   3.7000000e+00   4.1849623e-01   0.0000000e+00
   3.7200000e+00   4.1798868e-01   0.0000000e+00
   3.7400000e+00   4.1784519e-01   0.0000000e+00
   2.0100000e+00   7.8497907e-01   1.0000000e+00
   2.0300000e+00   7.8284559e-01   1.0000000e+00
   2.0500000e+00   7.8071010e-01   1.0000000e+00
   2.0700000e+00   7.7857259e-01   1.0000000e+00
   2.0900000e+00   7.7465298e-01   1.0000000e+00
   2.1100000e+00   7.7002129e-01   1.0000000e+00
   2.1300000e+00   7.6467752e-01   1.0000000e+00
   2.1500000e+00   7.5933375e-01   1.0000000e+00
   2.1700000e+00   7.5398998e-01   1.0000000e+00
   2.1900000e+00   7.4864621e-01   1.0000000e+00
   2.2100000e+00   7.4619084e-01   1.0000000e+00
   2.2300000e+00   7.4389440e-01   1.0000000e+00
   2.2500000e+00   7.4175689e-01   1.0000000e+00
   2.2700000e+00   7.4085974e-01   1.0000000e+00
   2.2900000e+00   7.4048125e-01   1.0000000e+00
   2.3100000e+00   7.4062140e-01   1.0000000e+00
   2.3300000e+00   7.3953791e-01   1.0000000e+00
   2.3500000e+00   7.3819459e-01   1.0000000e+00
   2.3700000e+00   7.3659146e-01   1.0000000e+00
   2.3900000e+00   7.3498833e-01   1.0000000e+00
   2.4100000e+00   7.3354310e-01   1.0000000e+00
   2.4300000e+00   7.3225576e-01   1.0000000e+00
   2.4500000e+00   7.3118700e-01   1.0000000e+00
   2.4700000e+00   7.3003579e-01   1.0000000e+00
   2.4900000e+00   7.2880211e-01   1.0000000e+00
   2.5100000e+00   7.2666460e-01   1.0000000e+00
   2.5300000e+00   7.2477718e-01   1.0000000e+00
   2.5500000e+00   7.2313985e-01   1.0000000e+00
   2.5700000e+00   7.2192022e-01   1.0000000e+00
   2.5900000e+00   7.2064261e-01   1.0000000e+00
   2.6100000e+00   7.1930701e-01   1.0000000e+00
   2.6300000e+00   7.1770388e-01   1.0000000e+00
   2.6500000e+00   7.1608399e-01   1.0000000e+00
   2.6700000e+00   7.1444735e-01   1.0000000e+00
   2.6900000e+00   7.1230984e-01   1.0000000e+00
   2.7100000e+00   7.1084917e-01   1.0000000e+00
   2.7300000e+00   7.1006535e-01   1.0000000e+00
   2.7500000e+00   7.0886184e-01   1.0000000e+00
   2.7700000e+00   7.0756748e-01   1.0000000e+00
   2.7900000e+00   7.0618224e-01   1.0000000e+00
   2.8100000e+00   7.0521472e-01   1.0000000e+00
   2.8300000e+00   7.0446377e-01   1.0000000e+00
   2.8500000e+00   7.0392940e-01   1.0000000e+00
   2.8700000e+00   7.0339502e-01   1.0000000e+00
   2.8900000e+00   7.0245836e-01   1.0000000e+00
   2.9100000e+00   7.0111942e-01   1.0000000e+00
   2.9300000e+00   7.0037314e-01   1.0000000e+00
   2.9500000e+00   6.9974657e-01   1.0000000e+00
   2.9700000e+00   6.9923972e-01   1.0000000e+00
   2.9900000e+00   6.9774116e-01   1.0000000e+00
   3.0100000e+00   6.9672469e-01   1.0000000e+00
   3.0300000e+00   6.9619032e-01   1.0000000e+00
   3.0500000e+00   6.9424594e-01   1.0000000e+00
   3.0700000e+00   6.9220500e-01   1.0000000e+00
   3.0900000e+00   6.9006749e-01   1.0000000e+00
   3.1100000e+00   6.8721997e-01   1.0000000e+00
   3.1300000e+00   6.8404590e-01   1.0000000e+00
   3.1500000e+00   6.8054527e-01   1.0000000e+00
   3.1700000e+00   6.7787673e-01   1.0000000e+00
   3.1900000e+00   6.7547370e-01   1.0000000e+00
   3.2100000e+00   6.7333619e-01   1.0000000e+00
   3.2300000e+00   6.7119868e-01   1.0000000e+00
