   6.0000000e-01   9.6368603e-01   0.0000000e+00
   6.2000000e-01   9.4793100e-01   0.0000000e+00
   6.4000000e-01   9.2843298e-01   0.0000000e+00
   6.6000000e-01   9.0519195e-01   0.0000000e+00
   6.8000000e-01   8.7847310e-01   0.0000000e+00
   7.0000000e-01   8.5448579e-01   0.0000000e+00
   7.2000000e-01   8.3323002e-01   0.0000000e+00
   7.4000000e-01   8.1393947e-01   0.0000000e+00
   7.6000000e-01   7.9571935e-01   0.0000000e+00
   7.8000000e-01   7.7856965e-01   0.0000000e+00
   8.0000000e-01   7.6371236e-01   0.0000000e+00
   8.2000000e-01   7.4906962e-01   0.0000000e+00
   8.4000000e-01   7.3464144e-01   0.0000000e+00
   8.6000000e-01   7.2335111e-01   0.0000000e+00
   8.8000000e-01   7.1189184e-01   0.0000000e+00
   9.0000000e-01   7.0026361e-01   0.0000000e+00
   9.2000000e-01   6.8995555e-01   0.0000000e+00
   9.4000000e-01   6.8060527e-01   0.0000000e+00
   9.6000000e-01   6.7221279e-01   0.0000000e+00
   9.8000000e-01   6.6526589e-01   0.0000000e+00
   1.0000000e+00   6.5831899e-01   0.0000000e+00
   1.0200000e+00   6.5137209e-01   0.0000000e+00
   1.0400000e+00   6.4537324e-01   0.0000000e+00
   1.0600000e+00   6.3979211e-01   0.0000000e+00
   1.0800000e+00   6.3462870e-01   0.0000000e+00
   1.1000000e+00   6.3006000e-01   0.0000000e+00
   1.1200000e+00   6.2557613e-01   0.0000000e+00
   1.1400000e+00   6.2117708e-01   0.0000000e+00
   1.1600000e+00   6.1638243e-01   0.0000000e+00
   1.1800000e+00   6.1211478e-01   0.0000000e+00
   1.2000000e+00   6.0837414e-01   0.0000000e+00
   1.2200000e+00   6.0420842e-01   0.0000000e+00
   1.2400000e+00   6.0014226e-01   0.0000000e+00
   1.2600000e+00   5.9617566e-01   0.0000000e+00
   1.2800000e+00   5.9205152e-01   0.0000000e+00
   1.3000000e+00   5.8762229e-01   0.0000000e+00
   1.3200000e+00   5.8288799e-01   0.0000000e+00
   1.3400000e+00   5.7861297e-01   0.0000000e+00
   1.3600000e+00   5.7483076e-01   0.0000000e+00
   1.3800000e+00   5.7154134e-01   0.0000000e+00
   1.4000000e+00   5.6720667e-01   0.0000000e+00
   1.4200000e+00   5.6289411e-01   0.0000000e+00
   1.4400000e+00   5.5860366e-01   0.0000000e+00
   1.4600000e+00   5.5500583e-01   0.0000000e+00
   1.4800000e+00   5.5161685e-01   0.0000000e+00
   1.5000000e+00   5.4843674e-01   0.0000000e+00
   1.5200000e+00   5.4576485e-01   0.0000000e+00
   1.5400000e+00   5.4309297e-01   0.0000000e+00
   1.5600000e+00   5.4042108e-01   0.0000000e+00
   1.5800000e+00   5.3807639e-01   0.0000000e+00
   1.6000000e+00   5.3583529e-01   0.0000000e+00
   1.6200000e+00   5.3369778e-01   0.0000000e+00
   1.6400000e+00   5.3156027e-01   0.0000000e+00
   1.6600000e+00   5.2942276e-01   0.0000000e+00
   1.6800000e+00   5.2728525e-01   0.0000000e+00
   1.7000000e+00   5.2514774e-01   0.0000000e+00
   1.7200000e+00   5.2340515e-01   0.0000000e+00
   1.7400000e+00   5.2205746e-01   0.0000000e+00
   1.7600000e+00   5.2043221e-01   0.0000000e+00
   1.7800000e+00   5.1863163e-01   0.0000000e+00
   1.8000000e+00   5.1665570e-01   0.0000000e+00
   1.8200000e+00   5.1509748e-01   0.0000000e+00
   1.8400000e+00   5.1378400e-01   0.0000000e+00
   1.8600000e+00   5.1271525e-01   0.0000000e+00
   1.8800000e+00   5.1164649e-01   0.0000000e+00
   1.9000000e+00   5.1040476e-01   0.0000000e+00
   1.9200000e+00   5.0899004e-01   0.0000000e+00
   1.9400000e+00   5.0738691e-01   0.0000000e+00
   1.9600000e+00   5.0584009e-01   0.0000000e+00
   1.9800000e+00   5.0434960e-01   0.0000000e+00
   2.0000000e+00   5.0328084e-01   0.0000000e+00
   2.0200000e+00   5.0194691e-01   0.0000000e+00
   2.0400000e+00   5.0034781e-01   0.0000000e+00
   2.0600000e+00   4.9833100e-01   0.0000000e+00
   2.0800000e+00   4.9625384e-01   0.0000000e+00
   2.1000000e+00   4.9411633e-01   0.0000000e+00
   2.1200000e+00   4.9197882e-01   0.0000000e+00
   2.1400000e+00   4.8990500e-01   0.0000000e+00
   2.1600000e+00   4.8789487e-01   0.0000000e+00
   2.1800000e+00   4.8682612e-01   0.0000000e+00
   2.2000000e+00   4.8527596e-01   0.0000000e+00
   2.2200000e+00   4.8324441e-01   0.0000000e+00
   2.2400000e+00   4.8147164e-01   0.0000000e+00
   2.2600000e+00   4.7978368e-01   0.0000000e+00
   2.2800000e+00   4.7818055e-01   0.0000000e+00
   2.3000000e+00   4.7670883e-01   0.0000000e+00
   2.3200000e+00   4.7543122e-01   0.0000000e+00
   2.3400000e+00   4.7434772e-01   0.0000000e+00
   2.3600000e+00   4.7274459e-01   0.0000000e+00
   2.3800000e+00   4.7114146e-01   0.0000000e+00
   2.4000000e+00   4.6953833e-01   0.0000000e+00
   2.4200000e+00   4.6825099e-01   0.0000000e+00
   2.4400000e+00   4.6697338e-01   0.0000000e+00
   2.4600000e+00   4.6570550e-01   0.0000000e+00
   2.4800000e+00   4.6426729e-01   0.0000000e+00
   2.5000000e+00   4.6328100e-01   0.0000000e+00
   2.5200000e+00   4.6274662e-01   0.0000000e+00
   2.5400000e+00   4.6121189e-01   0.0000000e+00
   2.5600000e+00   4.6002648e-01   0.0000000e+00
   2.5800000e+00   4.5919036e-01   0.0000000e+00
   2.6000000e+00   4.5838914e-01   0.0000000e+00
   2.6200000e+00   4.5745415e-01   0.0000000e+00
   2.6400000e+00   4.5638540e-01   0.0000000e+00
   2.6600000e+00   4.5535016e-01   0.0000000e+00
   2.6800000e+00   4.5456535e-01   0.0000000e+00
   2.7000000e+00   4.5403098e-01   0.0000000e+00
   2.7200000e+00   4.5304537e-01   0.0000000e+00
   2.7400000e+00   4.5218547e-01   0.0000000e+00
   2.7600000e+00   4.5145128e-01   0.0000000e+00
   2.7800000e+00   4.5069901e-01   0.0000000e+00
   2.8000000e+00   4.4978849e-01   0.0000000e+00
   2.8200000e+00   4.4871974e-01   0.0000000e+00
   2.8400000e+00   4.4765098e-01   0.0000000e+00
   2.8600000e+00   4.4658223e-01   0.0000000e+00
   2.8800000e+00   4.4551347e-01   0.0000000e+00
   2.9000000e+00   4.4444472e-01   0.0000000e+00
   2.9200000e+00   4.4337597e-01   0.0000000e+00
   2.9400000e+00   4.4230721e-01   0.0000000e+00
   2.9600000e+00   4.4140741e-01   0.0000000e+00
   2.9800000e+00   4.4066418e-01   0.0000000e+00
   3.0000000e+00   4.4007751e-01   0.0000000e+00
   3.0200000e+00   4.3900876e-01   0.0000000e+00
   3.0400000e+00   4.3794000e-01   0.0000000e+00
   3.0600000e+00   4.3687125e-01   0.0000000e+00
   3.0800000e+00   4.3580250e-01   0.0000000e+00
   3.1000000e+00   4.3473374e-01   0.0000000e+00
   3.1200000e+00   4.3366499e-01   0.0000000e+00
   3.1400000e+00   4.3259623e-01   0.0000000e+00
   3.1600000e+00   4.3152915e-01   0.0000000e+00
   3.1800000e+00   4.3046374e-01   0.0000000e+00
   3.2000000e+00   4.2992936e-01   0.0000000e+00
   3.2200000e+00   4.2939498e-01   0.0000000e+00
   3.2400000e+00   4.2886061e-01   0.0000000e+00
   3.2600000e+00   4.2832623e-01   0.0000000e+00
   3.2800000e+00   4.2779185e-01   0.0000000e+00
   3.3000000e+00   4.2725748e-01   0.0000000e+00
   3.3200000e+00   4.2672310e-01   0.0000000e+00
   3.3400000e+00   4.2618872e-01   0.0000000e+00
   3.3600000e+00   4.2565434e-01   0.0000000e+00
   3.3800000e+00   4.2511997e-01   0.0000000e+00
   3.4000000e+00   4.2458559e-01   0.0000000e+00
   3.4200000e+00   4.2405121e-01   0.0000000e+00
   3.4400000e+00   4.2351684e-01   0.0000000e+00
   3.4600000e+00   4.2298246e-01   0.0000000e+00
   3.4800000e+00   4.2244808e-01   0.0000000e+00
   3.5000000e+00   4.2193582e-01   0.0000000e+00
   3.5200000e+00   4.2167969e-01   0.0000000e+00
   3.5400000e+00   4.2167969e-01   0.0000000e+00
   3.5600000e+00   4.2080004e-01   0.0000000e+00
   3.5800000e+00   4.1998741e-01   0.0000000e+00
   3.6000000e+00   4.1924182e-01   0.0000000e+00
   3.6200000e+00   4.1870744e-01   0.0000000e+00
   3.6400000e+00   4.1817307e-01   0.0000000e+00
   3.6600000e+00   4.1763869e-01   0.0000000e+00
   3.6800000e+00   4.1710431e-01   0.0000000e+00
   3.7000000e+00   4.1656994e-01   0.0000000e+00
   3.7200000e+00   4.1603556e-01   0.0000000e+00
   3.7400000e+00   4.1550118e-01   0.0000000e+00
   3.7600000e+00   4.1510391e-01   0.0000000e+00
   3.7800000e+00   4.1484375e-01   0.0000000e+00
   2.0000000e+00   7.9066345e-01   1.0000000e+00
   2.0200000e+00   7.8932549e-01   1.0000000e+00
   2.0400000e+00   7.8825271e-01   1.0000000e+00
   2.0600000e+00   7.8759764e-01   1.0000000e+00
   2.0800000e+00   7.8556733e-01   1.0000000e+00
   2.1000000e+00   7.8216178e-01   1.0000000e+00
   2.1200000e+00   7.7646176e-01   1.0000000e+00
   2.1400000e+00   7.7076174e-01   1.0000000e+00
   2.1600000e+00   7.6506171e-01   1.0000000e+00
   2.1800000e+00   7.5936169e-01   1.0000000e+00
   2.2000000e+00   7.5478494e-01   1.0000000e+00
   2.2200000e+00   7.5133146e-01   1.0000000e+00
   2.2400000e+00   7.5166671e-01   1.0000000e+00
   2.2600000e+00   7.5046016e-01   1.0000000e+00
   2.2800000e+00   7.4771180e-01   1.0000000e+00
   2.3000000e+00   7.4624008e-01   1.0000000e+00
   2.3200000e+00   7.4496247e-01   1.0000000e+00
   2.3400000e+00   7.4387897e-01   1.0000000e+00
   2.3600000e+00   7.4227584e-01   1.0000000e+00
   2.3800000e+00   7.4067271e-01   1.0000000e+00
   2.4000000e+00   7.3906958e-01   1.0000000e+00
   2.4200000e+00   7.3778224e-01   1.0000000e+00
   2.4400000e+00   7.3640506e-01   1.0000000e+00
   2.4600000e+00   7.3493806e-01   1.0000000e+00
   2.4800000e+00   7.3288301e-01   1.0000000e+00
   2.5000000e+00   7.3105392e-01   1.0000000e+00
   2.5200000e+00   7.2945079e-01   1.0000000e+00
   2.5400000e+00   7.2734749e-01   1.0000000e+00
   2.5600000e+00   7.2541884e-01   1.0000000e+00
   2.5800000e+00   7.2366484e-01   1.0000000e+00
   2.6000000e+00   7.2179486e-01   1.0000000e+00
   2.6200000e+00   7.1979112e-01   1.0000000e+00
   2.6400000e+00   7.1765361e-01   1.0000000e+00
   2.6600000e+00   7.1558313e-01   1.0000000e+00
   2.6800000e+00   7.1401352e-01   1.0000000e+00
   2.7000000e+00   7.1294476e-01   1.0000000e+00
   2.7200000e+00   7.1187601e-01   1.0000000e+00
   2.7400000e+00   7.1097454e-01   1.0000000e+00
   2.7600000e+00   7.1024034e-01   1.0000000e+00
   2.7800000e+00   7.0970597e-01   1.0000000e+00
   2.8000000e+00   7.0912097e-01   1.0000000e+00
   2.8200000e+00   7.0848536e-01   1.0000000e+00
   2.8400000e+00   7.0741661e-01   1.0000000e+00
   2.8600000e+00   7.0634785e-01   1.0000000e+00
   2.8800000e+00   7.0527910e-01   1.0000000e+00
   2.9000000e+00   7.0461263e-01   1.0000000e+00
   2.9200000e+00   7.0372659e-01   1.0000000e+00
   2.9400000e+00   7.0262098e-01   1.0000000e+00
   2.9600000e+00   7.0101784e-01   1.0000000e+00
   2.9800000e+00   6.9941471e-01   1.0000000e+00
   3.0000000e+00   6.9781158e-01   1.0000000e+00
   3.0200000e+00   6.9620845e-01   1.0000000e+00
   3.0400000e+00   6.9437032e-01   1.0000000e+00
   3.0600000e+00   6.9229719e-01   1.0000000e+00
   3.0800000e+00   6.8980635e-01   1.0000000e+00
   3.1000000e+00   6.8734332e-01   1.0000000e+00
   3.1200000e+00   6.8490810e-01   1.0000000e+00
   3.1400000e+00   6.8277060e-01   1.0000000e+00
   3.1600000e+00   6.8063476e-01   1.0000000e+00
   3.1800000e+00   6.7850059e-01   1.0000000e+00
   3.2000000e+00   6.7689746e-01   1.0000000e+00
   3.2200000e+00   6.7529433e-01   1.0000000e+00
   3.2400000e+00   6.7369120e-01   1.0000000e+00
   3.2600000e+00   6.7300123e-01   1.0000000e+00
