   6.0000000e-01   9.6913910e-01   0.0000000e+00
   6.2000000e-01   9.5284969e-01   0.0000000e+00
   6.4000000e-01   9.3283606e-01   0.0000000e+00
   6.6000000e-01   9.0909820e-01   0.0000000e+00
   6.8000000e-01   8.8237935e-01   0.0000000e+00
   7.0000000e-01   8.5793678e-01   0.0000000e+00
   7.2000000e-01   8.3577050e-01   0.0000000e+00
   7.4000000e-01   8.1676557e-01   0.0000000e+00
   7.6000000e-01   7.9911167e-01   0.0000000e+00
   7.8000000e-01   7.8280879e-01   0.0000000e+00
   8.0000000e-01   7.6827535e-01   0.0000000e+00
   8.2000000e-01   7.5352735e-01   0.0000000e+00
   8.4000000e-01   7.3856479e-01   0.0000000e+00
   8.6000000e-01   7.2674009e-01   0.0000000e+00
   8.8000000e-01   7.1535590e-01   0.0000000e+00
   9.0000000e-01   7.0441223e-01   0.0000000e+00
   9.2000000e-01   6.9459363e-01   0.0000000e+00
   9.4000000e-01   6.8548809e-01   0.0000000e+00
   9.6000000e-01   6.7709560e-01   0.0000000e+00
   9.8000000e-01   6.7026134e-01   0.0000000e+00
   1.0000000e+00   6.6390513e-01   0.0000000e+00
   1.0200000e+00   6.5802698e-01   0.0000000e+00
   1.0400000e+00   6.5167480e-01   0.0000000e+00
   1.0600000e+00   6.4600718e-01   0.0000000e+00
   1.0800000e+00   6.4102412e-01   0.0000000e+00
   1.1000000e+00   6.3650840e-01   0.0000000e+00
   1.1200000e+00   6.3190787e-01   0.0000000e+00
   1.1400000e+00   6.2722251e-01   0.0000000e+00
   1.1600000e+00   6.2293275e-01   0.0000000e+00
   1.1800000e+00   6.1811598e-01   0.0000000e+00
   1.2000000e+00   6.1277221e-01   0.0000000e+00
   1.2200000e+00   6.0870369e-01   0.0000000e+00
   1.2400000e+00   6.0464491e-01   0.0000000e+00
   1.2600000e+00   6.0059585e-01   0.0000000e+00
   1.2800000e+00   5.9632083e-01   0.0000000e+00
   1.3000000e+00   5.9208336e-01   0.0000000e+00
   1.3200000e+00   5.8788343e-01   0.0000000e+00
   1.3400000e+00   5.8414279e-01   0.0000000e+00
   1.3600000e+00   5.8040215e-01   0.0000000e+00
   1.3800000e+00   5.7666151e-01   0.0000000e+00
   1.4000000e+00   5.7329701e-01   0.0000000e+00
   1.4200000e+00   5.6988190e-01   0.0000000e+00
   1.4400000e+00   5.6641616e-01   0.0000000e+00
   1.4600000e+00   5.6281833e-01   0.0000000e+00
   1.4800000e+00   5.5941628e-01   0.0000000e+00
   1.5000000e+00   5.5621002e-01   0.0000000e+00
   1.5200000e+00   5.5300376e-01   0.0000000e+00
   1.5400000e+00   5.5024135e-01   0.0000000e+00
   1.5600000e+00   5.4792280e-01   0.0000000e+00
   1.5800000e+00   5.4578529e-01   0.0000000e+00
   1.6000000e+00   5.4364779e-01   0.0000000e+00
   1.6200000e+00   5.4151028e-01   0.0000000e+00
   1.6400000e+00   5.3937277e-01   0.0000000e+00
   1.6600000e+00   5.3723526e-01   0.0000000e+00
   1.6800000e+00   5.3509775e-01   0.0000000e+00
   1.7000000e+00   5.3398339e-01   0.0000000e+00
   1.7200000e+00   5.3249693e-01   0.0000000e+00
   1.7400000e+00   5.3063835e-01   0.0000000e+00
   1.7600000e+00   5.2850085e-01   0.0000000e+00
   1.7800000e+00   5.2644413e-01   0.0000000e+00
   1.8000000e+00   5.2446820e-01   0.0000000e+00
   1.8200000e+00   5.2286507e-01   0.0000000e+00
   1.8400000e+00   5.2126194e-01   0.0000000e+00
   1.8600000e+00   5.1965881e-01   0.0000000e+00
   1.8800000e+00   5.1759305e-01   0.0000000e+00
   1.9000000e+00   5.1566439e-01   0.0000000e+00
   1.9200000e+00   5.1387285e-01   0.0000000e+00
   1.9400000e+00   5.1226972e-01   0.0000000e+00
   1.9600000e+00   5.1061027e-01   0.0000000e+00
   1.9800000e+00   5.0889450e-01   0.0000000e+00
   2.0000000e+00   5.0675700e-01   0.0000000e+00
   2.0200000e+00   5.0461949e-01   0.0000000e+00
   2.0400000e+00   5.0248198e-01   0.0000000e+00
   2.0600000e+00   5.0075815e-01   0.0000000e+00
   2.0800000e+00   4.9894617e-01   0.0000000e+00
   2.1000000e+00   4.9704602e-01   0.0000000e+00
   2.1200000e+00   4.9508886e-01   0.0000000e+00
   2.1400000e+00   4.9327688e-01   0.0000000e+00
   2.1600000e+00   4.9161006e-01   0.0000000e+00
   2.1800000e+00   4.8947255e-01   0.0000000e+00
   2.2000000e+00   4.8733504e-01   0.0000000e+00
   2.2200000e+00   4.8519753e-01   0.0000000e+00
   2.2400000e+00   4.8342476e-01   0.0000000e+00
   2.2600000e+00   4.8186084e-01   0.0000000e+00
   2.2800000e+00   4.8050579e-01   0.0000000e+00
   2.3000000e+00   4.7930562e-01   0.0000000e+00
   2.3200000e+00   4.7791135e-01   0.0000000e+00
   2.3400000e+00   4.7632296e-01   0.0000000e+00
   2.3600000e+00   4.7525421e-01   0.0000000e+00
   2.3800000e+00   4.7396922e-01   0.0000000e+00
   2.4000000e+00   4.7246802e-01   0.0000000e+00
   2.4200000e+00   4.7118068e-01   0.0000000e+00
   2.4400000e+00   4.7000263e-01   0.0000000e+00
   2.4600000e+00   4.6893387e-01   0.0000000e+00
   2.4800000e+00   4.6786512e-01   0.0000000e+00
   2.5000000e+00   4.6679636e-01   0.0000000e+00
   2.5200000e+00   4.6572761e-01   0.0000000e+00
   2.5400000e+00   4.6515903e-01   0.0000000e+00
   2.5600000e+00   4.6441580e-01   0.0000000e+00
   2.5800000e+00   4.6349791e-01   0.0000000e+00
   2.6000000e+00   4.6242916e-01   0.0000000e+00
   2.6200000e+00   4.6143549e-01   0.0000000e+00
   2.6400000e+00   4.6051692e-01   0.0000000e+00
   2.6600000e+00   4.5991551e-01   0.0000000e+00
   2.6800000e+00   4.5881324e-01   0.0000000e+00
   2.7000000e+00   4.5721011e-01   0.0000000e+00
   2.7200000e+00   4.5650944e-01   0.0000000e+00
   2.7400000e+00   4.5572463e-01   0.0000000e+00
   2.7600000e+00   4.5485569e-01   0.0000000e+00
   2.7800000e+00   4.5335114e-01   0.0000000e+00
   2.8000000e+00   4.5163134e-01   0.0000000e+00
   2.8200000e+00   4.4969630e-01   0.0000000e+00
   2.8400000e+00   4.4862755e-01   0.0000000e+00
   2.8600000e+00   4.4781826e-01   0.0000000e+00
   2.8800000e+00   4.4726846e-01   0.0000000e+00
   2.9000000e+00   4.4633180e-01   0.0000000e+00
   2.9200000e+00   4.4532909e-01   0.0000000e+00
   2.9400000e+00   4.4426034e-01   0.0000000e+00
   2.9600000e+00   4.4319158e-01   0.0000000e+00
   2.9800000e+00   4.4214897e-01   0.0000000e+00
   3.0000000e+00   4.4113251e-01   0.0000000e+00
   3.0200000e+00   4.4059813e-01   0.0000000e+00
   3.0400000e+00   4.4006375e-01   0.0000000e+00
   3.0600000e+00   4.3952938e-01   0.0000000e+00
   3.0800000e+00   4.3864166e-01   0.0000000e+00
   3.1000000e+00   4.3778177e-01   0.0000000e+00
   3.1200000e+00   4.3694968e-01   0.0000000e+00
   3.1400000e+00   4.3641530e-01   0.0000000e+00
   3.1600000e+00   4.3587926e-01   0.0000000e+00
   3.1800000e+00   4.3534154e-01   0.0000000e+00
   3.2000000e+00   4.3427278e-01   0.0000000e+00
   3.2200000e+00   4.3341456e-01   0.0000000e+00
   3.2400000e+00   4.3276686e-01   0.0000000e+00
   3.2600000e+00   4.3223248e-01   0.0000000e+00
   3.2800000e+00   4.3160424e-01   0.0000000e+00
   3.3000000e+00   4.3088214e-01   0.0000000e+00
   3.3200000e+00   4.2995551e-01   0.0000000e+00
   3.3400000e+00   4.2949219e-01   0.0000000e+00
   3.3600000e+00   4.2949219e-01   0.0000000e+00
   3.3800000e+00   4.2900342e-01   0.0000000e+00
   3.4000000e+00   4.2849184e-01   0.0000000e+00
   3.4200000e+00   4.2795746e-01   0.0000000e+00
   3.4400000e+00   4.2742309e-01   0.0000000e+00
   3.4600000e+00   4.2695810e-01   0.0000000e+00
   3.4800000e+00   4.2656250e-01   0.0000000e+00
   3.5000000e+00   4.2651827e-01   0.0000000e+00
   3.5200000e+00   4.2596178e-01   0.0000000e+00
   3.5400000e+00   4.2489303e-01   0.0000000e+00
   3.5600000e+00   4.2602340e-01   0.0000000e+00
   3.5800000e+00   4.2706700e-01   0.0000000e+00
   3.6000000e+00   4.2802380e-01   0.0000000e+00
   2.0100000e+00   7.9864490e-01   1.0000000e+00
   2.0300000e+00   7.9757615e-01   1.0000000e+00
   2.0500000e+00   7.9630055e-01   1.0000000e+00
   2.0700000e+00   7.9481812e-01   1.0000000e+00
   2.0900000e+00   7.9321499e-01   1.0000000e+00
   2.1100000e+00   7.9170203e-01   1.0000000e+00
   2.1300000e+00   7.9027925e-01   1.0000000e+00
   2.1500000e+00   7.8780935e-01   1.0000000e+00
   2.1700000e+00   7.8016188e-01   1.0000000e+00
   2.1900000e+00   7.6733683e-01   1.0000000e+00
   2.2100000e+00   7.6654680e-01   1.0000000e+00
   2.2300000e+00   7.6514240e-01   1.0000000e+00
   2.2500000e+00   7.6312362e-01   1.0000000e+00
   2.2700000e+00   7.6066158e-01   1.0000000e+00
   2.2900000e+00   7.5849758e-01   1.0000000e+00
   2.3100000e+00   7.5663163e-01   1.0000000e+00
   2.3300000e+00   7.5398923e-01   1.0000000e+00
   2.3500000e+00   7.5186647e-01   1.0000000e+00
   2.3700000e+00   7.5026334e-01   1.0000000e+00
   2.3900000e+00   7.4822775e-01   1.0000000e+00
   2.4100000e+00   7.4629910e-01   1.0000000e+00
   2.4300000e+00   7.4447738e-01   1.0000000e+00
   2.4500000e+00   7.4247600e-01   1.0000000e+00
   2.4700000e+00   7.4022183e-01   1.0000000e+00
   2.4900000e+00   7.3771486e-01   1.0000000e+00
   2.5100000e+00   7.3611173e-01   1.0000000e+00
   2.5300000e+00   7.3400843e-01   1.0000000e+00
   2.5500000e+00   7.3140495e-01   1.0000000e+00
   2.5700000e+00   7.2950008e-01   1.0000000e+00
   2.5900000e+00   7.2774608e-01   1.0000000e+00
   2.6100000e+00   7.2614295e-01   1.0000000e+00
   2.6300000e+00   7.2453982e-01   1.0000000e+00
   2.6500000e+00   7.2293669e-01   1.0000000e+00
   2.6700000e+00   7.2133356e-01   1.0000000e+00
   2.6900000e+00   7.1973043e-01   1.0000000e+00
   2.7100000e+00   7.1835291e-01   1.0000000e+00
   2.7300000e+00   7.1720101e-01   1.0000000e+00
   2.7500000e+00   7.1613225e-01   1.0000000e+00
   2.7700000e+00   7.1506350e-01   1.0000000e+00
   2.7900000e+00   7.1399474e-01   1.0000000e+00
   2.8100000e+00   7.1282476e-01   1.0000000e+00
   2.8300000e+00   7.1143820e-01   1.0000000e+00
   2.8500000e+00   7.0983507e-01   1.0000000e+00
   2.8700000e+00   7.0771299e-01   1.0000000e+00
   2.8900000e+00   7.0578434e-01   1.0000000e+00
   2.9100000e+00   7.0404911e-01   1.0000000e+00
   2.9300000e+00   7.0216036e-01   1.0000000e+00
   2.9500000e+00   7.0006276e-01   1.0000000e+00
   2.9700000e+00   6.9775630e-01   1.0000000e+00
   2.9900000e+00   6.9518899e-01   1.0000000e+00
   3.0100000e+00   6.9310377e-01   1.0000000e+00
   3.0300000e+00   6.9150064e-01   1.0000000e+00
   3.0500000e+00   6.8989750e-01   1.0000000e+00
   3.0700000e+00   6.8829437e-01   1.0000000e+00
   3.0900000e+00   6.8669124e-01   1.0000000e+00
   3.1100000e+00   6.8532478e-01   1.0000000e+00
   3.1300000e+00   6.8410717e-01   1.0000000e+00
   3.1500000e+00   6.8303842e-01   1.0000000e+00
   3.1700000e+00   6.8196967e-01   1.0000000e+00
   3.1900000e+00   6.8090091e-01   1.0000000e+00
   3.2100000e+00   6.7983216e-01   1.0000000e+00
   3.2300000e+00   6.7834235e-01   1.0000000e+00
