   6.0000000e-01   9.7150561e-01   0.0000000e+00
   6.2000000e-01   9.5072594e-01   0.0000000e+00
   6.4000000e-01   9.2759490e-01   0.0000000e+00
   6.6000000e-01   9.0211248e-01   0.0000000e+00
   6.8000000e-01   8.6470609e-01   0.0000000e+00
   7.0000000e-01   8.3754298e-01   0.0000000e+00
   7.2000000e-01   8.2062316e-01   0.0000000e+00
   7.4000000e-01   7.9913752e-01   0.0000000e+00
   7.6000000e-01   7.7763270e-01   0.0000000e+00
   7.8000000e-01   7.5610871e-01   0.0000000e+00
   8.0000000e-01   7.4146194e-01   0.0000000e+00
   8.2000000e-01   7.2745885e-01   0.0000000e+00
   8.4000000e-01   7.1409942e-01   0.0000000e+00
   8.6000000e-01   7.0387785e-01   0.0000000e+00
   8.8000000e-01   6.9470626e-01   0.0000000e+00
   9.0000000e-01   6.8658465e-01   0.0000000e+00
   9.2000000e-01   6.8026196e-01   0.0000000e+00
   9.4000000e-01   6.7425575e-01   0.0000000e+00
   9.6000000e-01   6.6856601e-01   0.0000000e+00
   9.8000000e-01   6.6226612e-01   0.0000000e+00
   1.0000000e+00   6.5644429e-01   0.0000000e+00
   1.0200000e+00   6.5110052e-01   0.0000000e+00
   1.0400000e+00   6.4623078e-01   0.0000000e+00
   1.0600000e+00   6.4156990e-01   0.0000000e+00
   1.0800000e+00   6.3711787e-01   0.0000000e+00
   1.1000000e+00   6.3260215e-01   0.0000000e+00
   1.1200000e+00   6.2806363e-01   0.0000000e+00
   1.1400000e+00   6.2350231e-01   0.0000000e+00
   1.1600000e+00   6.1975430e-01   0.0000000e+00
   1.1800000e+00   6.1574279e-01   0.0000000e+00
   1.2000000e+00   6.1146777e-01   0.0000000e+00
   1.2200000e+00   6.0761784e-01   0.0000000e+00
   1.2400000e+00   6.0397676e-01   0.0000000e+00
   1.2600000e+00   6.0054454e-01   0.0000000e+00
   1.2800000e+00   5.9714653e-01   0.0000000e+00
   1.3000000e+00   5.9361474e-01   0.0000000e+00
   1.3200000e+00   5.8994919e-01   0.0000000e+00
   1.3400000e+00   5.8674293e-01   0.0000000e+00
   1.3600000e+00   5.8378307e-01   0.0000000e+00
   1.3800000e+00   5.8106961e-01   0.0000000e+00
   1.4000000e+00   5.7802159e-01   0.0000000e+00
   1.4200000e+00   5.7515392e-01   0.0000000e+00
   1.4400000e+00   5.7246660e-01   0.0000000e+00
   1.4600000e+00   5.7018628e-01   0.0000000e+00
   1.4800000e+00   5.6772325e-01   0.0000000e+00
   1.5000000e+00   5.6507751e-01   0.0000000e+00
   1.5200000e+00   5.6294000e-01   0.0000000e+00
   1.5400000e+00   5.6080250e-01   0.0000000e+00
   1.5600000e+00   5.5866499e-01   0.0000000e+00
   1.5800000e+00   5.5620029e-01   0.0000000e+00
   1.6000000e+00   5.5373726e-01   0.0000000e+00
   1.6200000e+00   5.5127590e-01   0.0000000e+00
   1.6400000e+00   5.4913839e-01   0.0000000e+00
   1.6600000e+00   5.4700089e-01   0.0000000e+00
   1.6800000e+00   5.4486338e-01   0.0000000e+00
   1.7000000e+00   5.4374902e-01   0.0000000e+00
   1.7200000e+00   5.4226255e-01   0.0000000e+00
   1.7400000e+00   5.4040398e-01   0.0000000e+00
   1.7600000e+00   5.3854472e-01   0.0000000e+00
   1.7800000e+00   5.3673273e-01   0.0000000e+00
   1.8000000e+00   5.3496802e-01   0.0000000e+00
   1.8200000e+00   5.3287542e-01   0.0000000e+00
   1.8400000e+00   5.3102756e-01   0.0000000e+00
   1.8600000e+00   5.2942443e-01   0.0000000e+00
   1.8800000e+00   5.2735867e-01   0.0000000e+00
   1.9000000e+00   5.2525704e-01   0.0000000e+00
   1.9200000e+00   5.2311953e-01   0.0000000e+00
   1.9400000e+00   5.2098202e-01   0.0000000e+00
   1.9600000e+00   5.1890083e-01   0.0000000e+00
   1.9800000e+00   5.1687596e-01   0.0000000e+00
   2.0000000e+00   5.1527283e-01   0.0000000e+00
   2.0200000e+00   5.1340452e-01   0.0000000e+00
   2.0400000e+00   5.1127104e-01   0.0000000e+00
   2.0600000e+00   5.0913354e-01   0.0000000e+00
   2.0800000e+00   5.0714454e-01   0.0000000e+00
   2.1000000e+00   5.0530405e-01   0.0000000e+00
   2.1200000e+00   5.0370091e-01   0.0000000e+00
   2.1400000e+00   5.0212963e-01   0.0000000e+00
   2.1600000e+00   5.0059018e-01   0.0000000e+00
   2.1800000e+00   4.9952143e-01   0.0000000e+00
   2.2000000e+00   4.9821198e-01   0.0000000e+00
   2.2200000e+00   4.9666182e-01   0.0000000e+00
   2.2400000e+00   4.9469395e-01   0.0000000e+00
   2.2600000e+00   4.9288934e-01   0.0000000e+00
   2.2800000e+00   4.9124797e-01   0.0000000e+00
   2.3000000e+00   4.9004781e-01   0.0000000e+00
   2.3200000e+00   4.8864617e-01   0.0000000e+00
   2.3400000e+00   4.8704303e-01   0.0000000e+00
   2.3600000e+00   4.8543990e-01   0.0000000e+00
   2.3800000e+00   4.8405300e-01   0.0000000e+00
   2.4000000e+00   4.8288232e-01   0.0000000e+00
   2.4200000e+00   4.8149778e-01   0.0000000e+00
   2.4400000e+00   4.8010350e-01   0.0000000e+00
   2.4600000e+00   4.7869950e-01   0.0000000e+00
   2.4800000e+00   4.7746582e-01   0.0000000e+00
   2.5000000e+00   4.7578023e-01   0.0000000e+00
   2.5200000e+00   4.7364272e-01   0.0000000e+00
   2.5400000e+00   4.7250556e-01   0.0000000e+00
   2.5600000e+00   4.7101909e-01   0.0000000e+00
   2.5800000e+00   4.6918332e-01   0.0000000e+00
   2.6000000e+00   4.6731266e-01   0.0000000e+00
   2.6200000e+00   4.6565085e-01   0.0000000e+00
   2.6400000e+00   4.6419790e-01   0.0000000e+00
   2.6600000e+00   4.6312915e-01   0.0000000e+00
   2.6800000e+00   4.6206039e-01   0.0000000e+00
   2.7000000e+00   4.6099164e-01   0.0000000e+00
   2.7200000e+00   4.5992288e-01   0.0000000e+00
   2.7400000e+00   4.5885413e-01   0.0000000e+00
   2.7600000e+00   4.5778537e-01   0.0000000e+00
   2.7800000e+00   4.5671662e-01   0.0000000e+00
   2.8000000e+00   4.5564787e-01   0.0000000e+00
   2.8200000e+00   4.5457911e-01   0.0000000e+00
   2.8400000e+00   4.5351036e-01   0.0000000e+00
   2.8600000e+00   4.5270108e-01   0.0000000e+00
   2.8800000e+00   4.5215127e-01   0.0000000e+00
   2.9000000e+00   4.5161689e-01   0.0000000e+00
   2.9200000e+00   4.5079690e-01   0.0000000e+00
   2.9400000e+00   4.4969129e-01   0.0000000e+00
   2.9600000e+00   4.4842606e-01   0.0000000e+00
   2.9800000e+00   4.4747397e-01   0.0000000e+00
   3.0000000e+00   4.4683502e-01   0.0000000e+00
   3.0200000e+00   4.4523189e-01   0.0000000e+00
   3.0400000e+00   4.4386376e-01   0.0000000e+00
   3.0600000e+00   4.4273063e-01   0.0000000e+00
   3.0800000e+00   4.4166187e-01   0.0000000e+00
   3.1000000e+00   4.4059312e-01   0.0000000e+00
   3.1200000e+00   4.3952436e-01   0.0000000e+00
   3.1400000e+00   4.3845561e-01   0.0000000e+00
   3.1600000e+00   4.3738686e-01   0.0000000e+00
   3.1800000e+00   4.3631810e-01   0.0000000e+00
   3.2000000e+00   4.3524935e-01   0.0000000e+00
   3.2200000e+00   4.3397007e-01   0.0000000e+00
   3.2400000e+00   4.3248026e-01   0.0000000e+00
   3.2600000e+00   4.3179029e-01   0.0000000e+00
   3.2800000e+00   4.3116373e-01   0.0000000e+00
   3.3000000e+00   4.3060055e-01   0.0000000e+00
   3.3200000e+00   4.2913954e-01   0.0000000e+00
   3.3400000e+00   4.2814185e-01   0.0000000e+00
   3.3600000e+00   4.2760747e-01   0.0000000e+00
   3.3800000e+00   4.2756186e-01   0.0000000e+00
   3.4000000e+00   4.2772512e-01   0.0000000e+00
   3.4200000e+00   4.2809722e-01   0.0000000e+00
   2.0100000e+00   7.8010835e-01   1.0000000e+00
   2.0300000e+00   7.7796681e-01   1.0000000e+00
   2.0500000e+00   7.7541361e-01   1.0000000e+00
   2.0700000e+00   7.7244873e-01   1.0000000e+00
   2.0900000e+00   7.6983651e-01   1.0000000e+00
   2.1100000e+00   7.6737146e-01   1.0000000e+00
   2.1300000e+00   7.6505360e-01   1.0000000e+00
   2.1500000e+00   7.6250909e-01   1.0000000e+00
   2.1700000e+00   7.6043527e-01   1.0000000e+00
   2.1900000e+00   7.5883214e-01   1.0000000e+00
   2.2100000e+00   7.5722901e-01   1.0000000e+00
   2.2300000e+00   7.5562588e-01   1.0000000e+00
   2.2500000e+00   7.5402275e-01   1.0000000e+00
   2.2700000e+00   7.5241962e-01   1.0000000e+00
   2.2900000e+00   7.5081649e-01   1.0000000e+00
   2.3100000e+00   7.4921336e-01   1.0000000e+00
   2.3300000e+00   7.4761022e-01   1.0000000e+00
   2.3500000e+00   7.4600709e-01   1.0000000e+00
   2.3700000e+00   7.4440396e-01   1.0000000e+00
   2.3900000e+00   7.4236838e-01   1.0000000e+00
   2.4100000e+00   7.4028183e-01   1.0000000e+00
   2.4300000e+00   7.3814432e-01   1.0000000e+00
   2.4500000e+00   7.3600681e-01   1.0000000e+00
   2.4700000e+00   7.3386931e-01   1.0000000e+00
   2.4900000e+00   7.3173180e-01   1.0000000e+00
   2.5100000e+00   7.2959429e-01   1.0000000e+00
   2.5300000e+00   7.2770687e-01   1.0000000e+00
   2.5500000e+00   7.2606953e-01   1.0000000e+00
   2.5700000e+00   7.2446640e-01   1.0000000e+00
   2.5900000e+00   7.2286327e-01   1.0000000e+00
   2.6100000e+00   7.2126014e-01   1.0000000e+00
   2.6300000e+00   7.1965701e-01   1.0000000e+00
   2.6500000e+00   7.1805388e-01   1.0000000e+00
   2.6700000e+00   7.1645075e-01   1.0000000e+00
   2.6900000e+00   7.1484761e-01   1.0000000e+00
   2.7100000e+00   7.1324448e-01   1.0000000e+00
   2.7300000e+00   7.1164135e-01   1.0000000e+00
   2.7500000e+00   7.0970366e-01   1.0000000e+00
   2.7700000e+00   7.0777501e-01   1.0000000e+00
   2.7900000e+00   7.0585540e-01   1.0000000e+00
   2.8100000e+00   7.0415103e-01   1.0000000e+00
   2.8300000e+00   7.0223010e-01   1.0000000e+00
   2.8500000e+00   7.0009259e-01   1.0000000e+00
   2.8700000e+00   6.9899297e-01   1.0000000e+00
   2.8900000e+00   6.9790879e-01   1.0000000e+00
   2.9100000e+00   6.9684003e-01   1.0000000e+00
   2.9300000e+00   6.9548566e-01   1.0000000e+00
   2.9500000e+00   6.9400691e-01   1.0000000e+00
   2.9700000e+00   6.9240378e-01   1.0000000e+00
   2.9900000e+00   6.9080065e-01   1.0000000e+00
   3.0100000e+00   6.8919752e-01   1.0000000e+00
   3.0300000e+00   6.8759439e-01   1.0000000e+00
   3.0500000e+00   6.8552126e-01   1.0000000e+00
   3.0700000e+00   6.8376927e-01   1.0000000e+00
   3.0900000e+00   6.8233843e-01   1.0000000e+00
   3.1100000e+00   6.8103301e-01   1.0000000e+00
   3.1300000e+00   6.7969874e-01   1.0000000e+00
   3.1500000e+00   6.7833562e-01   1.0000000e+00
   3.1700000e+00   6.7780124e-01   1.0000000e+00
   3.1900000e+00   6.7726686e-01   1.0000000e+00
   3.2100000e+00   6.7673249e-01   1.0000000e+00
   3.2300000e+00   6.7535600e-01   1.0000000e+00
   3.2500000e+00   6.7401839e-01   1.0000000e+00
   3.2700000e+00   6.7271965e-01   1.0000000e+00
   3.2900000e+00   6.7108772e-01   1.0000000e+00
   3.3100000e+00   6.6893581e-01   1.0000000e+00
   3.3300000e+00   6.6626393e-01   1.0000000e+00
   3.3500000e+00   6.6359204e-01   1.0000000e+00
   3.3700000e+00   6.6116454e-01   1.0000000e+00
   3.3900000e+00   6.5898143e-01   1.0000000e+00
   3.4100000e+00   6.5758814e-01   1.0000000e+00
   3.4300000e+00   6.5635711e-01   1.0000000e+00
   3.4500000e+00   6.5528836e-01   1.0000000e+00
   3.4700000e+00   6.5421960e-01   1.0000000e+00
   3.4900000e+00   6.5315085e-01   1.0000000e+00
   3.5100000e+00   6.5208210e-01   1.0000000e+00
   3.5300000e+00   6.5101334e-01   1.0000000e+00
