   6.1000000e-01   9.5712367e-01   0.0000000e+00
   6.3000000e-01   9.4139007e-01   0.0000000e+00
   6.5000000e-01   9.2330509e-01   0.0000000e+00
   6.7000000e-01   9.0223911e-01   0.0000000e+00
   6.9000000e-01   8.7819215e-01   0.0000000e+00
   7.1000000e-01   8.5596621e-01   0.0000000e+00
   7.3000000e-01   8.3457570e-01   0.0000000e+00
   7.5000000e-01   8.1402061e-01   0.0000000e+00
   7.7000000e-01   7.9646794e-01   0.0000000e+00
   7.9000000e-01   7.8042488e-01   0.0000000e+00
   8.1000000e-01   7.6589144e-01   0.0000000e+00
   8.3000000e-01   7.5092888e-01   0.0000000e+00
   8.5000000e-01   7.3858120e-01   0.0000000e+00
   8.7000000e-01   7.2884840e-01   0.0000000e+00
   8.9000000e-01   7.2044855e-01   0.0000000e+00
   9.1000000e-01   7.1296491e-01   0.0000000e+00
   9.3000000e-01   7.0639749e-01   0.0000000e+00
   9.5000000e-01   7.0122670e-01   0.0000000e+00
   9.7000000e-01   6.9629293e-01   0.0000000e+00
   9.9000000e-01   6.9159617e-01   0.0000000e+00
   1.0100000e+00   6.8785553e-01   0.0000000e+00
   1.0300000e+00   6.8411489e-01   0.0000000e+00
   1.0500000e+00   6.8037425e-01   0.0000000e+00
   1.0700000e+00   6.7663361e-01   0.0000000e+00
   1.0900000e+00   6.7289297e-01   0.0000000e+00
   1.1100000e+00   6.6915233e-01   0.0000000e+00
   1.1300000e+00   6.6541169e-01   0.0000000e+00
   1.1500000e+00   6.6167105e-01   0.0000000e+00
   1.1700000e+00   6.5793042e-01   0.0000000e+00
   1.1900000e+00   6.5418978e-01   0.0000000e+00
   1.2100000e+00   6.5066168e-01   0.0000000e+00
   1.2300000e+00   6.4734612e-01   0.0000000e+00
   1.2500000e+00   6.4383144e-01   0.0000000e+00
   1.2700000e+00   6.4020378e-01   0.0000000e+00
   1.2900000e+00   6.3646314e-01   0.0000000e+00
   1.3100000e+00   6.3264741e-01   0.0000000e+00
   1.3300000e+00   6.2860204e-01   0.0000000e+00
   1.3500000e+00   6.2432702e-01   0.0000000e+00
   1.3700000e+00   6.2103761e-01   0.0000000e+00
   1.3900000e+00   6.1760171e-01   0.0000000e+00
   1.4100000e+00   6.1401931e-01   0.0000000e+00
   1.4300000e+00   6.1001919e-01   0.0000000e+00
   1.4500000e+00   6.0581023e-01   0.0000000e+00
   1.4700000e+00   6.0139240e-01   0.0000000e+00
   1.4900000e+00   5.9658301e-01   0.0000000e+00
   1.5100000e+00   5.9177362e-01   0.0000000e+00
   1.5300000e+00   5.8696422e-01   0.0000000e+00
   1.5500000e+00   5.8215483e-01   0.0000000e+00
   1.5700000e+00   5.7734543e-01   0.0000000e+00
   1.5900000e+00   5.7253604e-01   0.0000000e+00
   1.6100000e+00   5.6772665e-01   0.0000000e+00
   1.6300000e+00   5.6296419e-01   0.0000000e+00
   1.6500000e+00   5.5824865e-01   0.0000000e+00
   1.6700000e+00   5.5397364e-01   0.0000000e+00
   1.6900000e+00   5.4995441e-01   0.0000000e+00
   1.7100000e+00   5.4619097e-01   0.0000000e+00
   1.7300000e+00   5.4245033e-01   0.0000000e+00
   1.7500000e+00   5.3898793e-01   0.0000000e+00
   1.7700000e+00   5.3580378e-01   0.0000000e+00
   1.7900000e+00   5.3297032e-01   0.0000000e+00
   1.8100000e+00   5.2997291e-01   0.0000000e+00
   1.8300000e+00   5.2681157e-01   0.0000000e+00
   1.8500000e+00   5.2413968e-01   0.0000000e+00
   1.8700000e+00   5.2169911e-01   0.0000000e+00
   1.8900000e+00   5.1948985e-01   0.0000000e+00
   1.9100000e+00   5.1700638e-01   0.0000000e+00
   1.9300000e+00   5.1465800e-01   0.0000000e+00
   1.9500000e+00   5.1244472e-01   0.0000000e+00
   1.9700000e+00   5.1084159e-01   0.0000000e+00
   1.9900000e+00   5.0923845e-01   0.0000000e+00
   2.0100000e+00   5.0763532e-01   0.0000000e+00
   2.0300000e+00   5.0550184e-01   0.0000000e+00
   2.0500000e+00   5.0315951e-01   0.0000000e+00
   2.0700000e+00   5.0060832e-01   0.0000000e+00
   2.0900000e+00   4.9823345e-01   0.0000000e+00
   2.1100000e+00   4.9597726e-01   0.0000000e+00
   2.1300000e+00   4.9383976e-01   0.0000000e+00
   2.1500000e+00   4.9170225e-01   0.0000000e+00
   2.1700000e+00   4.8956474e-01   0.0000000e+00
   2.1900000e+00   4.8742723e-01   0.0000000e+00
   2.2100000e+00   4.8528972e-01   0.0000000e+00
   2.2300000e+00   4.8315222e-01   0.0000000e+00
   2.2500000e+00   4.8101471e-01   0.0000000e+00
   2.2700000e+00   4.7912527e-01   0.0000000e+00
   2.2900000e+00   4.7731328e-01   0.0000000e+00
   2.3100000e+00   4.7557875e-01   0.0000000e+00
   2.3300000e+00   4.7344124e-01   0.0000000e+00
   2.3500000e+00   4.7130373e-01   0.0000000e+00
   2.3700000e+00   4.6916622e-01   0.0000000e+00
   2.3900000e+00   4.6746117e-01   0.0000000e+00
   2.4100000e+00   4.6596497e-01   0.0000000e+00
   2.4300000e+00   4.6467763e-01   0.0000000e+00
   2.4500000e+00   4.6321062e-01   0.0000000e+00
   2.4700000e+00   4.6149083e-01   0.0000000e+00
   2.4900000e+00   4.5951824e-01   0.0000000e+00
   2.5100000e+00   4.5844949e-01   0.0000000e+00
   2.5300000e+00   4.5688056e-01   0.0000000e+00
   2.5500000e+00   4.5481146e-01   0.0000000e+00
   2.5700000e+00   4.5344097e-01   0.0000000e+00
   2.5900000e+00   4.5222135e-01   0.0000000e+00
   2.6100000e+00   4.5115259e-01   0.0000000e+00
   2.6300000e+00   4.5008384e-01   0.0000000e+00
   2.6500000e+00   4.4899833e-01   0.0000000e+00
   2.6700000e+00   4.4789606e-01   0.0000000e+00
   2.6900000e+00   4.4629293e-01   0.0000000e+00
   2.7100000e+00   4.4491541e-01   0.0000000e+00
   2.7300000e+00   4.4376351e-01   0.0000000e+00
   2.7500000e+00   4.4236019e-01   0.0000000e+00
   2.7700000e+00   4.4096591e-01   0.0000000e+00
   2.7900000e+00   4.3958068e-01   0.0000000e+00
   2.8100000e+00   4.3851193e-01   0.0000000e+00
   2.8300000e+00   4.3744317e-01   0.0000000e+00
   2.8500000e+00   4.3637442e-01   0.0000000e+00
   2.8700000e+00   4.3530567e-01   0.0000000e+00
   2.8900000e+00   4.3423691e-01   0.0000000e+00
   2.9100000e+00   4.3316816e-01   0.0000000e+00
   2.9300000e+00   4.3152817e-01   0.0000000e+00
   2.9500000e+00   4.2980837e-01   0.0000000e+00
   2.9700000e+00   4.2800877e-01   0.0000000e+00
   2.9900000e+00   4.2694002e-01   0.0000000e+00
   3.0100000e+00   4.2587126e-01   0.0000000e+00
   3.0300000e+00   4.2480251e-01   0.0000000e+00
   3.0500000e+00   4.2373375e-01   0.0000000e+00
   3.0700000e+00   4.2266500e-01   0.0000000e+00
   3.0900000e+00   4.2159625e-01   0.0000000e+00
   3.1100000e+00   4.2052749e-01   0.0000000e+00
   3.1300000e+00   4.1951874e-01   0.0000000e+00
   3.1500000e+00   4.1856999e-01   0.0000000e+00
   3.1700000e+00   4.1803227e-01   0.0000000e+00
   3.1900000e+00   4.1722904e-01   0.0000000e+00
   3.2100000e+00   4.1616028e-01   0.0000000e+00
   3.2300000e+00   4.1551258e-01   0.0000000e+00
   3.2500000e+00   4.1507374e-01   0.0000000e+00
   3.2700000e+00   4.1484375e-01   0.0000000e+00
   3.2900000e+00   4.1540692e-01   0.0000000e+00
   2.0100000e+00   7.6546596e-01   1.0000000e+00
   2.0300000e+00   7.6279004e-01   1.0000000e+00
   2.0500000e+00   7.5990930e-01   1.0000000e+00
   2.0700000e+00   7.5682373e-01   1.0000000e+00
   2.0900000e+00   7.5391449e-01   1.0000000e+00
   2.1100000e+00   7.5103375e-01   1.0000000e+00
   2.1300000e+00   7.4818151e-01   1.0000000e+00
   2.1500000e+00   7.4516631e-01   1.0000000e+00
   2.1700000e+00   7.4285715e-01   1.0000000e+00
   2.1900000e+00   7.4125402e-01   1.0000000e+00
   2.2100000e+00   7.3868809e-01   1.0000000e+00
   2.2300000e+00   7.3643391e-01   1.0000000e+00
   2.2500000e+00   7.3449150e-01   1.0000000e+00
   2.2700000e+00   7.3264030e-01   1.0000000e+00
   2.2900000e+00   7.3071164e-01   1.0000000e+00
   2.3100000e+00   7.2870554e-01   1.0000000e+00
   2.3300000e+00   7.2708767e-01   1.0000000e+00
   2.3500000e+00   7.2520998e-01   1.0000000e+00
   2.3700000e+00   7.2307247e-01   1.0000000e+00
   2.3900000e+00   7.2050251e-01   1.0000000e+00
   2.4100000e+00   7.1772369e-01   1.0000000e+00
   2.4300000e+00   7.1473601e-01   1.0000000e+00
   2.4500000e+00   7.1192800e-01   1.0000000e+00
   2.4700000e+00   7.0937278e-01   1.0000000e+00
   2.4900000e+00   7.0707035e-01   1.0000000e+00
   2.5100000e+00   7.0386409e-01   1.0000000e+00
   2.5300000e+00   7.0115800e-01   1.0000000e+00
   2.5500000e+00   6.9895209e-01   1.0000000e+00
   2.5700000e+00   6.9681458e-01   1.0000000e+00
   2.5900000e+00   6.9454365e-01   1.0000000e+00
   2.6100000e+00   6.9213929e-01   1.0000000e+00
   2.6300000e+00   6.8976777e-01   1.0000000e+00
   2.6500000e+00   6.8779720e-01   1.0000000e+00
   2.6700000e+00   6.8622758e-01   1.0000000e+00
   2.6900000e+00   6.8515883e-01   1.0000000e+00
   2.7100000e+00   6.8409007e-01   1.0000000e+00
   2.7300000e+00   6.8302132e-01   1.0000000e+00
   2.7500000e+00   6.8161800e-01   1.0000000e+00
   2.7700000e+00   6.8033268e-01   1.0000000e+00
   2.7900000e+00   6.7916534e-01   1.0000000e+00
   2.8100000e+00   6.7852973e-01   1.0000000e+00
   2.8300000e+00   6.7767755e-01   1.0000000e+00
   2.8500000e+00   6.7660879e-01   1.0000000e+00
   2.8700000e+00   6.7502109e-01   1.0000000e+00
   2.8900000e+00   6.7382796e-01   1.0000000e+00
   2.9100000e+00   6.7302939e-01   1.0000000e+00
   2.9300000e+00   6.7249501e-01   1.0000000e+00
   2.9500000e+00   6.7187616e-01   1.0000000e+00
   2.9700000e+00   6.7117283e-01   1.0000000e+00
   2.9900000e+00   6.7026094e-01   1.0000000e+00
   3.0100000e+00   6.7007218e-01   1.0000000e+00
   3.0300000e+00   6.7060656e-01   1.0000000e+00
   3.0500000e+00   6.6973094e-01   1.0000000e+00
   3.0700000e+00   6.6928875e-01   1.0000000e+00
   3.0900000e+00   6.6928000e-01   1.0000000e+00
   3.1100000e+00   6.7005105e-01   1.0000000e+00
   3.1300000e+00   6.7085095e-01   1.0000000e+00
   3.1500000e+00   6.7167969e-01   1.0000000e+00
   3.1700000e+00   6.7167969e-01   1.0000000e+00
   3.1900000e+00   6.7167969e-01   1.0000000e+00
   3.2100000e+00   6.7167969e-01   1.0000000e+00
   3.2300000e+00   6.7083758e-01   1.0000000e+00
   3.2500000e+00   6.6988215e-01   1.0000000e+00
   3.2700000e+00   6.6881340e-01   1.0000000e+00
   3.2900000e+00   6.6755692e-01   1.0000000e+00
   3.3100000e+00   6.6612711e-01   1.0000000e+00
   3.3300000e+00   6.6452398e-01   1.0000000e+00
   3.3500000e+00   6.6292085e-01   1.0000000e+00
   3.3700000e+00   6.6107333e-01   1.0000000e+00
   3.3900000e+00   6.5898143e-01   1.0000000e+00
   3.4100000e+00   6.5609971e-01   1.0000000e+00
   3.4300000e+00   6.5331116e-01   1.0000000e+00
   3.4500000e+00   6.5061578e-01   1.0000000e+00
   3.4700000e+00   6.4833950e-01   1.0000000e+00
   3.4900000e+00   6.4587647e-01   1.0000000e+00
   3.5100000e+00   6.4322669e-01   1.0000000e+00
   3.5300000e+00   6.4108919e-01   1.0000000e+00
   3.5500000e+00   6.3939150e-01   1.0000000e+00
   3.5700000e+00   6.3813365e-01   1.0000000e+00
   3.5900000e+00   6.3641857e-01   1.0000000e+00
   3.6100000e+00   6.3449228e-01   1.0000000e+00
   3.6300000e+00   6.3235477e-01   1.0000000e+00
   3.6500000e+00   6.3021726e-01   1.0000000e+00
   3.6700000e+00   6.2807975e-01   1.0000000e+00
   3.6900000e+00   6.2594225e-01   1.0000000e+00
   3.7100000e+00   6.2329719e-01   1.0000000e+00
