   6.1000000e-01   9.5759603e-01   0.0000000e+00
   6.3000000e-01   9.4133876e-01   0.0000000e+00
   6.5000000e-01   9.2539129e-01   0.0000000e+00
   6.7000000e-01   9.0646283e-01   0.0000000e+00
   6.9000000e-01   8.8455337e-01   0.0000000e+00
   7.1000000e-01   8.6309917e-01   0.0000000e+00
   7.3000000e-01   8.4168452e-01   0.0000000e+00
   7.5000000e-01   8.2030944e-01   0.0000000e+00
   7.7000000e-01   8.0181942e-01   0.0000000e+00
   7.9000000e-01   7.8530769e-01   0.0000000e+00
   8.1000000e-01   7.7077425e-01   0.0000000e+00
   8.3000000e-01   7.5581169e-01   0.0000000e+00
   8.5000000e-01   7.4346402e-01   0.0000000e+00
   8.7000000e-01   7.3373122e-01   0.0000000e+00
   8.9000000e-01   7.2411243e-01   0.0000000e+00
   9.1000000e-01   7.1536258e-01   0.0000000e+00
   9.3000000e-01   7.0748168e-01   0.0000000e+00
   9.5000000e-01   7.0089617e-01   0.0000000e+00
   9.7000000e-01   6.9429892e-01   0.0000000e+00
   9.9000000e-01   6.8768992e-01   0.0000000e+00
   1.0100000e+00   6.8394928e-01   0.0000000e+00
   1.0300000e+00   6.8020864e-01   0.0000000e+00
   1.0500000e+00   6.7646800e-01   0.0000000e+00
   1.0700000e+00   6.7237000e-01   0.0000000e+00
   1.0900000e+00   6.6830384e-01   0.0000000e+00
   1.1100000e+00   6.6426952e-01   0.0000000e+00
   1.1300000e+00   6.6040485e-01   0.0000000e+00
   1.1500000e+00   6.5633869e-01   0.0000000e+00
   1.1700000e+00   6.5207104e-01   0.0000000e+00
   1.1900000e+00   6.4833040e-01   0.0000000e+00
   1.2100000e+00   6.4501484e-01   0.0000000e+00
   1.2300000e+00   6.4212437e-01   0.0000000e+00
   1.2500000e+00   6.3914407e-01   0.0000000e+00
   1.2700000e+00   6.3595491e-01   0.0000000e+00
   1.2900000e+00   6.3255689e-01   0.0000000e+00
   1.3100000e+00   6.2896643e-01   0.0000000e+00
   1.3300000e+00   6.2583526e-01   0.0000000e+00
   1.3500000e+00   6.2316337e-01   0.0000000e+00
   1.3700000e+00   6.1999869e-01   0.0000000e+00
   1.3900000e+00   6.1662514e-01   0.0000000e+00
   1.4100000e+00   6.1304274e-01   0.0000000e+00
   1.4300000e+00   6.0956158e-01   0.0000000e+00
   1.4500000e+00   6.0600365e-01   0.0000000e+00
   1.4700000e+00   6.0236896e-01   0.0000000e+00
   1.4900000e+00   5.9758571e-01   0.0000000e+00
   1.5100000e+00   5.9305658e-01   0.0000000e+00
   1.5300000e+00   5.8878157e-01   0.0000000e+00
   1.5500000e+00   5.8406269e-01   0.0000000e+00
   1.5700000e+00   5.7946216e-01   0.0000000e+00
   1.5900000e+00   5.7497995e-01   0.0000000e+00
   1.6100000e+00   5.7070494e-01   0.0000000e+00
   1.6300000e+00   5.6642992e-01   0.0000000e+00
   1.6500000e+00   5.6215490e-01   0.0000000e+00
   1.6700000e+00   5.5787989e-01   0.0000000e+00
   1.6900000e+00   5.5360487e-01   0.0000000e+00
   1.7100000e+00   5.4932986e-01   0.0000000e+00
   1.7300000e+00   5.4544975e-01   0.0000000e+00
   1.7500000e+00   5.4163938e-01   0.0000000e+00
   1.7700000e+00   5.3789874e-01   0.0000000e+00
   1.7900000e+00   5.3431968e-01   0.0000000e+00
   1.8100000e+00   5.3092702e-01   0.0000000e+00
   1.8300000e+00   5.2772076e-01   0.0000000e+00
   1.8500000e+00   5.2451449e-01   0.0000000e+00
   1.8700000e+00   5.2153955e-01   0.0000000e+00
   1.8900000e+00   5.1879591e-01   0.0000000e+00
   1.9100000e+00   5.1646999e-01   0.0000000e+00
   1.9300000e+00   5.1412363e-01   0.0000000e+00
   1.9500000e+00   5.1175682e-01   0.0000000e+00
   1.9700000e+00   5.0931020e-01   0.0000000e+00
   1.9900000e+00   5.0728533e-01   0.0000000e+00
   2.0100000e+00   5.0568220e-01   0.0000000e+00
   2.0300000e+00   5.0301837e-01   0.0000000e+00
   2.0500000e+00   5.0055736e-01   0.0000000e+00
   2.0700000e+00   4.9829916e-01   0.0000000e+00
   2.0900000e+00   4.9616165e-01   0.0000000e+00
   2.1100000e+00   4.9402414e-01   0.0000000e+00
   2.1300000e+00   4.9188663e-01   0.0000000e+00
   2.1500000e+00   4.8974912e-01   0.0000000e+00
   2.1700000e+00   4.8761162e-01   0.0000000e+00
   2.1900000e+00   4.8547411e-01   0.0000000e+00
   2.2100000e+00   4.8333660e-01   0.0000000e+00
   2.2300000e+00   4.8119909e-01   0.0000000e+00
   2.2500000e+00   4.7906158e-01   0.0000000e+00
   2.2700000e+00   4.7717215e-01   0.0000000e+00
   2.2900000e+00   4.7542586e-01   0.0000000e+00
   2.3100000e+00   4.7382273e-01   0.0000000e+00
   2.3300000e+00   4.7220486e-01   0.0000000e+00
   2.3500000e+00   4.7032717e-01   0.0000000e+00
   2.3700000e+00   4.6818966e-01   0.0000000e+00
   2.3900000e+00   4.6691706e-01   0.0000000e+00
   2.4100000e+00   4.6543059e-01   0.0000000e+00
   2.4300000e+00   4.6373026e-01   0.0000000e+00
   2.4500000e+00   4.6199100e-01   0.0000000e+00
   2.4700000e+00   4.6050454e-01   0.0000000e+00
   2.4900000e+00   4.5927086e-01   0.0000000e+00
   2.5100000e+00   4.5713335e-01   0.0000000e+00
   2.5300000e+00   4.5549602e-01   0.0000000e+00
   2.5500000e+00   4.5435886e-01   0.0000000e+00
   2.5700000e+00   4.5329010e-01   0.0000000e+00
   2.5900000e+00   4.5208792e-01   0.0000000e+00
   2.6100000e+00   4.5075233e-01   0.0000000e+00
   2.6300000e+00   4.4929938e-01   0.0000000e+00
   2.6500000e+00   4.4803852e-01   0.0000000e+00
   2.6700000e+00   4.4696977e-01   0.0000000e+00
   2.6900000e+00   4.4590101e-01   0.0000000e+00
   2.7100000e+00   4.4483226e-01   0.0000000e+00
   2.7300000e+00   4.4376351e-01   0.0000000e+00
   2.7500000e+00   4.4236019e-01   0.0000000e+00
   2.7700000e+00   4.4096591e-01   0.0000000e+00
   2.7900000e+00   4.3958068e-01   0.0000000e+00
   2.8100000e+00   4.3851193e-01   0.0000000e+00
   2.8300000e+00   4.3744317e-01   0.0000000e+00
   2.8500000e+00   4.3637442e-01   0.0000000e+00
   2.8700000e+00   4.3478672e-01   0.0000000e+00
   2.8900000e+00   4.3339244e-01   0.0000000e+00
   2.9100000e+00   4.3219159e-01   0.0000000e+00
   2.9300000e+00   4.3083722e-01   0.0000000e+00
   2.9500000e+00   4.2944295e-01   0.0000000e+00
   2.9700000e+00   4.2800877e-01   0.0000000e+00
   2.9900000e+00   4.2688773e-01   0.0000000e+00
   3.0100000e+00   4.2552564e-01   0.0000000e+00
   3.0300000e+00   4.2392251e-01   0.0000000e+00
   3.0500000e+00   4.2231938e-01   0.0000000e+00
   3.0700000e+00   4.2106958e-01   0.0000000e+00
   3.0900000e+00   4.2017312e-01   0.0000000e+00
   3.1100000e+00   4.1940207e-01   0.0000000e+00
   3.1300000e+00   4.1848217e-01   0.0000000e+00
   3.1500000e+00   4.1741342e-01   0.0000000e+00
   3.1700000e+00   4.1634467e-01   0.0000000e+00
   3.1900000e+00   4.1527591e-01   0.0000000e+00
   3.2100000e+00   4.1420716e-01   0.0000000e+00
   3.2300000e+00   4.1355946e-01   0.0000000e+00
   3.2500000e+00   4.1281622e-01   0.0000000e+00
   3.2700000e+00   4.1197746e-01   0.0000000e+00
   3.2900000e+00   4.1128415e-01   0.0000000e+00
   3.3100000e+00   4.1100856e-01   0.0000000e+00
   3.3300000e+00   4.1115068e-01   0.0000000e+00
   3.3500000e+00   4.1221943e-01   0.0000000e+00
   2.0000000e+00   7.6917908e-01   1.0000000e+00
   2.0200000e+00   7.6704560e-01   1.0000000e+00
   2.0400000e+00   7.6438177e-01   1.0000000e+00
   2.0600000e+00   7.6170989e-01   1.0000000e+00
   2.0800000e+00   7.5888949e-01   1.0000000e+00
   2.1000000e+00   7.5592059e-01   1.0000000e+00
   2.1200000e+00   7.5271433e-01   1.0000000e+00
   2.1400000e+00   7.4953991e-01   1.0000000e+00
   2.1600000e+00   7.4639734e-01   1.0000000e+00
   2.1800000e+00   7.4372545e-01   1.0000000e+00
   2.2000000e+00   7.4105357e-01   1.0000000e+00
   2.2200000e+00   7.3838168e-01   1.0000000e+00
   2.2400000e+00   7.3643927e-01   1.0000000e+00
   2.2600000e+00   7.3466650e-01   1.0000000e+00
   2.2800000e+00   7.3306337e-01   1.0000000e+00
   2.3000000e+00   7.3132883e-01   1.0000000e+00
   2.3200000e+00   7.2940018e-01   1.0000000e+00
   2.3400000e+00   7.2727741e-01   1.0000000e+00
   2.3600000e+00   7.2567428e-01   1.0000000e+00
   2.3800000e+00   7.2385492e-01   1.0000000e+00
   2.4000000e+00   7.2181933e-01   1.0000000e+00
   2.4200000e+00   7.1999762e-01   1.0000000e+00
   2.4400000e+00   7.1798650e-01   1.0000000e+00
   2.4600000e+00   7.1578600e-01   1.0000000e+00
   2.4800000e+00   7.1274466e-01   1.0000000e+00
   2.5000000e+00   7.1015523e-01   1.0000000e+00
   2.5200000e+00   7.0801772e-01   1.0000000e+00
   2.5400000e+00   7.0487987e-01   1.0000000e+00
   2.5600000e+00   7.0189956e-01   1.0000000e+00
   2.5800000e+00   6.9907681e-01   1.0000000e+00
   2.6000000e+00   6.9613808e-01   1.0000000e+00
   2.6200000e+00   6.9314067e-01   1.0000000e+00
   2.6400000e+00   6.9008459e-01   1.0000000e+00
   2.6600000e+00   6.8741271e-01   1.0000000e+00
   2.6800000e+00   6.8474082e-01   1.0000000e+00
   2.7000000e+00   6.8206894e-01   1.0000000e+00
   2.7200000e+00   6.7984828e-01   1.0000000e+00
   2.7400000e+00   6.7783648e-01   1.0000000e+00
   2.7600000e+00   6.7603353e-01   1.0000000e+00
   2.7800000e+00   6.7464830e-01   1.0000000e+00
   2.8000000e+00   6.7342130e-01   1.0000000e+00
   2.8200000e+00   6.7235255e-01   1.0000000e+00
   2.8400000e+00   6.7128380e-01   1.0000000e+00
   2.8600000e+00   6.7021504e-01   1.0000000e+00
   2.8800000e+00   6.6914629e-01   1.0000000e+00
   2.9000000e+00   6.6807753e-01   1.0000000e+00
   2.9200000e+00   6.6700878e-01   1.0000000e+00
   2.9400000e+00   6.6594003e-01   1.0000000e+00
   2.9600000e+00   6.6487127e-01   1.0000000e+00
   2.9800000e+00   6.6385481e-01   1.0000000e+00
   3.0000000e+00   6.6289062e-01   1.0000000e+00
   3.0200000e+00   6.6289062e-01   1.0000000e+00
   3.0400000e+00   6.6218563e-01   1.0000000e+00
   3.0600000e+00   6.6077563e-01   1.0000000e+00
