   6.0000000e-01   9.7328772e-01   0.0000000e+00
   6.2000000e-01   9.5952670e-01   0.0000000e+00
   6.4000000e-01   9.4325705e-01   0.0000000e+00
   6.6000000e-01   9.2447876e-01   0.0000000e+00
   6.8000000e-01   9.0470681e-01   0.0000000e+00
   7.0000000e-01   8.8447960e-01   0.0000000e+00
   7.2000000e-01   8.6379714e-01   0.0000000e+00
   7.4000000e-01   8.4194066e-01   0.0000000e+00
   7.6000000e-01   8.2123303e-01   0.0000000e+00
   7.8000000e-01   8.0167426e-01   0.0000000e+00
   8.0000000e-01   7.8638785e-01   0.0000000e+00
   8.2000000e-01   7.7153056e-01   0.0000000e+00
   8.4000000e-01   7.5710238e-01   0.0000000e+00
   8.6000000e-01   7.4581205e-01   0.0000000e+00
   8.8000000e-01   7.3516540e-01   0.0000000e+00
   9.0000000e-01   7.2516241e-01   0.0000000e+00
   9.2000000e-01   7.1583327e-01   0.0000000e+00
   9.4000000e-01   7.0662650e-01   0.0000000e+00
   9.6000000e-01   6.9754209e-01   0.0000000e+00
   9.8000000e-01   6.8902085e-01   0.0000000e+00
   1.0000000e+00   6.8288991e-01   0.0000000e+00
   1.0200000e+00   6.7914927e-01   0.0000000e+00
   1.0400000e+00   6.7493460e-01   0.0000000e+00
   1.0600000e+00   6.7086844e-01   0.0000000e+00
   1.0800000e+00   6.6695079e-01   0.0000000e+00
   1.1000000e+00   6.6321015e-01   0.0000000e+00
   1.1200000e+00   6.5946951e-01   0.0000000e+00
   1.1400000e+00   6.5572887e-01   0.0000000e+00
   1.1600000e+00   6.5198823e-01   0.0000000e+00
   1.1800000e+00   6.4824760e-01   0.0000000e+00
   1.2000000e+00   6.4450696e-01   0.0000000e+00
   1.2200000e+00   6.4161648e-01   0.0000000e+00
   1.2400000e+00   6.3868110e-01   0.0000000e+00
   1.2600000e+00   6.3570079e-01   0.0000000e+00
   1.2800000e+00   6.3249453e-01   0.0000000e+00
   1.3000000e+00   6.2928827e-01   0.0000000e+00
   1.3200000e+00   6.2608200e-01   0.0000000e+00
   1.3400000e+00   6.2287574e-01   0.0000000e+00
   1.3600000e+00   6.1942308e-01   0.0000000e+00
   1.3800000e+00   6.1572401e-01   0.0000000e+00
   1.4000000e+00   6.1235951e-01   0.0000000e+00
   1.4200000e+00   6.0907413e-01   0.0000000e+00
   1.4400000e+00   6.0586787e-01   0.0000000e+00
   1.4600000e+00   6.0237599e-01   0.0000000e+00
   1.4800000e+00   5.9850561e-01   0.0000000e+00
   1.5000000e+00   5.9425674e-01   0.0000000e+00
   1.5200000e+00   5.9051610e-01   0.0000000e+00
   1.5400000e+00   5.8655354e-01   0.0000000e+00
   1.5600000e+00   5.8236904e-01   0.0000000e+00
   1.5800000e+00   5.7842122e-01   0.0000000e+00
   1.6000000e+00   5.7447172e-01   0.0000000e+00
   1.6200000e+00   5.7052055e-01   0.0000000e+00
   1.6400000e+00   5.6643326e-01   0.0000000e+00
   1.6600000e+00   5.6278648e-01   0.0000000e+00
   1.6800000e+00   5.5958022e-01   0.0000000e+00
   1.7000000e+00   5.5535081e-01   0.0000000e+00
   1.7200000e+00   5.5149351e-01   0.0000000e+00
   1.7400000e+00   5.4800831e-01   0.0000000e+00
   1.7600000e+00   5.4480205e-01   0.0000000e+00
   1.7800000e+00   5.4159579e-01   0.0000000e+00
   1.8000000e+00   5.3838952e-01   0.0000000e+00
   1.8200000e+00   5.3522818e-01   0.0000000e+00
   1.8400000e+00   5.3231156e-01   0.0000000e+00
   1.8600000e+00   5.2963968e-01   0.0000000e+00
   1.8800000e+00   5.2650516e-01   0.0000000e+00
   1.9000000e+00   5.2350776e-01   0.0000000e+00
   1.9200000e+00   5.2064746e-01   0.0000000e+00
   1.9400000e+00   5.1820487e-01   0.0000000e+00
   1.9600000e+00   5.1591483e-01   0.0000000e+00
   1.9800000e+00   5.1377732e-01   0.0000000e+00
   2.0000000e+00   5.1163981e-01   0.0000000e+00
   2.0200000e+00   5.0923713e-01   0.0000000e+00
   2.0400000e+00   5.0656927e-01   0.0000000e+00
   2.0600000e+00   5.0389739e-01   0.0000000e+00
   2.0800000e+00   5.0137401e-01   0.0000000e+00
   2.1000000e+00   4.9899914e-01   0.0000000e+00
   2.1200000e+00   4.9686164e-01   0.0000000e+00
   2.1400000e+00   4.9472413e-01   0.0000000e+00
   2.1600000e+00   4.9258662e-01   0.0000000e+00
   2.1800000e+00   4.9044911e-01   0.0000000e+00
   2.2000000e+00   4.8831160e-01   0.0000000e+00
   2.2200000e+00   4.8617410e-01   0.0000000e+00
   2.2400000e+00   4.8403659e-01   0.0000000e+00
   2.2600000e+00   4.8189908e-01   0.0000000e+00
   2.2800000e+00   4.7976157e-01   0.0000000e+00
   2.3000000e+00   4.7775547e-01   0.0000000e+00
   2.3200000e+00   4.7595085e-01   0.0000000e+00
   2.3400000e+00   4.7434772e-01   0.0000000e+00
   2.3600000e+00   4.7274459e-01   0.0000000e+00
   2.3800000e+00   4.7092523e-01   0.0000000e+00
   2.4000000e+00   4.6888965e-01   0.0000000e+00
   2.4200000e+00   4.6738372e-01   0.0000000e+00
   2.4400000e+00   4.6609638e-01   0.0000000e+00
   2.4600000e+00   4.6502762e-01   0.0000000e+00
   2.4800000e+00   4.6379395e-01   0.0000000e+00
   2.5000000e+00   4.6210836e-01   0.0000000e+00
   2.5200000e+00   4.5997085e-01   0.0000000e+00
   2.5400000e+00   4.5883369e-01   0.0000000e+00
   2.5600000e+00   4.5773073e-01   0.0000000e+00
   2.5800000e+00   4.5666197e-01   0.0000000e+00
   2.6000000e+00   4.5559322e-01   0.0000000e+00
   2.6200000e+00   4.5452447e-01   0.0000000e+00
   2.6400000e+00   4.5345571e-01   0.0000000e+00
   2.6600000e+00   4.5238696e-01   0.0000000e+00
   2.6800000e+00   4.5131820e-01   0.0000000e+00
   2.7000000e+00   4.5024945e-01   0.0000000e+00
   2.7200000e+00   4.4918070e-01   0.0000000e+00
   2.7400000e+00   4.4794466e-01   0.0000000e+00
   2.7600000e+00   4.4654134e-01   0.0000000e+00
   2.7800000e+00   4.4515611e-01   0.0000000e+00
   2.8000000e+00   4.4387850e-01   0.0000000e+00
   2.8200000e+00   4.4270851e-01   0.0000000e+00
   2.8400000e+00   4.4110538e-01   0.0000000e+00
   2.8600000e+00   4.3976172e-01   0.0000000e+00
   2.8800000e+00   4.3867754e-01   0.0000000e+00
   2.9000000e+00   4.3760878e-01   0.0000000e+00
   2.9200000e+00   4.3654003e-01   0.0000000e+00
   2.9400000e+00   4.3547128e-01   0.0000000e+00
   2.9600000e+00   4.3440252e-01   0.0000000e+00
   2.9800000e+00   4.3333377e-01   0.0000000e+00
   3.0000000e+00   4.3226501e-01   0.0000000e+00
   3.0200000e+00   4.3119626e-01   0.0000000e+00
   3.0400000e+00   4.3036250e-01   0.0000000e+00
   3.0600000e+00   4.2976375e-01   0.0000000e+00
   3.0800000e+00   4.2887604e-01   0.0000000e+00
   3.1000000e+00   4.2801614e-01   0.0000000e+00
   3.1200000e+00   4.2718406e-01   0.0000000e+00
   3.1400000e+00   4.2676969e-01   0.0000000e+00
   3.1600000e+00   4.2656250e-01   0.0000000e+00
   3.1800000e+00   4.2656250e-01   0.0000000e+00
   3.2000000e+00   4.2656250e-01   0.0000000e+00
   3.2200000e+00   4.2740461e-01   0.0000000e+00
   3.2400000e+00   4.2908882e-01   0.0000000e+00
   3.2600000e+00   4.3000877e-01   0.0000000e+00
   3.2800000e+00   4.3037489e-01   0.0000000e+00
   3.3000000e+00   4.3018716e-01   0.0000000e+00
   3.3200000e+00   4.2972385e-01   0.0000000e+00
   3.3400000e+00   4.2949219e-01   0.0000000e+00
   3.3600000e+00   4.2949219e-01   0.0000000e+00
   3.3800000e+00   4.2851464e-01   0.0000000e+00
   3.4000000e+00   4.2786360e-01   0.0000000e+00
   3.4200000e+00   4.2753906e-01   0.0000000e+00
   3.4400000e+00   4.2702818e-01   0.0000000e+00
   3.4600000e+00   4.2630775e-01   0.0000000e+00
   3.4800000e+00   4.2537777e-01   0.0000000e+00
   3.5000000e+00   4.2484339e-01   0.0000000e+00
   3.5200000e+00   4.2430902e-01   0.0000000e+00
   3.5400000e+00   4.2377464e-01   0.0000000e+00
   3.5600000e+00   4.2368009e-01   0.0000000e+00
   3.5800000e+00   4.2347123e-01   0.0000000e+00
   3.6000000e+00   4.2314807e-01   0.0000000e+00
   3.6200000e+00   4.2261369e-01   0.0000000e+00
   3.6400000e+00   4.2221406e-01   0.0000000e+00
   3.6600000e+00   4.2194918e-01   0.0000000e+00
   3.6800000e+00   4.2301794e-01   0.0000000e+00
   2.0000000e+00   7.8035136e-01   1.0000000e+00
   2.0200000e+00   7.7849111e-01   1.0000000e+00
   2.0400000e+00   7.7530500e-01   1.0000000e+00
   2.0600000e+00   7.7209874e-01   1.0000000e+00
   2.0800000e+00   7.6874397e-01   1.0000000e+00
   2.1000000e+00   7.6524069e-01   1.0000000e+00
   2.1200000e+00   7.6168040e-01   1.0000000e+00
   2.1400000e+00   7.5832897e-01   1.0000000e+00
   2.1600000e+00   7.5518640e-01   1.0000000e+00
   2.1800000e+00   7.5251451e-01   1.0000000e+00
   2.2000000e+00   7.5056473e-01   1.0000000e+00
   2.2200000e+00   7.4933705e-01   1.0000000e+00
   2.2400000e+00   7.4790356e-01   1.0000000e+00
   2.2600000e+00   7.4638525e-01   1.0000000e+00
   2.2800000e+00   7.4478212e-01   1.0000000e+00
   2.3000000e+00   7.4304758e-01   1.0000000e+00
   2.3200000e+00   7.4108207e-01   1.0000000e+00
   2.3400000e+00   7.3888559e-01   1.0000000e+00
   2.3600000e+00   7.3461058e-01   1.0000000e+00
   2.3800000e+00   7.3120047e-01   1.0000000e+00
   2.4000000e+00   7.2865527e-01   1.0000000e+00
   2.4200000e+00   7.2683355e-01   1.0000000e+00
   2.4400000e+00   7.2512113e-01   1.0000000e+00
   2.4600000e+00   7.2351800e-01   1.0000000e+00
   2.4800000e+00   7.2183241e-01   1.0000000e+00
   2.5000000e+00   7.1992086e-01   1.0000000e+00
   2.5200000e+00   7.1778335e-01   1.0000000e+00
   2.5400000e+00   7.1514567e-01   1.0000000e+00
   2.5600000e+00   7.1287439e-01   1.0000000e+00
   2.5800000e+00   7.1096952e-01   1.0000000e+00
   2.6000000e+00   7.0883270e-01   1.0000000e+00
   2.6200000e+00   7.0657853e-01   1.0000000e+00
   2.6400000e+00   7.0420700e-01   1.0000000e+00
   2.6600000e+00   7.0257036e-01   1.0000000e+00
   2.6800000e+00   7.0068328e-01   1.0000000e+00
   2.7000000e+00   6.9854577e-01   1.0000000e+00
   2.7200000e+00   6.9685949e-01   1.0000000e+00
   2.7400000e+00   6.9571663e-01   1.0000000e+00
   2.7600000e+00   6.9511719e-01   1.0000000e+00
