   6.1000000e-01   9.7631196e-01   0.0000000e+00
   6.3000000e-01   9.6315706e-01   0.0000000e+00
   6.5000000e-01   9.4346895e-01   0.0000000e+00
   6.7000000e-01   9.2079985e-01   0.0000000e+00
   6.9000000e-01   8.9514975e-01   0.0000000e+00
   7.1000000e-01   8.7268645e-01   0.0000000e+00
   7.3000000e-01   8.5168515e-01   0.0000000e+00
   7.5000000e-01   8.3214584e-01   0.0000000e+00
   7.7000000e-01   8.1486473e-01   0.0000000e+00
   7.9000000e-01   7.9831379e-01   0.0000000e+00
   8.1000000e-01   7.8249300e-01   0.0000000e+00
   8.3000000e-01   7.6753044e-01   0.0000000e+00
   8.5000000e-01   7.5361384e-01   0.0000000e+00
   8.7000000e-01   7.4074318e-01   0.0000000e+00
   8.9000000e-01   7.2832445e-01   0.0000000e+00
   9.1000000e-01   7.1683868e-01   0.0000000e+00
   9.3000000e-01   7.0628589e-01   0.0000000e+00
   9.5000000e-01   6.9772042e-01   0.0000000e+00
   9.7000000e-01   6.8969705e-01   0.0000000e+00
   9.9000000e-01   6.8221577e-01   0.0000000e+00
   1.0100000e+00   6.7473450e-01   0.0000000e+00
   1.0300000e+00   6.6772725e-01   0.0000000e+00
   1.0500000e+00   6.6119403e-01   0.0000000e+00
   1.0700000e+00   6.5513887e-01   0.0000000e+00
   1.0900000e+00   6.4929257e-01   0.0000000e+00
   1.1100000e+00   6.4365512e-01   0.0000000e+00
   1.1300000e+00   6.3843538e-01   0.0000000e+00
   1.1500000e+00   6.3341345e-01   0.0000000e+00
   1.1700000e+00   6.2858931e-01   0.0000000e+00
   1.1900000e+00   6.2271117e-01   0.0000000e+00
   1.2100000e+00   6.1747064e-01   0.0000000e+00
   1.2300000e+00   6.1286775e-01   0.0000000e+00
   1.2500000e+00   6.0890115e-01   0.0000000e+00
   1.2700000e+00   6.0475990e-01   0.0000000e+00
   1.2900000e+00   6.0044400e-01   0.0000000e+00
   1.3100000e+00   5.9532550e-01   0.0000000e+00
   1.3300000e+00   5.9089593e-01   0.0000000e+00
   1.3500000e+00   5.8715529e-01   0.0000000e+00
   1.3700000e+00   5.8292185e-01   0.0000000e+00
   1.3900000e+00   5.7885569e-01   0.0000000e+00
   1.4100000e+00   5.7495681e-01   0.0000000e+00
   1.4300000e+00   5.7121617e-01   0.0000000e+00
   1.4500000e+00   5.6747553e-01   0.0000000e+00
   1.4700000e+00   5.6373489e-01   0.0000000e+00
   1.4900000e+00   5.5996811e-01   0.0000000e+00
   1.5100000e+00   5.5594721e-01   0.0000000e+00
   1.5300000e+00   5.5167219e-01   0.0000000e+00
   1.5500000e+00   5.4872874e-01   0.0000000e+00
   1.5700000e+00   5.4575748e-01   0.0000000e+00
   1.5900000e+00   5.4275840e-01   0.0000000e+00
   1.6100000e+00   5.3955214e-01   0.0000000e+00
   1.6300000e+00   5.3643974e-01   0.0000000e+00
   1.6500000e+00   5.3342120e-01   0.0000000e+00
   1.6700000e+00   5.3128369e-01   0.0000000e+00
   1.6900000e+00   5.2940197e-01   0.0000000e+00
   1.7100000e+00   5.2777604e-01   0.0000000e+00
   1.7300000e+00   5.2577800e-01   0.0000000e+00
   1.7500000e+00   5.2384935e-01   0.0000000e+00
   1.7700000e+00   5.2199008e-01   0.0000000e+00
   1.7900000e+00   5.2054853e-01   0.0000000e+00
   1.8100000e+00   5.1929338e-01   0.0000000e+00
   1.8300000e+00   5.1822463e-01   0.0000000e+00
   1.8500000e+00   5.1715587e-01   0.0000000e+00
   1.8700000e+00   5.1631843e-01   0.0000000e+00
   1.8900000e+00   5.1571231e-01   0.0000000e+00
   1.9100000e+00   5.1483197e-01   0.0000000e+00
   1.9300000e+00   5.1397207e-01   0.0000000e+00
   1.9500000e+00   5.1313261e-01   0.0000000e+00
   1.9700000e+00   5.1271087e-01   0.0000000e+00
   1.9900000e+00   5.1250000e-01   0.0000000e+00
   2.0100000e+00   5.1250000e-01   0.0000000e+00
   2.0300000e+00   5.1196965e-01   0.0000000e+00
   2.0500000e+00   5.1123045e-01   0.0000000e+00
   2.0700000e+00   5.1028239e-01   0.0000000e+00
   2.0900000e+00   5.0980767e-01   0.0000000e+00
   2.1100000e+00   5.0938996e-01   0.0000000e+00
   2.1300000e+00   5.0902925e-01   0.0000000e+00
   2.1500000e+00   5.0796050e-01   0.0000000e+00
   2.1700000e+00   5.0689175e-01   0.0000000e+00
   2.1900000e+00   5.0582299e-01   0.0000000e+00
   2.2100000e+00   5.0475424e-01   0.0000000e+00
   2.2300000e+00   5.0368548e-01   0.0000000e+00
   2.2500000e+00   5.0261673e-01   0.0000000e+00
   2.2700000e+00   5.0129990e-01   0.0000000e+00
   2.2900000e+00   4.9990563e-01   0.0000000e+00
   2.3100000e+00   4.9843390e-01   0.0000000e+00
   2.3300000e+00   4.9736515e-01   0.0000000e+00
   2.3500000e+00   4.9629640e-01   0.0000000e+00
   2.3700000e+00   4.9522764e-01   0.0000000e+00
   2.3900000e+00   4.9329398e-01   0.0000000e+00
   2.4100000e+00   4.9141629e-01   0.0000000e+00
   2.4300000e+00   4.8959457e-01   0.0000000e+00
   2.4500000e+00   4.8799144e-01   0.0000000e+00
   2.4700000e+00   4.8642954e-01   0.0000000e+00
   2.4900000e+00   4.8490887e-01   0.0000000e+00
   2.5100000e+00   4.8384011e-01   0.0000000e+00
   2.5300000e+00   4.8277136e-01   0.0000000e+00
   2.5500000e+00   4.8170261e-01   0.0000000e+00
   2.5700000e+00   4.8063385e-01   0.0000000e+00
   2.5900000e+00   4.7956510e-01   0.0000000e+00
   2.6100000e+00   4.7849634e-01   0.0000000e+00
   2.6300000e+00   4.7757777e-01   0.0000000e+00
   2.6500000e+00   4.7683453e-01   0.0000000e+00
   2.6700000e+00   4.7626664e-01   0.0000000e+00
   2.6900000e+00   4.7519789e-01   0.0000000e+00
   2.7100000e+00   4.7412914e-01   0.0000000e+00
   2.7300000e+00   4.7306038e-01   0.0000000e+00
   2.7500000e+00   4.7232619e-01   0.0000000e+00
   2.7700000e+00   4.7158296e-01   0.0000000e+00
   2.7900000e+00   4.7083068e-01   0.0000000e+00
   2.8100000e+00   4.6976193e-01   0.0000000e+00
   2.8300000e+00   4.6869317e-01   0.0000000e+00
   2.8500000e+00   4.6762442e-01   0.0000000e+00
   2.8700000e+00   4.6655567e-01   0.0000000e+00
   2.8900000e+00   4.6548691e-01   0.0000000e+00
   2.9100000e+00   4.6441816e-01   0.0000000e+00
   2.9300000e+00   4.6334940e-01   0.0000000e+00
   2.9500000e+00   4.6228065e-01   0.0000000e+00
   2.9700000e+00   4.6121190e-01   0.0000000e+00
   2.9900000e+00   4.6014314e-01   0.0000000e+00
   3.0100000e+00   4.5907439e-01   0.0000000e+00
   3.0300000e+00   4.5800563e-01   0.0000000e+00
   3.0500000e+00   4.5693688e-01   0.0000000e+00
   3.0700000e+00   4.5604479e-01   0.0000000e+00
   3.0900000e+00   4.5532937e-01   0.0000000e+00
   3.1100000e+00   4.5455833e-01   0.0000000e+00
   3.1300000e+00   4.5363842e-01   0.0000000e+00
   3.1500000e+00   4.5256967e-01   0.0000000e+00
   3.1700000e+00   4.5150092e-01   0.0000000e+00
   3.1900000e+00   4.5043216e-01   0.0000000e+00
   3.2100000e+00   4.4936341e-01   0.0000000e+00
   3.2300000e+00   4.4871571e-01   0.0000000e+00
   3.2500000e+00   4.4812467e-01   0.0000000e+00
   3.2700000e+00   4.4759029e-01   0.0000000e+00
   3.2900000e+00   4.4705591e-01   0.0000000e+00
   3.3100000e+00   4.4648601e-01   0.0000000e+00
   3.3300000e+00   4.4588057e-01   0.0000000e+00
   3.3500000e+00   4.4481182e-01   0.0000000e+00
   3.3700000e+00   4.4374306e-01   0.0000000e+00
   3.3900000e+00   4.4267431e-01   0.0000000e+00
   3.4100000e+00   4.4160555e-01   0.0000000e+00
   3.4300000e+00   4.4066452e-01   0.0000000e+00
   3.4500000e+00   4.3985121e-01   0.0000000e+00
   3.4700000e+00   4.3931683e-01   0.0000000e+00
   3.4900000e+00   4.3879351e-01   0.0000000e+00
   3.5100000e+00   4.3828125e-01   0.0000000e+00
   3.5300000e+00   4.3828125e-01   0.0000000e+00
   3.5500000e+00   4.3828125e-01   0.0000000e+00
   3.5700000e+00   4.3828125e-01   0.0000000e+00
   3.5900000e+00   4.4022022e-01   0.0000000e+00
   2.4300000e+00   7.4447738e-01   1.0000000e+00
   2.4500000e+00   7.4307338e-01   1.0000000e+00
   2.4700000e+00   7.4183700e-01   1.0000000e+00
   2.4900000e+00   7.4076824e-01   1.0000000e+00
   2.5100000e+00   7.3969949e-01   1.0000000e+00
   2.5300000e+00   7.3888082e-01   1.0000000e+00
   2.5500000e+00   7.3831224e-01   1.0000000e+00
   2.5700000e+00   7.3624383e-01   1.0000000e+00
