   6.0000000e-01   9.4424029e-01   0.0000000e+00
   6.2000000e-01   9.2566988e-01   0.0000000e+00
   6.4000000e-01   9.0466593e-01   0.0000000e+00
   6.6000000e-01   8.8122842e-01   0.0000000e+00
   6.8000000e-01   8.5878459e-01   0.0000000e+00
   7.0000000e-01   8.3884467e-01   0.0000000e+00
   7.2000000e-01   8.2140866e-01   0.0000000e+00
   7.4000000e-01   8.0247283e-01   0.0000000e+00
   7.6000000e-01   7.8473813e-01   0.0000000e+00
   7.8000000e-01   7.6820458e-01   0.0000000e+00
   8.0000000e-01   7.5656161e-01   0.0000000e+00
   8.2000000e-01   7.4406041e-01   0.0000000e+00
   8.4000000e-01   7.3070098e-01   0.0000000e+00
   8.6000000e-01   7.2204834e-01   0.0000000e+00
   8.8000000e-01   7.1385331e-01   0.0000000e+00
   9.0000000e-01   7.0611590e-01   0.0000000e+00
   9.2000000e-01   6.9950356e-01   0.0000000e+00
   9.4000000e-01   6.9325832e-01   0.0000000e+00
   9.6000000e-01   6.8738017e-01   0.0000000e+00
   9.8000000e-01   6.8155834e-01   0.0000000e+00
   1.0000000e+00   6.7597554e-01   0.0000000e+00
   1.0200000e+00   6.7063177e-01   0.0000000e+00
   1.0400000e+00   6.6528800e-01   0.0000000e+00
   1.0600000e+00   6.6030160e-01   0.0000000e+00
   1.0800000e+00   6.5567256e-01   0.0000000e+00
   1.1000000e+00   6.5115684e-01   0.0000000e+00
   1.1200000e+00   6.4643227e-01   0.0000000e+00
   1.1400000e+00   6.4149884e-01   0.0000000e+00
   1.1600000e+00   6.3616244e-01   0.0000000e+00
   1.1800000e+00   6.3108954e-01   0.0000000e+00
   1.2000000e+00   6.2628015e-01   0.0000000e+00
   1.2200000e+00   6.2189584e-01   0.0000000e+00
   1.2400000e+00   6.1741197e-01   0.0000000e+00
   1.2600000e+00   6.1282853e-01   0.0000000e+00
   1.2800000e+00   6.0821089e-01   0.0000000e+00
   1.3000000e+00   6.0365193e-01   0.0000000e+00
   1.3200000e+00   5.9915165e-01   0.0000000e+00
   1.3400000e+00   5.9327350e-01   0.0000000e+00
   1.3600000e+00   5.8813455e-01   0.0000000e+00
   1.3800000e+00   5.8373481e-01   0.0000000e+00
   1.4000000e+00   5.7908366e-01   0.0000000e+00
   1.4200000e+00   5.7435339e-01   0.0000000e+00
   1.4400000e+00   5.6954399e-01   0.0000000e+00
   1.4600000e+00   5.6473460e-01   0.0000000e+00
   1.4800000e+00   5.5993828e-01   0.0000000e+00
   1.5000000e+00   5.5515503e-01   0.0000000e+00
   1.5200000e+00   5.5088001e-01   0.0000000e+00
   1.5400000e+00   5.4682692e-01   0.0000000e+00
   1.5600000e+00   5.4299576e-01   0.0000000e+00
   1.5800000e+00   5.3925512e-01   0.0000000e+00
   1.6000000e+00   5.3572501e-01   0.0000000e+00
   1.6200000e+00   5.3240542e-01   0.0000000e+00
   1.6400000e+00   5.2954581e-01   0.0000000e+00
   1.6600000e+00   5.2624569e-01   0.0000000e+00
   1.6800000e+00   5.2250505e-01   0.0000000e+00
   1.7000000e+00   5.2029914e-01   0.0000000e+00
   1.7200000e+00   5.1812742e-01   0.0000000e+00
   1.7400000e+00   5.1598992e-01   0.0000000e+00
   1.7600000e+00   5.1357416e-01   0.0000000e+00
   1.7800000e+00   5.1111113e-01   0.0000000e+00
   1.8000000e+00   5.0860083e-01   0.0000000e+00
   1.8200000e+00   5.0650824e-01   0.0000000e+00
   1.8400000e+00   5.0466037e-01   0.0000000e+00
   1.8600000e+00   5.0305724e-01   0.0000000e+00
   1.8800000e+00   5.0099148e-01   0.0000000e+00
   1.9000000e+00   4.9888985e-01   0.0000000e+00
   1.9200000e+00   4.9675234e-01   0.0000000e+00
   1.9400000e+00   4.9484413e-01   0.0000000e+00
   1.9600000e+00   4.9303215e-01   0.0000000e+00
   1.9800000e+00   4.9131638e-01   0.0000000e+00
   2.0000000e+00   4.8917887e-01   0.0000000e+00
   2.0200000e+00   4.8704136e-01   0.0000000e+00
   2.0400000e+00   4.8490386e-01   0.0000000e+00
   2.0600000e+00   4.8318003e-01   0.0000000e+00
   2.0800000e+00   4.8166506e-01   0.0000000e+00
   2.1000000e+00   4.8035895e-01   0.0000000e+00
   2.1200000e+00   4.7929019e-01   0.0000000e+00
   2.1400000e+00   4.7815775e-01   0.0000000e+00
   2.1600000e+00   4.7696162e-01   0.0000000e+00
   2.1800000e+00   4.7482411e-01   0.0000000e+00
   2.2000000e+00   4.7316800e-01   0.0000000e+00
   2.2200000e+00   4.7199330e-01   0.0000000e+00
   2.2400000e+00   4.7092454e-01   0.0000000e+00
   2.2600000e+00   4.6960772e-01   0.0000000e+00
   2.2800000e+00   4.6804282e-01   0.0000000e+00
   2.3000000e+00   4.6616813e-01   0.0000000e+00
   2.3200000e+00   4.6468166e-01   0.0000000e+00
   2.3400000e+00   4.6358342e-01   0.0000000e+00
   2.3600000e+00   4.6144591e-01   0.0000000e+00
   2.3800000e+00   4.5952463e-01   0.0000000e+00
   2.4000000e+00   4.5781958e-01   0.0000000e+00
   2.4200000e+00   4.5621645e-01   0.0000000e+00
   2.4400000e+00   4.5471288e-01   0.0000000e+00
   2.4600000e+00   4.5330887e-01   0.0000000e+00
   2.4800000e+00   4.5207520e-01   0.0000000e+00
   2.5000000e+00   4.5038961e-01   0.0000000e+00
   2.5200000e+00   4.4825210e-01   0.0000000e+00
   2.5400000e+00   4.4761511e-01   0.0000000e+00
   2.5600000e+00   4.4683767e-01   0.0000000e+00
   2.5800000e+00   4.4591979e-01   0.0000000e+00
   2.6000000e+00   4.4538472e-01   0.0000000e+00
   2.6200000e+00   4.4496701e-01   0.0000000e+00
   2.6400000e+00   4.4466665e-01   0.0000000e+00
   2.6600000e+00   4.4359790e-01   0.0000000e+00
   2.6800000e+00   4.4252914e-01   0.0000000e+00
   2.7000000e+00   4.4146039e-01   0.0000000e+00
   2.7200000e+00   4.4084286e-01   0.0000000e+00
   2.7400000e+00   4.4009963e-01   0.0000000e+00
   2.7600000e+00   4.3923069e-01   0.0000000e+00
   2.7800000e+00   4.3816193e-01   0.0000000e+00
   2.8000000e+00   4.3709318e-01   0.0000000e+00
   2.8200000e+00   4.3602442e-01   0.0000000e+00
   2.8400000e+00   4.3495567e-01   0.0000000e+00
   2.8600000e+00   4.3362744e-01   0.0000000e+00
   2.8800000e+00   4.3203974e-01   0.0000000e+00
   2.9000000e+00   4.3043661e-01   0.0000000e+00
   2.9200000e+00   4.2897629e-01   0.0000000e+00
   2.9400000e+00   4.2765878e-01   0.0000000e+00
   2.9600000e+00   4.2659002e-01   0.0000000e+00
   2.9800000e+00   4.2552127e-01   0.0000000e+00
   3.0000000e+00   4.2445251e-01   0.0000000e+00
   3.0200000e+00   4.2338376e-01   0.0000000e+00
   3.0400000e+00   4.2231500e-01   0.0000000e+00
   3.0600000e+00   4.2124625e-01   0.0000000e+00
   3.0800000e+00   4.1982416e-01   0.0000000e+00
   3.1000000e+00   4.1854822e-01   0.0000000e+00
   3.1200000e+00   4.1741843e-01   0.0000000e+00
   3.1400000e+00   4.1676405e-01   0.0000000e+00
   3.1600000e+00   4.1590248e-01   0.0000000e+00
   3.1800000e+00   4.1483373e-01   0.0000000e+00
   3.2000000e+00   4.1376497e-01   0.0000000e+00
   3.2200000e+00   4.1290675e-01   0.0000000e+00
   3.2400000e+00   4.1225904e-01   0.0000000e+00
   3.2600000e+00   4.1142028e-01   0.0000000e+00
   3.2800000e+00   4.1056038e-01   0.0000000e+00
   3.3000000e+00   4.0967935e-01   0.0000000e+00
   3.3200000e+00   4.0914497e-01   0.0000000e+00
   3.3400000e+00   4.0861060e-01   0.0000000e+00
   3.3600000e+00   4.0807622e-01   0.0000000e+00
   3.3800000e+00   4.0705307e-01   0.0000000e+00
   3.4000000e+00   4.0637923e-01   0.0000000e+00
   3.4200000e+00   4.0605469e-01   0.0000000e+00
   3.4400000e+00   4.0554380e-01   0.0000000e+00
   3.4600000e+00   4.0489276e-01   0.0000000e+00
   3.4800000e+00   4.0410156e-01   0.0000000e+00
   3.5000000e+00   4.0407945e-01   0.0000000e+00
   3.5200000e+00   4.0380120e-01   0.0000000e+00
   3.5400000e+00   4.0326683e-01   0.0000000e+00
   3.5600000e+00   4.0229262e-01   0.0000000e+00
   3.5800000e+00   4.0143273e-01   0.0000000e+00
   3.6000000e+00   4.0068713e-01   0.0000000e+00
   3.6200000e+00   4.0015276e-01   0.0000000e+00
   2.0100000e+00   7.3810407e-01   1.0000000e+00
   2.0300000e+00   7.3650094e-01   1.0000000e+00
   2.0500000e+00   7.3510465e-01   1.0000000e+00
   2.0700000e+00   7.3391520e-01   1.0000000e+00
   2.0900000e+00   7.3284645e-01   1.0000000e+00
   2.1100000e+00   7.3186787e-01   1.0000000e+00
   2.1300000e+00   7.3097947e-01   1.0000000e+00
   2.1500000e+00   7.3038140e-01   1.0000000e+00
   2.1700000e+00   7.2954800e-01   1.0000000e+00
   2.1900000e+00   7.2847924e-01   1.0000000e+00
   2.2100000e+00   7.2741049e-01   1.0000000e+00
   2.2300000e+00   7.2652410e-01   1.0000000e+00
   2.2500000e+00   7.2582008e-01   1.0000000e+00
   2.2700000e+00   7.2454149e-01   1.0000000e+00
   2.2900000e+00   7.2289914e-01   1.0000000e+00
   2.3100000e+00   7.2089304e-01   1.0000000e+00
   2.3300000e+00   7.1926043e-01   1.0000000e+00
   2.3500000e+00   7.1710818e-01   1.0000000e+00
   2.3700000e+00   7.1443629e-01   1.0000000e+00
   2.3900000e+00   7.1219686e-01   1.0000000e+00
   2.4100000e+00   7.0969260e-01   1.0000000e+00
   2.4300000e+00   7.0692351e-01   1.0000000e+00
   2.4500000e+00   7.0411550e-01   1.0000000e+00
   2.4700000e+00   7.0160151e-01   1.0000000e+00
   2.4900000e+00   6.9938154e-01   1.0000000e+00
   2.5100000e+00   6.9670966e-01   1.0000000e+00
   2.5300000e+00   6.9428786e-01   1.0000000e+00
   2.5500000e+00   6.9211615e-01   1.0000000e+00
   2.5700000e+00   6.8997864e-01   1.0000000e+00
   2.5900000e+00   6.8797455e-01   1.0000000e+00
   2.6100000e+00   6.8610389e-01   1.0000000e+00
   2.6300000e+00   6.8435058e-01   1.0000000e+00
   2.6500000e+00   6.8242193e-01   1.0000000e+00
   2.6700000e+00   6.8031793e-01   1.0000000e+00
   2.6900000e+00   6.7871480e-01   1.0000000e+00
   2.7100000e+00   6.7711167e-01   1.0000000e+00
   2.7300000e+00   6.7550854e-01   1.0000000e+00
   2.7500000e+00   6.7423997e-01   1.0000000e+00
   2.7700000e+00   6.7296236e-01   1.0000000e+00
   2.7900000e+00   6.7167571e-01   1.0000000e+00
   2.8100000e+00   6.7017381e-01   1.0000000e+00
   2.8300000e+00   6.6888849e-01   1.0000000e+00
   2.8500000e+00   6.6781973e-01   1.0000000e+00
   2.8700000e+00   6.6675098e-01   1.0000000e+00
   2.8900000e+00   6.6588336e-01   1.0000000e+00
   2.9100000e+00   6.6521689e-01   1.0000000e+00
   2.9300000e+00   6.6439690e-01   1.0000000e+00
   2.9500000e+00   6.6328357e-01   1.0000000e+00
   2.9700000e+00   6.6187691e-01   1.0000000e+00
   2.9900000e+00   6.5979169e-01   1.0000000e+00
   3.0100000e+00   6.5794752e-01   1.0000000e+00
   3.0300000e+00   6.5634439e-01   1.0000000e+00
   3.0500000e+00   6.5427126e-01   1.0000000e+00
   3.0700000e+00   6.5216594e-01   1.0000000e+00
   3.0900000e+00   6.5002843e-01   1.0000000e+00
   3.1100000e+00   6.4765425e-01   1.0000000e+00
   3.1300000e+00   6.4519122e-01   1.0000000e+00
   3.1500000e+00   6.4263934e-01   1.0000000e+00
   3.1700000e+00   6.4050517e-01   1.0000000e+00
   3.1900000e+00   6.3863652e-01   1.0000000e+00
   3.2100000e+00   6.3703339e-01   1.0000000e+00
   3.2300000e+00   6.3500921e-01   1.0000000e+00
   3.2500000e+00   6.3262397e-01   1.0000000e+00
   3.2700000e+00   6.2987769e-01   1.0000000e+00
   3.2900000e+00   6.2723460e-01   1.0000000e+00
   3.3100000e+00   6.2504043e-01   1.0000000e+00
   3.3300000e+00   6.2329518e-01   1.0000000e+00
   3.3500000e+00   6.2062329e-01   1.0000000e+00
   3.3700000e+00   6.1844018e-01   1.0000000e+00
   3.3900000e+00   6.1674584e-01   1.0000000e+00
   3.4100000e+00   6.1477060e-01   1.0000000e+00
   3.4300000e+00   6.1296967e-01   1.0000000e+00
   3.4500000e+00   6.1134305e-01   1.0000000e+00
   3.4700000e+00   6.0999674e-01   1.0000000e+00
   3.4900000e+00   6.0827694e-01   1.0000000e+00
   3.5100000e+00   6.0618366e-01   1.0000000e+00
   3.5300000e+00   6.0511490e-01   1.0000000e+00
   3.5500000e+00   6.0382624e-01   1.0000000e+00
   3.5700000e+00   6.0231766e-01   1.0000000e+00
   3.5900000e+00   6.0103769e-01   1.0000000e+00
   3.6100000e+00   5.9986333e-01   1.0000000e+00
   3.6300000e+00   5.9879457e-01   1.0000000e+00
   3.6500000e+00   5.9781565e-01   1.0000000e+00
   3.6700000e+00   5.9705900e-01   1.0000000e+00
   3.6900000e+00   5.9652462e-01   1.0000000e+00
   3.7100000e+00   5.9599025e-01   1.0000000e+00
   3.7300000e+00   5.9545587e-01   1.0000000e+00
   3.7500000e+00   5.9492149e-01   1.0000000e+00
