   6.1000000e-01   9.6005336e-01   0.0000000e+00
   6.3000000e-01   9.4431976e-01   0.0000000e+00
   6.5000000e-01   9.2623478e-01   0.0000000e+00
   6.7000000e-01   9.0516880e-01   0.0000000e+00
   6.9000000e-01   8.8112184e-01   0.0000000e+00
   7.1000000e-01   8.5889590e-01   0.0000000e+00
   7.3000000e-01   8.3750539e-01   0.0000000e+00
   7.5000000e-01   8.1695030e-01   0.0000000e+00
   7.7000000e-01   7.9939763e-01   0.0000000e+00
   7.9000000e-01   7.8324931e-01   0.0000000e+00
   8.1000000e-01   7.6850534e-01   0.0000000e+00
   8.3000000e-01   7.5247402e-01   0.0000000e+00
   8.5000000e-01   7.3931908e-01   0.0000000e+00
   8.7000000e-01   7.2904050e-01   0.0000000e+00
   8.9000000e-01   7.2010627e-01   0.0000000e+00
   9.1000000e-01   7.1223308e-01   0.0000000e+00
   9.3000000e-01   7.0542093e-01   0.0000000e+00
   9.5000000e-01   7.0007716e-01   0.0000000e+00
   9.7000000e-01   6.9481786e-01   0.0000000e+00
   9.9000000e-01   6.8964304e-01   0.0000000e+00
   1.0100000e+00   6.8590240e-01   0.0000000e+00
   1.0300000e+00   6.8216177e-01   0.0000000e+00
   1.0500000e+00   6.7842113e-01   0.0000000e+00
   1.0700000e+00   6.7468049e-01   0.0000000e+00
   1.0900000e+00   6.7093985e-01   0.0000000e+00
   1.1100000e+00   6.6719921e-01   0.0000000e+00
   1.1300000e+00   6.6333453e-01   0.0000000e+00
   1.1500000e+00   6.5926469e-01   0.0000000e+00
   1.1700000e+00   6.5498967e-01   0.0000000e+00
   1.1900000e+00   6.5071466e-01   0.0000000e+00
   1.2100000e+00   6.4707726e-01   0.0000000e+00
   1.2300000e+00   6.4407750e-01   0.0000000e+00
   1.2500000e+00   6.4078878e-01   0.0000000e+00
   1.2700000e+00   6.3717822e-01   0.0000000e+00
   1.2900000e+00   6.3324582e-01   0.0000000e+00
   1.3100000e+00   6.2912099e-01   0.0000000e+00
   1.3300000e+00   6.2545544e-01   0.0000000e+00
   1.3500000e+00   6.2224917e-01   0.0000000e+00
   1.3700000e+00   6.1805731e-01   0.0000000e+00
   1.3900000e+00   6.1420000e-01   0.0000000e+00
   1.4100000e+00   6.1067726e-01   0.0000000e+00
   1.4300000e+00   6.0721153e-01   0.0000000e+00
   1.4500000e+00   6.0346553e-01   0.0000000e+00
   1.4700000e+00   5.9943928e-01   0.0000000e+00
   1.4900000e+00   5.9462988e-01   0.0000000e+00
   1.5100000e+00   5.8982049e-01   0.0000000e+00
   1.5300000e+00   5.8501110e-01   0.0000000e+00
   1.5500000e+00   5.8064556e-01   0.0000000e+00
   1.5700000e+00   5.7616169e-01   0.0000000e+00
   1.5900000e+00   5.7155948e-01   0.0000000e+00
   1.6100000e+00   5.6696061e-01   0.0000000e+00
   1.6300000e+00   5.6252367e-01   0.0000000e+00
   1.6500000e+00   5.5824865e-01   0.0000000e+00
   1.6700000e+00   5.5397364e-01   0.0000000e+00
   1.6900000e+00   5.4995441e-01   0.0000000e+00
   1.7100000e+00   5.4619097e-01   0.0000000e+00
   1.7300000e+00   5.4245033e-01   0.0000000e+00
   1.7500000e+00   5.3898793e-01   0.0000000e+00
   1.7700000e+00   5.3580378e-01   0.0000000e+00
   1.7900000e+00   5.3297032e-01   0.0000000e+00
   1.8100000e+00   5.2997291e-01   0.0000000e+00
   1.8300000e+00   5.2681157e-01   0.0000000e+00
   1.8500000e+00   5.2413968e-01   0.0000000e+00
   1.8700000e+00   5.2169911e-01   0.0000000e+00
   1.8900000e+00   5.1948985e-01   0.0000000e+00
   1.9100000e+00   5.1700638e-01   0.0000000e+00
   1.9300000e+00   5.1454335e-01   0.0000000e+00
   1.9500000e+00   5.1210077e-01   0.0000000e+00
   1.9700000e+00   5.1018853e-01   0.0000000e+00
   1.9900000e+00   5.0869803e-01   0.0000000e+00
   2.0100000e+00   5.0762928e-01   0.0000000e+00
   2.0300000e+00   5.0549983e-01   0.0000000e+00
   2.0500000e+00   5.0336635e-01   0.0000000e+00
   2.0700000e+00   5.0122884e-01   0.0000000e+00
   2.0900000e+00   4.9909134e-01   0.0000000e+00
   2.1100000e+00   4.9695383e-01   0.0000000e+00
   2.1300000e+00   4.9481632e-01   0.0000000e+00
   2.1500000e+00   4.9274250e-01   0.0000000e+00
   2.1700000e+00   4.9090402e-01   0.0000000e+00
   2.1900000e+00   4.8930089e-01   0.0000000e+00
   2.2100000e+00   4.8673496e-01   0.0000000e+00
   2.2300000e+00   4.8429842e-01   0.0000000e+00
   2.2500000e+00   4.8199127e-01   0.0000000e+00
   2.2700000e+00   4.7985376e-01   0.0000000e+00
   2.2900000e+00   4.7784766e-01   0.0000000e+00
   2.3100000e+00   4.7597297e-01   0.0000000e+00
   2.3300000e+00   4.7487473e-01   0.0000000e+00
   2.3500000e+00   4.7325685e-01   0.0000000e+00
   2.3700000e+00   4.7111935e-01   0.0000000e+00
   2.3900000e+00   4.6898184e-01   0.0000000e+00
   2.4100000e+00   4.6700223e-01   0.0000000e+00
   2.4300000e+00   4.6518051e-01   0.0000000e+00
   2.4500000e+00   4.6357738e-01   0.0000000e+00
   2.4700000e+00   4.6197424e-01   0.0000000e+00
   2.4900000e+00   4.6037111e-01   0.0000000e+00
   2.5100000e+00   4.5876798e-01   0.0000000e+00
   2.5300000e+00   4.5741494e-01   0.0000000e+00
   2.5500000e+00   4.5631198e-01   0.0000000e+00
   2.5700000e+00   4.5447621e-01   0.0000000e+00
   2.5900000e+00   4.5275641e-01   0.0000000e+00
   2.6100000e+00   4.5115259e-01   0.0000000e+00
   2.6300000e+00   4.5008384e-01   0.0000000e+00
   2.6500000e+00   4.4899833e-01   0.0000000e+00
   2.6700000e+00   4.4789606e-01   0.0000000e+00
   2.6900000e+00   4.4629293e-01   0.0000000e+00
   2.7100000e+00   4.4514102e-01   0.0000000e+00
   2.7300000e+00   4.4444035e-01   0.0000000e+00
   2.7500000e+00   4.4290228e-01   0.0000000e+00
   2.7700000e+00   4.4128239e-01   0.0000000e+00
   2.7900000e+00   4.3958068e-01   0.0000000e+00
   2.8100000e+00   4.3851193e-01   0.0000000e+00
   2.8300000e+00   4.3744317e-01   0.0000000e+00
   2.8500000e+00   4.3637442e-01   0.0000000e+00
   2.8700000e+00   4.3530567e-01   0.0000000e+00
   2.8900000e+00   4.3423691e-01   0.0000000e+00
   2.9100000e+00   4.3316816e-01   0.0000000e+00
   2.9300000e+00   4.3152817e-01   0.0000000e+00
   2.9500000e+00   4.2980837e-01   0.0000000e+00
   2.9700000e+00   4.2800877e-01   0.0000000e+00
   2.9900000e+00   4.2694002e-01   0.0000000e+00
   3.0100000e+00   4.2587126e-01   0.0000000e+00
   3.0300000e+00   4.2480251e-01   0.0000000e+00
   3.0500000e+00   4.2373375e-01   0.0000000e+00
   3.0700000e+00   4.2266500e-01   0.0000000e+00
   3.0900000e+00   4.2159625e-01   0.0000000e+00
   3.1100000e+00   4.2076416e-01   0.0000000e+00
   3.1300000e+00   4.2002093e-01   0.0000000e+00
   3.1500000e+00   4.1936654e-01   0.0000000e+00
   3.1700000e+00   4.1829779e-01   0.0000000e+00
   3.1900000e+00   4.1722904e-01   0.0000000e+00
   3.2100000e+00   4.1616028e-01   0.0000000e+00
   3.2300000e+00   4.1593364e-01   0.0000000e+00
   3.2500000e+00   4.1566812e-01   0.0000000e+00
   3.2700000e+00   4.1536373e-01   0.0000000e+00
   3.2900000e+00   4.1501708e-01   0.0000000e+00
   3.3100000e+00   4.1484375e-01   0.0000000e+00
   3.3300000e+00   4.1484375e-01   0.0000000e+00
   3.3500000e+00   4.1484375e-01   0.0000000e+00
   3.3700000e+00   4.1484375e-01   0.0000000e+00
   3.3900000e+00   4.1484375e-01   0.0000000e+00
   3.4100000e+00   4.1558796e-01   0.0000000e+00
   2.0100000e+00   7.6252418e-01   1.0000000e+00
   2.0300000e+00   7.5985633e-01   1.0000000e+00
   2.0500000e+00   7.5697961e-01   1.0000000e+00
   2.0700000e+00   7.5389405e-01   1.0000000e+00
   2.0900000e+00   7.5068778e-01   1.0000000e+00
   2.1100000e+00   7.4748152e-01   1.0000000e+00
   2.1300000e+00   7.4427526e-01   1.0000000e+00
   2.1500000e+00   7.4119637e-01   1.0000000e+00
   2.1700000e+00   7.3858818e-01   1.0000000e+00
   2.1900000e+00   7.3645067e-01   1.0000000e+00
   2.2100000e+00   7.3383176e-01   1.0000000e+00
   2.2300000e+00   7.3155110e-01   1.0000000e+00
   2.2500000e+00   7.2960869e-01   1.0000000e+00
   2.2700000e+00   7.2800556e-01   1.0000000e+00
   2.2900000e+00   7.2633672e-01   1.0000000e+00
   2.3100000e+00   7.2460218e-01   1.0000000e+00
   2.3300000e+00   7.2249416e-01   1.0000000e+00
   2.3500000e+00   7.2090577e-01   1.0000000e+00
   2.3700000e+00   7.1983702e-01   1.0000000e+00
   2.3900000e+00   7.1790335e-01   1.0000000e+00
   2.4100000e+00   7.1602566e-01   1.0000000e+00
   2.4300000e+00   7.1420394e-01   1.0000000e+00
   2.4500000e+00   7.1220256e-01   1.0000000e+00
   2.4700000e+00   7.0990716e-01   1.0000000e+00
   2.4900000e+00   7.0731774e-01   1.0000000e+00
   2.5100000e+00   7.0518023e-01   1.0000000e+00
   2.5300000e+00   7.0304272e-01   1.0000000e+00
   2.5500000e+00   7.0090521e-01   1.0000000e+00
   2.5700000e+00   6.9876770e-01   1.0000000e+00
   2.5900000e+00   6.9663019e-01   1.0000000e+00
   2.6100000e+00   6.9449269e-01   1.0000000e+00
   2.6300000e+00   6.9250536e-01   1.0000000e+00
   2.6500000e+00   6.9067661e-01   1.0000000e+00
   2.6700000e+00   6.8900645e-01   1.0000000e+00
   2.6900000e+00   6.8633457e-01   1.0000000e+00
   2.7100000e+00   6.8433952e-01   1.0000000e+00
   2.7300000e+00   6.8302132e-01   1.0000000e+00
   2.7500000e+00   6.8161800e-01   1.0000000e+00
   2.7700000e+00   6.8011478e-01   1.0000000e+00
   2.7900000e+00   6.7851165e-01   1.0000000e+00
   2.8100000e+00   6.7700975e-01   1.0000000e+00
   2.8300000e+00   6.7572442e-01   1.0000000e+00
   2.8500000e+00   6.7465567e-01   1.0000000e+00
   2.8700000e+00   6.7254902e-01   1.0000000e+00
   2.8900000e+00   6.7082923e-01   1.0000000e+00
   2.9100000e+00   6.6949628e-01   1.0000000e+00
   2.9300000e+00   6.6814191e-01   1.0000000e+00
   2.9500000e+00   6.6666316e-01   1.0000000e+00
   2.9700000e+00   6.6506003e-01   1.0000000e+00
   2.9900000e+00   6.6350919e-01   1.0000000e+00
   3.0100000e+00   6.6219939e-01   1.0000000e+00
   3.0300000e+00   6.6113063e-01   1.0000000e+00
   3.0500000e+00   6.5959188e-01   1.0000000e+00
   3.0700000e+00   6.5784427e-01   1.0000000e+00
   3.0900000e+00   6.5588780e-01   1.0000000e+00
   3.1100000e+00   6.5375029e-01   1.0000000e+00
   3.1300000e+00   6.5155278e-01   1.0000000e+00
   3.1500000e+00   6.4929527e-01   1.0000000e+00
   3.1700000e+00   6.4662004e-01   1.0000000e+00
   3.1900000e+00   6.4367930e-01   1.0000000e+00
   3.2100000e+00   6.4047304e-01   1.0000000e+00
   3.2300000e+00   6.3768783e-01   1.0000000e+00
   3.2500000e+00   6.3495928e-01   1.0000000e+00
   3.2700000e+00   6.3228740e-01   1.0000000e+00
   3.2900000e+00   6.2999096e-01   1.0000000e+00
   3.3100000e+00   6.2804118e-01   1.0000000e+00
   3.3300000e+00   6.2643804e-01   1.0000000e+00
   3.3500000e+00   6.2483491e-01   1.0000000e+00
   3.3700000e+00   6.2420933e-01   1.0000000e+00
   3.3900000e+00   6.2456128e-01   1.0000000e+00
