   6.1000000e-01   9.5878882e-01   0.0000000e+00
   6.3000000e-01   9.4329189e-01   0.0000000e+00
   6.5000000e-01   9.2730687e-01   0.0000000e+00
   6.7000000e-01   9.0809244e-01   0.0000000e+00
   6.9000000e-01   8.8564861e-01   0.0000000e+00
   7.1000000e-01   8.6411529e-01   0.0000000e+00
   7.3000000e-01   8.4299968e-01   0.0000000e+00
   7.5000000e-01   8.2230178e-01   0.0000000e+00
   7.7000000e-01   8.0399281e-01   0.0000000e+00
   7.9000000e-01   7.8714248e-01   0.0000000e+00
   8.1000000e-01   7.7175081e-01   0.0000000e+00
   8.3000000e-01   7.5678826e-01   0.0000000e+00
   8.5000000e-01   7.4365611e-01   0.0000000e+00
   8.7000000e-01   7.3235439e-01   0.0000000e+00
   8.9000000e-01   7.2275771e-01   0.0000000e+00
   9.1000000e-01   7.1414129e-01   0.0000000e+00
   9.3000000e-01   7.0650511e-01   0.0000000e+00
   9.5000000e-01   7.0026557e-01   0.0000000e+00
   9.7000000e-01   6.9429120e-01   0.0000000e+00
   9.9000000e-01   6.8858200e-01   0.0000000e+00
   1.0100000e+00   6.8430699e-01   0.0000000e+00
   1.0300000e+00   6.8026899e-01   0.0000000e+00
   1.0500000e+00   6.7646800e-01   0.0000000e+00
   1.0700000e+00   6.7237000e-01   0.0000000e+00
   1.0900000e+00   6.6818349e-01   0.0000000e+00
   1.1100000e+00   6.6390847e-01   0.0000000e+00
   1.1300000e+00   6.5975749e-01   0.0000000e+00
   1.1500000e+00   6.5580799e-01   0.0000000e+00
   1.1700000e+00   6.5205998e-01   0.0000000e+00
   1.1900000e+00   6.4778497e-01   0.0000000e+00
   1.2100000e+00   6.4414758e-01   0.0000000e+00
   1.2300000e+00   6.4114781e-01   0.0000000e+00
   1.2500000e+00   6.3816751e-01   0.0000000e+00
   1.2700000e+00   6.3497835e-01   0.0000000e+00
   1.2900000e+00   6.3158033e-01   0.0000000e+00
   1.3100000e+00   6.2791478e-01   0.0000000e+00
   1.3300000e+00   6.2447887e-01   0.0000000e+00
   1.3500000e+00   6.2127261e-01   0.0000000e+00
   1.3700000e+00   6.1806635e-01   0.0000000e+00
   1.3900000e+00   6.1467202e-01   0.0000000e+00
   1.4100000e+00   6.1108962e-01   0.0000000e+00
   1.4300000e+00   6.0734898e-01   0.0000000e+00
   1.4500000e+00   6.0353694e-01   0.0000000e+00
   1.4700000e+00   5.9965349e-01   0.0000000e+00
   1.4900000e+00   5.9537847e-01   0.0000000e+00
   1.5100000e+00   5.9110346e-01   0.0000000e+00
   1.5300000e+00   5.8682844e-01   0.0000000e+00
   1.5500000e+00   5.8255342e-01   0.0000000e+00
   1.5700000e+00   5.7795122e-01   0.0000000e+00
   1.5900000e+00   5.7302182e-01   0.0000000e+00
   1.6100000e+00   5.6809910e-01   0.0000000e+00
   1.6300000e+00   5.6350023e-01   0.0000000e+00
   1.6500000e+00   5.5922522e-01   0.0000000e+00
   1.6700000e+00   5.5495020e-01   0.0000000e+00
   1.6900000e+00   5.5041940e-01   0.0000000e+00
   1.7100000e+00   5.4563281e-01   0.0000000e+00
   1.7300000e+00   5.4200814e-01   0.0000000e+00
   1.7500000e+00   5.3859268e-01   0.0000000e+00
   1.7700000e+00   5.3538642e-01   0.0000000e+00
   1.7900000e+00   5.3234174e-01   0.0000000e+00
   1.8100000e+00   5.2948345e-01   0.0000000e+00
   1.8300000e+00   5.2681157e-01   0.0000000e+00
   1.8500000e+00   5.2413968e-01   0.0000000e+00
   1.8700000e+00   5.2123648e-01   0.0000000e+00
   1.8900000e+00   5.1810197e-01   0.0000000e+00
   1.9100000e+00   5.1558763e-01   0.0000000e+00
   1.9300000e+00   5.1337636e-01   0.0000000e+00
   1.9500000e+00   5.1146815e-01   0.0000000e+00
   1.9700000e+00   5.0975239e-01   0.0000000e+00
   1.9900000e+00   5.0782575e-01   0.0000000e+00
   2.0100000e+00   5.0568824e-01   0.0000000e+00
   2.0300000e+00   5.0355074e-01   0.0000000e+00
   2.0500000e+00   5.0141323e-01   0.0000000e+00
   2.0700000e+00   4.9927572e-01   0.0000000e+00
   2.0900000e+00   4.9684119e-01   0.0000000e+00
   2.1100000e+00   4.9437816e-01   0.0000000e+00
   2.1300000e+00   4.9188663e-01   0.0000000e+00
   2.1500000e+00   4.8974912e-01   0.0000000e+00
   2.1700000e+00   4.8761162e-01   0.0000000e+00
   2.1900000e+00   4.8547411e-01   0.0000000e+00
   2.2100000e+00   4.8333660e-01   0.0000000e+00
   2.2300000e+00   4.8138146e-01   0.0000000e+00
   2.2500000e+00   4.7960869e-01   0.0000000e+00
   2.2700000e+00   4.7775748e-01   0.0000000e+00
   2.2900000e+00   4.7582883e-01   0.0000000e+00
   2.3100000e+00   4.7382273e-01   0.0000000e+00
   2.3300000e+00   4.7221960e-01   0.0000000e+00
   2.3500000e+00   4.7061647e-01   0.0000000e+00
   2.3700000e+00   4.6901334e-01   0.0000000e+00
   2.3900000e+00   4.6741021e-01   0.0000000e+00
   2.4100000e+00   4.6564918e-01   0.0000000e+00
   2.4300000e+00   4.6373026e-01   0.0000000e+00
   2.4500000e+00   4.6199100e-01   0.0000000e+00
   2.4700000e+00   4.6050454e-01   0.0000000e+00
   2.4900000e+00   4.5927086e-01   0.0000000e+00
   2.5100000e+00   4.5713335e-01   0.0000000e+00
   2.5300000e+00   4.5549602e-01   0.0000000e+00
   2.5500000e+00   4.5435886e-01   0.0000000e+00
   2.5700000e+00   4.5329010e-01   0.0000000e+00
   2.5900000e+00   4.5208792e-01   0.0000000e+00
   2.6100000e+00   4.5075233e-01   0.0000000e+00
   2.6300000e+00   4.4944955e-01   0.0000000e+00
   2.6500000e+00   4.4849746e-01   0.0000000e+00
   2.6700000e+00   4.4789606e-01   0.0000000e+00
   2.6900000e+00   4.4629293e-01   0.0000000e+00
   2.7100000e+00   4.4514102e-01   0.0000000e+00
   2.7300000e+00   4.4444035e-01   0.0000000e+00
   2.7500000e+00   4.4323684e-01   0.0000000e+00
   2.7700000e+00   4.4194248e-01   0.0000000e+00
   2.7900000e+00   4.4055724e-01   0.0000000e+00
   2.8100000e+00   4.3938726e-01   0.0000000e+00
   2.8300000e+00   4.3800070e-01   0.0000000e+00
   2.8500000e+00   4.3639757e-01   0.0000000e+00
   2.8700000e+00   4.3531338e-01   0.0000000e+00
   2.8900000e+00   4.3423691e-01   0.0000000e+00
   2.9100000e+00   4.3316816e-01   0.0000000e+00
   2.9300000e+00   4.3181379e-01   0.0000000e+00
   2.9500000e+00   4.3033504e-01   0.0000000e+00
   2.9700000e+00   4.2873190e-01   0.0000000e+00
   2.9900000e+00   4.2718106e-01   0.0000000e+00
   3.0100000e+00   4.2587126e-01   0.0000000e+00
   3.0300000e+00   4.2480251e-01   0.0000000e+00
   3.0500000e+00   4.2373375e-01   0.0000000e+00
   3.0700000e+00   4.2266500e-01   0.0000000e+00
   3.0900000e+00   4.2159625e-01   0.0000000e+00
   3.1100000e+00   4.2052749e-01   0.0000000e+00
   3.1300000e+00   4.1945874e-01   0.0000000e+00
   3.1500000e+00   4.1838998e-01   0.0000000e+00
   3.1700000e+00   4.1732123e-01   0.0000000e+00
   3.1900000e+00   4.1625248e-01   0.0000000e+00
   3.2100000e+00   4.1518372e-01   0.0000000e+00
   3.2300000e+00   4.1453602e-01   0.0000000e+00
   3.2500000e+00   4.1379279e-01   0.0000000e+00
   3.2700000e+00   4.1295402e-01   0.0000000e+00
   3.2900000e+00   4.1207299e-01   0.0000000e+00
   3.3100000e+00   4.1140082e-01   0.0000000e+00
   3.3300000e+00   4.1093750e-01   0.0000000e+00
   3.3500000e+00   4.1093750e-01   0.0000000e+00
   3.3700000e+00   4.1142627e-01   0.0000000e+00
   3.3900000e+00   4.1240382e-01   0.0000000e+00
   3.4100000e+00   4.1384468e-01   0.0000000e+00
   2.0100000e+00   7.6641834e-01   1.0000000e+00
   2.0300000e+00   7.6428889e-01   1.0000000e+00
   2.0500000e+00   7.6194857e-01   1.0000000e+00
   2.0700000e+00   7.5939738e-01   1.0000000e+00
   2.0900000e+00   7.5642848e-01   1.0000000e+00
   2.1100000e+00   7.5343107e-01   1.0000000e+00
   2.1300000e+00   7.5040516e-01   1.0000000e+00
   2.1500000e+00   7.4773328e-01   1.0000000e+00
   2.1700000e+00   7.4506139e-01   1.0000000e+00
   2.1900000e+00   7.4238951e-01   1.0000000e+00
   2.2100000e+00   7.3971762e-01   1.0000000e+00
   2.2300000e+00   7.3722811e-01   1.0000000e+00
   2.2500000e+00   7.3492096e-01   1.0000000e+00
   2.2700000e+00   7.3278345e-01   1.0000000e+00
   2.2900000e+00   7.3071164e-01   1.0000000e+00
   2.3100000e+00   7.2870554e-01   1.0000000e+00
   2.3300000e+00   7.2708767e-01   1.0000000e+00
   2.3500000e+00   7.2520998e-01   1.0000000e+00
   2.3700000e+00   7.2307247e-01   1.0000000e+00
   2.3900000e+00   7.2093496e-01   1.0000000e+00
   2.4100000e+00   7.1895535e-01   1.0000000e+00
   2.4300000e+00   7.1713363e-01   1.0000000e+00
   2.4500000e+00   7.1533138e-01   1.0000000e+00
   2.4700000e+00   7.1332026e-01   1.0000000e+00
   2.4900000e+00   7.1110029e-01   1.0000000e+00
   2.5100000e+00   7.0842841e-01   1.0000000e+00
   2.5300000e+00   7.0550644e-01   1.0000000e+00
   2.5500000e+00   7.0233438e-01   1.0000000e+00
   2.5700000e+00   6.9951162e-01   1.0000000e+00
   2.5900000e+00   6.9689773e-01   1.0000000e+00
   2.6100000e+00   6.9449269e-01   1.0000000e+00
   2.6300000e+00   6.9220500e-01   1.0000000e+00
   2.6500000e+00   6.8974197e-01   1.0000000e+00
   2.6700000e+00   6.8710360e-01   1.0000000e+00
   2.6900000e+00   6.8496609e-01   1.0000000e+00
   2.7100000e+00   6.8305420e-01   1.0000000e+00
   2.7300000e+00   6.8136792e-01   1.0000000e+00
   2.7500000e+00   6.8009935e-01   1.0000000e+00
   2.7700000e+00   6.7882174e-01   1.0000000e+00
   2.7900000e+00   6.7753508e-01   1.0000000e+00
   2.8100000e+00   6.7613442e-01   1.0000000e+00
   2.8300000e+00   6.7516690e-01   1.0000000e+00
   2.8500000e+00   6.7463252e-01   1.0000000e+00
   2.8700000e+00   6.7357920e-01   1.0000000e+00
   2.8900000e+00   6.7251816e-01   1.0000000e+00
   2.9100000e+00   6.7144941e-01   1.0000000e+00
   2.9300000e+00   6.7038065e-01   1.0000000e+00
   2.9500000e+00   6.6931190e-01   1.0000000e+00
   2.9700000e+00   6.6824315e-01   1.0000000e+00
   2.9900000e+00   6.6706982e-01   1.0000000e+00
   3.0100000e+00   6.6541440e-01   1.0000000e+00
   3.0300000e+00   6.6327689e-01   1.0000000e+00
   3.0500000e+00   6.6254938e-01   1.0000000e+00
   3.0700000e+00   6.6174177e-01   1.0000000e+00
   3.0900000e+00   6.6085406e-01   1.0000000e+00
   3.1100000e+00   6.5978530e-01   1.0000000e+00
   3.1300000e+00   6.5877655e-01   1.0000000e+00
   3.1500000e+00   6.5782780e-01   1.0000000e+00
   3.1700000e+00   6.5729343e-01   1.0000000e+00
   3.1900000e+00   6.5675905e-01   1.0000000e+00
   3.2100000e+00   6.5622467e-01   1.0000000e+00
   3.2300000e+00   6.5569030e-01   1.0000000e+00
