   6.0000000e-01   9.7874078e-01   0.0000000e+00
   6.2000000e-01   9.6459960e-01   0.0000000e+00
   6.4000000e-01   9.4815863e-01   0.0000000e+00
   6.6000000e-01   9.2941789e-01   0.0000000e+00
   6.8000000e-01   9.1018032e-01   0.0000000e+00
   7.0000000e-01   8.9071512e-01   0.0000000e+00
   7.2000000e-01   8.7102229e-01   0.0000000e+00
   7.4000000e-01   8.4854159e-01   0.0000000e+00
   7.6000000e-01   8.2705319e-01   0.0000000e+00
   7.8000000e-01   8.0655707e-01   0.0000000e+00
   8.0000000e-01   7.9106013e-01   0.0000000e+00
   8.2000000e-01   7.7556320e-01   0.0000000e+00
   8.4000000e-01   7.6006627e-01   0.0000000e+00
   8.6000000e-01   7.4927612e-01   0.0000000e+00
   8.8000000e-01   7.3853727e-01   0.0000000e+00
   9.0000000e-01   7.2784973e-01   0.0000000e+00
   9.2000000e-01   7.1803113e-01   0.0000000e+00
   9.4000000e-01   7.0875260e-01   0.0000000e+00
   9.6000000e-01   7.0001416e-01   0.0000000e+00
   9.8000000e-01   6.9233640e-01   0.0000000e+00
   1.0000000e+00   6.8609283e-01   0.0000000e+00
   1.0200000e+00   6.8128344e-01   0.0000000e+00
   1.0400000e+00   6.7647405e-01   0.0000000e+00
   1.0600000e+00   6.7184334e-01   0.0000000e+00
   1.0800000e+00   6.6739131e-01   0.0000000e+00
   1.1000000e+00   6.6335699e-01   0.0000000e+00
   1.1200000e+00   6.5953153e-01   0.0000000e+00
   1.1400000e+00   6.5591493e-01   0.0000000e+00
   1.1600000e+00   6.5270129e-01   0.0000000e+00
   1.1800000e+00   6.4922416e-01   0.0000000e+00
   1.2000000e+00   6.4548352e-01   0.0000000e+00
   1.2200000e+00   6.4259305e-01   0.0000000e+00
   1.2400000e+00   6.3965766e-01   0.0000000e+00
   1.2600000e+00   6.3667735e-01   0.0000000e+00
   1.2800000e+00   6.3327934e-01   0.0000000e+00
   1.3000000e+00   6.2974756e-01   0.0000000e+00
   1.3200000e+00   6.2608200e-01   0.0000000e+00
   1.3400000e+00   6.2287574e-01   0.0000000e+00
   1.3600000e+00   6.1966948e-01   0.0000000e+00
   1.3800000e+00   6.1646322e-01   0.0000000e+00
   1.4000000e+00   6.1288082e-01   0.0000000e+00
   1.4200000e+00   6.0934904e-01   0.0000000e+00
   1.4400000e+00   6.0586787e-01   0.0000000e+00
   1.4600000e+00   6.0237599e-01   0.0000000e+00
   1.4800000e+00   5.9851869e-01   0.0000000e+00
   1.5000000e+00   5.9429596e-01   0.0000000e+00
   1.5200000e+00   5.9108970e-01   0.0000000e+00
   1.5400000e+00   5.8743958e-01   0.0000000e+00
   1.5600000e+00   5.8334560e-01   0.0000000e+00
   1.5800000e+00   5.7939778e-01   0.0000000e+00
   1.6000000e+00   5.7555355e-01   0.0000000e+00
   1.6200000e+00   5.7181291e-01   0.0000000e+00
   1.6400000e+00   5.6797841e-01   0.0000000e+00
   1.6600000e+00   5.6392365e-01   0.0000000e+00
   1.6800000e+00   5.5964863e-01   0.0000000e+00
   1.7000000e+00   5.5588519e-01   0.0000000e+00
   1.7200000e+00   5.5233060e-01   0.0000000e+00
   1.7400000e+00   5.4898487e-01   0.0000000e+00
   1.7600000e+00   5.4577861e-01   0.0000000e+00
   1.7800000e+00   5.4257235e-01   0.0000000e+00
   1.8000000e+00   5.3936609e-01   0.0000000e+00
   1.8200000e+00   5.3620474e-01   0.0000000e+00
   1.8400000e+00   5.3328812e-01   0.0000000e+00
   1.8600000e+00   5.3061624e-01   0.0000000e+00
   1.8800000e+00   5.2794435e-01   0.0000000e+00
   1.9000000e+00   5.2527247e-01   0.0000000e+00
   1.9200000e+00   5.2260058e-01   0.0000000e+00
   1.9400000e+00   5.2015800e-01   0.0000000e+00
   1.9600000e+00   5.1781163e-01   0.0000000e+00
   1.9800000e+00   5.1556149e-01   0.0000000e+00
   2.0000000e+00   5.1288961e-01   0.0000000e+00
   2.0200000e+00   5.1048289e-01   0.0000000e+00
   2.0400000e+00   5.0834136e-01   0.0000000e+00
   2.0600000e+00   5.0620385e-01   0.0000000e+00
   2.0800000e+00   5.0391783e-01   0.0000000e+00
   2.1000000e+00   5.0148330e-01   0.0000000e+00
   2.1200000e+00   4.9899177e-01   0.0000000e+00
   2.1400000e+00   4.9667725e-01   0.0000000e+00
   2.1600000e+00   4.9453974e-01   0.0000000e+00
   2.1800000e+00   4.9240224e-01   0.0000000e+00
   2.2000000e+00   4.9026473e-01   0.0000000e+00
   2.2200000e+00   4.8812722e-01   0.0000000e+00
   2.2400000e+00   4.8562498e-01   0.0000000e+00
   2.2600000e+00   4.8328598e-01   0.0000000e+00
   2.2800000e+00   4.8111024e-01   0.0000000e+00
   2.3000000e+00   4.7950711e-01   0.0000000e+00
   2.3200000e+00   4.7790398e-01   0.0000000e+00
   2.3400000e+00   4.7630085e-01   0.0000000e+00
   2.3600000e+00   4.7469772e-01   0.0000000e+00
   2.3800000e+00   4.7287836e-01   0.0000000e+00
   2.4000000e+00   4.7084277e-01   0.0000000e+00
   2.4200000e+00   4.6933684e-01   0.0000000e+00
   2.4400000e+00   4.6804950e-01   0.0000000e+00
   2.4600000e+00   4.6698075e-01   0.0000000e+00
   2.4800000e+00   4.6591199e-01   0.0000000e+00
   2.5000000e+00   4.6484324e-01   0.0000000e+00
   2.5200000e+00   4.6377449e-01   0.0000000e+00
   2.5400000e+00   4.6220556e-01   0.0000000e+00
   2.5600000e+00   4.6100304e-01   0.0000000e+00
   2.5800000e+00   4.6016693e-01   0.0000000e+00
   2.6000000e+00   4.5909886e-01   0.0000000e+00
   2.6200000e+00   4.5783835e-01   0.0000000e+00
   2.6400000e+00   4.5638540e-01   0.0000000e+00
   2.6600000e+00   4.5528313e-01   0.0000000e+00
   2.6800000e+00   4.5393043e-01   0.0000000e+00
   2.7000000e+00   4.5232730e-01   0.0000000e+00
   2.7200000e+00   4.5162662e-01   0.0000000e+00
   2.7400000e+00   4.5067453e-01   0.0000000e+00
   2.7600000e+00   4.4947103e-01   0.0000000e+00
   2.7800000e+00   4.4808580e-01   0.0000000e+00
   2.8000000e+00   4.4685880e-01   0.0000000e+00
   2.8200000e+00   4.4579005e-01   0.0000000e+00
   2.8400000e+00   4.4472130e-01   0.0000000e+00
   2.8600000e+00   4.4391201e-01   0.0000000e+00
   2.8800000e+00   4.4336221e-01   0.0000000e+00
   2.9000000e+00   4.4242555e-01   0.0000000e+00
   2.9200000e+00   4.4156565e-01   0.0000000e+00
   2.9400000e+00   4.4078251e-01   0.0000000e+00
   2.9600000e+00   4.4024814e-01   0.0000000e+00
   2.9800000e+00   4.3968762e-01   0.0000000e+00
   3.0000000e+00   4.3910095e-01   0.0000000e+00
   3.0200000e+00   4.3803220e-01   0.0000000e+00
   3.0400000e+00   4.3743344e-01   0.0000000e+00
   3.0600000e+00   4.3730469e-01   0.0000000e+00
   3.0800000e+00   4.3730469e-01   0.0000000e+00
   3.1000000e+00   4.3742302e-01   0.0000000e+00
   3.1200000e+00   4.3765969e-01   0.0000000e+00
   3.1400000e+00   4.3807406e-01   0.0000000e+00
   3.1600000e+00   4.3828125e-01   0.0000000e+00
   3.1800000e+00   4.3828125e-01   0.0000000e+00
   3.2000000e+00   4.3828125e-01   0.0000000e+00
   3.2200000e+00   4.3828125e-01   0.0000000e+00
   3.2400000e+00   4.3828125e-01   0.0000000e+00
   3.2600000e+00   4.3828125e-01   0.0000000e+00
   3.2800000e+00   4.3809353e-01   0.0000000e+00
   3.3000000e+00   4.3771808e-01   0.0000000e+00
   3.3200000e+00   4.3664932e-01   0.0000000e+00
   3.3400000e+00   4.3558057e-01   0.0000000e+00
   3.3600000e+00   4.3451182e-01   0.0000000e+00
   3.3800000e+00   4.3246552e-01   0.0000000e+00
   3.4000000e+00   4.3074572e-01   0.0000000e+00
   3.4200000e+00   4.2935243e-01   0.0000000e+00
   3.4400000e+00   4.2828367e-01   0.0000000e+00
   3.4600000e+00   4.2714553e-01   0.0000000e+00
   3.4800000e+00   4.2593800e-01   0.0000000e+00
   3.5000000e+00   4.2437909e-01   0.0000000e+00
   3.5200000e+00   4.2333245e-01   0.0000000e+00
   3.5400000e+00   4.2279808e-01   0.0000000e+00
   3.5600000e+00   4.2226370e-01   0.0000000e+00
   3.5800000e+00   4.2156774e-01   0.0000000e+00
   3.6000000e+00   4.2071020e-01   0.0000000e+00
   3.6200000e+00   4.1984795e-01   0.0000000e+00
   3.6400000e+00   4.1919455e-01   0.0000000e+00
   3.6600000e+00   4.1875000e-01   0.0000000e+00
   3.6800000e+00   4.1875000e-01   0.0000000e+00
   3.7000000e+00   4.1875000e-01   0.0000000e+00
   3.7200000e+00   4.1875000e-01   0.0000000e+00
   3.7400000e+00   4.1875000e-01   0.0000000e+00
   3.7600000e+00   4.1861289e-01   0.0000000e+00
   3.7800000e+00   4.1833868e-01   0.0000000e+00
   2.0000000e+00   7.8300781e-01   1.0000000e+00
   2.0200000e+00   7.8168194e-01   1.0000000e+00
   2.0400000e+00   7.7903021e-01   1.0000000e+00
   2.0600000e+00   7.7594464e-01   1.0000000e+00
   2.0800000e+00   7.7279873e-01   1.0000000e+00
   2.1000000e+00   7.6959247e-01   1.0000000e+00
   2.1200000e+00   7.6656656e-01   1.0000000e+00
   2.1400000e+00   7.6371766e-01   1.0000000e+00
   2.1600000e+00   7.6104577e-01   1.0000000e+00
   2.1800000e+00   7.5837389e-01   1.0000000e+00
   2.2000000e+00   7.5666481e-01   1.0000000e+00
   2.2200000e+00   7.5591852e-01   1.0000000e+00
   2.2400000e+00   7.5501941e-01   1.0000000e+00
   2.2600000e+00   7.5353933e-01   1.0000000e+00
   2.2800000e+00   7.5147829e-01   1.0000000e+00
   2.3000000e+00   7.4866625e-01   1.0000000e+00
   2.3200000e+00   7.4643655e-01   1.0000000e+00
   2.3400000e+00   7.4478919e-01   1.0000000e+00
   2.3600000e+00   7.4158293e-01   1.0000000e+00
   2.3800000e+00   7.3880912e-01   1.0000000e+00
   2.4000000e+00   7.3646777e-01   1.0000000e+00
   2.4200000e+00   7.3401447e-01   1.0000000e+00
   2.4400000e+00   7.3145188e-01   1.0000000e+00
   2.4600000e+00   7.2878000e-01   1.0000000e+00
   2.4800000e+00   7.2619057e-01   1.0000000e+00
   2.5000000e+00   7.2382711e-01   1.0000000e+00
   2.5200000e+00   7.2168960e-01   1.0000000e+00
   2.5400000e+00   7.1955209e-01   1.0000000e+00
   2.5600000e+00   7.1741458e-01   1.0000000e+00
   2.5800000e+00   7.1527707e-01   1.0000000e+00
   2.6000000e+00   7.1313957e-01   1.0000000e+00
   2.6200000e+00   7.1092697e-01   1.0000000e+00
   2.6400000e+00   7.0863928e-01   1.0000000e+00
   2.6600000e+00   7.0600091e-01   1.0000000e+00
   2.6800000e+00   7.0361297e-01   1.0000000e+00
   2.7000000e+00   7.0147546e-01   1.0000000e+00
   2.7200000e+00   6.9978918e-01   1.0000000e+00
   2.7400000e+00   6.9831176e-01   1.0000000e+00
   2.7600000e+00   6.9704319e-01   1.0000000e+00
   2.7800000e+00   6.9619233e-01   1.0000000e+00
   2.8000000e+00   6.9555033e-01   1.0000000e+00
   2.8200000e+00   6.9511719e-01   1.0000000e+00
   2.8400000e+00   6.9511719e-01   1.0000000e+00
