   6.1000000e-01   9.5369681e-01   0.0000000e+00
   6.3000000e-01   9.4023350e-01   0.0000000e+00
   6.5000000e-01   9.1955172e-01   0.0000000e+00
   6.7000000e-01   8.9638579e-01   0.0000000e+00
   6.9000000e-01   8.7073569e-01   0.0000000e+00
   7.1000000e-01   8.5009342e-01   0.0000000e+00
   7.3000000e-01   8.3039420e-01   0.0000000e+00
   7.5000000e-01   8.1163803e-01   0.0000000e+00
   7.7000000e-01   7.9524463e-01   0.0000000e+00
   7.9000000e-01   7.7994314e-01   0.0000000e+00
   8.1000000e-01   7.6573354e-01   0.0000000e+00
   8.3000000e-01   7.5023661e-01   0.0000000e+00
   8.5000000e-01   7.3604711e-01   0.0000000e+00
   8.7000000e-01   7.2316506e-01   0.0000000e+00
   8.9000000e-01   7.1115263e-01   0.0000000e+00
   9.1000000e-01   7.0013721e-01   0.0000000e+00
   9.3000000e-01   6.9011880e-01   0.0000000e+00
   9.5000000e-01   6.8174175e-01   0.0000000e+00
   9.7000000e-01   6.7360171e-01   0.0000000e+00
   9.9000000e-01   6.6569869e-01   0.0000000e+00
   1.0100000e+00   6.5875179e-01   0.0000000e+00
   1.0300000e+00   6.5227892e-01   0.0000000e+00
   1.0500000e+00   6.4628007e-01   0.0000000e+00
   1.0700000e+00   6.4111666e-01   0.0000000e+00
   1.0900000e+00   6.3613025e-01   0.0000000e+00
   1.1100000e+00   6.3132086e-01   0.0000000e+00
   1.1300000e+00   6.2663550e-01   0.0000000e+00
   1.1500000e+00   6.2215163e-01   0.0000000e+00
   1.1700000e+00   6.1786924e-01   0.0000000e+00
   1.1900000e+00   6.1305985e-01   0.0000000e+00
   1.2100000e+00   6.0867554e-01   0.0000000e+00
   1.2300000e+00   6.0471631e-01   0.0000000e+00
   1.2500000e+00   6.0097567e-01   0.0000000e+00
   1.2700000e+00   5.9733091e-01   0.0000000e+00
   1.2900000e+00   5.9378202e-01   0.0000000e+00
   1.3100000e+00   5.9042558e-01   0.0000000e+00
   1.3300000e+00   5.8660985e-01   0.0000000e+00
   1.3500000e+00   5.8233484e-01   0.0000000e+00
   1.3700000e+00   5.7855262e-01   0.0000000e+00
   1.3900000e+00   5.7497926e-01   0.0000000e+00
   1.4100000e+00   5.7161476e-01   0.0000000e+00
   1.4300000e+00   5.6814903e-01   0.0000000e+00
   1.4500000e+00   5.6454584e-01   0.0000000e+00
   1.4700000e+00   5.6080520e-01   0.0000000e+00
   1.4900000e+00   5.5709071e-01   0.0000000e+00
   1.5100000e+00   5.5363033e-01   0.0000000e+00
   1.5300000e+00   5.5042406e-01   0.0000000e+00
   1.5500000e+00   5.4766166e-01   0.0000000e+00
   1.5700000e+00   5.4494451e-01   0.0000000e+00
   1.5900000e+00   5.4227263e-01   0.0000000e+00
   1.6100000e+00   5.3960074e-01   0.0000000e+00
   1.6300000e+00   5.3697579e-01   0.0000000e+00
   1.6500000e+00   5.3439777e-01   0.0000000e+00
   1.6700000e+00   5.3226026e-01   0.0000000e+00
   1.6900000e+00   5.3063432e-01   0.0000000e+00
   1.7100000e+00   5.2951996e-01   0.0000000e+00
   1.7300000e+00   5.2766139e-01   0.0000000e+00
   1.7500000e+00   5.2580247e-01   0.0000000e+00
   1.7700000e+00   5.2394321e-01   0.0000000e+00
   1.7900000e+00   5.2217850e-01   0.0000000e+00
   1.8100000e+00   5.2027230e-01   0.0000000e+00
   1.8300000e+00   5.1822463e-01   0.0000000e+00
   1.8500000e+00   5.1715587e-01   0.0000000e+00
   1.8700000e+00   5.1585580e-01   0.0000000e+00
   1.8900000e+00   5.1432442e-01   0.0000000e+00
   1.9100000e+00   5.1272129e-01   0.0000000e+00
   1.9300000e+00   5.1123281e-01   0.0000000e+00
   1.9500000e+00   5.0985898e-01   0.0000000e+00
   1.9700000e+00   5.0879022e-01   0.0000000e+00
   1.9900000e+00   5.0772147e-01   0.0000000e+00
   2.0100000e+00   5.0665271e-01   0.0000000e+00
   2.0300000e+00   5.0505361e-01   0.0000000e+00
   2.0500000e+00   5.0386618e-01   0.0000000e+00
   2.0700000e+00   5.0309041e-01   0.0000000e+00
   2.0900000e+00   5.0166498e-01   0.0000000e+00
   2.1100000e+00   5.0006387e-01   0.0000000e+00
   2.1300000e+00   4.9828707e-01   0.0000000e+00
   2.1500000e+00   4.9702725e-01   0.0000000e+00
   2.1700000e+00   4.9506139e-01   0.0000000e+00
   2.1900000e+00   4.9238951e-01   0.0000000e+00
   2.2100000e+00   4.9019902e-01   0.0000000e+00
   2.2300000e+00   4.8803503e-01   0.0000000e+00
   2.2500000e+00   4.8589752e-01   0.0000000e+00
   2.2700000e+00   4.8425616e-01   0.0000000e+00
   2.2900000e+00   4.8276969e-01   0.0000000e+00
   2.3100000e+00   4.8143812e-01   0.0000000e+00
   2.3300000e+00   4.7930061e-01   0.0000000e+00
   2.3500000e+00   4.7716310e-01   0.0000000e+00
   2.3700000e+00   4.7502560e-01   0.0000000e+00
   2.3900000e+00   4.7375300e-01   0.0000000e+00
   2.4100000e+00   4.7242443e-01   0.0000000e+00
   2.4300000e+00   4.7103988e-01   0.0000000e+00
   2.4500000e+00   4.6963588e-01   0.0000000e+00
   2.4700000e+00   4.6835827e-01   0.0000000e+00
   2.4900000e+00   4.6720705e-01   0.0000000e+00
   2.5100000e+00   4.6560392e-01   0.0000000e+00
   2.5300000e+00   4.6425088e-01   0.0000000e+00
   2.5500000e+00   4.6314792e-01   0.0000000e+00
   2.5700000e+00   4.6207916e-01   0.0000000e+00
   2.5900000e+00   4.6114383e-01   0.0000000e+00
   2.6100000e+00   4.6034192e-01   0.0000000e+00
   2.6300000e+00   4.5950719e-01   0.0000000e+00
   2.6500000e+00   4.5832177e-01   0.0000000e+00
   2.6700000e+00   4.5678567e-01   0.0000000e+00
   2.6900000e+00   4.5625129e-01   0.0000000e+00
   2.7100000e+00   4.5571691e-01   0.0000000e+00
   2.7300000e+00   4.5518253e-01   0.0000000e+00
   2.7500000e+00   4.5431359e-01   0.0000000e+00
   2.7700000e+00   4.5334475e-01   0.0000000e+00
   2.7900000e+00   4.5227599e-01   0.0000000e+00
   2.8100000e+00   4.5140971e-01   0.0000000e+00
   2.8300000e+00   4.5097656e-01   0.0000000e+00
   2.8500000e+00   4.5097656e-01   0.0000000e+00
   2.8700000e+00   4.4993867e-01   0.0000000e+00
   2.8900000e+00   4.4908649e-01   0.0000000e+00
   2.9100000e+00   4.4842002e-01   0.0000000e+00
   2.9300000e+00   4.4788564e-01   0.0000000e+00
   2.9500000e+00   4.4726679e-01   0.0000000e+00
   2.9700000e+00   4.4656346e-01   0.0000000e+00
   2.9900000e+00   4.4554699e-01   0.0000000e+00
   3.0100000e+00   4.4477157e-01   0.0000000e+00
   3.0300000e+00   4.4423719e-01   0.0000000e+00
   3.0500000e+00   4.4276281e-01   0.0000000e+00
   3.0700000e+00   4.4157740e-01   0.0000000e+00
   3.0900000e+00   4.4068093e-01   0.0000000e+00
   3.1100000e+00   4.3990989e-01   0.0000000e+00
   3.1300000e+00   4.3898999e-01   0.0000000e+00
   3.1500000e+00   4.3792123e-01   0.0000000e+00
   3.1700000e+00   4.3685248e-01   0.0000000e+00
   3.1900000e+00   4.3578373e-01   0.0000000e+00
   3.2100000e+00   4.3471497e-01   0.0000000e+00
   3.2300000e+00   4.3364622e-01   0.0000000e+00
   3.2500000e+00   4.3272966e-01   0.0000000e+00
   3.2700000e+00   4.3196529e-01   0.0000000e+00
   3.2900000e+00   4.3124319e-01   0.0000000e+00
   3.3100000e+00   4.3034776e-01   0.0000000e+00
   3.3300000e+00   4.2927901e-01   0.0000000e+00
   3.3500000e+00   4.2821025e-01   0.0000000e+00
   3.3700000e+00   4.2738589e-01   0.0000000e+00
   3.3900000e+00   4.2680590e-01   0.0000000e+00
   3.4100000e+00   4.2627153e-01   0.0000000e+00
   3.4300000e+00   4.2586487e-01   0.0000000e+00
   3.4500000e+00   4.2558594e-01   0.0000000e+00
   3.4700000e+00   4.2614105e-01   0.0000000e+00
   2.0100000e+00   7.9668573e-01   1.0000000e+00
   2.0300000e+00   7.9456032e-01   1.0000000e+00
   2.0500000e+00   7.9325622e-01   1.0000000e+00
   2.0700000e+00   7.9277344e-01   1.0000000e+00
   2.0900000e+00   7.9158537e-01   1.0000000e+00
   2.1100000e+00   7.9019311e-01   1.0000000e+00
   2.1300000e+00   7.8859666e-01   1.0000000e+00
   2.1500000e+00   7.8793490e-01   1.0000000e+00
   2.1700000e+00   7.8680246e-01   1.0000000e+00
   2.1900000e+00   7.8519933e-01   1.0000000e+00
   2.2100000e+00   7.8215200e-01   1.0000000e+00
   2.2300000e+00   7.7920757e-01   1.0000000e+00
   2.2500000e+00   7.7636604e-01   1.0000000e+00
   2.2700000e+00   7.7319801e-01   1.0000000e+00
   2.2900000e+00   7.6980938e-01   1.0000000e+00
   2.3100000e+00   7.6620015e-01   1.0000000e+00
   2.3300000e+00   7.6297915e-01   1.0000000e+00
   2.3500000e+00   7.5949832e-01   1.0000000e+00
   2.3700000e+00   7.5575768e-01   1.0000000e+00
   2.3900000e+00   7.5288195e-01   1.0000000e+00
   2.4100000e+00   7.5010815e-01   1.0000000e+00
   2.4300000e+00   7.4743626e-01   1.0000000e+00
   2.4500000e+00   7.4516263e-01   1.0000000e+00
   2.4700000e+00   7.4322424e-01   1.0000000e+00
   2.4900000e+00   7.4162111e-01   1.0000000e+00
   2.5100000e+00   7.4001798e-01   1.0000000e+00
   2.5300000e+00   7.3866494e-01   1.0000000e+00
   2.5500000e+00   7.3756198e-01   1.0000000e+00
   2.5700000e+00   7.3649323e-01   1.0000000e+00
   2.5900000e+00   7.3542447e-01   1.0000000e+00
   2.6100000e+00   7.3435572e-01   1.0000000e+00
   2.6300000e+00   7.3313678e-01   1.0000000e+00
   2.6500000e+00   7.3172575e-01   1.0000000e+00
   2.6700000e+00   7.3012262e-01   1.0000000e+00
   2.6900000e+00   7.2851949e-01   1.0000000e+00
   2.7100000e+00   7.2691636e-01   1.0000000e+00
   2.7300000e+00   7.2531323e-01   1.0000000e+00
   2.7500000e+00   7.2371010e-01   1.0000000e+00
   2.7700000e+00   7.2199802e-01   1.0000000e+00
   2.7900000e+00   7.2017699e-01   1.0000000e+00
   2.8100000e+00   7.1803948e-01   1.0000000e+00
   2.8300000e+00   7.1590197e-01   1.0000000e+00
   2.8500000e+00   7.1376446e-01   1.0000000e+00
   2.8700000e+00   7.1214590e-01   1.0000000e+00
   2.8900000e+00   7.1033391e-01   1.0000000e+00
   2.9100000e+00   7.0832850e-01   1.0000000e+00
   2.9300000e+00   7.0704784e-01   1.0000000e+00
   2.9500000e+00   7.0597137e-01   1.0000000e+00
   2.9700000e+00   7.0509909e-01   1.0000000e+00
   2.9900000e+00   7.0360054e-01   1.0000000e+00
   3.0100000e+00   7.0258407e-01   1.0000000e+00
   3.0300000e+00   7.0204969e-01   1.0000000e+00
   3.0500000e+00   7.0104531e-01   1.0000000e+00
   3.0700000e+00   6.9965541e-01   1.0000000e+00
   3.0900000e+00   6.9787999e-01   1.0000000e+00
   3.1100000e+00   6.9645249e-01   1.0000000e+00
   3.1300000e+00   6.9535155e-01   1.0000000e+00
   3.1500000e+00   6.9457716e-01   1.0000000e+00
   3.1700000e+00   6.9297069e-01   1.0000000e+00
   3.1900000e+00   6.9109870e-01   1.0000000e+00
   3.2100000e+00   6.8896119e-01   1.0000000e+00
   3.2300000e+00   6.8556052e-01   1.0000000e+00
   3.2500000e+00   6.8168548e-01   1.0000000e+00
   3.2700000e+00   6.7733606e-01   1.0000000e+00
   3.2900000e+00   6.7346529e-01   1.0000000e+00
