   6.1000000e-01   9.6403672e-01   0.0000000e+00
   6.3000000e-01   9.4845732e-01   0.0000000e+00
   6.5000000e-01   9.3094426e-01   0.0000000e+00
   6.7000000e-01   9.1069863e-01   0.0000000e+00
   6.9000000e-01   8.8772041e-01   0.0000000e+00
   7.1000000e-01   8.6474220e-01   0.0000000e+00
   7.3000000e-01   8.4277977e-01   0.0000000e+00
   7.5000000e-01   8.2183311e-01   0.0000000e+00
   7.7000000e-01   8.0383658e-01   0.0000000e+00
   7.9000000e-01   7.8698459e-01   0.0000000e+00
   8.1000000e-01   7.7127713e-01   0.0000000e+00
   8.3000000e-01   7.5471144e-01   0.0000000e+00
   8.5000000e-01   7.4102212e-01   0.0000000e+00
   8.7000000e-01   7.3020916e-01   0.0000000e+00
   8.9000000e-01   7.2033425e-01   0.0000000e+00
   9.1000000e-01   7.1145633e-01   0.0000000e+00
   9.3000000e-01   7.0357543e-01   0.0000000e+00
   9.5000000e-01   6.9768185e-01   0.0000000e+00
   9.7000000e-01   6.9235852e-01   0.0000000e+00
   9.9000000e-01   6.8760544e-01   0.0000000e+00
   1.0100000e+00   6.8333043e-01   0.0000000e+00
   1.0300000e+00   6.7929242e-01   0.0000000e+00
   1.0500000e+00   6.7549144e-01   0.0000000e+00
   1.0700000e+00   6.7139343e-01   0.0000000e+00
   1.0900000e+00   6.6720692e-01   0.0000000e+00
   1.1100000e+00   6.6293191e-01   0.0000000e+00
   1.1300000e+00   6.5878093e-01   0.0000000e+00
   1.1500000e+00   6.5483143e-01   0.0000000e+00
   1.1700000e+00   6.5108342e-01   0.0000000e+00
   1.1900000e+00   6.4680841e-01   0.0000000e+00
   1.2100000e+00   6.4295847e-01   0.0000000e+00
   1.2300000e+00   6.3953362e-01   0.0000000e+00
   1.2500000e+00   6.3601894e-01   0.0000000e+00
   1.2700000e+00   6.3239128e-01   0.0000000e+00
   1.2900000e+00   6.2865064e-01   0.0000000e+00
   1.3100000e+00   6.2498509e-01   0.0000000e+00
   1.3300000e+00   6.2154919e-01   0.0000000e+00
   1.3500000e+00   6.1834292e-01   0.0000000e+00
   1.3700000e+00   6.1415106e-01   0.0000000e+00
   1.3900000e+00   6.1010569e-01   0.0000000e+00
   1.4100000e+00   6.0620681e-01   0.0000000e+00
   1.4300000e+00   6.0246617e-01   0.0000000e+00
   1.4500000e+00   5.9865412e-01   0.0000000e+00
   1.4700000e+00   5.9477068e-01   0.0000000e+00
   1.4900000e+00   5.9049566e-01   0.0000000e+00
   1.5100000e+00   5.8622064e-01   0.0000000e+00
   1.5300000e+00   5.8194563e-01   0.0000000e+00
   1.5500000e+00   5.7767061e-01   0.0000000e+00
   1.5700000e+00   5.7323200e-01   0.0000000e+00
   1.5900000e+00   5.6862979e-01   0.0000000e+00
   1.6100000e+00   5.6403093e-01   0.0000000e+00
   1.6300000e+00   5.5964091e-01   0.0000000e+00
   1.6500000e+00   5.5545976e-01   0.0000000e+00
   1.6700000e+00   5.5171912e-01   0.0000000e+00
   1.6900000e+00   5.4797848e-01   0.0000000e+00
   1.7100000e+00   5.4423784e-01   0.0000000e+00
   1.7300000e+00   5.4049720e-01   0.0000000e+00
   1.7500000e+00   5.3689569e-01   0.0000000e+00
   1.7700000e+00   5.3343329e-01   0.0000000e+00
   1.7900000e+00   5.3038861e-01   0.0000000e+00
   1.8100000e+00   5.2753033e-01   0.0000000e+00
   1.8300000e+00   5.2485844e-01   0.0000000e+00
   1.8500000e+00   5.2218656e-01   0.0000000e+00
   1.8700000e+00   5.1974599e-01   0.0000000e+00
   1.8900000e+00   5.1753673e-01   0.0000000e+00
   1.9100000e+00   5.1505326e-01   0.0000000e+00
   1.9300000e+00   5.1259023e-01   0.0000000e+00
   1.9500000e+00   5.1014764e-01   0.0000000e+00
   1.9700000e+00   5.0823540e-01   0.0000000e+00
   1.9900000e+00   5.0674491e-01   0.0000000e+00
   2.0100000e+00   5.0567615e-01   0.0000000e+00
   2.0300000e+00   5.0354670e-01   0.0000000e+00
   2.0500000e+00   5.0141323e-01   0.0000000e+00
   2.0700000e+00   4.9927572e-01   0.0000000e+00
   2.0900000e+00   4.9713821e-01   0.0000000e+00
   2.1100000e+00   4.9509088e-01   0.0000000e+00
   2.1300000e+00   4.9313372e-01   0.0000000e+00
   2.1500000e+00   4.9146690e-01   0.0000000e+00
   2.1700000e+00   4.8956474e-01   0.0000000e+00
   2.1900000e+00   4.8742723e-01   0.0000000e+00
   2.2100000e+00   4.8528972e-01   0.0000000e+00
   2.2300000e+00   4.8333458e-01   0.0000000e+00
   2.2500000e+00   4.8156181e-01   0.0000000e+00
   2.2700000e+00   4.7971061e-01   0.0000000e+00
   2.2900000e+00   4.7771625e-01   0.0000000e+00
   2.3100000e+00   4.7557875e-01   0.0000000e+00
   2.3300000e+00   4.7344124e-01   0.0000000e+00
   2.3500000e+00   4.7130373e-01   0.0000000e+00
   2.3700000e+00   4.6916622e-01   0.0000000e+00
   2.3900000e+00   4.6789362e-01   0.0000000e+00
   2.4100000e+00   4.6656505e-01   0.0000000e+00
   2.4300000e+00   4.6518051e-01   0.0000000e+00
   2.4500000e+00   4.6337825e-01   0.0000000e+00
   2.4700000e+00   4.6140837e-01   0.0000000e+00
   2.4900000e+00   4.5927086e-01   0.0000000e+00
   2.5100000e+00   4.5713335e-01   0.0000000e+00
   2.5300000e+00   4.5549602e-01   0.0000000e+00
   2.5500000e+00   4.5435886e-01   0.0000000e+00
   2.5700000e+00   4.5329010e-01   0.0000000e+00
   2.5900000e+00   4.5208792e-01   0.0000000e+00
   2.6100000e+00   4.5075233e-01   0.0000000e+00
   2.6300000e+00   4.4929938e-01   0.0000000e+00
   2.6500000e+00   4.4803852e-01   0.0000000e+00
   2.6700000e+00   4.4696977e-01   0.0000000e+00
   2.6900000e+00   4.4590101e-01   0.0000000e+00
   2.7100000e+00   4.4483226e-01   0.0000000e+00
   2.7300000e+00   4.4376351e-01   0.0000000e+00
   2.7500000e+00   4.4236019e-01   0.0000000e+00
   2.7700000e+00   4.4096591e-01   0.0000000e+00
   2.7900000e+00   4.3958068e-01   0.0000000e+00
   2.8100000e+00   4.3851193e-01   0.0000000e+00
   2.8300000e+00   4.3744317e-01   0.0000000e+00
   2.8500000e+00   4.3637442e-01   0.0000000e+00
   2.8700000e+00   4.3530567e-01   0.0000000e+00
   2.8900000e+00   4.3423691e-01   0.0000000e+00
   2.9100000e+00   4.3316816e-01   0.0000000e+00
   2.9300000e+00   4.3152817e-01   0.0000000e+00
   2.9500000e+00   4.2980837e-01   0.0000000e+00
   2.9700000e+00   4.2800877e-01   0.0000000e+00
   2.9900000e+00   4.2694002e-01   0.0000000e+00
   3.0100000e+00   4.2587126e-01   0.0000000e+00
   3.0300000e+00   4.2480251e-01   0.0000000e+00
   3.0500000e+00   4.2373375e-01   0.0000000e+00
   3.0700000e+00   4.2284167e-01   0.0000000e+00
   3.0900000e+00   4.2212625e-01   0.0000000e+00
   3.1100000e+00   4.2135520e-01   0.0000000e+00
   3.1300000e+00   4.2043530e-01   0.0000000e+00
   3.1500000e+00   4.1936654e-01   0.0000000e+00
   3.1700000e+00   4.1830113e-01   0.0000000e+00
   3.1900000e+00   4.1750124e-01   0.0000000e+00
   3.2100000e+00   4.1696686e-01   0.0000000e+00
   3.2300000e+00   4.1643248e-01   0.0000000e+00
   3.2500000e+00   4.1574591e-01   0.0000000e+00
   3.2700000e+00   4.1490715e-01   0.0000000e+00
   3.2900000e+00   4.1421384e-01   0.0000000e+00
   3.3100000e+00   4.1383166e-01   0.0000000e+00
   3.3300000e+00   4.1376060e-01   0.0000000e+00
   3.3500000e+00   4.1322622e-01   0.0000000e+00
   3.3700000e+00   4.1318062e-01   0.0000000e+00
   3.3900000e+00   4.1362378e-01   0.0000000e+00
   3.4100000e+00   4.1378605e-01   0.0000000e+00
   3.4300000e+00   4.1425035e-01   0.0000000e+00
   3.4500000e+00   4.1501668e-01   0.0000000e+00
   2.0100000e+00   7.6057106e-01   1.0000000e+00
   2.0300000e+00   7.5737285e-01   1.0000000e+00
   2.0500000e+00   7.5437746e-01   1.0000000e+00
   2.0700000e+00   7.5158488e-01   1.0000000e+00
   2.0900000e+00   7.4861598e-01   1.0000000e+00
   2.1100000e+00   7.4552840e-01   1.0000000e+00
   2.1300000e+00   7.4232213e-01   1.0000000e+00
   2.1500000e+00   7.3911587e-01   1.0000000e+00
   2.1700000e+00   7.3590961e-01   1.0000000e+00
   2.1900000e+00   7.3270335e-01   1.0000000e+00
   2.2100000e+00   7.3045989e-01   1.0000000e+00
   2.2300000e+00   7.2845177e-01   1.0000000e+00
   2.2500000e+00   7.2667900e-01   1.0000000e+00
   2.2700000e+00   7.2482780e-01   1.0000000e+00
   2.2900000e+00   7.2283344e-01   1.0000000e+00
   2.3100000e+00   7.2069593e-01   1.0000000e+00
   2.3300000e+00   7.1858791e-01   1.0000000e+00
   2.3500000e+00   7.1699952e-01   1.0000000e+00
   2.3700000e+00   7.1593077e-01   1.0000000e+00
   2.3900000e+00   7.1486201e-01   1.0000000e+00
   2.4100000e+00   7.1347747e-01   1.0000000e+00
   2.4300000e+00   7.1177713e-01   1.0000000e+00
   2.4500000e+00   7.0983875e-01   1.0000000e+00
   2.4700000e+00   7.0810922e-01   1.0000000e+00
   2.4900000e+00   7.0658856e-01   1.0000000e+00
   2.5100000e+00   7.0551980e-01   1.0000000e+00
   2.5300000e+00   7.0395087e-01   1.0000000e+00
   2.5500000e+00   7.0188177e-01   1.0000000e+00
   2.5700000e+00   6.9974426e-01   1.0000000e+00
   2.5900000e+00   6.9760676e-01   1.0000000e+00
   2.6100000e+00   6.9546925e-01   1.0000000e+00
   2.6300000e+00   6.9348192e-01   1.0000000e+00
   2.6500000e+00   6.9166993e-01   1.0000000e+00
   2.6700000e+00   6.9003329e-01   1.0000000e+00
   2.6900000e+00   6.8789578e-01   1.0000000e+00
   2.7100000e+00   6.8620950e-01   1.0000000e+00
   2.7300000e+00   6.8497444e-01   1.0000000e+00
   2.7500000e+00   6.8390569e-01   1.0000000e+00
   2.7700000e+00   6.8283693e-01   1.0000000e+00
   2.7900000e+00   6.8176818e-01   1.0000000e+00
   2.8100000e+00   6.8059819e-01   1.0000000e+00
   2.8300000e+00   6.7921163e-01   1.0000000e+00
   2.8500000e+00   6.7760850e-01   1.0000000e+00
   2.8700000e+00   6.7600537e-01   1.0000000e+00
   2.8900000e+00   6.7420110e-01   1.0000000e+00
   2.9100000e+00   6.7219569e-01   1.0000000e+00
   2.9300000e+00   6.7034380e-01   1.0000000e+00
   2.9500000e+00   6.6853181e-01   1.0000000e+00
   2.9700000e+00   6.6675973e-01   1.0000000e+00
   2.9900000e+00   6.6472679e-01   1.0000000e+00
   3.0100000e+00   6.6317595e-01   1.0000000e+00
   3.0300000e+00   6.6210720e-01   1.0000000e+00
   3.0500000e+00   6.6009844e-01   1.0000000e+00
   3.0700000e+00   6.5802531e-01   1.0000000e+00
   3.0900000e+00   6.5588780e-01   1.0000000e+00
   3.1100000e+00   6.5351362e-01   1.0000000e+00
   3.1300000e+00   6.5111060e-01   1.0000000e+00
   3.1500000e+00   6.4867872e-01   1.0000000e+00
   3.1700000e+00   6.4706891e-01   1.0000000e+00
   3.1900000e+00   6.4492806e-01   1.0000000e+00
   3.2100000e+00   6.4225618e-01   1.0000000e+00
   3.2300000e+00   6.3958429e-01   1.0000000e+00
   3.2500000e+00   6.3706460e-01   1.0000000e+00
   3.2700000e+00   6.3469710e-01   1.0000000e+00
   3.2900000e+00   6.3218415e-01   1.0000000e+00
   3.3100000e+00   6.2936007e-01   1.0000000e+00
   3.3300000e+00   6.2622487e-01   1.0000000e+00
   3.3500000e+00   6.2355298e-01   1.0000000e+00
   3.3700000e+00   6.2112548e-01   1.0000000e+00
   3.3900000e+00   6.1894237e-01   1.0000000e+00
   3.4100000e+00   6.1866540e-01   1.0000000e+00
