   6.1000000e-01   9.6471022e-01   0.0000000e+00
   6.3000000e-01   9.4966520e-01   0.0000000e+00
   6.5000000e-01   9.3268652e-01   0.0000000e+00
   6.7000000e-01   9.1297526e-01   0.0000000e+00
   6.9000000e-01   8.9053142e-01   0.0000000e+00
   7.1000000e-01   8.6808759e-01   0.0000000e+00
   7.3000000e-01   8.4632094e-01   0.0000000e+00
   7.5000000e-01   8.2523147e-01   0.0000000e+00
   7.7000000e-01   8.0692249e-01   0.0000000e+00
   7.9000000e-01   7.8991428e-01   0.0000000e+00
   8.1000000e-01   7.7420682e-01   0.0000000e+00
   8.3000000e-01   7.5764113e-01   0.0000000e+00
   8.5000000e-01   7.4395181e-01   0.0000000e+00
   8.7000000e-01   7.3313885e-01   0.0000000e+00
   8.9000000e-01   7.2285762e-01   0.0000000e+00
   9.1000000e-01   7.1365419e-01   0.0000000e+00
   9.3000000e-01   7.0552855e-01   0.0000000e+00
   9.5000000e-01   6.9946199e-01   0.0000000e+00
   9.7000000e-01   6.9381314e-01   0.0000000e+00
   9.9000000e-01   6.8858200e-01   0.0000000e+00
   1.0100000e+00   6.8430699e-01   0.0000000e+00
   1.0300000e+00   6.8026899e-01   0.0000000e+00
   1.0500000e+00   6.7646800e-01   0.0000000e+00
   1.0700000e+00   6.7237000e-01   0.0000000e+00
   1.0900000e+00   6.6830384e-01   0.0000000e+00
   1.1100000e+00   6.6426952e-01   0.0000000e+00
   1.1300000e+00   6.6040485e-01   0.0000000e+00
   1.1500000e+00   6.5633131e-01   0.0000000e+00
   1.1700000e+00   6.5204893e-01   0.0000000e+00
   1.1900000e+00   6.4723953e-01   0.0000000e+00
   1.2100000e+00   6.4306777e-01   0.0000000e+00
   1.2300000e+00   6.3953362e-01   0.0000000e+00
   1.2500000e+00   6.3632736e-01   0.0000000e+00
   1.2700000e+00   6.3302522e-01   0.0000000e+00
   1.2900000e+00   6.2962721e-01   0.0000000e+00
   1.3100000e+00   6.2596166e-01   0.0000000e+00
   1.3300000e+00   6.2252575e-01   0.0000000e+00
   1.3500000e+00   6.1931949e-01   0.0000000e+00
   1.3700000e+00   6.1562042e-01   0.0000000e+00
   1.3900000e+00   6.1171250e-01   0.0000000e+00
   1.4100000e+00   6.0759573e-01   0.0000000e+00
   1.4300000e+00   6.0358018e-01   0.0000000e+00
   1.4500000e+00   5.9970209e-01   0.0000000e+00
   1.4700000e+00   5.9596145e-01   0.0000000e+00
   1.4900000e+00   5.9219467e-01   0.0000000e+00
   1.5100000e+00   5.8817377e-01   0.0000000e+00
   1.5300000e+00   5.8389875e-01   0.0000000e+00
   1.5500000e+00   5.7962374e-01   0.0000000e+00
   1.5700000e+00   5.7518512e-01   0.0000000e+00
   1.5900000e+00   5.7058292e-01   0.0000000e+00
   1.6100000e+00   5.6598405e-01   0.0000000e+00
   1.6300000e+00   5.6154711e-01   0.0000000e+00
   1.6500000e+00   5.5727209e-01   0.0000000e+00
   1.6700000e+00   5.5299708e-01   0.0000000e+00
   1.6900000e+00   5.4897785e-01   0.0000000e+00
   1.7100000e+00   5.4521441e-01   0.0000000e+00
   1.7300000e+00   5.4186868e-01   0.0000000e+00
   1.7500000e+00   5.3845356e-01   0.0000000e+00
   1.7700000e+00   5.3496905e-01   0.0000000e+00
   1.7900000e+00   5.3171315e-01   0.0000000e+00
   1.8100000e+00   5.2897153e-01   0.0000000e+00
   1.8300000e+00   5.2674419e-01   0.0000000e+00
   1.8500000e+00   5.2353793e-01   0.0000000e+00
   1.8700000e+00   5.2056298e-01   0.0000000e+00
   1.8900000e+00   5.1781935e-01   0.0000000e+00
   1.9100000e+00   5.1549343e-01   0.0000000e+00
   1.9300000e+00   5.1337636e-01   0.0000000e+00
   1.9500000e+00   5.1146815e-01   0.0000000e+00
   1.9700000e+00   5.0975239e-01   0.0000000e+00
   1.9900000e+00   5.0782575e-01   0.0000000e+00
   2.0100000e+00   5.0568824e-01   0.0000000e+00
   2.0300000e+00   5.0355074e-01   0.0000000e+00
   2.0500000e+00   5.0141323e-01   0.0000000e+00
   2.0700000e+00   4.9927572e-01   0.0000000e+00
   2.0900000e+00   4.9713821e-01   0.0000000e+00
   2.1100000e+00   4.9509088e-01   0.0000000e+00
   2.1300000e+00   4.9313372e-01   0.0000000e+00
   2.1500000e+00   4.9146690e-01   0.0000000e+00
   2.1700000e+00   4.8956474e-01   0.0000000e+00
   2.1900000e+00   4.8742723e-01   0.0000000e+00
   2.2100000e+00   4.8577112e-01   0.0000000e+00
   2.2300000e+00   4.8395914e-01   0.0000000e+00
   2.2500000e+00   4.8199127e-01   0.0000000e+00
   2.2700000e+00   4.7985376e-01   0.0000000e+00
   2.2900000e+00   4.7778196e-01   0.0000000e+00
   2.3100000e+00   4.7577586e-01   0.0000000e+00
   2.3300000e+00   4.7417272e-01   0.0000000e+00
   2.3500000e+00   4.7256959e-01   0.0000000e+00
   2.3700000e+00   4.7096646e-01   0.0000000e+00
   2.3900000e+00   4.6893088e-01   0.0000000e+00
   2.4100000e+00   4.6700223e-01   0.0000000e+00
   2.4300000e+00   4.6518051e-01   0.0000000e+00
   2.4500000e+00   4.6357738e-01   0.0000000e+00
   2.4700000e+00   4.6197424e-01   0.0000000e+00
   2.4900000e+00   4.6037111e-01   0.0000000e+00
   2.5100000e+00   4.5876798e-01   0.0000000e+00
   2.5300000e+00   4.5741494e-01   0.0000000e+00
   2.5500000e+00   4.5631198e-01   0.0000000e+00
   2.5700000e+00   4.5485972e-01   0.0000000e+00
   2.5900000e+00   4.5346544e-01   0.0000000e+00
   2.6100000e+00   4.5212916e-01   0.0000000e+00
   2.6300000e+00   4.5091022e-01   0.0000000e+00
   2.6500000e+00   4.4951595e-01   0.0000000e+00
   2.6700000e+00   4.4794633e-01   0.0000000e+00
   2.6900000e+00   4.4687758e-01   0.0000000e+00
   2.7100000e+00   4.4580882e-01   0.0000000e+00
   2.7300000e+00   4.4474007e-01   0.0000000e+00
   2.7500000e+00   4.4367131e-01   0.0000000e+00
   2.7700000e+00   4.4260256e-01   0.0000000e+00
   2.7900000e+00   4.4153381e-01   0.0000000e+00
   2.8100000e+00   4.4036382e-01   0.0000000e+00
   2.8300000e+00   4.3897726e-01   0.0000000e+00
   2.8500000e+00   4.3737413e-01   0.0000000e+00
   2.8700000e+00   4.3577100e-01   0.0000000e+00
   2.8900000e+00   4.3436901e-01   0.0000000e+00
   2.9100000e+00   4.3316816e-01   0.0000000e+00
   2.9300000e+00   4.3209940e-01   0.0000000e+00
   2.9500000e+00   4.3103065e-01   0.0000000e+00
   2.9700000e+00   4.2996190e-01   0.0000000e+00
   2.9900000e+00   4.2884085e-01   0.0000000e+00
   3.0100000e+00   4.2747877e-01   0.0000000e+00
   3.0300000e+00   4.2587564e-01   0.0000000e+00
   3.0500000e+00   4.2521250e-01   0.0000000e+00
   3.0700000e+00   4.2426041e-01   0.0000000e+00
   3.0900000e+00   4.2301937e-01   0.0000000e+00
   3.1100000e+00   4.2188958e-01   0.0000000e+00
   3.1300000e+00   4.2105749e-01   0.0000000e+00
   3.1500000e+00   4.2052312e-01   0.0000000e+00
   3.1700000e+00   4.1998540e-01   0.0000000e+00
   3.1900000e+00   4.1918216e-01   0.0000000e+00
   3.2100000e+00   4.1811341e-01   0.0000000e+00
   3.2300000e+00   4.1704465e-01   0.0000000e+00
   3.2500000e+00   4.1628029e-01   0.0000000e+00
   3.2700000e+00   4.1582031e-01   0.0000000e+00
   3.2900000e+00   4.1563259e-01   0.0000000e+00
   3.3100000e+00   4.1530707e-01   0.0000000e+00
   3.3300000e+00   4.1484375e-01   0.0000000e+00
   3.3500000e+00   4.1484375e-01   0.0000000e+00
   3.3700000e+00   4.1508814e-01   0.0000000e+00
   3.3900000e+00   4.1557691e-01   0.0000000e+00
   3.4100000e+00   4.1611129e-01   0.0000000e+00
   2.0000000e+00   7.6011678e-01   1.0000000e+00
   2.0200000e+00   7.5878285e-01   1.0000000e+00
   2.0400000e+00   7.5718375e-01   1.0000000e+00
   2.0600000e+00   7.5516694e-01   1.0000000e+00
   2.0800000e+00   7.5279276e-01   1.0000000e+00
   2.1000000e+00   7.5006122e-01   1.0000000e+00
   2.1200000e+00   7.4685495e-01   1.0000000e+00
   2.1400000e+00   7.4364869e-01   1.0000000e+00
   2.1600000e+00   7.4044243e-01   1.0000000e+00
   2.1800000e+00   7.3723617e-01   1.0000000e+00
   2.2000000e+00   7.3427061e-01   1.0000000e+00
   2.2200000e+00   7.3154574e-01   1.0000000e+00
   2.2400000e+00   7.2923859e-01   1.0000000e+00
   2.2600000e+00   7.2714030e-01   1.0000000e+00
   2.2800000e+00   7.2525087e-01   1.0000000e+00
   2.3000000e+00   7.2351633e-01   1.0000000e+00
   2.3200000e+00   7.2158768e-01   1.0000000e+00
   2.3400000e+00   7.1946491e-01   1.0000000e+00
   2.3600000e+00   7.1786178e-01   1.0000000e+00
   2.3800000e+00   7.1625865e-01   1.0000000e+00
   2.4000000e+00   7.1465552e-01   1.0000000e+00
   2.4200000e+00   7.1336818e-01   1.0000000e+00
   2.4400000e+00   7.1209057e-01   1.0000000e+00
   2.4600000e+00   7.1082269e-01   1.0000000e+00
   2.4800000e+00   7.0913709e-01   1.0000000e+00
   2.5000000e+00   7.0722554e-01   1.0000000e+00
   2.5200000e+00   7.0508803e-01   1.0000000e+00
   2.5400000e+00   7.0295053e-01   1.0000000e+00
   2.5600000e+00   7.0100477e-01   1.0000000e+00
   2.5800000e+00   6.9925077e-01   1.0000000e+00
   2.6000000e+00   6.9711395e-01   1.0000000e+00
   2.6200000e+00   6.9485978e-01   1.0000000e+00
   2.6400000e+00   6.9248825e-01   1.0000000e+00
   2.6600000e+00   6.9085161e-01   1.0000000e+00
   2.6800000e+00   6.8896453e-01   1.0000000e+00
   2.7000000e+00   6.8682702e-01   1.0000000e+00
   2.7200000e+00   6.8559197e-01   1.0000000e+00
   2.7400000e+00   6.8444007e-01   1.0000000e+00
   2.7600000e+00   6.8337131e-01   1.0000000e+00
   2.7800000e+00   6.8186676e-01   1.0000000e+00
   2.8000000e+00   6.8014697e-01   1.0000000e+00
   2.8200000e+00   6.7821192e-01   1.0000000e+00
   2.8400000e+00   6.7714317e-01   1.0000000e+00
   2.8600000e+00   6.7607442e-01   1.0000000e+00
   2.8800000e+00   6.7500566e-01   1.0000000e+00
   2.9000000e+00   6.7313235e-01   1.0000000e+00
   2.9200000e+00   6.7141255e-01   1.0000000e+00
   2.9400000e+00   6.6984628e-01   1.0000000e+00
   2.9600000e+00   6.6860857e-01   1.0000000e+00
   2.9800000e+00   6.6718815e-01   1.0000000e+00
   3.0000000e+00   6.6558502e-01   1.0000000e+00
   3.0200000e+00   6.6398189e-01   1.0000000e+00
   3.0400000e+00   6.6237876e-01   1.0000000e+00
   3.0600000e+00   6.6077563e-01   1.0000000e+00
   3.0800000e+00   6.5881916e-01   1.0000000e+00
   3.1000000e+00   6.5700884e-01   1.0000000e+00
   3.1200000e+00   6.5534468e-01   1.0000000e+00
   3.1400000e+00   6.5403591e-01   1.0000000e+00
   3.1600000e+00   6.5231444e-01   1.0000000e+00
   3.1800000e+00   6.5018028e-01   1.0000000e+00
   3.2000000e+00   6.4857715e-01   1.0000000e+00
   3.2200000e+00   6.4655296e-01   1.0000000e+00
   3.2400000e+00   6.4410772e-01   1.0000000e+00
   3.2600000e+00   6.4174023e-01   1.0000000e+00
   3.2800000e+00   6.3939386e-01   1.0000000e+00
   3.3000000e+00   6.3706863e-01   1.0000000e+00
   3.3200000e+00   6.3446780e-01   1.0000000e+00
   3.3400000e+00   6.3209864e-01   1.0000000e+00
   3.3600000e+00   6.2996113e-01   1.0000000e+00
   3.3800000e+00   6.2733485e-01   1.0000000e+00
   3.4000000e+00   6.2524393e-01   1.0000000e+00
   3.4200000e+00   6.2368837e-01   1.0000000e+00
   3.4400000e+00   6.2364138e-01   1.0000000e+00
