   6.1000000e-01   9.6373365e-01   0.0000000e+00
   6.3000000e-01   9.4868863e-01   0.0000000e+00
   6.5000000e-01   9.3178504e-01   0.0000000e+00
   6.7000000e-01   9.1264571e-01   0.0000000e+00
   6.9000000e-01   8.9127062e-01   0.0000000e+00
   7.1000000e-01   8.6944029e-01   0.0000000e+00
   7.3000000e-01   8.4773968e-01   0.0000000e+00
   7.5000000e-01   8.2616882e-01   0.0000000e+00
   7.7000000e-01   8.0701302e-01   0.0000000e+00
   7.9000000e-01   7.8941946e-01   0.0000000e+00
   8.1000000e-01   7.7338815e-01   0.0000000e+00
   8.3000000e-01   7.5735684e-01   0.0000000e+00
   8.5000000e-01   7.4394041e-01   0.0000000e+00
   8.7000000e-01   7.3313885e-01   0.0000000e+00
   8.9000000e-01   7.2326393e-01   0.0000000e+00
   9.1000000e-01   7.1409637e-01   0.0000000e+00
   9.3000000e-01   7.0563617e-01   0.0000000e+00
   9.5000000e-01   6.9884682e-01   0.0000000e+00
   9.7000000e-01   6.9283658e-01   0.0000000e+00
   9.9000000e-01   6.8760544e-01   0.0000000e+00
   1.0100000e+00   6.8333043e-01   0.0000000e+00
   1.0300000e+00   6.7881839e-01   0.0000000e+00
   1.0500000e+00   6.7406935e-01   0.0000000e+00
   1.0700000e+00   6.6997469e-01   0.0000000e+00
   1.0900000e+00   6.6605703e-01   0.0000000e+00
   1.1100000e+00   6.6231640e-01   0.0000000e+00
   1.1300000e+00   6.5832768e-01   0.0000000e+00
   1.1500000e+00   6.5393600e-01   0.0000000e+00
   1.1700000e+00   6.4914135e-01   0.0000000e+00
   1.1900000e+00   6.4540071e-01   0.0000000e+00
   1.2100000e+00   6.4187262e-01   0.0000000e+00
   1.2300000e+00   6.3855706e-01   0.0000000e+00
   1.2500000e+00   6.3565922e-01   0.0000000e+00
   1.2700000e+00   6.3268260e-01   0.0000000e+00
   1.2900000e+00   6.2962721e-01   0.0000000e+00
   1.3100000e+00   6.2596166e-01   0.0000000e+00
   1.3300000e+00   6.2252575e-01   0.0000000e+00
   1.3500000e+00   6.1931949e-01   0.0000000e+00
   1.3700000e+00   6.1562042e-01   0.0000000e+00
   1.3900000e+00   6.1190057e-01   0.0000000e+00
   1.4100000e+00   6.0815993e-01   0.0000000e+00
   1.4300000e+00   6.0467877e-01   0.0000000e+00
   1.4500000e+00   6.0119224e-01   0.0000000e+00
   1.4700000e+00   5.9770036e-01   0.0000000e+00
   1.4900000e+00   5.9339920e-01   0.0000000e+00
   1.5100000e+00   5.8884393e-01   0.0000000e+00
   1.5300000e+00   5.8403453e-01   0.0000000e+00
   1.5500000e+00   5.7966900e-01   0.0000000e+00
   1.5700000e+00   5.7534872e-01   0.0000000e+00
   1.5900000e+00   5.7107370e-01   0.0000000e+00
   1.6100000e+00   5.6679869e-01   0.0000000e+00
   1.6300000e+00   5.6247674e-01   0.0000000e+00
   1.6500000e+00   5.5810786e-01   0.0000000e+00
   1.6700000e+00   5.5329847e-01   0.0000000e+00
   1.6900000e+00   5.4900065e-01   0.0000000e+00
   1.7100000e+00   5.4521441e-01   0.0000000e+00
   1.7300000e+00   5.4147377e-01   0.0000000e+00
   1.7500000e+00   5.3787225e-01   0.0000000e+00
   1.7700000e+00   5.3440986e-01   0.0000000e+00
   1.7900000e+00   5.3120359e-01   0.0000000e+00
   1.8100000e+00   5.2801979e-01   0.0000000e+00
   1.8300000e+00   5.2485844e-01   0.0000000e+00
   1.8500000e+00   5.2218656e-01   0.0000000e+00
   1.8700000e+00   5.1974599e-01   0.0000000e+00
   1.8900000e+00   5.1753673e-01   0.0000000e+00
   1.9100000e+00   5.1505326e-01   0.0000000e+00
   1.9300000e+00   5.1259023e-01   0.0000000e+00
   1.9500000e+00   5.1014764e-01   0.0000000e+00
   1.9700000e+00   5.0801013e-01   0.0000000e+00
   1.9900000e+00   5.0587263e-01   0.0000000e+00
   2.0100000e+00   5.0373512e-01   0.0000000e+00
   2.0300000e+00   5.0265830e-01   0.0000000e+00
   2.0500000e+00   5.0117184e-01   0.0000000e+00
   2.0700000e+00   4.9927572e-01   0.0000000e+00
   2.0900000e+00   4.9684119e-01   0.0000000e+00
   2.1100000e+00   4.9437816e-01   0.0000000e+00
   2.1300000e+00   4.9188663e-01   0.0000000e+00
   2.1500000e+00   4.8974912e-01   0.0000000e+00
   2.1700000e+00   4.8761162e-01   0.0000000e+00
   2.1900000e+00   4.8547411e-01   0.0000000e+00
   2.2100000e+00   4.8381800e-01   0.0000000e+00
   2.2300000e+00   4.8200601e-01   0.0000000e+00
   2.2500000e+00   4.8003814e-01   0.0000000e+00
   2.2700000e+00   4.7814871e-01   0.0000000e+00
   2.2900000e+00   4.7640242e-01   0.0000000e+00
   2.3100000e+00   4.7479929e-01   0.0000000e+00
   2.3300000e+00   4.7318142e-01   0.0000000e+00
   2.3500000e+00   4.7130373e-01   0.0000000e+00
   2.3700000e+00   4.6916622e-01   0.0000000e+00
   2.3900000e+00   4.6746117e-01   0.0000000e+00
   2.4100000e+00   4.6596497e-01   0.0000000e+00
   2.4300000e+00   4.6467763e-01   0.0000000e+00
   2.4500000e+00   4.6321062e-01   0.0000000e+00
   2.4700000e+00   4.6144960e-01   0.0000000e+00
   2.4900000e+00   4.5939455e-01   0.0000000e+00
   2.5100000e+00   4.5779142e-01   0.0000000e+00
   2.5300000e+00   4.5643838e-01   0.0000000e+00
   2.5500000e+00   4.5533542e-01   0.0000000e+00
   2.5700000e+00   4.5388316e-01   0.0000000e+00
   2.5900000e+00   4.5248888e-01   0.0000000e+00
   2.6100000e+00   4.5115259e-01   0.0000000e+00
   2.6300000e+00   4.5008384e-01   0.0000000e+00
   2.6500000e+00   4.4901508e-01   0.0000000e+00
   2.6700000e+00   4.4794633e-01   0.0000000e+00
   2.6900000e+00   4.4687758e-01   0.0000000e+00
   2.7100000e+00   4.4580882e-01   0.0000000e+00
   2.7300000e+00   4.4474007e-01   0.0000000e+00
   2.7500000e+00   4.4367131e-01   0.0000000e+00
   2.7700000e+00   4.4260256e-01   0.0000000e+00
   2.7900000e+00   4.4153381e-01   0.0000000e+00
   2.8100000e+00   4.4036382e-01   0.0000000e+00
   2.8300000e+00   4.3897726e-01   0.0000000e+00
   2.8500000e+00   4.3737413e-01   0.0000000e+00
   2.8700000e+00   4.3628994e-01   0.0000000e+00
   2.8900000e+00   4.3501233e-01   0.0000000e+00
   2.9100000e+00   4.3354130e-01   0.0000000e+00
   2.9300000e+00   4.3222378e-01   0.0000000e+00
   2.9500000e+00   4.3103065e-01   0.0000000e+00
   2.9700000e+00   4.2996190e-01   0.0000000e+00
   2.9900000e+00   4.2884085e-01   0.0000000e+00
   3.0100000e+00   4.2747877e-01   0.0000000e+00
   3.0300000e+00   4.2587564e-01   0.0000000e+00
   3.0500000e+00   4.2474250e-01   0.0000000e+00
   3.0700000e+00   4.2364156e-01   0.0000000e+00
   3.0900000e+00   4.2257281e-01   0.0000000e+00
   3.1100000e+00   4.2150405e-01   0.0000000e+00
   3.1300000e+00   4.2043530e-01   0.0000000e+00
   3.1500000e+00   4.1936654e-01   0.0000000e+00
   3.1700000e+00   4.1829779e-01   0.0000000e+00
   3.1900000e+00   4.1722904e-01   0.0000000e+00
   3.2100000e+00   4.1616028e-01   0.0000000e+00
   3.2300000e+00   4.1509153e-01   0.0000000e+00
   3.2500000e+00   4.1432716e-01   0.0000000e+00
   3.2700000e+00   4.1386719e-01   0.0000000e+00
   3.2900000e+00   4.1367946e-01   0.0000000e+00
   3.3100000e+00   4.1335394e-01   0.0000000e+00
   3.3300000e+00   4.1289063e-01   0.0000000e+00
   3.3500000e+00   4.1289063e-01   0.0000000e+00
   3.3700000e+00   4.1386817e-01   0.0000000e+00
   3.3900000e+00   4.1582326e-01   0.0000000e+00
   2.0000000e+00   7.6402303e-01   1.0000000e+00
   2.0200000e+00   7.6268910e-01   1.0000000e+00
   2.0400000e+00   7.6109000e-01   1.0000000e+00
   2.0600000e+00   7.5865951e-01   1.0000000e+00
   2.0800000e+00   7.5595981e-01   1.0000000e+00
   2.1000000e+00   7.5299090e-01   1.0000000e+00
   2.1200000e+00   7.4996499e-01   1.0000000e+00
   2.1400000e+00   7.4708425e-01   1.0000000e+00
   2.1600000e+00   7.4434868e-01   1.0000000e+00
   2.1800000e+00   7.4114242e-01   1.0000000e+00
   2.2000000e+00   7.3817686e-01   1.0000000e+00
   2.2200000e+00   7.3545199e-01   1.0000000e+00
   2.2400000e+00   7.3278011e-01   1.0000000e+00
   2.2600000e+00   7.3023226e-01   1.0000000e+00
   2.2800000e+00   7.2780844e-01   1.0000000e+00
   2.3000000e+00   7.2567094e-01   1.0000000e+00
   2.3200000e+00   7.2354080e-01   1.0000000e+00
   2.3400000e+00   7.2141803e-01   1.0000000e+00
   2.3600000e+00   7.1981490e-01   1.0000000e+00
   2.3800000e+00   7.1842800e-01   1.0000000e+00
   2.4000000e+00   7.1725732e-01   1.0000000e+00
   2.4200000e+00   7.1555699e-01   1.0000000e+00
   2.4400000e+00   7.1373763e-01   1.0000000e+00
   2.4600000e+00   7.1179925e-01   1.0000000e+00
   2.4800000e+00   7.1019612e-01   1.0000000e+00
   2.5000000e+00   7.0859299e-01   1.0000000e+00
   2.5200000e+00   7.0698985e-01   1.0000000e+00
   2.5400000e+00   7.0488655e-01   1.0000000e+00
   2.5600000e+00   7.0276614e-01   1.0000000e+00
   2.5800000e+00   7.0062864e-01   1.0000000e+00
   2.6000000e+00   6.9849113e-01   1.0000000e+00
   2.6200000e+00   6.9635362e-01   1.0000000e+00
   2.6400000e+00   6.9421611e-01   1.0000000e+00
   2.6600000e+00   6.9207860e-01   1.0000000e+00
   2.6800000e+00   6.8994110e-01   1.0000000e+00
   2.7000000e+00   6.8780359e-01   1.0000000e+00
   2.7200000e+00   6.8656853e-01   1.0000000e+00
   2.7400000e+00   6.8524935e-01   1.0000000e+00
   2.7600000e+00   6.8384603e-01   1.0000000e+00
   2.7800000e+00   6.8267870e-01   1.0000000e+00
   2.8000000e+00   6.8172661e-01   1.0000000e+00
   2.8200000e+00   6.8098976e-01   1.0000000e+00
   2.8400000e+00   6.7938663e-01   1.0000000e+00
   2.8600000e+00   6.7804297e-01   1.0000000e+00
   2.8800000e+00   6.7695879e-01   1.0000000e+00
   2.9000000e+00   6.7589003e-01   1.0000000e+00
   2.9200000e+00   6.7453566e-01   1.0000000e+00
   2.9400000e+00   6.7289568e-01   1.0000000e+00
   2.9600000e+00   6.7109607e-01   1.0000000e+00
   2.9800000e+00   6.6963575e-01   1.0000000e+00
   3.0000000e+00   6.6851471e-01   1.0000000e+00
   3.0200000e+00   6.6691158e-01   1.0000000e+00
   3.0400000e+00   6.6530845e-01   1.0000000e+00
   3.0600000e+00   6.6370531e-01   1.0000000e+00
   3.0800000e+00   6.6210218e-01   1.0000000e+00
   3.1000000e+00   6.6061739e-01   1.0000000e+00
   3.1200000e+00   6.5925093e-01   1.0000000e+00
   3.1400000e+00   6.5806217e-01   1.0000000e+00
   3.1600000e+00   6.5666956e-01   1.0000000e+00
   3.1800000e+00   6.5507311e-01   1.0000000e+00
   3.2000000e+00   6.5453874e-01   1.0000000e+00
   3.2200000e+00   6.5379383e-01   1.0000000e+00
   3.2400000e+00   6.5283840e-01   1.0000000e+00
   3.2600000e+00   6.5207404e-01   1.0000000e+00
   3.2800000e+00   6.5142467e-01   1.0000000e+00
   3.3000000e+00   6.5089029e-01   1.0000000e+00
   3.3200000e+00   6.5028485e-01   1.0000000e+00
   3.3400000e+00   6.4944776e-01   1.0000000e+00
   3.3600000e+00   6.4837900e-01   1.0000000e+00
   3.3800000e+00   6.4731025e-01   1.0000000e+00
   3.4000000e+00   6.4549728e-01   1.0000000e+00
   3.4200000e+00   6.4294010e-01   1.0000000e+00
