   6.1000000e-01   9.6008520e-01   0.0000000e+00
   6.3000000e-01   9.4539893e-01   0.0000000e+00
   6.5000000e-01   9.2315157e-01   0.0000000e+00
   6.7000000e-01   8.9866846e-01   0.0000000e+00
   6.9000000e-01   8.7194961e-01   0.0000000e+00
   7.1000000e-01   8.5160436e-01   0.0000000e+00
   7.3000000e-01   8.3215154e-01   0.0000000e+00
   7.5000000e-01   8.1359115e-01   0.0000000e+00
   7.7000000e-01   7.9719776e-01   0.0000000e+00
   7.9000000e-01   7.8189626e-01   0.0000000e+00
   8.1000000e-01   7.6768667e-01   0.0000000e+00
   8.3000000e-01   7.5218973e-01   0.0000000e+00
   8.5000000e-01   7.3826173e-01   0.0000000e+00
   8.7000000e-01   7.2590265e-01   0.0000000e+00
   8.9000000e-01   7.1401829e-01   0.0000000e+00
   9.1000000e-01   7.0292208e-01   0.0000000e+00
   9.3000000e-01   6.9261401e-01   0.0000000e+00
   9.5000000e-01   6.8387557e-01   0.0000000e+00
   9.7000000e-01   6.7555483e-01   0.0000000e+00
   9.9000000e-01   6.6765181e-01   0.0000000e+00
   1.0100000e+00   6.6070491e-01   0.0000000e+00
   1.0300000e+00   6.5399503e-01   0.0000000e+00
   1.0500000e+00   6.4752215e-01   0.0000000e+00
   1.0700000e+00   6.4218172e-01   0.0000000e+00
   1.0900000e+00   6.3698646e-01   0.0000000e+00
   1.1100000e+00   6.3193637e-01   0.0000000e+00
   1.1300000e+00   6.2684067e-01   0.0000000e+00
   1.1500000e+00   6.2215163e-01   0.0000000e+00
   1.1700000e+00   6.1786924e-01   0.0000000e+00
   1.1900000e+00   6.1305985e-01   0.0000000e+00
   1.2100000e+00   6.0888808e-01   0.0000000e+00
   1.2300000e+00   6.0535394e-01   0.0000000e+00
   1.2500000e+00   6.0183925e-01   0.0000000e+00
   1.2700000e+00   5.9830747e-01   0.0000000e+00
   1.2900000e+00   5.9475859e-01   0.0000000e+00
   1.3100000e+00   5.9147723e-01   0.0000000e+00
   1.3300000e+00   5.8796624e-01   0.0000000e+00
   1.3500000e+00   5.8422560e-01   0.0000000e+00
   1.3700000e+00   5.7999216e-01   0.0000000e+00
   1.3900000e+00   5.7611407e-01   0.0000000e+00
   1.4100000e+00   5.7259132e-01   0.0000000e+00
   1.4300000e+00   5.6886612e-01   0.0000000e+00
   1.4500000e+00   5.6500881e-01   0.0000000e+00
   1.4700000e+00   5.6101941e-01   0.0000000e+00
   1.4900000e+00   5.5778701e-01   0.0000000e+00
   1.5100000e+00   5.5430049e-01   0.0000000e+00
   1.5300000e+00   5.5055985e-01   0.0000000e+00
   1.5500000e+00   5.4770692e-01   0.0000000e+00
   1.5700000e+00   5.4494451e-01   0.0000000e+00
   1.5900000e+00   5.4227263e-01   0.0000000e+00
   1.6100000e+00   5.3960074e-01   0.0000000e+00
   1.6300000e+00   5.3697579e-01   0.0000000e+00
   1.6500000e+00   5.3439777e-01   0.0000000e+00
   1.6700000e+00   5.3226026e-01   0.0000000e+00
   1.6900000e+00   5.3037854e-01   0.0000000e+00
   1.7100000e+00   5.2875260e-01   0.0000000e+00
   1.7300000e+00   5.2754438e-01   0.0000000e+00
   1.7500000e+00   5.2612765e-01   0.0000000e+00
   1.7700000e+00   5.2450240e-01   0.0000000e+00
   1.7900000e+00   5.2268806e-01   0.0000000e+00
   1.8100000e+00   5.2122405e-01   0.0000000e+00
   1.8300000e+00   5.2011038e-01   0.0000000e+00
   1.8500000e+00   5.1850725e-01   0.0000000e+00
   1.8700000e+00   5.1690412e-01   0.0000000e+00
   1.8900000e+00   5.1530098e-01   0.0000000e+00
   1.9100000e+00   5.1404382e-01   0.0000000e+00
   1.9300000e+00   5.1288086e-01   0.0000000e+00
   1.9500000e+00   5.1181210e-01   0.0000000e+00
   1.9700000e+00   5.1063071e-01   0.0000000e+00
   1.9900000e+00   5.0923845e-01   0.0000000e+00
   2.0100000e+00   5.0763532e-01   0.0000000e+00
   2.0300000e+00   5.0656254e-01   0.0000000e+00
   2.0500000e+00   5.0528493e-01   0.0000000e+00
   2.0700000e+00   5.0380249e-01   0.0000000e+00
   2.0900000e+00   5.0219936e-01   0.0000000e+00
   2.1100000e+00   5.0059623e-01   0.0000000e+00
   2.1300000e+00   4.9899310e-01   0.0000000e+00
   2.1500000e+00   4.9738997e-01   0.0000000e+00
   2.1700000e+00   4.9578684e-01   0.0000000e+00
   2.1900000e+00   4.9418371e-01   0.0000000e+00
   2.2100000e+00   4.9209917e-01   0.0000000e+00
   2.2300000e+00   4.9017052e-01   0.0000000e+00
   2.2500000e+00   4.8839775e-01   0.0000000e+00
   2.2700000e+00   4.8654655e-01   0.0000000e+00
   2.2900000e+00   4.8461789e-01   0.0000000e+00
   2.3100000e+00   4.8261179e-01   0.0000000e+00
   2.3300000e+00   4.8100866e-01   0.0000000e+00
   2.3500000e+00   4.7940553e-01   0.0000000e+00
   2.3700000e+00   4.7780240e-01   0.0000000e+00
   2.3900000e+00   4.7663172e-01   0.0000000e+00
   2.4100000e+00   4.7551201e-01   0.0000000e+00
   2.4300000e+00   4.7444326e-01   0.0000000e+00
   2.4500000e+00   4.7337450e-01   0.0000000e+00
   2.4700000e+00   4.7222329e-01   0.0000000e+00
   2.4900000e+00   4.7098961e-01   0.0000000e+00
   2.5100000e+00   4.6885210e-01   0.0000000e+00
   2.5300000e+00   4.6746485e-01   0.0000000e+00
   2.5500000e+00   4.6682786e-01   0.0000000e+00
   2.5700000e+00   4.6590998e-01   0.0000000e+00
   2.5900000e+00   4.6491666e-01   0.0000000e+00
   2.6100000e+00   4.6384791e-01   0.0000000e+00
   2.6300000e+00   4.6262897e-01   0.0000000e+00
   2.6500000e+00   4.6125145e-01   0.0000000e+00
   2.6700000e+00   4.5971535e-01   0.0000000e+00
   2.6900000e+00   4.5918098e-01   0.0000000e+00
   2.7100000e+00   4.5819537e-01   0.0000000e+00
   2.7300000e+00   4.5675854e-01   0.0000000e+00
   2.7500000e+00   4.5582453e-01   0.0000000e+00
   2.7700000e+00   4.5498139e-01   0.0000000e+00
   2.7900000e+00   4.5422912e-01   0.0000000e+00
   2.8100000e+00   4.5316037e-01   0.0000000e+00
   2.8300000e+00   4.5209161e-01   0.0000000e+00
   2.8500000e+00   4.5102286e-01   0.0000000e+00
   2.8700000e+00   4.5047305e-01   0.0000000e+00
   2.8900000e+00   4.4972982e-01   0.0000000e+00
   2.9100000e+00   4.4879316e-01   0.0000000e+00
   2.9300000e+00   4.4772440e-01   0.0000000e+00
   2.9500000e+00   4.4665565e-01   0.0000000e+00
   2.9700000e+00   4.4558690e-01   0.0000000e+00
   2.9900000e+00   4.4457043e-01   0.0000000e+00
   3.0100000e+00   4.4379501e-01   0.0000000e+00
   3.0300000e+00   4.4326063e-01   0.0000000e+00
   3.0500000e+00   4.4178625e-01   0.0000000e+00
   3.0700000e+00   4.4077750e-01   0.0000000e+00
   3.0900000e+00   4.4023438e-01   0.0000000e+00
   3.1100000e+00   4.3952436e-01   0.0000000e+00
   3.1300000e+00   4.3848780e-01   0.0000000e+00
   3.1500000e+00   4.3712468e-01   0.0000000e+00
   3.1700000e+00   4.3658696e-01   0.0000000e+00
   3.1900000e+00   4.3578372e-01   0.0000000e+00
   3.2100000e+00   4.3471497e-01   0.0000000e+00
   3.2300000e+00   4.3364622e-01   0.0000000e+00
   3.2500000e+00   4.3257746e-01   0.0000000e+00
   3.2700000e+00   4.3150871e-01   0.0000000e+00
   3.2900000e+00   4.3062768e-01   0.0000000e+00
   3.3100000e+00   4.2988445e-01   0.0000000e+00
   3.3300000e+00   4.2927901e-01   0.0000000e+00
   3.3500000e+00   4.2821025e-01   0.0000000e+00
   3.3700000e+00   4.2738589e-01   0.0000000e+00
   3.3900000e+00   4.2680590e-01   0.0000000e+00
   3.4100000e+00   4.2627153e-01   0.0000000e+00
   3.4300000e+00   4.2573715e-01   0.0000000e+00
   3.4500000e+00   4.2520277e-01   0.0000000e+00
   3.4700000e+00   4.2452962e-01   0.0000000e+00
   3.4900000e+00   4.2368078e-01   0.0000000e+00
   3.5100000e+00   4.2265625e-01   0.0000000e+00
   3.5300000e+00   4.2265625e-01   0.0000000e+00
   3.5500000e+00   4.2243634e-01   0.0000000e+00
   3.5700000e+00   4.2199651e-01   0.0000000e+00
   2.0000000e+00   7.9316304e-01   1.0000000e+00
   2.0200000e+00   7.8996081e-01   1.0000000e+00
   2.0400000e+00   7.8622823e-01   1.0000000e+00
   2.0600000e+00   7.8372864e-01   1.0000000e+00
   2.0800000e+00   7.8051904e-01   1.0000000e+00
   2.1000000e+00   7.7659942e-01   1.0000000e+00
   2.1200000e+00   7.7179671e-01   1.0000000e+00
   2.1400000e+00   7.6762057e-01   1.0000000e+00
   2.1600000e+00   7.6407099e-01   1.0000000e+00
   2.1800000e+00   7.6193349e-01   1.0000000e+00
   2.2000000e+00   7.5979598e-01   1.0000000e+00
   2.2200000e+00   7.5765847e-01   1.0000000e+00
   2.2400000e+00   7.5552096e-01   1.0000000e+00
   2.2600000e+00   7.5313538e-01   1.0000000e+00
   2.2800000e+00   7.5050173e-01   1.0000000e+00
   2.3000000e+00   7.4768969e-01   1.0000000e+00
   2.3200000e+00   7.4547473e-01   1.0000000e+00
   2.3400000e+00   7.4385686e-01   1.0000000e+00
   2.3600000e+00   7.4171935e-01   1.0000000e+00
   2.3800000e+00   7.3979807e-01   1.0000000e+00
   2.4000000e+00   7.3809302e-01   1.0000000e+00
   2.4200000e+00   7.3648988e-01   1.0000000e+00
   2.4400000e+00   7.3498632e-01   1.0000000e+00
   2.4600000e+00   7.3358231e-01   1.0000000e+00
   2.4800000e+00   7.3251356e-01   1.0000000e+00
   2.5000000e+00   7.3144480e-01   1.0000000e+00
   2.5200000e+00   7.3037605e-01   1.0000000e+00
   2.5400000e+00   7.2980747e-01   1.0000000e+00
   2.5600000e+00   7.2906424e-01   1.0000000e+00
   2.5800000e+00   7.2814635e-01   1.0000000e+00
   2.6000000e+00   7.2734444e-01   1.0000000e+00
   2.6200000e+00   7.2660121e-01   1.0000000e+00
   2.6400000e+00   7.2591665e-01   1.0000000e+00
   2.6600000e+00   7.2481438e-01   1.0000000e+00
   2.6800000e+00   7.2346168e-01   1.0000000e+00
   2.7000000e+00   7.2185855e-01   1.0000000e+00
   2.7200000e+00   7.2070665e-01   1.0000000e+00
   2.7400000e+00   7.1959632e-01   1.0000000e+00
   2.7600000e+00   7.1852756e-01   1.0000000e+00
   2.7800000e+00   7.1724091e-01   1.0000000e+00
   2.8000000e+00   7.1579602e-01   1.0000000e+00
   2.8200000e+00   7.1419289e-01   1.0000000e+00
   2.8400000e+00   7.1258976e-01   1.0000000e+00
   2.8600000e+00   7.1098663e-01   1.0000000e+00
   2.8800000e+00   7.0938349e-01   1.0000000e+00
   2.9000000e+00   7.0818264e-01   1.0000000e+00
   2.9200000e+00   7.0704784e-01   1.0000000e+00
   2.9400000e+00   7.0597909e-01   1.0000000e+00
   2.9600000e+00   7.0457243e-01   1.0000000e+00
