   6.0000000e-01   9.2756030e-01   0.0000000e+00
   6.2000000e-01   9.0493012e-01   0.0000000e+00
   6.4000000e-01   8.7828704e-01   0.0000000e+00
   6.6000000e-01   8.4763108e-01   0.0000000e+00
   6.8000000e-01   8.2144660e-01   0.0000000e+00
   7.0000000e-01   7.9913182e-01   0.0000000e+00
   7.2000000e-01   7.8068671e-01   0.0000000e+00
   7.4000000e-01   7.5986213e-01   0.0000000e+00
   7.6000000e-01   7.4018001e-01   0.0000000e+00
   7.8000000e-01   7.2164036e-01   0.0000000e+00
   8.0000000e-01   7.0913916e-01   0.0000000e+00
   8.2000000e-01   6.9620885e-01   0.0000000e+00
   8.4000000e-01   6.8284942e-01   0.0000000e+00
   8.6000000e-01   6.7262785e-01   0.0000000e+00
   8.8000000e-01   6.6325311e-01   0.0000000e+00
   9.0000000e-01   6.5472519e-01   0.0000000e+00
   9.2000000e-01   6.4699918e-01   0.0000000e+00
   9.4000000e-01   6.3974150e-01   0.0000000e+00
   9.6000000e-01   6.3295215e-01   0.0000000e+00
   9.8000000e-01   6.2743942e-01   0.0000000e+00
   1.0000000e+00   6.2120961e-01   0.0000000e+00
   1.0200000e+00   6.1426271e-01   0.0000000e+00
   1.0400000e+00   6.0873790e-01   0.0000000e+00
   1.0600000e+00   6.0348229e-01   0.0000000e+00
   1.0800000e+00   5.9849588e-01   0.0000000e+00
   1.1000000e+00   5.9392719e-01   0.0000000e+00
   1.1200000e+00   5.8944332e-01   0.0000000e+00
   1.1400000e+00   5.8504427e-01   0.0000000e+00
   1.1600000e+00   5.8024962e-01   0.0000000e+00
   1.1800000e+00   5.7598197e-01   0.0000000e+00
   1.2000000e+00   5.7224133e-01   0.0000000e+00
   1.2200000e+00   5.6850069e-01   0.0000000e+00
   1.2400000e+00   5.6491426e-01   0.0000000e+00
   1.2600000e+00   5.6148204e-01   0.0000000e+00
   1.2800000e+00   5.5846753e-01   0.0000000e+00
   1.3000000e+00   5.5569943e-01   0.0000000e+00
   1.3200000e+00   5.5317772e-01   0.0000000e+00
   1.3400000e+00   5.5157459e-01   0.0000000e+00
   1.3600000e+00   5.4972506e-01   0.0000000e+00
   1.3800000e+00   5.4762913e-01   0.0000000e+00
   1.4000000e+00   5.4549162e-01   0.0000000e+00
   1.4200000e+00   5.4348385e-01   0.0000000e+00
   1.4400000e+00   5.4160581e-01   0.0000000e+00
   1.4600000e+00   5.4014549e-01   0.0000000e+00
   1.4800000e+00   5.3886788e-01   0.0000000e+00
   1.5000000e+00   5.3777298e-01   0.0000000e+00
   1.5200000e+00   5.3616985e-01   0.0000000e+00
   1.5400000e+00   5.3478864e-01   0.0000000e+00
   1.5600000e+00   5.3362937e-01   0.0000000e+00
   1.5800000e+00   5.3190623e-01   0.0000000e+00
   1.6000000e+00   5.3008117e-01   0.0000000e+00
   1.6200000e+00   5.2815419e-01   0.0000000e+00
   1.6400000e+00   5.2645720e-01   0.0000000e+00
   1.6600000e+00   5.2453995e-01   0.0000000e+00
   1.6800000e+00   5.2240244e-01   0.0000000e+00
   1.7000000e+00   5.2026493e-01   0.0000000e+00
   1.7200000e+00   5.1812742e-01   0.0000000e+00
   1.7400000e+00   5.1598992e-01   0.0000000e+00
   1.7600000e+00   5.1468714e-01   0.0000000e+00
   1.7800000e+00   5.1368778e-01   0.0000000e+00
   1.8000000e+00   5.1299182e-01   0.0000000e+00
   1.8200000e+00   5.1192307e-01   0.0000000e+00
   1.8400000e+00   5.1085431e-01   0.0000000e+00
   1.8600000e+00   5.0978556e-01   0.0000000e+00
   1.8800000e+00   5.0871680e-01   0.0000000e+00
   1.9000000e+00   5.0782103e-01   0.0000000e+00
   1.9200000e+00   5.0709824e-01   0.0000000e+00
   1.9400000e+00   5.0610527e-01   0.0000000e+00
   1.9600000e+00   5.0486353e-01   0.0000000e+00
   1.9800000e+00   5.0337303e-01   0.0000000e+00
   2.0000000e+00   5.0230428e-01   0.0000000e+00
   2.0200000e+00   5.0070518e-01   0.0000000e+00
   2.0400000e+00   4.9857573e-01   0.0000000e+00
   2.0600000e+00   4.9685190e-01   0.0000000e+00
   2.0800000e+00   4.9518843e-01   0.0000000e+00
   2.1000000e+00   4.9358529e-01   0.0000000e+00
   2.1200000e+00   4.9180181e-01   0.0000000e+00
   2.1400000e+00   4.8990500e-01   0.0000000e+00
   2.1600000e+00   4.8789487e-01   0.0000000e+00
   2.1800000e+00   4.8682612e-01   0.0000000e+00
   2.2000000e+00   4.8551666e-01   0.0000000e+00
   2.2200000e+00   4.8396651e-01   0.0000000e+00
   2.2400000e+00   4.8236338e-01   0.0000000e+00
   2.2600000e+00   4.8076025e-01   0.0000000e+00
   2.2800000e+00   4.7915711e-01   0.0000000e+00
   2.3000000e+00   4.7768539e-01   0.0000000e+00
   2.3200000e+00   4.7641515e-01   0.0000000e+00
   2.3400000e+00   4.7534640e-01   0.0000000e+00
   2.3600000e+00   4.7427764e-01   0.0000000e+00
   2.3800000e+00   4.7299266e-01   0.0000000e+00
   2.4000000e+00   4.7149145e-01   0.0000000e+00
   2.4200000e+00   4.6988832e-01   0.0000000e+00
   2.4400000e+00   4.6828519e-01   0.0000000e+00
   2.4600000e+00   4.6668206e-01   0.0000000e+00
   2.4800000e+00   4.6516139e-01   0.0000000e+00
   2.5000000e+00   4.6386668e-01   0.0000000e+00
   2.5200000e+00   4.6279792e-01   0.0000000e+00
   2.5400000e+00   4.6122900e-01   0.0000000e+00
   2.5600000e+00   4.5964297e-01   0.0000000e+00
   2.5800000e+00   4.5803984e-01   0.0000000e+00
   2.6000000e+00   4.5670355e-01   0.0000000e+00
   2.6200000e+00   4.5550103e-01   0.0000000e+00
   2.6400000e+00   4.5443227e-01   0.0000000e+00
   2.6600000e+00   4.5336352e-01   0.0000000e+00
   2.6800000e+00   4.5229477e-01   0.0000000e+00
   2.7000000e+00   4.5122601e-01   0.0000000e+00
   2.7200000e+00   4.5015726e-01   0.0000000e+00
   2.7400000e+00   4.4925579e-01   0.0000000e+00
   2.7600000e+00   4.4852159e-01   0.0000000e+00
   2.7800000e+00   4.4798722e-01   0.0000000e+00
   2.8000000e+00   4.4740222e-01   0.0000000e+00
   2.8200000e+00   4.4676661e-01   0.0000000e+00
   2.8400000e+00   4.4569786e-01   0.0000000e+00
   2.8600000e+00   4.4488858e-01   0.0000000e+00
   2.8800000e+00   4.4433877e-01   0.0000000e+00
   2.9000000e+00   4.4299983e-01   0.0000000e+00
   2.9200000e+00   4.4181441e-01   0.0000000e+00
   2.9400000e+00   4.4078251e-01   0.0000000e+00
   2.9600000e+00   4.4007918e-01   0.0000000e+00
   2.9800000e+00   4.3919314e-01   0.0000000e+00
   3.0000000e+00   4.3812439e-01   0.0000000e+00
   3.0200000e+00   4.3705563e-01   0.0000000e+00
   3.0400000e+00   4.3575188e-01   0.0000000e+00
   3.0600000e+00   4.3421313e-01   0.0000000e+00
   3.0800000e+00   4.3296333e-01   0.0000000e+00
   3.1000000e+00   4.3180406e-01   0.0000000e+00
   3.1200000e+00   4.3073530e-01   0.0000000e+00
   3.1400000e+00   4.2978655e-01   0.0000000e+00
   3.1600000e+00   4.2904499e-01   0.0000000e+00
   3.1800000e+00   4.2851061e-01   0.0000000e+00
   3.2000000e+00   4.2797624e-01   0.0000000e+00
   3.2200000e+00   4.2723133e-01   0.0000000e+00
   3.2400000e+00   4.2627590e-01   0.0000000e+00
   3.2600000e+00   4.2551154e-01   0.0000000e+00
   3.2800000e+00   4.2486217e-01   0.0000000e+00
   3.3000000e+00   4.2432779e-01   0.0000000e+00
   3.3200000e+00   4.2379341e-01   0.0000000e+00
   3.3400000e+00   4.2325903e-01   0.0000000e+00
   3.3600000e+00   4.2272466e-01   0.0000000e+00
   3.3800000e+00   4.2219028e-01   0.0000000e+00
   3.4000000e+00   4.2184196e-01   0.0000000e+00
   3.4200000e+00   4.2167969e-01   0.0000000e+00
   3.4400000e+00   4.2142424e-01   0.0000000e+00
   3.4600000e+00   4.2109872e-01   0.0000000e+00
   3.4800000e+00   4.2070313e-01   0.0000000e+00
   3.5000000e+00   4.2063678e-01   0.0000000e+00
   3.5200000e+00   4.1980205e-01   0.0000000e+00
   3.5400000e+00   4.1819892e-01   0.0000000e+00
   2.0400000e+00   7.6420073e-01   1.0000000e+00
   2.0600000e+00   7.6247690e-01   1.0000000e+00
   2.0800000e+00   7.6066492e-01   1.0000000e+00
   2.1000000e+00   7.5876477e-01   1.0000000e+00
   2.1200000e+00   7.5698797e-01   1.0000000e+00
   2.1400000e+00   7.5556519e-01   1.0000000e+00
   2.1600000e+00   7.5449643e-01   1.0000000e+00
   2.1800000e+00   7.5342768e-01   1.0000000e+00
   2.2000000e+00   7.5211823e-01   1.0000000e+00
   2.2200000e+00   7.5056807e-01   1.0000000e+00
   2.2400000e+00   7.4823547e-01   1.0000000e+00
   2.2600000e+00   7.4610533e-01   1.0000000e+00
   2.2800000e+00   7.4417766e-01   1.0000000e+00
   2.3000000e+00   7.4297750e-01   1.0000000e+00
   2.3200000e+00   7.4157585e-01   1.0000000e+00
   2.3400000e+00   7.3997272e-01   1.0000000e+00
   2.3600000e+00   7.3836959e-01   1.0000000e+00
   2.3800000e+00   7.3698269e-01   1.0000000e+00
   2.4000000e+00   7.3581201e-01   1.0000000e+00
   2.4200000e+00   7.3505905e-01   1.0000000e+00
   2.4400000e+00   7.3431581e-01   1.0000000e+00
   2.4600000e+00   7.3358231e-01   1.0000000e+00
   2.4800000e+00   7.3251356e-01   1.0000000e+00
   2.5000000e+00   7.3144480e-01   1.0000000e+00
   2.5200000e+00   7.3037605e-01   1.0000000e+00
   2.5400000e+00   7.2880712e-01   1.0000000e+00
   2.5600000e+00   7.2741285e-01   1.0000000e+00
   2.5800000e+00   7.2619322e-01   1.0000000e+00
   2.6000000e+00   7.2459078e-01   1.0000000e+00
   2.6200000e+00   7.2279590e-01   1.0000000e+00
   2.6400000e+00   7.2080857e-01   1.0000000e+00
   2.6600000e+00   7.1917192e-01   1.0000000e+00
   2.6800000e+00   7.1728485e-01   1.0000000e+00
   2.7000000e+00   7.1514734e-01   1.0000000e+00
   2.7200000e+00   7.1436351e-01   1.0000000e+00
   2.7400000e+00   7.1353713e-01   1.0000000e+00
   2.7600000e+00   7.1266819e-01   1.0000000e+00
