   6.1000000e-01   9.6237157e-01   0.0000000e+00
   6.3000000e-01   9.4655550e-01   0.0000000e+00
   6.5000000e-01   9.2698002e-01   0.0000000e+00
   6.7000000e-01   9.0516880e-01   0.0000000e+00
   6.9000000e-01   8.8112184e-01   0.0000000e+00
   7.1000000e-01   8.5707487e-01   0.0000000e+00
   7.3000000e-01   8.3438227e-01   0.0000000e+00
   7.5000000e-01   8.1304405e-01   0.0000000e+00
   7.7000000e-01   7.9571330e-01   0.0000000e+00
   7.9000000e-01   7.7983787e-01   0.0000000e+00
   8.1000000e-01   7.6541775e-01   0.0000000e+00
   8.3000000e-01   7.4885207e-01   0.0000000e+00
   8.5000000e-01   7.3516274e-01   0.0000000e+00
   8.7000000e-01   7.2434979e-01   0.0000000e+00
   8.9000000e-01   7.1528749e-01   0.0000000e+00
   9.1000000e-01   7.0706062e-01   0.0000000e+00
   9.3000000e-01   6.9966918e-01   0.0000000e+00
   9.5000000e-01   6.9377560e-01   0.0000000e+00
   9.7000000e-01   6.8842411e-01   0.0000000e+00
   9.9000000e-01   6.8361472e-01   0.0000000e+00
   1.0100000e+00   6.7880532e-01   0.0000000e+00
   1.0300000e+00   6.7423295e-01   0.0000000e+00
   1.0500000e+00   6.6989758e-01   0.0000000e+00
   1.0700000e+00   6.6562256e-01   0.0000000e+00
   1.0900000e+00   6.6122720e-01   0.0000000e+00
   1.1100000e+00   6.5671148e-01   0.0000000e+00
   1.1300000e+00   6.5202612e-01   0.0000000e+00
   1.1500000e+00   6.4754225e-01   0.0000000e+00
   1.1700000e+00   6.4325986e-01   0.0000000e+00
   1.1900000e+00   6.3845047e-01   0.0000000e+00
   1.2100000e+00   6.3385362e-01   0.0000000e+00
   1.2300000e+00   6.2946931e-01   0.0000000e+00
   1.2500000e+00   6.2519429e-01   0.0000000e+00
   1.2700000e+00   6.2091928e-01   0.0000000e+00
   1.2900000e+00   6.1664426e-01   0.0000000e+00
   1.3100000e+00   6.1244433e-01   0.0000000e+00
   1.3300000e+00   6.0847405e-01   0.0000000e+00
   1.3500000e+00   6.0473341e-01   0.0000000e+00
   1.3700000e+00   6.0049997e-01   0.0000000e+00
   1.3900000e+00   5.9662188e-01   0.0000000e+00
   1.4100000e+00   5.9309914e-01   0.0000000e+00
   1.4300000e+00   5.8937393e-01   0.0000000e+00
   1.4500000e+00   5.8537382e-01   0.0000000e+00
   1.4700000e+00   5.8109880e-01   0.0000000e+00
   1.4900000e+00   5.7684993e-01   0.0000000e+00
   1.5100000e+00   5.7285517e-01   0.0000000e+00
   1.5300000e+00   5.6911453e-01   0.0000000e+00
   1.5500000e+00   5.6537389e-01   0.0000000e+00
   1.5700000e+00   5.6163325e-01   0.0000000e+00
   1.5900000e+00   5.5789262e-01   0.0000000e+00
   1.6100000e+00   5.5436250e-01   0.0000000e+00
   1.6300000e+00   5.5099432e-01   0.0000000e+00
   1.6500000e+00   5.4778805e-01   0.0000000e+00
   1.6700000e+00   5.4458179e-01   0.0000000e+00
   1.6900000e+00   5.4137553e-01   0.0000000e+00
   1.7100000e+00   5.3816927e-01   0.0000000e+00
   1.7300000e+00   5.3496300e-01   0.0000000e+00
   1.7500000e+00   5.3189586e-01   0.0000000e+00
   1.7700000e+00   5.2896785e-01   0.0000000e+00
   1.7900000e+00   5.2629596e-01   0.0000000e+00
   1.8100000e+00   5.2362408e-01   0.0000000e+00
   1.8300000e+00   5.2095219e-01   0.0000000e+00
   1.8500000e+00   5.1828031e-01   0.0000000e+00
   1.8700000e+00   5.1583974e-01   0.0000000e+00
   1.8900000e+00   5.1363048e-01   0.0000000e+00
   1.9100000e+00   5.1149297e-01   0.0000000e+00
   1.9300000e+00   5.0935546e-01   0.0000000e+00
   1.9500000e+00   5.0721795e-01   0.0000000e+00
   1.9700000e+00   5.0485518e-01   0.0000000e+00
   1.9900000e+00   5.0207066e-01   0.0000000e+00
   2.0100000e+00   4.9886440e-01   0.0000000e+00
   2.0300000e+00   4.9671883e-01   0.0000000e+00
   2.0500000e+00   4.9457729e-01   0.0000000e+00
   2.0700000e+00   4.9243978e-01   0.0000000e+00
   2.0900000e+00   4.9030227e-01   0.0000000e+00
   2.1100000e+00   4.8816477e-01   0.0000000e+00
   2.1300000e+00   4.8602726e-01   0.0000000e+00
   2.1500000e+00   4.8395344e-01   0.0000000e+00
   2.1700000e+00   4.8211496e-01   0.0000000e+00
   2.1900000e+00   4.8051183e-01   0.0000000e+00
   2.2100000e+00   4.7842730e-01   0.0000000e+00
   2.2300000e+00   4.7631628e-01   0.0000000e+00
   2.2500000e+00   4.7417877e-01   0.0000000e+00
   2.2700000e+00   4.7228933e-01   0.0000000e+00
   2.2900000e+00   4.7060875e-01   0.0000000e+00
   2.3100000e+00   4.6913703e-01   0.0000000e+00
   2.3300000e+00   4.6803879e-01   0.0000000e+00
   2.3500000e+00   4.6642092e-01   0.0000000e+00
   2.3700000e+00   4.6428341e-01   0.0000000e+00
   2.3900000e+00   4.6301081e-01   0.0000000e+00
   2.4100000e+00   4.6168224e-01   0.0000000e+00
   2.4300000e+00   4.6029769e-01   0.0000000e+00
   2.4500000e+00   4.5869456e-01   0.0000000e+00
   2.4700000e+00   4.5713266e-01   0.0000000e+00
   2.4900000e+00   4.5561199e-01   0.0000000e+00
   2.5100000e+00   4.5454324e-01   0.0000000e+00
   2.5300000e+00   4.5347448e-01   0.0000000e+00
   2.5500000e+00   4.5240573e-01   0.0000000e+00
   2.5700000e+00   4.5095347e-01   0.0000000e+00
   2.5900000e+00   4.4955919e-01   0.0000000e+00
   2.6100000e+00   4.4822291e-01   0.0000000e+00
   2.6300000e+00   4.4700397e-01   0.0000000e+00
   2.6500000e+00   4.4560970e-01   0.0000000e+00
   2.6700000e+00   4.4404008e-01   0.0000000e+00
   2.6900000e+00   4.4297133e-01   0.0000000e+00
   2.7100000e+00   4.4190257e-01   0.0000000e+00
   2.7300000e+00   4.4083382e-01   0.0000000e+00
   2.7500000e+00   4.3976506e-01   0.0000000e+00
   2.7700000e+00   4.3869631e-01   0.0000000e+00
   2.7900000e+00   4.3762756e-01   0.0000000e+00
   2.8100000e+00   4.3645757e-01   0.0000000e+00
   2.8300000e+00   4.3507101e-01   0.0000000e+00
   2.8500000e+00   4.3346788e-01   0.0000000e+00
   2.8700000e+00   4.3238369e-01   0.0000000e+00
   2.8900000e+00   4.3130722e-01   0.0000000e+00
   2.9100000e+00   4.3023847e-01   0.0000000e+00
   2.9300000e+00   4.2916972e-01   0.0000000e+00
   2.9500000e+00   4.2810096e-01   0.0000000e+00
   2.9700000e+00   4.2703221e-01   0.0000000e+00
   2.9900000e+00   4.2596345e-01   0.0000000e+00
   3.0100000e+00   4.2489470e-01   0.0000000e+00
   3.0300000e+00   4.2382594e-01   0.0000000e+00
   3.0500000e+00   4.2322719e-01   0.0000000e+00
   3.0700000e+00   4.2248396e-01   0.0000000e+00
   3.0900000e+00   4.2159625e-01   0.0000000e+00
   3.1100000e+00   4.2076416e-01   0.0000000e+00
   3.1300000e+00   4.2002093e-01   0.0000000e+00
   3.1500000e+00   4.1936654e-01   0.0000000e+00
   3.1700000e+00   4.1830113e-01   0.0000000e+00
   3.1900000e+00   4.1750124e-01   0.0000000e+00
   3.2100000e+00   4.1696686e-01   0.0000000e+00
   3.2300000e+00   4.1643248e-01   0.0000000e+00
   3.2500000e+00   4.1574591e-01   0.0000000e+00
   3.2700000e+00   4.1490715e-01   0.0000000e+00
   3.2900000e+00   4.1402612e-01   0.0000000e+00
   3.3100000e+00   4.1331841e-01   0.0000000e+00
   3.3300000e+00   4.1278404e-01   0.0000000e+00
   3.3500000e+00   4.1224966e-01   0.0000000e+00
   3.3700000e+00   4.1147090e-01   0.0000000e+00
   3.3900000e+00   4.1044775e-01   0.0000000e+00
   3.4100000e+00   4.0937899e-01   0.0000000e+00
   3.4300000e+00   4.0856568e-01   0.0000000e+00
   3.4500000e+00   4.0800781e-01   0.0000000e+00
   3.4700000e+00   4.0842415e-01   0.0000000e+00
   2.0100000e+00   7.4689313e-01   1.0000000e+00
   2.0300000e+00   7.4529000e-01   1.0000000e+00
   2.0500000e+00   7.4410056e-01   1.0000000e+00
   2.0700000e+00   7.4332479e-01   1.0000000e+00
   2.0900000e+00   7.3982024e-01   1.0000000e+00
   2.1100000e+00   7.3594047e-01   1.0000000e+00
   2.1300000e+00   7.3168550e-01   1.0000000e+00
   2.1500000e+00   7.3055306e-01   1.0000000e+00
   2.1700000e+00   7.2918527e-01   1.0000000e+00
   2.1900000e+00   7.2758214e-01   1.0000000e+00
   2.2100000e+00   7.2597901e-01   1.0000000e+00
   2.2300000e+00   7.2455825e-01   1.0000000e+00
   2.2500000e+00   7.2331985e-01   1.0000000e+00
   2.2700000e+00   7.2150689e-01   1.0000000e+00
   2.2900000e+00   7.1939587e-01   1.0000000e+00
   2.3100000e+00   7.1698679e-01   1.0000000e+00
   2.3300000e+00   7.1536892e-01   1.0000000e+00
   2.3500000e+00   7.1349123e-01   1.0000000e+00
   2.3700000e+00   7.1135372e-01   1.0000000e+00
   2.3900000e+00   7.1008112e-01   1.0000000e+00
   2.4100000e+00   7.0859466e-01   1.0000000e+00
   2.4300000e+00   7.0689432e-01   1.0000000e+00
   2.4500000e+00   7.0495594e-01   1.0000000e+00
   2.4700000e+00   7.0322641e-01   1.0000000e+00
   2.4900000e+00   7.0170574e-01   1.0000000e+00
   2.5100000e+00   7.0063699e-01   1.0000000e+00
   2.5300000e+00   6.9956823e-01   1.0000000e+00
   2.5500000e+00   6.9849948e-01   1.0000000e+00
   2.5700000e+00   6.9781423e-01   1.0000000e+00
   2.5900000e+00   6.9720442e-01   1.0000000e+00
   2.6100000e+00   6.9667005e-01   1.0000000e+00
   2.6300000e+00   6.9613567e-01   1.0000000e+00
   2.6500000e+00   6.9558453e-01   1.0000000e+00
   2.6700000e+00   6.9501664e-01   1.0000000e+00
   2.6900000e+00   6.9394789e-01   1.0000000e+00
   2.7100000e+00   6.9287914e-01   1.0000000e+00
   2.7300000e+00   6.9181038e-01   1.0000000e+00
   2.7500000e+00   6.9107619e-01   1.0000000e+00
   2.7700000e+00   6.9033296e-01   1.0000000e+00
   2.7900000e+00   6.8958068e-01   1.0000000e+00
   2.8100000e+00   6.8851193e-01   1.0000000e+00
   2.8300000e+00   6.8744317e-01   1.0000000e+00
   2.8500000e+00   6.8637442e-01   1.0000000e+00
   2.8700000e+00   6.8582461e-01   1.0000000e+00
   2.8900000e+00   6.8508138e-01   1.0000000e+00
   2.9100000e+00   6.8414472e-01   1.0000000e+00
   2.9300000e+00   6.8279035e-01   1.0000000e+00
   2.9500000e+00   6.8131160e-01   1.0000000e+00
   2.9700000e+00   6.7970847e-01   1.0000000e+00
   2.9900000e+00   6.7800076e-01   1.0000000e+00
   3.0100000e+00   6.7581097e-01   1.0000000e+00
   3.0300000e+00   6.7313908e-01   1.0000000e+00
   3.0500000e+00   6.7046720e-01   1.0000000e+00
   3.0700000e+00   6.6779531e-01   1.0000000e+00
   3.0900000e+00   6.6512342e-01   1.0000000e+00
   3.1100000e+00   6.6245154e-01   1.0000000e+00
   3.1300000e+00   6.5971965e-01   1.0000000e+00
   3.1500000e+00   6.5692776e-01   1.0000000e+00
   3.1700000e+00   6.5372818e-01   1.0000000e+00
   3.1900000e+00   6.5105964e-01   1.0000000e+00
   3.2100000e+00   6.4892213e-01   1.0000000e+00
   3.2300000e+00   6.4636357e-01   1.0000000e+00
   3.2500000e+00   6.4374834e-01   1.0000000e+00
   3.2700000e+00   6.4107646e-01   1.0000000e+00
   3.2900000e+00   6.3878002e-01   1.0000000e+00
   3.3100000e+00   6.3683024e-01   1.0000000e+00
   3.3300000e+00   6.3522711e-01   1.0000000e+00
   3.3500000e+00   6.3362398e-01   1.0000000e+00
   3.3700000e+00   6.3202084e-01   1.0000000e+00
   3.3900000e+00   6.3041771e-01   1.0000000e+00
   3.4100000e+00   6.2881458e-01   1.0000000e+00
   3.4300000e+00   6.2746689e-01   1.0000000e+00
   3.4500000e+00   6.2637465e-01   1.0000000e+00
