   6.0000000e-01   9.9989728e-01   0.0000000e+00
   6.2000000e-01   9.8881886e-01   0.0000000e+00
   6.4000000e-01   9.7626203e-01   0.0000000e+00
   6.6000000e-01   9.6222680e-01   0.0000000e+00
   6.8000000e-01   9.3924858e-01   0.0000000e+00
   7.0000000e-01   9.1740851e-01   0.0000000e+00
   7.2000000e-01   8.9670659e-01   0.0000000e+00
   7.4000000e-01   8.7707744e-01   0.0000000e+00
   7.6000000e-01   8.5853180e-01   0.0000000e+00
   7.8000000e-01   8.4106965e-01   0.0000000e+00
   8.0000000e-01   8.2579130e-01   0.0000000e+00
   8.2000000e-01   8.0986928e-01   0.0000000e+00
   8.4000000e-01   7.9330360e-01   0.0000000e+00
   8.6000000e-01   7.7935279e-01   0.0000000e+00
   8.8000000e-01   7.6543048e-01   0.0000000e+00
   9.0000000e-01   7.5153668e-01   0.0000000e+00
   9.2000000e-01   7.4053934e-01   0.0000000e+00
   9.4000000e-01   7.3076565e-01   0.0000000e+00
   9.6000000e-01   7.2221562e-01   0.0000000e+00
   9.8000000e-01   7.1377822e-01   0.0000000e+00
   1.0000000e+00   7.0581889e-01   0.0000000e+00
   1.0200000e+00   6.9833761e-01   0.0000000e+00
   1.0400000e+00   6.9227842e-01   0.0000000e+00
   1.0600000e+00   6.8648843e-01   0.0000000e+00
   1.0800000e+00   6.8096765e-01   0.0000000e+00
   1.1000000e+00   6.7586458e-01   0.0000000e+00
   1.1200000e+00   6.7084633e-01   0.0000000e+00
   1.1400000e+00   6.6591290e-01   0.0000000e+00
   1.1600000e+00   6.6058387e-01   0.0000000e+00
   1.1800000e+00   6.5578185e-01   0.0000000e+00
   1.2000000e+00   6.5150683e-01   0.0000000e+00
   1.2200000e+00   6.4765690e-01   0.0000000e+00
   1.2400000e+00   6.4339899e-01   0.0000000e+00
   1.2600000e+00   6.3873309e-01   0.0000000e+00
   1.2800000e+00   6.3396458e-01   0.0000000e+00
   1.3000000e+00   6.2974756e-01   0.0000000e+00
   1.3200000e+00   6.2608200e-01   0.0000000e+00
   1.3400000e+00   6.2287574e-01   0.0000000e+00
   1.3600000e+00   6.1745187e-01   0.0000000e+00
   1.3800000e+00   6.0981039e-01   0.0000000e+00
   1.4000000e+00   6.0517997e-01   0.0000000e+00
   1.4200000e+00   6.0048321e-01   0.0000000e+00
   1.4400000e+00   5.9572011e-01   0.0000000e+00
   1.4600000e+00   5.8959321e-01   0.0000000e+00
   1.4800000e+00   5.8383172e-01   0.0000000e+00
   1.5000000e+00   5.7843566e-01   0.0000000e+00
   1.5200000e+00   5.7202314e-01   0.0000000e+00
   1.5400000e+00   5.6694218e-01   0.0000000e+00
   1.5600000e+00   5.6319280e-01   0.0000000e+00
   1.5800000e+00   5.6096811e-01   0.0000000e+00
   1.6000000e+00   5.5894894e-01   0.0000000e+00
   1.6200000e+00   5.5713528e-01   0.0000000e+00
   1.6400000e+00   5.5499777e-01   0.0000000e+00
   1.6600000e+00   5.5286026e-01   0.0000000e+00
   1.6800000e+00   5.5072275e-01   0.0000000e+00
   1.7000000e+00   5.4909682e-01   0.0000000e+00
   1.7200000e+00   5.4748229e-01   0.0000000e+00
   1.7400000e+00   5.4587915e-01   0.0000000e+00
   1.7600000e+00   5.4455427e-01   0.0000000e+00
   1.7800000e+00   5.4335745e-01   0.0000000e+00
   1.8000000e+00   5.4228870e-01   0.0000000e+00
   1.8200000e+00   5.4121994e-01   0.0000000e+00
   1.8400000e+00   5.4015119e-01   0.0000000e+00
   1.8600000e+00   5.3908243e-01   0.0000000e+00
   1.8800000e+00   5.3801368e-01   0.0000000e+00
   1.9000000e+00   5.3694493e-01   0.0000000e+00
   1.9200000e+00   5.3587617e-01   0.0000000e+00
   1.9400000e+00   5.3457812e-01   0.0000000e+00
   1.9600000e+00   5.3318384e-01   0.0000000e+00
   1.9800000e+00   5.3169335e-01   0.0000000e+00
   2.0000000e+00   5.3062459e-01   0.0000000e+00
   2.0200000e+00   5.2929066e-01   0.0000000e+00
   2.0400000e+00   5.2769156e-01   0.0000000e+00
   2.0600000e+00   5.2567475e-01   0.0000000e+00
   2.0800000e+00   5.2374610e-01   0.0000000e+00
   2.1000000e+00   5.2190561e-01   0.0000000e+00
   2.1200000e+00   5.2030248e-01   0.0000000e+00
   2.1400000e+00   5.1869935e-01   0.0000000e+00
   2.1600000e+00   5.1709622e-01   0.0000000e+00
   2.1800000e+00   5.1549308e-01   0.0000000e+00
   2.2000000e+00   5.1413065e-01   0.0000000e+00
   2.2200000e+00   5.1300892e-01   0.0000000e+00
   2.2400000e+00   5.1121070e-01   0.0000000e+00
   2.2600000e+00   5.0949090e-01   0.0000000e+00
   2.2800000e+00   5.0784953e-01   0.0000000e+00
   2.3000000e+00   5.0651797e-01   0.0000000e+00
   2.3200000e+00   5.0479817e-01   0.0000000e+00
   2.3400000e+00   5.0269015e-01   0.0000000e+00
   2.3600000e+00   5.0162139e-01   0.0000000e+00
   2.3800000e+00   5.0055264e-01   0.0000000e+00
   2.4000000e+00   4.9948389e-01   0.0000000e+00
   2.4200000e+00   4.9778355e-01   0.0000000e+00
   2.4400000e+00   4.9596419e-01   0.0000000e+00
   2.4600000e+00   4.9402581e-01   0.0000000e+00
   2.4800000e+00   4.9258760e-01   0.0000000e+00
   2.5000000e+00   4.9160131e-01   0.0000000e+00
   2.5200000e+00   4.9106693e-01   0.0000000e+00
   2.5400000e+00   4.8903203e-01   0.0000000e+00
   2.5600000e+00   4.8752109e-01   0.0000000e+00
   2.5800000e+00   4.8653411e-01   0.0000000e+00
   2.6000000e+00   4.8573289e-01   0.0000000e+00
   2.6200000e+00   4.8479790e-01   0.0000000e+00
   2.6400000e+00   4.8372915e-01   0.0000000e+00
   2.6600000e+00   4.8269391e-01   0.0000000e+00
   2.6800000e+00   4.8190910e-01   0.0000000e+00
   2.7000000e+00   4.8137473e-01   0.0000000e+00
   2.7200000e+00   4.8084035e-01   0.0000000e+00
   2.7400000e+00   4.8013869e-01   0.0000000e+00
   2.7600000e+00   4.7926975e-01   0.0000000e+00
   2.7800000e+00   4.7820100e-01   0.0000000e+00
   2.8000000e+00   4.7718286e-01   0.0000000e+00
   2.8200000e+00   4.7621534e-01   0.0000000e+00
   2.8400000e+00   4.7568096e-01   0.0000000e+00
   2.8600000e+00   4.7514658e-01   0.0000000e+00
   2.8800000e+00   4.7461221e-01   0.0000000e+00
   2.9000000e+00   4.7367555e-01   0.0000000e+00
   2.9200000e+00   4.7281565e-01   0.0000000e+00
   2.9400000e+00   4.7203251e-01   0.0000000e+00
   2.9600000e+00   4.7099128e-01   0.0000000e+00
   2.9800000e+00   4.6948034e-01   0.0000000e+00
   3.0000000e+00   4.6749969e-01   0.0000000e+00
   3.0200000e+00   4.6696532e-01   0.0000000e+00
   3.0400000e+00   4.6596094e-01   0.0000000e+00
   3.0600000e+00   4.6448656e-01   0.0000000e+00
   3.0800000e+00   4.6323677e-01   0.0000000e+00
   3.1000000e+00   4.6207749e-01   0.0000000e+00
   3.1200000e+00   4.6100874e-01   0.0000000e+00
   3.1400000e+00   4.6005999e-01   0.0000000e+00
   3.1600000e+00   4.5931676e-01   0.0000000e+00
   3.1800000e+00   4.5877904e-01   0.0000000e+00
   3.2000000e+00   4.5771028e-01   0.0000000e+00
   3.2200000e+00   4.5664153e-01   0.0000000e+00
   3.2400000e+00   4.5557278e-01   0.0000000e+00
   3.2600000e+00   4.5511280e-01   0.0000000e+00
   3.2800000e+00   4.5469509e-01   0.0000000e+00
   3.3000000e+00   4.5431964e-01   0.0000000e+00
   3.3200000e+00   4.5332195e-01   0.0000000e+00
   3.3400000e+00   4.5255591e-01   0.0000000e+00
   3.3600000e+00   4.5202153e-01   0.0000000e+00
   3.3800000e+00   4.5099838e-01   0.0000000e+00
   3.4000000e+00   4.5013849e-01   0.0000000e+00
   3.4200000e+00   4.4944184e-01   0.0000000e+00
   3.4400000e+00   4.4890746e-01   0.0000000e+00
   3.4600000e+00   4.4837308e-01   0.0000000e+00
   3.4800000e+00   4.4783871e-01   0.0000000e+00
   3.5000000e+00   4.4728222e-01   0.0000000e+00
   3.5200000e+00   4.4646959e-01   0.0000000e+00
   3.5400000e+00   4.4540084e-01   0.0000000e+00
   3.5600000e+00   4.4521174e-01   0.0000000e+00
   3.5800000e+00   4.4511719e-01   0.0000000e+00
   3.6000000e+00   4.4511719e-01   0.0000000e+00
   3.6200000e+00   4.4470419e-01   0.0000000e+00
   3.6400000e+00   4.4409807e-01   0.0000000e+00
   3.6600000e+00   4.4329881e-01   0.0000000e+00
   3.6800000e+00   4.4383319e-01   0.0000000e+00
   3.7000000e+00   4.4360625e-01   0.0000000e+00
   3.7200000e+00   4.4261799e-01   0.0000000e+00
   3.7400000e+00   4.4272188e-01   0.0000000e+00
   3.7600000e+00   4.4290390e-01   0.0000000e+00
   3.7800000e+00   4.4316406e-01   0.0000000e+00
   2.2200000e+00   8.0258034e-01   1.0000000e+00
   2.2400000e+00   8.0044284e-01   1.0000000e+00
   2.2600000e+00   7.9830533e-01   1.0000000e+00
   2.2800000e+00   7.9616782e-01   1.0000000e+00
   2.3000000e+00   7.9403031e-01   1.0000000e+00
   2.3200000e+00   7.9187806e-01   1.0000000e+00
   2.3400000e+00   7.8971107e-01   1.0000000e+00
   2.3600000e+00   7.8650481e-01   1.0000000e+00
   2.3800000e+00   7.8351477e-01   1.0000000e+00
   2.4000000e+00   7.8074096e-01   1.0000000e+00
   2.4200000e+00   7.7806908e-01   1.0000000e+00
   2.4400000e+00   7.7549676e-01   1.0000000e+00
   2.4600000e+00   7.7302400e-01   1.0000000e+00
   2.4800000e+00   7.7088649e-01   1.0000000e+00
   2.5000000e+00   7.6874898e-01   1.0000000e+00
   2.5200000e+00   7.6661147e-01   1.0000000e+00
   2.5400000e+00   7.6547431e-01   1.0000000e+00
   2.5600000e+00   7.6456311e-01   1.0000000e+00
   2.5800000e+00   7.6387786e-01   1.0000000e+00
   2.6000000e+00   7.6307664e-01   1.0000000e+00
   2.6200000e+00   7.6221674e-01   1.0000000e+00
   2.6400000e+00   7.6129817e-01   1.0000000e+00
   2.6600000e+00   7.6073028e-01   1.0000000e+00
   2.6800000e+00   7.5991195e-01   1.0000000e+00
   2.7000000e+00   7.5884320e-01   1.0000000e+00
   2.7200000e+00   7.5867690e-01   1.0000000e+00
   2.7400000e+00   7.5825919e-01   1.0000000e+00
   2.7600000e+00   7.5759006e-01   1.0000000e+00
   2.7800000e+00   7.5652131e-01   1.0000000e+00
   2.8000000e+00   7.5545255e-01   1.0000000e+00
   2.8200000e+00   7.5438380e-01   1.0000000e+00
   2.8400000e+00   7.5331505e-01   1.0000000e+00
   2.8600000e+00   7.5224629e-01   1.0000000e+00
   2.8800000e+00   7.5117754e-01   1.0000000e+00
   2.9000000e+00   7.5010878e-01   1.0000000e+00
   2.9200000e+00   7.4904003e-01   1.0000000e+00
   2.9400000e+00   7.4797128e-01   1.0000000e+00
