   6.0000000e-01   9.7329480e-01   0.0000000e+00
   6.2000000e-01   9.5373809e-01   0.0000000e+00
   6.4000000e-01   9.3217027e-01   0.0000000e+00
   6.6000000e-01   9.0859134e-01   0.0000000e+00
   6.8000000e-01   8.7706310e-01   0.0000000e+00
   7.0000000e-01   8.5031505e-01   0.0000000e+00
   7.2000000e-01   8.2834721e-01   0.0000000e+00
   7.4000000e-01   8.0939525e-01   0.0000000e+00
   7.6000000e-01   7.9227740e-01   0.0000000e+00
   7.8000000e-01   7.7699364e-01   0.0000000e+00
   8.0000000e-01   7.6535067e-01   0.0000000e+00
   8.2000000e-01   7.5284947e-01   0.0000000e+00
   8.4000000e-01   7.3949005e-01   0.0000000e+00
   8.6000000e-01   7.2874550e-01   0.0000000e+00
   8.8000000e-01   7.1863892e-01   0.0000000e+00
   9.0000000e-01   7.0917032e-01   0.0000000e+00
   9.2000000e-01   7.0153414e-01   0.0000000e+00
   9.4000000e-01   6.9442330e-01   0.0000000e+00
   9.6000000e-01   6.8783779e-01   0.0000000e+00
   9.8000000e-01   6.8089089e-01   0.0000000e+00
   1.0000000e+00   6.7394399e-01   0.0000000e+00
   1.0200000e+00   6.6699709e-01   0.0000000e+00
   1.0400000e+00   6.6052421e-01   0.0000000e+00
   1.0600000e+00   6.5443888e-01   0.0000000e+00
   1.0800000e+00   6.4874109e-01   0.0000000e+00
   1.1000000e+00   6.4315662e-01   0.0000000e+00
   1.1200000e+00   6.3754934e-01   0.0000000e+00
   1.1400000e+00   6.3191927e-01   0.0000000e+00
   1.1600000e+00   6.2710987e-01   0.0000000e+00
   1.1800000e+00   6.2230048e-01   0.0000000e+00
   1.2000000e+00   6.1749109e-01   0.0000000e+00
   1.2200000e+00   6.1268169e-01   0.0000000e+00
   1.2400000e+00   6.0818072e-01   0.0000000e+00
   1.2600000e+00   6.0398816e-01   0.0000000e+00
   1.2800000e+00   6.0024752e-01   0.0000000e+00
   1.3000000e+00   5.9650689e-01   0.0000000e+00
   1.3200000e+00   5.9276625e-01   0.0000000e+00
   1.3400000e+00   5.8902561e-01   0.0000000e+00
   1.3600000e+00   5.8577777e-01   0.0000000e+00
   1.3800000e+00   5.8302273e-01   0.0000000e+00
   1.4000000e+00   5.8035085e-01   0.0000000e+00
   1.4200000e+00   5.7780870e-01   0.0000000e+00
   1.4400000e+00   5.7539629e-01   0.0000000e+00
   1.4600000e+00   5.7311597e-01   0.0000000e+00
   1.4800000e+00   5.7065294e-01   0.0000000e+00
   1.5000000e+00   5.6800720e-01   0.0000000e+00
   1.5200000e+00   5.6586969e-01   0.0000000e+00
   1.5400000e+00   5.6417604e-01   0.0000000e+00
   1.5600000e+00   5.6292624e-01   0.0000000e+00
   1.5800000e+00   5.6120311e-01   0.0000000e+00
   1.6000000e+00   5.5927279e-01   0.0000000e+00
   1.6200000e+00   5.5713528e-01   0.0000000e+00
   1.6400000e+00   5.5499777e-01   0.0000000e+00
   1.6600000e+00   5.5286026e-01   0.0000000e+00
   1.6800000e+00   5.5072275e-01   0.0000000e+00
   1.7000000e+00   5.4858524e-01   0.0000000e+00
   1.7200000e+00   5.4644774e-01   0.0000000e+00
   1.7400000e+00   5.4431023e-01   0.0000000e+00
   1.7600000e+00   5.4217272e-01   0.0000000e+00
   1.7800000e+00   5.4003521e-01   0.0000000e+00
   1.8000000e+00   5.3789770e-01   0.0000000e+00
   1.8200000e+00   5.3576020e-01   0.0000000e+00
   1.8400000e+00   5.3362269e-01   0.0000000e+00
   1.8600000e+00   5.3148518e-01   0.0000000e+00
   1.8800000e+00   5.3027293e-01   0.0000000e+00
   1.9000000e+00   5.2878646e-01   0.0000000e+00
   1.9200000e+00   5.2702578e-01   0.0000000e+00
   1.9400000e+00   5.2511757e-01   0.0000000e+00
   1.9600000e+00   5.2336190e-01   0.0000000e+00
   1.9800000e+00   5.2175877e-01   0.0000000e+00
   2.0000000e+00   5.2015564e-01   0.0000000e+00
   2.0200000e+00   5.1855251e-01   0.0000000e+00
   2.0400000e+00   5.1694938e-01   0.0000000e+00
   2.0600000e+00   5.1575993e-01   0.0000000e+00
   2.0800000e+00   5.1433381e-01   0.0000000e+00
   2.1000000e+00   5.1267102e-01   0.0000000e+00
   2.1200000e+00   5.1089422e-01   0.0000000e+00
   2.1400000e+00   5.0943959e-01   0.0000000e+00
   2.1600000e+00   5.0830715e-01   0.0000000e+00
   2.1800000e+00   5.0670402e-01   0.0000000e+00
   2.2000000e+00   5.0510089e-01   0.0000000e+00
   2.2200000e+00   5.0349776e-01   0.0000000e+00
   2.2400000e+00   5.0189463e-01   0.0000000e+00
   2.2600000e+00   5.0029150e-01   0.0000000e+00
   2.2800000e+00   4.9868836e-01   0.0000000e+00
   2.3000000e+00   4.9721664e-01   0.0000000e+00
   2.3200000e+00   4.9593166e-01   0.0000000e+00
   2.3400000e+00   4.9483342e-01   0.0000000e+00
   2.3600000e+00   4.9269591e-01   0.0000000e+00
   2.3800000e+00   4.9099086e-01   0.0000000e+00
   2.4000000e+00   4.8971826e-01   0.0000000e+00
   2.4200000e+00   4.8864951e-01   0.0000000e+00
   2.4400000e+00   4.8758075e-01   0.0000000e+00
   2.4600000e+00   4.8651200e-01   0.0000000e+00
   2.4800000e+00   4.8536078e-01   0.0000000e+00
   2.5000000e+00   4.8398361e-01   0.0000000e+00
   2.5200000e+00   4.8238048e-01   0.0000000e+00
   2.5400000e+00   4.8127752e-01   0.0000000e+00
   2.5600000e+00   4.8038342e-01   0.0000000e+00
   2.5800000e+00   4.7969818e-01   0.0000000e+00
   2.6000000e+00   4.7863011e-01   0.0000000e+00
   2.6200000e+00   4.7736960e-01   0.0000000e+00
   2.6400000e+00   4.7591665e-01   0.0000000e+00
   2.6600000e+00   4.7481438e-01   0.0000000e+00
   2.6800000e+00   4.7346168e-01   0.0000000e+00
   2.7000000e+00   4.7185855e-01   0.0000000e+00
   2.7200000e+00   4.7115787e-01   0.0000000e+00
   2.7400000e+00   4.7020578e-01   0.0000000e+00
   2.7600000e+00   4.6900228e-01   0.0000000e+00
   2.7800000e+00   4.6761705e-01   0.0000000e+00
   2.8000000e+00   4.6633944e-01   0.0000000e+00
   2.8200000e+00   4.6516945e-01   0.0000000e+00
   2.8400000e+00   4.6356632e-01   0.0000000e+00
   2.8600000e+00   4.6196319e-01   0.0000000e+00
   2.8800000e+00   4.6036006e-01   0.0000000e+00
   2.9000000e+00   4.5875693e-01   0.0000000e+00
   2.9200000e+00   4.5729660e-01   0.0000000e+00
   2.9400000e+00   4.5597909e-01   0.0000000e+00
   2.9600000e+00   4.5474138e-01   0.0000000e+00
   2.9800000e+00   4.5334711e-01   0.0000000e+00
   3.0000000e+00   4.5179626e-01   0.0000000e+00
   3.0200000e+00   4.5072751e-01   0.0000000e+00
   3.0400000e+00   4.4965875e-01   0.0000000e+00
   3.0600000e+00   4.4859000e-01   0.0000000e+00
   3.0800000e+00   4.4752125e-01   0.0000000e+00
   3.1000000e+00   4.4645249e-01   0.0000000e+00
   3.1200000e+00   4.4538374e-01   0.0000000e+00
   3.1400000e+00   4.4443499e-01   0.0000000e+00
   3.1600000e+00   4.4369176e-01   0.0000000e+00
   3.1800000e+00   4.4315404e-01   0.0000000e+00
   3.2000000e+00   4.4208528e-01   0.0000000e+00
   3.2200000e+00   4.4080600e-01   0.0000000e+00
   3.2400000e+00   4.3931620e-01   0.0000000e+00
   3.2600000e+00   4.3832184e-01   0.0000000e+00
   3.2800000e+00   4.3774520e-01   0.0000000e+00
   3.3000000e+00   4.3758627e-01   0.0000000e+00
