   6.0000000e-01   9.6792016e-01   0.0000000e+00
   6.2000000e-01   9.5172393e-01   0.0000000e+00
   6.4000000e-01   9.3381930e-01   0.0000000e+00
   6.6000000e-01   9.1420628e-01   0.0000000e+00
   6.8000000e-01   8.8962494e-01   0.0000000e+00
   7.0000000e-01   8.6481596e-01   0.0000000e+00
   7.2000000e-01   8.3977936e-01   0.0000000e+00
   7.4000000e-01   8.1737238e-01   0.0000000e+00
   7.6000000e-01   7.9719107e-01   0.0000000e+00
   7.8000000e-01   7.7923543e-01   0.0000000e+00
   8.0000000e-01   7.6513110e-01   0.0000000e+00
   8.2000000e-01   7.5059766e-01   0.0000000e+00
   8.4000000e-01   7.3563510e-01   0.0000000e+00
   8.6000000e-01   7.2433338e-01   0.0000000e+00
   8.8000000e-01   7.1347787e-01   0.0000000e+00
   9.0000000e-01   7.0306857e-01   0.0000000e+00
   9.2000000e-01   6.9523258e-01   0.0000000e+00
   9.4000000e-01   6.8837551e-01   0.0000000e+00
   9.6000000e-01   6.8249736e-01   0.0000000e+00
   9.8000000e-01   6.7667553e-01   0.0000000e+00
   1.0000000e+00   6.7109273e-01   0.0000000e+00
   1.0200000e+00   6.6574896e-01   0.0000000e+00
   1.0400000e+00   6.6135325e-01   0.0000000e+00
   1.0600000e+00   6.5719657e-01   0.0000000e+00
   1.0800000e+00   6.5327892e-01   0.0000000e+00
   1.1000000e+00   6.4953828e-01   0.0000000e+00
   1.1200000e+00   6.4573562e-01   0.0000000e+00
   1.1400000e+00   6.4187094e-01   0.0000000e+00
   1.1600000e+00   6.3760330e-01   0.0000000e+00
   1.1800000e+00   6.3359916e-01   0.0000000e+00
   1.2000000e+00   6.2985852e-01   0.0000000e+00
   1.2200000e+00   6.2654296e-01   0.0000000e+00
   1.2400000e+00   6.2312784e-01   0.0000000e+00
   1.2600000e+00   6.1961316e-01   0.0000000e+00
   1.2800000e+00   6.1568077e-01   0.0000000e+00
   1.3000000e+00   6.1165215e-01   0.0000000e+00
   1.3200000e+00   6.0752732e-01   0.0000000e+00
   1.3400000e+00   6.0432106e-01   0.0000000e+00
   1.3600000e+00   6.0062199e-01   0.0000000e+00
   1.3800000e+00   5.9643012e-01   0.0000000e+00
   1.4000000e+00   5.9290738e-01   0.0000000e+00
   1.4200000e+00   5.8941315e-01   0.0000000e+00
   1.4400000e+00   5.8594741e-01   0.0000000e+00
   1.4600000e+00   5.8206396e-01   0.0000000e+00
   1.4800000e+00   5.7802395e-01   0.0000000e+00
   1.5000000e+00   5.7382736e-01   0.0000000e+00
   1.5200000e+00   5.7115548e-01   0.0000000e+00
   1.5400000e+00   5.6848359e-01   0.0000000e+00
   1.5600000e+00   5.6581170e-01   0.0000000e+00
   1.5800000e+00   5.6281263e-01   0.0000000e+00
   1.6000000e+00   5.5992049e-01   0.0000000e+00
   1.6200000e+00   5.5713528e-01   0.0000000e+00
   1.6400000e+00   5.5499777e-01   0.0000000e+00
   1.6600000e+00   5.5286026e-01   0.0000000e+00
   1.6800000e+00   5.5072275e-01   0.0000000e+00
   1.7000000e+00   5.4858524e-01   0.0000000e+00
   1.7200000e+00   5.4664519e-01   0.0000000e+00
   1.7400000e+00   5.4490259e-01   0.0000000e+00
   1.7600000e+00   5.4302122e-01   0.0000000e+00
   1.7800000e+00   5.4117335e-01   0.0000000e+00
   1.8000000e+00   5.3935901e-01   0.0000000e+00
   1.8200000e+00   5.3820042e-01   0.0000000e+00
   1.8400000e+00   5.3655238e-01   0.0000000e+00
   1.8600000e+00   5.3441487e-01   0.0000000e+00
   1.8800000e+00   5.3320262e-01   0.0000000e+00
   1.9000000e+00   5.3188913e-01   0.0000000e+00
   1.9200000e+00   5.3047441e-01   0.0000000e+00
   1.9400000e+00   5.2887128e-01   0.0000000e+00
   1.9600000e+00   5.2726815e-01   0.0000000e+00
   1.9800000e+00   5.2566502e-01   0.0000000e+00
   2.0000000e+00   5.2406189e-01   0.0000000e+00
   2.0200000e+00   5.2245876e-01   0.0000000e+00
   2.0400000e+00   5.2085563e-01   0.0000000e+00
   2.0600000e+00   5.1883881e-01   0.0000000e+00
   2.0800000e+00   5.1691016e-01   0.0000000e+00
   2.1000000e+00   5.1506967e-01   0.0000000e+00
   2.1200000e+00   5.1346654e-01   0.0000000e+00
   2.1400000e+00   5.1183156e-01   0.0000000e+00
   2.1600000e+00   5.1016474e-01   0.0000000e+00
   2.1800000e+00   5.0802724e-01   0.0000000e+00
   2.2000000e+00   5.0564903e-01   0.0000000e+00
   2.2200000e+00   5.0303012e-01   0.0000000e+00
   2.2400000e+00   5.0072297e-01   0.0000000e+00
   2.2600000e+00   4.9850064e-01   0.0000000e+00
   2.2800000e+00   4.9636313e-01   0.0000000e+00
   2.3000000e+00   4.9422563e-01   0.0000000e+00
   2.3200000e+00   4.9209549e-01   0.0000000e+00
   2.3400000e+00   4.8997272e-01   0.0000000e+00
   2.3600000e+00   4.8836959e-01   0.0000000e+00
   2.3800000e+00   4.8676646e-01   0.0000000e+00
   2.4000000e+00   4.8516333e-01   0.0000000e+00
   2.4200000e+00   4.8356020e-01   0.0000000e+00
   2.4400000e+00   4.8195707e-01   0.0000000e+00
   2.4600000e+00   4.8035393e-01   0.0000000e+00
   2.4800000e+00   4.7875080e-01   0.0000000e+00
   2.5000000e+00   4.7714767e-01   0.0000000e+00
   2.5200000e+00   4.7554454e-01   0.0000000e+00
   2.5400000e+00   4.7444158e-01   0.0000000e+00
   2.5600000e+00   4.7335573e-01   0.0000000e+00
   2.5800000e+00   4.7228697e-01   0.0000000e+00
   2.6000000e+00   4.7068453e-01   0.0000000e+00
   2.6200000e+00   4.6896474e-01   0.0000000e+00
   2.6400000e+00   4.6712759e-01   0.0000000e+00
   2.6600000e+00   4.6605883e-01   0.0000000e+00
   2.6800000e+00   4.6499008e-01   0.0000000e+00
   2.7000000e+00   4.6392133e-01   0.0000000e+00
   2.7200000e+00   4.6240134e-01   0.0000000e+00
   2.7400000e+00   4.6117435e-01   0.0000000e+00
   2.7600000e+00   4.6024034e-01   0.0000000e+00
   2.7800000e+00   4.5905227e-01   0.0000000e+00
   2.8000000e+00   4.5754133e-01   0.0000000e+00
   2.8200000e+00   4.5570753e-01   0.0000000e+00
   2.8400000e+00   4.5517315e-01   0.0000000e+00
   2.8600000e+00   4.5437930e-01   0.0000000e+00
   2.8800000e+00   4.5332598e-01   0.0000000e+00
   2.9000000e+00   4.5225722e-01   0.0000000e+00
   2.9200000e+00   4.5118847e-01   0.0000000e+00
   2.9400000e+00   4.5011971e-01   0.0000000e+00
   2.9600000e+00   4.4921991e-01   0.0000000e+00
   2.9800000e+00   4.4847668e-01   0.0000000e+00
   3.0000000e+00   4.4789001e-01   0.0000000e+00
   3.0200000e+00   4.4682126e-01   0.0000000e+00
   3.0400000e+00   4.4575250e-01   0.0000000e+00
   3.0600000e+00   4.4468375e-01   0.0000000e+00
   3.0800000e+00   4.4361500e-01   0.0000000e+00
   3.1000000e+00   4.4266458e-01   0.0000000e+00
   3.1200000e+00   4.4183249e-01   0.0000000e+00
   3.1400000e+00   4.4117811e-01   0.0000000e+00
   3.1600000e+00   4.4031654e-01   0.0000000e+00
   3.1800000e+00   4.3924779e-01   0.0000000e+00
   3.2000000e+00   4.3817903e-01   0.0000000e+00
   3.2200000e+00   4.3753133e-01   0.0000000e+00
   3.2400000e+00   4.3730469e-01   0.0000000e+00
   3.2600000e+00   4.3760908e-01   0.0000000e+00
   3.2800000e+00   4.3802846e-01   0.0000000e+00
   3.3000000e+00   4.3856284e-01   0.0000000e+00
   2.0000000e+00   7.9527303e-01   1.0000000e+00
   2.0200000e+00   7.9393910e-01   1.0000000e+00
   2.0400000e+00   7.9234000e-01   1.0000000e+00
   2.0600000e+00   7.9073687e-01   1.0000000e+00
   2.0800000e+00   7.8883672e-01   1.0000000e+00
   2.1000000e+00   7.8663955e-01   1.0000000e+00
   2.1200000e+00   7.8378732e-01   1.0000000e+00
   2.1400000e+00   7.8082175e-01   1.0000000e+00
   2.1600000e+00   7.7774287e-01   1.0000000e+00
   2.1800000e+00   7.7560536e-01   1.0000000e+00
   2.2000000e+00   7.7394925e-01   1.0000000e+00
   2.2200000e+00   7.7277455e-01   1.0000000e+00
   2.2400000e+00   7.7134106e-01   1.0000000e+00
   2.2600000e+00   7.6969871e-01   1.0000000e+00
   2.2800000e+00   7.6784751e-01   1.0000000e+00
   2.3000000e+00   7.6597281e-01   1.0000000e+00
   2.3200000e+00   7.6448635e-01   1.0000000e+00
   2.3400000e+00   7.6338811e-01   1.0000000e+00
   2.3600000e+00   7.6125060e-01   1.0000000e+00
   2.3800000e+00   7.5889686e-01   1.0000000e+00
   2.4000000e+00   7.5632690e-01   1.0000000e+00
   2.4200000e+00   7.5397081e-01   1.0000000e+00
   2.4400000e+00   7.5172401e-01   1.0000000e+00
   2.4600000e+00   7.4958650e-01   1.0000000e+00
   2.4800000e+00   7.4744899e-01   1.0000000e+00
   2.5000000e+00   7.4531148e-01   1.0000000e+00
   2.5200000e+00   7.4317397e-01   1.0000000e+00
   2.5400000e+00   7.4053629e-01   1.0000000e+00
   2.5600000e+00   7.3845677e-01   1.0000000e+00
   2.5800000e+00   7.3693541e-01   1.0000000e+00
   2.6000000e+00   7.3559981e-01   1.0000000e+00
   2.6200000e+00   7.3420554e-01   1.0000000e+00
   2.6400000e+00   7.3275259e-01   1.0000000e+00
   2.6600000e+00   7.3168383e-01   1.0000000e+00
   2.6800000e+00   7.3061508e-01   1.0000000e+00
   2.7000000e+00   7.2954633e-01   1.0000000e+00
   2.7200000e+00   7.2847757e-01   1.0000000e+00
   2.7400000e+00   7.2707425e-01   1.0000000e+00
   2.7600000e+00   7.2533637e-01   1.0000000e+00
   2.7800000e+00   7.2319887e-01   1.0000000e+00
   2.8000000e+00   7.2106136e-01   1.0000000e+00
   2.8200000e+00   7.1892385e-01   1.0000000e+00
   2.8400000e+00   7.1678634e-01   1.0000000e+00
   2.8600000e+00   7.1464883e-01   1.0000000e+00
   2.8800000e+00   7.1251133e-01   1.0000000e+00
   2.9000000e+00   7.0997154e-01   1.0000000e+00
   2.9200000e+00   7.0765132e-01   1.0000000e+00
   2.9400000e+00   7.0555066e-01   1.0000000e+00
   2.9600000e+00   7.0394753e-01   1.0000000e+00
   2.9800000e+00   7.0237055e-01   1.0000000e+00
   3.0000000e+00   7.0081970e-01   1.0000000e+00
   3.0200000e+00   6.9975095e-01   1.0000000e+00
   3.0400000e+00   6.9868219e-01   1.0000000e+00
   3.0600000e+00   6.9761344e-01   1.0000000e+00
   3.0800000e+00   6.9654468e-01   1.0000000e+00
   3.1000000e+00   6.9559427e-01   1.0000000e+00
   3.1200000e+00   6.9476218e-01   1.0000000e+00
   3.1400000e+00   6.9398779e-01   1.0000000e+00
   3.1600000e+00   6.9279402e-01   1.0000000e+00
   3.1800000e+00   6.9118087e-01   1.0000000e+00
   3.2000000e+00   6.8797461e-01   1.0000000e+00
   3.2200000e+00   6.8518940e-01   1.0000000e+00
   3.2400000e+00   6.8282524e-01   1.0000000e+00
   3.2600000e+00   6.7977457e-01   1.0000000e+00
   3.2800000e+00   6.7666050e-01   1.0000000e+00
   3.3000000e+00   6.7348303e-01   1.0000000e+00
   3.3200000e+00   6.7141658e-01   1.0000000e+00
   3.3400000e+00   6.6958179e-01   1.0000000e+00
   3.3600000e+00   6.6797866e-01   1.0000000e+00
