   6.0000000e-01   9.6800567e-01   0.0000000e+00
   6.2000000e-01   9.4822301e-01   0.0000000e+00
   6.4000000e-01   9.2709099e-01   0.0000000e+00
   6.6000000e-01   9.0460961e-01   0.0000000e+00
   6.8000000e-01   8.8163139e-01   0.0000000e+00
   7.0000000e-01   8.5865318e-01   0.0000000e+00
   7.2000000e-01   8.3567497e-01   0.0000000e+00
   7.4000000e-01   8.1608268e-01   0.0000000e+00
   7.6000000e-01   7.9846799e-01   0.0000000e+00
   7.8000000e-01   7.8283090e-01   0.0000000e+00
   8.0000000e-01   7.7011112e-01   0.0000000e+00
   8.2000000e-01   7.5760589e-01   0.0000000e+00
   8.4000000e-01   7.4531522e-01   0.0000000e+00
   8.6000000e-01   7.3511645e-01   0.0000000e+00
   8.8000000e-01   7.2575311e-01   0.0000000e+00
   9.0000000e-01   7.1722519e-01   0.0000000e+00
   9.2000000e-01   7.0949918e-01   0.0000000e+00
   9.4000000e-01   7.0224150e-01   0.0000000e+00
   9.6000000e-01   6.9545215e-01   0.0000000e+00
   9.8000000e-01   6.9010838e-01   0.0000000e+00
   1.0000000e+00   6.8476461e-01   0.0000000e+00
   1.0200000e+00   6.7942084e-01   0.0000000e+00
   1.0400000e+00   6.7407706e-01   0.0000000e+00
   1.0600000e+00   6.6891198e-01   0.0000000e+00
   1.0800000e+00   6.6392557e-01   0.0000000e+00
   1.1000000e+00   6.5935688e-01   0.0000000e+00
   1.1200000e+00   6.5493502e-01   0.0000000e+00
   1.1400000e+00   6.5066001e-01   0.0000000e+00
   1.1600000e+00   6.4637762e-01   0.0000000e+00
   1.1800000e+00   6.4183173e-01   0.0000000e+00
   1.2000000e+00   6.3702234e-01   0.0000000e+00
   1.2200000e+00   6.3306311e-01   0.0000000e+00
   1.2400000e+00   6.2905897e-01   0.0000000e+00
   1.2600000e+00   6.2500991e-01   0.0000000e+00
   1.2800000e+00   6.2073489e-01   0.0000000e+00
   1.3000000e+00   6.1645988e-01   0.0000000e+00
   1.3200000e+00   6.1218486e-01   0.0000000e+00
   1.3400000e+00   6.0790985e-01   0.0000000e+00
   1.3600000e+00   6.0388123e-01   0.0000000e+00
   1.3800000e+00   6.0009901e-01   0.0000000e+00
   1.4000000e+00   5.9635838e-01   0.0000000e+00
   1.4200000e+00   5.9261774e-01   0.0000000e+00
   1.4400000e+00   5.8887710e-01   0.0000000e+00
   1.4600000e+00   5.8542207e-01   0.0000000e+00
   1.4800000e+00   5.8234555e-01   0.0000000e+00
   1.5000000e+00   5.7964752e-01   0.0000000e+00
   1.5200000e+00   5.7644126e-01   0.0000000e+00
   1.5400000e+00   5.7345692e-01   0.0000000e+00
   1.5600000e+00   5.7069452e-01   0.0000000e+00
   1.5800000e+00   5.6834982e-01   0.0000000e+00
   1.6000000e+00   5.6610872e-01   0.0000000e+00
   1.6200000e+00   5.6397122e-01   0.0000000e+00
   1.6400000e+00   5.6173984e-01   0.0000000e+00
   1.6600000e+00   5.5928822e-01   0.0000000e+00
   1.6800000e+00   5.5661633e-01   0.0000000e+00
   1.7000000e+00   5.5394445e-01   0.0000000e+00
   1.7200000e+00   5.5147002e-01   0.0000000e+00
   1.7400000e+00   5.4919304e-01   0.0000000e+00
   1.7600000e+00   5.4733378e-01   0.0000000e+00
   1.7800000e+00   5.4552179e-01   0.0000000e+00
   1.8000000e+00   5.4375708e-01   0.0000000e+00
   1.8200000e+00   5.4166449e-01   0.0000000e+00
   1.8400000e+00   5.3981662e-01   0.0000000e+00
   1.8600000e+00   5.3821349e-01   0.0000000e+00
   1.8800000e+00   5.3614773e-01   0.0000000e+00
   1.9000000e+00   5.3421908e-01   0.0000000e+00
   1.9200000e+00   5.3242754e-01   0.0000000e+00
   1.9400000e+00   5.3082441e-01   0.0000000e+00
   1.9600000e+00   5.2916496e-01   0.0000000e+00
   1.9800000e+00   5.2744919e-01   0.0000000e+00
   2.0000000e+00   5.2531169e-01   0.0000000e+00
   2.0200000e+00   5.2343935e-01   0.0000000e+00
   2.0400000e+00   5.2183219e-01   0.0000000e+00
   2.0600000e+00   5.1981538e-01   0.0000000e+00
   2.0800000e+00   5.1788672e-01   0.0000000e+00
   2.1000000e+00   5.1604623e-01   0.0000000e+00
   2.1200000e+00   5.1444310e-01   0.0000000e+00
   2.1400000e+00   5.1283997e-01   0.0000000e+00
   2.1600000e+00   5.1123684e-01   0.0000000e+00
   2.1800000e+00   5.0963371e-01   0.0000000e+00
   2.2000000e+00   5.0803058e-01   0.0000000e+00
   2.2200000e+00   5.0642745e-01   0.0000000e+00
   2.2400000e+00   5.0482432e-01   0.0000000e+00
   2.2600000e+00   5.0322118e-01   0.0000000e+00
   2.2800000e+00   5.0161805e-01   0.0000000e+00
   2.3000000e+00   5.0001492e-01   0.0000000e+00
   2.3200000e+00   4.9841916e-01   0.0000000e+00
   2.3400000e+00   4.9683077e-01   0.0000000e+00
   2.3600000e+00   4.9576202e-01   0.0000000e+00
   2.3800000e+00   4.9426081e-01   0.0000000e+00
   2.4000000e+00   4.9232715e-01   0.0000000e+00
   2.4200000e+00   4.9082122e-01   0.0000000e+00
   2.4400000e+00   4.8953388e-01   0.0000000e+00
   2.4600000e+00   4.8846512e-01   0.0000000e+00
   2.4800000e+00   4.8723145e-01   0.0000000e+00
   2.5000000e+00   4.8554586e-01   0.0000000e+00
   2.5200000e+00   4.8340835e-01   0.0000000e+00
   2.5400000e+00   4.8227119e-01   0.0000000e+00
   2.5600000e+00   4.8116823e-01   0.0000000e+00
   2.5800000e+00   4.8009947e-01   0.0000000e+00
   2.6000000e+00   4.7903072e-01   0.0000000e+00
   2.6200000e+00   4.7781179e-01   0.0000000e+00
   2.6400000e+00   4.7644267e-01   0.0000000e+00
   2.6600000e+00   4.7437220e-01   0.0000000e+00
   2.6800000e+00   4.7280258e-01   0.0000000e+00
   2.7000000e+00   4.7173383e-01   0.0000000e+00
   2.7200000e+00   4.7066507e-01   0.0000000e+00
   2.7400000e+00   4.6942903e-01   0.0000000e+00
   2.7600000e+00   4.6802572e-01   0.0000000e+00
   2.7800000e+00   4.6664049e-01   0.0000000e+00
   2.8000000e+00   4.6536288e-01   0.0000000e+00
   2.8200000e+00   4.6419289e-01   0.0000000e+00
   2.8400000e+00   4.6258976e-01   0.0000000e+00
   2.8600000e+00   4.6098663e-01   0.0000000e+00
   2.8800000e+00   4.5938349e-01   0.0000000e+00
   2.9000000e+00   4.5778036e-01   0.0000000e+00
   2.9200000e+00   4.5617723e-01   0.0000000e+00
   2.9400000e+00   4.5457410e-01   0.0000000e+00
   2.9600000e+00   4.5297097e-01   0.0000000e+00
   2.9800000e+00   4.5136784e-01   0.0000000e+00
   3.0000000e+00   4.4976471e-01   0.0000000e+00
   3.0200000e+00   4.4816158e-01   0.0000000e+00
   3.0400000e+00   4.4655845e-01   0.0000000e+00
   3.0600000e+00   4.4495531e-01   0.0000000e+00
   3.0800000e+00   4.4370552e-01   0.0000000e+00
   3.1000000e+00   4.4254624e-01   0.0000000e+00
   3.1200000e+00   4.4147749e-01   0.0000000e+00
   3.1400000e+00   4.4040873e-01   0.0000000e+00
   3.1600000e+00   4.3933831e-01   0.0000000e+00
   3.1800000e+00   4.3826622e-01   0.0000000e+00
   3.2000000e+00   4.3666308e-01   0.0000000e+00
   3.2200000e+00   4.3527048e-01   0.0000000e+00
   3.2400000e+00   4.3408840e-01   0.0000000e+00
   3.2600000e+00   4.3301965e-01   0.0000000e+00
   3.2800000e+00   4.3176317e-01   0.0000000e+00
   3.3000000e+00   4.3031897e-01   0.0000000e+00
   2.2500000e+00   7.6769462e-01   1.0000000e+00
   2.2700000e+00   7.6609149e-01   1.0000000e+00
   2.2900000e+00   7.6448836e-01   1.0000000e+00
   2.3100000e+00   7.6288523e-01   1.0000000e+00
   2.3300000e+00   7.6128210e-01   1.0000000e+00
   2.3500000e+00   7.5967897e-01   1.0000000e+00
   2.3700000e+00   7.5807584e-01   1.0000000e+00
   2.3900000e+00   7.5604025e-01   1.0000000e+00
   2.4100000e+00   7.5411160e-01   1.0000000e+00
   2.4300000e+00   7.5228988e-01   1.0000000e+00
   2.4500000e+00   7.5048763e-01   1.0000000e+00
   2.4700000e+00   7.4864143e-01   1.0000000e+00
   2.4900000e+00   7.4675131e-01   1.0000000e+00
   2.5100000e+00   7.4621693e-01   1.0000000e+00
   2.5300000e+00   7.4568255e-01   1.0000000e+00
   2.5500000e+00   7.4514818e-01   1.0000000e+00
   2.5700000e+00   7.4423029e-01   1.0000000e+00
   2.5900000e+00   7.4337039e-01   1.0000000e+00
   2.6100000e+00   7.4256848e-01   1.0000000e+00
   2.6300000e+00   7.4173375e-01   1.0000000e+00
   2.6500000e+00   7.4049806e-01   1.0000000e+00
   2.6700000e+00   7.3886141e-01   1.0000000e+00
   2.6900000e+00   7.3672390e-01   1.0000000e+00
   2.7100000e+00   7.3481201e-01   1.0000000e+00
   2.7300000e+00   7.3312573e-01   1.0000000e+00
   2.7500000e+00   7.3118803e-01   1.0000000e+00
   2.7700000e+00   7.2925938e-01   1.0000000e+00
   2.7900000e+00   7.2733977e-01   1.0000000e+00
   2.8100000e+00   7.2573664e-01   1.0000000e+00
   2.8300000e+00   7.2413351e-01   1.0000000e+00
   2.8500000e+00   7.2253038e-01   1.0000000e+00
   2.8700000e+00   7.2092725e-01   1.0000000e+00
   2.8900000e+00   7.1952526e-01   1.0000000e+00
   2.9100000e+00   7.1832441e-01   1.0000000e+00
   2.9300000e+00   7.1725565e-01   1.0000000e+00
   2.9500000e+00   7.1635585e-01   1.0000000e+00
   2.9700000e+00   7.1562500e-01   1.0000000e+00
