   6.0000000e-01   9.5896716e-01   0.0000000e+00
   6.2000000e-01   9.4276021e-01   0.0000000e+00
   6.4000000e-01   9.2362692e-01   0.0000000e+00
   6.6000000e-01   9.0156728e-01   0.0000000e+00
   6.8000000e-01   8.7752032e-01   0.0000000e+00
   7.0000000e-01   8.5483912e-01   0.0000000e+00
   7.2000000e-01   8.3352370e-01   0.0000000e+00
   7.4000000e-01   8.1302159e-01   0.0000000e+00
   7.6000000e-01   7.9394894e-01   0.0000000e+00
   7.8000000e-01   7.7630575e-01   0.0000000e+00
   8.0000000e-01   7.6199089e-01   0.0000000e+00
   8.2000000e-01   7.4681781e-01   0.0000000e+00
   8.4000000e-01   7.3078649e-01   0.0000000e+00
   8.6000000e-01   7.2155387e-01   0.0000000e+00
   8.8000000e-01   7.1239535e-01   0.0000000e+00
   9.0000000e-01   7.0331094e-01   0.0000000e+00
   9.2000000e-01   6.9596441e-01   0.0000000e+00
   9.4000000e-01   6.8935207e-01   0.0000000e+00
   9.6000000e-01   6.8347392e-01   0.0000000e+00
   9.8000000e-01   6.7770841e-01   0.0000000e+00
   1.0000000e+00   6.7242096e-01   0.0000000e+00
   1.0200000e+00   6.6761156e-01   0.0000000e+00
   1.0400000e+00   6.6280217e-01   0.0000000e+00
   1.0600000e+00   6.5799278e-01   0.0000000e+00
   1.0800000e+00   6.5318338e-01   0.0000000e+00
   1.1000000e+00   6.4837399e-01   0.0000000e+00
   1.1200000e+00   6.4350258e-01   0.0000000e+00
   1.1400000e+00   6.3856915e-01   0.0000000e+00
   1.1600000e+00   6.3323275e-01   0.0000000e+00
   1.1800000e+00   6.2815986e-01   0.0000000e+00
   1.2000000e+00   6.2335046e-01   0.0000000e+00
   1.2200000e+00   6.1854107e-01   0.0000000e+00
   1.2400000e+00   6.1373168e-01   0.0000000e+00
   1.2600000e+00   6.0892228e-01   0.0000000e+00
   1.2800000e+00   6.0392113e-01   0.0000000e+00
   1.3000000e+00   5.9878622e-01   0.0000000e+00
   1.3200000e+00   5.9351754e-01   0.0000000e+00
   1.3400000e+00   5.8870815e-01   0.0000000e+00
   1.3600000e+00   5.8414515e-01   0.0000000e+00
   1.3800000e+00   5.7982856e-01   0.0000000e+00
   1.4000000e+00   5.7517741e-01   0.0000000e+00
   1.4200000e+00   5.7044714e-01   0.0000000e+00
   1.4400000e+00   5.6563774e-01   0.0000000e+00
   1.4600000e+00   5.6111396e-01   0.0000000e+00
   1.4800000e+00   5.5695561e-01   0.0000000e+00
   1.5000000e+00   5.5316269e-01   0.0000000e+00
   1.5200000e+00   5.4835329e-01   0.0000000e+00
   1.5400000e+00   5.4420968e-01   0.0000000e+00
   1.5600000e+00   5.4073186e-01   0.0000000e+00
   1.5800000e+00   5.3687121e-01   0.0000000e+00
   1.6000000e+00   5.3301391e-01   0.0000000e+00
   1.6200000e+00   5.2915995e-01   0.0000000e+00
   1.6400000e+00   5.2604755e-01   0.0000000e+00
   1.6600000e+00   5.2315540e-01   0.0000000e+00
   1.6800000e+00   5.2048352e-01   0.0000000e+00
   1.7000000e+00   5.1781163e-01   0.0000000e+00
   1.7200000e+00   5.1533720e-01   0.0000000e+00
   1.7400000e+00   5.1306023e-01   0.0000000e+00
   1.7600000e+00   5.1092272e-01   0.0000000e+00
   1.7800000e+00   5.0878521e-01   0.0000000e+00
   1.8000000e+00   5.0664770e-01   0.0000000e+00
   1.8200000e+00   5.0451020e-01   0.0000000e+00
   1.8400000e+00   5.0237269e-01   0.0000000e+00
   1.8600000e+00   5.0023518e-01   0.0000000e+00
   1.8800000e+00   4.9856030e-01   0.0000000e+00
   1.9000000e+00   4.9674831e-01   0.0000000e+00
   1.9200000e+00   4.9479922e-01   0.0000000e+00
   1.9400000e+00   4.9266171e-01   0.0000000e+00
   1.9600000e+00   4.9052420e-01   0.0000000e+00
   1.9800000e+00   4.8838669e-01   0.0000000e+00
   2.0000000e+00   4.8624919e-01   0.0000000e+00
   2.0200000e+00   4.8411168e-01   0.0000000e+00
   2.0400000e+00   4.8197417e-01   0.0000000e+00
   2.0600000e+00   4.8025034e-01   0.0000000e+00
   2.0800000e+00   4.7858686e-01   0.0000000e+00
   2.1000000e+00   4.7698373e-01   0.0000000e+00
   2.1200000e+00   4.7556095e-01   0.0000000e+00
   2.1400000e+00   4.7428334e-01   0.0000000e+00
   2.1600000e+00   4.7315090e-01   0.0000000e+00
   2.1800000e+00   4.7154777e-01   0.0000000e+00
   2.2000000e+00   4.6994464e-01   0.0000000e+00
   2.2200000e+00   4.6834151e-01   0.0000000e+00
   2.2400000e+00   4.6710311e-01   0.0000000e+00
   2.2600000e+00   4.6570147e-01   0.0000000e+00
   2.2800000e+00   4.6413657e-01   0.0000000e+00
   2.3000000e+00   4.6226188e-01   0.0000000e+00
   2.3200000e+00   4.6078278e-01   0.0000000e+00
   2.3400000e+00   4.5969928e-01   0.0000000e+00
   2.3600000e+00   4.5809615e-01   0.0000000e+00
   2.3800000e+00   4.5627680e-01   0.0000000e+00
   2.4000000e+00   4.5424121e-01   0.0000000e+00
   2.4200000e+00   4.5273528e-01   0.0000000e+00
   2.4400000e+00   4.5134838e-01   0.0000000e+00
   2.4600000e+00   4.5008050e-01   0.0000000e+00
   2.4800000e+00   4.4855983e-01   0.0000000e+00
   2.5000000e+00   4.4726511e-01   0.0000000e+00
   2.5200000e+00   4.4619636e-01   0.0000000e+00
   2.5400000e+00   4.4512761e-01   0.0000000e+00
   2.5600000e+00   4.4425061e-01   0.0000000e+00
   2.5800000e+00   4.4356536e-01   0.0000000e+00
   2.6000000e+00   4.4276414e-01   0.0000000e+00
   2.6200000e+00   4.4182915e-01   0.0000000e+00
   2.6400000e+00   4.4076040e-01   0.0000000e+00
   2.6600000e+00   4.3972516e-01   0.0000000e+00
   2.6800000e+00   4.3894035e-01   0.0000000e+00
   2.7000000e+00   4.3840598e-01   0.0000000e+00
   2.7200000e+00   4.3742037e-01   0.0000000e+00
   2.7400000e+00   4.3656047e-01   0.0000000e+00
   2.7600000e+00   4.3582628e-01   0.0000000e+00
   2.7800000e+00   4.3507401e-01   0.0000000e+00
   2.8000000e+00   4.3416349e-01   0.0000000e+00
   2.8200000e+00   4.3309474e-01   0.0000000e+00
   2.8400000e+00   4.3202598e-01   0.0000000e+00
   2.8600000e+00   4.3095723e-01   0.0000000e+00
   2.8800000e+00   4.2988848e-01   0.0000000e+00
   2.9000000e+00   4.2922200e-01   0.0000000e+00
   2.9200000e+00   4.2833596e-01   0.0000000e+00
   2.9400000e+00   4.2723035e-01   0.0000000e+00
   2.9600000e+00   4.2579617e-01   0.0000000e+00
   2.9800000e+00   4.2454471e-01   0.0000000e+00
   3.0000000e+00   4.2347595e-01   0.0000000e+00
   3.0200000e+00   4.2240720e-01   0.0000000e+00
   3.0400000e+00   4.2157344e-01   0.0000000e+00
   3.0600000e+00   4.2097469e-01   0.0000000e+00
   3.0800000e+00   4.1973364e-01   0.0000000e+00
   3.1000000e+00   4.1854822e-01   0.0000000e+00
   3.1200000e+00   4.1741843e-01   0.0000000e+00
   3.1400000e+00   4.1688405e-01   0.0000000e+00
   3.1600000e+00   4.1634801e-01   0.0000000e+00
   3.1800000e+00   4.1581029e-01   0.0000000e+00
   3.2000000e+00   4.1474153e-01   0.0000000e+00
   3.2200000e+00   4.1388331e-01   0.0000000e+00
   3.2400000e+00   4.1323561e-01   0.0000000e+00
   3.2600000e+00   4.1209245e-01   0.0000000e+00
   3.2800000e+00   4.1090703e-01   0.0000000e+00
   3.3000000e+00   4.0967935e-01   0.0000000e+00
   3.3200000e+00   4.0914497e-01   0.0000000e+00
   3.3400000e+00   4.0861060e-01   0.0000000e+00
   3.3600000e+00   4.0807622e-01   0.0000000e+00
   3.3800000e+00   4.0754184e-01   0.0000000e+00
   3.4000000e+00   4.0700747e-01   0.0000000e+00
   3.4200000e+00   4.0647309e-01   0.0000000e+00
   3.4400000e+00   4.0568327e-01   0.0000000e+00
   3.4600000e+00   4.0482337e-01   0.0000000e+00
   3.4800000e+00   4.0389339e-01   0.0000000e+00
   3.5000000e+00   4.0335902e-01   0.0000000e+00
   3.5200000e+00   4.0282464e-01   0.0000000e+00
   3.5400000e+00   4.0229026e-01   0.0000000e+00
   3.5600000e+00   4.0131606e-01   0.0000000e+00
   3.5800000e+00   4.0045616e-01   0.0000000e+00
   3.6000000e+00   3.9971057e-01   0.0000000e+00
   2.0100000e+00   7.2734375e-01   1.0000000e+00
   2.0300000e+00   7.2628306e-01   1.0000000e+00
   2.0500000e+00   7.2542517e-01   1.0000000e+00
   2.0700000e+00   7.2477010e-01   1.0000000e+00
   2.0900000e+00   7.2393871e-01   1.0000000e+00
   2.1100000e+00   7.2307881e-01   1.0000000e+00
   2.1300000e+00   7.2219041e-01   1.0000000e+00
   2.1500000e+00   7.2152865e-01   1.0000000e+00
   2.1700000e+00   7.2039621e-01   1.0000000e+00
   2.1900000e+00   7.1879308e-01   1.0000000e+00
   2.2100000e+00   7.1767135e-01   1.0000000e+00
   2.2300000e+00   7.1639374e-01   1.0000000e+00
   2.2500000e+00   7.1496025e-01   1.0000000e+00
   2.2700000e+00   7.1335712e-01   1.0000000e+00
   2.2900000e+00   7.1181969e-01   1.0000000e+00
   2.3100000e+00   7.1034797e-01   1.0000000e+00
   2.3300000e+00   7.0926447e-01   1.0000000e+00
   2.3500000e+00   7.0792116e-01   1.0000000e+00
   2.3700000e+00   7.0631803e-01   1.0000000e+00
   2.3900000e+00   7.0514735e-01   1.0000000e+00
   2.4100000e+00   7.0402763e-01   1.0000000e+00
   2.4300000e+00   7.0295888e-01   1.0000000e+00
   2.4500000e+00   7.0149187e-01   1.0000000e+00
   2.4700000e+00   6.9977208e-01   1.0000000e+00
   2.4900000e+00   6.9779949e-01   1.0000000e+00
   2.5100000e+00   6.9673074e-01   1.0000000e+00
   2.5300000e+00   6.9491172e-01   1.0000000e+00
   2.5500000e+00   6.9234245e-01   1.0000000e+00
   2.5700000e+00   6.9005407e-01   1.0000000e+00
   2.5900000e+00   6.8784113e-01   1.0000000e+00
   2.6100000e+00   6.8570362e-01   1.0000000e+00
   2.6300000e+00   6.8356611e-01   1.0000000e+00
   2.6500000e+00   6.8144536e-01   1.0000000e+00
   2.6700000e+00   6.7934137e-01   1.0000000e+00
   2.6900000e+00   6.7773824e-01   1.0000000e+00
   2.7100000e+00   6.7613511e-01   1.0000000e+00
   2.7300000e+00   6.7453198e-01   1.0000000e+00
   2.7500000e+00   6.7292885e-01   1.0000000e+00
   2.7700000e+00   6.7143466e-01   1.0000000e+00
   2.7900000e+00   6.7004943e-01   1.0000000e+00
   2.8100000e+00   6.6898068e-01   1.0000000e+00
   2.8300000e+00   6.6791192e-01   1.0000000e+00
   2.8500000e+00   6.6684317e-01   1.0000000e+00
   2.8700000e+00   6.6577442e-01   1.0000000e+00
   2.8900000e+00   6.6490680e-01   1.0000000e+00
   2.9100000e+00   6.6424033e-01   1.0000000e+00
   2.9300000e+00   6.6342033e-01   1.0000000e+00
   2.9500000e+00   6.6239149e-01   1.0000000e+00
   2.9700000e+00   6.6115378e-01   1.0000000e+00
   2.9900000e+00   6.5960294e-01   1.0000000e+00
   3.0100000e+00   6.5829314e-01   1.0000000e+00
   3.0300000e+00   6.5722438e-01   1.0000000e+00
   3.0500000e+00   6.5521563e-01   1.0000000e+00
   3.0700000e+00   6.5331917e-01   1.0000000e+00
   3.0900000e+00   6.5153499e-01   1.0000000e+00
   3.1100000e+00   6.4945852e-01   1.0000000e+00
   3.1300000e+00   6.4714435e-01   1.0000000e+00
   3.1500000e+00   6.4459247e-01   1.0000000e+00
   3.1700000e+00   6.4245496e-01   1.0000000e+00
   3.1900000e+00   6.4031745e-01   1.0000000e+00
   3.2100000e+00   6.3817994e-01   1.0000000e+00
   3.2300000e+00   6.3562138e-01   1.0000000e+00
   3.2500000e+00   6.3315835e-01   1.0000000e+00
   3.2700000e+00   6.3079085e-01   1.0000000e+00
   3.2900000e+00   6.2884107e-01   1.0000000e+00
   3.3100000e+00   6.2710014e-01   1.0000000e+00
   3.3300000e+00   6.2556807e-01   1.0000000e+00
   3.3500000e+00   6.2449932e-01   1.0000000e+00
   3.3700000e+00   6.2294179e-01   1.0000000e+00
   3.3900000e+00   6.2089549e-01   1.0000000e+00
   3.4100000e+00   6.1950220e-01   1.0000000e+00
   3.4300000e+00   6.1827118e-01   1.0000000e+00
   3.4500000e+00   6.1720242e-01   1.0000000e+00
   3.4700000e+00   6.1599489e-01   1.0000000e+00
   3.4900000e+00   6.1460061e-01   1.0000000e+00
   3.5100000e+00   6.1301960e-01   1.0000000e+00
   3.5300000e+00   6.1195084e-01   1.0000000e+00
   3.5500000e+00   6.1110200e-01   1.0000000e+00
   3.5700000e+00   6.1047307e-01   1.0000000e+00
   3.5900000e+00   6.0993870e-01   1.0000000e+00
   3.6100000e+00   6.0940432e-01   1.0000000e+00
   3.6300000e+00   6.0886994e-01   1.0000000e+00
