   6.0000000e-01   9.6482653e-01   0.0000000e+00
   6.2000000e-01   9.4954485e-01   0.0000000e+00
   6.4000000e-01   9.3223327e-01   0.0000000e+00
   6.6000000e-01   9.1289181e-01   0.0000000e+00
   6.8000000e-01   8.8510421e-01   0.0000000e+00
   7.0000000e-01   8.5982052e-01   0.0000000e+00
   7.2000000e-01   8.3704074e-01   0.0000000e+00
   7.4000000e-01   8.1682425e-01   0.0000000e+00
   7.6000000e-01   7.9842878e-01   0.0000000e+00
   7.8000000e-01   7.8185434e-01   0.0000000e+00
   8.0000000e-01   7.6860824e-01   0.0000000e+00
   8.2000000e-01   7.5450391e-01   0.0000000e+00
   8.4000000e-01   7.3954135e-01   0.0000000e+00
   8.6000000e-01   7.2719367e-01   0.0000000e+00
   8.8000000e-01   7.1589028e-01   0.0000000e+00
   9.0000000e-01   7.0563116e-01   0.0000000e+00
   9.2000000e-01   6.9775025e-01   0.0000000e+00
   9.4000000e-01   6.9060354e-01   0.0000000e+00
   9.6000000e-01   6.8419101e-01   0.0000000e+00
   9.8000000e-01   6.7789112e-01   0.0000000e+00
   1.0000000e+00   6.7206929e-01   0.0000000e+00
   1.0200000e+00   6.6672552e-01   0.0000000e+00
   1.0400000e+00   6.6280384e-01   0.0000000e+00
   1.0600000e+00   6.5897268e-01   0.0000000e+00
   1.0800000e+00   6.5523204e-01   0.0000000e+00
   1.1000000e+00   6.5125070e-01   0.0000000e+00
   1.1200000e+00   6.4724656e-01   0.0000000e+00
   1.1400000e+00   6.4321962e-01   0.0000000e+00
   1.1600000e+00   6.3999861e-01   0.0000000e+00
   1.1800000e+00   6.3625060e-01   0.0000000e+00
   1.2000000e+00   6.3197558e-01   0.0000000e+00
   1.2200000e+00   6.2855073e-01   0.0000000e+00
   1.2400000e+00   6.2508097e-01   0.0000000e+00
   1.2600000e+00   6.2156629e-01   0.0000000e+00
   1.2800000e+00   6.1763389e-01   0.0000000e+00
   1.3000000e+00   6.1360528e-01   0.0000000e+00
   1.3200000e+00   6.0948044e-01   0.0000000e+00
   1.3400000e+00   6.0627418e-01   0.0000000e+00
   1.3600000e+00   6.0282152e-01   0.0000000e+00
   1.3800000e+00   5.9912245e-01   0.0000000e+00
   1.4000000e+00   5.9500568e-01   0.0000000e+00
   1.4200000e+00   5.9093952e-01   0.0000000e+00
   1.4400000e+00   5.8692397e-01   0.0000000e+00
   1.4600000e+00   5.8318333e-01   0.0000000e+00
   1.4800000e+00   5.7945577e-01   0.0000000e+00
   1.5000000e+00   5.7574127e-01   0.0000000e+00
   1.5200000e+00   5.7253501e-01   0.0000000e+00
   1.5400000e+00   5.6955067e-01   0.0000000e+00
   1.5600000e+00   5.6678827e-01   0.0000000e+00
   1.5800000e+00   5.6411638e-01   0.0000000e+00
   1.6000000e+00   5.6144450e-01   0.0000000e+00
   1.6200000e+00   5.5877261e-01   0.0000000e+00
   1.6400000e+00   5.5619459e-01   0.0000000e+00
   1.6600000e+00   5.5383682e-01   0.0000000e+00
   1.6800000e+00   5.5169931e-01   0.0000000e+00
   1.7000000e+00   5.5007338e-01   0.0000000e+00
   1.7200000e+00   5.4826139e-01   0.0000000e+00
   1.7400000e+00   5.4626335e-01   0.0000000e+00
   1.7600000e+00   5.4440409e-01   0.0000000e+00
   1.7800000e+00   5.4259210e-01   0.0000000e+00
   1.8000000e+00   5.4082739e-01   0.0000000e+00
   1.8200000e+00   5.3877971e-01   0.0000000e+00
   1.8400000e+00   5.3722150e-01   0.0000000e+00
   1.8600000e+00   5.3615275e-01   0.0000000e+00
   1.8800000e+00   5.3508399e-01   0.0000000e+00
   1.9000000e+00   5.3366927e-01   0.0000000e+00
   1.9200000e+00   5.3190859e-01   0.0000000e+00
   1.9400000e+00   5.3022968e-01   0.0000000e+00
   1.9600000e+00   5.2874322e-01   0.0000000e+00
   1.9800000e+00   5.2744919e-01   0.0000000e+00
   2.0000000e+00   5.2531168e-01   0.0000000e+00
   2.0200000e+00   5.2370452e-01   0.0000000e+00
   2.0400000e+00   5.2262771e-01   0.0000000e+00
   2.0600000e+00   5.2031791e-01   0.0000000e+00
   2.0800000e+00   5.1812408e-01   0.0000000e+00
   2.1000000e+00   5.1604623e-01   0.0000000e+00
   2.1200000e+00   5.1444310e-01   0.0000000e+00
   2.1400000e+00   5.1280813e-01   0.0000000e+00
   2.1600000e+00   5.1114131e-01   0.0000000e+00
   2.1800000e+00   5.0900380e-01   0.0000000e+00
   2.2000000e+00   5.0686629e-01   0.0000000e+00
   2.2200000e+00   5.0472878e-01   0.0000000e+00
   2.2400000e+00   5.0222654e-01   0.0000000e+00
   2.2600000e+00   4.9963947e-01   0.0000000e+00
   2.2800000e+00   4.9696759e-01   0.0000000e+00
   2.3000000e+00   4.9442711e-01   0.0000000e+00
   2.3200000e+00   4.9208812e-01   0.0000000e+00
   2.3400000e+00   4.8995061e-01   0.0000000e+00
   2.3600000e+00   4.8781310e-01   0.0000000e+00
   2.3800000e+00   4.8589182e-01   0.0000000e+00
   2.4000000e+00   4.8418677e-01   0.0000000e+00
   2.4200000e+00   4.8258363e-01   0.0000000e+00
   2.4400000e+00   4.8098050e-01   0.0000000e+00
   2.4600000e+00   4.7937737e-01   0.0000000e+00
   2.4800000e+00   4.7785670e-01   0.0000000e+00
   2.5000000e+00   4.7656199e-01   0.0000000e+00
   2.5200000e+00   4.7549324e-01   0.0000000e+00
   2.5400000e+00   4.7442448e-01   0.0000000e+00
   2.5600000e+00   4.7335573e-01   0.0000000e+00
   2.5800000e+00   4.7228697e-01   0.0000000e+00
   2.6000000e+00   4.7121822e-01   0.0000000e+00
   2.6200000e+00   4.7014947e-01   0.0000000e+00
   2.6400000e+00   4.6908071e-01   0.0000000e+00
   2.6600000e+00   4.6801196e-01   0.0000000e+00
   2.6800000e+00   4.6694320e-01   0.0000000e+00
   2.7000000e+00   4.6587445e-01   0.0000000e+00
   2.7200000e+00   4.6480570e-01   0.0000000e+00
   2.7400000e+00   4.6356966e-01   0.0000000e+00
   2.7600000e+00   4.6216634e-01   0.0000000e+00
   2.7800000e+00   4.6078111e-01   0.0000000e+00
   2.8000000e+00   4.5955412e-01   0.0000000e+00
   2.8200000e+00   4.5848536e-01   0.0000000e+00
   2.8400000e+00   4.5741661e-01   0.0000000e+00
   2.8600000e+00   4.5634785e-01   0.0000000e+00
   2.8800000e+00   4.5527910e-01   0.0000000e+00
   2.9000000e+00   4.5461263e-01   0.0000000e+00
   2.9200000e+00   4.5386939e-01   0.0000000e+00
   2.9400000e+00   4.5304940e-01   0.0000000e+00
   2.9600000e+00   4.5181169e-01   0.0000000e+00
   2.9800000e+00   4.5041742e-01   0.0000000e+00
   3.0000000e+00   4.4886658e-01   0.0000000e+00
   3.0200000e+00   4.4779782e-01   0.0000000e+00
   3.0400000e+00   4.4649407e-01   0.0000000e+00
   3.0600000e+00   4.4495531e-01   0.0000000e+00
   3.0800000e+00   4.4405885e-01   0.0000000e+00
   3.1000000e+00   4.4322510e-01   0.0000000e+00
   3.1200000e+00   4.4245405e-01   0.0000000e+00
   3.1400000e+00   4.4150530e-01   0.0000000e+00
   3.1600000e+00   4.4076374e-01   0.0000000e+00
   3.1800000e+00   4.4022936e-01   0.0000000e+00
   3.2000000e+00   4.3969499e-01   0.0000000e+00
   3.2200000e+00   4.3895008e-01   0.0000000e+00
   3.2400000e+00   4.3799465e-01   0.0000000e+00
   3.2600000e+00   4.3692590e-01   0.0000000e+00
   3.2800000e+00   4.3604487e-01   0.0000000e+00
   3.3000000e+00   4.3535156e-01   0.0000000e+00
   3.3200000e+00   4.3520944e-01   0.0000000e+00
   3.3400000e+00   4.3460401e-01   0.0000000e+00
   3.3600000e+00   4.3353525e-01   0.0000000e+00
   3.3800000e+00   4.3295527e-01   0.0000000e+00
   3.4000000e+00   4.3221204e-01   0.0000000e+00
   3.4200000e+00   4.3130555e-01   0.0000000e+00
   3.4400000e+00   4.3100313e-01   0.0000000e+00
   3.4600000e+00   4.3111910e-01   0.0000000e+00
   3.4800000e+00   4.3165348e-01   0.0000000e+00
   2.0000000e+00   7.9960937e-01   1.0000000e+00
   2.0200000e+00   7.9987455e-01   1.0000000e+00
   2.0400000e+00   8.0040490e-01   1.0000000e+00
   2.0600000e+00   7.9887086e-01   1.0000000e+00
   2.0800000e+00   7.9688658e-01   1.0000000e+00
   2.1000000e+00   7.9445205e-01   1.0000000e+00
   2.1200000e+00   7.9178017e-01   1.0000000e+00
   2.1400000e+00   7.8917197e-01   1.0000000e+00
   2.1600000e+00   7.8662747e-01   1.0000000e+00
   2.1800000e+00   7.8502433e-01   1.0000000e+00
   2.2000000e+00   7.8318050e-01   1.0000000e+00
   2.2200000e+00   7.8109597e-01   1.0000000e+00
   2.2400000e+00   7.7822899e-01   1.0000000e+00
   2.2600000e+00   7.7544044e-01   1.0000000e+00
   2.2800000e+00   7.7273032e-01   1.0000000e+00
   2.3000000e+00   7.7046141e-01   1.0000000e+00
   2.3200000e+00   7.6800575e-01   1.0000000e+00
   2.3400000e+00   7.6536335e-01   1.0000000e+00
   2.3600000e+00   7.6376022e-01   1.0000000e+00
   2.3800000e+00   7.6172463e-01   1.0000000e+00
   2.4000000e+00   7.5925659e-01   1.0000000e+00
   2.4200000e+00   7.5690049e-01   1.0000000e+00
   2.4400000e+00   7.5475326e-01   1.0000000e+00
   2.4600000e+00   7.5281487e-01   1.0000000e+00
   2.4800000e+00   7.5104682e-01   1.0000000e+00
   2.5000000e+00   7.4882685e-01   1.0000000e+00
   2.5200000e+00   7.4615497e-01   1.0000000e+00
   2.5400000e+00   7.4398325e-01   1.0000000e+00
   2.5600000e+00   7.4202040e-01   1.0000000e+00
   2.5800000e+00   7.4026640e-01   1.0000000e+00
   2.6000000e+00   7.3866327e-01   1.0000000e+00
   2.6200000e+00   7.3706014e-01   1.0000000e+00
   2.6400000e+00   7.3545700e-01   1.0000000e+00
   2.6600000e+00   7.3382036e-01   1.0000000e+00
   2.6800000e+00   7.3193328e-01   1.0000000e+00
   2.7000000e+00   7.2979577e-01   1.0000000e+00
   2.7200000e+00   7.2856072e-01   1.0000000e+00
   2.7400000e+00   7.2740882e-01   1.0000000e+00
   2.7600000e+00   7.2634006e-01   1.0000000e+00
   2.7800000e+00   7.2483551e-01   1.0000000e+00
   2.8000000e+00   7.2306510e-01   1.0000000e+00
   2.8200000e+00   7.2102882e-01   1.0000000e+00
   2.8400000e+00   7.1942569e-01   1.0000000e+00
   2.8600000e+00   7.1782256e-01   1.0000000e+00
   2.8800000e+00   7.1621943e-01   1.0000000e+00
   2.9000000e+00   7.1421402e-01   1.0000000e+00
   2.9200000e+00   7.1214256e-01   1.0000000e+00
   2.9400000e+00   7.1000505e-01   1.0000000e+00
   2.9600000e+00   7.0769859e-01   1.0000000e+00
   2.9800000e+00   7.0526171e-01   1.0000000e+00
   3.0000000e+00   7.0269439e-01   1.0000000e+00
   3.0200000e+00   7.0109126e-01   1.0000000e+00
   3.0400000e+00   6.9948813e-01   1.0000000e+00
   3.0600000e+00   6.9788500e-01   1.0000000e+00
   3.0800000e+00   6.9663521e-01   1.0000000e+00
   3.1000000e+00   6.9559427e-01   1.0000000e+00
   3.1200000e+00   6.9476218e-01   1.0000000e+00
   3.1400000e+00   6.9422780e-01   1.0000000e+00
   3.1600000e+00   6.9369343e-01   1.0000000e+00
   3.1800000e+00   6.9315905e-01   1.0000000e+00
   3.2000000e+00   6.9262467e-01   1.0000000e+00
   3.2200000e+00   6.9166924e-01   1.0000000e+00
   3.2400000e+00   6.9029276e-01   1.0000000e+00
   3.2600000e+00   6.8838524e-01   1.0000000e+00
   3.2800000e+00   6.8645659e-01   1.0000000e+00
   3.3000000e+00   6.8450680e-01   1.0000000e+00
   3.3200000e+00   6.8269049e-01   1.0000000e+00
   3.3400000e+00   6.8017921e-01   1.0000000e+00
   3.3600000e+00   6.7697294e-01   1.0000000e+00
   3.3800000e+00   6.7474423e-01   1.0000000e+00
   3.4000000e+00   6.7256111e-01   1.0000000e+00
   3.4200000e+00   6.7042361e-01   1.0000000e+00
   3.4400000e+00   6.6905243e-01   1.0000000e+00
