   6.0000000e-01   9.7621740e-01   0.0000000e+00
   6.2000000e-01   9.6291901e-01   0.0000000e+00
   6.4000000e-01   9.4758838e-01   0.0000000e+00
   6.6000000e-01   9.3022550e-01   0.0000000e+00
   6.8000000e-01   9.0938480e-01   0.0000000e+00
   7.0000000e-01   8.8831646e-01   0.0000000e+00
   7.2000000e-01   8.6702050e-01   0.0000000e+00
   7.4000000e-01   8.4496824e-01   0.0000000e+00
   7.6000000e-01   8.2427368e-01   0.0000000e+00
   7.8000000e-01   8.0493684e-01   0.0000000e+00
   8.0000000e-01   7.8944796e-01   0.0000000e+00
   8.2000000e-01   7.7288630e-01   0.0000000e+00
   8.4000000e-01   7.5525186e-01   0.0000000e+00
   8.6000000e-01   7.4284718e-01   0.0000000e+00
   8.8000000e-01   7.3131212e-01   0.0000000e+00
   9.0000000e-01   7.2064670e-01   0.0000000e+00
   9.2000000e-01   7.1165212e-01   0.0000000e+00
   9.4000000e-01   7.0340647e-01   0.0000000e+00
   9.6000000e-01   6.9590976e-01   0.0000000e+00
   9.8000000e-01   6.8955356e-01   0.0000000e+00
   1.0000000e+00   6.8343638e-01   0.0000000e+00
   1.0200000e+00   6.7755823e-01   0.0000000e+00
   1.0400000e+00   6.7310217e-01   0.0000000e+00
   1.0600000e+00   6.6873664e-01   0.0000000e+00
   1.0800000e+00   6.6446162e-01   0.0000000e+00
   1.1000000e+00   6.6018660e-01   0.0000000e+00
   1.1200000e+00   6.5591159e-01   0.0000000e+00
   1.1400000e+00   6.5163657e-01   0.0000000e+00
   1.1600000e+00   6.4736155e-01   0.0000000e+00
   1.1800000e+00   6.4308654e-01   0.0000000e+00
   1.2000000e+00   6.3881152e-01   0.0000000e+00
   1.2200000e+00   6.3581176e-01   0.0000000e+00
   1.2400000e+00   6.3282172e-01   0.0000000e+00
   1.2600000e+00   6.2984142e-01   0.0000000e+00
   1.2800000e+00   6.2644340e-01   0.0000000e+00
   1.3000000e+00   6.2287407e-01   0.0000000e+00
   1.3200000e+00   6.1913343e-01   0.0000000e+00
   1.3400000e+00   6.1539279e-01   0.0000000e+00
   1.3600000e+00   6.1165215e-01   0.0000000e+00
   1.3800000e+00   6.0791151e-01   0.0000000e+00
   1.4000000e+00   6.0417088e-01   0.0000000e+00
   1.4200000e+00   6.0030050e-01   0.0000000e+00
   1.4400000e+00   5.9630039e-01   0.0000000e+00
   1.4600000e+00   5.9202537e-01   0.0000000e+00
   1.4800000e+00   5.8775036e-01   0.0000000e+00
   1.5000000e+00   5.8347534e-01   0.0000000e+00
   1.5200000e+00   5.7920032e-01   0.0000000e+00
   1.5400000e+00   5.7514723e-01   0.0000000e+00
   1.5600000e+00   5.7131607e-01   0.0000000e+00
   1.5800000e+00   5.6724824e-01   0.0000000e+00
   1.6000000e+00   5.6318208e-01   0.0000000e+00
   1.6200000e+00   5.5911759e-01   0.0000000e+00
   1.6400000e+00   5.5537695e-01   0.0000000e+00
   1.6600000e+00   5.5163632e-01   0.0000000e+00
   1.6800000e+00   5.4789568e-01   0.0000000e+00
   1.7000000e+00   5.4466661e-01   0.0000000e+00
   1.7200000e+00   5.4144895e-01   0.0000000e+00
   1.7400000e+00   5.3824269e-01   0.0000000e+00
   1.7600000e+00   5.3475818e-01   0.0000000e+00
   1.7800000e+00   5.3138798e-01   0.0000000e+00
   1.8000000e+00   5.2813208e-01   0.0000000e+00
   1.8200000e+00   5.2594965e-01   0.0000000e+00
   1.8400000e+00   5.2352250e-01   0.0000000e+00
   1.8600000e+00   5.2085061e-01   0.0000000e+00
   1.8800000e+00   5.1771610e-01   0.0000000e+00
   1.9000000e+00   5.1506466e-01   0.0000000e+00
   1.9200000e+00   5.1289629e-01   0.0000000e+00
   1.9400000e+00   5.1106386e-01   0.0000000e+00
   1.9600000e+00   5.0907889e-01   0.0000000e+00
   1.9800000e+00   5.0694138e-01   0.0000000e+00
   2.0000000e+00   5.0480387e-01   0.0000000e+00
   2.0200000e+00   5.0266636e-01   0.0000000e+00
   2.0400000e+00   5.0052886e-01   0.0000000e+00
   2.0600000e+00   4.9839135e-01   0.0000000e+00
   2.0800000e+00   4.9625384e-01   0.0000000e+00
   2.1000000e+00   4.9411633e-01   0.0000000e+00
   2.1200000e+00   4.9215918e-01   0.0000000e+00
   2.1400000e+00   4.9034719e-01   0.0000000e+00
   2.1600000e+00   4.8868037e-01   0.0000000e+00
   2.1800000e+00   4.8654286e-01   0.0000000e+00
   2.2000000e+00   4.8464605e-01   0.0000000e+00
   2.2200000e+00   4.8298995e-01   0.0000000e+00
   2.2400000e+00   4.8102208e-01   0.0000000e+00
   2.2600000e+00   4.7909343e-01   0.0000000e+00
   2.2800000e+00   4.7720399e-01   0.0000000e+00
   2.3000000e+00   4.7560086e-01   0.0000000e+00
   2.3200000e+00   4.7399773e-01   0.0000000e+00
   2.3400000e+00   4.7239460e-01   0.0000000e+00
   2.3600000e+00   4.7079147e-01   0.0000000e+00
   2.3800000e+00   4.6918833e-01   0.0000000e+00
   2.4000000e+00   4.6758520e-01   0.0000000e+00
   2.4200000e+00   4.6598207e-01   0.0000000e+00
   2.4400000e+00   4.6447850e-01   0.0000000e+00
   2.4600000e+00   4.6307450e-01   0.0000000e+00
   2.4800000e+00   4.6184082e-01   0.0000000e+00
   2.5000000e+00   4.6015523e-01   0.0000000e+00
   2.5200000e+00   4.5801772e-01   0.0000000e+00
   2.5400000e+00   4.5688056e-01   0.0000000e+00
   2.5600000e+00   4.5577760e-01   0.0000000e+00
   2.5800000e+00   4.5470885e-01   0.0000000e+00
   2.6000000e+00   4.5364010e-01   0.0000000e+00
   2.6200000e+00   4.5249625e-01   0.0000000e+00
   2.6400000e+00   4.5127732e-01   0.0000000e+00
   2.6600000e+00   4.4974122e-01   0.0000000e+00
   2.6800000e+00   4.4870598e-01   0.0000000e+00
   2.7000000e+00   4.4817160e-01   0.0000000e+00
   2.7200000e+00   4.4718600e-01   0.0000000e+00
   2.7400000e+00   4.4615882e-01   0.0000000e+00
   2.7600000e+00   4.4509006e-01   0.0000000e+00
   2.7800000e+00   4.4402131e-01   0.0000000e+00
   2.8000000e+00   4.4295255e-01   0.0000000e+00
   2.8200000e+00   4.4188380e-01   0.0000000e+00
   2.8400000e+00   4.4081505e-01   0.0000000e+00
   2.8600000e+00   4.3974629e-01   0.0000000e+00
   2.8800000e+00   4.3867754e-01   0.0000000e+00
   2.9000000e+00   4.3760878e-01   0.0000000e+00
   2.9200000e+00   4.3668284e-01   0.0000000e+00
   2.9400000e+00   4.3589970e-01   0.0000000e+00
   2.9600000e+00   4.3519637e-01   0.0000000e+00
   2.9800000e+00   4.3431033e-01   0.0000000e+00
   3.0000000e+00   4.3324158e-01   0.0000000e+00
   3.0200000e+00   4.3217282e-01   0.0000000e+00
   3.0400000e+00   4.3110407e-01   0.0000000e+00
   3.0600000e+00   4.3003531e-01   0.0000000e+00
   3.0800000e+00   4.2896656e-01   0.0000000e+00
   3.1000000e+00   4.2789781e-01   0.0000000e+00
   3.1200000e+00   4.2682905e-01   0.0000000e+00
   3.1400000e+00   4.2588030e-01   0.0000000e+00
   3.1600000e+00   4.2513874e-01   0.0000000e+00
   3.1800000e+00   4.2460436e-01   0.0000000e+00
   3.2000000e+00   4.2406999e-01   0.0000000e+00
   3.2200000e+00   4.2332508e-01   0.0000000e+00
   3.2400000e+00   4.2236965e-01   0.0000000e+00
   3.2600000e+00   4.2190968e-01   0.0000000e+00
   3.2800000e+00   4.2149196e-01   0.0000000e+00
   3.3000000e+00   4.2111651e-01   0.0000000e+00
   3.3200000e+00   4.2011882e-01   0.0000000e+00
   3.3400000e+00   4.1935278e-01   0.0000000e+00
   3.3600000e+00   4.1881841e-01   0.0000000e+00
   3.3800000e+00   4.1828403e-01   0.0000000e+00
   3.4000000e+00   4.1774965e-01   0.0000000e+00
   3.4200000e+00   4.1721528e-01   0.0000000e+00
   3.4400000e+00   4.1693634e-01   0.0000000e+00
   3.4600000e+00   4.1686626e-01   0.0000000e+00
   3.4800000e+00   4.1700504e-01   0.0000000e+00
   3.5000000e+00   4.1751731e-01   0.0000000e+00
   3.5200000e+00   4.1777344e-01   0.0000000e+00
   3.5400000e+00   4.1777344e-01   0.0000000e+00
   3.5600000e+00   4.1821326e-01   0.0000000e+00
   2.0700000e+00   7.6001791e-01   1.0000000e+00
   2.0900000e+00   7.5788040e-01   1.0000000e+00
   2.1100000e+00   7.5565271e-01   1.0000000e+00
   2.1300000e+00   7.5333485e-01   1.0000000e+00
   2.1500000e+00   7.5072666e-01   1.0000000e+00
   2.1700000e+00   7.4835380e-01   1.0000000e+00
   2.1900000e+00   7.4621629e-01   1.0000000e+00
   2.2100000e+00   7.4311598e-01   1.0000000e+00
   2.2300000e+00   7.4032743e-01   1.0000000e+00
   2.2500000e+00   7.3785064e-01   1.0000000e+00
   2.2700000e+00   7.3546507e-01   1.0000000e+00
   2.2900000e+00   7.3306774e-01   1.0000000e+00
   2.3100000e+00   7.3065867e-01   1.0000000e+00
   2.3300000e+00   7.2904079e-01   1.0000000e+00
   2.3500000e+00   7.2716310e-01   1.0000000e+00
   2.3700000e+00   7.2502560e-01   1.0000000e+00
   2.3900000e+00   7.2332054e-01   1.0000000e+00
   2.4100000e+00   7.2150856e-01   1.0000000e+00
   2.4300000e+00   7.1958963e-01   1.0000000e+00
   2.4500000e+00   7.1785038e-01   1.0000000e+00
   2.4700000e+00   7.1644637e-01   1.0000000e+00
   2.4900000e+00   7.1537762e-01   1.0000000e+00
   2.5100000e+00   7.1430886e-01   1.0000000e+00
   2.5300000e+00   7.1273994e-01   1.0000000e+00
   2.5500000e+00   7.1067084e-01   1.0000000e+00
   2.5700000e+00   7.0891684e-01   1.0000000e+00
   2.5900000e+00   7.0710485e-01   1.0000000e+00
   2.6100000e+00   7.0523487e-01   1.0000000e+00
   2.6300000e+00   7.0324754e-01   1.0000000e+00
   2.6500000e+00   7.0141880e-01   1.0000000e+00
   2.6700000e+00   6.9974864e-01   1.0000000e+00
   2.6900000e+00   6.9707675e-01   1.0000000e+00
   2.7100000e+00   6.9508171e-01   1.0000000e+00
   2.7300000e+00   6.9376351e-01   1.0000000e+00
   2.7500000e+00   6.9202563e-01   1.0000000e+00
   2.7700000e+00   6.9019688e-01   1.0000000e+00
   2.7900000e+00   6.8827727e-01   1.0000000e+00
   2.8100000e+00   6.8667414e-01   1.0000000e+00
   2.8300000e+00   6.8507101e-01   1.0000000e+00
   2.8500000e+00   6.8346788e-01   1.0000000e+00
   2.8700000e+00   6.8238369e-01   1.0000000e+00
   2.8900000e+00   6.8150836e-01   1.0000000e+00
   2.9100000e+00   6.8084189e-01   1.0000000e+00
   2.9300000e+00   6.8002190e-01   1.0000000e+00
   2.9500000e+00   6.7907752e-01   1.0000000e+00
   2.9700000e+00   6.7800877e-01   1.0000000e+00
   2.9900000e+00   6.7688773e-01   1.0000000e+00
   3.0100000e+00   6.7552564e-01   1.0000000e+00
   3.0300000e+00   6.7392251e-01   1.0000000e+00
   3.0500000e+00   6.7184938e-01   1.0000000e+00
   3.0700000e+00   6.6974406e-01   1.0000000e+00
   3.0900000e+00   6.6760655e-01   1.0000000e+00
   3.1100000e+00   6.6546904e-01   1.0000000e+00
   3.1300000e+00   6.6327153e-01   1.0000000e+00
   3.1500000e+00   6.6101402e-01   1.0000000e+00
   3.1700000e+00   6.5834213e-01   1.0000000e+00
   3.1900000e+00   6.5567025e-01   1.0000000e+00
   3.2100000e+00   6.5299836e-01   1.0000000e+00
   3.2300000e+00   6.5032648e-01   1.0000000e+00
   3.2500000e+00   6.4780679e-01   1.0000000e+00
   3.2700000e+00   6.4543929e-01   1.0000000e+00
   3.2900000e+00   6.4330178e-01   1.0000000e+00
   3.3100000e+00   6.4119981e-01   1.0000000e+00
   3.3300000e+00   6.3913336e-01   1.0000000e+00
   3.3500000e+00   6.3753023e-01   1.0000000e+00
   3.3700000e+00   6.3592709e-01   1.0000000e+00
   3.3900000e+00   6.3432396e-01   1.0000000e+00
   3.4100000e+00   6.3272083e-01   1.0000000e+00
   3.4300000e+00   6.3098998e-01   1.0000000e+00
   3.4500000e+00   6.2913141e-01   1.0000000e+00
