   6.0000000e-01   9.7524084e-01   0.0000000e+00
   6.2000000e-01   9.6147982e-01   0.0000000e+00
   6.4000000e-01   9.4522894e-01   0.0000000e+00
   6.6000000e-01   9.2648820e-01   0.0000000e+00
   6.8000000e-01   9.0725063e-01   0.0000000e+00
   7.0000000e-01   8.8710254e-01   0.0000000e+00
   7.2000000e-01   8.6604394e-01   0.0000000e+00
   7.4000000e-01   8.4433027e-01   0.0000000e+00
   7.6000000e-01   8.2351737e-01   0.0000000e+00
   7.8000000e-01   8.0360527e-01   0.0000000e+00
   8.0000000e-01   7.8682099e-01   0.0000000e+00
   8.2000000e-01   7.7068039e-01   0.0000000e+00
   8.4000000e-01   7.5518345e-01   0.0000000e+00
   8.6000000e-01   7.4334735e-01   0.0000000e+00
   8.8000000e-01   7.3216062e-01   0.0000000e+00
   9.0000000e-01   7.2162326e-01   0.0000000e+00
   9.2000000e-01   7.1262868e-01   0.0000000e+00
   9.4000000e-01   7.0438304e-01   0.0000000e+00
   9.6000000e-01   6.9688633e-01   0.0000000e+00
   9.8000000e-01   6.9058644e-01   0.0000000e+00
   1.0000000e+00   6.8476461e-01   0.0000000e+00
   1.0200000e+00   6.7942084e-01   0.0000000e+00
   1.0400000e+00   6.7502512e-01   0.0000000e+00
   1.0600000e+00   6.7068976e-01   0.0000000e+00
   1.0800000e+00   6.6641474e-01   0.0000000e+00
   1.1000000e+00   6.6238043e-01   0.0000000e+00
   1.1200000e+00   6.5855497e-01   0.0000000e+00
   1.1400000e+00   6.5493836e-01   0.0000000e+00
   1.1600000e+00   6.5171736e-01   0.0000000e+00
   1.1800000e+00   6.4796935e-01   0.0000000e+00
   1.2000000e+00   6.4369433e-01   0.0000000e+00
   1.2200000e+00   6.4069457e-01   0.0000000e+00
   1.2400000e+00   6.3770453e-01   0.0000000e+00
   1.2600000e+00   6.3472423e-01   0.0000000e+00
   1.2800000e+00   6.3132621e-01   0.0000000e+00
   1.3000000e+00   6.2779443e-01   0.0000000e+00
   1.3200000e+00   6.2412888e-01   0.0000000e+00
   1.3400000e+00   6.2092262e-01   0.0000000e+00
   1.3600000e+00   6.1771636e-01   0.0000000e+00
   1.3800000e+00   6.1451009e-01   0.0000000e+00
   1.4000000e+00   6.1092769e-01   0.0000000e+00
   1.4200000e+00   6.0739591e-01   0.0000000e+00
   1.4400000e+00   6.0391474e-01   0.0000000e+00
   1.4600000e+00   6.0042287e-01   0.0000000e+00
   1.4800000e+00   5.9655249e-01   0.0000000e+00
   1.5000000e+00   5.9230362e-01   0.0000000e+00
   1.5200000e+00   5.8856298e-01   0.0000000e+00
   1.5400000e+00   5.8482234e-01   0.0000000e+00
   1.5600000e+00   5.8108170e-01   0.0000000e+00
   1.5800000e+00   5.7701387e-01   0.0000000e+00
   1.6000000e+00   5.7305297e-01   0.0000000e+00
   1.6200000e+00   5.6919901e-01   0.0000000e+00
   1.6400000e+00   5.6580502e-01   0.0000000e+00
   1.6600000e+00   5.6197052e-01   0.0000000e+00
   1.6800000e+00   5.5769550e-01   0.0000000e+00
   1.7000000e+00   5.5393206e-01   0.0000000e+00
   1.7200000e+00   5.5057493e-01   0.0000000e+00
   1.7400000e+00   5.4762411e-01   0.0000000e+00
   1.7600000e+00   5.4439574e-01   0.0000000e+00
   1.7800000e+00   5.4099202e-01   0.0000000e+00
   1.8000000e+00   5.3741296e-01   0.0000000e+00
   1.8200000e+00   5.3429653e-01   0.0000000e+00
   1.8400000e+00   5.3166956e-01   0.0000000e+00
   1.8600000e+00   5.2953205e-01   0.0000000e+00
   1.8800000e+00   5.2646929e-01   0.0000000e+00
   1.9000000e+00   5.2350776e-01   0.0000000e+00
   1.9200000e+00   5.2064746e-01   0.0000000e+00
   1.9400000e+00   5.1820487e-01   0.0000000e+00
   1.9600000e+00   5.1591483e-01   0.0000000e+00
   1.9800000e+00   5.1377732e-01   0.0000000e+00
   2.0000000e+00   5.1163981e-01   0.0000000e+00
   2.0200000e+00   5.0950230e-01   0.0000000e+00
   2.0400000e+00   5.0736479e-01   0.0000000e+00
   2.0600000e+00   5.0522729e-01   0.0000000e+00
   2.0800000e+00   5.0308978e-01   0.0000000e+00
   2.1000000e+00   5.0095227e-01   0.0000000e+00
   2.1200000e+00   4.9899511e-01   0.0000000e+00
   2.1400000e+00   4.9715128e-01   0.0000000e+00
   2.1600000e+00   4.9542077e-01   0.0000000e+00
   2.1800000e+00   4.9274889e-01   0.0000000e+00
   2.2000000e+00   4.9055840e-01   0.0000000e+00
   2.2200000e+00   4.8884932e-01   0.0000000e+00
   2.2400000e+00   4.8688145e-01   0.0000000e+00
   2.2600000e+00   4.8482877e-01   0.0000000e+00
   2.2800000e+00   4.8269126e-01   0.0000000e+00
   2.3000000e+00   4.8068516e-01   0.0000000e+00
   2.3200000e+00   4.7888791e-01   0.0000000e+00
   2.3400000e+00   4.7729952e-01   0.0000000e+00
   2.3600000e+00   4.7623077e-01   0.0000000e+00
   2.3800000e+00   4.7494579e-01   0.0000000e+00
   2.4000000e+00   4.7344458e-01   0.0000000e+00
   2.4200000e+00   4.7215724e-01   0.0000000e+00
   2.4400000e+00   4.7087963e-01   0.0000000e+00
   2.4600000e+00   4.6961175e-01   0.0000000e+00
   2.4800000e+00   4.6809108e-01   0.0000000e+00
   2.5000000e+00   4.6679636e-01   0.0000000e+00
   2.5200000e+00   4.6572761e-01   0.0000000e+00
   2.5400000e+00   4.6465886e-01   0.0000000e+00
   2.5600000e+00   4.6339835e-01   0.0000000e+00
   2.5800000e+00   4.6194609e-01   0.0000000e+00
   2.6000000e+00   4.6060980e-01   0.0000000e+00
   2.6200000e+00   4.5933219e-01   0.0000000e+00
   2.6400000e+00   4.5811325e-01   0.0000000e+00
   2.6600000e+00   4.5654364e-01   0.0000000e+00
   2.6800000e+00   4.5522445e-01   0.0000000e+00
   2.7000000e+00   4.5415570e-01   0.0000000e+00
   2.7200000e+00   4.5308695e-01   0.0000000e+00
   2.7400000e+00   4.5201819e-01   0.0000000e+00
   2.7600000e+00   4.5094944e-01   0.0000000e+00
   2.7800000e+00   4.4988068e-01   0.0000000e+00
   2.8000000e+00   4.4881193e-01   0.0000000e+00
   2.8200000e+00   4.4774317e-01   0.0000000e+00
   2.8400000e+00   4.4667442e-01   0.0000000e+00
   2.8600000e+00   4.4560567e-01   0.0000000e+00
   2.8800000e+00   4.4453691e-01   0.0000000e+00
   2.9000000e+00   4.4387044e-01   0.0000000e+00
   2.9200000e+00   4.4298440e-01   0.0000000e+00
   2.9400000e+00   4.4187879e-01   0.0000000e+00
   2.9600000e+00   4.4061356e-01   0.0000000e+00
   2.9800000e+00   4.3966147e-01   0.0000000e+00
   3.0000000e+00   4.3902252e-01   0.0000000e+00
   3.0200000e+00   4.3741939e-01   0.0000000e+00
   3.0400000e+00   4.3628626e-01   0.0000000e+00
   3.0600000e+00   4.3562313e-01   0.0000000e+00
   3.0800000e+00   4.3473541e-01   0.0000000e+00
   3.1000000e+00   4.3399385e-01   0.0000000e+00
   3.1200000e+00   4.3339844e-01   0.0000000e+00
   3.1400000e+00   4.3327843e-01   0.0000000e+00
   3.1600000e+00   4.3295291e-01   0.0000000e+00
   3.1800000e+00   4.3242188e-01   0.0000000e+00
   3.2000000e+00   4.3242188e-01   0.0000000e+00
   3.2200000e+00   4.3242188e-01   0.0000000e+00
   3.2400000e+00   4.3242188e-01   0.0000000e+00
   3.2600000e+00   4.3242188e-01   0.0000000e+00
   3.2800000e+00   4.3251574e-01   0.0000000e+00
   3.3000000e+00   4.3270346e-01   0.0000000e+00
   3.3200000e+00   4.3309572e-01   0.0000000e+00
   3.3400000e+00   4.3302466e-01   0.0000000e+00
   3.3600000e+00   4.3249028e-01   0.0000000e+00
   2.0000000e+00   7.7796814e-01   1.0000000e+00
   2.0200000e+00   7.7689535e-01   1.0000000e+00
   2.0400000e+00   7.7635292e-01   1.0000000e+00
   2.0600000e+00   7.7416381e-01   1.0000000e+00
   2.0800000e+00   7.7173332e-01   1.0000000e+00
   2.1000000e+00   7.6906143e-01   1.0000000e+00
   2.1200000e+00   7.6656990e-01   1.0000000e+00
   2.1400000e+00   7.6422353e-01   1.0000000e+00
   2.1600000e+00   7.6202234e-01   1.0000000e+00
   2.1800000e+00   7.5935045e-01   1.0000000e+00
   2.2000000e+00   7.5691927e-01   1.0000000e+00
   2.2200000e+00   7.5472878e-01   1.0000000e+00
   2.2400000e+00   7.5186180e-01   1.0000000e+00
   2.2600000e+00   7.4907325e-01   1.0000000e+00
   2.2800000e+00   7.4636313e-01   1.0000000e+00
   2.3000000e+00   7.4435703e-01   1.0000000e+00
   2.3200000e+00   7.4254504e-01   1.0000000e+00
   2.3400000e+00   7.4092717e-01   1.0000000e+00
   2.3600000e+00   7.3878966e-01   1.0000000e+00
   2.3800000e+00   7.3686838e-01   1.0000000e+00
   2.4000000e+00   7.3516333e-01   1.0000000e+00
   2.4200000e+00   7.3387599e-01   1.0000000e+00
   2.4400000e+00   7.3259838e-01   1.0000000e+00
   2.4600000e+00   7.3133050e-01   1.0000000e+00
   2.4800000e+00   7.2980983e-01   1.0000000e+00
   2.5000000e+00   7.2851511e-01   1.0000000e+00
   2.5200000e+00   7.2744636e-01   1.0000000e+00
   2.5400000e+00   7.2637761e-01   1.0000000e+00
   2.5600000e+00   7.2511710e-01   1.0000000e+00
   2.5800000e+00   7.2366484e-01   1.0000000e+00
   2.6000000e+00   7.2152802e-01   1.0000000e+00
   2.6200000e+00   7.1912366e-01   1.0000000e+00
   2.6400000e+00   7.1645178e-01   1.0000000e+00
   2.6600000e+00   7.1377989e-01   1.0000000e+00
   2.6800000e+00   7.1110801e-01   1.0000000e+00
   2.7000000e+00   7.0843612e-01   1.0000000e+00
   2.7200000e+00   7.0531301e-01   1.0000000e+00
   2.7400000e+00   7.0231561e-01   1.0000000e+00
   2.7600000e+00   6.9944391e-01   1.0000000e+00
   2.7800000e+00   6.9677202e-01   1.0000000e+00
   2.8000000e+00   6.9415075e-01   1.0000000e+00
   2.8200000e+00   6.9158010e-01   1.0000000e+00
   2.8400000e+00   6.8944259e-01   1.0000000e+00
   2.8600000e+00   6.8730508e-01   1.0000000e+00
   2.8800000e+00   6.8516758e-01   1.0000000e+00
   2.9000000e+00   6.8343235e-01   1.0000000e+00
   2.9200000e+00   6.8176317e-01   1.0000000e+00
   2.9400000e+00   6.8016004e-01   1.0000000e+00
   2.9600000e+00   6.7838796e-01   1.0000000e+00
   2.9800000e+00   6.7643316e-01   1.0000000e+00
   3.0000000e+00   6.7429565e-01   1.0000000e+00
   3.0200000e+00   6.7215814e-01   1.0000000e+00
   3.0400000e+00   6.7025564e-01   1.0000000e+00
   3.0600000e+00   6.6858813e-01   1.0000000e+00
   3.0800000e+00   6.6557166e-01   1.0000000e+00
   3.1000000e+00   6.6242977e-01   1.0000000e+00
   3.1200000e+00   6.5916247e-01   1.0000000e+00
