   6.1000000e-01   9.8953191e-01   0.0000000e+00
   6.3000000e-01   9.7775420e-01   0.0000000e+00
   6.5000000e-01   9.6012850e-01   0.0000000e+00
   6.7000000e-01   9.3902498e-01   0.0000000e+00
   6.9000000e-01   9.1444364e-01   0.0000000e+00
   7.1000000e-01   8.9395961e-01   0.0000000e+00
   7.3000000e-01   8.7400092e-01   0.0000000e+00
   7.5000000e-01   8.5456756e-01   0.0000000e+00
   7.7000000e-01   8.3710541e-01   0.0000000e+00
   7.9000000e-01   8.2099832e-01   0.0000000e+00
   8.1000000e-01   8.0624629e-01   0.0000000e+00
   8.3000000e-01   7.9235249e-01   0.0000000e+00
   8.5000000e-01   7.7845868e-01   0.0000000e+00
   8.7000000e-01   7.6456488e-01   0.0000000e+00
   8.9000000e-01   7.5148370e-01   0.0000000e+00
   9.1000000e-01   7.3939953e-01   0.0000000e+00
   9.3000000e-01   7.2831236e-01   0.0000000e+00
   9.5000000e-01   7.1886655e-01   0.0000000e+00
   9.7000000e-01   7.0971408e-01   0.0000000e+00
   9.9000000e-01   7.0085494e-01   0.0000000e+00
   1.0100000e+00   6.9390804e-01   0.0000000e+00
   1.0300000e+00   6.8648711e-01   0.0000000e+00
   1.0500000e+00   6.7859215e-01   0.0000000e+00
   1.0700000e+00   6.7164858e-01   0.0000000e+00
   1.0900000e+00   6.6545194e-01   0.0000000e+00
   1.1100000e+00   6.6000222e-01   0.0000000e+00
   1.1300000e+00   6.5535510e-01   0.0000000e+00
   1.1500000e+00   6.5009246e-01   0.0000000e+00
   1.1700000e+00   6.4421431e-01   0.0000000e+00
   1.1900000e+00   6.3833617e-01   0.0000000e+00
   1.2100000e+00   6.3288310e-01   0.0000000e+00
   1.2300000e+00   6.2785512e-01   0.0000000e+00
   1.2500000e+00   6.2212047e-01   0.0000000e+00
   1.2700000e+00   6.1614276e-01   0.0000000e+00
   1.2900000e+00   6.0992199e-01   0.0000000e+00
   1.3100000e+00   6.0419402e-01   0.0000000e+00
   1.3300000e+00   5.9892534e-01   0.0000000e+00
   1.3500000e+00   5.9411595e-01   0.0000000e+00
   1.3700000e+00   5.8684254e-01   0.0000000e+00
   1.3900000e+00   5.8059362e-01   0.0000000e+00
   1.4100000e+00   5.7536916e-01   0.0000000e+00
   1.4300000e+00   5.7109415e-01   0.0000000e+00
   1.4500000e+00   5.6681913e-01   0.0000000e+00
   1.4700000e+00   5.6254411e-01   0.0000000e+00
   1.4900000e+00   5.5826910e-01   0.0000000e+00
   1.5100000e+00   5.5399408e-01   0.0000000e+00
   1.5300000e+00   5.4971907e-01   0.0000000e+00
   1.5500000e+00   5.4633176e-01   0.0000000e+00
   1.5700000e+00   5.4287138e-01   0.0000000e+00
   1.5900000e+00   5.3933793e-01   0.0000000e+00
   1.6100000e+00   5.3580782e-01   0.0000000e+00
   1.6300000e+00   5.3248656e-01   0.0000000e+00
   1.6500000e+00   5.2937416e-01   0.0000000e+00
   1.6700000e+00   5.2670227e-01   0.0000000e+00
   1.6900000e+00   5.2428618e-01   0.0000000e+00
   1.7100000e+00   5.2212587e-01   0.0000000e+00
   1.7300000e+00   5.2038327e-01   0.0000000e+00
   1.7500000e+00   5.1871040e-01   0.0000000e+00
   1.7700000e+00   5.1710727e-01   0.0000000e+00
   1.7900000e+00   5.1566572e-01   0.0000000e+00
   1.8100000e+00   5.1443303e-01   0.0000000e+00
   1.8300000e+00   5.1340919e-01   0.0000000e+00
   1.8500000e+00   5.1287481e-01   0.0000000e+00
   1.8700000e+00   5.1234043e-01   0.0000000e+00
   1.8900000e+00   5.1180606e-01   0.0000000e+00
   1.9100000e+00   5.1161764e-01   0.0000000e+00
   1.9300000e+00   5.1152344e-01   0.0000000e+00
   1.9500000e+00   5.1152344e-01   0.0000000e+00
   1.9700000e+00   5.1163607e-01   0.0000000e+00
   1.9900000e+00   5.1195958e-01   0.0000000e+00
   2.0100000e+00   5.1249396e-01   0.0000000e+00
   2.0300000e+00   5.1249798e-01   0.0000000e+00
   2.0500000e+00   5.1229316e-01   0.0000000e+00
   2.0700000e+00   5.1187948e-01   0.0000000e+00
   2.0900000e+00   5.1134510e-01   0.0000000e+00
   2.1100000e+00   5.1081072e-01   0.0000000e+00
   2.1300000e+00   5.1027634e-01   0.0000000e+00
   2.1500000e+00   5.0961459e-01   0.0000000e+00
   2.1700000e+00   5.0848215e-01   0.0000000e+00
   2.1900000e+00   5.0687902e-01   0.0000000e+00
   2.2100000e+00   5.0575729e-01   0.0000000e+00
   2.2300000e+00   5.0466205e-01   0.0000000e+00
   2.2500000e+00   5.0359329e-01   0.0000000e+00
   2.2700000e+00   5.0202839e-01   0.0000000e+00
   2.2900000e+00   5.0030860e-01   0.0000000e+00
   2.3100000e+00   4.9843390e-01   0.0000000e+00
   2.3300000e+00   4.9736515e-01   0.0000000e+00
   2.3500000e+00   4.9629640e-01   0.0000000e+00
   2.3700000e+00   4.9522764e-01   0.0000000e+00
   2.3900000e+00   4.9329398e-01   0.0000000e+00
   2.4100000e+00   4.9157418e-01   0.0000000e+00
   2.4300000e+00   4.9006826e-01   0.0000000e+00
   2.4500000e+00   4.8860125e-01   0.0000000e+00
   2.4700000e+00   4.8688145e-01   0.0000000e+00
   2.4900000e+00   4.8490887e-01   0.0000000e+00
   2.5100000e+00   4.8384011e-01   0.0000000e+00
   2.5300000e+00   4.8252127e-01   0.0000000e+00
   2.5500000e+00   4.8095235e-01   0.0000000e+00
   2.5700000e+00   4.7973272e-01   0.0000000e+00
   2.5900000e+00   4.7858853e-01   0.0000000e+00
   2.6100000e+00   4.7751978e-01   0.0000000e+00
   2.6300000e+00   4.7645103e-01   0.0000000e+00
   2.6500000e+00   4.7538227e-01   0.0000000e+00
   2.6700000e+00   4.7431352e-01   0.0000000e+00
   2.6900000e+00   4.7324476e-01   0.0000000e+00
   2.7100000e+00   4.7217601e-01   0.0000000e+00
   2.7300000e+00   4.7110726e-01   0.0000000e+00
   2.7500000e+00   4.7003850e-01   0.0000000e+00
   2.7700000e+00   4.6886080e-01   0.0000000e+00
   2.7900000e+00   4.6757415e-01   0.0000000e+00
   2.8100000e+00   4.6607225e-01   0.0000000e+00
   2.8300000e+00   4.6478692e-01   0.0000000e+00
   2.8500000e+00   4.6371817e-01   0.0000000e+00
   2.8700000e+00   4.6264942e-01   0.0000000e+00
   2.8900000e+00   4.6158066e-01   0.0000000e+00
   2.9100000e+00   4.6051191e-01   0.0000000e+00
   2.9300000e+00   4.5887192e-01   0.0000000e+00
   2.9500000e+00   4.5715212e-01   0.0000000e+00
   2.9700000e+00   4.5535252e-01   0.0000000e+00
   2.9900000e+00   4.5428377e-01   0.0000000e+00
   3.0100000e+00   4.5321501e-01   0.0000000e+00
   3.0300000e+00   4.5214626e-01   0.0000000e+00
   3.0500000e+00   4.5107750e-01   0.0000000e+00
   3.0700000e+00   4.5000875e-01   0.0000000e+00
   3.0900000e+00   4.4894000e-01   0.0000000e+00
   3.1100000e+00   4.4763457e-01   0.0000000e+00
   3.1300000e+00   4.4630030e-01   0.0000000e+00
   3.1500000e+00   4.4493718e-01   0.0000000e+00
   3.1700000e+00   4.4440280e-01   0.0000000e+00
   3.1900000e+00   4.4386842e-01   0.0000000e+00
   3.2100000e+00   4.4333405e-01   0.0000000e+00
   3.2300000e+00   4.4237862e-01   0.0000000e+00
   3.2500000e+00   4.4151872e-01   0.0000000e+00
   3.2700000e+00   4.4075435e-01   0.0000000e+00
   3.2900000e+00   4.4021998e-01   0.0000000e+00
   3.3100000e+00   4.3965007e-01   0.0000000e+00
   3.3300000e+00   4.3904463e-01   0.0000000e+00
   3.3500000e+00   4.3797588e-01   0.0000000e+00
   3.3700000e+00   4.3739590e-01   0.0000000e+00
   3.3900000e+00   4.3730469e-01   0.0000000e+00
   3.4100000e+00   4.3656047e-01   0.0000000e+00
   3.4300000e+00   4.3578171e-01   0.0000000e+00
   3.4500000e+00   4.3496840e-01   0.0000000e+00
   3.4700000e+00   4.3457280e-01   0.0000000e+00
   3.4900000e+00   4.3431972e-01   0.0000000e+00
   3.5100000e+00   4.3420915e-01   0.0000000e+00
   3.5300000e+00   4.3153726e-01   0.0000000e+00
   2.0000000e+00   8.0176995e-01   1.0000000e+00
   2.0200000e+00   7.9945432e-01   1.0000000e+00
   2.0400000e+00   7.9713868e-01   1.0000000e+00
   2.0600000e+00   7.9482305e-01   1.0000000e+00
   2.0800000e+00   7.9250741e-01   1.0000000e+00
   2.1000000e+00   7.9019178e-01   1.0000000e+00
   2.1200000e+00   7.8787615e-01   1.0000000e+00
   2.1400000e+00   7.8556051e-01   1.0000000e+00
   2.1600000e+00   7.8324488e-01   1.0000000e+00
   2.1800000e+00   7.8092925e-01   1.0000000e+00
   2.2000000e+00   7.7861361e-01   1.0000000e+00
   2.2200000e+00   7.7629798e-01   1.0000000e+00
   2.2400000e+00   7.7118603e-01   1.0000000e+00
   2.2600000e+00   7.6654012e-01   1.0000000e+00
   2.2800000e+00   7.6236024e-01   1.0000000e+00
   2.3000000e+00   7.6049430e-01   1.0000000e+00
   2.3200000e+00   7.5821801e-01   1.0000000e+00
   2.3400000e+00   7.5553138e-01   1.0000000e+00
   2.3600000e+00   7.5232512e-01   1.0000000e+00
   2.3800000e+00   7.4911886e-01   1.0000000e+00
   2.4000000e+00   7.4591259e-01   1.0000000e+00
   2.4200000e+00   7.4239054e-01   1.0000000e+00
