   6.0000000e-01   9.4652130e-01   0.0000000e+00
   6.2000000e-01   9.2612180e-01   0.0000000e+00
   6.4000000e-01   9.0349997e-01   0.0000000e+00
   6.6000000e-01   8.7865581e-01   0.0000000e+00
   6.8000000e-01   8.5033383e-01   0.0000000e+00
   7.0000000e-01   8.2474339e-01   0.0000000e+00
   7.2000000e-01   8.0188449e-01   0.0000000e+00
   7.4000000e-01   7.8065222e-01   0.0000000e+00
   7.6000000e-01   7.6105826e-01   0.0000000e+00
   7.8000000e-01   7.4310262e-01   0.0000000e+00
   8.0000000e-01   7.2920882e-01   0.0000000e+00
   8.2000000e-01   7.1531501e-01   0.0000000e+00
   8.4000000e-01   7.0142121e-01   0.0000000e+00
   8.6000000e-01   6.9014229e-01   0.0000000e+00
   8.8000000e-01   6.7929818e-01   0.0000000e+00
   9.0000000e-01   6.6888888e-01   0.0000000e+00
   9.2000000e-01   6.6047360e-01   0.0000000e+00
   9.4000000e-01   6.5279250e-01   0.0000000e+00
   9.6000000e-01   6.4584560e-01   0.0000000e+00
   9.8000000e-01   6.3895502e-01   0.0000000e+00
   1.0000000e+00   6.3230346e-01   0.0000000e+00
   1.0200000e+00   6.2589094e-01   0.0000000e+00
   1.0400000e+00   6.1900439e-01   0.0000000e+00
   1.0600000e+00   6.1262371e-01   0.0000000e+00
   1.0800000e+00   6.0674890e-01   0.0000000e+00
   1.1000000e+00   6.0188653e-01   0.0000000e+00
   1.1200000e+00   5.9731784e-01   0.0000000e+00
   1.1400000e+00   5.9304282e-01   0.0000000e+00
   1.1600000e+00   5.8877518e-01   0.0000000e+00
   1.1800000e+00   5.8477103e-01   0.0000000e+00
   1.2000000e+00   5.8103039e-01   0.0000000e+00
   1.2200000e+00   5.7813992e-01   0.0000000e+00
   1.2400000e+00   5.7535874e-01   0.0000000e+00
   1.2600000e+00   5.7268686e-01   0.0000000e+00
   1.2800000e+00   5.7020673e-01   0.0000000e+00
   1.3000000e+00   5.6789791e-01   0.0000000e+00
   1.3200000e+00   5.6576040e-01   0.0000000e+00
   1.3400000e+00   5.6362289e-01   0.0000000e+00
   1.3600000e+00   5.6148538e-01   0.0000000e+00
   1.3800000e+00   5.5934788e-01   0.0000000e+00
   1.4000000e+00   5.5758650e-01   0.0000000e+00
   1.4200000e+00   5.5603399e-01   0.0000000e+00
   1.4400000e+00   5.5469033e-01   0.0000000e+00
   1.4600000e+00   5.5333596e-01   0.0000000e+00
   1.4800000e+00   5.5161617e-01   0.0000000e+00
   1.5000000e+00   5.4953094e-01   0.0000000e+00
   1.5200000e+00   5.4846219e-01   0.0000000e+00
   1.5400000e+00   5.4739344e-01   0.0000000e+00
   1.5600000e+00   5.4632468e-01   0.0000000e+00
   1.5800000e+00   5.4525593e-01   0.0000000e+00
   1.6000000e+00   5.4418717e-01   0.0000000e+00
   1.6200000e+00   5.4311842e-01   0.0000000e+00
   1.6400000e+00   5.4195580e-01   0.0000000e+00
   1.6600000e+00   5.4057293e-01   0.0000000e+00
   1.6800000e+00   5.3896980e-01   0.0000000e+00
   1.7000000e+00   5.3685509e-01   0.0000000e+00
   1.7200000e+00   5.3492644e-01   0.0000000e+00
   1.7400000e+00   5.3318384e-01   0.0000000e+00
   1.7600000e+00   5.3130247e-01   0.0000000e+00
   1.7800000e+00   5.2929302e-01   0.0000000e+00
   1.8000000e+00   5.2715552e-01   0.0000000e+00
   1.8200000e+00   5.2501801e-01   0.0000000e+00
   1.8400000e+00   5.2288050e-01   0.0000000e+00
   1.8600000e+00   5.2074299e-01   0.0000000e+00
   1.8800000e+00   5.1906811e-01   0.0000000e+00
   1.9000000e+00   5.1742911e-01   0.0000000e+00
   1.9200000e+00   5.1582597e-01   0.0000000e+00
   1.9400000e+00   5.1399354e-01   0.0000000e+00
   1.9600000e+00   5.1212121e-01   0.0000000e+00
   1.9800000e+00   5.1020897e-01   0.0000000e+00
   2.0000000e+00   5.0914022e-01   0.0000000e+00
   2.0200000e+00   5.0807146e-01   0.0000000e+00
   2.0400000e+00   5.0700271e-01   0.0000000e+00
   2.0600000e+00   5.0510659e-01   0.0000000e+00
   2.0800000e+00   5.0323829e-01   0.0000000e+00
   2.1000000e+00   5.0139779e-01   0.0000000e+00
   2.1200000e+00   4.9979466e-01   0.0000000e+00
   2.1400000e+00   4.9819153e-01   0.0000000e+00
   2.1600000e+00   4.9658840e-01   0.0000000e+00
   2.1800000e+00   4.9498527e-01   0.0000000e+00
   2.2000000e+00   4.9338214e-01   0.0000000e+00
   2.2200000e+00   4.9177901e-01   0.0000000e+00
   2.2400000e+00   4.8981114e-01   0.0000000e+00
   2.2600000e+00   4.8800653e-01   0.0000000e+00
   2.2800000e+00   4.8636516e-01   0.0000000e+00
   2.3000000e+00   4.8516500e-01   0.0000000e+00
   2.3200000e+00   4.8376335e-01   0.0000000e+00
   2.3400000e+00   4.8216022e-01   0.0000000e+00
   2.3600000e+00   4.8055709e-01   0.0000000e+00
   2.3800000e+00   4.7917019e-01   0.0000000e+00
   2.4000000e+00   4.7799951e-01   0.0000000e+00
   2.4200000e+00   4.7693076e-01   0.0000000e+00
   2.4400000e+00   4.7576244e-01   0.0000000e+00
   2.4600000e+00   4.7449456e-01   0.0000000e+00
   2.4800000e+00   4.7289143e-01   0.0000000e+00
   2.5000000e+00   4.7128830e-01   0.0000000e+00
   2.5200000e+00   4.6968517e-01   0.0000000e+00
   2.5400000e+00   4.6858221e-01   0.0000000e+00
   2.5600000e+00   4.6711284e-01   0.0000000e+00
   2.5800000e+00   4.6527707e-01   0.0000000e+00
   2.6000000e+00   4.6367325e-01   0.0000000e+00
   2.6200000e+00   4.6233697e-01   0.0000000e+00
   2.6400000e+00   4.6126821e-01   0.0000000e+00
   2.6600000e+00   4.6016594e-01   0.0000000e+00
   2.6800000e+00   4.5881324e-01   0.0000000e+00
   2.7000000e+00   4.5721011e-01   0.0000000e+00
   2.7200000e+00   4.5605821e-01   0.0000000e+00
   2.7400000e+00   4.5478060e-01   0.0000000e+00
   2.7600000e+00   4.5337728e-01   0.0000000e+00
   2.7800000e+00   4.5199205e-01   0.0000000e+00
   2.8000000e+00   4.5076505e-01   0.0000000e+00
   2.8200000e+00   4.4969630e-01   0.0000000e+00
   2.8400000e+00   4.4862755e-01   0.0000000e+00
   2.8600000e+00   4.4755879e-01   0.0000000e+00
   2.8800000e+00   4.4649004e-01   0.0000000e+00
   2.9000000e+00   4.4542128e-01   0.0000000e+00
   2.9200000e+00   4.4435253e-01   0.0000000e+00
   2.9400000e+00   4.4328378e-01   0.0000000e+00
   2.9600000e+00   4.4221502e-01   0.0000000e+00
   2.9800000e+00   4.4114627e-01   0.0000000e+00
   3.0000000e+00   4.4007751e-01   0.0000000e+00
   3.0200000e+00   4.3900876e-01   0.0000000e+00
   3.0400000e+00   4.3794000e-01   0.0000000e+00
   3.0600000e+00   4.3687125e-01   0.0000000e+00
   3.0800000e+00   4.3580250e-01   0.0000000e+00
   3.1000000e+00   4.3473374e-01   0.0000000e+00
   3.1200000e+00   4.3366499e-01   0.0000000e+00
   3.1400000e+00   4.3271624e-01   0.0000000e+00
   3.1600000e+00   4.3197301e-01   0.0000000e+00
   3.1800000e+00   4.3143529e-01   0.0000000e+00
   3.2000000e+00   4.3036653e-01   0.0000000e+00
   3.2200000e+00   4.2950831e-01   0.0000000e+00
   3.2400000e+00   4.2886061e-01   0.0000000e+00
   3.2600000e+00   4.2832623e-01   0.0000000e+00
   3.2800000e+00   4.2788572e-01   0.0000000e+00
   3.3000000e+00   4.2753906e-01   0.0000000e+00
   3.3200000e+00   4.2761012e-01   0.0000000e+00
   3.3400000e+00   4.2791284e-01   0.0000000e+00
   3.3600000e+00   4.2844722e-01   0.0000000e+00
   2.1600000e+00   7.6523862e-01   1.0000000e+00
   2.1800000e+00   7.6416987e-01   1.0000000e+00
   2.2000000e+00   7.6334181e-01   1.0000000e+00
   2.2200000e+00   7.6275446e-01   1.0000000e+00
   2.2400000e+00   7.6185535e-01   1.0000000e+00
   2.2600000e+00   7.6074738e-01   1.0000000e+00
   2.2800000e+00   7.5943055e-01   1.0000000e+00
   2.3000000e+00   7.5756461e-01   1.0000000e+00
   2.3200000e+00   7.5531043e-01   1.0000000e+00
   2.3400000e+00   7.5266803e-01   1.0000000e+00
   2.3600000e+00   7.5106490e-01   1.0000000e+00
   2.3800000e+00   7.4946177e-01   1.0000000e+00
   2.4000000e+00   7.4785864e-01   1.0000000e+00
   2.4200000e+00   7.4593972e-01   1.0000000e+00
   2.4400000e+00   7.4391151e-01   1.0000000e+00
   2.4600000e+00   7.4177400e-01   1.0000000e+00
   2.4800000e+00   7.3980141e-01   1.0000000e+00
   2.5000000e+00   7.3828074e-01   1.0000000e+00
   2.5200000e+00   7.3721199e-01   1.0000000e+00
   2.5400000e+00   7.3564306e-01   1.0000000e+00
   2.5600000e+00   7.3424878e-01   1.0000000e+00
   2.5800000e+00   7.3302916e-01   1.0000000e+00
   2.6000000e+00   7.3196041e-01   1.0000000e+00
   2.6200000e+00   7.3089165e-01   1.0000000e+00
   2.6400000e+00   7.2982290e-01   1.0000000e+00
   2.6600000e+00   7.2875414e-01   1.0000000e+00
   2.6800000e+00   7.2768539e-01   1.0000000e+00
   2.7000000e+00   7.2661664e-01   1.0000000e+00
   2.7200000e+00   7.2599911e-01   1.0000000e+00
   2.7400000e+00   7.2508860e-01   1.0000000e+00
   2.7600000e+00   7.2388509e-01   1.0000000e+00
   2.7800000e+00   7.2228196e-01   1.0000000e+00
   2.8000000e+00   7.2062821e-01   1.0000000e+00
   2.8200000e+00   7.1892385e-01   1.0000000e+00
   2.8400000e+00   7.1678634e-01   1.0000000e+00
