   6.1000000e-01   9.5768016e-01   0.0000000e+00
   6.3000000e-01   9.4437106e-01   0.0000000e+00
   6.5000000e-01   9.2426121e-01   0.0000000e+00
   6.7000000e-01   9.0191561e-01   0.0000000e+00
   6.9000000e-01   8.7733427e-01   0.0000000e+00
   7.1000000e-01   8.5685024e-01   0.0000000e+00
   7.3000000e-01   8.3790732e-01   0.0000000e+00
   7.5000000e-01   8.2050552e-01   0.0000000e+00
   7.7000000e-01   8.0513999e-01   0.0000000e+00
   7.9000000e-01   7.9024314e-01   0.0000000e+00
   8.1000000e-01   7.7581496e-01   0.0000000e+00
   8.3000000e-01   7.6138678e-01   0.0000000e+00
   8.5000000e-01   7.4826604e-01   0.0000000e+00
   8.7000000e-01   7.3645274e-01   0.0000000e+00
   8.9000000e-01   7.2429013e-01   0.0000000e+00
   9.1000000e-01   7.1336690e-01   0.0000000e+00
   9.3000000e-01   7.0368305e-01   0.0000000e+00
   9.5000000e-01   6.9637475e-01   0.0000000e+00
   9.7000000e-01   6.8921899e-01   0.0000000e+00
   9.9000000e-01   6.8221577e-01   0.0000000e+00
   1.0100000e+00   6.7473450e-01   0.0000000e+00
   1.0300000e+00   6.6796426e-01   0.0000000e+00
   1.0500000e+00   6.6190507e-01   0.0000000e+00
   1.0700000e+00   6.5674166e-01   0.0000000e+00
   1.0900000e+00   6.5199595e-01   0.0000000e+00
   1.1100000e+00   6.4766796e-01   0.0000000e+00
   1.1300000e+00   6.4380328e-01   0.0000000e+00
   1.1500000e+00   6.3971501e-01   0.0000000e+00
   1.1700000e+00   6.3540314e-01   0.0000000e+00
   1.1900000e+00   6.2845624e-01   0.0000000e+00
   1.2100000e+00   6.2299713e-01   0.0000000e+00
   1.2300000e+00   6.1902581e-01   0.0000000e+00
   1.2500000e+00   6.1520271e-01   0.0000000e+00
   1.2700000e+00   6.1115365e-01   0.0000000e+00
   1.2900000e+00   6.0687864e-01   0.0000000e+00
   1.3100000e+00   6.0252853e-01   0.0000000e+00
   1.3300000e+00   5.9794878e-01   0.0000000e+00
   1.3500000e+00   5.9313939e-01   0.0000000e+00
   1.3700000e+00   5.8832999e-01   0.0000000e+00
   1.3900000e+00   5.8370867e-01   0.0000000e+00
   1.4100000e+00   5.7927541e-01   0.0000000e+00
   1.4300000e+00   5.7551934e-01   0.0000000e+00
   1.4500000e+00   5.7203818e-01   0.0000000e+00
   1.4700000e+00   5.6883191e-01   0.0000000e+00
   1.4900000e+00   5.6562565e-01   0.0000000e+00
   1.5100000e+00   5.6241939e-01   0.0000000e+00
   1.5300000e+00   5.5921313e-01   0.0000000e+00
   1.5500000e+00   5.5556301e-01   0.0000000e+00
   1.5700000e+00   5.5235842e-01   0.0000000e+00
   1.5900000e+00   5.4959935e-01   0.0000000e+00
   1.6100000e+00   5.4746184e-01   0.0000000e+00
   1.6300000e+00   5.4537127e-01   0.0000000e+00
   1.6500000e+00   5.4332762e-01   0.0000000e+00
   1.6700000e+00   5.4172449e-01   0.0000000e+00
   1.6900000e+00   5.4012136e-01   0.0000000e+00
   1.7100000e+00   5.3851823e-01   0.0000000e+00
   1.7300000e+00   5.3731001e-01   0.0000000e+00
   1.7500000e+00   5.3589327e-01   0.0000000e+00
   1.7700000e+00   5.3426803e-01   0.0000000e+00
   1.7900000e+00   5.3245368e-01   0.0000000e+00
   1.8100000e+00   5.3098967e-01   0.0000000e+00
   1.8300000e+00   5.2987600e-01   0.0000000e+00
   1.8500000e+00   5.2827287e-01   0.0000000e+00
   1.8700000e+00   5.2690105e-01   0.0000000e+00
   1.8900000e+00   5.2576055e-01   0.0000000e+00
   1.9100000e+00   5.2434583e-01   0.0000000e+00
   1.9300000e+00   5.2295156e-01   0.0000000e+00
   1.9500000e+00   5.2157773e-01   0.0000000e+00
   1.9700000e+00   5.2050897e-01   0.0000000e+00
   1.9900000e+00   5.1944022e-01   0.0000000e+00
   2.0100000e+00   5.1837146e-01   0.0000000e+00
   2.0300000e+00   5.1624202e-01   0.0000000e+00
   2.0500000e+00   5.1452222e-01   0.0000000e+00
   2.0700000e+00   5.1321208e-01   0.0000000e+00
   2.0900000e+00   5.1184631e-01   0.0000000e+00
   2.1100000e+00   5.1036185e-01   0.0000000e+00
   2.1300000e+00   5.0875872e-01   0.0000000e+00
   2.1500000e+00   5.0715559e-01   0.0000000e+00
   2.1700000e+00   5.0555246e-01   0.0000000e+00
   2.1900000e+00   5.0394933e-01   0.0000000e+00
   2.2100000e+00   5.0138340e-01   0.0000000e+00
   2.2300000e+00   4.9912922e-01   0.0000000e+00
   2.2500000e+00   4.9718681e-01   0.0000000e+00
   2.2700000e+00   4.9533561e-01   0.0000000e+00
   2.2900000e+00   4.9334125e-01   0.0000000e+00
   2.3100000e+00   4.9120375e-01   0.0000000e+00
   2.3300000e+00   4.8906624e-01   0.0000000e+00
   2.3500000e+00   4.8692873e-01   0.0000000e+00
   2.3700000e+00   4.8479122e-01   0.0000000e+00
   2.3900000e+00   4.8308617e-01   0.0000000e+00
   2.4100000e+00   4.8158997e-01   0.0000000e+00
   2.4300000e+00   4.8030263e-01   0.0000000e+00
   2.4500000e+00   4.7903475e-01   0.0000000e+00
   2.4700000e+00   4.7764047e-01   0.0000000e+00
   2.4900000e+00   4.7611981e-01   0.0000000e+00
   2.5100000e+00   4.7505105e-01   0.0000000e+00
   2.5300000e+00   4.7398230e-01   0.0000000e+00
   2.5500000e+00   4.7291354e-01   0.0000000e+00
   2.5700000e+00   4.7222830e-01   0.0000000e+00
   2.5900000e+00   4.7135164e-01   0.0000000e+00
   2.6100000e+00   4.7028358e-01   0.0000000e+00
   2.6300000e+00   4.6883063e-01   0.0000000e+00
   2.6500000e+00   4.6756977e-01   0.0000000e+00
   2.6700000e+00   4.6650102e-01   0.0000000e+00
   2.6900000e+00   4.6543226e-01   0.0000000e+00
   2.7100000e+00   4.6458912e-01   0.0000000e+00
   2.7300000e+00   4.6397160e-01   0.0000000e+00
   2.7500000e+00   4.6243353e-01   0.0000000e+00
   2.7700000e+00   4.6092259e-01   0.0000000e+00
   2.7900000e+00   4.5943878e-01   0.0000000e+00
   2.8100000e+00   4.5870193e-01   0.0000000e+00
   2.8300000e+00   4.5753195e-01   0.0000000e+00
   2.8500000e+00   4.5592882e-01   0.0000000e+00
   2.8700000e+00   4.5536358e-01   0.0000000e+00
   2.8900000e+00   4.5481377e-01   0.0000000e+00
   2.9100000e+00   4.5427939e-01   0.0000000e+00
   2.9300000e+00   4.5345940e-01   0.0000000e+00
   2.9500000e+00   4.5251502e-01   0.0000000e+00
   2.9700000e+00   4.5144627e-01   0.0000000e+00
   2.9900000e+00   4.5032523e-01   0.0000000e+00
   3.0100000e+00   4.4896314e-01   0.0000000e+00
   3.0300000e+00   4.4736001e-01   0.0000000e+00
   3.0500000e+00   4.4622688e-01   0.0000000e+00
   3.0700000e+00   4.4512594e-01   0.0000000e+00
   3.0900000e+00   4.4405718e-01   0.0000000e+00
   3.1100000e+00   4.4322510e-01   0.0000000e+00
   3.1300000e+00   4.4254187e-01   0.0000000e+00
   3.1500000e+00   4.4200749e-01   0.0000000e+00
   3.1700000e+00   4.4146977e-01   0.0000000e+00
   3.1900000e+00   4.4066654e-01   0.0000000e+00
   3.2100000e+00   4.3959778e-01   0.0000000e+00
   3.2300000e+00   4.3895008e-01   0.0000000e+00
   3.2500000e+00   4.3835904e-01   0.0000000e+00
   3.2700000e+00   4.3782467e-01   0.0000000e+00
   3.2900000e+00   4.3710257e-01   0.0000000e+00
   3.3100000e+00   4.3620714e-01   0.0000000e+00
   3.3300000e+00   4.3513838e-01   0.0000000e+00
   3.3500000e+00   4.3406963e-01   0.0000000e+00
   3.3700000e+00   4.3348965e-01   0.0000000e+00
   3.3900000e+00   4.3339844e-01   0.0000000e+00
   2.1000000e+00   8.0944253e-01   1.0000000e+00
   2.1200000e+00   8.0447951e-01   1.0000000e+00
   2.1400000e+00   8.0133625e-01   1.0000000e+00
   2.1600000e+00   8.0001274e-01   1.0000000e+00
   2.1800000e+00   7.9680648e-01   1.0000000e+00
   2.2000000e+00   7.9432232e-01   1.0000000e+00
   2.2200000e+00   7.9256026e-01   1.0000000e+00
   2.2400000e+00   7.9095713e-01   1.0000000e+00
   2.2600000e+00   7.8947803e-01   1.0000000e+00
   2.2800000e+00   7.8812297e-01   1.0000000e+00
   2.3000000e+00   7.8705422e-01   1.0000000e+00
   2.3200000e+00   7.8598546e-01   1.0000000e+00
   2.3400000e+00   7.8491671e-01   1.0000000e+00
   2.3600000e+00   7.8384796e-01   1.0000000e+00
   2.3800000e+00   7.8213052e-01   1.0000000e+00
   2.4000000e+00   7.7976440e-01   1.0000000e+00
   2.4200000e+00   7.7646094e-01   1.0000000e+00
   2.4400000e+00   7.7283932e-01   1.0000000e+00
   2.4600000e+00   7.6889956e-01   1.0000000e+00
   2.4800000e+00   7.6470700e-01   1.0000000e+00
   2.5000000e+00   7.6074040e-01   1.0000000e+00
   2.5200000e+00   7.5699976e-01   1.0000000e+00
   2.5400000e+00   7.5525982e-01   1.0000000e+00
   2.5600000e+00   7.5378003e-01   1.0000000e+00
   2.5800000e+00   7.5256041e-01   1.0000000e+00
   2.6000000e+00   7.5149166e-01   1.0000000e+00
   2.6200000e+00   7.5034781e-01   1.0000000e+00
   2.6400000e+00   7.4912888e-01   1.0000000e+00
   2.6600000e+00   7.4755926e-01   1.0000000e+00
   2.6800000e+00   7.4624008e-01   1.0000000e+00
   2.7000000e+00   7.4517133e-01   1.0000000e+00
   2.7200000e+00   7.4320012e-01   1.0000000e+00
   2.7400000e+00   7.4114576e-01   1.0000000e+00
   2.7600000e+00   7.3900825e-01   1.0000000e+00
   2.7800000e+00   7.3665284e-01   1.0000000e+00
   2.8000000e+00   7.3408858e-01   1.0000000e+00
   2.8200000e+00   7.3131546e-01   1.0000000e+00
   2.8400000e+00   7.2810920e-01   1.0000000e+00
   2.8600000e+00   7.2516241e-01   1.0000000e+00
   2.8800000e+00   7.2247509e-01   1.0000000e+00
   2.9000000e+00   7.2020549e-01   1.0000000e+00
   2.9200000e+00   7.1814474e-01   1.0000000e+00
   2.9400000e+00   7.1629285e-01   1.0000000e+00
   2.9600000e+00   7.1502762e-01   1.0000000e+00
   2.9800000e+00   7.1407553e-01   1.0000000e+00
   3.0000000e+00   7.1343658e-01   1.0000000e+00
   3.0200000e+00   7.1183345e-01   1.0000000e+00
   3.0400000e+00   7.1046532e-01   1.0000000e+00
   3.0600000e+00   7.0933219e-01   1.0000000e+00
   3.0800000e+00   7.0861677e-01   1.0000000e+00
   3.1000000e+00   7.0787354e-01   1.0000000e+00
   3.1200000e+00   7.0710249e-01   1.0000000e+00
   3.1400000e+00   7.0591373e-01   1.0000000e+00
   3.1600000e+00   7.0451611e-01   1.0000000e+00
   3.1800000e+00   7.0290964e-01   1.0000000e+00
   3.2000000e+00   7.0077213e-01   1.0000000e+00
