   6.0000000e-01   9.4888073e-01   0.0000000e+00
   6.2000000e-01   9.2809035e-01   0.0000000e+00
   6.4000000e-01   9.0414364e-01   0.0000000e+00
   6.6000000e-01   8.7704059e-01   0.0000000e+00
   6.8000000e-01   8.5192487e-01   0.0000000e+00
   7.0000000e-01   8.3045120e-01   0.0000000e+00
   7.2000000e-01   8.1261960e-01   0.0000000e+00
   7.4000000e-01   7.9266799e-01   0.0000000e+00
   7.6000000e-01   7.7340191e-01   0.0000000e+00
   7.8000000e-01   7.5482137e-01   0.0000000e+00
   8.0000000e-01   7.4103283e-01   0.0000000e+00
   8.2000000e-01   7.2745885e-01   0.0000000e+00
   8.4000000e-01   7.1409942e-01   0.0000000e+00
   8.6000000e-01   7.0283190e-01   0.0000000e+00
   8.8000000e-01   6.9260296e-01   0.0000000e+00
   9.0000000e-01   6.8341259e-01   0.0000000e+00
   9.2000000e-01   6.7573150e-01   0.0000000e+00
   9.4000000e-01   6.6850400e-01   0.0000000e+00
   9.6000000e-01   6.6173008e-01   0.0000000e+00
   9.8000000e-01   6.5531755e-01   0.0000000e+00
   1.0000000e+00   6.4890503e-01   0.0000000e+00
   1.0200000e+00   6.4249250e-01   0.0000000e+00
   1.0400000e+00   6.3607998e-01   0.0000000e+00
   1.0600000e+00   6.3002482e-01   0.0000000e+00
   1.0800000e+00   6.2432702e-01   0.0000000e+00
   1.1000000e+00   6.1874255e-01   0.0000000e+00
   1.1200000e+00   6.1301124e-01   0.0000000e+00
   1.1400000e+00   6.0713310e-01   0.0000000e+00
   1.1600000e+00   6.0124758e-01   0.0000000e+00
   1.1800000e+00   5.9509856e-01   0.0000000e+00
   1.2000000e+00   5.8868603e-01   0.0000000e+00
   1.2200000e+00   5.8227351e-01   0.0000000e+00
   1.2400000e+00   5.7616940e-01   0.0000000e+00
   1.2600000e+00   5.7037372e-01   0.0000000e+00
   1.2800000e+00   5.6502995e-01   0.0000000e+00
   1.3000000e+00   5.5964863e-01   0.0000000e+00
   1.3200000e+00   5.5422977e-01   0.0000000e+00
   1.3400000e+00   5.4835162e-01   0.0000000e+00
   1.3600000e+00   5.4370548e-01   0.0000000e+00
   1.3800000e+00   5.4029134e-01   0.0000000e+00
   1.4000000e+00   5.3633281e-01   0.0000000e+00
   1.4200000e+00   5.3247550e-01   0.0000000e+00
   1.4400000e+00   5.2871943e-01   0.0000000e+00
   1.4600000e+00   5.2522755e-01   0.0000000e+00
   1.4800000e+00   5.2137025e-01   0.0000000e+00
   1.5000000e+00   5.1714752e-01   0.0000000e+00
   1.5200000e+00   5.1394126e-01   0.0000000e+00
   1.5400000e+00   5.1073500e-01   0.0000000e+00
   1.5600000e+00   5.0752873e-01   0.0000000e+00
   1.5800000e+00   5.0432247e-01   0.0000000e+00
   1.6000000e+00   5.0122147e-01   0.0000000e+00
   1.6200000e+00   4.9822574e-01   0.0000000e+00
   1.6400000e+00   4.9564771e-01   0.0000000e+00
   1.6600000e+00   4.9328995e-01   0.0000000e+00
   1.6800000e+00   4.9115244e-01   0.0000000e+00
   1.7000000e+00   4.8901493e-01   0.0000000e+00
   1.7200000e+00   4.8667997e-01   0.0000000e+00
   1.7400000e+00   4.8414755e-01   0.0000000e+00
   1.7600000e+00   4.8231040e-01   0.0000000e+00
   1.7800000e+00   4.8077666e-01   0.0000000e+00
   1.8000000e+00   4.7954633e-01   0.0000000e+00
   1.8200000e+00   4.7794319e-01   0.0000000e+00
   1.8400000e+00   4.7634006e-01   0.0000000e+00
   1.8600000e+00   4.7473693e-01   0.0000000e+00
   1.8800000e+00   4.7313380e-01   0.0000000e+00
   1.9000000e+00   4.7170365e-01   0.0000000e+00
   1.9200000e+00   4.7044648e-01   0.0000000e+00
   1.9400000e+00   4.6914843e-01   0.0000000e+00
   1.9600000e+00   4.6775416e-01   0.0000000e+00
   1.9800000e+00   4.6626366e-01   0.0000000e+00
   2.0000000e+00   4.6519491e-01   0.0000000e+00
   2.0200000e+00   4.6412615e-01   0.0000000e+00
   2.0400000e+00   4.6305740e-01   0.0000000e+00
   2.0600000e+00   4.6157496e-01   0.0000000e+00
   2.0800000e+00   4.5988367e-01   0.0000000e+00
   2.1000000e+00   4.5798352e-01   0.0000000e+00
   2.1200000e+00   4.5602636e-01   0.0000000e+00
   2.1400000e+00   4.5427806e-01   0.0000000e+00
   2.1600000e+00   4.5273862e-01   0.0000000e+00
   2.1800000e+00   4.5166987e-01   0.0000000e+00
   2.2000000e+00   4.5036041e-01   0.0000000e+00
   2.2200000e+00   4.4881026e-01   0.0000000e+00
   2.2400000e+00   4.4684239e-01   0.0000000e+00
   2.2600000e+00   4.4503778e-01   0.0000000e+00
   2.2800000e+00   4.4339641e-01   0.0000000e+00
   2.3000000e+00   4.4219625e-01   0.0000000e+00
   2.3200000e+00   4.4079460e-01   0.0000000e+00
   2.3400000e+00   4.3919147e-01   0.0000000e+00
   2.3600000e+00   4.3758834e-01   0.0000000e+00
   2.3800000e+00   4.3620144e-01   0.0000000e+00
   2.4000000e+00   4.3503076e-01   0.0000000e+00
   2.4200000e+00   4.3396201e-01   0.0000000e+00
   2.4400000e+00   4.3289325e-01   0.0000000e+00
   2.4600000e+00   4.3182450e-01   0.0000000e+00
   2.4800000e+00   4.3075574e-01   0.0000000e+00
   2.5000000e+00   4.2968699e-01   0.0000000e+00
   2.5200000e+00   4.2861824e-01   0.0000000e+00
   2.5400000e+00   4.2804966e-01   0.0000000e+00
   2.5600000e+00   4.2749818e-01   0.0000000e+00
   2.5800000e+00   4.2696380e-01   0.0000000e+00
   2.6000000e+00   4.2642942e-01   0.0000000e+00
   2.6200000e+00   4.2589505e-01   0.0000000e+00
   2.6400000e+00   4.2536067e-01   0.0000000e+00
   2.6600000e+00   4.2485981e-01   0.0000000e+00
   2.6800000e+00   4.2460938e-01   0.0000000e+00
   2.7000000e+00   4.2460938e-01   0.0000000e+00
   2.7200000e+00   4.2415815e-01   0.0000000e+00
   2.7400000e+00   4.2383263e-01   0.0000000e+00
   2.7600000e+00   4.2363281e-01   0.0000000e+00
   2.7800000e+00   4.2341491e-01   0.0000000e+00
   2.8000000e+00   4.2303878e-01   0.0000000e+00
   2.8200000e+00   4.2250440e-01   0.0000000e+00
   2.8400000e+00   4.2197002e-01   0.0000000e+00
   2.8600000e+00   4.2169512e-01   0.0000000e+00
   2.8800000e+00   4.2167969e-01   0.0000000e+00
   2.9000000e+00   4.2127741e-01   0.0000000e+00
   2.9200000e+00   4.2080908e-01   0.0000000e+00
   2.9400000e+00   4.2027470e-01   0.0000000e+00
   2.9600000e+00   4.1974032e-01   0.0000000e+00
   2.9800000e+00   4.1917980e-01   0.0000000e+00
   3.0000000e+00   4.1859314e-01   0.0000000e+00
   3.0200000e+00   4.1752438e-01   0.0000000e+00
   3.0400000e+00   4.1669063e-01   0.0000000e+00
   3.0600000e+00   4.1609188e-01   0.0000000e+00
   3.0800000e+00   4.1520416e-01   0.0000000e+00
   3.1000000e+00   4.1434427e-01   0.0000000e+00
   3.1200000e+00   4.1351218e-01   0.0000000e+00
   3.1400000e+00   4.1297780e-01   0.0000000e+00
   3.1600000e+00   4.1244176e-01   0.0000000e+00
   3.1800000e+00   4.1190404e-01   0.0000000e+00
   3.2000000e+00   4.1083528e-01   0.0000000e+00
   3.2200000e+00   4.0976653e-01   0.0000000e+00
   3.2400000e+00   4.0869778e-01   0.0000000e+00
   3.2600000e+00   4.0762902e-01   0.0000000e+00
   3.2800000e+00   4.0665413e-01   0.0000000e+00
   3.3000000e+00   4.0577310e-01   0.0000000e+00
   3.3200000e+00   4.0523872e-01   0.0000000e+00
   3.3400000e+00   4.0470435e-01   0.0000000e+00
   3.3600000e+00   4.0416997e-01   0.0000000e+00
   3.3800000e+00   4.0363559e-01   0.0000000e+00
   3.4000000e+00   4.0291516e-01   0.0000000e+00
   3.4200000e+00   4.0200868e-01   0.0000000e+00
   3.4400000e+00   4.0145081e-01   0.0000000e+00
   3.4600000e+00   4.0110249e-01   0.0000000e+00
   3.4800000e+00   4.0096371e-01   0.0000000e+00
   3.5000000e+00   4.0045144e-01   0.0000000e+00
   3.5200000e+00   4.0019531e-01   0.0000000e+00
   3.5400000e+00   4.0019531e-01   0.0000000e+00
   3.5600000e+00   3.9975549e-01   0.0000000e+00
   2.0100000e+00   7.1856678e-01   1.0000000e+00
   2.0300000e+00   7.1643733e-01   1.0000000e+00
   2.0500000e+00   7.1451069e-01   1.0000000e+00
   2.0700000e+00   7.1278687e-01   1.0000000e+00
   2.0900000e+00   7.1088672e-01   1.0000000e+00
   2.1100000e+00   7.0913842e-01   1.0000000e+00
   2.1300000e+00   7.0754197e-01   1.0000000e+00
   2.1500000e+00   7.0700759e-01   1.0000000e+00
   2.1700000e+00   7.0647322e-01   1.0000000e+00
   2.1900000e+00   7.0593884e-01   1.0000000e+00
   2.2100000e+00   7.0492306e-01   1.0000000e+00
   2.2300000e+00   7.0406316e-01   1.0000000e+00
   2.2500000e+00   7.0335915e-01   1.0000000e+00
   2.2700000e+00   7.0216324e-01   1.0000000e+00
   2.2900000e+00   7.0058560e-01   1.0000000e+00
   2.3100000e+00   6.9862622e-01   1.0000000e+00
   2.3300000e+00   6.9666684e-01   1.0000000e+00
   2.3500000e+00   6.9470746e-01   1.0000000e+00
   2.3700000e+00   6.9274807e-01   1.0000000e+00
   2.3900000e+00   6.9078869e-01   1.0000000e+00
   2.4100000e+00   6.8882931e-01   1.0000000e+00
   2.4300000e+00   6.8686993e-01   1.0000000e+00
   2.4500000e+00   6.8491054e-01   1.0000000e+00
   2.4700000e+00   6.8301988e-01   1.0000000e+00
   2.4900000e+00   6.8119793e-01   1.0000000e+00
   2.5100000e+00   6.8012918e-01   1.0000000e+00
   2.5300000e+00   6.7831016e-01   1.0000000e+00
   2.5500000e+00   6.7574089e-01   1.0000000e+00
   2.5700000e+00   6.7383602e-01   1.0000000e+00
   2.5900000e+00   6.7234886e-01   1.0000000e+00
   2.6100000e+00   6.7127942e-01   1.0000000e+00
   2.6300000e+00   6.7029451e-01   1.0000000e+00
   2.6500000e+00   6.6876681e-01   1.0000000e+00
   2.6700000e+00   6.6669633e-01   1.0000000e+00
   2.6900000e+00   6.6562758e-01   1.0000000e+00
